"證券代號","證券名稱","成交股數","成交筆數","成交金額","開盤價","最高價","最低價","收盤價","漲跌(+/-)","漲跌價差","最後揭示買價","最後揭示買量","最後揭示賣價","最後揭示賣量","本益比",
="0050","元大台灣50","92,241,987","65,359","5,370,469,463","57.85","58.60","57.85","58.45","+","1.05","58.45","406","58.50","2,784","0.00",
="0051","元大中型100","155,074","292","13,457,314","87.35","87.35","86.30","86.75","+","0.45","86.60","2","86.65","1","0.00",
="0052","富邦科技","1,543,555","2,175","355,883,354","229.10","232.00","228.75","231.90","+","5.65","231.90","11","232.00","4","0.00",
="0053","元大電子","28,001","150","3,573,764","127.00","128.15","126.35","128.15","+","2.60","127.50","1","127.80","21","0.00",
="0055","元大MSCI金融","172,339","317","5,298,234","30.74","30.76","30.63","30.74"," ","0.00","30.74","38","30.75","2","0.00",
="0056","元大高股息","56,878,480","25,640","2,103,029,340","36.88","37.07","36.83","36.94","+","0.14","36.93","360","36.94","196","0.00",
="0057","富邦摩台","192,364","131","32,833,425","170.55","172.20","170.15","171.45","+","2.50","171.30","2","171.65","10","0.00",
="0061","元大寶滬深","857,320","441","18,293,002","21.35","21.59","21.21","21.27","-","0.12","21.27","29","21.28","2","0.00",
="006203","元大MSCI台灣","12,679","117","1,342,969","104.80","106.70","104.80","105.55","+","1.10","105.55","24","106.50","1","0.00",
="006204","永豐臺灣加權","4,885","119","651,587","133.10","133.75","133.10","133.75","+","1.50","133.45","1","133.90","20","0.00",
="006205","富邦上証","1,287,859","436","46,810,743","36.54","36.75","36.05","36.14","-","0.52","36.14","47","36.15","1","0.00",
="006206","元大上證50","258,473","133","8,623,163","33.59","33.73","33.15","33.28","-","0.32","33.26","84","33.29","4","0.00",
="006207","復華滬深","112,432","109","3,157,123","28.23","28.30","27.80","27.80","-","0.35","27.89","54","27.96","50","0.00",
="006208","富邦台50","9,801,060","13,338","1,331,017,962","135.25","136.70","135.05","136.30","+","2.60","136.25","87","136.30","190","0.00",
="00625K","富邦上証+R","0","0","0","--","--","--","--"," ","0.00","8.49","6","8.58","5","0.00",
="00631L","元大台灣50正2","4,572,235","5,461","1,377,680,856","298.90","304.40","297.50","302.45","+","7.55","302.30","16","302.45","19","0.00",
="00632R","元大台灣50反1","78,345,121","13,670","1,436,293,699","18.40","18.43","18.24","18.29","-","0.22","18.29","4,054","18.30","281","0.00",
="00633L","富邦上証正2","8,037,693","1,693","382,430,366","47.97","48.64","46.84","47.20","-","0.61","47.20","75","47.21","3","0.00",
="00634R","富邦上証反1","630,050","36","2,080,306","3.29","3.32","3.26","3.31","+","0.02","3.30","434","3.31","156","0.00",
="00635U","期元大S&P黃金","3,327,567","1,931","135,247,880","40.57","40.78","40.53","40.68","+","0.56","40.68","21","40.69","1","0.00",
="00636","國泰中國A50","4,988,261","679","124,480,408","25.14","25.30","24.83","24.90","-","0.24","24.89","243","24.90","2,311","0.00",
="00636K","國泰中國A50+U","200","2","1,654","8.27","8.27","8.27","8.27","-","0.04","8.24","2","8.33","2","0.00",
="00637L","元大滬深300正2","83,334,363","10,009","1,596,899,580","19.19","19.61","18.88","19.04","-","0.27","19.04","574","19.05","83","0.00",
="00638R","元大滬深300反1","1,005,629","131","6,975,433","6.86","6.97","6.84","6.93","+","0.02","6.93","100","6.94","9","0.00",
="00639","富邦深100","1,842,614","516","26,085,209","14.22","14.40","14.00","14.11","-","0.11","14.11","80","14.12","3","0.00",
="00640L","富邦日本正2","303,056","118","20,277,494","66.80","67.25","66.70","66.80","+","0.05","66.80","203","66.85","4","0.00",
="00641R","富邦日本反1","375,221","62","1,872,216","5.01","5.01","4.97","5.00","-","0.01","4.99","31","5.00","457","0.00",
="00642U","期元大S&P石油","11,270,919","2,391","180,150,923","16.02","16.04","15.95","16.00","-","0.19","15.99","16","16.00","2,295","0.00",
="00643","群益深証中小","4,174,357","397","65,746,334","15.90","16.08","15.56","15.68","-","0.21","15.68","44","15.71","1","0.00",
="00643K","群益深証中小+R","0","0","0","--","--","--","--"," ","0.00","3.72","1","3.73","1","0.00",
="00645","富邦日本","199,127","328","8,780,699","44.00","44.16","43.98","44.01","+","0.01","44.01","101","44.02","3","0.00",
="00646","元大S&P500","5,446,614","2,226","345,623,709","63.35","63.50","63.30","63.45","+","0.25","63.40","203","63.45","196","0.00",
="00647L","元大S&P500正2","70,768","331","7,852,917","110.80","111.10","110.75","110.95","+","0.85","110.90","61","110.95","3","0.00",
="00648R","元大S&P500反1","767,328","94","3,378,350","4.40","4.41","4.40","4.41","-","0.02","4.40","37","4.41","3,268","0.00",
="00650L","復華香港正2","7,615,716","1,476","138,007,900","18.43","18.45","17.95","18.02","-","0.28","18.02","574","18.04","2","0.00",
="00651R","復華香港反1","624,837","84","3,287,010","5.24","5.28","5.22","5.27","+","0.03","5.27","55","5.28","134","0.00",
="00652","富邦印度","254,625","449","9,102,858","35.99","35.99","35.63","35.65","-","0.35","35.65","2","35.70","50","0.00",
="00653L","富邦印度正2","363,289","183","20,344,294","56.50","56.50","55.65","55.65","-","0.95","55.65","87","55.70","5","0.00",
="00654R","富邦印度反1","109,023","16","688,254","6.29","6.33","6.29","6.33","+","0.04","6.31","186","6.33","165","0.00",
="00655L","國泰中國A50正2","4,905,857","846","162,668,855","33.03","33.80","32.52","32.79","-","0.48","32.79","230","32.81","1","0.00",
="00656R","國泰中國A50反1","278,009","34","1,696,114","6.11","6.17","6.05","6.17","+","0.06","6.13","981","6.15","669","0.00",
="00657","國泰日經225","147,336","126","7,902,893","53.60","53.75","53.55","53.65","+","0.10","53.65","116","53.75","93","0.00",
="00657K","國泰日經225+U","200","2","3,546","17.73","17.73","17.73","17.73","-","0.09","17.63","4","17.79","1","0.00",
="00660","元大歐洲50","69,981","253","2,761,065","39.49","39.52","39.42","39.42","-","0.13","39.43","58","39.46","1","0.00",
="00661","元大日經225","247,137","212","14,464,567","58.60","58.80","58.45","58.60","+","0.15","58.55","103","58.60","4","0.00",
="00662","富邦NASDAQ","7,119,214","2,590","685,713,833","96.35","96.40","96.15","96.40","+","0.50","96.35","16","96.40","592","0.00",
="00663L","國泰臺灣加權正2","6,387,332","2,824","251,212,224","39.07","39.80","38.90","39.49","+","0.95","39.48","10","39.49","136","0.00",
="00664R","國泰臺灣加權反1","24,096,478","1,670","71,380,667","2.97","2.99","2.95","2.96","-","0.03","2.96","372","2.97","1,105","0.00",
="00665L","富邦恒生國企正2","37,162,985","4,280","435,756,859","11.94","11.95","11.60","11.65","-","0.24","11.65","1,221","11.66","26","0.00",
="00666R","富邦恒生國企反1","221,106","45","1,895,355","8.50","8.61","8.48","8.60","+","0.09","8.58","156","8.60","94","0.00",
="00668","國泰美國道瓊","73,449","116","3,751,883","51.05","51.10","51.00","51.05"," ","0.00","51.05","200","51.10","2","0.00",
="00668K","國泰美國道瓊+U","200","2","3,388","16.94","16.94","16.94","16.94","+","0.03","--","0","--","0","0.00",
="00669R","國泰美國道瓊反1","788,469","115","4,581,440","5.82","5.82","5.80","5.81","-","0.03","5.81","1,401","5.82","2,930","0.00",
="00670L","富邦NASDAQ正2","623,766","930","99,352,136","159.15","159.45","159.05","159.20","+","1.65","159.20","176","159.25","11","0.00",
="00671R","富邦NASDAQ反1","4,841,477","250","14,098,598","2.91","2.92","2.91","2.92","-","0.01","2.91","7,878","2.92","11,050","0.00",
="00673R","期元大S&P原油反1","16,058,234","1,000","108,286,069","6.72","6.77","6.72","6.75","+","0.09","6.74","12,789","6.75","300","0.00",
="00674R","期元大S&P黃金反1","2,926,318","381","19,858,073","6.80","6.81","6.77","6.80","-","0.09","6.79","41","6.80","583","0.00",
="00675L","富邦臺灣加權正2","3,377,520","3,221","404,679,250","118.95","121.10","118.35","120.30","+","2.95","120.25","5","120.30","193","0.00",
="00676R","富邦臺灣加權反1","3,988,077","671","40,166,688","10.11","10.12","10.01","10.05","-","0.12","10.05","50","10.07","1,401","0.00",
="00678","群益那斯達克生技","217,653","84","6,183,457","28.40","28.42","28.40","28.42","+","0.04","28.42","4","28.45","1","0.00",
="00680L","元大美債20正2","23,921,508","1,075","175,645,175","7.35","7.36","7.33","7.35","+","0.01","7.34","4,239","7.35","440","0.00",
="00681R","元大美債20反1","69,001","15","1,416,260","20.53","20.54","20.52","20.52","-","0.04","20.52","76","20.55","12","0.00",
="00682U","期元大美元指數","10,000","6","198,870","19.86","19.94","19.86","19.89","X","0.00","19.89","12","19.93","22","0.00",
="00683L","期元大美元指正2","66,603","34","1,342,877","20.19","20.20","20.15","20.19","-","0.19","20.19","4","20.20","4","0.00",
="00684R","期元大美元指反1","1,000","1","15,860","15.86","15.86","15.86","15.86","+","0.08","15.85","6","15.86","75","0.00",
="00685L","群益臺灣加權正2","602,794","506","64,871,444","106.80","108.75","106.45","108.15","+","2.70","108.10","5","108.15","151","0.00",
="00686R","群益臺灣加權反1","3,754,769","301","6,768,306","1.81","1.81","1.79","1.80","-","0.02","1.80","268","1.81","1,240","0.00",
="00688L","國泰20年美債正2","11,914,833","568","87,149,263","7.31","7.33","7.30","7.33","+","0.02","7.32","36","7.33","3,225","0.00",
="00689R","國泰20年美債反1","125,521","4","2,648,534","21.10","21.10","21.10","21.10","-","0.02","21.10","103","21.13","108","0.00",
="00690","兆豐藍籌30","733,951","374","30,257,479","41.00","41.45","41.00","41.23","+","0.33","41.23","15","41.26","7","0.00",
="00692","富邦公司治理","2,244,364","2,161","118,101,658","52.40","52.95","52.35","52.80","+","0.85","52.75","50","52.80","120","0.00",
="00693U","期街口S&P黃豆","2,812,259","768","55,332,631","19.68","19.74","19.63","19.68","-","0.34","19.67","38","19.68","150","0.00",
="00700","富邦恒生國企","725,664","407","13,277,929","18.50","18.50","18.23","18.26","-","0.24","18.26","84","18.31","188","0.00",
="00701","國泰股利精選30","2,587,786","1,145","71,522,577","27.67","27.69","27.59","27.64","-","0.07","27.64","100","27.65","11","0.00",
="00702","國泰標普低波高息","24,986","133","561,664","22.50","22.52","22.47","22.47","-","0.09","22.47","2","22.49","5","0.00",
="00703","台新MSCI中國","186,235","133","4,041,434","21.87","22.00","21.64","21.68","-","0.32","21.68","20","21.70","1","0.00",
="00706L","期元大S&P日圓正2","3,612,514","353","21,222,914","5.88","5.89","5.86","5.87","+","0.03","5.86","8,315","5.87","144","0.00",
="00707R","期元大S&P日圓反1","0","0","0","--","--","--","--"," ","0.00","29.01","32","29.12","27","0.00",
="00708L","期元大S&P黃金正2","3,735,109","1,480","263,148,623","70.25","70.80","70.05","70.40","+","1.85","70.40","201","70.45","40","0.00",
="00709","富邦歐洲","136,999","276","4,552,660","33.27","33.31","33.15","33.21","-","0.02","33.21","1","33.24","6","0.00",
="00710B","復華彭博非投等債","175,572","81","3,236,862","18.40","18.45","18.39","18.42","-","0.03","18.42","21","18.43","1","0.00",
="00711B","復華彭博新興債","149,944","122","2,358,417","15.73","15.74","15.71","15.72","-","0.01","15.72","28","15.74","2","0.00",
="00712","復華富時不動產","78,546,017","18,281","681,719,478","8.70","8.71","8.66","8.69","-","0.15","8.68","2,869","8.69","1,382","0.00",
="00713","元大台灣高息低波","12,537,691","7,923","644,027,421","51.35","51.50","51.25","51.35"," ","0.00","51.35","32","51.40","247","0.00",
="00714","群益道瓊美國地產","349,188","109","6,897,420","19.78","19.78","19.71","19.76","-","0.02","19.76","75","19.77","1","0.00",
="00715L","期街口布蘭特正2","139,796,128","14,833","1,533,320,986","11.02","11.03","10.91","10.98","-","0.25","10.97","523","10.98","163","0.00",
="00717","富邦美國特別股","84,727","136","1,262,952","14.95","14.95","14.88","14.91","-","0.05","14.90","16","14.91","19","0.00",
="00728","第一金工業30","270,184","280","9,252,031","34.00","34.47","34.00","34.33","+","0.44","34.30","1","34.33","4","0.00",
="00730","富邦臺灣優質高息","414,720","451","10,258,948","24.82","24.87","24.68","24.77","-","0.05","24.77","3","24.83","4","0.00",
="00731","復華富時高息低波","538,613","581","36,592,328","67.70","68.00","67.60","67.95","+","0.25","67.95","29","68.00","77","0.00",
="00733","富邦臺灣中小","1,810,350","1,547","86,732,135","47.79","48.15","47.56","47.71","+","0.10","47.70","1","47.71","18","0.00",
="00735","國泰臺韓科技","562,032","247","23,916,047","42.20","42.69","42.20","42.66","+","0.64","42.66","3","42.70","24","0.00",
="00736","國泰新興市場","274,832","130","7,208,551","26.40","26.40","26.10","26.10","-","0.25","26.00","1","26.10","38","0.00",
="00737","國泰AI機器人","1,049,806","345","37,481,307","35.48","35.81","35.48","35.77","+","0.59","35.77","10","35.78","6","0.00",
="00738U","期元大道瓊白銀","3,388,302","1,118","124,135,173","36.65","36.77","36.45","36.75","+","0.32","36.75","2","36.76","3","0.00",
="00739","元大MSCI A股","116,548","128","2,944,613","25.55","25.60","25.07","25.17","-","0.28","25.17","99","25.28","20","0.00",
="00752","中信中國50","9,672,083","2,227","254,844,163","26.74","26.75","26.23","26.30","-","0.40","26.30","189","26.31","2","0.00",
="00753L","中信中國50正2","35,703,052","5,531","473,021,344","13.56","13.57","13.07","13.10","-","0.37","13.10","1,660","13.11","13","0.00",
="00757","統一FANG+","8,578,380","7,079","1,012,672,555","118.30","118.30","117.95","118.00","-","0.15","118.00","22","118.05","8","0.00",
="00762","元大全球AI","770,036","864","63,349,833","82.50","82.50","82.05","82.05","+","0.05","82.05","20","82.10","37","0.00",
="00763U","期街口道瓊銅","490,981","239","12,579,222","25.67","25.68","25.57","25.59","-","0.06","25.59","177","25.60","2","0.00",
="00770","國泰北美科技","500,868","882","27,089,158","54.05","54.15","54.00","54.10","+","0.40","54.10","1","54.15","41","0.00",
="00771","元大US高息特別股","129,507","109","2,072,848","16.05","16.05","16.00","16.00","-","0.04","16.00","4","16.04","8","0.00",
="00775B","新光投等債15+","2,041","6","64,985","31.86","31.86","31.81","31.81","X","0.00","31.79","25","31.84","1","0.00",
="00783","富邦中証500","320,286","49","7,482,471","23.56","23.65","23.10","23.21","-","0.33","23.22","71","23.30","39","0.00",
="00830","國泰費城半導體","23,610,496","4,774","1,160,847,157","49.15","49.22","49.10","49.19","+","0.59","49.18","330","49.19","66","0.00",
="00850","元大臺灣ESG永續","1,130,961","1,427","57,858,216","51.00","51.40","50.90","51.20","+","0.60","51.15","32","51.20","13","0.00",
="00851","台新全球AI","1,050,944","163","58,245,148","55.20","55.55","55.20","55.50","+","0.35","55.45","4","55.50","17","0.00",
="00852L","國泰美國道瓊正2","203,529","81","5,752,102","28.27","28.30","28.23","28.27","+","0.14","28.27","228","28.28","101","0.00",
="00861","元大全球未來通訊","89,682","230","4,379,821","48.71","48.92","48.71","48.88","+","0.50","48.88","9","48.91","1","0.00",
="00865B","國泰US短期公債","1,358,954","407","61,013,153","45.00","45.00","44.84","44.91","-","0.04","44.90","526","44.91","215","0.00",
="00875","國泰網路資安","138,234","367","5,502,625","39.79","39.84","39.79","39.83","+","0.14","39.83","90","39.84","8","0.00",
="00876","元大全球5G","3,816,032","318","170,053,936","44.46","44.72","44.41","44.50","+","0.32","44.50","75","44.51","2","0.00",
="00878","國泰永續高股息","64,651,475","22,568","1,386,287,429","21.41","21.52","21.35","21.43","+","0.05","21.43","881","21.44","954","0.00",
="00881","國泰台灣科技龍頭","15,615,815","7,999","457,407,220","29.24","29.40","29.12","29.31","+","0.38","29.30","1,189","29.31","232","0.00",
="00882","中信中國高股息","36,852,498","8,944","511,762,989","14.05","14.06","13.80","13.84","-","0.21","13.84","385","13.85","1,596","0.00",
="00885","富邦越南","7,567,821","1,910","118,855,955","15.72","15.76","15.66","15.73","-","0.04","15.73","28","15.74","36","0.00",
="00891","中信關鍵半導體","5,406,495","2,440","100,712,751","18.66","18.69","18.52","18.62","+","0.10","18.61","256","18.62","356","0.00",
="00892","富邦台灣半導體","1,956,252","1,040","38,640,227","19.76","19.83","19.60","19.75","+","0.22","19.74","100","19.75","3","0.00",
="00893","國泰智能電動車","2,022,916","1,235","58,262,345","28.82","28.86","28.73","28.78","+","0.28","28.78","126","28.79","200","0.00",
="00894","中信小資高價30","2,126,593","816","52,182,930","24.61","24.63","24.45","24.51","+","0.16","24.50","36","24.51","91","0.00",
="00895","富邦未來車","1,327,205","1,242","47,057,331","35.25","35.52","35.25","35.49","+","0.63","35.47","1","35.49","4","0.00",
="00896","中信綠能及電動車","1,750,246","702","32,450,611","18.51","18.61","18.49","18.51","+","0.09","18.51","73","18.52","3","0.00",
="00897","富邦基因免疫生技","682,756","289","5,050,434","7.39","7.41","7.38","7.41","+","0.07","7.39","110","7.41","74","0.00",
="00898","國泰基因免疫革命","431,476","184","2,890,806","6.69","6.71","6.69","6.69"," ","0.00","6.69","87","6.70","141","0.00",
="00899","FT潔淨能源","532,341","276","9,415,674","17.60","17.78","17.60","17.78","+","0.53","17.78","32","17.79","30","0.00",
="00900","富邦特選高股息30","15,148,441","4,389","205,822,857","13.64","13.65","13.56","13.58","-","0.05","13.58","202","13.59","148","0.00",
="00901","永豐智能車供應鏈","376,994","257","9,474,385","25.05","25.25","25.03","25.15","+","0.30","25.15","1","25.17","3","0.00",
="00902","中信電池及儲能","6,221,498","1,044","68,675,621","10.97","11.15","10.92","11.00","+","0.05","11.00","64","11.01","61","0.00",
="00903","富邦元宇宙","626,355","433","10,675,276","17.04","17.06","17.03","17.04","+","0.12","17.04","245","17.05","35","0.00",
="00904","新光臺灣半導體30","668,017","385","13,538,701","20.32","20.35","20.13","20.26","+","0.16","20.26","17","20.27","80","0.00",
="00905","FT臺灣Smart","2,669,281","1,424","43,107,088","16.11","16.21","16.07","16.16","+","0.17","16.16","13","16.17","67","0.00",
="00907","永豐優息存股","1,684,363","443","26,023,148","15.44","15.50","15.41","15.45","+","0.03","15.45","36","15.47","125","0.00",
="00908","富邦入息REITs+","488,766","82","6,559,377","13.45","13.45","13.40","13.42","-","0.07","13.41","169","13.42","8","0.00",
="00909","國泰數位支付服務","3,180,122","2,967","134,741,868","42.19","42.46","42.19","42.42","+","1.07","42.41","28","42.42","25","0.00",
="00910","第一金太空衛星","1,728,201","3,051","68,089,615","39.40","39.50","39.29","39.37","+","0.36","39.37","10","39.39","60","0.00",
="00911","兆豐洲際半導體","490,189","863","13,917,241","28.30","28.42","28.30","28.40","+","0.34","28.40","9","28.41","24","0.00",
="00912","中信臺灣智慧50","1,167,233","432","23,786,187","20.32","20.47","20.30","20.41","+","0.21","20.41","98","20.42","8","0.00",
="00913","兆豐台灣晶圓製造","234,467","73","5,110,766","21.86","21.94","21.74","21.86","+","0.20","21.84","2","21.86","2","0.00",
="00915","凱基優選高股息30","6,181,576","2,080","141,390,972","22.88","22.94","22.80","22.85","-","0.05","22.84","16","22.86","298","0.00",
="00916","國泰全球品牌50","347,731","393","9,100,049","26.11","26.20","26.11","26.18","+","0.12","26.18","129","26.19","9","0.00",
="00917","中信特選金融","202,190","189","4,753,169","23.49","23.52","23.49","23.51","+","0.03","23.51","39","23.52","88","0.00",
="00918","大華優利高填息30","16,241,723","5,861","366,771,356","22.60","22.65","22.52","22.56","-","0.02","22.55","187","22.56","181","0.00",
="00919","群益台灣精選高息","82,372,466","28,862","1,765,980,529","21.48","21.51","21.39","21.44","-","0.02","21.43","1,374","21.44","447","0.00",
="00920","富邦ESG綠色電力","356,593","204","5,719,453","15.95","16.06","15.95","16.03","+","0.24","16.00","12","16.03","151","0.00",
="00921","兆豐龍頭等權重","986,397","274","17,176,529","17.43","17.46","17.38","17.39","-","0.03","17.39","9","17.40","9","0.00",
="00922","國泰台灣領袖50","10,057,494","4,374","248,118,250","24.58","24.79","24.54","24.73","+","0.34","24.72","32","24.73","33","0.00",
="00923","群益台ESG低碳50","5,063,652","2,177","118,638,434","23.38","23.53","23.29","23.46","+","0.29","23.45","12","23.46","106","0.00",
="00924","復華S&P500成長","6,289,122","2,342","174,335,693","27.69","27.74","27.68","27.73","+","0.21","27.73","41","27.74","31","0.00",
="00926","凱基全球菁英55","933,405","534","21,133,004","22.64","22.66","22.61","22.65","+","0.16","22.65","230","22.66","175","0.00",
="00927","群益半導體收益","6,691,072","1,891","133,407,275","20.08","20.08","19.83","19.92","+","0.01","19.91","43","19.92","51","0.00",
="00929","復華台灣科技優息","81,473,708","15,061","1,542,211,356","18.92","19.00","18.81","18.92","+","0.05","18.92","322","18.93","1,362","0.00",
="00930","永豐ESG低碳高息","1,357,514","577","23,829,792","17.52","17.60","17.48","17.54","+","0.02","17.53","8","17.54","13","0.00",
="00932","兆豐永續高息等權","941,364","353","13,985,747","14.93","14.93","14.80","14.80","-","0.10","14.80","48","14.81","8","0.00",
="00934","中信成長高股息","2,979,717","854","60,156,039","20.26","20.28","20.15","20.17","-","0.03","20.17","416","20.18","26","0.00",
="00935","野村臺灣新科技50","5,297,076","1,991","141,118,107","26.68","26.74","26.54","26.60","+","0.15","26.59","53","26.60","17","0.00",
="00936","台新永續高息中小","2,752,376","713","44,000,188","16.03","16.07","15.93","16.00","-","0.01","15.99","100","16.00","97","0.00",
="00938","凱基優選30","1,030,717","324","16,490,758","15.95","16.06","15.91","16.02","+","0.15","16.01","12","16.02","18","0.00",
="00939","統一台灣高息動能","18,524,571","2,941","264,107,298","14.25","14.29","14.19","14.24","+","0.03","14.24","2,065","14.25","119","0.00",
="00940","元大台灣價值高息","75,509,669","9,300","721,662,148","9.54","9.58","9.52","9.55","+","0.03","9.55","2,270","9.56","4,016","0.00",
="00941","中信上游半導體","13,266,107","3,046","203,324,405","15.30","15.35","15.27","15.31","+","0.14","15.31","109","15.32","133","0.00",
="00943","兆豐電子高息等權","324,042","134","4,853,002","15.04","15.05","14.87","14.87","-","0.12","14.87","5","14.88","2","0.00",
="00944","野村趨勢動能高息","1,131,601","285","16,430,834","14.50","14.54","14.46","14.48","-","0.04","14.47","417","14.48","4","0.00",
="00945B","凱基美國非投等債","4,447,873","681","62,301,988","14.03","14.03","13.99","14.01","-","0.02","14.01","226","14.02","139","0.00",
="00946","群益科技高息成長","9,547,672","1,883","99,502,209","10.43","10.45","10.36","10.39"," ","0.00","10.39","1,529","10.40","487","0.00",
="00947","台新臺灣IC設計","2,998,234","1,741","47,022,211","15.76","15.79","15.62","15.69","+","0.03","15.69","11","15.70","19","0.00",
="00949","復華日本龍頭","958,954","463","16,675,553","17.43","17.44","17.35","17.37","+","0.06","17.37","535","17.38","144","0.00",
="00951","台新日本半導體","8,654,718","972","87,526,875","10.16","10.16","10.08","10.10","+","0.04","10.10","222","10.11","63","0.00",
="00952","凱基台灣AI50","4,280,892","813","48,226,062","11.26","11.32","11.17","11.24","+","0.06","11.24","26","11.25","502","0.00",
="00953B","群益優選非投等債","26,737,527","3,912","253,333,157","9.48","9.48","9.46","9.48"," ","0.00","9.47","11,035","9.48","1,320","0.00",
="00954","中信日本半導體","2,541,464","401","27,067,853","10.64","10.68","10.63","10.64","+","0.02","10.64","303","10.65","64","0.00",
="00956","中信日經高股息","301,279","170","3,186,405","10.57","10.59","10.57","10.57","+","0.01","10.56","348","10.57","7","0.00",
="00960","野村全球航運龍頭","578,729","441","8,214,804","14.26","14.26","14.15","14.18","-","0.08","14.17","5","14.18","124","0.00",
="00961","FT臺灣永續高息","10,180,323","1,114","95,771,244","9.43","9.44","9.38","9.39","-","0.03","9.39","541","9.40","22","0.00",
="00962","台新AI優息動能","1,170,156","289","12,509,990","10.65","10.76","10.65","10.69","+","0.05","10.68","376","10.70","13","0.00",
="00963","中信全球高股息","1,736,700","419","18,399,939","10.63","10.63","10.58","10.59","-","0.03","10.59","514","10.60","424","0.00",
="00964","中信亞太高股息","568,434","63","6,173,317","10.92","10.92","10.81","10.81","-","0.07","10.81","150","10.83","280","0.00",
="00965","元大航太防衛科技","3,266,652","2,178","71,168,585","21.80","21.84","21.75","21.79","+","0.08","21.78","74","21.79","7","0.00",
="00971","野村美國研發龍頭","877,746","409","14,128,238","16.10","16.11","16.07","16.09","+","0.06","16.08","218","16.09","5","0.00",
="00972","野村日本動能高息","171,450","50","2,839,077","16.54","16.59","16.53","16.56"," ","0.00","16.55","105","16.56","2","0.00",
="009800","中信NASDAQ","2,111,187","883","21,981,625","10.40","10.42","10.39","10.41","+","0.04","10.41","205","10.42","391","0.00",
="009801","中信美國創新科技","1,422,702","893","15,434,427","10.85","10.86","10.83","10.84","+","0.08","10.84","793","10.85","174","0.00",
="009802","富邦旗艦50","5,442,840","848","58,286,546","10.71","10.74","10.68","10.69","+","0.01","10.68","2,190","10.69","59","0.00",
="009803","保德信市值動能50","3,224,181","512","38,497,981","11.94","12.01","11.88","11.99","+","0.17","11.98","17","11.99","19","0.00",
="009804","聯邦台精彩50","1,318,851","445","17,594,585","13.30","13.41","13.28","13.36","+","0.15","13.35","48","13.36","290","0.00",
="009805","新光美國電力基建","12,363,898","2,775","147,923,216","11.96","12.00","11.94","12.00","+","0.22","12.00","577","12.01","284","0.00",
="009808","華南永昌優選50","1,756,968","124","32,296,391","18.34","18.49","18.34","18.45","+","0.20","18.44","414","18.45","120","0.00",
="00980A","主動野村臺灣優選","8,395,347","1,979","114,757,443","13.69","13.72","13.60","13.65","+","0.05","13.65","29","13.66","104","0.00",
="009810","保德信全球藍籌","509,857","163","8,624,379","16.88","16.93","16.88","16.91","+","0.11","16.90","337","16.91","3","0.00",
="009811","統一美國50","9,317,024","2,237","103,066,642","11.07","11.07","11.05","11.06","+","0.06","11.06","91","11.07","1,377","0.00",
="009812","野村日本東證","6,132,267","1,254","61,569,786","10.03","10.05","10.02","10.04","+","0.02","10.03","216","10.04","15","0.00",
="00981A","主動統一台股增長","69,014,591","10,736","958,446,854","13.97","13.99","13.80","13.83","+","0.02","13.83","632","13.84","675","0.00",
="00982A","主動群益台灣強棒","46,273,560","8,139","607,328,139","13.17","13.20","13.04","13.08","+","0.09","13.07","518","13.08","598","0.00",
="00983A","主動中信ARK創新","7,533,622","2,477","93,296,704","12.41","12.41","12.37","12.37","-","0.03","12.37","1,108","12.38","428","0.00",
="00984A","主動安聯台灣高息","6,898,363","1,223","72,603,958","10.56","10.58","10.50","10.50","-","0.02","10.50","495","10.51","442","0.00",
="00985A","主動野村台灣50","13,511,939","2,804","155,599,517","11.52","11.57","11.45","11.52","+","0.12","11.51","216","11.52","646","0.00",
="00985B","群益ESG投等債0-5","7,714,627","722","76,187,709","9.89","9.89","9.86","9.88","-","0.01","9.88","414","9.89","9,193","0.00",
="00986A","主動台新龍頭成長","2,859,875","577","30,571,408","10.71","10.71","10.66","10.69","+","0.01","10.68","21","10.69","8","0.00",
="01001T","土銀富邦R1","7,001","6","88,073","12.58","12.58","12.58","12.58","X","0.00","12.46","2","12.58","15","0.00",
="01002T","土銀國泰R1","23,007","7","338,485","14.70","14.77","14.70","14.77","+","0.13","14.65","1","14.79","12","0.00",
="01004T","土銀富邦R2","405,502","38","4,582,980","11.31","11.38","11.28","11.38","-","0.03","11.35","1","11.38","5","0.00",
="01007T","兆豐國泰R2","6,002","3","85,180","14.18","14.25","14.18","14.25","-","0.01","14.19","4","14.21","1","0.00",
="01009T","王道圓滿R1","17,684","28","125,793","7.07","7.14","7.07","7.13","+","0.01","7.10","6","7.13","1","0.00",
="01010T","京城樂富R1","60,003","5","601,130","10.02","10.02","10.01","10.01","-","0.01","10.01","30","10.02","7","0.00",
="020000","富邦特選蘋果N","0","0","0","--","--","--","--"," ","0.00","15.65","10","15.70","10","0.00",
="020011","統一微波高息20N","0","0","0","--","--","--","--"," ","0.00","10.75","231","10.77","285","0.00",
="020012","富邦行動通訊N","0","0","0","--","--","--","--"," ","0.00","12.84","10","12.89","10","0.00",
="02001L","富邦蘋果正二N","150,000","45","6,206,640","41.19","41.55","41.05","41.22","+","0.53","41.00","2","41.15","10","0.00",
="02001R","富邦蘋果反一N","161,000","9","156,480","0.98","0.98","0.97","0.97","-","0.02","0.97","86","0.98","100","0.00",
="02001S","策元大加權策略N","0","0","0","--","--","--","--"," ","0.00","8.61","150","8.63","150","0.00",
="020020","元大台股領航N","46,000","11","666,790","14.49","14.51","14.48","14.49","+","0.08","14.49","498","14.50","499","0.00",
="020028","元大特選電動車N","93,000","9","1,131,500","12.15","12.20","12.15","12.20","+","0.14","12.13","499","12.14","499","0.00",
="020029","元大ESG高股息N","75,000","10","716,790","9.60","9.60","9.54","9.58","-","0.02","9.55","500","9.56","499","0.00",
="020030","統一智慧電動車N","17,000","8","136,030","8.00","8.01","7.99","7.99","+","0.06","7.98","271","8.00","224","0.00",
="020031","統一IC設計臺灣N","1,000","1","6,360","6.36","6.36","6.36","6.36"," ","0.00","6.34","270","6.36","268","0.00",
="020032","元大綠能N","11,000","9","80,770","7.35","7.35","7.34","7.34","-","0.01","7.33","499","7.34","499","0.00",
="020034","元大IC設計N","38,000","11","290,560","7.69","7.69","7.61","7.61","-","0.12","7.62","499","7.63","499","0.00",
="020036","元大金融配息N","0","0","0","--","--","--","--"," ","0.00","7.25","200","7.26","200","0.00",
="020037","元大金融高股息N","3,000","2","23,170","7.69","7.74","7.69","7.74"," ","0.00","7.72","499","7.73","499","0.00",
="020038","元大ESG配息N","9,000","7","71,230","7.92","7.93","7.90","7.90","-","0.03","7.90","497","7.91","499","0.00",
="020039","元大加權N","27,000","15","222,900","8.22","8.28","8.22","8.27","+","0.12","8.25","100","8.27","99","0.00",
="030001","大同凱基51購02","8,000","3","20,040","2.56","2.56","2.48","2.48","-","0.03","2.66","10","2.68","10","39.85",
="030002","漢唐凱基51購07","0","0","0","--","--","--","--"," ","0.00","4.57","10","4.67","10","987.00",
="030003","京元電凱基53購03","0","0","0","--","--","--","--"," ","0.00","3.70","100","3.80","10","167.00",
="030004","欣興凱基54購02","41,000","9","97,420","2.36","2.43","2.33","2.33","+","0.06","2.30","100","--","0","159.00",
="030005","牧德凱基51購04","0","0","0","--","--","--","--"," ","0.00","1.62","10","1.72","10","544.00",
="030006","智易凱基51購02","0","0","0","--","--","--","--"," ","0.00","1.59","10","1.61","10","223.00",
="030007","世芯凱基51購23","19,000","6","18,470","1.04","1.04","0.93","0.93","-","0.27","0.91","100","0.93","10","3,700.00",
="030008","貿聯凱基51購11","33,000","2","123,270","3.74","3.74","3.69","3.69","-","0.33","3.55","100","3.65","10","1,085.00",
="030009","jpp凱基51購01","262,000","31","673,360","2.70","2.70","2.45","2.57","-","0.07","2.56","10","2.66","10","286.50",
="030010","訊芯凱基51購01","101,000","13","170,530","1.70","1.76","1.62","1.62","+","0.01","1.57","100","1.67","10","164.50",
="030011","力積電凱基51購02","21,000","3","118,500","5.50","5.80","5.50","5.50","+","1.14","5.90","499","--","0","23.45",
="030012","AES凱基57購02","5,000","1","8,400","1.68","1.68","1.68","1.68","X","0.00","1.65","100","1.67","10","1,195.00",
="030013","泓德凱基51購01","0","0","0","--","--","--","--"," ","0.00","0.06","10","0.14","5","125.50",
="030014","世紀鋼凱基53購02","0","0","0","--","--","--","--"," ","0.00","0.74","10","0.76","10","171.50",
="030015","臺股指凱基51購30","17,000","5","61,050","3.58","3.81","3.55","3.81","+","0.48","3.73","100","3.74","10","0.00",
="030016","南亞群益51購01","75,000","14","131,080","1.60","1.86","1.42","1.42","-","0.08","0.53","18","--","0","39.80",
="030017","南亞群益51購02","268,000","10","391,620","1.84","1.90","1.36","1.36","-","0.14","1.30","10","--","0","39.80",
="030018","台化群益51購03","0","0","0","--","--","--","--"," ","0.00","1.25","25","1.26","10","28.95",
="030019","聚陽群益51購01","33,000","2","75,230","2.27","2.28","2.27","2.28","X","0.00","0.54","4","--","0","294.00",
="03001U","臺股指凱基57售01","421,000","17","320,540","0.76","0.77","0.74","0.74","-","0.07","0.74","100","0.75","10","0.00",
="030020","華城群益51購08","3,000","1","3,000","1.00","1.00","1.00","1.00","-","0.04","0.35","28","--","0","586.00",
="030021","台玻群益56購01","0","0","0","--","--","--","--"," ","0.00","0.65","30","--","0","25.95",
="030022","大成鋼群益51購05","0","0","0","--","--","--","--"," ","0.00","0.73","10","0.83","10","37.90",
="030023","光寶科群益51購02","52,000","9","236,090","4.53","4.70","4.33","4.70","-","0.03","4.70","2","--","0","183.00",
="030024","光寶科群益53購01","47,000","16","253,740","5.50","5.70","4.60","5.65","+","0.15","5.05","25","5.65","1","183.00",
="030025","鴻海群益53購10","1,267,000","62","3,460,880","2.62","2.85","2.62","2.77","+","0.33","2.77","95","2.81","100","221.00",
="030026","台積電群益51購26","8,000","6","33,170","3.99","4.31","3.99","4.31","+","0.94","4.29","2","5.00","1","1,340.00",
="030027","台積電群益51購27","13,000","4","47,210","3.47","3.87","3.47","3.87","+","0.90","3.89","8","--","0","1,340.00",
="030028","台積電群益51購28","65,000","5","164,300","2.48","2.69","2.48","2.69","+","0.60","2.53","10","--","0","1,340.00",
="030029","智邦群益51購10","14,000","3","43,690","3.03","3.14","3.03","3.12","+","0.24","3.03","100","3.13","100","1,005.00",
="03002U","元債2X元大4B售05","50,000","1","13,500","0.27","0.27","0.27","0.27","X","0.00","0.26","250","0.27","100","0.00",
="030030","鴻準群益51購02","10,000","1","43,200","4.32","4.32","4.32","4.32","+","0.03","4.26","10","4.36","10","70.70",
="030031","華碩群益51購03","35,000","3","45,870","1.29","1.35","1.29","1.35","+","0.07","0.29","34","--","0","684.00",
="030032","全新群益51購02","29,000","2","40,790","1.41","1.41","1.31","1.31","-","0.25","0.60","83","--","0","160.00",
="030033","奇鋐群益51購10","7,000","5","17,520","2.55","2.55","2.44","2.44","+","0.18","2.21","499","2.31","10","1,015.00",
="030034","亞光群益51購05","68,000","9","258,880","4.02","4.02","3.70","3.70","-","0.37","3.69","100","3.76","100","161.50",
="030035","信邦群益51購02","56,000","12","75,780","1.40","1.40","1.34","1.35","-","0.01","1.31","1","1.40","8","236.50",
="030036","欣興群益51購07","11,000","2","20,550","1.87","1.87","1.85","1.85"," ","0.00","1.80","25","1.90","10","159.00",
="030037","景碩群益57購01","754,000","25","869,020","1.18","1.20","1.07","1.07","-","0.05","1.08","5","--","0","111.50",
="030038","玉晶光群益53購03","48,000","4","47,370","1.00","1.00","0.98","1.00","-","0.04","1.00","1","--","0","443.50",
="030039","創意群益51購08","153,000","11","210,070","1.31","1.50","1.29","1.50","+","0.18","0.43","23","1.50","4","1,315.00",
="03003U","元債2X元大53售05","0","0","0","--","--","--","--"," ","0.00","0.36","250","0.37","100","0.00",
="030040","群創群益57購01","558,000","9","710,060","1.29","1.33","1.24","1.31","+","0.03","1.32","100","1.33","10","14.15",
="030041","華擎群益51購02","0","0","0","--","--","--","--"," ","0.00","1.93","25","2.03","10","278.00",
="030042","世芯群益51購20","210,000","5","235,300","1.16","1.16","1.05","1.05","-","0.16","0.28","35","--","0","3,700.00",
="030043","貿聯群益51購05","48,000","6","316,100","6.75","6.75","6.10","6.10","-","0.50","2.79","7","--","0","1,085.00",
="030044","臻鼎群益57購01","0","0","0","--","--","--","--"," ","0.00","--","0","2.67","10","171.50",
="030045","瀚宇博群益51購03","94,000","29","289,340","3.37","3.52","2.53","2.53","-","0.97","1.90","10","4.68","13","104.00",
="030046","邁達特群益51購03","16,000","3","8,340","0.54","0.54","0.50","0.50","-","0.02","0.16","62","0.55","5","51.40",
="030047","聯茂群益54購01","147,000","18","156,070","1.05","1.13","0.99","1.00","-","0.06","0.90","39","1.24","6","111.50",
="030048","愛普群益51購05","24,000","2","45,200","1.81","1.97","1.81","1.97","-","0.03","0.66","15","--","0","344.00",
="030049","緯穎群益51購08","34,000","8","104,520","3.13","3.19","3.00","3.07","-","0.05","2.80","2","--","0","3,140.00",
="03004U","道瓊2X元大53售01","199,000","2","47,760","0.24","0.24","0.24","0.24","X","0.00","0.23","250","0.24","100","0.00",
="030050","AES群益53購01","184,000","21","292,080","1.68","1.68","1.51","1.51","-","0.05","1.49","105","1.52","100","1,195.00",
="030051","富世達群益51購08","455,000","19","1,242,150","2.65","3.08","2.59","2.79","+","0.36","0.83","24","--","0","1,010.00",
="030052","南電群益53購05","1,958,000","95","4,282,550","2.06","2.36","1.99","2.03","-","0.03","2.01","10","2.11","10","234.50",
="030053","臺指2X中信53購02","679,000","26","1,407,580","2.00","2.15","1.97","2.10","+","0.20","2.08","499","2.09","100","0.00",
="030054","台塑中信52購01","4,000","4","1,050","0.27","0.27","0.26","0.26"," ","0.00","0.26","10","0.27","10","0.00",
="030055","南亞中信52購01","869,000","53","1,315,390","1.49","1.77","1.27","1.31","-","0.09","1.25","11","1.27","10","0.00",
="030056","台化中信52購01","6,000","4","4,680","0.80","0.80","0.75","0.75","-","0.03","0.73","10","0.74","10","0.00",
="030057","大成鋼中信52購01","187,000","11","59,610","0.33","0.34","0.30","0.30","-","0.02","0.29","10","0.30","10","0.00",
="030058","光寶科中信52購01","0","0","0","--","--","--","--"," ","0.00","6.60","10","--","0","0.00",
="030059","大成鋼永豐53購03","0","0","0","--","--","--","--"," ","0.00","0.58","10","0.59","10","37.90",
="03005U","中砂元大4B售05","2,000","1","1,100","0.55","0.55","0.55","0.55","-","0.13","0.60","499","0.61","200","0.00",
="030060","川湖永豐53購02","9,000","4","18,390","1.98","2.07","1.94","2.07"," ","0.00","1.94","10","2.04","10","3,220.00",
="030061","光寶科永豐53購02","102,000","10","270,160","2.55","2.72","2.53","2.61","-","0.02","2.59","10","3.41","10","183.00",
="030062","華通永豐52購02","0","0","0","--","--","--","--"," ","0.00","1.32","499","1.33","10","77.00",
="030063","華通永豐53購01","111,000","8","211,330","1.98","1.98","1.84","1.85","-","0.19","1.83","10","1.84","10","77.00",
="030064","鴻海永豐52購03","35,000","8","83,950","2.34","2.47","2.34","2.42","X","0.00","2.42","10","2.46","10","221.00",
="030065","金像電永豐52購07","0","0","0","--","--","--","--"," ","0.00","2.03","2","2.11","10","455.00",
="030066","宏達電永豐52購02","0","0","0","--","--","--","--"," ","0.00","6.00","10","6.50","10","64.60",
="030067","宏達電永豐53購02","0","0","0","--","--","--","--"," ","0.00","9.85","10","9.95","10","64.60",
="030068","欣興永豐52購02","1,014,000","38","1,026,750","1.09","1.11","0.93","0.93","+","0.01","0.92","10","0.93","10","159.00",
="030069","欣興永豐52購03","44,000","6","56,160","1.29","1.31","1.24","1.27","+","0.03","1.24","10","1.25","10","159.00",
="03006U","台光電元大4B售11","10,000","1","300","0.03","0.03","0.03","0.03","X","0.00","--","0","0.03","21","0.00",
="03006X","元展06","0","0","0","--","--","--","--"," ","0.00","150.00","100","151.00","10","88.40",
="030070","欣興永豐52購04","358,000","25","369,470","1.02","1.14","0.98","0.98","+","0.02","0.97","10","0.98","10","159.00",
="030071","景碩永豐53購02","167,000","10","134,640","0.82","0.85","0.79","0.79","+","0.03","0.75","499","0.76","10","111.50",
="030072","臻鼎永豐53購01","21,000","2","58,850","2.85","2.85","2.80","2.80","+","0.14","2.56","499","2.66","10","171.50",
="030073","同欣電永豐53購01","540,000","2","405,000","0.75","0.75","0.75","0.75","-","0.01","0.72","10","0.73","10","120.50",
="030074","緯穎永豐52購01","0","0","0","--","--","--","--"," ","0.00","1.84","10","1.86","10","3,140.00",
="030075","緯穎永豐52購02","100,000","1","170,000","1.70","1.70","1.70","1.70","-","0.03","1.69","10","1.70","10","3,140.00",
="030076","台塑統一56購01","0","0","0","--","--","--","--"," ","0.00","0.37","10","0.38","10","38.60",
="030077","南亞統一56購01","979,000","36","707,790","0.73","0.79","0.65","0.65","-","0.04","0.63","10","0.64","10","39.80",
="030078","南亞統一56購02","300,000","9","205,120","0.71","0.72","0.60","0.61","-","0.02","0.59","15","0.60","10","39.80",
="030079","南亞統一59購01","84,000","2","64,430","0.77","0.77","0.72","0.72"," ","0.00","0.68","10","0.69","10","39.80",
="03007U","貿聯元大4B售08","0","0","0","--","--","--","--"," ","0.00","0.04","499","0.14","10","0.00",
="03007X","元展07","0","0","0","--","--","--","--"," ","0.00","74.00","100","74.50","10","43.25",
="030080","台化統一56購01","1,104,000","12","661,300","0.60","0.61","0.58","0.59","+","0.02","0.58","10","0.59","10","28.95",
="030081","台玻統一56購03","381,000","16","345,240","0.96","0.97","0.85","0.85","-","0.08","0.85","11","0.86","10","25.95",
="030082","台玻統一56購04","302,000","8","341,510","1.16","1.16","1.05","1.05","-","0.08","1.03","10","1.04","10","25.95",
="030083","光寶科統一56購01","275,000","38","495,860","1.78","1.93","1.71","1.80","-","0.15","1.78","10","1.80","10","183.00",
="030084","台達電統一56購05","242,000","22","694,040","3.00","3.00","2.84","2.85","-","0.11","2.84","4","2.87","10","893.00",
="030085","金像電統一56購04","108,000","5","129,410","1.21","1.21","1.16","1.19","+","0.06","1.16","10","1.17","10","455.00",
="030086","全新統一56購05","109,000","6","79,750","0.75","0.75","0.69","0.69","-","0.07","0.68","30","0.69","10","160.00",
="030087","欣興統一56購03","194,000","13","180,510","0.92","0.99","0.91","0.91","+","0.01","0.90","20","0.91","10","159.00",
="030088","玉晶光統一59購01","403,000","7","284,130","0.71","0.71","0.67","0.67","-","0.04","0.67","10","0.68","10","443.50",
="030089","貿聯統一56購04","13,000","3","13,000","1.00","1.00","1.00","1.00","-","0.05","0.96","10","0.98","10","1,085.00",
="03008U","貿聯元大4B售09","0","0","0","--","--","--","--"," ","0.00","0.09","499","0.10","200","0.00",
="030090","達興統一59購01","101,000","11","209,030","1.98","2.14","1.98","2.14","+","0.08","2.15","10","2.16","10","399.00",
="030091","瀚宇博統一57購03","222,000","10","514,620","2.42","2.44","2.20","2.20","+","0.11","1.93","10","1.97","10","104.00",
="030092","訊芯統一59購01","255,000","7","193,430","0.75","0.77","0.75","0.75","+","0.03","0.71","10","0.72","10","164.50",
="030093","南電統一57購05","293,000","18","351,440","1.15","1.24","1.10","1.10","-","0.03","1.08","10","1.09","10","234.50",
="030094","南電統一57購06","1,881,000","82","2,470,290","1.27","1.41","1.19","1.20","-","0.05","1.19","10","1.20","5","234.50",
="030095","南電統一59購02","1,015,000","59","1,198,400","1.18","1.24","1.06","1.07","-","0.04","1.07","10","1.08","10","234.50",
="030096","南亞富邦53購01","288,000","27","346,170","1.17","1.31","1.09","1.09","-","0.04","1.07","10","1.08","10","0.00",
="030097","聚陽富邦53購02","197,000","11","231,600","1.19","1.19","1.15","1.19","+","0.02","1.16","10","1.17","10","0.00",
="030098","台達電富邦53購03","30,000","1","184,500","6.15","6.15","6.15","6.15","-","0.35","6.15","30","6.60","11","0.00",
="030099","金像電富邦53購02","17,000","5","34,980","2.08","2.11","2.03","2.06","+","0.11","2.00","11","2.01","10","0.00",
="03009U","矽力元大4B售02","0","0","0","--","--","--","--"," ","0.00","3.05","25","3.15","10","0.00",
="030100","大同富邦52購01","82,000","9","74,240","0.92","0.92","0.89","0.89","-","0.03","0.97","10","0.98","10","0.00",
="030101","愛普富邦53購01","275,000","16","223,310","0.83","0.83","0.77","0.82","-","0.01","0.82","30","0.83","10","0.00",
="030102","台玻台新52購01","3,000","1","12,900","4.30","4.30","4.30","4.30","+","0.18","3.78","20","3.79","10","0.00",
="030103","台灣50元富57購01","100,000","9","406,630","3.96","4.16","3.88","4.13","+","0.52","4.16","25","4.17","10","58.45",
="030104","材料元富52購02","0","0","0","--","--","--","--"," ","0.00","0.54","25","0.55","25","66.40",
="030105","聯茂元富54購01","95,000","6","239,940","2.58","2.62","2.46","2.46","-","0.09","2.38","25","2.48","10","111.50",
="030106","同欣電元富52購01","62,000","3","152,660","2.65","2.65","2.23","2.23","-","0.25","2.23","13","2.28","25","120.50",
="030107","AES元富52購01","57,000","9","369,300","6.60","6.70","6.20","6.20","-","0.40","6.20","23","6.30","25","1,195.00",
="030108","AES元富52購02","5,000","1","5,050","1.01","1.01","1.01","1.01","X","0.00","0.96","25","0.99","25","1,195.00",
="030109","AES元富57購01","33,000","4","31,390","0.97","0.97","0.95","0.95","-","0.01","0.93","25","0.94","25","1,195.00",
="03010U","台積電元富4B售25","15,000","4","800","0.10","0.10","0.05","0.05","-","0.05","0.04","50","0.10","9","0.00",
="03010X","元展10","0","0","0","--","--","--","--"," ","0.00","158.00","100","168.00","10","221.00",
="030110","T50正2國泰53購01","0","0","0","--","--","--","--"," ","0.00","0.10","50","--","0","302.45",
="030111","南亞國泰53購01","32,000","5","77,670","2.73","2.73","2.33","2.33","+","0.14","2.10","10","2.20","10","39.80",
="030112","華城國泰53購01","0","0","0","--","--","--","--"," ","0.00","0.64","499","0.65","100","586.00",
="030113","光寶科國泰53購01","1,000","1","4,900","4.90","4.90","4.90","4.90","+","0.90","4.80","499","--","0","183.00",
="030114","佳能國泰53購02","0","0","0","--","--","--","--"," ","0.00","5.35","499","--","0","88.80",
="030115","全新國泰53購01","72,000","3","103,640","1.51","1.51","1.41","1.43","-","0.15","1.38","30","1.41","250","160.00",
="030116","牧德國泰53購02","50,000","11","130,560","2.71","2.78","2.55","2.55","-","0.07","2.52","10","2.55","10","544.00",
="030117","台塑化國泰53購01","22,000","1","27,720","1.26","1.26","1.26","1.26","+","0.04","1.27","499","1.28","150","39.25",
="030118","世紀鋼國泰53購01","22,000","1","18,040","0.82","0.82","0.82","0.82","+","0.03","0.74","499","0.76","499","171.50",
="030119","台塑國票53購03","0","0","0","--","--","--","--"," ","0.00","2.51","25","2.52","10","38.60",
="03011U","陽明元富4B售01","0","0","0","--","--","--","--"," ","0.00","3.67","25","3.72","25","0.00",
="030120","億泰國票53購02","0","0","0","--","--","--","--"," ","0.00","1.36","25","1.37","10","34.80",
="030121","億泰國票54購01","0","0","0","--","--","--","--"," ","0.00","1.47","25","1.48","10","34.80",
="030122","大成鋼國票53購01","0","0","0","--","--","--","--"," ","0.00","1.05","25","1.06","10","37.90",
="030123","川湖國票53購02","0","0","0","--","--","--","--"," ","0.00","4.32","25","4.34","10","3,220.00",
="030124","華通國票53購01","53,000","9","199,490","3.87","3.92","3.26","3.26","-","0.46","3.25","25","3.26","10","77.00",
="030125","致茂國票53購01","4,000","3","28,950","7.40","7.40","6.90","7.25","X","0.00","7.20","25","7.35","10","614.00",
="030126","正崴國票53購01","42,000","3","34,500","0.85","0.85","0.81","0.83","-","0.03","0.81","25","0.82","10","48.80",
="030127","南亞科國票53購01","1,000","1","14,900","14.90","14.90","14.90","14.90","X","0.00","15.30","25","--","0","81.00",
="030128","建準國票53購01","6,000","3","9,380","1.56","1.61","1.52","1.52","+","0.07","1.32","25","1.33","10","129.00",
="030129","欣興國票59購01","89,000","9","174,080","1.97","2.02","1.90","1.90","+","0.03","1.88","25","1.89","10","159.00",
="03012U","奇鋐元富4B售01","0","0","0","--","--","--","--"," ","0.00","0.01","25","0.10","10","0.00",
="03012X","元展12","0","0","0","--","--","--","--"," ","0.00","37.80","100","38.10","10","66.20",
="030130","景碩國票56購01","11,000","1","11,330","1.03","1.03","1.03","1.03"," ","0.00","0.94","25","0.97","10","111.50",
="030131","緯創國票53購02","361,000","14","252,990","0.69","0.73","0.66","0.66","+","0.04","0.65","25","0.66","10","122.50",
="030132","南寶國票52購01","0","0","0","--","--","--","--"," ","0.00","3.41","25","3.45","10","416.50",
="030133","南寶國票53購01","4,000","3","14,460","3.56","3.68","3.56","3.68","+","0.06","3.59","25","3.60","10","416.50",
="030134","遠傳國票53購01","56,000","2","110,880","1.98","1.98","1.98","1.98","X","0.00","1.95","25","1.96","10","85.90",
="030135","飛捷國票59購01","0","0","0","--","--","--","--"," ","0.00","0.94","25","0.95","10","106.50",
="030136","台郡國票53購01","0","0","0","--","--","--","--"," ","0.00","1.77","25","1.78","10","66.80",
="030137","愛普國票52購02","60,000","2","184,800","3.16","3.16","3.00","3.00","X","0.00","3.18","25","3.20","10","344.00",
="030138","力智國票53購02","5,000","4","7,860","1.56","1.58","1.56","1.56","-","0.07","1.58","25","1.61","10","214.00",
="030139","AES國票52購01","1,000","1","820","0.82","0.82","0.82","0.82","+","0.04","0.74","25","0.75","10","1,195.00",
="03013U","奇鋐元富4B售02","0","0","0","--","--","--","--"," ","0.00","0.01","25","0.10","94","0.00",
="03013X","元展13","10,000","1","267,000","26.70","26.70","26.70","26.70"," ","0.00","27.00","100","27.20","10","17.65",
="030140","AES國票53購03","1,000","1","1,120","1.12","1.12","1.12","1.12","+","0.02","1.03","25","1.04","10","1,195.00",
="030141","富世達國票53購01","4,000","3","11,800","2.88","3.05","2.82","3.05","+","0.39","2.99","25","3.04","10","1,010.00",
="030142","T50反1群益52購03","0","0","0","--","--","--","--"," ","0.00","0.12","100","0.13","100","18.29",
="030143","合機群益52購01","13,000","2","12,720","0.97","0.98","0.97","0.98","+","0.02","0.96","25","1.00","10","46.95",
="030145","鴻海統一54購02","4,187,000","252","3,451,870","0.78","0.85","0.78","0.83","+","0.08","0.83","11","0.84","513","221.00",
="030147","川湖群益56購01","53,000","6","125,960","2.34","2.38","2.34","2.36","-","0.14","2.30","100","2.34","100","3,220.00",
="030148","國巨群益52購04","96,000","16","606,200","6.30","6.50","6.20","6.30","+","0.05","6.30","7","6.60","2","176.00",
="03014U","亞光元富4B售02","0","0","0","--","--","--","--"," ","0.00","0.19","25","0.20","25","0.00",
="03014X","元展14","0","0","0","--","--","--","--"," ","0.00","51.00","100","57.50","20","29.80",
="030150","大同統一4A購02","0","0","0","--","--","--","--"," ","0.00","--","0","0.01","10","39.85",
="030151","聯發科統一54購01","3,078,000","152","1,073,470","0.35","0.36","0.34","0.34"," ","0.00","0.34","119","0.36","148","1,375.00",
="030152","燿華群益52購01","2,000","1","1,940","0.97","0.97","0.97","0.97","-","0.13","0.96","10","1.06","10","27.50",
="030154","金像電群益53購01","46,000","6","132,080","2.86","2.92","2.81","2.81","+","0.17","2.77","10","2.87","10","455.00",
="030155","宏達電群益52購02","0","0","0","--","--","--","--"," ","0.00","--","0","12.20","10","64.60",
="030157","宏達電群益53購01","0","0","0","--","--","--","--"," ","0.00","--","0","--","0","64.60",
="030158","景碩群益52購02","473,000","9","689,270","1.50","1.55","1.37","1.37","-","0.09","1.26","1","--","0","111.50",
="030159","緯創群益52購01","1,523,000","21","2,569,900","1.55","1.74","1.55","1.58","+","0.09","1.50","30","--","0","122.50",
="03015U","陽明國票4B售03","0","0","0","--","--","--","--"," ","0.00","2.46","25","2.56","10","0.00",
="03015X","元展15","0","0","0","--","--","--","--"," ","0.00","72.00","100","72.50","10","33.15",
="030160","世芯群益52購05","132,000","6","199,250","1.60","1.60","1.50","1.50","-","0.13","0.67","14","--","0","3,700.00",
="030162","材料群益52購12","0","0","0","--","--","--","--"," ","0.00","0.36","10","0.46","10","66.40",
="030163","臻鼎群益53購03","0","0","0","--","--","--","--"," ","0.00","2.60","10","2.70","10","171.50",
="030165","緯穎群益52購06","24,000","12","75,180","3.13","3.24","3.05","3.12","+","0.01","0.97","10","--","0","3,140.00",
="030167","AES群益53購02","27,000","7","29,060","1.10","1.14","1.04","1.04"," ","0.00","0.97","100","1.00","100","1,195.00",
="030168","元債2X元富4A購03","0","0","0","--","--","--","--"," ","0.00","0.04","25","0.10","10","7.35",
="030169","台灣50凱基5B購01","93,000","17","199,580","2.09","2.22","2.08","2.22","+","0.27","2.23","100","2.24","10","58.45",
="03016U","立積國票4B售02","258,000","2","59,340","0.23","0.23","0.23","0.23","-","0.01","0.25","25","0.27","10","0.00",
="03016X","元展16","0","0","0","--","--","--","--"," ","0.00","9.15","100","9.65","10","15.00",
="030170","南亞凱基52購01","52,000","7","177,100","3.22","3.51","2.98","2.98","+","0.24","2.78","100","2.88","10","39.80",
="030171","華城凱基52購02","60,000","1","25,800","0.43","0.43","0.43","0.43","X","0.00","0.41","110","0.51","10","586.00",
="030172","大成鋼凱基52購02","0","0","0","--","--","--","--"," ","0.00","0.58","100","0.59","10","37.90",
="030173","光寶科凱基52購02","4,000","1","18,960","4.74","4.74","4.74","4.74","+","0.21","4.61","100","4.71","10","183.00",
="030174","鴻海凱基63購01","26,000","10","101,590","3.85","3.96","3.85","3.94","+","0.26","3.95","499","4.60","35","221.00",
="030175","金像電凱基52購03","31,000","7","157,200","5.20","5.40","5.00","5.00","+","0.24","4.95","100","5.00","10","455.00",
="030176","台光電凱基52購04","0","0","0","--","--","--","--"," ","0.00","2.71","100","2.76","10","1,345.00",
="030177","全新凱基52購01","128,000","6","211,420","1.66","1.66","1.60","1.60","-","0.21","1.54","100","1.59","10","160.00",
="030178","大立光凱基53購01","16,000","2","30,340","1.90","1.90","1.89","1.89","-","0.01","1.87","100","1.90","4","2,360.00",
="030179","奇鋐凱基52購02","47,000","7","163,480","4.32","4.32","3.29","3.39","+","0.06","0.91","10","4.45","2","1,015.00",
="03017U","電子類國票4B售01","10,000","1","200","0.02","0.02","0.02","0.02","-","0.02","0.01","514","0.02","489","0.00",
="03017X","元展17","0","0","0","--","--","--","--"," ","0.00","16.90","100","17.00","10","24.70",
="030180","德律凱基52購02","0","0","0","--","--","--","--"," ","0.00","3.07","100","3.12","10","189.00",
="030181","欣興凱基54購03","40,000","4","47,830","1.26","1.26","1.16","1.16","+","0.03","1.13","100","1.15","10","159.00",
="030182","富華新凱基52購01","0","0","0","--","--","--","--"," ","0.00","0.41","100","0.42","10","20.05",
="030183","景碩凱基53購01","269,000","7","257,510","1.04","1.04","0.91","0.91","-","0.12","0.90","100","0.95","10","111.50",
="030184","新日興凱基52購01","0","0","0","--","--","--","--"," ","0.00","1.43","10","1.53","10","237.00",
="030185","南寶凱基52購01","82,000","9","240,060","2.93","2.98","2.83","2.83","-","0.15","2.85","10","2.95","10","416.50",
="030186","臻鼎凱基54購01","79,000","7","226,510","3.11","3.11","2.68","2.68","-","0.37","2.65","100","--","0","171.50",
="030187","緯穎凱基52購01","2,000","1","8,660","4.33","4.33","4.33","4.33","+","0.09","4.20","100","4.22","10","3,140.00",
="030188","AES凱基52購03","135,000","11","105,870","0.85","0.85","0.73","0.73","-","0.05","0.72","100","0.74","10","1,195.00",
="030189","元債2X元大53購06","10,000","1","11,500","1.15","1.15","1.15","1.15","-","0.01","1.16","100","1.22","10","7.35",
="03018U","電子類國票4B售02","0","0","0","--","--","--","--"," ","0.00","0.04","599","0.14","499","0.00",
="030190","元債2X元大56購02","38,000","2","34,200","0.90","0.90","0.90","0.90"," ","0.00","0.89","250","0.90","100","7.35",
="030191","台塑元大52購01","1,000","1","1,550","1.55","1.55","1.55","1.55","-","0.04","1.55","450","1.57","10","38.60",
="030192","台塑元大52購02","50,000","2","89,000","1.78","1.78","1.78","1.78","-","0.02","1.78","400","1.79","10","38.60",
="030193","南亞元大52購01","104,000","10","441,560","3.84","4.40","3.65","3.65","-","0.14","3.46","200","3.50","10","39.80",
="030194","南亞元大52購02","68,000","7","272,750","3.61","4.06","3.46","3.46","+","0.03","3.28","200","3.32","10","39.80",
="030195","南亞元大52購03","92,000","9","365,410","3.64","4.13","3.44","3.44","-","0.08","3.27","200","3.31","10","39.80",
="030196","南亞元大52購04","221,000","16","603,210","2.87","3.08","2.48","2.48","-","0.16","2.42","300","2.45","10","39.80",
="030197","南亞元大52購05","50,000","13","214,790","4.20","4.54","3.86","3.86","-","0.10","3.70","200","3.74","10","39.80",
="030198","台化元大52購01","0","0","0","--","--","--","--"," ","0.00","1.66","450","1.69","10","28.95",
="030199","台化元大52購02","0","0","0","--","--","--","--"," ","0.00","1.71","400","1.74","10","28.95",
="03019U","金融類國票4B售01","126,000","2","31,500","0.25","0.25","0.25","0.25","-","0.02","0.25","373","0.26","499","0.00",
="03019X","元展19","0","0","0","--","--","--","--"," ","0.00","12.00","100","12.10","10","24.30",
="030200","台化元大52購03","0","0","0","--","--","--","--"," ","0.00","1.76","400","1.79","10","28.95",
="030201","川湖元大52購01","100,000","6","251,100","2.57","2.68","2.40","2.68","+","0.11","2.40","25","2.50","10","3,220.00",
="030202","鴻海元大52購09","331,000","37","650,770","1.85","2.02","1.85","1.97","+","0.21","1.97","400","1.99","40","221.00",
="030203","廣宇元大52購01","40,000","2","51,880","1.36","1.36","1.29","1.29","X","0.00","1.31","499","1.41","10","54.10",
="030204","台積電元大52購12","930,000","57","1,250,150","1.30","1.40","1.28","1.38","+","0.22","1.37","26","--","0","1,340.00",
="030205","台積電元大53購03","541,000","33","999,850","1.77","1.89","1.77","1.89","+","0.26","1.84","1","--","0","1,340.00",
="030206","建準元大52購01","3,000","1","2,940","0.98","0.98","0.98","0.98","X","0.00","0.94","499","0.97","10","129.00",
="030207","京元電元大53購01","0","0","0","--","--","--","--"," ","0.00","2.67","250","2.77","10","167.00",
="030208","聯發科元大52購04","1,008,000","42","490,540","0.53","0.53","0.47","0.47","-","0.09","0.47","20","1.12","90","1,375.00",
="030209","鉅祥元大52購01","0","0","0","--","--","--","--"," ","0.00","5.85","100","6.05","10","108.50",
="03020U","台積電中信4B售05","551,000","6","33,060","0.06","0.06","0.06","0.06","X","0.00","0.05","330","0.06","90","0.00",
="03020X","元展20","2,000","1","15,000","7.50","7.50","7.50","7.50","X","0.00","7.50","3","7.75","10","19.50",
="030210","宏達電元大52購01","0","0","0","--","--","--","--"," ","0.00","9.00","100","--","0","64.60",
="030211","欣興元大53購06","111,000","11","113,650","1.02","1.09","0.97","0.97","-","0.02","0.97","499","0.98","10","159.00",
="030212","欣興元大56購03","287,000","8","364,010","1.26","1.34","0.34","1.26","+","0.06","1.21","499","1.22","10","159.00",
="030213","景碩元大52購01","218,000","4","150,340","0.68","0.73","0.68","0.70","+","0.03","0.59","499","0.61","10","111.50",
="030214","景碩元大52購02","324,000","5","234,760","0.74","0.74","0.67","0.67","+","0.08","0.64","499","0.66","10","111.50",
="030215","世芯元大52購10","23,000","4","26,450","1.21","1.21","1.10","1.10","-","0.08","0.90","25","1.65","30","3,700.00",
="030216","材料元大52購04","255,000","6","232,900","0.90","0.92","0.90","0.90","-","0.03","0.90","499","0.91","10","66.40",
="030217","臻鼎元大52購01","7,000","2","19,350","2.91","2.91","2.74","2.74","-","0.02","2.46","250","2.56","10","171.50",
="030218","臻鼎元大52購02","423,000","22","1,009,330","2.55","2.58","2.20","2.26","-","0.18","2.23","300","2.26","10","171.50",
="030219","祥碩元大52購01","413,000","5","126,990","0.31","0.31","0.30","0.30"," ","0.00","0.29","654","0.30","10","1,525.00",
="03021U","臺股指永豐4B售08","0","0","0","--","--","--","--"," ","0.00","0.06","499","0.08","10","0.00",
="030220","瀚宇博元大52購01","20,000","2","126,000","6.30","6.30","6.30","6.30","+","0.65","6.30","100","--","0","104.00",
="030221","亞翔元大53購05","180,000","8","521,180","2.84","2.98","2.84","2.91","-","0.01","2.85","250","2.89","10","358.50",
="030222","台塑化元大52購01","51,000","2","73,940","1.45","1.45","1.44","1.44","-","0.01","1.49","25","1.51","10","39.25",
="030223","AES元大52購01","160,000","2","118,380","0.72","0.74","0.72","0.74","+","0.03","0.66","499","0.67","10","1,195.00",
="030224","AES元大53購01","0","0","0","--","--","--","--"," ","0.00","0.74","499","0.75","10","1,195.00",
="030225","AES元大56購03","23,000","3","18,460","0.82","0.82","0.78","0.78","-","0.12","0.76","499","0.77","10","1,195.00",
="030226","富世達元大53購05","1,154,000","21","1,580,330","1.30","1.48","1.27","1.35","+","0.16","1.32","504","1.36","10","1,010.00",
="030227","南電元大52購01","392,000","16","1,000,070","2.52","2.76","2.32","2.33","-","0.19","2.33","300","2.65","2","234.50",
="030228","南電元大53購01","103,000","18","311,820","3.16","3.18","2.80","2.80","-","0.12","2.78","250","2.80","10","234.50",
="030229","南電元大57購02","0","0","0","--","--","--","--"," ","0.00","2.41","300","--","0","234.50",
="03022U","臺股指永豐4B售09","0","0","0","--","--","--","--"," ","0.00","0.05","499","0.07","10","0.00",
="03022X","富展01","0","0","0","--","--","--","--"," ","0.00","83.50","30","84.50","10","221.00",
="030230","滬深2X中信55購01","186,000","6","236,110","1.28","1.31","1.10","1.10","X","0.00","1.14","100","1.15","100","0.00",
="030231","大成鋼兆豐54購01","0","0","0","--","--","--","--"," ","0.00","0.64","10","0.65","10","37.90",
="030232","矽統兆豐54購01","36,000","5","36,650","1.06","1.07","1.00","1.00","-","0.08","0.99","10","1.04","6","58.60",
="030233","jpp兆豐55購01","0","0","0","--","--","--","--"," ","0.00","2.19","10","--","0","286.50",
="030234","台塑富邦54購01","0","0","0","--","--","--","--"," ","0.00","0.42","10","0.43","10","0.00",
="030235","南亞富邦55購01","87,000","15","94,300","1.01","1.15","0.95","0.95","-","0.04","0.92","10","0.93","10","0.00",
="030236","台積電富邦53購06","102,000","14","156,970","1.50","1.65","1.50","1.60","+","0.25","1.64","30","1.65","10","0.00",
="030237","宏達電富邦54購01","580,000","10","2,052,070","3.56","3.57","3.50","3.50","-","0.01","3.50","30","3.60","10","0.00",
="030238","創意富邦53購03","544,000","26","431,820","0.75","0.81","0.75","0.79","+","0.09","0.78","90","0.79","8","0.00",
="030239","南亞統一58購01","466,000","10","436,340","0.89","0.98","0.89","0.98","+","0.12","0.82","10","0.83","10","39.80",
="03023U","富邦金群益51售01","0","0","0","--","--","--","--"," ","0.00","--","0","--","0","0.00",
="030240","南亞統一5A購01","30,000","5","15,610","0.56","0.56","0.50","0.51","-","0.01","0.49","10","0.50","10","39.80",
="030241","南亞統一62購01","99,000","2","61,260","0.62","0.62","0.58","0.58","+","0.01","0.57","10","0.58","10","39.80",
="030242","台化統一5A購01","28,000","2","18,700","0.67","0.67","0.66","0.66","+","0.03","0.64","10","0.65","10","28.95",
="030243","台化統一62購01","163,000","4","120,260","0.74","0.74","0.72","0.72"," ","0.00","0.71","10","0.72","10","28.95",
="030244","台玻統一58購01","310,000","12","293,070","0.97","0.97","0.87","0.87","-","0.07","0.86","11","0.87","10","25.95",
="030245","台玻統一5A購01","22,000","4","17,980","0.87","0.87","0.80","0.81","-","0.03","0.79","10","0.80","10","25.95",
="030246","宇隆統一5A購01","140,000","5","135,490","0.98","1.02","0.95","0.96","-","0.05","0.94","10","0.95","10","217.00",
="030247","長榮太統一56購02","50,000","1","75,000","1.50","1.50","1.50","1.50","X","0.00","1.48","60","1.51","10","168.50",
="030248","TPK統一58購01","2,000","2","2,220","1.11","1.11","1.11","1.11","-","0.01","1.10","10","1.11","10","39.30",
="030249","達興統一54購02","170,000","5","320,700","1.83","1.91","1.83","1.91","X","0.00","1.98","10","2.03","10","399.00",
="03024U","奇鋐群益51售01","30,000","2","2,800","0.09","0.10","0.09","0.10","X","0.00","0.06","598","--","0","0.00",
="030250","同欣電統一5B購01","210,000","7","217,550","1.06","1.06","0.97","0.97","-","0.05","0.97","10","0.98","10","120.50",
="030251","AES統一5C購01","38,000","3","23,940","0.63","0.63","0.63","0.63"," ","0.00","0.60","10","0.61","10","1,195.00",
="030252","台塑元富52購01","0","0","0","--","--","--","--"," ","0.00","2.04","25","2.06","25","38.60",
="030253","南亞元富52購01","131,000","7","397,060","3.50","3.50","2.73","2.73","-","0.14","2.65","25","2.75","10","39.80",
="030254","南亞元富52購02","1,330,000","52","1,854,900","1.55","1.83","1.24","1.25","-","0.14","1.21","25","1.31","10","39.80",
="030255","國喬元富52購01","0","0","0","--","--","--","--"," ","0.00","0.30","25","0.31","25","9.51",
="030256","國喬元富58購01","0","0","0","--","--","--","--"," ","0.00","0.60","25","0.61","25","9.51",
="030257","華城元富52購04","0","0","0","--","--","--","--"," ","0.00","0.53","25","0.63","10","586.00",
="030258","華新元富52購01","0","0","0","--","--","--","--"," ","0.00","2.99","25","3.02","25","24.05",
="030259","華新元富52購02","0","0","0","--","--","--","--"," ","0.00","0.92","25","0.93","25","24.05",
="03025U","臺股指群益4B售38","0","0","0","--","--","--","--"," ","0.00","0.06","499","0.07","499","0.00",
="030260","億泰元富52購01","0","0","0","--","--","--","--"," ","0.00","0.76","25","0.77","25","34.80",
="030261","大成鋼元富55購01","0","0","0","--","--","--","--"," ","0.00","1.06","25","1.07","25","37.90",
="030262","上銀元富52購03","60,000","13","92,480","1.56","1.60","1.50","1.50","-","0.12","1.48","25","1.50","25","217.50",
="030263","國巨元富52購01","245,000","2","1,860,500","7.30","7.60","7.30","7.60","-","2.40","7.40","1","--","0","176.00",
="030264","國巨元富58購01","6,000","2","31,950","5.70","5.70","5.25","5.25","-","0.45","5.25","1","7.00","2","176.00",
="030265","台積電元富53購06","0","0","0","--","--","--","--"," ","0.00","1.10","30","--","0","1,340.00",
="030266","台積電元富53購07","0","0","0","--","--","--","--"," ","0.00","1.59","30","5.85","5","1,340.00",
="030267","台積電元富53購08","9,000","5","236,700","25.50","26.40","25.50","26.40","+","3.10","6.70","1","--","0","1,340.00",
="030268","台積電元富53購09","0","0","0","--","--","--","--"," ","0.00","2.89","3","--","0","1,340.00",
="030269","台積電元富53購10","0","0","0","--","--","--","--"," ","0.00","0.93","7","--","0","1,340.00",
="03026U","臺股指群益4B售39","0","0","0","--","--","--","--"," ","0.00","0.02","499","--","0","0.00",
="03026X","元展23","0","0","0","--","--","--","--"," ","0.00","5.65","25","5.70","10","21.27",
="030270","台積電元富53購11","0","0","0","--","--","--","--"," ","0.00","0.69","14","--","0","1,340.00",
="030271","台積電元富53購12","6,000","5","123,800","20.30","20.80","20.30","20.80","+","4.00","2.29","4","--","0","1,340.00",
="030272","全新元富53購01","0","0","0","--","--","--","--"," ","0.00","2.29","25","2.39","10","160.00",
="030273","欣興元富52購05","1,209,000","45","2,686,120","2.21","2.39","2.13","2.13","+","0.03","2.11","25","2.13","25","159.00",
="030274","弘憶股元富52購01","5,000","1","5,250","1.05","1.05","1.05","1.05","+","0.04","1.02","25","1.03","25","44.10",
="030275","世芯元富52購10","66,000","10","87,950","1.37","1.37","1.21","1.21","-","0.22","1.21","25","1.22","25","3,700.00",
="030276","同欣電元富58購01","1,000","1","2,540","2.54","2.54","2.54","2.54","-","0.32","2.50","25","2.54","25","120.50",
="030277","緯穎元富52購03","7,000","2","25,120","3.60","3.60","3.52","3.52","-","0.04","3.50","25","3.52","25","3,140.00",
="030278","南亞國票53購02","21,000","2","45,130","2.16","2.16","1.93","1.93","+","0.10","1.67","25","1.70","10","39.80",
="030279","南亞國票53購03","0","0","0","--","--","--","--"," ","0.00","1.55","25","1.56","10","39.80",
="03027U","臺股指群益4B售40","0","0","0","--","--","--","--"," ","0.00","0.03","499","--","0","0.00",
="03027X","元展24","0","0","0","--","--","--","--"," ","0.00","10.40","10","10.50","10","36.14",
="030280","南亞國票53購04","34,000","4","77,820","2.61","2.61","2.11","2.11","+","0.07","2.11","5","2.12","10","39.80",
="030281","國喬國票54購01","0","0","0","--","--","--","--"," ","0.00","0.37","25","0.38","10","9.51",
="030282","宏達電國票53購02","0","0","0","--","--","--","--"," ","0.00","--","0","--","0","64.60",
="030283","長榮國票53購01","92,000","1","45,080","0.49","0.49","0.49","0.49","-","0.03","0.49","32","0.50","10","182.00",
="030284","萬海國票53購01","0","0","0","--","--","--","--"," ","0.00","0.90","25","0.91","10","77.90",
="030285","漢翔國票53購01","0","0","0","--","--","--","--"," ","0.00","7.45","25","--","0","62.60",
="030286","智原國票55購02","294,000","10","421,440","1.41","1.50","1.41","1.44","+","0.17","1.43","25","1.45","10","174.00",
="030287","達邁國票53購01","250,000","24","729,650","2.74","3.03","2.74","2.76","+","0.08","2.75","25","2.76","10","73.10",
="030288","材料國票53購01","0","0","0","--","--","--","--"," ","0.00","0.52","25","0.53","10","66.40",
="030289","乙盛國票53購01","16,000","5","54,400","3.49","3.49","3.31","3.49","-","0.23","3.43","25","3.46","10","73.80",
="03028U","臺股指群益4B售41","110,000","2","6,600","0.06","0.06","0.06","0.06","-","0.02","0.05","499","0.06","499","0.00",
="030290","億豐國票53購01","0","0","0","--","--","--","--"," ","0.00","1.42","25","1.47","10","442.00",
="030291","台塑國泰53購01","64,000","3","51,680","0.83","0.86","0.77","0.77"," ","0.00","0.77","499","0.78","100","38.60",
="030292","台化國泰53購01","84,000","12","103,530","1.25","1.27","1.18","1.18","-","0.03","1.20","8","--","0","28.95",
="030293","全新國泰53購02","8,000","3","13,930","1.82","1.82","1.73","1.73","-","0.23","1.67","499","1.69","499","160.00",
="030295","萬海國泰53購01","32,000","3","20,240","0.66","0.66","0.62","0.62","-","0.08","0.62","499","0.63","100","77.90",
="030296","台灣50永豐52購07","0","0","0","--","--","--","--"," ","0.00","2.14","10","2.18","10","58.45",
="030297","台塑永豐52購01","0","0","0","--","--","--","--"," ","0.00","0.44","10","0.45","10","38.60",
="030298","台塑永豐53購04","0","0","0","--","--","--","--"," ","0.00","0.57","10","0.58","10","38.60",
="030299","台塑永豐54購01","0","0","0","--","--","--","--"," ","0.00","0.74","10","0.75","10","38.60",
="03029U","臺股指群益58售02","87,000","5","70,470","0.81","0.82","0.80","0.80","-","0.06","0.80","499","0.81","499","0.00",
="03029X","元展26","0","0","0","--","--","--","--"," ","0.00","47.80","100","48.10","10","66.10",
="030300","南亞永豐53購03","90,000","6","72,530","0.78","0.86","0.75","0.75","+","0.05","0.63","10","0.64","10","39.80",
="030301","國喬永豐54購01","0","0","0","--","--","--","--"," ","0.00","0.39","499","0.40","10","9.51",
="030302","台化永豐53購01","0","0","0","--","--","--","--"," ","0.00","0.65","499","0.66","10","28.95",
="030303","華新永豐54購01","2,000","1","1,840","0.92","0.92","0.92","0.92","+","0.04","0.89","499","0.90","10","24.05",
="030304","中鋼永豐52購01","0","0","0","--","--","--","--"," ","0.00","0.87","499","0.88","10","19.45",
="030305","矽統永豐52購01","50,000","3","48,400","0.99","0.99","0.94","0.94","-","0.07","0.92","10","0.93","10","58.60",
="030306","南亞科永豐52購03","0","0","0","--","--","--","--"," ","0.00","5.10","10","5.20","1","81.00",
="030307","南亞科永豐52購04","0","0","0","--","--","--","--"," ","0.00","7.05","10","--","0","81.00",
="030308","漢翔永豐52購01","0","0","0","--","--","--","--"," ","0.00","4.91","499","--","0","62.60",
="030309","長榮太永豐54購01","2,000","2","4,770","2.47","2.47","2.30","2.30","-","0.32","2.28","10","2.34","10","168.50",
="03030U","電子類群益4B售02","0","0","0","--","--","--","--"," ","0.00","0.02","499","0.03","499","0.00",
="030310","大立光永豐52購02","60,000","4","41,180","0.67","0.69","0.67","0.69","-","0.03","0.68","10","0.69","3","2,360.00",
="030311","牧德永豐54購01","55,000","1","48,400","0.88","0.88","0.88","0.88","-","0.03","0.87","10","0.89","10","544.00",
="030312","世芯永豐52購06","52,000","9","42,730","0.85","0.86","0.77","0.78","-","0.08","0.76","10","0.77","10","3,700.00",
="030313","南寶永豐53購02","232,000","10","292,120","1.30","1.30","1.24","1.28","-","0.02","1.24","10","1.34","10","416.50",
="030314","上品永豐52購01","21,000","2","31,710","1.51","1.51","1.51","1.51","+","0.04","1.47","10","1.49","10","308.00",
="030315","台塑化永豐53購02","0","0","0","--","--","--","--"," ","0.00","0.54","499","0.55","10","39.25",
="030316","台塑化永豐54購01","0","0","0","--","--","--","--"," ","0.00","0.60","499","0.61","10","39.25",
="030317","穎崴永豐52購04","50,000","2","437,500","8.75","8.75","8.75","8.75","+","0.50","8.15","10","8.45","10","2,015.00",
="030318","泰金寶永豐53購01","10,000","1","3,600","0.36","0.36","0.36","0.36","-","0.02","0.34","10","0.35","10","6.02",
="030319","台泥凱基54購01","40,000","3","20,000","0.50","0.50","0.50","0.50","-","0.17","0.51","130","0.61","10","23.75",
="03031U","鴻海統一53售14","17,000","1","1,020","0.06","0.06","0.06","0.06","X","0.00","0.06","117","0.07","100","0.00",
="030320","台塑凱基54購01","16,000","1","36,160","2.26","2.26","2.26","2.26","+","0.15","2.13","10","2.15","10","38.60",
="030321","台塑凱基55購01","5,000","1","7,900","1.58","1.58","1.58","1.58","+","0.02","1.58","10","1.59","10","38.60",
="030322","南亞凱基52購02","44,000","14","142,110","3.23","3.50","2.89","2.99","+","0.03","2.72","10","2.73","10","39.80",
="030323","台化凱基52購01","4,000","2","8,560","2.14","2.14","2.14","2.14","+","0.07","1.99","10","2.00","10","28.95",
="030324","華新凱基52購01","0","0","0","--","--","--","--"," ","0.00","1.78","100","--","0","24.05",
="030325","華新凱基54購01","89,000","9","99,440","1.20","1.20","1.03","1.12","-","0.11","1.07","100","1.08","10","24.05",
="030326","大成鋼凱基55購01","0","0","0","--","--","--","--"," ","0.00","1.70","100","1.71","10","37.90",
="030327","華通凱基52購01","789,000","21","1,868,520","2.61","2.76","2.18","2.18","-","0.49","2.17","100","2.19","10","77.00",
="030328","國巨凱基54購01","36,000","7","237,600","6.60","6.60","6.60","6.60","-","0.30","6.50","80","7.60","1","176.00",
="030329","廣宇凱基52購01","0","0","0","--","--","--","--"," ","0.00","1.92","100","1.93","10","54.10",
="03032U","台積電統一53售09","525,000","17","36,750","0.07","0.07","0.07","0.07","-","0.01","0.06","380","0.18","70","0.00",
="030330","華邦電凱基52購01","15,000","2","275,000","18.60","18.60","17.80","17.80","+","1.80","18.10","20","19.10","10","36.45",
="030331","智邦凱基52購02","4,000","1","14,280","3.57","3.57","3.57","3.57","+","0.31","3.67","10","3.76","10","1,005.00",
="030332","南亞科凱基52購02","0","0","0","--","--","--","--"," ","0.00","10.30","10","11.30","10","81.00",
="030333","聯發科凱基52購07","31,000","5","17,750","0.57","0.60","0.56","0.56","-","0.10","0.53","100","0.54","10","1,375.00",
="030334","宏達電凱基52購02","0","0","0","--","--","--","--"," ","0.00","10.20","20","--","0","64.60",
="030335","奇鋐凱基52購03","0","0","0","--","--","--","--"," ","0.00","4.62","100","4.72","10","1,015.00",
="030336","景碩凱基52購01","138,000","7","216,640","1.64","1.64","1.53","1.53","-","0.06","1.46","100","1.49","10","111.50",
="030337","緯創凱基54購03","15,000","2","15,450","1.03","1.03","1.03","1.03","+","0.06","1.03","5","1.11","10","122.50",
="030338","玉晶光凱基52購02","15,000","2","20,830","1.51","1.51","1.38","1.38","-","0.05","1.39","10","1.49","10","443.50",
="030339","世芯凱基54購07","86,000","5","300,270","3.82","3.82","3.43","3.44","-","0.34","3.42","100","3.45","10","3,700.00",
="03033U","南亞科統一53售02","730,000","14","42,200","0.06","0.06","0.05","0.06"," ","0.00","0.06","90","0.07","815","0.00",
="030340","亞翔凱基54購02","0","0","0","--","--","--","--"," ","0.00","3.95","10","4.05","10","358.50",
="030341","台塑化凱基52購01","15,000","1","10,800","0.72","0.72","0.72","0.72"," ","0.00","0.76","10","0.86","10","39.25",
="030342","緯穎凱基52購02","308,000","8","1,160,340","3.87","3.87","3.75","3.76","-","0.08","3.78","100","3.81","10","3,140.00",
="030343","AES凱基57購03","96,000","10","190,290","2.03","2.09","1.92","1.92","-","0.07","1.89","100","1.95","10","1,195.00",
="030344","南電凱基58購01","0","0","0","--","--","--","--"," ","0.00","4.35","100","--","0","234.50",
="030345","振樺電凱基52購01","24,000","3","22,120","0.92","0.94","0.92","0.94"," ","0.00","0.93","10","0.96","10","229.50",
="030346","世紀鋼凱基52購01","159,000","10","181,010","1.09","1.17","1.06","1.06"," ","0.00","1.03","10","1.05","10","171.50",
="030347","T50正2元大52購02","0","0","0","--","--","--","--"," ","0.00","3.75","100","3.77","10","302.45",
="030348","滬深2X元大57購03","372,000","21","1,064,780","2.90","3.08","2.72","2.72","-","0.16","2.79","250","2.80","100","19.04",
="030349","滬深2X元大58購01","745,000","6","1,333,650","1.75","1.85","1.67","1.67","-","0.11","1.70","250","1.71","100","19.04",
="03034U","長榮統一4B售08","0","0","0","--","--","--","--"," ","0.00","0.51","10","0.52","10","0.00",
="030350","滬深2X元大5A購01","15,000","13","38,580","2.56","2.75","2.43","2.43","-","0.03","2.49","250","2.50","100","19.04",
="030351","元金2X元大52購01","9,000","4","20,270","2.24","2.27","2.24","2.26","+","0.24","2.21","100","2.26","10","70.40",
="030352","台塑元大52購04","0","0","0","--","--","--","--"," ","0.00","0.84","499","0.85","10","38.60",
="030353","台塑元大52購05","0","0","0","--","--","--","--"," ","0.00","0.84","499","0.85","10","38.60",
="030354","台塑元大52購06","10,000","1","7,000","0.70","0.70","0.70","0.70","X","0.00","0.69","499","0.71","10","38.60",
="030355","南亞元大52購06","15,000","2","42,900","2.86","2.86","2.86","2.86","+","0.40","2.34","10","2.38","10","39.80",
="030356","南亞元大52購07","14,000","2","30,040","2.22","2.22","1.96","1.96","+","0.03","1.80","400","1.83","10","39.80",
="030357","南亞元大52購08","175,000","16","360,960","2.25","2.27","1.78","1.78","-","0.15","1.75","400","1.78","8","39.80",
="030358","光寶科元大52購01","52,000","10","199,610","3.72","4.40","3.72","4.40","+","0.25","3.86","200","5.00","6","183.00",
="030359","光寶科元大52購02","3,000","2","7,860","2.52","2.67","2.52","2.67","-","0.15","2.59","300","--","0","183.00",
="03035U","長榮統一53售04","36,000","4","31,780","0.88","0.89","0.88","0.89","+","0.04","0.88","10","0.89","10","0.00",
="03035X","元展32","0","0","0","--","--","--","--"," ","0.00","12.60","100","12.80","10","27.80",
="030360","華通元大52購01","123,000","9","268,800","2.46","2.46","2.04","2.04","-","0.35","2.03","300","2.04","10","77.00",
="030361","華通元大52購02","0","0","0","--","--","--","--"," ","0.00","2.98","250","3.03","10","77.00",
="030362","台積電元大54購19","324,000","10","598,320","1.77","1.88","1.77","1.87","+","0.24","1.80","1","--","0","1,340.00",
="030363","矽統元大52購01","27,000","7","40,290","1.51","1.52","1.46","1.46","-","0.17","1.44","450","1.46","5","58.60",
="030364","矽統元大52購02","15,000","2","28,100","1.88","1.88","1.87","1.87","-","0.05","1.72","400","1.74","10","58.60",
="030365","燿華元大52購01","0","0","0","--","--","--","--"," ","0.00","2.25","300","2.28","10","27.50",
="030366","漢唐元大52購02","0","0","0","--","--","--","--"," ","0.00","1.48","25","1.58","10","987.00",
="030367","京元電元大54購01","3,000","2","7,920","2.64","2.64","2.64","2.64","-","0.36","2.50","250","2.60","10","167.00",
="030368","聯發科元大52購05","281,000","15","138,980","0.53","0.53","0.48","0.48","-","0.08","0.45","30","0.47","10","1,375.00",
="030369","全新元大52購01","321,000","16","232,920","0.80","0.80","0.68","0.70","-","0.15","0.68","499","0.69","10","160.00",
="03036U","萬海統一4B售03","0","0","0","--","--","--","--"," ","0.00","0.61","10","0.62","10","0.00",
="030370","全新元大52購02","0","0","0","--","--","--","--"," ","0.00","1.08","499","1.10","10","160.00",
="030371","宏達電元大52購02","0","0","0","--","--","--","--"," ","0.00","9.90","100","--","0","64.60",
="030372","宏達電元大52購03","1,000","1","11,700","11.70","11.70","11.70","11.70","-","0.50","11.20","50","11.40","10","64.60",
="030373","宏達電元大52購04","0","0","0","--","--","--","--"," ","0.00","8.75","100","--","0","64.60",
="030374","台新金元大52購01","5,000","1","5,750","1.15","1.15","1.15","1.15","X","0.00","1.17","499","1.20","10","17.65",
="030375","大立光元大52購03","596,000","18","494,350","0.85","0.85","0.81","0.85"," ","0.00","0.84","500","0.86","10","2,360.00",
="030376","大立光元大54購02","51,000","7","36,530","0.73","0.73","0.70","0.73","-","0.04","0.72","499","0.74","10","2,360.00",
="030377","景碩元大52購03","45,000","5","35,350","0.78","0.80","0.78","0.78"," ","0.00","0.71","499","0.73","10","111.50",
="030378","世芯元大52購11","12,000","4","17,680","1.61","1.61","1.46","1.47","-","0.23","0.21","47","--","0","3,700.00",
="030379","材料元大52購05","396,000","12","254,670","0.65","0.65","0.64","0.64","-","0.02","0.64","499","0.65","10","66.40",
="03037U","萬海統一53售02","0","0","0","--","--","--","--"," ","0.00","1.08","20","1.09","10","0.00",
="030380","材料元大52購06","204,000","3","27,480","0.14","0.14","0.12","0.12","-","0.01","0.12","535","0.13","10","66.40",
="030381","祥碩元大54購01","258,000","2","79,880","0.31","0.31","0.30","0.30","+","0.01","0.30","499","0.31","10","1,525.00",
="030382","台郡元大52購01","141,000","5","198,210","1.50","1.53","1.39","1.53","-","0.12","1.40","499","1.43","10","66.80",
="030383","力積電元大52購01","0","0","0","--","--","--","--"," ","0.00","3.26","5","--","0","23.45",
="030384","AES元大54購01","2,000","1","1,380","0.69","0.69","0.69","0.69","-","0.01","0.64","499","0.65","10","1,195.00",
="030385","富世達元大54購04","291,000","14","467,660","1.57","1.71","1.56","1.71","+","0.21","1.62","499","1.67","10","1,010.00",
="030386","南電元大52購03","200,000","2","526,000","2.65","2.65","2.61","2.61","+","0.39","2.38","300","--","0","234.50",
="030387","南電元大54購01","107,000","17","298,950","2.99","3.03","2.63","2.63","-","0.12","2.61","300","2.63","10","234.50",
="030388","南電元大58購01","3,000","2","7,740","2.72","2.72","2.51","2.51","+","0.09","2.38","300","--","0","234.50",
="030389","泰金寶元大52購02","13,000","6","10,460","0.83","0.83","0.80","0.80","-","0.02","0.79","499","0.80","10","6.02",
="03038U","奇鋐統一53售02","0","0","0","--","--","--","--"," ","0.00","0.11","60","0.12","10","0.00",
="03038X","元展35","0","0","0","--","--","--","--"," ","0.00","17.20","100","18.20","10","71.10",
="030390","臺股指元大52購10","39,000","6","161,710","4.10","4.37","4.10","4.37","+","0.47","4.28","499","4.29","10","0.00",
="030391","台塑群益52購01","798,000","2","340,150","0.43","0.43","0.42","0.42","+","0.03","0.39","1","0.48","10","38.60",
="030392","台塑群益52購02","0","0","0","--","--","--","--"," ","0.00","0.35","10","0.45","10","38.60",
="030393","國喬群益53購01","0","0","0","--","--","--","--"," ","0.00","0.25","25","0.26","10","9.51",
="030394","台化群益53購01","0","0","0","--","--","--","--"," ","0.00","0.73","25","0.74","10","28.95",
="030395","聚陽群益52購01","32,000","2","108,100","3.39","3.39","3.37","3.37","X","0.00","1.02","10","6.10","10","294.00",
="030396","華城群益54購06","41,000","4","80,400","3.20","3.20","1.59","1.63","+","0.03","0.58","17","--","0","586.00",
="030397","大成鋼群益53購01","428,000","15","267,830","0.67","0.67","0.60","0.60","-","0.02","0.59","60","0.69","10","37.90",
="030398","光寶科群益52購01","54,000","5","216,830","4.00","4.44","4.00","4.13","+","0.20","4.08","25","4.44","20","183.00",
="03039U","緯穎統一53售02","164,000","4","27,440","0.16","0.17","0.16","0.16","-","0.01","0.15","10","0.16","10","0.00",
="03039X","元展36","0","0","0","--","--","--","--"," ","0.00","48.10","100","49.10","10","684.00",
="030400","全新群益52購01","0","0","0","--","--","--","--"," ","0.00","--","0","4.06","10","160.00",
="030401","漢翔群益52購02","0","0","0","--","--","--","--"," ","0.00","2.52","3","--","0","62.60",
="030402","大立光群益52購05","56,000","5","97,320","1.74","1.77","1.72","1.77","-","0.05","1.77","100","1.87","100","2,360.00",
="030403","欣興群益55購02","97,000","7","126,280","1.39","1.39","1.25","1.25","+","0.03","1.24","100","1.26","100","159.00",
="030404","材料群益52購13","0","0","0","--","--","--","--"," ","0.00","0.21","10","0.31","10","66.40",
="030405","南寶群益52購01","191,000","6","519,190","2.71","2.73","2.58","2.73","-","0.01","1.12","8","--","0","416.50",
="030406","台塑化群益53購01","0","0","0","--","--","--","--"," ","0.00","0.08","20","--","0","39.25",
="030407","台塑中信52購02","0","0","0","--","--","--","--"," ","0.00","0.43","499","0.44","10","0.00",
="030408","中鴻中信52購01","15,000","2","7,050","0.48","0.48","0.45","0.45","-","0.03","0.43","10","0.44","10","0.00",
="030409","智邦中信53購01","172,000","7","264,380","1.49","1.57","1.49","1.55","+","0.07","1.54","499","1.57","10","0.00",
="03040U","中砂元大4B售06","0","0","0","--","--","--","--"," ","0.00","0.45","499","0.46","200","0.00",
="030410","台塑化中信52購01","0","0","0","--","--","--","--"," ","0.00","0.15","499","0.16","10","0.00",
="030411","臺股指中信54購07","16,000","13","24,710","1.45","1.59","1.45","1.55","+","0.10","1.55","495","1.56","100","0.00",
="030412","台灣50永豐58購01","503,000","3","855,780","1.66","1.71","1.66","1.71","+","0.25","1.67","10","1.74","10","58.45",
="030413","元金2X永豐58購01","34,000","6","87,370","2.57","2.60","2.56","2.57","+","0.24","2.58","10","2.59","10","70.40",
="030414","華城永豐53購03","0","0","0","--","--","--","--"," ","0.00","0.46","10","0.47","10","586.00",
="030415","光寶科永豐52購01","9,000","3","37,050","4.18","4.18","3.88","3.91","+","0.11","3.84","10","--","0","183.00",
="030416","台達電永豐52購03","2,000","1","9,320","4.66","4.66","4.66","4.66","+","0.26","4.38","10","--","0","893.00",
="030417","台達電永豐54購01","10,000","2","103,500","10.60","10.60","10.10","10.10","-","0.40","9.80","10","--","0","893.00",
="030418","台積電永豐55購04","81,000","5","117,150","1.38","1.47","1.38","1.47","+","0.17","0.49","20","--","0","1,340.00",
="030419","宏碁永豐53購01","107,000","5","130,840","1.23","1.23","1.20","1.22"," ","0.00","1.23","10","1.24","10","31.20",
="03041U","台光電元大4B售12","0","0","0","--","--","--","--"," ","0.00","0.01","625","0.11","10","0.00",
="030420","金像電永豐52購08","518,000","23","723,260","1.45","1.45","1.34","1.37","+","0.05","1.35","10","1.36","10","455.00",
="030421","台光電永豐52購09","500,000","22","595,890","1.10","1.26","1.10","1.18","+","0.18","1.14","10","1.15","10","1,345.00",
="030422","台光電永豐53購04","776,000","17","886,820","1.04","1.23","1.04","1.12","+","0.15","1.10","10","1.12","10","1,345.00",
="030423","台光電永豐54購02","184,000","14","174,640","0.89","1.09","0.86","1.03","+","0.17","0.98","10","0.99","10","1,345.00",
="030424","奇鋐永豐52購01","60,000","11","71,010","1.32","1.32","1.04","1.04","-","0.03","1.04","22","1.11","10","1,015.00",
="030425","奇鋐永豐55購01","564,000","27","735,660","1.33","1.35","1.15","1.16","-","0.01","1.15","22","1.16","9","1,015.00",
="030426","德律永豐54購01","0","0","0","--","--","--","--"," ","0.00","2.17","499","2.19","10","189.00",
="030427","智原永豐54購01","246,000","20","421,790","1.58","1.86","1.58","1.64","+","0.28","1.59","10","1.62","10","174.00",
="030428","緯創永豐52購02","198,000","13","126,800","0.62","0.67","0.61","0.61","+","0.05","0.60","10","0.61","10","122.50",
="030429","世芯永豐52購08","45,000","4","26,100","0.61","0.61","0.55","0.55","-","0.13","0.52","10","0.53","10","3,700.00",
="03042U","南亞科元大4B售04","0","0","0","--","--","--","--"," ","0.00","0.01","25","0.11","10","0.00",
="030430","神達永豐53購05","496,000","26","1,218,280","2.58","2.63","2.36","2.57","+","0.23","2.52","10","2.57","9","90.00",
="030431","臻鼎永豐52購02","10,000","5","53,840","5.65","5.75","4.72","4.72","-","0.13","4.72","10","4.82","10","171.50",
="030432","祥碩永豐53購01","0","0","0","--","--","--","--"," ","0.00","0.32","15","0.33","10","1,525.00",
="030433","聯茂永豐54購01","114,000","8","73,780","0.72","0.72","0.64","0.64","-","0.06","0.63","10","0.64","10","111.50",
="030434","愛普永豐52購03","62,000","4","50,010","0.74","0.83","0.74","0.81","-","0.02","0.81","499","0.83","10","344.00",
="030435","愛普永豐53購03","2,000","1","2,200","1.10","1.10","1.10","1.10"," ","0.00","1.00","2","--","0","344.00",
="030439","台積電統一54購01","3,795,000","225","3,901,210","0.94","1.08","0.94","1.03","+","0.10","1.02","36","1.03","208","1,340.00",
="03043U","長榮元大4B售08","0","0","0","--","--","--","--"," ","0.00","2.29","350","2.39","10","0.00",
="030440","緯穎永豐52購04","90,000","7","81,620","0.92","0.92","0.89","0.89"," ","0.00","0.87","10","0.89","10","3,140.00",
="030443","鴻海台新52購01","16,000","14","54,140","3.22","3.41","3.22","3.41","+","0.43","3.36","10","3.41","10","0.00",
="030445","台塑兆豐53購01","0","0","0","--","--","--","--"," ","0.00","0.55","10","0.57","10","38.60",
="030446","川湖兆豐53購02","6,000","1","12,780","2.13","2.13","2.13","2.13","+","0.04","2.03","10","2.09","10","3,220.00",
="030447","華通兆豐53購01","29,000","2","57,510","1.99","1.99","1.79","1.79","X","0.00","1.77","10","1.79","10","77.00",
="030448","聯發科兆豐53購03","1,379,000","43","733,910","0.56","0.56","0.51","0.52","-","0.06","0.52","15","--","0","1,375.00",
="030449","大立光兆豐53購02","0","0","0","--","--","--","--"," ","0.00","1.04","10","1.06","10","2,360.00",
="03044U","萬海元大4B售05","0","0","0","--","--","--","--"," ","0.00","2.72","300","2.82","10","0.00",
="030455","世芯兆豐54購02","37,000","9","28,420","0.78","0.78","0.70","0.71","-","0.09","0.78","10","0.81","10","3,700.00",
="030456","愛普兆豐53購01","150,000","7","199,480","1.35","1.35","1.31","1.32","-","0.03","1.34","10","1.36","10","344.00",
="030457","亞泥富邦53購01","445,000","8","140,360","0.31","0.32","0.30","0.32","-","0.02","0.31","10","0.32","10","0.00",
="030459","華城富邦54購03","0","0","0","--","--","--","--"," ","0.00","0.55","10","0.56","10","0.00",
="03045U","貿聯元大4B售10","0","0","0","--","--","--","--"," ","0.00","--","0","0.10","10","0.00",
="030460","華城富邦55購01","5,000","2","2,610","0.51","0.54","0.51","0.54","-","0.01","0.52","10","0.53","10","0.00",
="030461","大成鋼富邦55購01","0","0","0","--","--","--","--"," ","0.00","0.53","10","0.54","10","0.00",
="030462","華邦電富邦52購02","0","0","0","--","--","--","--"," ","0.00","6.70","10","6.90","10","0.00",
="030463","矽統富邦55購01","79,000","2","92,070","1.17","1.17","1.13","1.13","-","0.11","1.11","10","1.12","10","0.00",
="030464","台光電富邦56購01","1,183,000","83","1,819,640","1.43","1.72","1.43","1.58","+","0.23","1.54","10","1.56","10","0.00",
="030465","南亞科富邦55購01","0","0","0","--","--","--","--"," ","0.00","3.68","10","3.78","10","0.00",
="030466","奇鋐富邦54購03","166,000","18","270,500","1.74","1.74","1.44","1.44","-","0.03","1.47","10","1.48","10","0.00",
="030467","奇鋐富邦55購01","21,000","4","34,630","1.68","1.68","1.48","1.48"," ","0.00","1.47","10","1.49","10","0.00",
="030468","神達富邦52購01","320,000","41","530,800","1.73","1.78","1.61","1.69","+","0.11","1.69","8","1.70","10","0.00",
="030469","AES富邦55購01","1,000","1","820","0.82","0.82","0.82","0.82","-","0.07","0.76","10","0.78","10","0.00",
="03046U","貿聯元大4B售11","0","0","0","--","--","--","--"," ","0.00","--","0","0.10","10","0.00",
="030470","AES富邦55購02","73,000","5","52,640","0.76","0.76","0.70","0.70","-","0.13","0.69","10","0.70","10","0.00",
="030471","台玻元富52購01","192,000","5","670,660","3.58","3.70","3.26","3.26","-","0.32","3.12","25","3.15","25","25.95",
="030472","台玻元富52購02","10,000","1","36,500","3.65","3.65","3.65","3.65","-","0.01","3.22","25","3.25","25","25.95",
="030473","台玻元富52購03","684,000","28","1,180,780","2.05","2.05","1.66","1.71","-","0.30","1.68","25","1.69","25","25.95",
="030474","智邦元富52購02","0","0","0","--","--","--","--"," ","0.00","2.98","25","3.06","25","1,005.00",
="030475","金像電元富52購01","71,000","8","112,670","1.60","1.63","1.55","1.57","+","0.06","1.55","35","1.65","10","455.00",
="030476","台光電元富52購02","38,000","9","122,770","2.86","3.67","2.80","3.23","+","0.55","3.17","25","3.27","10","1,345.00",
="030477","全新元富52購01","12,000","1","52,920","4.41","4.41","4.41","4.41","-","0.59","4.07","25","4.17","10","160.00",
="030478","一詮元富52購01","0","0","0","--","--","--","--"," ","0.00","2.73","25","2.75","25","82.30",
="030479","皇昌元富52購02","0","0","0","--","--","--","--"," ","0.00","2.82","25","2.84","25","72.70",
="03047U","緯穎元大4B售09","0","0","0","--","--","--","--"," ","0.00","--","0","0.10","10","0.00",
="03047X","元展44","0","0","0","--","--","--","--"," ","0.00","17.80","100","17.90","10","24.05",
="030480","萬海元富52購01","0","0","0","--","--","--","--"," ","0.00","0.59","25","0.60","25","77.90",
="030481","奇鋐元富58購01","50,000","4","107,000","2.20","2.20","2.05","2.05","-","0.19","2.02","25","2.12","10","1,015.00",
="030482","南寶元富52購01","237,000","8","395,470","1.67","1.67","1.64","1.64","-","0.04","1.70","1","1.71","10","416.50",
="030483","愛普元富52購01","24,000","2","43,490","1.81","1.82","1.81","1.82","-","0.05","0.73","13","2.20","5","344.00",
="030484","緯穎元富53購04","37,000","9","93,450","2.42","2.60","2.42","2.53","-","0.04","2.53","25","2.54","25","3,140.00",
="030485","富世達元富52購01","39,000","5","159,370","3.86","4.38","3.83","4.38","+","0.81","3.99","25","4.09","10","1,010.00",
="030486","南電元富52購01","72,000","4","369,600","5.50","5.60","5.05","5.15","+","0.15","4.67","25","4.75","25","234.50",
="030487","菱光元富52購01","22,000","3","38,160","1.57","1.81","1.57","1.81","+","0.33","1.70","25","1.71","25","60.90",
="030488","羅昇元富52購01","0","0","0","--","--","--","--"," ","0.00","1.82","25","1.83","25","99.50",
="030489","中502X國票53購01","50,000","2","104,000","2.08","2.08","2.08","2.08","-","0.20","2.02","25","2.03","10","13.10",
="03048U","FB台50凱基4B售02","0","0","0","--","--","--","--"," ","0.00","--","0","0.10","10","0.00",
="030490","台玻國票54購01","78,000","6","283,240","3.75","3.75","3.39","3.39","-","0.19","3.29","25","3.30","10","25.95",
="030493","大亞凱基4C購01","0","0","0","--","--","--","--"," ","0.00","0.02","10","0.04","50","39.85",
="030494","大亞凱基4C購02","0","0","0","--","--","--","--"," ","0.00","0.03","10","0.05","50","39.85",
="030495","國巨國票54購01","13,000","3","75,200","5.80","5.80","5.70","5.70","-","0.10","5.70","25","--","0","176.00",
="030496","智邦國票53購01","5,000","1","18,050","3.61","3.61","3.61","3.61","+","0.37","3.43","25","3.53","10","1,005.00",
="030497","矽統國票53購01","83,000","3","184,260","2.22","2.25","2.16","2.16","-","0.34","2.12","25","2.13","10","58.60",
="030498","金像電國票53購02","16,000","7","64,650","4.08","4.20","3.98","3.98","+","0.15","3.97","25","3.98","10","455.00",
="030499","台光電國票5A購01","4,000","2","8,940","2.22","2.24","2.22","2.24","+","0.33","2.17","25","2.20","10","1,345.00",
="03049U","國泰金凱基4C售01","0","0","0","--","--","--","--"," ","0.00","0.02","100","0.12","10","0.00",
="03049X","元展46","0","0","0","--","--","--","--"," ","0.00","21.60","100","21.80","10","129.00",
="030500","宏達電國票54購01","0","0","0","--","--","--","--"," ","0.00","10.00","25","--","0","64.60",
="030501","貿聯國票53購02","0","0","0","--","--","--","--"," ","0.00","4.03","26","--","0","1,085.00",
="030502","神達國票53購02","4,000","2","21,050","5.30","5.30","5.15","5.15","+","0.21","5.25","25","5.30","10","90.00",
="030503","正文國票53購01","0","0","0","--","--","--","--"," ","0.00","0.95","25","0.96","10","25.35",
="030504","台塑化國票53購02","0","0","0","--","--","--","--"," ","0.00","1.37","25","1.38","10","39.25",
="030505","大同凱基4C購01","34,000","2","630","0.01","0.02","0.01","0.02","X","0.00","0.01","130","0.03","30","39.85",
="030506","大同凱基4C購02","0","0","0","--","--","--","--"," ","0.00","0.01","100","0.03","50","39.85",
="030507","大同凱基4C購03","0","0","0","--","--","--","--"," ","0.00","0.01","599","0.02","500","39.85",
="030508","愛普國票54購01","105,000","22","219,230","2.19","2.19","1.97","2.15","-","0.07","2.17","25","2.18","10","344.00",
="030509","菱光國票53購01","22,000","3","39,950","1.62","1.83","1.62","1.83","+","0.30","1.76","25","1.77","10","60.90",
="03050U","碩天凱基4C售01","36,000","2","44,120","1.22","1.24","1.22","1.24","+","0.09","1.21","10","1.22","10","0.00",
="03050X","元展47","2,000","1","16,200","8.10","8.10","8.10","8.10","X","0.00","8.05","1","9.70","10","29.80",
="030510","華城國泰53購02","0","0","0","--","--","--","--"," ","0.00","0.38","499","0.39","100","586.00",
="030511","中鴻國泰53購01","80,000","1","98,400","1.23","1.23","1.23","1.23","X","0.00","1.13","499","1.15","170","15.90",
="030512","大成鋼國泰53購01","3,000","1","3,120","1.04","1.04","1.04","1.04","X","0.00","0.98","499","1.00","100","37.90",
="030513","上銀國泰53購01","1,000","1","1,540","1.54","1.54","1.54","1.54","-","0.06","1.52","499","1.54","498","217.50",
="030514","光寶科國泰53購02","0","0","0","--","--","--","--"," ","0.00","5.45","499","--","0","183.00",
="030515","建準國泰53購01","35,000","4","55,560","1.62","1.67","1.45","1.45"," ","0.00","1.36","499","1.37","100","129.00",
="030516","長榮國泰54購01","20,000","1","16,200","0.81","0.81","0.81","0.81","X","0.00","0.80","499","0.81","499","182.00",
="030517","長榮太國泰53購01","0","0","0","--","--","--","--"," ","0.00","4.87","499","4.93","10","168.50",
="030518","滬深2X凱基59購02","48,000","12","119,810","2.70","2.76","2.40","2.47","-","0.06","2.47","90","2.48","50","19.04",
="030519","台塑凱基52購02","0","0","0","--","--","--","--"," ","0.00","1.15","10","1.16","10","38.60",
="03051U","世芯凱基4B售04","0","0","0","--","--","--","--"," ","0.00","--","0","0.06","159","0.00",
="030520","聚陽凱基52購02","6,000","1","9,300","1.55","1.55","1.55","1.55","X","0.00","1.55","10","1.65","10","294.00",
="030521","台玻凱基54購01","2,000","1","8,560","4.28","4.28","4.28","4.28","-","0.20","4.24","10","4.26","10","25.95",
="030522","允強凱基52購01","59,000","1","49,560","0.84","0.84","0.84","0.84","-","0.05","0.79","10","0.81","10","19.75",
="030523","光寶科凱基55購01","0","0","0","--","--","--","--"," ","0.00","4.73","100","4.83","10","183.00",
="030524","聯電凱基52購02","236,000","24","245,960","0.95","1.16","0.95","1.08","+","0.16","1.05","10","1.15","10","43.90",
="030525","台達電凱基52購02","0","0","0","--","--","--","--"," ","0.00","8.05","50","8.55","10","893.00",
="030526","鴻海凱基56購03","184,000","20","463,190","2.44","2.60","2.44","2.55","+","0.20","2.54","499","2.55","499","221.00",
="030527","智邦凱基52購03","0","0","0","--","--","--","--"," ","0.00","2.97","10","3.06","10","1,005.00",
="030528","金像電凱基57購01","23,000","9","84,210","3.70","3.71","3.56","3.66","+","0.28","3.53","100","3.56","10","455.00",
="030529","台光電凱基52購05","314,000","16","531,720","1.42","1.88","1.42","1.72","+","0.29","1.65","110","1.69","10","1,345.00",
="03052U","貿聯凱基4B售07","0","0","0","--","--","--","--"," ","0.00","--","0","0.04","20","0.00",
="030530","聯發科凱基52購08","98,000","7","100,790","1.03","1.03","0.98","0.98","-","0.17","0.97","100","0.98","7","1,375.00",
="030531","漢翔凱基52購01","1,000","1","6,650","6.65","6.65","6.65","6.65","-","2.35","6.55","50","7.80","5","62.60",
="030532","長榮太凱基52購02","0","0","0","--","--","--","--"," ","0.00","3.67","100","3.77","10","168.50",
="030533","奇鋐凱基55購03","0","0","0","--","--","--","--"," ","0.00","2.41","100","2.51","10","1,015.00",
="030534","智原凱基52購05","82,000","13","174,710","2.08","2.29","2.05","2.05","+","0.31","2.00","100","2.10","10","174.00",
="030535","欣興凱基57購01","13,000","3","25,020","1.94","1.97","1.90","1.97","X","0.00","1.84","100","--","0","159.00",
="030536","世芯凱基52購09","0","0","0","--","--","--","--"," ","0.00","0.88","100","0.90","10","3,700.00",
="030537","神達凱基52購02","62,000","10","241,490","3.96","4.17","3.80","4.09","+","0.48","3.98","100","4.00","10","90.00",
="030538","南寶凱基52購02","0","0","0","--","--","--","--"," ","0.00","2.18","10","2.28","10","416.50",
="030539","飛捷凱基52購01","86,000","3","73,100","0.85","0.85","0.85","0.85","+","0.02","0.84","100","0.86","10","106.50",
="03053U","矽力凱基4B售02","0","0","0","--","--","--","--"," ","0.00","2.98","10","3.08","10","0.00",
="030540","台郡凱基52購02","0","0","0","--","--","--","--"," ","0.00","1.85","10","1.87","10","66.80",
="030541","台塑化凱基52購02","0","0","0","--","--","--","--"," ","0.00","1.24","10","1.34","10","39.25",
="030542","穎崴凱基52購02","0","0","0","--","--","--","--"," ","0.00","6.70","50","--","0","2,015.00",
="030543","愛普凱基52購01","22,000","1","45,100","2.05","2.05","2.05","2.05","X","0.00","2.04","100","2.07","10","344.00",
="030544","愛普凱基54購01","125,000","9","227,710","1.82","1.89","1.64","1.83","-","0.08","1.85","100","1.88","10","344.00",
="030545","緯穎凱基52購03","0","0","0","--","--","--","--"," ","0.00","1.97","100","2.07","10","3,140.00",
="030546","世紀鋼凱基54購02","10,000","1","8,200","0.82","0.82","0.82","0.82","X","0.00","0.75","10","0.76","10","171.50",
="030547","臺股指凱基52購10","0","0","0","--","--","--","--"," ","0.00","5.70","100","5.75","10","0.00",
="030548","台泥統一57購01","521,000","7","246,750","0.46","0.49","0.46","0.47","-","0.09","0.46","41","0.47","10","23.75",
="030549","亞泥統一58購01","0","0","0","--","--","--","--"," ","0.00","0.42","10","0.43","10","36.85",
="03054U","台積電永豐55售02","426,000","6","56,630","0.14","0.14","0.13","0.13","-","0.02","0.03","30","--","0","0.00",
="030550","台塑統一56購02","0","0","0","--","--","--","--"," ","0.00","0.37","10","0.38","10","38.60",
="030551","台塑統一58購01","0","0","0","--","--","--","--"," ","0.00","0.40","10","0.41","10","38.60",
="030552","台塑統一58購02","0","0","0","--","--","--","--"," ","0.00","0.45","10","0.46","10","38.60",
="030553","三芳統一58購01","0","0","0","--","--","--","--"," ","0.00","0.38","10","0.39","10","30.30",
="030554","台化統一58購01","0","0","0","--","--","--","--"," ","0.00","0.50","10","0.51","10","28.95",
="030555","台化統一58購02","23,000","2","15,390","0.67","0.67","0.65","0.65"," ","0.00","0.64","10","0.65","10","28.95",
="030556","華城統一56購04","0","0","0","--","--","--","--"," ","0.00","0.40","10","0.41","10","586.00",
="030557","華城統一58購01","0","0","0","--","--","--","--"," ","0.00","0.44","10","0.45","10","586.00",
="030558","華新統一56購03","1,215,000","31","850,210","0.74","0.74","0.66","0.69","-","0.04","0.68","13","0.69","8","24.05",
="030559","華新統一56購04","81,000","3","65,620","0.82","0.82","0.81","0.81","-","0.01","0.80","10","0.81","10","24.05",
="03055U","台光電群益51售04","0","0","0","--","--","--","--"," ","0.00","0.01","499","--","0","0.00",
="030560","華新統一57購01","41,000","3","35,630","0.87","0.87","0.83","0.83","-","0.01","0.81","10","0.82","10","24.05",
="030561","台玻統一57購03","615,000","39","435,960","0.74","0.74","0.64","0.64","-","0.06","0.64","107","0.66","10","25.95",
="030562","台玻統一58購02","70,000","10","58,290","0.88","0.89","0.77","0.77","-","0.09","0.77","11","0.78","10","25.95",
="030563","中鴻統一57購01","0","0","0","--","--","--","--"," ","0.00","0.61","10","0.62","10","15.90",
="030564","大成鋼統一58購02","141,000","9","91,550","0.66","0.66","0.64","0.64","-","0.01","0.63","11","0.64","10","37.90",
="030565","上銀統一57購03","14,000","2","8,300","0.60","0.60","0.59","0.59","-","0.02","0.58","10","0.59","10","217.50",
="030566","川湖統一57購03","82,000","5","74,560","0.93","0.93","0.89","0.89","-","0.03","0.89","10","0.90","10","3,220.00",
="030567","川湖統一58購03","76,000","4","71,400","0.94","0.94","0.92","0.92","-","0.03","0.91","10","0.92","8","3,220.00",
="030568","光寶科統一56購02","7,000","1","12,670","1.81","1.81","1.81","1.81","+","0.01","1.87","10","1.92","10","183.00",
="030569","光寶科統一58購01","1,298,000","41","2,091,310","1.62","1.71","1.58","1.65","-","0.11","1.64","10","1.66","10","183.00",
="03056U","SGBR2X凱基4C售02","15,000","2","10,650","0.71","0.71","0.71","0.71","+","0.02","0.71","100","0.72","50","0.00",
="030570","華通統一58購01","216,000","16","214,590","1.04","1.05","0.95","0.95","-","0.07","0.95","10","0.96","10","77.00",
="030571","華通統一58購02","406,000","17","305,410","0.77","0.78","0.71","0.72","-","0.05","0.70","19","0.71","10","77.00",
="030572","仁寶統一57購01","1,033,000","22","687,600","0.70","0.71","0.64","0.64","+","0.01","0.63","20","0.64","10","31.40",
="030573","台積電統一68購01","400,000","31","350,200","0.86","0.89","0.85","0.88","+","0.06","0.87","79","0.88","11","1,340.00",
="030574","智邦統一58購01","875,000","30","718,220","0.82","0.85","0.81","0.82","+","0.04","0.81","10","0.82","25","1,005.00",
="030575","智邦統一58購02","281,000","14","301,540","1.05","1.08","1.04","1.07","+","0.04","1.07","10","1.08","10","1,005.00",
="030576","智邦統一5A購01","1,179,000","18","733,090","0.62","0.63","0.61","0.62","+","0.01","0.61","10","0.63","10","1,005.00",
="030577","英業達統一57購03","74,000","4","49,420","0.67","0.67","0.65","0.65","-","0.01","0.66","10","0.67","10","45.00",
="030578","金像電統一62購01","96,000","15","76,780","0.82","0.82","0.79","0.80","+","0.01","0.79","50","0.80","5","455.00",
="030579","台光電統一58購02","114,000","8","118,430","0.95","1.08","0.95","1.03","+","0.11","1.00","10","1.01","10","1,345.00",
="03057U","台光電凱基4B售05","0","0","0","--","--","--","--"," ","0.00","0.01","100","0.03","30","0.00",
="030580","台光電統一62購01","218,000","12","140,210","0.61","0.66","0.61","0.64","+","0.04","0.64","10","0.65","10","1,345.00",
="030581","南亞科統一58購02","32,000","5","74,600","2.30","2.38","2.25","2.38"," ","0.00","2.38","10","2.42","10","81.00",
="030582","鉅祥統一58購01","0","0","0","--","--","--","--"," ","0.00","1.19","10","1.20","10","108.50",
="030583","長榮統一57購01","25,000","2","11,050","0.45","0.45","0.44","0.44","-","0.03","0.44","10","0.45","10","182.00",
="030584","陽明統一57購01","0","0","0","--","--","--","--"," ","0.00","0.41","10","0.42","10","55.20",
="030585","萬海統一57購01","30,000","1","10,500","0.35","0.35","0.35","0.35","X","0.00","0.35","10","0.36","10","77.90",
="030586","漢翔統一58購01","302,000","20","513,970","1.77","1.77","1.65","1.66","-","0.12","1.63","5","1.64","10","62.60",
="030587","長榮太統一58購01","20,000","2","32,200","1.62","1.62","1.60","1.60","-","0.19","1.62","10","1.64","10","168.50",
="030588","智原統一57購01","1,917,000","52","1,421,070","0.70","0.80","0.68","0.74","+","0.08","0.72","10","0.73","10","174.00",
="030589","文曄統一58購01","0","0","0","--","--","--","--"," ","0.00","0.46","10","0.47","10","137.50",
="03058U","南亞科凱基51售03","0","0","0","--","--","--","--"," ","0.00","0.02","10","0.09","1","0.00",
="030590","欣興統一58購01","90,000","13","62,020","0.68","0.71","0.66","0.66"," ","0.00","0.66","10","0.67","10","159.00",
="030591","緯創統一59購01","172,000","4","127,180","0.72","0.76","0.72","0.73","+","0.04","0.71","10","0.72","10","122.50",
="030592","緯創統一5A購01","288,000","9","188,380","0.65","0.67","0.64","0.64","+","0.02","0.62","10","0.63","10","122.50",
="030593","玉晶光統一58購01","13,000","1","7,540","0.58","0.58","0.58","0.58","+","0.03","0.56","10","0.57","10","443.50",
="030594","健策統一58購01","10,000","1","17,300","1.73","1.73","1.73","1.73","+","0.11","1.73","10","1.74","10","2,355.00",
="030595","健策統一58購02","214,000","19","262,140","1.21","1.26","1.19","1.25","+","0.07","1.21","10","1.22","10","2,355.00",
="030596","貿聯統一58購03","3,000","1","2,430","0.81","0.81","0.81","0.81","-","0.04","0.77","10","0.78","10","1,085.00",
="030597","TPK統一58購02","8,000","3","6,370","0.79","0.82","0.79","0.81","-","0.04","0.80","10","0.81","10","39.30",
="030598","日月光統一57購02","817,000","25","757,880","0.95","0.95","0.89","0.91","+","0.01","0.91","10","0.92","10","174.50",
="030599","南寶統一58購01","700,000","15","598,570","0.87","0.88","0.84","0.86","-","0.02","0.84","10","0.86","10","416.50",
="03059U","長榮凱基4B售11","5,000","1","12,700","2.54","2.54","2.54","2.54","+","0.10","2.56","100","2.60","10","0.00",
="030600","致伸統一58購02","25,000","1","15,500","0.62","0.62","0.62","0.62","+","0.01","0.58","10","0.59","10","78.60",
="030601","臻鼎統一58購01","282,000","14","317,890","1.15","1.16","1.07","1.07","-","0.06","1.08","10","1.09","10","171.50",
="030602","飛捷統一57購02","55,000","1","26,400","0.48","0.48","0.48","0.48","+","0.01","0.47","10","0.48","10","106.50",
="030603","聯茂統一58購02","1,230,000","31","865,560","0.70","0.73","0.66","0.68","-","0.03","0.66","10","0.67","10","111.50",
="030604","同欣電統一58購01","14,000","2","10,060","0.72","0.72","0.70","0.70","-","0.05","0.70","10","0.71","10","120.50",
="030605","台塑化統一58購01","0","0","0","--","--","--","--"," ","0.00","0.37","10","0.38","10","39.25",
="030606","台塑化統一58購02","0","0","0","--","--","--","--"," ","0.00","0.46","10","0.47","10","39.25",
="030607","愛普統一58購01","0","0","0","--","--","--","--"," ","0.00","0.73","10","0.74","10","344.00",
="030608","緯穎統一5B購01","128,000","6","103,390","0.80","0.81","0.79","0.80"," ","0.00","0.81","10","0.82","10","3,140.00",
="030609","緯穎統一62購01","54,000","5","55,620","1.04","1.04","1.02","1.02","-","0.01","1.02","10","1.03","10","3,140.00",
="03060U","陽明凱基4B售02","0","0","0","--","--","--","--"," ","0.00","3.02","10","3.07","10","0.00",
="030610","AES統一57購01","87,000","6","59,380","0.69","0.69","0.67","0.67","-","0.02","0.66","10","0.67","10","1,195.00",
="030611","AES統一58購01","35,000","2","20,700","0.60","0.60","0.59","0.59","-","0.05","0.57","10","0.58","10","1,195.00",
="030612","南電統一58購01","552,000","22","735,050","1.34","1.38","1.21","1.21","-","0.03","1.21","10","1.22","10","234.50",
="030613","億豐統一58購01","30,000","1","22,500","0.75","0.75","0.75","0.75","X","0.00","0.73","10","0.74","10","442.00",
="030614","T50反1元大52購01","210,000","3","34,600","0.17","0.17","0.16","0.16","-","0.03","0.15","101","0.16","10","18.29",
="030615","T50反1元大52購02","25,000","2","5,450","0.25","0.25","0.21","0.21","-","0.05","0.20","1","0.24","10","18.29",
="030616","T50反1元大52購03","2,258,000","28","1,191,760","0.55","0.56","0.51","0.51","-","0.09","0.51","100","0.52","10","18.29",
="030617","臺指反元大56購01","419,000","31","63,980","0.16","0.16","0.15","0.16","-","0.01","0.15","192","0.16","167","2.96",
="030618","台泥元大55購01","1,553,000","25","753,140","0.60","0.60","0.46","0.49","-","0.14","0.48","524","0.49","7","23.75",
="030619","台塑元大52購07","0","0","0","--","--","--","--"," ","0.00","0.91","499","0.92","10","38.60",
="03061U","萬海凱基4B售06","43,000","10","88,250","2.02","2.09","2.02","2.09","+","0.09","2.09","100","2.12","2","0.00",
="030620","台塑元大52購08","1,000","1","1,230","1.23","1.23","1.23","1.23","-","0.02","1.23","499","1.24","10","38.60",
="030621","台塑元大52購09","1,000","1","1,500","1.50","1.50","1.50","1.50","-","0.02","1.50","499","1.51","10","38.60",
="030622","華城元大54購07","38,000","5","9,410","0.23","0.25","0.23","0.25"," ","0.00","0.24","30","0.25","10","586.00",
="030623","台玻元大52購01","0","0","0","--","--","--","--"," ","0.00","1.64","400","1.74","10","25.95",
="030624","台玻元大52購02","10,000","5","28,080","3.01","3.01","2.69","2.70","-","0.26","2.65","250","2.67","10","25.95",
="030625","台玻元大52購03","230,000","11","590,400","2.74","2.78","2.45","2.49","-","0.20","2.45","300","2.46","10","25.95",
="030626","川湖元大52購02","296,000","11","380,980","1.24","1.33","1.24","1.24","-","0.06","1.19","25","1.24","10","3,220.00",
="030627","光寶科元大52購03","304,000","2","842,080","2.77","2.77","2.77","2.77","-","0.08","2.75","250","--","0","183.00",
="030628","台達電元大54購02","8,000","3","47,550","6.15","6.15","5.85","6.00","-","0.25","5.90","25","6.40","10","893.00",
="030629","華通元大52購03","226,000","11","606,920","2.92","2.92","2.53","2.54","-","0.34","2.51","250","2.53","10","77.00",
="03062U","富邦金凱基4B售03","0","0","0","--","--","--","--"," ","0.00","0.01","10","0.11","10","0.00",
="030630","華通元大52購04","286,000","26","856,510","3.21","3.24","2.84","2.84","-","0.26","2.83","250","2.84","10","77.00",
="030631","台積電元大52購13","34,000","8","47,930","1.33","1.45","1.33","1.45","+","0.26","1.37","3","--","0","1,340.00",
="030632","台積電元大54購20","350,000","25","418,250","1.19","1.26","1.16","1.26","+","0.19","1.25","15","1.26","2","1,340.00",
="030633","智邦元大52購01","147,000","5","304,900","2.02","2.16","2.02","2.16","+","0.21","0.12","83","--","0","1,005.00",
="030634","華碩元大52購01","605,000","14","548,930","0.91","0.96","0.86","0.94","+","0.05","0.90","10","0.91","10","684.00",
="030635","致茂元大52購01","5,000","3","38,400","7.75","7.75","7.50","7.50","X","0.00","7.50","100","7.70","10","614.00",
="030636","燿華元大52購02","4,000","2","8,380","2.09","2.11","2.09","2.11","-","0.19","2.08","350","2.11","10","27.50",
="030637","技嘉元大54購01","61,000","5","107,340","1.74","1.76","1.74","1.76","+","0.06","1.72","450","1.74","10","283.00",
="030638","台光電元大52購01","293,000","9","535,380","1.74","2.04","1.74","1.95","+","0.31","1.92","5","1.95","10","1,345.00",
="030639","台光電元大54購08","358,000","14","390,660","1.06","1.33","1.00","1.19","+","0.19","1.14","499","1.18","10","1,345.00",
="03063U","貿聯凱基4B售08","0","0","0","--","--","--","--"," ","0.00","0.02","10","0.04","30","0.00",
="030640","京元電元大52購01","0","0","0","--","--","--","--"," ","0.00","2.16","300","2.26","10","167.00",
="030641","京元電元大54購02","51,000","2","145,710","3.21","3.21","2.85","2.85","-","0.18","2.85","250","2.88","10","167.00",
="030642","聯發科元大52購06","423,000","20","228,070","0.56","0.57","0.52","0.52","-","0.11","0.50","25","0.52","10","1,375.00",
="030643","慧洋元大52購01","20,000","1","22,400","1.12","1.12","1.12","1.12","-","0.10","1.13","499","1.14","10","58.40",
="030644","奇鋐元大54購11","62,000","5","272,000","4.45","4.45","3.58","3.58","-","0.15","3.48","200","3.57","10","1,015.00",
="030645","欣興元大54購08","700,000","23","892,420","1.30","1.33","1.24","1.27","+","0.06","1.22","499","1.23","10","159.00",
="030646","欣興元大56購04","5,000","2","6,470","1.31","1.31","1.29","1.29","+","0.06","1.24","499","1.25","10","159.00",
="030647","健鼎元大52購01","152,000","9","218,070","1.44","1.44","1.38","1.44"," ","0.00","1.43","499","1.45","11","309.50",
="030648","世芯元大52購12","51,000","2","73,490","1.49","1.49","1.44","1.44","-","0.04","0.19","52","1.45","2","3,700.00",
="030649","貿聯元大52購03","18,000","3","18,900","1.05","1.05","1.05","1.05","X","0.00","1.00","549","1.10","10","1,085.00",
="03064U","電子類凱基4B售02","5,000","1","500","0.10","0.10","0.10","0.10","-","0.03","0.08","10","0.09","10","0.00",
="030650","臻鼎元大52購03","0","0","0","--","--","--","--"," ","0.00","3.11","200","3.18","10","171.50",
="030651","聯茂元大52購01","216,000","11","198,540","0.93","0.95","0.89","0.91","-","0.02","0.84","25","0.86","10","111.50",
="030652","愛普元大52購01","15,000","2","19,430","1.29","1.30","1.29","1.30","-","0.03","0.09","111","--","0","344.00",
="030653","愛普元大52購02","1,000","1","1,330","1.33","1.33","1.33","1.33","-","0.05","0.09","111","--","0","344.00",
="030654","愛普元大52購03","316,000","15","156,730","0.54","0.54","0.46","0.53","-","0.02","0.47","3","0.53","20","344.00",
="030655","AES元大52購03","382,000","11","187,050","0.48","0.50","0.44","0.45","-","0.02","0.44","500","0.45","10","1,195.00",
="030656","AES元大54購02","10,000","1","5,500","0.55","0.55","0.55","0.55","+","0.02","0.50","499","0.51","10","1,195.00",
="030657","AES元大56購04","565,000","8","399,080","0.71","0.73","0.69","0.69"," ","0.00","0.66","499","0.67","10","1,195.00",
="030658","南電元大52購05","0","0","0","--","--","--","--"," ","0.00","2.15","350","--","0","234.50",
="030659","南電元大52購06","10,000","1","29,000","2.90","2.90","2.90","2.90","+","0.29","2.56","300","2.66","10","234.50",
="03065U","金融類凱基4C售01","50,000","1","29,500","0.59","0.59","0.59","0.59","-","0.02","0.59","10","0.60","10","0.00",
="030660","上証2X群益52購04","0","0","0","--","--","--","--"," ","0.00","0.13","8","--","0","47.20",
="030661","滬深2X群益52購04","0","0","0","--","--","--","--"," ","0.00","0.28","3","--","0","19.04",
="030662","台玻群益53購04","60,000","3","121,260","2.06","2.06","1.93","1.93","-","0.21","1.89","25","1.95","10","25.95",
="030663","中鴻群益52購02","6,000","1","6,960","1.16","1.16","1.16","1.16","-","0.04","1.12","25","1.15","10","15.90",
="030664","大成鋼群益52購01","20,000","1","20,200","1.01","1.01","1.01","1.01","+","0.08","0.92","499","1.02","10","37.90",
="030665","川湖群益54購04","37,000","2","117,040","3.17","3.17","3.12","3.12","X","0.00","3.00","100","3.06","100","3,220.00",
="030666","台達電群益52購03","14,000","10","164,000","12.00","12.60","11.40","11.40","-","0.20","11.40","1","11.70","1","893.00",
="030667","台達電群益53購01","0","0","0","--","--","--","--"," ","0.00","11.30","100","11.60","3","893.00",
="030668","廣宇群益53購01","0","0","0","--","--","--","--"," ","0.00","2.50","10","2.56","10","54.10",
="030669","智邦群益52購03","76,000","2","104,080","1.37","1.37","1.33","1.33","+","0.11","1.29","100","1.35","100","1,005.00",
="03066U","華邦電統一4B售01","0","0","0","--","--","--","--"," ","0.00","--","0","0.01","10","0.00",
="030670","金像電群益53購02","178,000","8","421,590","2.37","2.44","2.32","2.32","+","0.08","2.29","10","2.39","10","455.00",
="030671","台光電群益52購04","201,000","14","535,830","2.54","2.87","2.54","2.58","+","0.42","0.81","12","--","0","1,345.00",
="030672","台光電群益57購01","221,000","4","320,540","1.44","1.46","1.44","1.45","+","0.20","1.12","1","1.48","2","1,345.00",
="030673","漢唐群益52購04","10,000","1","28,700","2.87","2.87","2.87","2.87","X","0.00","0.88","30","2.93","10","987.00",
="030674","漢唐群益54購01","4,000","4","9,240","2.36","2.40","2.17","2.31","-","0.16","0.80","12","--","0","987.00",
="030675","友達群益53購03","773,000","17","1,020,910","1.38","1.47","1.22","1.37","+","0.12","1.36","100","1.39","100","13.70",
="030676","聯發科群益52購06","925,000","36","826,190","0.91","0.95","0.88","0.88","-","0.12","0.87","10","--","0","1,375.00",
="030677","長榮太群益52購01","0","0","0","--","--","--","--"," ","0.00","--","0","4.07","10","168.50",
="030678","奇鋐群益52購06","240,000","25","369,090","1.59","1.59","1.29","1.29","-","0.01","1.29","1","1.53","3","1,015.00",
="030679","景碩群益58購01","421,000","11","455,280","1.13","1.16","1.03","1.03","-","0.06","0.54","67","--","0","111.50",
="03067U","台光電統一53售03","215,000","2","10,750","0.05","0.05","0.05","0.05","-","0.01","0.04","210","0.05","10","0.00",
="030680","緯創群益53購04","11,000","3","9,460","0.86","0.86","0.86","0.86","X","0.00","0.25","30","--","0","122.50",
="030681","玉晶光群益52購02","9,000","2","15,040","1.68","1.68","1.64","1.64","-","0.18","0.44","22","--","0","443.50",
="030682","世芯群益52購07","24,000","2","19,720","0.83","0.83","0.81","0.81","-","0.07","0.32","31","--","0","3,700.00",
="030683","台塑化群益52購01","0","0","0","--","--","--","--"," ","0.00","--","0","--","0","39.25",
="030684","緯穎群益53購06","147,000","9","144,330","1.00","1.00","0.96","0.99"," ","0.00","0.91","1","1.12","100","3,140.00",
="030685","台灣50兆豐54購02","2,000","2","3,640","1.82","1.82","1.82","1.82","X","0.00","1.80","10","1.81","10","58.45",
="030686","華城兆豐54購02","0","0","0","--","--","--","--"," ","0.00","0.43","10","0.44","10","586.00",
="030687","智邦兆豐54購01","338,000","15","452,320","1.34","1.36","1.31","1.34","+","0.09","1.32","10","1.34","10","1,005.00",
="030688","定穎控兆豐54購01","0","0","0","--","--","--","--"," ","0.00","1.13","6","1.14","10","90.10",
="030689","穎崴兆豐54購01","0","0","0","--","--","--","--"," ","0.00","4.68","10","--","0","2,015.00",
="03068U","萬海統一4B售04","0","0","0","--","--","--","--"," ","0.00","0.81","10","0.82","10","0.00",
="030690","AES兆豐54購02","0","0","0","--","--","--","--"," ","0.00","0.96","10","0.97","10","1,195.00",
="030691","川湖富邦53購01","1,000","1","1,820","1.82","1.82","1.82","1.82","-","0.20","1.71","10","1.72","10","0.00",
="030692","光寶科富邦52購01","0","0","0","--","--","--","--"," ","0.00","4.17","30","4.23","10","0.00",
="030693","微星富邦52購01","0","0","0","--","--","--","--"," ","0.00","0.22","10","0.23","10","0.00",
="030694","毅嘉富邦53購01","1,000","1","2,250","2.25","2.25","2.25","2.25","-","0.04","2.18","10","2.23","10","0.00",
="030695","長榮太富邦54購01","0","0","0","--","--","--","--"," ","0.00","2.37","10","2.42","10","0.00",
="030697","德律富邦54購01","319,000","23","559,150","1.70","1.84","1.65","1.65","-","0.08","1.68","10","1.70","10","0.00",
="030698","欣興富邦56購01","229,000","24","334,160","1.43","1.52","1.41","1.41","+","0.04","1.39","10","1.40","10","0.00",
="030699","定穎控富邦54購01","2,006,000","25","1,164,810","0.62","0.62","0.57","0.57","-","0.04","0.56","509","0.57","10","0.00",
="03069U","S&P500中信52售01","0","0","0","--","--","--","--"," ","0.00","0.24","499","0.25","100","0.00",
="030701","南電富邦52購02","9,000","3","17,910","2.00","2.01","1.98","1.98","+","0.28","1.81","30","1.87","10","0.00",
="030702","定穎控台新52購01","0","0","0","--","--","--","--"," ","0.00","--","0","1.70","10","0.00",
="030704","楠梓電元富55購02","202,000","22","502,240","2.59","2.64","2.14","2.14","-","0.51","1.17","8","2.30","1","103.50",
="030705","所羅門元富52購02","124,000","4","248,940","2.09","2.09","1.98","2.03","-","0.05","1.98","25","2.01","25","144.50",
="030706","致茂元富52購01","108,000","9","430,140","3.87","4.09","3.85","4.09","+","0.46","3.85","25","3.91","25","614.00",
="030708","定穎控元富52購01","39,000","7","106,510","2.79","2.86","2.61","2.61","-","0.15","2.60","25","2.61","25","90.10",
="030709","中磊元富52購01","0","0","0","--","--","--","--"," ","0.00","1.15","25","1.17","25","105.50",
="03070U","美債2X元富4C售01","0","0","0","--","--","--","--"," ","0.00","0.46","25","0.47","25","0.00",
="030711","愛普元富52購02","51,000","3","50,920","0.97","1.02","0.96","1.02","-","0.11","0.32","31","1.11","20","344.00",
="030712","連加元富52購01","0","0","0","--","--","--","--"," ","0.00","0.42","25","0.43","25","606.00",
="030713","昇陽半元富52購01","10,000","4","47,000","4.69","4.77","4.66","4.66","+","0.28","4.25","2","4.32","10","179.50",
="030717","保瑞統一4C購02","0","0","0","--","--","--","--"," ","0.00","0.18","10","0.19","10","693.00",
="030719","A50正2國票56購01","5,000","1","8,300","1.66","1.66","1.66","1.66","X","0.00","1.66","25","1.67","10","32.79",
="03071U","中砂元富4B售04","128,000","7","66,840","0.55","0.55","0.51","0.51","-","0.07","0.51","25","0.52","25","0.00",
="030720","SP黃豆國票53購01","85,000","6","153,750","1.82","1.83","1.79","1.79","-","0.21","1.80","25","1.81","10","19.68",
="030721","元金2X國票56購01","245,000","13","1,530,100","6.25","6.35","6.15","6.15","+","0.45","6.20","25","6.25","10","70.40",
="030722","道瓊銅國票53購03","0","0","0","--","--","--","--"," ","0.00","1.08","25","1.09","10","25.59",
="030723","台塑國票52購03","0","0","0","--","--","--","--"," ","0.00","1.57","25","1.58","10","38.60",
="030724","華新國票53購01","13,000","2","28,260","2.22","2.22","2.10","2.10","-","0.07","2.04","25","2.05","10","24.05",
="030725","華新國票54購01","0","0","0","--","--","--","--"," ","0.00","1.63","25","1.64","10","24.05",
="030726","楠梓電國票53購02","211,000","7","1,205,380","5.75","5.75","4.93","4.93","-","1.27","4.82","2","4.84","10","103.50",
="030727","致茂國票53購02","77,000","7","352,320","4.63","4.77","4.47","4.50","+","0.47","4.38","25","4.41","10","614.00",
="030728","宏達電國票55購02","0","0","0","--","--","--","--"," ","0.00","10.70","25","10.80","10","64.60",
="030729","欣興國票53購01","32,000","1","42,560","1.33","1.33","1.33","1.33","+","0.17","1.20","25","1.30","10","159.00",
="03072U","長榮元富4B售09","0","0","0","--","--","--","--"," ","0.00","1.32","25","1.35","25","0.00",
="030730","晶技國票53購01","376,000","38","390,150","1.05","1.13","0.97","0.99","-","0.36","0.98","25","0.99","3","93.00",
="030731","華擎國票53購01","0","0","0","--","--","--","--"," ","0.00","0.76","25","0.80","10","278.00",
="030732","智易國票53購01","0","0","0","--","--","--","--"," ","0.00","0.75","25","0.77","10","223.00",
="030733","定穎控國票53購02","19,000","4","27,980","1.61","1.61","1.43","1.43","-","0.10","1.41","5","1.43","10","90.10",
="030734","定穎控國票53購03","12,000","4","18,070","1.59","1.59","1.49","1.49","X","0.00","1.40","25","1.46","10","90.10",
="030735","定穎控國票53購04","12,000","1","16,560","1.38","1.38","1.38","1.38","X","0.00","1.29","25","1.35","10","90.10",
="030736","智伸科國票53購01","0","0","0","--","--","--","--"," ","0.00","0.80","25","0.82","10","139.50",
="030737","南寶國票54購01","1,447,000","15","2,816,630","1.97","1.97","1.87","1.92","-","0.02","1.95","25","1.96","10","416.50",
="03073U","臺股指元富4B售14","0","0","0","--","--","--","--"," ","0.00","0.05","25","0.10","10","0.00",
="030740","大同凱基4C購04","0","0","0","--","--","--","--"," ","0.00","0.01","100","0.03","30","39.85",
="030741","洋基國票53購01","0","0","0","--","--","--","--"," ","0.00","1.29","25","1.31","10","449.00",
="030742","T50正2國泰53購02","0","0","0","--","--","--","--"," ","0.00","0.10","50","--","0","302.45",
="030743","國喬國泰53購01","160,000","5","126,200","0.77","0.81","0.77","0.81","+","0.03","0.81","499","0.82","100","9.51",
="030744","士電國泰53購01","38,000","2","32,780","0.87","0.87","0.85","0.85","-","0.05","0.85","499","0.86","100","183.00",
="030745","台玻國泰53購04","0","0","0","--","--","--","--"," ","0.00","1.18","499","1.24","10","25.95",
="030746","聯電國泰53購01","72,000","10","187,550","2.47","2.80","2.47","2.65","+","0.35","2.50","1","2.80","1","43.90",
="030747","智邦國泰53購04","80,000","1","158,400","1.98","1.98","1.98","1.98","X","0.00","1.94","499","1.98","499","1,005.00",
="030748","金像電國泰53購01","18,000","5","65,470","3.68","3.68","3.57","3.57","+","0.22","3.52","499","3.56","100","455.00",
="030749","聯鈞國泰53購02","58,000","12","188,840","3.01","3.45","3.01","3.43","+","0.61","3.43","420","3.60","1","278.00",
="03074U","臺股指元富4B售15","0","0","0","--","--","--","--"," ","0.00","0.02","25","0.12","10","0.00",
="03074X","元展69","0","0","0","--","--","--","--"," ","0.00","24.00","100","24.20","10","17.65",
="030750","日月光國泰53購01","282,000","16","588,440","2.15","2.15","2.00","2.01","+","0.07","0.69","72","--","0","174.50",
="030751","定穎控國泰53購01","73,000","4","130,520","1.87","1.87","1.76","1.76","-","0.09","1.74","499","1.76","100","90.10",
="030752","中磊國泰53購01","125,000","6","96,410","0.73","0.79","0.73","0.79","+","0.09","0.79","499","0.82","499","105.50",
="030753","飛捷國泰53購01","77,000","1","56,210","0.73","0.73","0.73","0.73","+","0.05","0.71","499","0.76","499","106.50",
="030754","緯穎國泰57購01","2,000","2","3,540","1.77","1.77","1.77","1.77","-","0.01","1.76","10","1.77","9","3,140.00",
="030755","華城統一57購01","0","0","0","--","--","--","--"," ","0.00","0.43","10","0.44","10","586.00",
="030756","致茂統一57購02","1,699,000","58","2,094,440","1.19","1.28","1.18","1.20","+","0.04","1.18","10","1.19","10","614.00",
="030757","漢唐統一57購03","137,000","9","141,050","1.04","1.04","0.95","1.01","-","0.02","1.02","10","1.03","10","987.00",
="030758","景碩統一57購04","1,403,000","30","1,088,530","0.77","0.81","0.72","0.72","-","0.05","0.72","10","0.73","10","111.50",
="030759","牧德統一57購01","262,000","5","197,000","0.77","0.77","0.74","0.74","+","0.01","0.74","10","0.75","10","544.00",
="03075U","臺股指元富4B售16","11,000","1","660","0.06","0.06","0.06","0.06","X","0.00","0.06","25","0.10","10","0.00",
="030760","世芯統一57購03","105,000","9","63,330","0.63","0.63","0.58","0.58","-","0.04","0.60","10","0.61","10","3,700.00",
="030761","定穎控統一57購02","347,000","23","211,990","0.65","0.65","0.59","0.59","-","0.04","0.58","10","0.59","10","90.10",
="030762","南寶統一57購01","256,000","7","215,920","0.84","0.85","0.82","0.82","-","0.05","0.81","10","0.82","10","416.50",
="030763","立積統一57購03","353,000","10","319,250","0.94","0.94","0.87","0.87","-","0.07","0.89","10","0.90","10","151.50",
="030764","愛普統一57購02","0","0","0","--","--","--","--"," ","0.00","0.61","10","0.62","10","344.00",
="030765","富世達統一57購02","971,000","14","625,480","0.63","0.69","0.63","0.65","+","0.05","0.64","10","0.65","10","1,010.00",
="030766","T50反1中信62購01","460,000","10","177,300","0.39","0.39","0.38","0.38","-","0.02","0.37","200","0.38","100","0.00",
="030767","臺指反中信62購01","407,000","4","207,610","0.52","0.52","0.50","0.51","-","0.02","0.50","499","0.51","100","0.00",
="030768","道瓊反中信56購01","10,000","1","5,600","0.56","0.56","0.56","0.56","-","0.01","0.55","100","0.56","100","0.00",
="030769","台達電中信58購01","370,000","34","1,217,270","3.39","3.44","3.17","3.18","-","0.17","3.16","10","3.18","9","0.00",
="03076U","臺股指元富4B售17","0","0","0","--","--","--","--"," ","0.00","0.06","10","0.10","10","0.00",
="030770","台塑化中信52購02","20,000","1","7,600","0.38","0.38","0.38","0.38","X","0.00","0.36","499","0.37","10","0.00",
="030771","台灣50永豐58購02","0","0","0","--","--","--","--"," ","0.00","2.65","499","2.67","10","58.45",
="030772","T50反1永豐55購01","167,000","18","70,790","0.45","0.45","0.41","0.43","-","0.06","0.42","10","0.43","16","18.29",
="030773","鴻海永豐52購04","183,000","10","293,500","1.61","1.63","1.59","1.59","X","0.00","1.60","10","1.61","10","221.00",
="030774","鴻海永豐52購05","338,000","21","511,750","1.47","1.59","1.47","1.54","+","0.26","1.53","10","1.55","10","221.00",
="030775","台積電永豐53購06","0","0","0","--","--","--","--"," ","0.00","0.36","85","--","0","1,340.00",
="030776","全新永豐52購03","40,000","4","33,200","0.85","0.86","0.81","0.81","-","0.20","0.80","10","0.81","10","160.00",
="030777","奇鋐永豐52購02","335,000","21","406,900","1.26","1.30","1.10","1.10","+","0.05","1.05","10","1.06","10","1,015.00",
="030778","定穎控永豐53購03","163,000","10","130,360","0.80","0.82","0.78","0.78","-","0.05","0.77","10","0.78","10","90.10",
="030779","jpp永豐54購01","50,000","6","109,310","2.25","2.25","2.12","2.14","-","0.10","2.12","1","2.34","36","286.50",
="03077U","T50正2國票4B售03","0","0","0","--","--","--","--"," ","0.00","0.04","25","0.09","10","0.00",
="030780","中磊永豐53購01","0","0","0","--","--","--","--"," ","0.00","0.48","499","0.49","10","105.50",
="030781","飛捷永豐52購02","0","0","0","--","--","--","--"," ","0.00","0.34","499","0.35","10","106.50",
="030782","啟碁永豐53購01","14,000","1","7,420","0.53","0.53","0.53","0.53","-","0.02","0.54","10","0.55","10","121.00",
="030783","愛普永豐54購01","4,000","2","3,160","0.80","0.80","0.78","0.78","-","0.05","0.85","10","0.86","10","344.00",
="030784","AES永豐53購05","30,000","1","21,000","0.70","0.70","0.70","0.70","-","0.08","0.62","499","0.63","10","1,195.00",
="030785","昇陽半永豐53購02","98,000","13","210,190","2.07","2.24","2.07","2.07","-","0.02","1.98","10","2.00","10","179.50",
="030786","台泥凱基52購02","108,000","15","84,810","1.06","1.06","0.74","0.85","-","0.22","0.78","15","0.85","9","23.75",
="030787","台塑凱基52購03","0","0","0","--","--","--","--"," ","0.00","0.86","10","0.87","10","38.60",
="030788","台玻凱基52購02","157,000","6","348,420","2.47","2.47","2.09","2.12","-","0.30","2.11","10","2.14","10","25.95",
="030789","大成鋼凱基52購03","0","0","0","--","--","--","--"," ","0.00","1.79","100","1.80","10","37.90",
="03078U","FBNQ2X國票51售01","0","0","0","--","--","--","--"," ","0.00","0.38","25","0.39","10","0.00",
="030790","川湖凱基52購02","1,000","1","4,210","4.21","4.21","4.21","4.21","-","1.14","4.03","100","4.13","10","3,220.00",
="030791","光寶科凱基58購01","20,000","3","89,500","4.34","4.64","4.34","4.64","-","0.36","4.54","100","4.64","9","183.00",
="030792","華通凱基52購03","55,000","10","279,240","5.25","5.30","4.52","4.52","-","0.68","4.49","100","4.52","10","77.00",
="030793","鴻海凱基68購01","61,000","11","203,440","3.26","3.38","3.26","3.34","+","0.18","3.35","100","3.70","25","221.00",
="030794","廣宇凱基52購02","0","0","0","--","--","--","--"," ","0.00","3.83","100","3.93","10","54.10",
="030795","致茂凱基52購02","277,000","28","1,512,750","5.35","6.00","4.97","5.30","+","0.62","5.30","10","5.35","10","614.00",
="030796","燿華凱基52購01","0","0","0","--","--","--","--"," ","0.00","0.69","10","0.79","10","27.50",
="030797","技嘉凱基52購01","7,000","2","13,540","1.94","1.94","1.92","1.92","X","0.00","1.89","100","1.91","10","283.00",
="030798","毅嘉凱基52購01","0","0","0","--","--","--","--"," ","0.00","4.43","10","4.53","10","53.50",
="030799","京元電凱基52購02","25,000","1","106,500","4.26","4.26","4.26","4.26","-","0.27","4.18","100","4.26","10","167.00",
="03079U","美費半國票4B售02","0","0","0","--","--","--","--"," ","0.00","0.09","25","0.10","10","0.00",
="030800","長榮太凱基52購03","160,000","10","433,820","2.86","2.86","2.66","2.74","-","0.74","1.09","9","--","0","168.50",
="030801","德律凱基52購03","76,000","6","245,380","3.64","3.64","3.13","3.22","-","0.07","3.13","10","3.16","10","189.00",
="030802","健鼎凱基54購01","177,000","13","365,250","2.08","2.14","1.99","2.09","-","0.06","2.09","10","2.11","10","309.50",
="030803","緯創凱基54購04","322,000","5","198,000","0.64","0.64","0.60","0.60","+","0.03","0.60","100","0.61","10","122.50",
="030804","世芯凱基52購10","93,000","5","256,360","2.92","2.92","2.61","2.61","-","0.29","2.51","100","2.55","10","3,700.00",
="030805","貿聯凱基54購03","20,000","1","67,000","3.35","3.35","3.35","3.35","-","0.11","3.16","100","3.26","10","1,085.00",
="030806","定穎控凱基52購03","0","0","0","--","--","--","--"," ","0.00","0.93","100","1.03","10","90.10",
="030807","智伸科凱基52購01","5,000","1","6,700","1.34","1.34","1.34","1.34","-","0.34","1.35","10","1.38","10","139.50",
="030808","立積凱基52購02","10,000","1","17,900","1.79","1.79","1.79","1.79","-","0.37","1.67","100","1.77","10","151.50",
="030809","中磊凱基54購01","51,000","4","31,080","0.56","0.62","0.56","0.62","+","0.09","0.61","100","0.62","10","105.50",
="03080U","台積電國票4B售09","10,000","1","500","0.05","0.05","0.05","0.05"," ","0.00","0.04","12","0.05","10","0.00",
="030810","啟碁凱基52購01","0","0","0","--","--","--","--"," ","0.00","0.47","100","--","0","121.00",
="030811","鈺邦凱基52購01","0","0","0","--","--","--","--"," ","0.00","6.30","10","6.80","10","198.50",
="030812","愛普凱基52購02","0","0","0","--","--","--","--"," ","0.00","0.92","100","0.94","10","344.00",
="030813","AES凱基56購01","10,000","1","13,100","1.31","1.31","1.31","1.31","-","0.05","1.30","100","1.31","10","1,195.00",
="030814","昇陽半凱基54購01","79,000","17","303,650","3.78","4.02","3.71","3.79","+","0.01","3.57","100","3.61","10","179.50",
="030815","台塑元大52購10","0","0","0","--","--","--","--"," ","0.00","1.09","499","1.10","10","38.60",
="030816","台塑元大52購11","51,000","2","83,040","1.63","1.63","1.54","1.54","-","0.01","1.54","499","1.55","10","38.60",
="030817","台塑元大54購01","84,000","1","117,600","1.40","1.40","1.40","1.40","X","0.00","1.32","499","1.33","10","38.60",
="030818","國喬元大52購01","0","0","0","--","--","--","--"," ","0.00","0.49","499","0.52","10","9.51",
="030819","台化元大52購04","0","0","0","--","--","--","--"," ","0.00","1.23","499","1.25","10","28.95",
="03081U","台積電國票4C售09","130,000","4","9,900","0.08","0.08","0.07","0.07","-","0.03","0.07","250","2.60","150","0.00",
="030820","台化元大52購05","0","0","0","--","--","--","--"," ","0.00","1.30","499","1.32","10","28.95",
="030821","台化元大52購06","0","0","0","--","--","--","--"," ","0.00","1.86","400","1.89","10","28.95",
="030822","中砂元大54購03","390,000","23","956,510","2.43","2.65","2.38","2.65","+","0.33","2.45","300","2.50","10","339.00",
="030823","台玻元大52購04","11,000","6","26,390","2.54","2.54","2.25","2.26","-","0.22","2.22","300","2.23","10","25.95",
="030824","台玻元大52購05","63,000","8","137,630","2.26","2.29","2.01","2.02","-","0.21","1.98","350","1.99","10","25.95",
="030825","台玻元大52購06","20,000","4","51,300","2.53","2.60","2.53","2.60","+","0.12","2.28","300","2.29","10","25.95",
="030826","中鴻元大52購01","0","0","0","--","--","--","--"," ","0.00","0.82","499","0.84","10","15.90",
="030827","大成鋼元大58購01","40,000","2","71,000","1.81","1.81","1.74","1.74"," ","0.00","1.72","400","1.73","10","37.90",
="030828","光寶科元大54購01","0","0","0","--","--","--","--"," ","0.00","2.60","300","--","0","183.00",
="030829","華通元大52購05","146,000","18","420,390","3.06","3.09","2.66","2.67","-","0.31","2.65","250","2.66","10","77.00",
="03082U","智邦國票4C售04","0","0","0","--","--","--","--"," ","0.00","0.11","25","0.12","10","0.00",
="030830","楠梓電元大52購01","389,000","19","475,750","1.41","1.41","1.16","1.16","-","0.28","0.87","1","1.15","2","103.50",
="030831","楠梓電元大54購01","7,000","3","15,240","2.16","2.20","2.16","2.16","-","0.62","1.60","6","3.50","4","103.50",
="030832","鴻海元大52購11","2,670,000","56","4,954,810","1.81","1.93","1.78","1.89","+","0.29","1.88","20","1.89","10","221.00",
="030833","台積電元大52購14","300,000","7","384,410","1.29","1.31","1.27","1.31","+","0.22","0.13","76","--","0","1,340.00",
="030834","旺宏元大52購02","0","0","0","--","--","--","--"," ","0.00","3.36","25","3.98","5","26.75",
="030835","致茂元大52購02","93,000","8","501,500","5.40","5.55","5.20","5.40","+","0.53","5.25","150","5.40","10","614.00",
="030836","燿華元大52購03","0","0","0","--","--","--","--"," ","0.00","1.23","499","1.25","10","27.50",
="030837","佳能元大52購01","0","0","0","--","--","--","--"," ","0.00","3.63","250","4.00","1","88.80",
="030838","漢唐元大52購04","0","0","0","--","--","--","--"," ","0.00","3.10","25","3.20","10","987.00",
="030839","建準元大52購02","221,000","10","243,990","1.15","1.17","1.07","1.07","+","0.05","0.92","499","0.95","10","129.00",
="03083U","大同國票4B售02","0","0","0","--","--","--","--"," ","0.00","0.48","25","0.50","10","0.00",
="030840","京元電元大52購02","0","0","0","--","--","--","--"," ","0.00","2.76","250","2.86","10","167.00",
="030841","聯發科元大52購07","336,000","29","417,930","1.25","1.27","1.19","1.19","-","0.16","1.17","25","1.19","4","1,375.00",
="030842","中航元大52購01","43,000","4","59,130","1.35","1.40","1.32","1.40","-","0.07","1.37","499","1.40","10","51.70",
="030843","亞光元大54購03","184,000","6","269,890","1.48","1.48","1.44","1.45","-","0.08","1.43","499","1.45","10","161.50",
="030844","智原元大54購01","190,000","23","263,260","1.22","1.49","1.22","1.37","+","0.15","1.35","499","1.37","10","174.00",
="030845","欣興元大54購09","49,000","7","85,080","1.70","1.78","1.70","1.72","+","0.09","1.62","450","1.64","10","159.00",
="030846","景碩元大52購04","159,000","1","124,020","0.78","0.78","0.78","0.78","X","0.00","0.66","499","0.68","10","111.50",
="030847","華擎元大52購01","0","0","0","--","--","--","--"," ","0.00","0.99","499","1.01","10","278.00",
="030848","華擎元大52購02","0","0","0","--","--","--","--"," ","0.00","0.40","499","0.41","10","278.00",
="030849","定穎控元大52購01","102,000","11","455,010","4.60","4.63","4.26","4.26","-","0.23","4.23","150","4.25","10","90.10",
="03084U","南亞科國票4C售03","10,000","1","500","0.05","0.05","0.05","0.05"," ","0.00","0.04","25","0.05","10","0.00",
="030850","定穎控元大54購01","0","0","0","--","--","--","--"," ","0.00","1.01","499","--","0","90.10",
="030851","南寶元大52購01","76,000","10","257,890","3.45","3.45","3.33","3.33","-","0.20","3.29","24","3.35","10","416.50",
="030852","南寶元大52購02","224,000","16","584,580","2.66","2.66","2.50","2.50","-","0.16","2.52","23","2.57","10","416.50",
="030853","AES元大52購04","150,000","2","111,500","0.75","0.75","0.73","0.73","-","0.04","0.71","499","0.72","10","1,195.00",
="030854","AES元大52購05","427,000","14","236,240","0.58","0.59","0.54","0.54","-","0.03","0.53","499","0.55","10","1,195.00",
="030855","AES元大52購06","394,000","20","279,620","0.72","0.74","0.68","0.68","-","0.02","0.66","499","0.68","10","1,195.00",
="030856","AES元大54購03","58,000","2","40,040","0.71","0.71","0.69","0.69","-","0.01","0.66","499","0.67","10","1,195.00",
="030857","AES元大56購05","10,000","1","8,500","0.85","0.85","0.85","0.85","-","0.08","0.80","499","0.81","10","1,195.00",
="030858","富世達元大54購05","910,000","22","829,330","0.87","1.00","0.85","0.94","+","0.16","0.88","499","0.92","10","1,010.00",
="030859","菱光元大52購01","62,000","4","168,640","2.55","2.75","2.55","2.75","+","0.54","2.57","350","2.61","10","60.90",
="03085U","陽明國票4C售02","0","0","0","--","--","--","--"," ","0.00","2.44","25","2.54","10","0.00",
="030860","滬深2X群益57購01","0","0","0","--","--","--","--"," ","0.00","0.13","8","--","0","19.04",
="030861","台玻群益52購01","0","0","0","--","--","--","--"," ","0.00","0.06","7","1.16","10","25.95",
="030862","光寶科群益52購02","12,000","1","61,200","5.10","5.10","5.10","5.10","X","0.00","5.10","50","--","0","183.00",
="030863","鴻海群益53購11","283,000","21","900,440","3.12","3.27","3.10","3.19","+","0.37","3.19","100","3.23","100","221.00",
="030864","智邦群益52購05","2,000","1","9,960","4.98","4.98","4.98","4.98","+","0.09","5.10","100","5.30","100","1,005.00",
="030865","致茂群益53購01","533,000","47","1,958,200","3.60","3.98","3.39","3.72","+","0.48","3.53","10","3.63","10","614.00",
="030866","佳能群益52購02","0","0","0","--","--","--","--"," ","0.00","6.50","10","--","0","88.80",
="030867","台光電群益57購02","322,000","10","413,220","1.23","1.40","1.22","1.33","+","0.19","0.58","17","--","0","1,345.00",
="030868","聯發科群益52購07","46,000","4","35,320","0.77","0.77","0.76","0.76","X","0.00","0.16","20","--","0","1,375.00",
="030869","漢翔群益52購03","0","0","0","--","--","--","--"," ","0.00","--","0","--","0","62.60",
="03086U","材料國票4C售03","0","0","0","--","--","--","--"," ","0.00","0.64","25","0.65","10","0.00",
="030870","奇鋐群益52購07","242,000","14","337,790","1.54","1.54","1.35","1.35","+","0.03","0.47","21","--","0","1,015.00",
="030871","欣興群益54購01","5,000","2","7,200","1.45","1.45","1.40","1.40","+","0.03","1.38","25","1.44","10","159.00",
="030872","華擎群益52購02","21,000","2","41,090","1.87","2.00","1.87","2.00","+","0.10","1.90","25","1.91","10","278.00",
="030873","智易群益52購01","0","0","0","--","--","--","--"," ","0.00","0.91","10","1.01","10","223.00",
="030874","達邁群益53購01","227,000","11","268,140","1.16","1.24","1.11","1.12","+","0.03","1.08","10","1.18","10","73.10",
="030875","世芯群益52購08","1,000","1","3,010","3.01","3.01","3.01","3.01","-","0.23","1.18","8","--","0","3,700.00",
="030876","神達群益52購03","12,000","2","104,600","8.70","8.80","8.70","8.80","X","0.00","8.25","10","8.75","10","90.00",
="030877","定穎控群益53購01","79,000","9","78,880","1.04","1.08","0.94","0.94","-","0.10","0.94","25","0.95","10","90.10",
="030878","定穎控群益54購01","0","0","0","--","--","--","--"," ","0.00","1.37","25","--","0","90.10",
="030879","南寶群益52購02","151,000","8","265,460","1.74","1.78","1.71","1.78","-","0.07","0.69","14","--","0","416.50",
="03087U","臺股指富邦4B售09","0","0","0","--","--","--","--"," ","0.00","0.02","499","0.07","100","0.00",
="030880","立積群益52購02","28,000","1","66,920","2.39","2.39","2.39","2.39","-","0.04","1.05","9","--","0","151.50",
="030881","中磊群益52購01","137,000","3","69,570","0.50","0.51","0.50","0.51","+","0.05","0.51","100","0.53","100","105.50",
="030882","愛普群益52購02","3,000","3","2,580","0.86","0.86","0.86","0.86","-","0.01","0.10","11","--","0","344.00",
="030883","愛普群益52購03","18,000","1","12,600","0.70","0.70","0.70","0.70","X","0.00","0.05","63","--","0","344.00",
="030884","晶心科群益53購01","269,000","17","566,920","2.09","2.15","1.99","1.99","+","0.14","1.98","25","2.00","10","325.50",
="030885","緯穎群益52購07","3,000","1","6,630","2.21","2.21","2.21","2.21","+","0.04","0.93","15","--","0","3,140.00",
="030886","T50正2中信56購03","44,000","9","71,010","1.58","1.73","1.58","1.73","+","0.22","1.65","100","1.74","10","0.00",
="030887","台塑中信58購01","34,000","3","93,990","2.74","2.79","2.74","2.79","+","0.31","2.58","10","2.60","10","0.00",
="030888","台灣50永豐58購03","0","0","0","--","--","--","--"," ","0.00","4.22","499","4.25","10","58.45",
="030889","元債2X永豐64購01","0","0","0","--","--","--","--"," ","0.00","1.24","10","1.25","10","7.35",
="03088U","臺股指富邦53售04","18,000","2","4,320","0.24","0.24","0.24","0.24","X","0.00","0.23","499","0.24","100","0.00",
="030890","大同永豐52購01","0","0","0","--","--","--","--"," ","0.00","1.30","10","1.31","10","39.85",
="030891","長榮永豐54購03","200,000","4","110,000","0.55","0.55","0.55","0.55","X","0.00","0.54","10","0.55","10","182.00",
="030892","亞光永豐53購03","60,000","3","72,750","1.23","1.23","1.18","1.19","-","0.08","1.18","10","1.19","10","161.50",
="030893","華晶科永豐52購02","0","0","0","--","--","--","--"," ","0.00","2.32","10","2.37","10","52.80",
="030894","智伸科永豐53購02","48,000","2","33,720","0.74","0.74","0.65","0.65","-","0.15","0.61","10","0.62","10","139.50",
="030895","上品永豐53購01","18,000","2","16,880","0.92","0.96","0.92","0.96","+","0.03","0.93","10","0.94","10","308.00",
="030896","昇陽半永豐54購01","871,000","41","1,291,860","1.43","1.57","1.31","1.33","-","0.10","1.31","10","1.32","10","179.50",
="030897","上証2X元富55購01","0","0","0","--","--","--","--"," ","0.00","0.26","4","--","0","47.20",
="030898","SGBR2X元富52購01","0","0","0","--","--","--","--"," ","0.00","1.32","25","1.33","25","10.98",
="030899","台塑元富52購02","0","0","0","--","--","--","--"," ","0.00","0.59","25","0.60","25","38.60",
="03089U","長榮台新4B售03","0","0","0","--","--","--","--"," ","0.00","1.22","10","1.24","10","0.00",
="030900","鴻海元富52購06","0","0","0","--","--","--","--"," ","0.00","4.09","25","4.17","25","221.00",
="030901","鴻海元富52購07","0","0","0","--","--","--","--"," ","0.00","3.89","25","3.96","25","221.00",
="030902","智邦元富55購01","0","0","0","--","--","--","--"," ","0.00","1.85","25","1.90","25","1,005.00",
="030903","智邦元富58購01","130,000","5","153,440","1.16","1.20","1.16","1.20","X","0.00","1.18","25","1.20","25","1,005.00",
="030904","智邦元富58購02","31,000","2","48,980","1.58","1.58","1.58","1.58","+","0.12","1.56","25","1.58","25","1,005.00",
="030905","昆盈元富52購01","37,000","1","71,040","1.92","1.92","1.92","1.92","-","0.11","1.90","25","1.91","25","42.60",
="030906","佳能元富55購01","207,000","25","1,239,550","5.70","6.45","5.65","6.00","+","0.45","6.00","25","6.05","25","88.80",
="030907","宏達電元富52購02","0","0","0","--","--","--","--"," ","0.00","7.10","25","7.60","10","64.60",
="030908","亞航元富52購01","131,000","20","545,320","4.98","4.98","3.66","3.75","-","1.60","3.16","39","3.64","25","55.20",
="030909","亞光元富52購02","43,000","3","121,230","2.85","2.85","2.81","2.81","-","0.09","2.64","25","2.68","25","161.50",
="03090U","T50正2元大4B售07","0","0","0","--","--","--","--"," ","0.00","0.08","100","0.09","10","0.00",
="030910","亞光元富55購01","12,000","3","24,490","2.08","2.08","2.00","2.00","-","0.09","1.96","25","1.98","25","161.50",
="030911","晶技元富52購01","144,000","10","164,650","1.19","1.20","1.10","1.10","-","0.26","1.06","25","1.07","25","93.00",
="030912","健鼎元富52購01","102,000","7","147,120","1.45","1.45","1.43","1.45"," ","0.00","1.46","25","1.47","25","309.50",
="030913","創意元富52購02","43,000","5","60,780","1.38","1.44","1.35","1.42","+","0.18","1.40","25","1.47","1","1,315.00",
="030914","聯鈞元富52購01","33,000","5","109,430","3.25","3.43","3.25","3.43","+","0.31","1.85","18","--","0","278.00",
="030915","牧德元富52購02","63,000","4","130,980","2.09","2.09","2.06","2.09","+","0.02","1.97","25","1.98","25","544.00",
="030916","神達元富52購04","250,000","1","625,000","2.50","2.50","2.50","2.50","+","0.16","2.54","25","2.64","25","90.00",
="030917","上品元富52購01","26,000","1","59,540","2.29","2.29","2.29","2.29","X","0.00","2.22","25","2.25","25","308.00",
="030918","上品元富55購01","24,000","1","50,160","2.09","2.09","2.09","2.09","X","0.00","2.03","25","2.05","25","308.00",
="030919","台塑化元富52購01","0","0","0","--","--","--","--"," ","0.00","0.15","7","--","0","39.25",
="03091U","T50正2元大4B售08","0","0","0","--","--","--","--"," ","0.00","0.02","100","0.07","10","0.00",
="030920","T50反1國票52購03","588,000","24","301,010","0.57","0.57","0.50","0.50","-","0.10","0.49","37","0.53","14","18.29",
="030921","T50反1國票54購01","0","0","0","--","--","--","--"," ","0.00","0.57","25","0.58","10","18.29",
="030922","元金2X國票53購03","52,000","11","159,740","3.13","3.14","3.04","3.08","+","0.31","3.06","25","--","0","70.40",
="030923","國喬國票53購01","0","0","0","--","--","--","--"," ","0.00","0.61","25","0.62","10","9.51",
="030924","和大國票53購01","0","0","0","--","--","--","--"," ","0.00","1.46","25","1.48","10","65.30",
="030925","華新國票52購01","35,000","4","98,200","2.85","2.85","2.70","2.81","+","0.06","2.73","25","2.76","10","24.05",
="030926","漢唐國票53購02","9,000","3","30,280","3.12","3.48","3.12","3.48","X","0.00","3.50","25","3.59","10","987.00",
="030927","建準國票54購01","18,000","3","17,760","1.02","1.02","0.96","0.96","X","0.00","0.94","25","0.95","10","129.00",
="030928","全新國票54購01","66,000","7","92,270","1.48","1.48","1.34","1.35","-","0.28","1.35","25","1.37","10","160.00",
="030929","緯創國票53購03","361,000","13","273,970","0.72","0.79","0.68","0.68","+","0.03","0.68","25","0.69","10","122.50",
="03092U","台積電元大4B售26","3,000","1","240","0.08","0.08","0.08","0.08","+","0.03","0.02","499","0.11","10","0.00",
="030930","創意國票56購01","117,000","4","144,170","1.16","1.24","1.16","1.23","+","0.13","1.21","25","1.22","10","1,315.00",
="030931","嘉澤國票58購01","0","0","0","--","--","--","--"," ","0.00","1.38","25","1.40","10","1,605.00",
="030932","牧德國票53購01","0","0","0","--","--","--","--"," ","0.00","1.21","25","1.25","10","544.00",
="030933","達邁國票53購02","37,000","6","84,770","2.29","2.30","2.21","2.21","+","0.18","2.09","25","2.10","10","73.10",
="030934","上品國票53購01","4,000","1","9,280","2.32","2.32","2.32","2.32","X","0.00","2.25","25","2.26","10","308.00",
="030935","全訊國票56購01","295,000","10","408,610","1.47","1.47","1.31","1.31","-","0.22","1.30","25","1.31","10","140.00",
="030936","穎崴國票56購01","0","0","0","--","--","--","--"," ","0.00","6.65","25","7.00","10","2,015.00",
="030937","緯穎國票53購01","0","0","0","--","--","--","--"," ","0.00","3.38","25","3.43","10","3,140.00",
="030938","昇陽半國票55購01","2,040,000","51","4,058,230","2.00","2.15","1.88","1.90","-","0.09","1.89","25","1.90","10","179.50",
="030939","川湖國泰53購03","0","0","0","--","--","--","--"," ","0.00","3.13","499","3.18","100","3,220.00",
="03093U","金像電元大4B售05","0","0","0","--","--","--","--"," ","0.00","0.01","499","0.02","20","0.00",
="03093X","永豐金元大61展01","0","0","0","--","--","--","--"," ","0.00","39.70","100","40.00","10","24.70",
="030940","台達電國泰53購02","18,000","4","205,800","11.80","11.80","11.00","11.00","-","0.40","11.00","132","11.10","100","893.00",
="030941","致茂國泰53購01","128,000","12","526,780","4.06","4.31","4.03","4.31","+","0.69","3.99","499","4.02","100","614.00",
="030942","台光電國泰53購03","484,000","21","1,074,680","2.09","2.50","2.03","2.30","+","0.32","2.27","549","2.30","499","1,345.00",
="030943","聯發科國泰53購01","22,000","2","21,280","0.97","0.97","0.94","0.94","-","0.10","0.90","499","0.91","499","1,375.00",
="030944","全新國泰53購03","0","0","0","--","--","--","--"," ","0.00","1.48","499","1.53","10","160.00",
="030945","亞光國泰53購02","138,000","10","246,720","1.81","1.81","1.68","1.68","-","0.16","1.68","499","1.71","100","161.50",
="030946","智原國泰53購01","244,000","9","530,240","1.93","2.35","1.93","2.27","+","0.39","2.14","499","2.16","100","174.00",
="030947","晶技國泰53購01","626,000","37","1,060,120","1.80","1.80","1.61","1.61","-","0.46","1.61","250","1.62","100","93.00",
="030948","鴻海台新52購02","7,000","3","21,840","3.00","3.18","3.00","3.18","+","0.49","3.12","20","3.13","10","0.00",
="030949","台玻兆豐54購01","0","0","0","--","--","--","--"," ","0.00","0.96","10","1.05","10","25.95",
="03094U","長榮元大4B售09","0","0","0","--","--","--","--"," ","0.00","2.10","350","2.20","10","0.00",
="030950","台積電兆豐54購01","13,000","2","19,480","1.48","1.52","1.48","1.52","+","0.17","1.52","9","1.62","9","1,340.00",
="030951","致茂兆豐54購01","83,000","6","170,780","2.04","2.17","2.04","2.08","+","0.18","1.97","10","2.02","10","614.00",
="030952","啟碁兆豐54購01","25,000","2","15,450","0.60","0.63","0.60","0.63"," ","0.00","0.62","10","0.63","10","121.00",
="030953","台達電富邦53購04","12,000","3","46,060","3.83","3.85","3.83","3.83","-","0.10","3.73","30","3.83","5","0.00",
="030954","鴻海富邦52購02","127,000","17","225,590","1.67","1.81","1.67","1.79","+","0.19","1.80","30","1.81","10","0.00",
="030955","金像電富邦53購03","15,000","7","20,650","1.37","1.42","1.35","1.36","+","0.08","1.34","10","1.35","10","0.00",
="030956","建準富邦54購01","196,000","21","259,540","1.35","1.37","1.19","1.19","-","0.06","1.16","10","1.18","10","0.00",
="030957","全新富邦54購01","61,000","8","70,710","1.23","1.23","1.11","1.11","-","0.16","1.10","10","1.11","10","0.00",
="030958","萬海富邦52購03","32,000","2","11,180","0.35","0.35","0.34","0.34","-","0.03","0.33","12","0.34","8","0.00",
="030959","晶技富邦52購01","396,000","53","415,410","1.23","1.23","0.46","0.95","-","0.31","0.95","10","0.96","10","0.00",
="03095U","萬海元大4B售07","0","0","0","--","--","--","--"," ","0.00","2.57","300","2.60","5","0.00",
="030960","華擎富邦53購02","0","0","0","--","--","--","--"," ","0.00","0.46","30","0.47","10","0.00",
="030961","緯穎富邦54購01","30,000","2","44,700","1.45","1.51","1.45","1.51","-","0.03","1.48","10","1.49","10","0.00",
="030962","洋基富邦52購01","785,000","19","558,580","0.68","0.73","0.68","0.71","+","0.03","0.71","10","0.72","10","0.00",
="030963","富世達富邦55購01","591,000","30","588,690","0.96","1.06","0.96","0.97","+","0.10","0.98","10","0.99","10","0.00",
="030964","台塑凱基54購02","0","0","0","--","--","--","--"," ","0.00","2.51","10","2.52","10","38.60",
="030965","台化凱基52購03","3,000","2","8,220","2.74","2.74","2.74","2.74","+","0.03","2.56","10","2.58","10","28.95",
="030966","台玻凱基56購01","0","0","0","--","--","--","--"," ","0.00","3.80","10","3.82","10","25.95",
="030967","鴻海凱基68購02","122,000","4","452,990","3.72","3.72","3.68","3.68","X","0.00","3.71","100","--","0","221.00",
="030968","智邦凱基52購06","0","0","0","--","--","--","--"," ","0.00","4.49","10","4.59","10","1,005.00",
="030969","致茂凱基52購03","171,000","20","802,020","4.62","4.86","4.53","4.86","+","0.84","4.56","10","4.59","10","614.00",
="03096U","貿聯元大4B售12","0","0","0","--","--","--","--"," ","0.00","--","0","0.10","10","0.00",
="030970","佳能凱基54購01","0","0","0","--","--","--","--"," ","0.00","4.18","100","4.28","10","88.80",
="030971","漢唐凱基54購01","0","0","0","--","--","--","--"," ","0.00","6.10","10","6.60","10","987.00",
="030972","建準凱基54購01","125,000","7","157,700","1.41","1.44","1.13","1.13","-","0.13","0.45","22","--","0","129.00",
="030973","聯發科凱基52購09","3,000","2","3,730","1.25","1.25","1.24","1.24","-","0.14","1.20","100","1.21","10","1,375.00",
="030974","長榮凱基52購01","15,000","2","15,000","1.00","1.00","1.00","1.00","-","0.04","0.99","499","1.00","30","182.00",
="030975","華航凱基52購02","0","0","0","--","--","--","--"," ","0.00","1.36","10","1.38","10","20.95",
="030976","晟銘電凱基52購03","0","0","0","--","--","--","--"," ","0.00","0.86","100","0.87","10","121.00",
="030977","奇鋐凱基52購04","0","0","0","--","--","--","--"," ","0.00","2.99","100","3.09","10","1,015.00",
="030978","亞光凱基54購02","77,000","11","140,150","1.89","1.89","1.79","1.79","-","0.15","1.77","100","1.79","10","161.50",
="030979","欣興凱基52購04","25,000","4","46,490","2.01","2.01","1.81","1.85","+","0.11","1.75","100","--","0","159.00",
="03097U","臺股指元大4B售35","0","0","0","--","--","--","--"," ","0.00","0.05","100","0.15","10","0.00",
="030980","景碩凱基52購02","10,000","1","12,300","1.23","1.23","1.23","1.23","+","0.15","1.06","100","1.09","10","111.50",
="030981","聯鈞凱基52購06","72,000","14","351,390","4.57","5.65","4.57","5.65","+","1.30","5.20","10","5.50","1","278.00",
="030982","華擎凱基52購03","0","0","0","--","--","--","--"," ","0.00","1.16","10","1.18","10","278.00",
="030983","智易凱基52購02","0","0","0","--","--","--","--"," ","0.00","0.88","10","0.89","10","223.00",
="030984","南寶凱基52購03","407,000","18","547,820","1.39","1.39","1.29","1.36","-","0.05","1.33","20","1.43","10","416.50",
="030985","上品凱基52購02","40,000","5","94,300","2.31","2.39","2.31","2.39","+","0.11","2.31","10","2.34","10","308.00",
="030986","啟碁凱基52購02","0","0","0","--","--","--","--"," ","0.00","0.64","100","0.65","10","121.00",
="030987","洋基凱基52購01","0","0","0","--","--","--","--"," ","0.00","1.09","10","1.10","10","449.00",
="030988","富世達凱基54購04","130,000","19","143,990","1.07","1.23","1.03","1.11","X","0.00","1.09","105","--","0","1,010.00",
="030989","昇陽半凱基56購02","127,000","20","378,980","2.83","3.08","2.74","2.74","-","0.16","2.74","101","2.76","10","179.50",
="03098U","臺股指元大4B售36","0","0","0","--","--","--","--"," ","0.00","0.04","100","0.14","10","0.00",
="030990","台塑元大54購02","90,000","5","228,420","2.55","2.56","2.45","2.47","-","0.01","2.45","300","2.47","10","38.60",
="030991","聚陽元大52購01","0","0","0","--","--","--","--"," ","0.00","2.11","25","2.18","10","294.00",
="030992","華城元大54購08","0","0","0","--","--","--","--"," ","0.00","0.29","499","0.30","10","586.00",
="030993","華新元大52購02","54,000","6","75,840","1.47","1.47","1.37","1.45","-","0.12","1.40","499","1.43","10","24.05",
="030994","台玻元大52購07","11,000","1","28,050","2.55","2.55","2.55","2.55","-","0.03","2.37","300","2.38","10","25.95",
="030995","台玻元大54購01","13,000","2","29,910","2.31","2.31","2.19","2.19","-","0.15","2.15","300","2.16","10","25.95",
="030996","大成鋼元大58購02","0","0","0","--","--","--","--"," ","0.00","1.50","499","1.51","10","37.90",
="030997","川湖元大52購03","7,000","2","18,020","2.61","2.61","2.56","2.56","-","0.09","2.44","25","2.54","10","3,220.00",
="030998","光寶科元大54購02","8,000","6","20,590","2.55","2.70","2.51","2.70","+","0.05","2.59","300","2.75","1","183.00",
="030999","華通元大52購06","102,000","10","310,680","3.20","3.20","2.81","2.81","-","0.26","2.80","250","2.81","10","77.00",
="03099U","臺股指元大4B售37","200,000","2","20,000","0.10","0.10","0.10","0.10","-","0.02","0.07","40","0.10","10","0.00",
="031000","楠梓電元大58購01","24,000","3","30,110","1.28","1.28","1.25","1.27","-","0.37","--","0","1.64","5","103.50",
="031001","鴻海元大52購12","198,000","7","359,700","1.75","1.83","1.75","1.79","+","0.21","1.80","450","1.82","10","221.00",
="031002","廣宇元大54購02","66,000","8","90,290","1.41","1.41","1.36","1.36","X","0.00","1.28","499","1.38","10","54.10",
="031003","台積電元大52購16","589,000","17","916,630","1.50","1.60","1.48","1.60","+","0.25","0.14","71","1.60","5","1,340.00",
="031006","智邦元大52購03","7,000","3","23,930","3.35","3.43","3.35","3.43","+","0.23","0.18","55","--","0","1,005.00",
="031007","鴻準元大54購02","57,000","4","110,190","1.91","1.95","1.91","1.91","+","0.05","1.84","400","1.85","10","70.70",
="031008","致茂元大52購03","205,000","18","551,210","2.55","2.82","2.49","2.61","+","0.17","2.60","300","2.64","10","614.00",
="031009","昆盈元大52購01","91,000","8","146,440","1.70","1.70","1.52","1.55","-","0.11","1.53","450","1.54","10","42.60",
="03100U","南亞科群益51售04","0","0","0","--","--","--","--"," ","0.00","0.08","10","0.10","150","0.00",
="031010","金像電元大52購01","1,025,000","38","1,338,200","1.34","1.36","1.26","1.29","+","0.05","1.26","499","1.28","10","455.00",
="031011","台光電元大54購09","947,000","29","961,830","0.96","1.19","0.92","1.11","+","0.19","1.06","499","1.10","10","1,345.00",
="031012","毅嘉元大52購01","0","0","0","--","--","--","--"," ","0.00","4.26","150","4.29","10","53.50",
="031013","毅嘉元大52購02","0","0","0","--","--","--","--"," ","0.00","4.20","150","4.27","10","53.50",
="031014","漢唐元大52購05","6,000","2","17,040","2.79","2.89","2.79","2.89","-","0.39","3.15","25","3.25","10","987.00",
="031015","建準元大52購03","18,000","2","19,820","1.11","1.11","1.09","1.09","+","0.09","0.90","499","0.93","10","129.00",
="031016","聯發科元大52購08","778,000","26","903,140","1.23","1.23","1.13","1.13","-","0.13","1.12","10","1.13","7","1,375.00",
="031017","宏達電元大55購01","0","0","0","--","--","--","--"," ","0.00","2.67","300","--","0","64.60",
="031018","中信金元大52購01","2,000","1","2,460","1.23","1.23","1.23","1.23","-","0.02","1.23","499","1.25","10","43.25",
="031019","欣興元大58購01","19,000","2","42,940","2.26","2.26","2.26","2.26","+","0.16","2.12","350","2.14","10","159.00",
="03101U","T50正2凱基4B售06","0","0","0","--","--","--","--"," ","0.00","0.04","100","0.20","1,996","0.00",
="031020","晶技元大52購01","558,000","26","1,365,910","2.49","2.53","2.27","2.27","-","0.56","2.25","250","2.27","10","93.00",
="031021","群創元大57購01","660,000","17","966,330","1.48","1.51","1.36","1.51","+","0.10","1.45","499","1.48","10","14.15",
="031022","達邁元大52購01","298,000","19","508,820","1.56","1.79","1.56","1.58","+","0.05","1.54","499","1.55","10","73.10",
="031023","達邁元大52購02","236,000","16","484,160","1.88","2.12","1.88","2.11","+","0.27","1.86","400","1.87","10","73.10",
="031024","世芯元大52購13","0","0","0","--","--","--","--"," ","0.00","0.17","6","--","0","3,700.00",
="031025","智伸科元大52購01","0","0","0","--","--","--","--"," ","0.00","0.67","25","0.69","10","139.50",
="031026","材料元大58購01","202,000","5","354,080","1.73","1.76","1.73","1.76","+","0.06","1.71","450","1.73","10","66.40",
="031027","臻鼎元大52購04","169,000","20","674,510","4.28","4.33","3.67","3.72","-","0.52","3.71","200","3.76","10","171.50",
="031028","立積元大52購01","0","0","0","--","--","--","--"," ","0.00","0.88","25","0.98","10","151.50",
="031029","立積元大52購02","35,000","3","39,180","1.23","1.23","1.11","1.14","-","0.14","1.13","25","1.15","10","151.50",
="03102U","道瓊銀凱基53售01","0","0","0","--","--","--","--"," ","0.00","0.07","10","0.08","50","0.00",
="031030","亞翔元大58購01","414,000","16","708,680","1.71","1.73","1.63","1.72","-","0.01","1.69","450","1.71","10","358.50",
="031031","洋基元大52購01","58,000","10","112,930","1.87","2.01","1.86","1.96","+","0.17","1.91","400","1.93","10","449.00",
="031032","AES元大52購07","335,000","6","173,850","0.51","0.53","0.51","0.51"," ","0.00","0.46","499","0.47","10","1,195.00",
="031033","富世達元大56購02","298,000","8","412,140","1.37","1.45","1.36","1.45","+","0.04","1.41","499","1.45","10","1,010.00",
="031034","連加元大52購01","174,000","1","99,180","0.57","0.57","0.57","0.57","X","0.00","0.57","499","0.58","10","606.00",
="031035","南電元大52購07","44,000","6","136,040","3.07","3.13","2.99","2.99","+","0.54","2.69","250","2.73","10","234.50",
="031036","南電元大56購03","202,000","14","637,440","3.19","3.27","2.98","2.98","+","0.01","2.84","250","2.94","10","234.50",
="031037","臺股指元大52購13","2,000","1","8,380","4.19","4.19","4.19","4.19","X","0.00","4.21","499","4.22","10","0.00",
="031038","臺股指元大52購14","6,000","3","15,970","2.62","2.76","2.62","2.76","+","0.29","2.69","100","2.76","10","0.00",
="031039","臺股指元大52購15","0","0","0","--","--","--","--"," ","0.00","2.91","499","2.99","10","0.00",
="03103U","台積電凱基4C售28","130,000","2","11,800","0.10","0.10","0.09","0.09","X","0.00","0.08","100","0.18","10","0.00",
="031040","臺股指元大56購07","5,000","2","20,270","4.03","4.09","4.03","4.09","+","0.34","4.11","499","4.18","10","0.00",
="031041","台灣50群益52購03","6,000","1","42,000","7.00","7.00","7.00","7.00","+","0.70","0.64","15","7.90","10","58.45",
="031042","台灣50群益52購04","0","0","0","--","--","--","--"," ","0.00","5.30","100","5.35","100","58.45",
="031043","台灣50群益52購05","37,000","4","124,100","3.30","3.41","3.30","3.40","X","0.00","3.45","100","3.48","100","58.45",
="031044","台塑群益52購03","10,000","1","19,900","1.99","1.99","1.99","1.99","+","0.16","1.84","10","1.94","10","38.60",
="031045","台玻群益53購05","115,000","10","174,530","1.67","1.67","1.38","1.38","-","0.21","1.36","25","1.41","10","25.95",
="031046","川湖群益54購05","78,000","4","113,490","1.36","1.48","1.36","1.48","-","0.02","1.40","100","1.44","100","3,220.00",
="031047","聯電群益52購01","593,000","32","1,140,390","1.80","2.04","1.80","2.00","+","0.20","1.97","10","--","0","43.90",
="031048","昆盈群益52購01","3,000","2","2,190","0.77","0.77","0.71","0.71","-","0.05","0.70","10","0.80","10","42.60",
="031049","技嘉群益52購03","345,000","25","640,870","2.22","2.22","1.82","1.86","+","0.05","1.83","10","1.93","10","283.00",
="03104U","南亞科凱基4C售05","19,000","2","1,150","0.05","0.09","0.05","0.09","+","0.02","0.04","10","0.09","135","0.00",
="031050","中華電群益54購01","0","0","0","--","--","--","--"," ","0.00","0.81","100","0.83","100","133.50",
="031051","京元電群益52購01","41,000","3","212,000","5.35","5.35","4.78","4.78","-","0.52","2.01","4","4.88","10","167.00",
="031052","聯發科群益52購08","608,000","20","506,920","0.87","0.87","0.81","0.81","-","0.05","0.80","20","--","0","1,375.00",
="031053","漢翔群益52購04","0","0","0","--","--","--","--"," ","0.00","--","0","--","0","62.60",
="031054","長榮太群益53購01","155,000","15","421,360","3.00","3.00","2.61","2.75","-","0.54","2.78","100","2.81","100","168.50",
="031055","德律群益52購02","0","0","0","--","--","--","--"," ","0.00","--","0","2.60","10","189.00",
="031056","晶技群益52購01","173,000","14","347,530","2.10","2.10","1.87","1.87","-","0.57","1.86","10","1.96","10","93.00",
="031057","緯創群益53購05","715,000","65","548,620","0.73","0.78","0.70","0.72","+","0.06","0.24","41","0.72","29","122.50",
="031058","達邁群益53購02","134,000","18","71,670","0.52","0.57","0.50","0.50","+","0.02","0.49","10","0.57","1","73.10",
="031059","世芯群益53購04","3,000","3","1,690","0.59","0.59","0.54","0.54","-","0.11","0.22","45","0.76","8","3,700.00",
="03105U","緯穎凱基4B售10","0","0","0","--","--","--","--"," ","0.00","0.12","100","0.13","50","0.00",
="031060","愛普群益53購01","77,000","8","136,770","1.77","1.82","1.70","1.82","-","0.04","0.66","30","1.84","5","344.00",
="031061","晶心科群益52購01","81,000","3","240,500","2.98","3.00","2.95","3.00","+","0.31","2.91","25","2.98","10","325.50",
="031062","昇陽半群益54購01","94,000","9","252,810","2.55","2.87","2.55","2.78","+","0.16","2.44","10","2.54","10","179.50",
="031063","世紀鋼群益54購05","0","0","0","--","--","--","--"," ","0.00","0.72","10","0.82","10","171.50",
="031064","川湖中信52購02","240,000","6","222,880","0.92","0.95","0.92","0.92","+","0.02","0.85","10","0.89","10","0.00",
="031065","台達電中信56購01","616,000","46","1,596,640","2.68","2.69","2.50","2.56","-","0.08","2.51","15","2.53","10","0.00",
="031066","建準中信52購01","308,000","13","161,100","0.53","0.54","0.44","0.44","-","0.03","0.43","25","0.44","10","0.00",
="031067","長榮太中信52購01","16,000","3","48,710","3.19","3.19","2.78","2.78","-","0.34","2.77","499","2.86","10","0.00",
="031068","亞光中信52購01","273,000","4","122,950","0.46","0.46","0.45","0.45"," ","0.00","0.41","10","0.42","10","0.00",
="031069","緯創中信52購01","141,000","10","54,650","0.38","0.42","0.37","0.37","+","0.04","0.35","10","0.37","10","0.00",
="03106U","洋基凱基4C售01","0","0","0","--","--","--","--"," ","0.00","0.09","10","0.10","10","0.00",
="031070","神達中信56購01","491,000","22","743,570","1.54","1.56","1.45","1.56","+","0.16","1.50","10","1.51","10","0.00",
="031071","視陽中信52購01","121,000","3","62,820","0.51","0.52","0.51","0.52","+","0.03","0.54","10","0.55","10","0.00",
="031072","昇陽半中信52購01","2,483,000","58","1,371,840","0.57","0.61","0.09","0.52","-","0.04","0.51","10","0.52","10","0.00",
="031073","世紀鋼中信56購01","32,000","1","14,080","0.44","0.44","0.44","0.44","+","0.01","0.41","10","0.42","10","0.00",
="031074","美債2X永豐64購01","0","0","0","--","--","--","--"," ","0.00","1.12","10","1.13","10","7.33",
="031075","光寶科永豐54購01","0","0","0","--","--","--","--"," ","0.00","3.16","10","--","0","183.00",
="031076","智邦永豐54購01","128,000","5","147,200","1.15","1.15","1.15","1.15","+","0.12","1.13","10","1.15","10","1,005.00",
="031077","鴻準永豐52購03","120,000","6","94,880","0.78","0.80","0.78","0.78","+","0.01","0.76","10","0.77","10","70.70",
="031078","鴻準永豐53購02","0","0","0","--","--","--","--"," ","0.00","1.04","10","1.05","10","70.70",
="031079","鴻準永豐54購01","0","0","0","--","--","--","--"," ","0.00","2.22","499","2.23","10","70.70",
="03107U","臺股指凱基53售07","354,000","6","123,620","0.35","0.36","0.34","0.34","-","0.04","0.33","100","0.34","10","0.00",
="031080","微星永豐54購01","0","0","0","--","--","--","--"," ","0.00","0.27","10","0.28","10","119.50",
="031081","建準永豐52購02","10,000","1","10,400","1.04","1.04","1.04","1.04","+","0.06","0.92","10","0.94","10","129.00",
="031082","建準永豐53購01","24,000","1","20,160","0.84","0.84","0.84","0.84","+","0.02","0.75","10","0.76","10","129.00",
="031083","長榮太永豐53購01","27,000","1","36,990","1.37","1.37","1.37","1.37","-","0.29","1.35","10","1.39","10","168.50",
="031088","神基永豐54購01","53,000","3","97,800","1.84","1.85","1.84","1.85","+","0.04","1.83","10","1.85","10","163.50",
="031089","亞光永豐54購01","27,000","1","24,300","0.90","0.90","0.90","0.90","-","0.03","0.86","10","0.87","10","161.50",
="03108U","長榮統一51售02","0","0","0","--","--","--","--"," ","0.00","0.63","108","0.64","108","0.00",
="031090","華晶科永豐52購03","35,000","11","56,550","1.57","1.65","1.57","1.59","-","0.12","1.56","10","1.59","10","52.80",
="031091","神達永豐52購02","491,000","45","846,590","1.75","1.85","1.59","1.73","+","0.14","1.73","10","1.74","10","90.00",
="031092","富世達永豐53購05","137,000","8","134,460","0.91","1.04","0.91","0.99","+","0.14","0.94","10","0.95","10","1,010.00",
="031093","泓德永豐52購01","0","0","0","--","--","--","--"," ","0.00","0.08","10","0.10","10","125.50",
="031094","大同統一4A購03","0","0","0","--","--","--","--"," ","0.00","--","0","--","0","39.85",
="031095","大同統一4A購04","0","0","0","--","--","--","--"," ","0.00","--","0","--","0","39.85",
="031096","大同統一54購01","0","0","0","--","--","--","--"," ","0.00","0.22","10","0.23","10","39.85",
="031097","大同統一54購02","40,000","2","4,000","0.10","0.10","0.10","0.10","X","0.00","0.08","10","0.10","10","39.85",
="031098","昇陽半永豐53購04","826,000","56","1,374,220","1.60","1.75","1.46","1.48","-","0.08","1.46","15","1.48","10","179.50",
="031099","亞光台新52購01","63,000","5","107,720","1.77","1.77","1.66","1.66","-","0.12","1.70","20","1.71","10","0.00",
="03109U","陽明元富4B售03","0","0","0","--","--","--","--"," ","0.00","2.96","25","3.01","25","0.00",
="031100","億泰元富52購02","0","0","0","--","--","--","--"," ","0.00","0.94","25","0.95","25","34.80",
="031101","川湖元富52購02","0","0","0","--","--","--","--"," ","0.00","3.00","25","3.10","10","3,220.00",
="031103","佳能元富55購02","72,000","18","249,070","3.30","3.70","3.30","3.46","+","0.35","3.46","25","3.47","25","88.80",
="031105","華固統一4C購01","0","0","0","--","--","--","--"," ","0.00","0.02","10","0.10","10","96.60",
="031106","建準元富52購01","10,000","1","33,800","3.38","3.38","3.38","3.38","+","0.55","2.82","25","2.86","25","129.00",
="03110U","萬海元富4B售03","0","0","0","--","--","--","--"," ","0.00","2.14","25","2.17","25","0.00",
="031111","建準元富52購02","0","0","0","--","--","--","--"," ","0.00","1.85","25","1.88","25","129.00",
="031113","瑞智統一4A購01","0","0","0","--","--","--","--"," ","0.00","0.01","10","0.10","15","24.15",
="031114","亞航元富55購01","125,000","20","348,390","3.50","3.50","2.52","2.52","-","1.51","2.50","1","2.51","25","55.20",
="031115","奇鋐元富52購02","150,000","1","270,000","1.80","1.80","1.80","1.80","-","0.19","1.80","25","1.90","10","1,015.00",
="031116","奇鋐元富58購02","106,000","19","104,190","1.03","1.03","0.91","0.91","+","0.01","0.90","42","0.91","25","1,015.00",
="031117","智原元富52購01","35,000","12","286,350","7.80","8.65","7.80","8.35","+","1.20","8.10","25","8.20","25","174.00",
="031118","昇貿元富52購01","0","0","0","--","--","--","--"," ","0.00","7.55","25","8.05","25","114.00",
="031119","昇貿元富52購02","0","0","0","--","--","--","--"," ","0.00","3.68","25","3.78","10","114.00",
="03111U","祥碩元富4B售02","0","0","0","--","--","--","--"," ","0.00","1.50","25","1.53","25","0.00",
="031120","玉晶光元富52購02","45,000","3","63,630","1.43","1.43","1.40","1.40","-","0.12","1.38","25","1.48","10","443.50",
="031121","宏致元富55購01","260,000","4","848,400","3.34","3.34","3.24","3.34","-","0.06","3.25","25","3.27","25","73.30",
="031122","乙盛元富53購01","111,000","9","283,430","2.63","2.63","2.51","2.52","-","0.19","2.50","10","2.58","10","73.80",
="031123","緯穎元富58購02","13,000","3","34,840","2.68","2.68","2.68","2.68","-","0.01","2.66","25","2.67","25","3,140.00",
="031124","昇陽半元富52購02","2,000","1","6,660","3.33","3.33","3.33","3.33","-","0.01","3.26","26","3.36","10","179.50",
="031125","和大國泰53購01","24,000","2","52,750","2.38","2.38","2.19","2.19","-","0.28","2.18","499","2.20","100","65.30",
="031126","華新國泰53購01","20,000","2","41,600","2.11","2.11","2.05","2.05","-","0.02","1.92","499","1.96","10","24.05",
="031127","大成鋼國泰53購02","40,000","1","38,000","0.95","0.95","0.95","0.95"," ","0.00","0.92","499","0.94","100","37.90",
="031128","鴻海國泰53購01","45,000","6","123,300","2.67","2.76","2.67","2.76","X","0.00","2.74","499","2.76","499","221.00",
="031129","毅嘉國泰53購01","0","0","0","--","--","--","--"," ","0.00","4.31","499","4.41","100","53.50",
="03112U","滬深2X永豐4B售06","0","0","0","--","--","--","--"," ","0.00","0.02","10","0.03","10","0.00",
="031130","華晶科國泰53購01","2,000","1","8,360","4.18","4.18","4.18","4.18","X","0.00","4.18","499","4.22","100","52.80",
="031131","華晶科國泰53購02","0","0","0","--","--","--","--"," ","0.00","4.52","499","4.55","100","52.80",
="031132","景碩國泰53購02","80,000","1","169,600","2.12","2.12","2.12","2.12","+","0.13","0.90","55","--","0","111.50",
="031133","jpp國泰53購01","8,000","1","30,160","3.77","3.77","3.77","3.77","+","0.01","2.34","4","--","0","286.50",
="031134","羅昇國泰53購01","10,000","1","9,000","0.90","0.90","0.90","0.90","-","0.10","0.88","499","0.89","100","99.50",
="031135","中砂兆豐54購01","295,000","18","380,350","1.22","1.34","1.22","1.25","+","0.09","1.24","10","1.25","10","339.00",
="031136","台達電兆豐53購01","0","0","0","--","--","--","--"," ","0.00","--","0","--","0","893.00",
="031137","台光電兆豐53購02","48,000","3","94,090","1.94","2.02","1.94","1.99","+","0.29","1.94","10","1.97","10","1,345.00",
="031138","建準兆豐54購01","160,000","6","179,200","1.11","1.15","1.05","1.05","+","0.02","0.92","10","0.93","10","129.00",
="031139","大立光兆豐54購01","0","0","0","--","--","--","--"," ","0.00","0.87","10","0.90","10","2,360.00",
="03113U","台光電永豐52售01","300,000","17","12,000","0.04","0.04","0.04","0.04"," ","0.00","0.03","10","0.08","30","0.00",
="031140","奇鋐兆豐53購02","200,000","5","227,200","1.20","1.25","1.05","1.07","+","0.01","1.05","60","1.07","10","1,015.00",
="031141","亞光兆豐54購01","76,000","4","64,730","0.85","0.86","0.85","0.85","-","0.05","0.85","10","0.86","10","161.50",
="031142","玉晶光兆豐53購01","67,000","2","59,300","0.90","0.90","0.88","0.88","-","0.03","0.85","10","0.88","10","443.50",
="031143","富世達兆豐54購01","863,000","28","876,110","0.98","1.09","0.98","1.00","+","0.08","0.99","12","1.00","10","1,010.00",
="031144","T50反1富邦58購01","49,000","2","16,570","0.30","2.17","0.30","2.17","+","1.84","0.29","100","0.30","100","0.00",
="031145","台塑富邦52購02","91,000","6","75,000","0.80","0.83","0.76","0.76","-","0.02","0.76","10","0.77","10","0.00",
="031146","台玻富邦52購01","0","0","0","--","--","--","--"," ","0.00","1.21","30","1.22","10","0.00",
="031147","台達電富邦52購01","0","0","0","--","--","--","--"," ","0.00","2.60","30","2.64","10","0.00",
="031148","致茂富邦52購01","176,000","9","273,090","1.44","1.63","1.44","1.57","+","0.17","1.52","10","1.53","10","0.00",
="031149","全新富邦55購01","525,000","24","545,400","1.10","1.10","1.01","1.01","-","0.17","1.01","10","1.02","10","0.00",
="03114U","A50正2國票4C售02","0","0","0","--","--","--","--"," ","0.00","0.02","25","0.05","10","0.00",
="031150","宏達電富邦53購03","2,000","1","7,360","3.68","3.68","3.68","3.68","X","0.00","3.55","30","3.62","10","0.00",
="031151","辛耘富邦52購02","325,000","21","335,750","0.98","1.06","0.98","0.98","+","0.06","0.97","30","0.98","10","0.00",
="031152","愛普富邦53購02","347,000","3","196,550","0.57","0.57","0.56","0.56","-","0.02","0.56","30","0.57","10","0.00",
="031153","昇陽半富邦53購01","380,000","25","494,680","1.30","1.37","1.18","1.18","-","0.07","1.18","10","1.19","10","0.00",
="031154","美指2X凱基56購01","0","0","0","--","--","--","--"," ","0.00","0.53","10","0.54","50","20.19",
="031155","台塑凱基52購04","5,000","3","9,590","1.88","1.95","1.88","1.92","+","0.07","1.83","10","1.84","10","38.60",
="031156","台化凱基52購04","3,000","2","11,050","3.71","3.71","3.67","3.67","+","0.19","3.48","10","3.50","10","28.95",
="031157","聚陽凱基52購03","0","0","0","--","--","--","--"," ","0.00","3.51","10","3.61","10","294.00",
="031158","和大凱基52購01","0","0","0","--","--","--","--"," ","0.00","1.66","100","1.67","10","65.30",
="031159","中砂凱基56購02","382,000","17","869,760","2.18","2.37","2.18","2.22","+","0.12","2.22","85","2.23","10","339.00",
="03115U","直得國票4C售03","50,000","1","38,500","0.77","0.77","0.77","0.77","-","0.04","0.78","25","0.80","10","0.00",
="031160","大成鋼凱基52購05","0","0","0","--","--","--","--"," ","0.00","0.81","100","0.82","10","37.90",
="031161","川湖凱基52購03","174,000","14","604,010","3.34","3.62","3.34","3.34","-","0.56","3.18","100","3.28","10","3,220.00",
="031162","光寶科凱基54購01","99,000","16","533,550","5.25","5.90","4.95","5.50","+","0.45","5.25","50","5.75","10","183.00",
="031163","台達電凱基52購03","15,000","5","124,100","9.10","9.10","8.00","8.10","-","0.70","8.00","50","8.30","5","893.00",
="031164","華通凱基52購04","0","0","0","--","--","--","--"," ","0.00","5.30","100","5.35","10","77.00",
="031165","鴻海凱基56購05","112,000","7","259,420","2.29","2.35","2.27","2.35","X","0.00","2.34","499","2.35","499","221.00",
="031166","精英凱基52購01","120,000","9","286,980","2.37","2.49","2.37","2.49","+","0.19","2.58","10","2.68","10","21.50",
="031167","鴻準凱基52購02","1,364,000","11","1,655,130","1.31","1.31","1.16","1.16","-","0.05","1.16","10","1.17","10","70.70",
="031168","群光凱基52購01","7,000","2","6,390","0.93","0.93","0.90","0.90","-","0.10","0.88","100","0.90","10","140.00",
="031169","毅嘉凱基52購02","14,000","4","56,670","4.15","4.24","4.01","4.24","-","0.17","4.08","10","4.12","10","53.50",
="03116U","萬海國票4C售03","0","0","0","--","--","--","--"," ","0.00","1.65","25","1.68","10","0.00",
="031170","建準凱基52購01","244,000","15","174,440","0.76","0.80","0.58","0.58","-","0.07","0.55","30","0.59","10","129.00",
="031171","長榮太凱基52購04","8,000","5","20,200","2.74","2.74","2.39","2.54","-","0.79","2.49","100","2.53","10","168.50",
="031172","亞光凱基55購01","43,000","2","63,240","1.48","1.48","1.44","1.44","-","0.20","1.44","100","1.46","10","161.50",
="031173","緯創凱基52購05","20,000","1","14,600","0.73","0.73","0.73","0.73","+","0.05","0.72","100","0.74","10","122.50",
="031174","神達凱基54購02","62,000","8","136,910","2.18","2.31","2.12","2.19","+","0.14","2.22","100","2.23","10","90.00",
="031175","智伸科凱基52購02","0","0","0","--","--","--","--"," ","0.00","0.57","10","0.58","10","139.50",
="031176","聯茂凱基52購01","55,000","4","90,260","1.63","1.70","1.60","1.60","-","0.06","1.51","100","1.54","10","111.50",
="031177","穎崴凱基56購01","0","0","0","--","--","--","--"," ","0.00","8.05","100","--","0","2,015.00",
="031178","緯穎凱基54購07","1,000","1","2,920","2.92","2.92","2.92","2.92","X","0.00","2.75","100","2.85","10","3,140.00",
="031179","AES凱基52購04","0","0","0","--","--","--","--"," ","0.00","1.09","100","1.11","10","1,195.00",
="03117U","緯穎國票4C售05","0","0","0","--","--","--","--"," ","0.00","0.09","25","0.10","10","0.00",
="031180","視陽凱基52購01","0","0","0","--","--","--","--"," ","0.00","0.94","10","0.95","10","192.50",
="031181","富世達凱基52購01","40,000","1","49,200","1.23","1.23","1.23","1.23","+","0.06","1.30","100","--","0","1,010.00",
="031182","昇陽半凱基52購01","139,000","17","296,430","2.10","2.26","2.05","2.23","+","0.17","1.93","100","1.95","10","179.50",
="031183","羅昇凱基52購01","397,000","4","215,090","0.64","0.64","0.53","0.55","-","0.11","0.55","5","0.56","10","99.50",
="031184","世紀鋼凱基55購03","0","0","0","--","--","--","--"," ","0.00","0.73","10","0.74","10","171.50",
="031185","臺股指凱基52購12","0","0","0","--","--","--","--"," ","0.00","4.22","100","4.23","10","0.00",
="031186","臺股指凱基52購13","10,000","1","50,000","5.00","5.00","5.00","5.00","+","0.54","5.15","100","5.20","10","0.00",
="031187","T50正2國票53購02","0","0","0","--","--","--","--"," ","0.00","4.86","25","4.87","10","302.45",
="031188","道瓊銀國票58購02","36,000","6","84,330","2.37","2.38","2.32","2.33","+","0.07","2.35","25","2.37","10","36.75",
="031189","中興電國票58購01","120,000","1","147,600","1.23","1.23","1.23","1.23","X","0.00","1.20","25","1.21","10","159.00",
="03118U","臺股指國票4B售09","9,000","4","450","0.05","0.05","0.05","0.05","X","0.00","0.05","505","0.12","499","0.00",
="031190","華城國票53購03","0","0","0","--","--","--","--"," ","0.00","0.93","25","0.94","10","586.00",
="031191","合機國票53購01","37,000","3","38,330","1.03","1.05","1.03","1.05","+","0.02","1.03","25","1.05","10","46.95",
="031192","合機國票55購01","0","0","0","--","--","--","--"," ","0.00","1.03","25","1.04","10","46.95",
="031193","台玻國票53購03","0","0","0","--","--","--","--"," ","0.00","3.10","25","3.11","10","25.95",
="031194","光寶科國票57購02","302,000","17","970,090","3.10","3.51","3.04","3.22","+","0.11","3.23","25","3.30","10","183.00",
="031195","楠梓電國票55購01","21,000","5","102,130","5.20","5.20","4.42","4.42","-","1.53","4.36","25","4.46","10","103.50",
="031196","鴻海國票53購05","82,000","4","158,300","1.91","2.01","1.89","2.01","+","0.32","1.98","25","2.01","10","221.00",
="031197","鴻準國票53購01","25,000","3","39,550","1.67","1.67","1.56","1.56"," ","0.00","1.56","25","1.57","10","70.70",
="031198","鴻準國票54購01","0","0","0","--","--","--","--"," ","0.00","1.67","25","1.68","10","70.70",
="031199","亞航國票53購01","75,000","14","208,460","3.28","3.28","2.59","2.59","-","1.01","2.50","18","2.59","10","55.20",
="03119U","臺股指國票4C售03","0","0","0","--","--","--","--"," ","0.00","0.10","499","0.13","499","0.00",
="031200","長榮太國票52購01","0","0","0","--","--","--","--"," ","0.00","2.05","25","2.08","10","168.50",
="031201","長榮太國票53購01","40,000","5","84,770","2.20","2.20","2.11","2.13","-","0.35","2.13","25","2.14","10","168.50",
="031202","長榮太國票54購01","28,000","3","69,410","2.51","2.52","2.32","2.32","-","0.41","2.38","25","2.39","10","168.50",
="031203","玉山金國票53購01","200,000","1","176,000","0.88","0.88","0.88","0.88","X","0.00","0.88","25","0.90","10","33.15",
="031204","奇鋐國票53購02","49,000","8","91,810","2.08","2.08","1.69","1.69","+","0.02","1.70","25","1.73","10","1,015.00",
="031205","亞光國票52購02","0","0","0","--","--","--","--"," ","0.00","1.05","25","1.06","10","161.50",
="031206","亞光國票53購02","10,000","2","15,100","1.53","1.53","1.49","1.49","-","0.09","1.47","25","1.48","10","161.50",
="031207","德律國票58購01","0","0","0","--","--","--","--"," ","0.00","2.41","25","2.42","10","189.00",
="031208","華晶科國票53購01","72,000","6","210,520","2.96","2.98","2.82","2.82","-","0.26","2.84","25","2.89","10","52.80",
="031209","景碩國票54購01","25,000","4","32,050","1.30","1.30","1.21","1.21","-","0.03","1.12","25","1.15","10","111.50",
="03120U","臺股指國票4C售04","0","0","0","--","--","--","--"," ","0.00","0.25","499","0.26","499","0.00",
="031210","京鼎國票53購01","8,000","3","13,660","1.71","1.71","1.70","1.70","+","0.14","1.59","25","1.62","10","306.00",
="031211","達邁國票53購03","0","0","0","--","--","--","--"," ","0.00","2.03","25","2.04","10","73.10",
="031212","神達國票53購03","309,000","21","964,980","3.22","3.40","3.04","3.24","+","0.26","3.24","5","3.26","10","90.00",
="031213","立積國票52購01","122,000","12","209,100","1.73","1.73","1.69","1.71","-","0.19","1.71","25","1.73","10","151.50",
="031214","泓德國票52購02","0","0","0","--","--","--","--"," ","0.00","0.10","25","0.11","10","125.50",
="031215","南電國票53購03","0","0","0","--","--","--","--"," ","0.00","2.69","25","2.79","10","234.50",
="031216","A50正2元大52購01","5,000","1","10,800","2.16","2.16","2.16","2.16","X","0.00","2.18","250","2.19","100","32.79",
="031217","台塑元大52購12","0","0","0","--","--","--","--"," ","0.00","1.60","450","1.61","10","38.60",
="031218","台塑元大52購13","0","0","0","--","--","--","--"," ","0.00","1.67","450","1.69","10","38.60",
="031219","億泰元大52購01","36,000","3","49,660","1.40","1.40","1.36","1.36","-","0.01","1.37","499","1.39","10","34.80",
="03121U","T50正2富邦53售02","98,000","1","17,640","0.18","0.18","0.18","0.18","X","0.00","0.18","102","0.19","98","0.00",
="031220","台玻元大52購09","11,000","1","28,160","2.56","2.56","2.56","2.56","-","0.03","2.38","300","2.40","10","25.95",
="031221","台玻元大54購02","106,000","8","315,390","2.98","3.06","2.74","2.74","-","0.18","2.74","250","2.76","10","25.95",
="031222","大成鋼元大54購02","0","0","0","--","--","--","--"," ","0.00","1.46","499","1.47","10","37.90",
="031223","光寶科元大52購04","22,000","4","60,060","2.66","3.10","2.60","3.10","+","0.69","2.72","250","4.24","5","183.00",
="031224","鴻海元大52購13","95,000","11","146,900","1.38","1.64","1.38","1.64","+","0.27","1.64","499","1.65","10","221.00",
="031225","台積電元大52購17","344,000","12","530,310","1.47","1.61","1.47","1.61","+","0.28","1.54","10","--","0","1,340.00",
="031226","台積電元大52購18","400,000","9","527,960","1.32","1.32","1.30","1.32","X","0.00","1.30","3","--","0","1,340.00",
="031227","華碩元大52購02","54,000","3","66,460","1.19","1.25","1.14","1.25","X","0.00","1.19","25","1.21","10","684.00",
="031228","燿華元大52購04","5,000","1","5,050","1.01","1.01","1.01","1.01","-","0.07","0.90","499","0.91","10","27.50",
="031229","佳能元大56購01","4,000","4","8,840","1.90","2.37","1.90","2.37","X","0.00","1.87","450","2.37","2","88.80",
="03122U","萬海元大4B售13","50,000","2","57,500","1.15","1.15","1.15","1.15","X","0.00","1.15","499","1.16","200","0.00",
="031231","智邦統一4C購01","0","0","0","--","--","--","--"," ","0.00","2.83","10","2.91","10","1,005.00",
="031232","台光電元大54購10","195,000","5","266,750","1.36","1.52","1.36","1.52","+","0.21","1.40","499","1.44","10","1,345.00",
="031233","建準元大52購04","159,000","1","125,610","0.79","0.79","0.79","0.79","X","0.00","0.59","499","0.61","10","129.00",
="031234","建準元大52購05","171,000","7","144,920","0.89","0.89","0.82","0.82","+","0.10","0.70","499","0.72","10","129.00",
="031235","聯發科元大52購09","25,000","2","26,350","1.05","1.07","1.05","1.07","-","0.10","1.00","25","1.02","10","1,375.00",
="031236","聯發科元大52購10","195,000","11","199,500","1.07","1.07","0.98","0.98","-","0.14","0.96","25","0.98","5","1,375.00",
="031237","裕民元大52購01","0","0","0","--","--","--","--"," ","0.00","1.60","400","1.63","10","55.30",
="031238","亞航元大52購01","55,000","9","209,350","4.48","4.48","3.43","3.43","-","1.47","2.88","72","3.33","10","55.20",
="031239","亞航元大52購02","12,000","2","55,400","5.20","5.20","4.50","4.50","-","0.18","2.72","3","3.82","10","55.20",
="03123U","萬海元大4B售14","0","0","0","--","--","--","--"," ","0.00","0.48","499","0.49","200","0.00",
="031240","長榮太元大52購01","114,000","13","265,720","2.44","2.44","2.26","2.35","-","0.26","2.31","300","2.33","10","168.50",
="031241","長榮太元大52購02","264,000","15","289,480","1.20","1.20","1.04","1.09","-","0.21","1.08","499","1.09","10","168.50",
="031242","大立光元大52購04","133,000","3","45,420","0.36","0.36","0.34","0.34","-","0.01","0.34","509","0.35","10","2,360.00",
="031243","大立光元大52購05","907,000","11","641,470","0.74","0.74","0.70","0.72","-","0.04","0.71","499","0.73","10","2,360.00",
="031244","亞光元大54購04","45,000","5","37,030","0.82","0.84","0.82","0.82","-","0.10","0.81","499","0.82","10","161.50",
="031247","保瑞統一4C購03","0","0","0","--","--","--","--"," ","0.00","0.18","10","0.21","72","693.00",
="031248","智原元大52購02","145,000","15","181,620","1.10","1.30","1.10","1.22","+","0.15","1.20","499","1.22","10","174.00",
="031249","京鼎元大52購01","449,000","18","650,230","1.38","1.50","1.38","1.43","+","0.12","1.35","499","1.38","10","306.00",
="03124U","虎航元大4B售05","0","0","0","--","--","--","--"," ","0.00","0.53","499","0.54","200","0.00",
="031250","智易元大52購01","70,000","2","56,400","0.81","0.81","0.80","0.80","+","0.01","0.77","499","0.80","10","223.00",
="031251","達邁元大52購03","227,000","21","375,720","1.52","1.74","1.52","1.54","+","0.04","1.51","499","1.52","10","73.10",
="031252","達邁元大52購04","833,000","47","446,060","0.51","0.57","0.49","0.50","+","0.01","0.49","500","0.50","10","73.10",
="031253","世芯元大52購14","771,000","12","1,077,730","1.58","1.58","1.36","1.37","-","0.32","0.25","40","--","0","3,700.00",
="031254","材料元大58購02","82,000","4","138,600","1.68","1.72","1.66","1.72"," ","0.00","1.66","450","1.68","10","66.40",
="031255","南寶元大52購03","228,000","25","466,680","2.14","2.14","1.85","2.03","-","0.09","2.00","12","2.05","10","416.50",
="031256","亞翔元大58購02","349,000","13","779,590","2.23","2.26","2.21","2.26"," ","0.00","2.21","350","2.23","10","358.50",
="031257","訊芯元大52購01","0","0","0","--","--","--","--"," ","0.00","0.91","25","1.10","1","164.50",
="031258","訊芯元大52購02","45,000","8","60,430","1.34","1.38","1.27","1.27","-","0.02","1.24","25","--","0","164.50",
="031259","保瑞元大52購01","90,000","1","33,300","0.37","0.37","0.37","0.37","+","0.02","0.34","175","0.35","10","693.00",
="03125U","長榮中信4B售02","78,000","2","83,460","1.07","1.07","1.07","1.07"," ","0.00","1.08","30","1.09","30","0.00",
="031260","AES元大52購08","188,000","4","118,040","0.65","0.65","0.59","0.59","-","0.02","0.57","499","0.58","10","1,195.00",
="031261","富世達元大58購01","77,000","8","177,030","2.27","2.50","2.25","2.50","+","0.37","2.33","350","2.39","10","1,010.00",
="031262","昇陽半元大52購01","284,000","16","267,860","0.97","1.00","0.90","0.90","-","0.03","0.88","499","0.98","10","179.50",
="031263","昇陽半元大54購02","799,000","17","743,160","0.93","0.98","0.87","0.87","-","0.07","0.86","499","0.88","10","179.50",
="031264","昇陽半元大57購01","294,000","7","522,200","1.70","1.79","1.66","1.66"," ","0.00","1.60","450","1.63","10","179.50",
="031265","南電元大52購09","20,000","3","58,720","3.06","3.06","2.86","2.86","+","0.48","2.66","250","2.70","10","234.50",
="031266","台塑統一68購01","0","0","0","--","--","--","--"," ","0.00","0.59","10","0.60","10","38.60",
="031267","和大統一58購01","1,000","1","770","0.77","0.77","0.77","0.77","-","0.04","0.76","10","0.77","10","65.30",
="031268","川湖統一58購04","81,000","3","81,810","1.01","1.01","1.01","1.01","-","0.08","0.97","10","0.98","10","3,220.00",
="031269","川湖統一62購01","126,000","2","153,820","1.23","1.23","1.21","1.21","-","0.12","1.21","10","1.22","10","3,220.00",
="03126U","聯發科永豐4B售05","0","0","0","--","--","--","--"," ","0.00","0.18","10","0.19","10","0.00",
="031270","光寶科統一57購03","2,352,000","100","3,401,230","1.60","1.60","1.36","1.45","-","0.15","1.43","10","1.45","9","183.00",
="031271","台達電統一57購07","5,000","4","12,110","2.43","2.43","2.39","2.39","X","0.00","2.32","10","2.34","10","893.00",
="031272","台達電統一62購01","550,000","36","872,590","1.61","1.62","1.55","1.57","-","0.04","1.51","5","1.58","10","893.00",
="031273","鴻海統一5C購03","63,000","2","64,840","1.02","1.03","1.02","1.03","X","0.00","1.03","10","1.04","10","221.00",
="031274","鴻海統一68購01","60,000","7","66,240","1.09","1.12","1.09","1.12","+","0.06","1.11","10","1.12","21","221.00",
="031275","廣宇統一58購02","147,000","4","173,290","1.21","1.21","1.16","1.16","-","0.03","1.17","10","1.18","10","54.10",
="031276","友訊統一57購01","20,000","1","12,200","0.61","0.61","0.61","0.61","X","0.00","0.63","10","0.64","10","17.80",
="031277","致茂統一58購01","972,000","35","1,069,830","1.08","1.14","1.06","1.09","+","0.07","1.06","10","1.07","10","614.00",
="031278","致茂統一5A購01","140,000","8","148,850","1.05","1.08","1.05","1.07","X","0.00","1.04","10","1.05","10","614.00",
="031279","金像電統一57購04","146,000","7","161,640","1.11","1.11","1.09","1.09","+","0.03","1.08","10","1.09","10","455.00",
="03127U","長榮永豐4B售04","0","0","0","--","--","--","--"," ","0.00","1.62","10","1.63","10","0.00",
="031280","金像電統一58購02","218,000","4","255,630","1.18","1.18","1.14","1.17","+","0.06","1.13","10","1.14","10","455.00",
="031281","大同統一58購01","88,000","5","64,280","0.71","0.74","0.71","0.74","+","0.02","0.73","10","0.74","10","39.85",
="031282","台光電統一57購02","759,000","28","759,960","0.92","1.06","0.91","0.99","+","0.11","0.98","10","0.99","10","1,345.00",
="031283","群光統一58購01","0","0","0","--","--","--","--"," ","0.00","0.64","10","0.66","10","140.00",
="031284","建準統一57購01","311,000","8","258,130","0.83","0.83","0.83","0.83","+","0.06","0.72","10","0.73","10","129.00",
="031285","建準統一57購02","1,014,000","25","826,460","0.82","0.83","0.73","0.73","-","0.04","0.70","10","0.71","10","129.00",
="031286","建準統一62購01","0","0","0","--","--","--","--"," ","0.00","0.56","10","0.57","10","129.00",
="031287","長榮太統一57購01","1,468,000","40","1,239,400","0.88","0.88","0.79","0.80","-","0.09","0.79","10","0.80","10","168.50",
="031288","長榮太統一5A購01","261,000","10","187,220","0.74","0.74","0.69","0.70","-","0.07","0.69","10","0.70","3","168.50",
="031289","長榮太統一62購01","93,000","2","67,150","0.73","0.73","0.72","0.72","-","0.05","0.69","10","0.70","10","168.50",
="03128U","世芯永豐4C售09","7,000","2","2,210","0.31","0.33","0.31","0.33","+","0.06","0.33","10","0.34","10","0.00",
="031290","奇鋐統一57購03","741,000","19","463,320","0.68","0.68","0.57","0.57","-","0.02","0.57","60","0.58","10","1,015.00",
="031291","奇鋐統一58購01","135,000","5","118,600","0.89","0.89","0.79","0.79","+","0.01","0.78","10","0.79","10","1,015.00",
="031292","奇鋐統一68購01","187,000","12","92,350","0.52","0.52","0.48","0.48","+","0.01","0.48","20","0.49","10","1,015.00",
="031293","亞光統一57購02","65,000","3","48,450","0.75","0.75","0.72","0.72","-","0.03","0.71","10","0.72","10","161.50",
="031294","亞光統一58購05","3,000","1","1,920","0.64","0.64","0.64","0.64","-","0.01","0.63","10","0.64","10","161.50",
="031295","亞光統一58購06","49,000","1","38,710","0.79","0.79","0.79","0.79","+","0.01","0.76","10","0.77","10","161.50",
="031296","亞光統一59購01","21,000","1","14,490","0.69","0.69","0.69","0.69"," ","0.00","0.65","10","0.66","10","161.50",
="031297","亞光統一5B購02","222,000","2","140,520","0.66","0.66","0.63","0.63","-","0.03","0.62","10","0.63","10","161.50",
="031298","智原統一58購02","228,000","24","162,700","0.68","0.76","0.68","0.71","+","0.07","0.69","10","0.70","10","174.00",
="031299","華晶科統一57購02","216,000","4","255,800","1.19","1.19","1.15","1.15","-","0.09","1.15","10","1.16","10","52.80",
="03129U","元債2X元富4B售03","0","0","0","--","--","--","--"," ","0.00","0.35","25","0.36","25","0.00",
="031300","玉晶光統一58購02","0","0","0","--","--","--","--"," ","0.00","0.56","10","0.57","10","443.50",
="031301","玉晶光統一58購03","21,000","1","14,280","0.68","0.68","0.68","0.68","-","0.02","0.66","10","0.67","10","443.50",
="031302","嘉澤統一57購03","0","0","0","--","--","--","--"," ","0.00","0.74","10","0.75","10","1,605.00",
="031303","嘉澤統一58購01","88,000","2","74,800","0.85","0.85","0.85","0.85","-","0.03","0.84","10","0.85","10","1,605.00",
="031304","嘉澤統一58購02","63,000","2","52,680","0.84","0.84","0.82","0.82","-","0.06","0.83","10","0.84","10","1,605.00",
="031305","貿聯統一58購04","200,000","5","192,250","1.06","1.06","0.95","0.95","-","0.07","0.92","10","0.93","10","1,085.00",
="031306","神達統一57購02","1,406,000","55","1,991,500","1.41","1.45","1.34","1.37","+","0.05","1.38","10","1.39","10","90.00",
="031307","智伸科統一58購01","5,000","1","4,050","0.81","0.81","0.81","0.81","X","0.00","0.78","10","0.79","10","139.50",
="031308","智伸科統一62購01","10,000","1","5,400","0.54","0.54","0.54","0.54","X","0.00","0.52","10","0.53","10","139.50",
="031309","南寶統一58購02","86,000","1","56,760","0.66","0.66","0.66","0.66","-","0.02","0.65","10","0.66","10","416.50",
="03130U","台光電元富4B售03","0","0","0","--","--","--","--"," ","0.00","--","0","0.10","25","0.00",
="031310","南寶統一58購03","74,000","4","47,810","0.65","0.66","0.64","0.64","-","0.03","0.64","10","0.65","10","416.50",
="031311","上品統一58購01","60,000","3","45,400","0.75","0.76","0.75","0.76","+","0.02","0.73","10","0.74","10","308.00",
="031312","立積統一57購04","116,000","3","95,120","0.82","0.82","0.82","0.82","-","0.02","0.79","10","0.80","10","151.50",
="031313","立積統一58購03","146,000","4","119,720","0.82","0.82","0.82","0.82","-","0.07","0.78","10","0.79","10","151.50",
="031314","亞翔統一57購04","0","0","0","--","--","--","--"," ","0.00","0.76","10","0.77","10","358.50",
="031315","飛捷統一58購01","23,000","1","10,350","0.45","0.45","0.45","0.45"," ","0.00","0.45","10","0.46","10","106.50",
="031316","台塑化統一68購01","0","0","0","--","--","--","--"," ","0.00","0.53","10","0.54","10","39.25",
="031317","愛普統一58購02","1,000","1","520","0.52","0.52","0.52","0.52","+","0.01","0.52","10","0.53","10","344.00",
="031318","緯穎統一58購02","125,000","4","98,600","0.79","0.79","0.78","0.78"," ","0.00","0.78","10","0.79","10","3,140.00",
="031319","緯穎統一59購02","0","0","0","--","--","--","--"," ","0.00","0.79","10","0.80","10","3,140.00",
="03131U","華城凱基4B售04","0","0","0","--","--","--","--"," ","0.00","0.04","1","0.13","10","0.00",
="031320","視陽統一58購01","0","0","0","--","--","--","--"," ","0.00","0.58","10","0.59","10","192.50",
="031321","昇陽半統一5B購01","0","0","0","--","--","--","--"," ","0.00","0.63","10","0.64","10","179.50",
="031322","南電統一57購07","293,000","14","442,600","1.44","1.54","1.37","1.37","-","0.02","1.36","10","1.37","10","234.50",
="031323","億豐統一58購02","26,000","2","18,720","0.72","0.72","0.72","0.72","X","0.00","0.68","10","0.69","10","442.00",
="031324","臺股指統一52購01","0","0","0","--","--","--","--"," ","0.00","1.02","10","1.11","10","0.00",
="031325","臺股指統一52購02","0","0","0","--","--","--","--"," ","0.00","2.23","10","2.33","10","0.00",
="031326","T50正2群益52購01","0","0","0","--","--","--","--"," ","0.00","5.15","25","5.20","10","302.45",
="031327","光寶科群益52購03","26,000","8","123,740","5.00","5.50","4.61","5.50"," ","0.00","4.87","25","5.50","10","183.00",
="031328","台達電群益52購04","0","0","0","--","--","--","--"," ","0.00","4.57","100","4.67","10","893.00",
="031329","台達電群益53購02","1,545,000","27","8,501,100","5.90","5.95","5.40","5.55","-","0.25","5.40","10","--","0","893.00",
="03132U","台積電凱基4C售30","0","0","0","--","--","--","--"," ","0.00","0.05","100","0.15","10","0.00",
="031330","鴻海群益52購06","40,000","2","113,200","2.83","2.83","2.83","2.83","X","0.00","2.77","100","2.81","100","221.00",
="031331","智邦群益52購06","10,000","1","15,900","1.59","1.59","1.59","1.59","+","0.17","1.51","100","1.57","100","1,005.00",
="031332","鴻準群益52購02","0","0","0","--","--","--","--"," ","0.00","0.76","10","0.86","10","70.70",
="031333","致茂群益53購02","238,000","29","634,170","2.60","2.81","2.44","2.59","+","0.18","2.55","10","2.65","10","614.00",
="031334","佳能群益55購01","69,000","16","209,260","2.79","3.22","2.79","3.00","+","0.26","2.98","10","3.08","10","88.80",
="031335","億光群益53購01","0","0","0","--","--","--","--"," ","0.00","0.13","25","--","0","63.10",
="031336","漢唐群益52購05","10,000","2","22,950","2.22","2.37","2.22","2.37","-","0.01","2.20","10","4.28","10","987.00",
="031337","建準群益53購01","87,000","4","98,200","1.11","1.14","1.03","1.03","+","0.09","0.37","27","--","0","129.00",
="031338","聯發科群益52購09","100,000","3","78,450","0.88","0.88","0.77","0.77","-","0.11","0.70","50","--","0","1,375.00",
="031339","長榮群益52購03","72,000","5","93,780","1.30","1.32","1.29","1.29","-","0.08","1.27","100","1.29","100","182.00",
="03133U","聯發科凱基4B售05","26,000","1","12,220","0.47","0.47","0.47","0.47","+","0.05","0.50","100","0.51","10","0.00",
="031340","晟銘電群益52購04","63,000","3","99,240","1.62","1.62","1.56","1.56","X","0.00","1.53","100","1.56","100","121.00",
="031341","奇鋐群益52購08","281,000","12","302,300","1.26","1.26","1.02","1.03","-","0.03","0.35","28","1.28","30","1,015.00",
="031342","亞光群益53購03","0","0","0","--","--","--","--"," ","0.00","0.74","100","0.76","100","161.50",
="031343","華晶科群益52購01","0","0","0","--","--","--","--"," ","0.00","--","0","2.72","10","52.80",
="031344","景碩群益52購03","556,000","11","1,848,520","3.43","3.43","3.26","3.26","+","0.09","1.32","7","--","0","111.50",
="031345","辛耘群益52購01","116,000","23","357,460","2.97","3.20","2.87","2.88","+","0.44","0.76","26","3.40","1","388.00",
="031346","世芯群益52購09","0","0","0","--","--","--","--"," ","0.00","0.18","12","--","0","3,700.00",
="031347","洋基群益52購01","19,000","2","31,010","1.63","1.67","1.63","1.67","X","0.00","1.60","10","1.70","10","449.00",
="031348","富世達群益52購04","2,000","2","4,420","2.21","2.21","2.21","2.21","X","0.00","0.77","30","--","0","1,010.00",
="031349","昇陽半群益52購02","307,000","14","932,980","2.95","3.22","2.88","2.94","-","0.06","2.80","10","2.90","10","179.50",
="03134P","台積電凱基51售01","60,000","4","5,100","0.09","0.09","0.06","0.06","X","0.00","0.06","3","0.07","200","0.00",
="03134U","雲豹凱基4C售02","21,000","1","24,150","1.15","1.15","1.15","1.15","+","0.04","1.17","10","1.18","10","0.00",
="031350","南電群益52購03","127,000","12","483,320","3.86","3.99","3.27","3.27","-","0.19","3.31","10","3.41","10","234.50",
="031351","菱光群益54購01","95,000","10","169,940","1.70","1.86","1.69","1.80","+","0.25","1.77","10","1.87","10","60.90",
="031352","中興電中信53購01","3,000","1","1,110","0.37","0.37","0.37","0.37","X","0.00","0.36","10","0.37","10","0.00",
="031353","鴻海中信57購01","41,000","5","55,570","1.34","1.37","1.34","1.37","+","0.16","1.37","10","1.40","20","0.00",
="031354","鴻準中信53購01","0","0","0","--","--","--","--"," ","0.00","0.70","499","0.71","10","0.00",
="031355","一詮中信56購01","21,000","2","13,050","0.62","0.65","0.62","0.65","+","0.01","0.61","10","0.62","10","0.00",
="031356","精成科中信53購02","0","0","0","--","--","--","--"," ","0.00","0.93","10","1.30","15","0.00",
="031357","香港2X國票52購01","3,000","3","8,410","2.87","2.87","2.74","2.74","-","0.06","2.62","25","2.63","10","18.02",
="031358","元日2X國票53購01","0","0","0","--","--","--","--"," ","0.00","0.48","25","0.49","10","5.87",
="031359","元日2X國票55購03","0","0","0","--","--","--","--"," ","0.00","0.47","25","0.48","10","5.87",
="03135P","台積電凱基51售02","726,000","27","10,000","0.01","0.02","0.01","0.02","+","0.01","0.01","922","0.02","730","0.00",
="03135U","巨大凱基4C售01","52,000","13","60,700","1.16","1.18","1.16","1.18"," ","0.00","1.17","499","--","0","0.00",
="031360","元日2X國票58購01","0","0","0","--","--","--","--"," ","0.00","0.50","25","0.51","10","5.87",
="031361","中砂國票53購02","298,000","6","669,480","2.17","2.44","2.16","2.25","+","0.28","2.25","25","2.26","10","339.00",
="031362","大亞國票53購01","130,000","5","158,600","1.22","1.25","1.19","1.25"," ","0.00","1.24","25","1.25","10","39.85",
="031363","大成鋼國票53購02","0","0","0","--","--","--","--"," ","0.00","0.83","25","0.84","10","37.90",
="031364","川湖國票53購03","90,000","2","257,200","2.88","2.88","2.84","2.84","-","0.04","2.79","25","2.80","10","3,220.00",
="031365","漢翔國票53購02","0","0","0","--","--","--","--"," ","0.00","5.90","25","--","0","62.60",
="031366","長榮太國票56購01","50,000","6","82,820","1.62","1.68","1.62","1.66","-","0.27","1.69","25","1.70","10","168.50",
="031367","長榮太國票58購01","35,000","5","70,410","1.97","2.05","1.97","2.00","-","0.32","2.06","25","2.07","10","168.50",
="031368","亞光國票54購01","0","0","0","--","--","--","--"," ","0.00","1.36","25","1.37","10","161.50",
="031369","欣興國票54購01","20,000","1","31,000","1.55","1.55","1.55","1.55","+","0.07","1.44","25","1.54","10","159.00",
="03136U","牧德國票4C售03","0","0","0","--","--","--","--"," ","0.00","0.39","25","0.40","10","0.00",
="031370","瑞鼎國票53購01","90,000","13","59,420","0.65","0.68","0.64","0.64","-","0.02","0.64","25","0.65","10","296.50",
="031371","智伸科國票53購02","0","0","0","--","--","--","--"," ","0.00","0.45","25","0.46","10","139.50",
="031372","立積國票53購01","122,000","10","202,650","1.70","1.70","1.57","1.59","-","0.19","1.59","25","1.60","10","151.50",
="031373","凌華國票52購01","89,000","8","83,280","0.98","0.98","0.90","0.90","-","0.12","0.88","25","0.90","10","62.40",
="031374","鈺邦國票53購01","0","0","0","--","--","--","--"," ","0.00","4.06","25","--","0","198.50",
="031375","連加國票53購03","0","0","0","--","--","--","--"," ","0.00","0.55","25","0.56","10","606.00",
="031376","道瓊銀永豐54購01","0","0","0","--","--","--","--"," ","0.00","2.38","10","2.39","10","36.75",
="031377","台化永豐54購01","16,000","1","40,800","2.55","2.55","2.55","2.55","+","0.15","2.38","499","2.42","10","28.95",
="031378","中興電永豐53購02","17,000","2","9,730","0.57","0.58","0.57","0.58","X","0.00","0.59","10","0.60","10","159.00",
="031379","中興電永豐54購01","10,000","1","51,000","5.10","5.10","5.10","5.10","X","0.00","4.95","499","5.10","10","159.00",
="03137U","世芯國票4C售02","601,000","3","81,130","0.13","0.14","0.13","0.14","+","0.01","0.14","25","0.15","10","0.00",
="031380","華城永豐52購04","0","0","0","--","--","--","--"," ","0.00","0.30","499","0.31","10","586.00",
="031381","大亞永豐53購01","20,000","1","16,000","0.80","0.80","0.80","0.80","+","0.02","0.77","499","0.78","10","39.85",
="031382","南港永豐54購01","20,000","1","15,200","0.76","0.76","0.76","0.76","X","0.00","0.75","499","0.76","10","41.15",
="031383","全新永豐54購01","6,000","1","20,700","3.45","3.45","3.45","3.45","-","0.12","3.17","499","3.27","10","160.00",
="031385","宏達電永豐55購01","0","0","0","--","--","--","--"," ","0.00","4.44","499","4.48","10","64.60",
="031386","長榮太永豐52購02","380,000","21","341,400","0.95","0.96","0.85","0.90","-","0.17","0.90","10","0.92","20","168.50",
="031387","奇鋐永豐58購01","0","0","0","--","--","--","--"," ","0.00","0.97","26","1.04","10","1,015.00",
="031389","亞光永豐54購02","137,000","10","155,800","1.17","1.17","1.11","1.11","-","0.07","1.09","10","1.11","10","161.50",
="03138U","世芯國票51售01","0","0","0","--","--","--","--"," ","0.00","0.14","25","0.15","10","0.00",
="031390","緯創永豐54購01","0","0","0","--","--","--","--"," ","0.00","1.42","10","1.44","10","122.50",
="031393","智伸科永豐54購01","0","0","0","--","--","--","--"," ","0.00","0.44","10","0.45","10","139.50",
="031395","精成科永豐53購04","371,000","21","496,670","1.54","1.54","1.25","1.25","-","0.24","1.25","10","1.27","10","125.50",
="031396","保瑞統一4C購04","0","0","0","--","--","--","--"," ","0.00","0.25","10","0.26","10","693.00",
="031399","精成科永豐54購02","7,000","3","12,250","1.87","1.87","1.73","1.73","-","0.12","1.59","10","1.61","10","125.50",
="03139U","精銳國票4C售03","0","0","0","--","--","--","--"," ","0.00","0.82","25","0.83","10","0.00",
="031400","精成科永豐54購03","34,000","2","67,180","1.98","1.98","1.96","1.96","-","0.30","1.89","499","1.92","10","125.50",
="031401","佳必琪永豐53購01","135,000","2","131,300","0.97","0.98","0.97","0.98","+","0.01","0.96","10","0.97","10","160.00",
="031402","鈺邦永豐53購01","65,000","6","232,970","3.78","3.78","3.35","3.35","-","0.25","3.35","499","3.40","10","198.50",
="031403","世芯第一52購01","6,000","5","10,590","1.90","1.90","1.71","1.71","-","0.29","1.72","10","1.74","10","0.00",
="031404","光寶科兆豐58購01","720,000","25","1,700,440","2.35","2.54","2.27","2.38","-","0.09","2.35","10","2.42","10","183.00",
="031405","微星兆豐54購01","15,000","6","4,240","0.29","0.29","0.26","0.26","-","0.02","0.25","11","0.26","10","119.50",
="031406","一詮兆豐54購01","271,000","5","265,580","0.98","0.98","0.98","0.98","-","0.05","0.95","10","0.96","10","82.30",
="031407","精成科兆豐54購02","74,000","14","97,480","1.42","1.42","1.19","1.24","-","0.25","1.19","10","1.24","5","125.50",
="031408","T50反1富邦55購02","0","0","0","--","--","--","--"," ","0.00","0.16","100","0.17","100","0.00",
="031409","中砂富邦54購02","222,000","8","250,580","1.10","1.18","1.10","1.16","+","0.12","1.10","10","1.11","10","0.00",
="03140U","臺股指國票51售02","0","0","0","--","--","--","--"," ","0.00","0.28","499","0.29","499","0.00",
="031410","中砂富邦54購03","271,000","10","318,610","1.16","1.24","1.16","1.17","+","0.07","1.16","10","1.17","9","0.00",
="031411","大亞富邦53購01","150,000","4","84,670","0.56","0.57","0.54","0.54"," ","0.00","0.54","10","0.55","10","0.00",
="031412","大成鋼富邦54購02","0","0","0","--","--","--","--"," ","0.00","0.72","10","0.73","10","0.00",
="031413","光寶科富邦54購01","77,000","9","244,330","3.23","3.26","3.13","3.13","-","0.13","3.32","30","3.38","10","0.00",
="031414","台積電富邦52購05","41,000","1","75,850","1.85","1.85","1.85","1.85","+","0.38","1.85","30","1.86","10","0.00",
="031415","智邦富邦54購02","429,000","19","513,130","1.19","1.23","1.17","1.19","+","0.06","1.18","10","1.21","10","0.00",
="031416","智邦富邦55購01","161,000","4","196,420","1.22","1.22","1.22","1.22","X","0.00","1.18","10","1.22","10","0.00",
="031417","漢唐富邦55購01","32,000","3","48,200","1.51","1.51","1.50","1.50","-","0.10","1.56","10","1.57","10","0.00",
="031418","建準富邦54購02","214,000","20","255,230","1.22","1.23","1.15","1.15","+","0.03","1.04","10","1.05","10","0.00",
="031419","建準富邦55購01","173,000","20","246,940","1.44","1.46","1.35","1.35","+","0.01","1.24","10","1.25","10","0.00",
="03141U","臺股指國票51售03","0","0","0","--","--","--","--"," ","0.00","0.31","499","0.32","499","0.00",
="031420","皇昌富邦54購02","0","0","0","--","--","--","--"," ","0.00","1.39","10","1.40","10","0.00",
="031421","亞光富邦53購02","424,000","15","334,880","0.83","0.83","0.77","0.77","-","0.07","0.76","10","0.77","10","0.00",
="031422","玉晶光富邦54購01","591,000","28","475,510","0.85","0.85","0.78","0.81","+","0.01","0.80","10","0.81","10","0.00",
="031423","玉晶光富邦55購01","61,000","6","53,660","0.91","0.91","0.86","0.86","-","0.05","0.86","10","0.87","10","0.00",
="031424","上品富邦52購01","273,000","13","226,020","0.84","0.84","0.79","0.80"," ","0.00","0.80","12","0.81","10","0.00",
="031425","精成科富邦55購01","348,000","32","415,830","1.33","1.33","1.04","1.07","-","0.19","1.07","20","1.10","10","0.00",
="031426","矽力富邦54購01","337,000","17","150,770","0.45","0.45","0.44","0.44"," ","0.00","0.43","11","0.44","10","0.00",
="031427","AES富邦55購03","227,000","14","164,980","0.72","0.75","0.70","0.73","+","0.04","0.66","10","0.67","10","0.00",
="031428","T50反1元富52購01","12,000","1","10,560","0.88","0.88","0.88","0.88","-","0.05","0.83","25","0.84","25","18.29",
="031429","T50反1元富52購02","0","0","0","--","--","--","--"," ","0.00","0.35","25","0.36","25","18.29",
="03142U","美費半元大51售02","0","0","0","--","--","--","--"," ","0.00","0.35","100","0.36","50","0.00",
="031430","大亞元富53購01","0","0","0","--","--","--","--"," ","0.00","1.35","25","1.36","25","39.85",
="031431","億泰元富52購03","0","0","0","--","--","--","--"," ","0.00","0.91","25","0.92","25","34.80",
="031432","光寶科元富52購01","6,000","3","172,700","28.90","28.90","28.20","28.20","-","9.80","30.50","25","--","0","183.00",
="031433","台達電元富52購03","1,000","1","32,100","32.10","32.10","32.10","32.10","-","0.60","30.30","25","31.30","10","893.00",
="031434","一詮元富52購02","269,000","5","424,650","1.61","1.64","1.57","1.57","-","0.07","1.55","25","1.56","25","82.30",
="031435","華航元富52購01","0","0","0","--","--","--","--"," ","0.00","1.16","25","1.17","25","20.95",
="031436","漢翔元富52購02","0","0","0","--","--","--","--"," ","0.00","5.20","25","--","0","62.60",
="031437","長榮太元富52購01","31,000","3","78,240","2.56","2.58","2.44","2.44","-","0.25","2.37","25","2.39","25","168.50",
="031438","緯創元富52購01","25,000","5","176,750","7.10","7.25","6.95","6.95","+","0.50","6.80","25","6.95","25","122.50",
="031439","昇貿元富52購03","0","0","0","--","--","--","--"," ","0.00","7.05","25","7.20","25","114.00",
="03143U","上銀元大4B售13","0","0","0","--","--","--","--"," ","0.00","0.78","499","0.79","200","0.00",
="031440","新日興元富52購02","112,000","4","141,080","1.25","1.28","1.25","1.26","+","0.04","0.52","19","--","0","237.00",
="031441","神達元富53購01","29,000","8","499,300","17.50","18.00","16.70","17.20","+","1.10","17.30","25","17.40","25","90.00",
="031442","智伸科元富52購01","0","0","0","--","--","--","--"," ","0.00","1.00","25","1.02","25","139.50",
="031443","精成科元富52購02","80,000","8","144,500","1.91","1.91","1.65","1.65","-","0.33","1.61","25","1.63","25","125.50",
="031444","聯茂元富52購01","4,000","1","13,120","3.28","3.28","3.28","3.28","+","0.23","2.87","25","2.97","10","111.50",
="031445","鈺邦元富53購02","0","0","0","--","--","--","--"," ","0.00","7.85","25","7.95","25","198.50",
="031446","臺股指元富55購04","0","0","0","--","--","--","--"," ","0.00","8.75","25","8.80","25","0.00",
="031447","精成科台新52購01","4,000","2","14,680","3.67","3.67","3.67","3.67","-","0.10","3.22","20","3.23","10","0.00",
="031448","中興電國泰53購01","0","0","0","--","--","--","--"," ","0.00","0.73","499","0.75","499","159.00",
="031449","大亞國泰53購01","31,000","3","43,300","1.35","1.40","1.35","1.40","+","0.01","1.36","500","1.37","499","39.85",
="03144U","鴻海元大4B售15","0","0","0","--","--","--","--"," ","0.00","--","0","0.10","10","0.00",
="031450","光寶科國泰53購03","0","0","0","--","--","--","--"," ","0.00","3.51","350","3.57","10","183.00",
="031451","聯發科國泰54購01","20,000","3","37,150","1.84","1.91","1.84","1.84","-","0.21","1.75","499","1.78","499","1,375.00",
="031452","一詮國泰53購01","18,000","3","35,490","2.01","2.01","1.92","1.93","-","0.14","1.91","499","1.92","499","82.30",
="031453","長榮太國泰53購03","21,000","1","48,720","2.32","2.32","2.32","2.32","-","0.11","0.93","10","--","0","168.50",
="031454","長榮太國泰54購02","44,000","5","92,370","2.16","2.16","1.80","1.90","-","0.37","0.88","11","--","0","168.50",
="031455","上品國泰53購01","22,000","1","45,100","2.05","2.05","2.05","2.05","X","0.00","2.00","499","2.01","100","308.00",
="031456","精成科國泰53購02","0","0","0","--","--","--","--"," ","0.00","1.84","499","1.90","10","125.50",
="031457","精成科國泰54購01","24,000","1","65,280","2.72","2.72","2.72","2.72","-","0.05","2.39","499","2.42","360","125.50",
="031458","泓德國泰53購01","205,000","2","32,860","0.16","0.17","0.16","0.17","X","0.00","0.16","499","0.17","100","125.50",
="031459","台灣50元大52購03","565,000","19","1,192,500","2.08","2.30","2.06","2.30","+","0.44","2.30","10","--","0","58.45",
="03145U","台積電元大4B售29","0","0","0","--","--","--","--"," ","0.00","0.02","499","0.11","10","0.00",
="031460","T50反1元大53購04","5,000","1","750","0.15","0.15","0.15","0.15","X","0.00","0.14","100","0.15","10","18.29",
="031461","T50反1元大57購01","0","0","0","--","--","--","--"," ","0.00","0.49","100","0.50","10","18.29",
="031462","T50反1元大5B購01","14,000","3","7,540","0.54","0.54","0.53","0.54","+","0.01","0.50","5","0.54","10","18.29",
="031463","上証2X元大52購02","173,000","12","354,850","2.01","2.24","1.89","1.89","-","0.20","1.93","250","1.94","100","47.20",
="031464","道瓊銅元大52購02","0","0","0","--","--","--","--"," ","0.00","0.79","250","0.80","100","25.59",
="031465","台塑元大52購14","72,000","2","133,360","1.85","1.87","1.85","1.87","+","0.12","1.75","400","1.76","10","38.60",
="031466","台塑元大52購15","0","0","0","--","--","--","--"," ","0.00","0.50","499","0.51","10","38.60",
="031467","台化元大52購07","0","0","0","--","--","--","--"," ","0.00","1.88","400","1.90","10","28.95",
="031468","華城元大54購09","91,000","1","94,640","1.04","1.04","1.04","1.04","+","0.01","1.01","499","1.03","10","586.00",
="031469","台玻元大52購10","125,000","5","321,240","2.63","2.64","2.48","2.48","-","0.19","2.48","250","2.49","10","25.95",
="03146U","聯發科元大4B售18","0","0","0","--","--","--","--"," ","0.00","0.34","25","0.35","10","0.00",
="031470","台玻元大54購03","27,000","4","72,310","2.70","2.75","2.63","2.63","-","0.02","2.45","300","2.47","10","25.95",
="031471","中鋼元大52購01","0","0","0","--","--","--","--"," ","0.00","0.78","499","0.80","10","19.45",
="031472","光寶科元大52購05","207,000","8","402,150","1.92","2.15","1.90","2.10","-","0.02","2.02","350","2.50","5","183.00",
="031473","光寶科元大58購01","30,000","8","62,410","2.01","2.15","2.01","2.13","-","0.07","2.13","6","2.30","10","183.00",
="031474","聯電元大52購02","395,000","35","531,640","1.27","1.50","1.26","1.40","+","0.15","1.36","30","1.39","10","43.90",
="031475","華通元大52購07","1,000","1","3,110","3.11","3.11","3.11","3.11","-","0.29","3.02","250","3.07","10","77.00",
="031476","鴻海元大52購14","606,000","66","893,450","1.42","1.54","1.30","1.50","+","0.24","1.49","499","1.50","10","221.00",
="031477","鴻海元大52購15","515,000","31","732,130","1.34","1.47","1.34","1.42","+","0.18","1.42","499","1.43","10","221.00",
="031478","廣宇元大52購02","2,000","2","4,720","2.37","2.37","2.35","2.35","-","0.04","2.34","300","2.36","10","54.10",
="031479","台積電元大52購19","4,000","4","7,220","1.76","1.85","1.76","1.85","+","0.25","0.73","13","--","0","1,340.00",
="03147U","精銳元大4B售05","0","0","0","--","--","--","--"," ","0.00","0.60","499","0.62","10","0.00",
="031480","台積電元大52購20","4,000","4","5,080","1.24","1.30","1.24","1.30","+","0.18","1.00","1","1.36","2","1,340.00",
="031481","台積電元大52購21","6,000","3","10,260","1.66","1.76","1.66","1.76","+","0.26","1.76","2","--","0","1,340.00",
="031482","智邦元大54購05","161,000","11","695,300","4.23","4.33","4.23","4.33","+","0.36","0.21","238","--","0","1,005.00",
="031483","英業達元大52購01","232,000","12","358,800","1.53","1.58","1.53","1.53","+","0.10","0.10","100","1.52","10","45.00",
="031484","華碩元大52購03","471,000","9","439,290","0.93","0.97","0.89","0.97","+","0.06","0.92","10","0.93","10","684.00",
="031485","致茂元大52購04","242,000","19","612,340","2.48","2.70","2.39","2.58","+","0.29","2.46","350","2.51","10","614.00",
="031486","昆盈元大52購02","16,000","3","27,820","1.79","1.79","1.67","1.67","-","0.14","1.65","400","1.66","10","42.60",
="031487","金像電元大52購02","166,000","21","582,740","3.54","3.63","3.40","3.45","+","0.12","3.36","250","3.40","10","455.00",
="031488","台光電元大57購01","100,000","5","233,200","2.25","2.44","2.25","2.44","X","0.00","2.39","10","2.41","10","1,345.00",
="03148U","台積電群益4B售17","0","0","0","--","--","--","--"," ","0.00","--","0","--","0","0.00",
="031492","漢唐元大52購06","61,000","7","98,460","1.71","1.71","1.56","1.65","-","0.06","1.68","25","1.70","10","987.00",
="031493","建準元大52購06","0","0","0","--","--","--","--"," ","0.00","0.66","499","0.68","10","129.00",
="031494","建準元大52購07","8,000","1","6,320","0.79","0.79","0.79","0.79","+","0.08","0.69","499","0.71","10","129.00",
="031495","聯發科元大52購11","209,000","6","180,490","0.86","0.90","0.85","0.85","-","0.11","0.81","25","0.83","10","1,375.00",
="031496","聯發科元大52購12","346,000","4","425,050","1.26","1.26","1.20","1.20","-","0.11","1.15","25","1.18","10","1,375.00",
="031497","鉅祥元大52購02","0","0","0","--","--","--","--"," ","0.00","5.10","150","--","0","108.50",
="031498","宏達電元大56購01","56,000","5","198,080","3.53","3.58","3.47","3.47","+","0.03","3.42","200","3.43","10","64.60",
="031499","亞航元大52購03","22,000","6","90,970","4.60","4.60","3.49","3.51","-","1.14","2.60","10","3.49","10","55.20",
="03149U","台積電群益4B售18","60,000","1","1,200","0.02","0.02","0.02","0.02","X","0.00","0.01","155","0.04","15","0.00",
="031500","長榮太元大52購03","198,000","15","315,570","1.79","1.79","1.49","1.61","-","0.57","1.56","400","1.59","10","168.50",
="031501","長榮太元大52購04","142,000","11","355,220","2.65","2.65","2.39","2.51","-","0.75","2.45","250","2.48","10","168.50",
="031502","大立光元大52購06","261,000","14","144,640","0.57","0.57","0.54","0.56","-","0.01","0.56","110","0.57","10","2,360.00",
="031503","奇鋐元大54購12","597,000","22","371,910","0.69","0.69","0.55","0.57","-","0.02","0.54","10","0.56","10","1,015.00",
="031504","健鼎元大52購02","181,000","8","371,870","2.10","2.10","2.01","2.08"," ","0.00","2.08","350","2.11","10","309.50",
="031505","華晶科元大52購01","26,000","10","100,640","4.03","4.03","3.75","3.83","-","0.42","3.75","200","3.78","10","52.80",
="031506","華晶科元大52購02","0","0","0","--","--","--","--"," ","0.00","1.23","499","1.33","10","52.80",
="031507","景碩元大54購02","159,000","6","138,460","0.84","0.93","0.84","0.86","-","0.02","0.79","499","0.81","10","111.50",
="031508","智易元大52購02","148,000","3","62,530","0.43","0.43","0.41","0.41","-","0.03","0.42","499","0.44","10","223.00",
="031509","世芯元大52購15","77,000","6","148,070","1.98","1.98","1.88","1.91","-","0.13","0.19","52","--","0","3,700.00",
="03150U","聯發科群益4B售09","0","0","0","--","--","--","--"," ","0.00","0.04","10","--","0","0.00",
="031510","聯茂元大58購01","328,000","15","405,010","1.25","1.29","1.21","1.21","-","0.06","1.19","25","1.20","10","111.50",
="031511","保瑞元大52購02","619,000","14","475,110","0.76","0.80","0.74","0.76"," ","0.00","0.74","25","0.76","10","693.00",
="031512","富世達元大58購02","657,000","21","698,630","1.02","1.13","1.01","1.11","+","0.15","1.05","499","1.07","10","1,010.00",
="031513","羅昇元大52購01","0","0","0","--","--","--","--"," ","0.00","1.24","499","1.25","10","99.50",
="031514","T50反1凱基58購01","64,000","10","45,860","0.74","0.74","0.69","0.71","-","0.07","0.70","100","0.71","10","18.29",
="031515","A50正2凱基55購03","0","0","0","--","--","--","--"," ","0.00","1.12","100","1.22","10","32.79",
="031516","SP黃豆凱基52購02","39,000","2","57,330","1.47","1.47","1.47","1.47","-","0.15","1.46","10","1.47","50","19.68",
="031517","台塑凱基54購04","160,000","2","320,800","2.01","2.01","2.00","2.00","X","0.00","1.90","10","1.92","10","38.60",
="031518","中興電凱基58購01","0","0","0","--","--","--","--"," ","0.00","1.18","100","1.20","10","159.00",
="031519","華城凱基52購04","1,000","1","640","0.64","0.64","0.64","0.64","+","0.01","0.60","100","0.70","10","586.00",
="03151U","聯發科群益4B售10","67,000","1","32,830","0.49","0.49","0.49","0.49","+","0.03","0.09","10","--","0","0.00",
="031520","元債2X元大4A購01","0","0","0","--","--","--","--"," ","0.00","0.05","100","0.06","50","7.35",
="031521","中砂凱基55購03","125,000","9","273,590","2.17","2.42","2.16","2.42","+","0.40","2.22","100","2.25","10","339.00",
="031522","大亞凱基52購01","13,000","2","17,110","1.32","1.32","1.31","1.31","X","0.00","1.39","10","1.40","10","39.85",
="031524","台玻凱基52購03","1,000","1","4,880","4.88","4.88","4.88","4.88","+","0.11","4.32","10","4.34","10","25.95",
="031525","台達電凱基52購04","1,000","1","12,000","12.00","12.00","12.00","12.00"," ","0.00","10.80","20","11.80","10","893.00",
="031526","鴻海凱基64購03","3,000","3","13,070","4.35","4.37","4.35","4.35","X","0.00","4.36","100","--","0","221.00",
="031527","華碩凱基52購03","1,000","1","1,890","1.89","1.89","1.89","1.89","X","0.00","1.82","10","1.83","10","684.00",
="031528","燿華凱基52購02","0","0","0","--","--","--","--"," ","0.00","1.62","10","1.72","10","27.50",
="031529","佳能凱基56購01","0","0","0","--","--","--","--"," ","0.00","2.91","100","3.01","10","88.80",
="03152U","聯鈞群益4B售02","760,000","26","63,900","0.09","0.09","0.08","0.08","-","0.04","0.07","15","--","0","0.00",
="031530","微星凱基52購03","0","0","0","--","--","--","--"," ","0.00","0.20","100","0.21","10","119.50",
="031531","建準凱基52購02","32,000","2","43,840","1.37","1.37","1.37","1.37","+","0.26","1.08","10","1.11","10","129.00",
="031532","長榮太凱基52購05","58,000","6","92,640","1.68","1.68","1.57","1.61","-","0.70","1.57","100","1.60","10","168.50",
="031533","奇鋐凱基52購05","6,000","2","3,720","0.62","0.62","0.62","0.62","+","0.07","0.55","10","0.62","10","1,015.00",
="031534","亞光凱基52購04","117,000","13","172,110","1.60","1.60","1.41","1.41","-","0.19","0.54","18","--","0","161.50",
="031535","智原凱基55購01","55,000","11","121,450","2.02","2.50","2.02","2.28","+","0.34","2.25","100","2.28","10","174.00",
="031536","華晶科凱基52購02","0","0","0","--","--","--","--"," ","0.00","6.90","100","6.95","10","52.80",
="031537","京鼎凱基52購02","578,000","26","1,196,430","2.13","2.17","1.92","1.92","+","0.05","1.91","10","1.92","10","306.00",
="031538","神達凱基54購03","3,000","2","21,200","7.20","7.20","7.00","7.00","+","0.35","7.30","100","7.35","10","90.00",
="031539","jpp凱基52購02","90,000","13","305,550","3.36","3.65","3.23","3.39","-","0.21","3.38","10","3.48","10","286.50",
="03153U","台光電中信4B售01","0","0","0","--","--","--","--"," ","0.00","--","0","0.03","160","0.00",
="031540","凌華凱基52購01","0","0","0","--","--","--","--"," ","0.00","0.73","10","0.74","10","62.40",
="031541","精成科凱基55購02","26,000","7","70,890","2.89","2.89","2.55","2.55","-","0.36","2.55","100","2.58","10","125.50",
="031542","洋基凱基52購02","24,000","3","58,860","2.45","2.51","2.45","2.51","X","0.00","2.42","10","2.43","10","449.00",
="031543","AES凱基54購01","25,000","5","46,550","1.88","1.90","1.83","1.83","X","0.00","1.75","100","1.78","10","1,195.00",
="031544","南電凱基56購01","8,000","1","30,320","3.79","3.79","3.79","3.79","+","0.23","3.50","100","3.52","10","234.50",
="031545","元黃金群益58購01","1,000","1","990","0.99","0.99","0.99","0.99","X","0.00","0.97","25","1.01","10","40.68",
="031546","台泥群益57購01","428,000","9","199,070","0.47","0.50","0.46","0.48","-","0.12","0.48","22","0.57","10","23.75",
="031547","中砂群益52購02","54,000","10","118,900","2.11","2.38","2.08","2.19","+","0.25","2.15","10","2.25","10","339.00",
="031548","大亞群益52購01","0","0","0","--","--","--","--"," ","0.00","3.03","10","3.13","10","39.85",
="031549","大亞群益58購01","0","0","0","--","--","--","--"," ","0.00","1.45","10","1.55","10","39.85",
="03154U","台積電永豐4C售10","0","0","0","--","--","--","--"," ","0.00","--","0","--","0","0.00",
="031550","億泰群益52購01","0","0","0","--","--","--","--"," ","0.00","0.59","25","0.60","10","34.80",
="031551","大成鋼群益52購02","0","0","0","--","--","--","--"," ","0.00","0.18","6","1.91","10","37.90",
="031552","川湖群益58購01","123,000","4","128,440","1.00","1.10","1.00","1.09","-","0.01","1.04","100","1.07","100","3,220.00",
="031553","南港群益52購01","62,000","2","50,820","0.81","0.83","0.81","0.83","X","0.00","0.19","30","--","0","41.15",
="031554","光寶科群益52購04","63,000","2","255,780","4.06","4.06","4.06","4.06","+","0.17","4.15","3","4.35","1","183.00",
="031555","華通群益56購01","109,000","6","143,930","1.37","1.38","1.20","1.20","-","0.14","1.19","100","1.22","100","77.00",
="031556","鴻海群益53購12","341,000","9","806,120","2.38","2.40","2.31","2.38","+","0.35","2.38","100","2.42","100","221.00",
="031557","矽統群益52購03","60,000","4","210,740","3.64","3.64","3.47","3.57","-","0.24","3.45","25","3.47","10","58.60",
="031558","微星群益52購02","55,000","3","3,850","0.07","0.07","0.07","0.07","-","0.01","0.06","70","0.11","10","119.50",
="031559","毅嘉群益52購01","151,000","3","520,730","3.46","3.46","3.23","3.31","-","0.23","3.27","100","3.30","100","53.50",
="03155U","T50正2元富4B售04","0","0","0","--","--","--","--"," ","0.00","0.14","25","0.15","25","0.00",
="031560","全新群益52購02","52,000","3","146,530","2.82","2.82","2.71","2.71","-","0.53","1.23","40","--","0","160.00",
="031561","鉅祥群益52購01","230,000","9","401,000","1.72","1.76","1.72","1.72","-","0.17","1.70","100","1.74","100","108.50",
="031562","一詮群益52購03","20,000","4","26,080","1.35","1.35","1.28","1.28","-","0.03","1.28","25","1.29","10","82.30",
="031563","華航群益56購01","0","0","0","--","--","--","--"," ","0.00","0.64","100","0.65","100","20.95",
="031564","亞航群益52購01","25,000","5","63,100","2.77","2.77","2.35","2.35","-","0.43","1.55","5","2.26","10","55.20",
="031565","長榮太群益52購02","148,000","11","219,770","1.55","1.55","1.42","1.43","-","0.27","1.42","100","1.44","100","168.50",
="031566","長榮太群益53購02","159,000","10","166,100","1.16","1.17","0.97","1.05","-","0.26","1.06","100","1.07","100","168.50",
="031567","華立群益52購01","0","0","0","--","--","--","--"," ","0.00","0.86","25","0.87","10","98.80",
="031568","德律群益53購01","181,000","8","174,990","1.03","1.05","0.94","0.97","-","0.06","0.96","10","1.06","10","189.00",
="031569","緯創群益52購02","43,000","3","42,540","1.02","1.02","0.98","0.98","X","0.00","0.21","5","--","0","122.50",
="03156U","聯鈞元富4B售04","0","0","0","--","--","--","--"," ","0.00","0.07","25","0.10","10","0.00",
="031570","華擎群益52購03","0","0","0","--","--","--","--"," ","0.00","0.17","6","1.89","10","278.00",
="031571","世芯群益52購10","0","0","0","--","--","--","--"," ","0.00","--","0","--","0","3,700.00",
="031572","神達群益54購01","304,000","6","395,210","1.23","1.33","1.23","1.33","+","0.19","1.28","10","1.33","29","90.00",
="031573","智伸科群益52購02","29,000","1","24,070","0.83","0.83","0.83","0.83","-","0.12","0.29","34","--","0","139.50",
="031574","上品群益52購01","148,000","5","227,400","1.51","1.56","1.51","1.54","+","0.03","1.52","17","1.62","10","308.00",
="031575","立積群益52購03","209,000","9","396,120","2.01","2.01","1.85","1.85","-","0.36","0.86","58","2.60","7","151.50",
="031576","祥碩群益52購01","0","0","0","--","--","--","--"," ","0.00","0.14","71","--","0","1,525.00",
="031577","祥碩群益53購01","5,000","1","2,200","0.44","0.44","0.44","0.44","+","0.01","0.11","100","--","0","1,525.00",
="031578","精成科群益53購01","0","0","0","--","--","--","--"," ","0.00","1.39","499","--","0","125.50",
="031579","佳必琪群益52購02","10,000","1","10,800","1.08","1.08","1.08","1.08","X","0.00","0.30","22","--","0","160.00",
="03157U","長榮元大4B售10","1,000","1","2,050","2.05","2.05","2.05","2.05","+","0.05","2.05","350","2.07","200","0.00",
="031580","聯茂群益52購02","3,000","3","24,450","8.50","8.50","7.90","7.90","-","0.40","4.45","13","--","0","111.50",
="031581","穎崴群益54購02","1,000","1","11,900","11.90","11.90","11.90","11.90","X","0.00","11.30","10","12.30","10","2,015.00",
="031582","緯穎群益52購08","0","0","0","--","--","--","--"," ","0.00","0.55","16","1.80","10","3,140.00",
="031583","富世達群益52購05","179,000","7","159,430","0.87","0.95","0.85","0.85","+","0.09","0.28","35","1.58","100","1,010.00",
="031584","富世達群益56購01","65,000","7","141,850","2.13","2.27","2.13","2.27","X","0.00","--","0","--","0","1,010.00",
="031585","泓德群益54購01","299,000","1","26,910","0.09","0.09","0.09","0.09","-","0.01","0.08","25","0.09","10","125.50",
="031586","昇陽半群益56購01","108,000","7","232,080","2.16","2.31","2.05","2.05","-","0.07","2.02","10","2.12","10","179.50",
="031587","南電群益52購04","176,000","11","891,200","5.70","5.70","4.74","4.81","-","0.18","4.74","10","4.84","10","234.50",
="031588","光寶科中信52購02","312,000","22","763,710","2.39","2.74","2.32","2.48","-","0.27","2.48","10","--","0","0.00",
="031589","聯電中信52購01","231,000","28","507,340","2.17","2.33","2.12","2.28","+","0.35","2.18","499","2.20","10","0.00",
="03158U","國泰金元大4B售06","0","0","0","--","--","--","--"," ","0.00","0.42","499","0.43","200","0.00",
="031590","鴻海中信58購01","422,000","15","373,950","0.86","0.92","0.86","0.88","+","0.08","0.88","40","0.90","10","0.00",
="031591","漢唐中信52購01","69,000","10","52,620","0.85","0.85","0.69","0.78","-","0.05","0.82","10","0.83","10","0.00",
="031592","奇鋐中信52購01","0","0","0","--","--","--","--"," ","0.00","1.10","499","1.11","10","0.00",
="031593","臺股指中信56購01","131,000","4","92,970","0.70","0.75","0.70","0.75","+","0.09","0.75","499","0.76","100","0.00",
="031594","香港2X永豐53購02","40,000","3","32,500","0.86","0.86","0.76","0.76","-","0.08","0.76","10","0.77","10","18.02",
="031595","道瓊銅永豐55購01","0","0","0","--","--","--","--"," ","0.00","0.77","499","0.78","10","25.59",
="031596","川湖永豐52購03","66,000","4","93,690","1.44","1.44","1.41","1.41","X","0.00","1.32","10","1.42","10","3,220.00",
="031597","鴻海永豐52購07","170,000","6","203,630","1.19","1.21","1.18","1.21","X","0.00","1.21","10","1.24","10","221.00",
="031598","鴻海永豐52購08","164,000","17","477,120","2.75","2.99","2.75","2.94","+","0.42","2.93","10","2.94","10","221.00",
="031599","台積電永豐52購05","67,000","5","134,180","1.93","2.04","1.93","2.04","+","0.43","0.38","26","--","0","1,340.00",
="03159U","奇鋐元大4B售11","0","0","0","--","--","--","--"," ","0.00","0.08","499","0.09","200","0.00",
="031600","台積電永豐52購06","0","0","0","--","--","--","--"," ","0.00","0.44","22","--","0","1,340.00",
="031601","技嘉永豐53購02","153,000","3","162,180","1.06","1.06","1.06","1.06","+","0.06","1.02","499","1.05","10","283.00",
="031602","技嘉永豐55購01","10,000","1","10,000","1.00","1.00","1.00","1.00","+","0.02","0.98","26","0.99","10","283.00",
="031603","台光電永豐54購03","52,000","6","161,170","3.03","3.46","3.03","3.27","X","0.00","3.19","10","3.22","10","1,345.00",
="031604","漢唐永豐53購05","0","0","0","--","--","--","--"," ","0.00","0.09","122","--","0","987.00",
="031605","京元電永豐53購04","2,000","2","4,440","2.26","2.26","2.18","2.18","-","0.01","2.05","10","2.15","10","167.00",
="031606","京元電永豐54購01","0","0","0","--","--","--","--"," ","0.00","5.20","10","5.25","10","167.00",
="031607","奇鋐永豐53購03","0","0","0","--","--","--","--"," ","0.00","0.85","10","0.86","10","1,015.00",
="031608","欣興永豐52購05","0","0","0","--","--","--","--"," ","0.00","1.16","499","1.18","10","159.00",
="031609","富華新永豐52購01","0","0","0","--","--","--","--"," ","0.00","0.14","499","0.15","10","20.05",
="03160U","世芯元大4B售08","16,000","2","2,090","0.13","0.14","0.13","0.14","X","0.00","--","0","0.19","20","0.00",
="031610","新日興永豐55購01","0","0","0","--","--","--","--"," ","0.00","2.75","3","11.00","2","237.00",
="031611","辛耘永豐54購02","123,000","21","388,480","2.97","3.23","2.97","3.22","+","0.59","2.91","10","2.95","10","388.00",
="031612","健策永豐54購01","0","0","0","--","--","--","--"," ","0.00","9.05","499","9.20","10","2,355.00",
="031613","貿聯永豐52購10","81,000","9","129,020","1.68","1.68","1.51","1.51","-","0.11","1.45","10","1.51","10","1,085.00",
="031614","貿聯永豐54購01","33,000","2","154,230","4.71","4.71","4.47","4.47","-","0.17","4.25","10","4.35","10","1,085.00",
="031615","上品永豐54購02","27,000","4","23,290","0.85","0.87","0.85","0.87","+","0.01","0.85","10","0.86","10","308.00",
="031616","帆宣永豐53購01","0","0","0","--","--","--","--"," ","0.00","2.97","499","3.07","10","255.00",
="031617","視陽永豐52購01","61,000","2","26,230","0.43","0.43","0.43","0.43","X","0.00","0.45","10","0.46","10","192.50",
="031618","采鈺永豐54購02","169,000","8","423,470","2.59","2.59","2.44","2.44","-","0.23","2.52","10","2.53","10","305.50",
="031619","富世達永豐54購01","1,158,000","11","666,960","0.54","0.62","0.54","0.56","+","0.08","0.55","30","0.57","10","1,010.00",
="03161U","台積電凱基4C售32","0","0","0","--","--","--","--"," ","0.00","0.01","599","0.11","10","0.00",
="031620","華新兆豐53購01","153,000","7","227,930","1.50","1.51","1.46","1.46","-","0.06","1.45","10","1.47","10","24.05",
="031621","大成鋼兆豐54購02","0","0","0","--","--","--","--"," ","0.00","0.43","10","0.44","10","37.90",
="031622","台積電兆豐55購01","66,000","6","80,100","1.18","1.22","1.18","1.20","+","0.16","1.16","10","1.18","10","1,340.00",
="031623","智邦兆豐54購02","288,000","19","304,310","1.06","1.10","1.04","1.05","+","0.05","1.03","10","1.05","10","1,005.00",
="031624","奇鋐兆豐54購01","46,000","2","51,060","1.11","1.11","1.11","1.11","+","0.04","0.92","10","0.93","10","1,015.00",
="031625","亞翔兆豐54購01","0","0","0","--","--","--","--"," ","0.00","0.86","10","0.87","10","358.50",
="031626","川湖富邦52購02","35,000","2","50,330","1.43","1.44","1.43","1.44","+","0.07","1.34","10","1.35","10","0.00",
="031627","華碩富邦52購01","658,000","10","352,710","0.52","0.54","0.52","0.53","+","0.01","0.52","30","0.53","10","0.00",
="031628","漢翔富邦52購01","0","0","0","--","--","--","--"," ","0.00","2.31","10","2.38","10","0.00",
="031629","神達第一52購01","5,000","1","13,450","2.69","2.69","2.69","2.69","X","0.00","2.72","10","2.77","10","0.00",
="03162U","聯鈞凱基4B售05","25,000","1","2,250","0.09","0.09","0.09","0.09","-","0.08","0.08","100","0.18","10","0.00",
="031630","台灣50凱基52購03","0","0","0","--","--","--","--"," ","0.00","2.23","100","2.25","10","58.45",
="031631","T50反1凱基53購02","120,000","2","13,200","0.11","0.11","0.11","0.11","-","0.01","0.10","100","0.11","10","18.29",
="031632","T50反1凱基57購01","0","0","0","--","--","--","--"," ","0.00","0.66","100","0.67","10","18.29",
="031633","T50反1凱基5B購01","50,000","1","40,500","0.81","0.81","0.81","0.81","X","0.00","0.81","100","0.82","10","18.29",
="031634","S&P正2凱基54購01","6,000","3","5,220","0.87","0.87","0.87","0.87","+","0.04","0.86","100","0.87","50","110.95",
="031635","美指2X凱基56購02","0","0","0","--","--","--","--"," ","0.00","0.50","10","0.51","50","20.19",
="031636","道瓊銅凱基52購01","0","0","0","--","--","--","--"," ","0.00","0.92","100","0.93","10","25.59",
="031637","大亞凱基52購02","3,000","3","4,270","1.41","1.43","1.41","1.43"," ","0.00","1.38","10","1.40","10","39.85",
="031638","大成鋼凱基58購01","0","0","0","--","--","--","--"," ","0.00","1.81","100","1.82","10","37.90",
="031639","川湖凱基52購05","148,000","10","342,370","2.17","2.43","2.17","2.21","-","0.12","2.11","100","2.21","10","3,220.00",
="03163U","世芯凱基4B售06","10,000","2","2,100","0.20","0.22","0.20","0.22","+","0.01","0.22","100","0.23","30","0.00",
="031640","光寶科凱基57購01","124,000","14","588,140","4.65","4.92","4.39","4.87","+","0.02","4.63","100","4.72","10","183.00",
="031641","鴻海凱基52購07","758,000","10","1,469,050","1.90","2.02","1.88","1.98","+","0.28","1.97","499","1.98","499","221.00",
="031642","鴻海凱基54購13","0","0","0","--","--","--","--"," ","0.00","1.15","499","1.16","499","221.00",
="031643","鴻海凱基64購04","30,000","2","75,000","2.50","2.50","2.50","2.50","X","0.00","2.49","499","2.50","489","221.00",
="031644","台積電凱基54購13","43,000","3","41,200","0.95","0.98","0.95","0.98","+","0.17","0.94","100","1.04","60","1,340.00",
="031645","台積電凱基58購10","43,000","2","52,230","1.21","1.22","1.21","1.22","+","0.15","1.21","100","1.31","10","1,340.00",
="031646","智邦凱基52購07","82,000","6","75,450","0.91","0.94","0.91","0.92","+","0.08","0.91","10","0.94","10","1,005.00",
="031647","佳能凱基56購02","0","0","0","--","--","--","--"," ","0.00","3.92","100","4.02","10","88.80",
="031648","漢唐凱基52購04","0","0","0","--","--","--","--"," ","0.00","2.34","10","2.44","10","987.00",
="031649","京元電凱基52購03","202,000","10","853,060","4.57","4.57","4.02","4.02","-","0.41","4.02","100","4.12","10","167.00",
="03164U","帆宣凱基4C售02","0","0","0","--","--","--","--"," ","0.00","0.08","10","0.10","50","0.00",
="031650","聯發科凱基54購05","12,000","3","12,070","1.00","1.04","1.00","1.04","-","0.07","0.94","100","0.95","10","1,375.00",
="031651","一詮凱基52購01","26,000","6","54,490","2.12","2.16","2.05","2.08","-","0.14","2.06","10","2.07","10","82.30",
="031652","大立光凱基52購03","59,000","2","64,210","1.09","1.09","1.08","1.08","-","0.02","1.06","100","1.09","10","2,360.00",
="031654","華立凱基52購01","53,000","1","30,740","0.58","0.58","0.58","0.58","+","0.01","0.54","10","0.55","30","98.80",
="031657","健策凱基52購02","4,000","1","31,000","7.75","7.75","7.75","7.75","X","0.00","7.80","100","7.90","10","2,355.00",
="031659","世芯凱基52購11","1,000","1","2,220","2.22","2.22","2.22","2.22","+","0.03","1.96","100","1.98","10","3,700.00",
="03165U","臺股指凱基51售12","0","0","0","--","--","--","--"," ","0.00","0.17","100","0.18","10","0.00",
="031660","上品凱基52購03","36,000","3","69,650","1.89","1.96","1.89","1.96","+","0.10","1.89","10","1.92","10","308.00",
="031661","祥碩凱基54購01","0","0","0","--","--","--","--"," ","0.00","0.50","100","0.51","10","1,525.00",
="031665","高力統一54購01","301,000","15","85,630","0.31","0.31","0.28","0.29"," ","0.00","0.28","10","0.29","10","331.50",
="031666","高力統一54購02","1,026,000","10","215,410","0.22","0.22","0.19","0.20","-","0.01","0.19","11","0.20","10","331.50",
="031667","高力統一54購03","143,000","10","55,770","0.40","0.40","0.38","0.38"," ","0.00","0.37","20","0.38","9","331.50",
="031668","亞翔凱基54購03","1,000","1","2,010","2.01","2.01","2.01","2.01","X","0.00","1.98","10","1.99","10","358.50",
="031669","帆宣凱基52購01","46,000","5","114,710","2.46","2.52","2.46","2.51","-","0.12","2.35","10","2.45","10","255.00",
="03166U","國泰金國票4C售04","11,000","2","3,860","0.35","0.36","0.35","0.36","X","0.00","0.36","24","0.37","10","0.00",
="031670","聯茂凱基52購02","0","0","0","--","--","--","--"," ","0.00","6.05","100","6.15","10","111.50",
="031671","訊芯凱基52購01","1,000","1","1,460","1.46","1.46","1.46","1.46","+","0.20","1.29","10","1.39","10","164.50",
="031672","穎崴凱基52購04","12,000","2","86,300","6.65","7.30","6.65","7.30","X","0.00","6.80","100","7.30","10","2,015.00",
="031673","AES凱基54購02","25,000","1","15,000","0.60","0.60","0.60","0.60","X","0.00","0.59","100","0.60","10","1,195.00",
="031674","T50正2元富55購02","0","0","0","--","--","--","--"," ","0.00","3.95","25","3.96","25","302.45",
="031675","元黃金元富58購01","325,000","13","1,187,740","3.64","3.71","3.59","3.66","+","0.31","3.67","25","3.68","25","40.68",
="031676","台塑元富52購03","0","0","0","--","--","--","--"," ","0.00","0.67","25","0.68","25","38.60",
="031677","鴻海元富52購10","1,000","1","3,380","3.38","3.38","3.38","3.38","X","0.00","3.48","25","3.55","25","221.00",
="031678","台積電元富68購01","27,000","6","124,080","4.54","4.64","4.54","4.64","+","0.29","2.19","9","--","0","1,340.00",
="031679","漢唐元富52購01","0","0","0","--","--","--","--"," ","0.00","0.57","17","--","0","987.00",
="03167U","奇鋐國票4C售06","0","0","0","--","--","--","--"," ","0.00","0.07","25","0.08","10","0.00",
="031680","志聖元富53購01","117,000","10","398,630","3.23","3.65","3.23","3.25","+","0.05","3.19","25","3.29","10","197.00",
="031681","新日興元富52購03","88,000","5","103,990","1.18","1.19","1.12","1.12","-","0.12","0.67","14","1.48","1","237.00",
="031682","新日興元富53購01","34,000","2","41,920","1.23","1.24","1.23","1.24","-","0.04","0.43","116","--","0","237.00",
="031683","京鼎元富52購01","196,000","8","270,630","1.38","1.41","1.31","1.31","+","0.14","1.26","25","1.27","25","306.00",
="031684","辛耘元富52購01","641,000","9","955,580","1.62","1.62","1.48","1.48","X","0.00","1.47","25","1.48","4","388.00",
="031685","世芯元富54購07","0","0","0","--","--","--","--"," ","0.00","1.40","25","1.42","25","3,700.00",
="031686","海華元富53購01","5,000","1","20,350","4.07","4.07","4.07","4.07","-","0.35","4.32","25","4.42","10","83.80",
="031687","神達元富53購02","232,000","23","819,460","3.49","3.67","3.31","3.43","+","0.17","3.51","25","3.54","25","90.00",
="031688","材料元富52購03","33,000","6","44,640","1.36","1.37","1.34","1.34","+","0.01","1.34","25","1.35","25","66.40",
="031689","亞翔元富55購01","13,000","1","30,940","2.38","2.38","2.38","2.38","X","0.00","2.34","25","2.35","25","358.50",
="03168U","聯鈞國票4C售05","10,000","1","3,100","0.31","0.31","0.31","0.31","X","0.00","0.28","25","0.29","10","0.00",
="031690","佳必琪元富52購02","14,000","1","56,700","4.05","4.05","4.05","4.05","-","0.12","4.01","25","4.11","10","160.00",
="031691","樺漢元富52購01","80,000","2","59,700","0.74","0.75","0.74","0.75","X","0.00","0.73","25","0.74","25","299.00",
="031692","訊芯元富52購01","65,000","2","75,100","1.18","1.18","1.14","1.14","X","0.00","1.13","25","1.14","25","164.50",
="031693","緯穎元富55購04","0","0","0","--","--","--","--"," ","0.00","1.84","25","1.85","25","3,140.00",
="031694","洋基元富53購01","41,000","2","39,360","0.96","0.96","0.96","0.96","X","0.00","0.94","25","0.95","25","449.00",
="031695","AES元富55購01","10,000","1","10,500","1.05","1.05","1.05","1.05","-","0.01","0.99","25","1.00","25","1,195.00",
="031696","采鈺元富52購01","10,000","1","28,500","2.85","2.85","2.85","2.85","+","0.12","2.73","25","2.76","25","305.50",
="031697","台積電國泰53購04","5,000","2","10,300","2.06","2.06","2.06","2.06","+","0.41","0.46","21","--","0","1,340.00",
="031698","漢唐國泰53購02","91,000","5","162,040","1.90","1.90","1.74","1.83","X","0.00","0.62","11","--","0","987.00",
="031699","漢唐國泰53購03","15,000","4","19,430","1.25","1.33","1.25","1.31","+","0.03","1.22","10","1.32","10","987.00",
="03169U","臺股指國票52售01","0","0","0","--","--","--","--"," ","0.00","0.30","499","0.31","499","0.00",
="031700","華立國泰53購01","0","0","0","--","--","--","--"," ","0.00","0.78","499","0.79","100","98.80",
="031701","富華新國泰53購01","10,000","1","4,300","0.43","0.43","0.43","0.43","-","0.02","0.42","499","0.43","100","20.05",
="031702","日電貿國泰53購01","177,000","14","254,890","1.49","1.49","1.40","1.40","-","0.13","1.40","499","1.41","100","74.80",
="031703","鈺邦國泰53購01","0","0","0","--","--","--","--"," ","0.00","--","0","--","0","198.50",
="031704","華城群益52購02","0","0","0","--","--","--","--"," ","0.00","0.05","63","--","0","586.00",
="031705","中砂群益52購03","72,000","8","183,570","2.48","2.77","2.48","2.57","+","0.26","2.56","10","2.66","10","339.00",
="031706","川湖群益52購04","34,000","3","31,810","0.94","0.94","0.93","0.93","-","0.05","0.92","100","0.95","100","3,220.00",
="031707","鴻海群益53購13","0","0","0","--","--","--","--"," ","0.00","1.11","100","1.13","100","221.00",
="031708","台積電群益54購18","100,000","1","187,000","1.87","1.87","1.87","1.87","X","0.00","--","0","--","0","1,340.00",
="031709","智邦群益54購01","155,000","6","137,860","0.86","0.90","0.86","0.90","-","0.01","0.87","100","0.89","100","1,005.00",
="03170U","國泰金中信4B售04","0","0","0","--","--","--","--"," ","0.00","0.04","10","0.05","10","0.00",
="031710","華碩群益52購03","13,000","2","5,100","0.39","0.40","0.39","0.40","+","0.01","0.39","3","--","0","684.00",
="031711","微星群益52購03","0","0","0","--","--","--","--"," ","0.00","--","0","--","0","119.50",
="031712","漢唐群益52購06","10,000","1","16,200","1.62","1.62","1.62","1.62","-","0.15","1.63","5","1.87","20","987.00",
="031713","漢唐群益53購02","6,000","6","7,930","1.39","1.39","1.24","1.24","-","0.23","0.46","43","--","0","987.00",
="031714","宏達電群益52購03","0","0","0","--","--","--","--"," ","0.00","--","0","11.70","10","64.60",
="031715","奇鋐群益54購11","42,000","1","31,080","0.74","0.74","0.74","0.74","+","0.03","0.20","50","--","0","1,015.00",
="031716","智原群益52購02","258,000","13","346,580","1.10","1.48","1.09","1.27","+","0.19","1.26","10","1.36","10","174.00",
="031717","京鼎群益52購01","231,000","9","234,740","1.09","1.09","0.99","0.99","+","0.06","0.96","10","1.06","10","306.00",
="031718","健策群益52購06","0","0","0","--","--","--","--"," ","0.00","--","0","6.55","10","2,355.00",
="031719","貿聯群益53購01","66,000","4","105,030","1.66","1.66","1.48","1.48","-","0.20","0.68","14","2.10","20","1,085.00",
="03171U","群創中信4B售02","0","0","0","--","--","--","--"," ","0.00","0.13","10","0.14","10","0.00",
="031720","神達群益54購02","175,000","10","166,700","0.94","1.00","0.94","0.94","X","0.00","0.97","10","1.07","10","90.00",
="031721","上品群益52購02","101,000","4","112,630","1.10","1.15","1.10","1.15","+","0.05","1.11","10","1.21","10","308.00",
="031722","立積群益55購01","0","0","0","--","--","--","--"," ","0.00","0.59","499","0.69","10","151.50",
="031723","亞翔群益53購02","127,000","6","227,520","1.77","1.81","1.66","1.81","+","0.04","1.74","10","1.84","10","358.50",
="031724","精成科群益52購03","0","0","0","--","--","--","--"," ","0.00","--","0","1.57","10","125.50",
="031725","帆宣群益52購01","185,000","11","272,310","1.52","1.53","1.44","1.45","-","0.02","0.48","20","--","0","255.00",
="031726","鈺邦群益52購02","0","0","0","--","--","--","--"," ","0.00","--","0","6.15","10","198.50",
="031727","洋基群益52購02","0","0","0","--","--","--","--"," ","0.00","0.49","10","0.59","10","449.00",
="031728","AES群益52購04","709,000","6","274,010","0.38","0.39","0.36","0.36","-","0.02","0.35","100","0.38","100","1,195.00",
="031729","SP黃豆國票55購01","48,000","3","28,320","0.59","0.59","0.59","0.59","-","0.07","0.59","25","0.60","10","19.68",
="03172U","陽明元富4B售05","0","0","0","--","--","--","--"," ","0.00","3.84","25","3.92","25","0.00",
="031730","道瓊銀國票5B購01","106,000","7","263,590","2.50","2.50","2.47","2.50","+","0.12","2.49","25","2.50","5","36.75",
="031731","亞航國票52購01","5,000","3","16,790","3.38","3.38","3.33","3.33","X","0.00","2.95","7","3.33","10","55.20",
="031732","TPK國票53購01","15,000","2","24,400","1.60","1.64","1.60","1.64","-","0.06","1.62","25","1.64","10","39.30",
="031733","元債2X凱基4A購01","0","0","0","--","--","--","--"," ","0.00","0.03","499","0.13","10","7.35",
="031734","立積國票52購02","24,000","4","22,440","0.93","0.95","0.93","0.95","-","0.14","0.93","25","0.94","10","151.50",
="031736","帆宣國票53購02","0","0","0","--","--","--","--"," ","0.00","2.10","25","2.16","10","255.00",
="031737","香港2X元大53購02","24,000","3","27,280","1.16","1.16","1.12","1.12","-","0.11","1.12","250","1.13","100","18.02",
="031738","A50正2元大54購01","204,000","5","768,830","3.72","3.98","3.42","3.42","-","0.33","3.46","250","3.47","100","32.79",
="031739","美指反元大52購01","0","0","0","--","--","--","--"," ","0.00","0.43","501","0.44","100","15.86",
="03173U","美指2X國票52售01","0","0","0","--","--","--","--"," ","0.00","0.65","25","0.66","30","0.00",
="031740","台塑元大52購16","7,000","6","14,630","2.14","2.17","2.05","2.05","-","0.01","2.04","350","2.06","10","38.60",
="031741","台化元大52購08","0","0","0","--","--","--","--"," ","0.00","1.54","450","1.56","10","28.95",
="031742","台化元大52購09","0","0","0","--","--","--","--"," ","0.00","1.92","400","1.94","10","28.95",
="031743","大亞元大52購01","1,000","1","1,600","1.60","1.60","1.60","1.60","-","0.01","1.55","499","1.57","10","39.85",
="031744","大亞元大52購02","1,000","1","1,840","1.84","1.84","1.84","1.84","-","0.01","1.79","400","1.82","10","39.85",
="031745","台玻元大52購11","1,000","1","2,430","2.43","2.43","2.43","2.43","-","0.19","2.45","250","2.47","10","25.95",
="031746","台玻元大52購12","0","0","0","--","--","--","--"," ","0.00","2.50","250","2.51","10","25.95",
="031747","大成鋼元大52購02","69,000","1","69,690","1.01","1.01","1.01","1.01","-","0.03","1.00","499","1.01","10","37.90",
="031748","台達電元大52購03","78,000","4","469,250","6.25","6.25","5.90","5.90","-","1.10","5.95","25","6.45","10","893.00",
="031749","華通元大52購08","35,000","8","119,800","3.51","3.53","3.14","3.14","-","0.37","3.11","200","3.13","10","77.00",
="03174P","台積電凱基51售03","100,000","6","6,510","0.08","0.08","0.06","0.06","-","0.02","0.06","7","0.08","20","0.00",
="03174U","川湖國票4C售03","499,000","1","29,940","0.06","0.06","0.06","0.06","-","0.01","0.06","25","0.07","10","0.00",
="031750","英業達元大52購02","274,000","8","278,010","1.01","1.03","0.97","0.97","+","0.05","0.99","25","--","0","45.00",
="031751","華碩元大52購04","110,000","9","134,900","1.16","1.26","1.16","1.25","+","0.06","1.20","18","1.22","10","684.00",
="031752","所羅門元大52購02","20,000","3","9,900","0.51","0.51","0.47","0.47","-","0.05","0.47","499","0.48","10","144.50",
="031753","致茂元大52購05","145,000","13","359,780","2.48","2.66","2.34","2.56","+","0.35","2.46","350","2.51","10","614.00",
="031754","微星元大52購01","175,000","10","49,300","0.30","0.30","0.27","0.27","-","0.02","0.26","499","0.27","10","119.50",
="031755","建準元大52購08","0","0","0","--","--","--","--"," ","0.00","0.87","499","0.90","10","129.00",
="031756","建準元大52購09","0","0","0","--","--","--","--"," ","0.00","1.36","499","1.39","10","129.00",
="031757","聯發科元大52購14","314,000","4","244,640","0.82","0.82","0.76","0.80","-","0.12","0.71","25","0.73","10","1,375.00",
="031758","聯發科元大52購15","303,000","6","297,720","0.98","0.99","0.94","0.94","-","0.12","0.90","25","0.92","10","1,375.00",
="031759","全新元大52購03","20,000","2","17,500","0.89","0.89","0.86","0.86","-","0.17","0.83","499","0.84","10","160.00",
="03175P","台積電凱基51售04","0","0","0","--","--","--","--"," ","0.00","0.02","499","0.10","110","0.00",
="03175U","長榮國票4C售06","0","0","0","--","--","--","--"," ","0.00","1.67","25","1.69","10","0.00",
="031760","鉅祥元大52購03","0","0","0","--","--","--","--"," ","0.00","5.35","150","5.55","10","108.50",
="031761","亞航元大52購04","14,000","4","69,170","5.15","5.15","3.80","3.80","-","1.11","2.45","22","3.96","10","55.20",
="031762","玉山金元大52購01","0","0","0","--","--","--","--"," ","0.00","1.12","499","1.14","10","33.15",
="031763","大立光元大52購07","514,000","8","188,180","0.40","0.40","0.35","0.35","-","0.06","0.37","499","0.39","10","2,360.00",
="031764","大立光元大52購08","579,000","12","354,410","0.65","0.65","0.60","0.62","-","0.04","0.62","499","0.64","10","2,360.00",
="031765","聯詠元大52購01","617,000","33","1,135,300","1.62","1.89","1.62","1.78","+","0.13","1.78","40","1.81","18","443.00",
="031766","智原元大52購03","30,000","2","35,200","1.17","1.18","1.17","1.18","+","0.17","1.16","499","1.18","10","174.00",
="031767","富華新元大52購01","10,000","1","4,600","0.46","0.46","0.46","0.46","-","0.02","0.45","499","0.46","10","20.05",
="031768","創意元大52購02","120,000","2","68,200","0.57","0.57","0.56","0.56","+","0.07","0.56","27","0.57","10","1,315.00",
="031769","創意元大52購03","185,000","3","98,050","0.53","0.53","0.53","0.53","+","0.08","0.52","56","--","0","1,315.00",
="03176U","精銳國票4C售04","0","0","0","--","--","--","--"," ","0.00","0.77","25","0.78","10","0.00",
="031770","健策元大52購01","0","0","0","--","--","--","--"," ","0.00","3.24","250","--","0","2,355.00",
="031771","智伸科元大52購02","383,000","7","174,280","0.52","0.52","0.42","0.42","-","0.12","0.42","25","0.43","10","139.50",
="031772","智伸科元大52購03","145,000","2","81,200","0.56","0.56","0.56","0.56","X","0.00","0.55","25","0.56","10","139.50",
="031773","中磊元大52購01","364,000","7","499,400","1.37","1.40","1.37","1.40","X","0.00","1.36","499","1.40","10","105.50",
="031774","亞翔元大52購04","131,000","1","151,960","1.16","1.16","1.16","1.16","+","0.01","1.17","499","1.20","10","358.50",
="031775","帆宣元大52購01","30,000","2","43,360","1.45","1.45","1.44","1.44","-","0.02","1.39","499","1.46","10","255.00",
="031776","訊芯元大52購03","239,000","9","209,830","0.85","0.90","0.83","0.83","+","0.01","0.78","25","--","0","164.50",
="031777","訊芯元大52購04","50,000","1","57,000","1.14","1.14","1.14","1.14","X","0.00","1.06","25","1.14","2","164.50",
="031778","SGBR2X中信57購01","39,000","7","34,680","0.90","0.90","0.87","0.87","X","0.00","0.87","499","0.88","100","0.00",
="031779","南亞中信52購03","111,000","7","109,960","1.02","1.07","0.87","0.87","-","0.05","0.85","10","0.86","10","0.00",
="03177U","晶心科國票4B售03","5,000","2","1,530","0.30","0.31","0.30","0.31","-","0.09","0.30","25","0.31","10","0.00",
="031780","南亞中信56購01","56,000","5","158,370","2.54","3.00","2.51","3.00","+","0.58","2.22","10","2.29","10","0.00",
="031781","智邦中信52購02","114,000","3","95,360","0.83","0.85","0.83","0.83","+","0.02","0.84","10","0.86","10","0.00",
="031782","金像電中信57購01","309,000","11","324,780","1.06","1.07","1.03","1.06","+","0.04","1.03","10","1.04","10","0.00",
="031783","定穎控中信53購01","66,000","4","32,420","0.50","0.52","0.49","0.52","-","0.01","0.48","10","0.56","10","0.00",
="031784","精成科中信52購02","52,000","5","130,630","2.60","2.60","2.44","2.44","-","0.20","2.36","499","2.38","10","0.00",
="031785","台灣50永豐52購08","1,000","1","1,890","1.89","1.89","1.89","1.89","+","0.48","1.93","499","1.95","10","58.45",
="031786","南亞永豐54購01","41,000","3","141,770","3.40","3.49","3.40","3.49","+","0.63","2.80","499","2.90","10","39.80",
="031787","大成鋼永豐52購01","0","0","0","--","--","--","--"," ","0.00","0.60","499","0.61","10","37.90",
="031788","華通永豐54購01","110,000","6","450,560","4.13","4.16","3.83","3.83","-","0.51","3.79","10","3.81","10","77.00",
="031789","金像電永豐53購04","18,000","4","17,120","0.96","0.98","0.92","0.98","+","0.08","0.92","10","0.93","10","455.00",
="03178U","昇陽半國票4C售01","0","0","0","--","--","--","--"," ","0.00","0.29","25","0.30","10","0.00",
="031790","建準永豐53購02","0","0","0","--","--","--","--"," ","0.00","0.57","10","0.58","10","129.00",
="031791","京元電永豐53購05","105,000","11","193,590","1.97","1.97","1.72","1.77","-","0.04","1.72","10","1.82","10","167.00",
="031792","漢翔永豐52購02","265,000","33","905,280","3.55","3.55","3.30","3.30","-","0.54","3.26","10","3.36","10","62.60",
="031793","晟銘電永豐52購02","0","0","0","--","--","--","--"," ","0.00","0.52","10","0.53","10","121.00",
="031794","奇鋐永豐52購04","1,113,000","13","789,600","0.75","0.75","0.54","0.54","-","0.06","0.54","10","0.60","3","1,015.00",
="031795","奇鋐永豐52購05","180,000","3","119,300","0.69","0.69","0.63","0.64","+","0.08","0.54","10","0.58","10","1,015.00",
="031796","健鼎永豐53購01","0","0","0","--","--","--","--"," ","0.00","0.80","10","0.90","10","309.50",
="031797","健鼎永豐54購01","0","0","0","--","--","--","--"," ","0.00","0.82","499","0.83","10","309.50",
="031798","貿聯永豐53購02","40,000","4","44,650","1.12","1.12","1.07","1.07","-","0.13","1.03","10","1.07","10","1,085.00",
="031799","定穎控永豐52購01","348,000","13","193,730","0.58","0.58","0.54","0.54","-","0.03","0.53","12","0.54","10","90.10",
="03179U","台積電國泰4C售02","339,000","4","35,200","0.11","0.11","0.10","0.10","-","0.04","0.09","15","0.19","10","0.00",
="031800","jpp永豐53購01","493,000","17","974,290","2.02","2.02","1.96","2.02","-","0.05","1.99","5","--","0","286.50",
="031801","jpp永豐53購02","0","0","0","--","--","--","--"," ","0.00","1.44","1","--","0","286.50",
="031802","jpp永豐53購03","1,000","1","2,730","2.73","2.73","2.73","2.73","+","0.03","2.13","4","--","0","286.50",
="031803","緯穎永豐53購01","3,000","1","11,460","3.82","3.82","3.82","3.82","-","0.18","3.82","10","3.83","10","3,140.00",
="031804","南亞兆豐58購01","457,000","21","884,290","1.88","2.05","1.74","1.74","-","0.06","1.67","20","1.68","10","39.80",
="031805","鴻海兆豐58購01","203,000","20","326,480","1.57","1.63","1.57","1.63","+","0.13","1.62","10","1.63","11","221.00",
="031806","鴻海兆豐58購02","31,000","4","67,470","2.15","2.23","2.15","2.23","+","0.21","2.21","10","2.23","10","221.00",
="031807","智邦兆豐54購03","314,000","8","276,280","0.86","0.89","0.85","0.86"," ","0.00","0.86","10","0.87","10","1,005.00",
="031808","金像電兆豐58購01","173,000","9","368,530","2.11","2.15","2.09","2.09","+","0.10","2.05","10","2.06","10","455.00",
="031809","漢唐兆豐58購01","133,000","7","198,970","1.45","1.62","1.45","1.62","+","0.03","1.59","10","1.62","8","987.00",
="03180U","台積電凱基4C售34","90,000","5","14,000","0.17","0.17","0.15","0.15","X","0.00","0.15","100","0.25","10","0.00",
="031810","健鼎兆豐54購02","283,000","10","241,590","0.85","0.86","0.82","0.86","+","0.01","0.85","10","0.86","10","309.50",
="031811","京鼎兆豐54購01","165,000","9","104,330","0.61","0.70","0.61","0.64","+","0.06","0.58","10","0.59","10","306.00",
="031812","神達兆豐54購01","21,000","4","30,540","1.42","1.53","1.40","1.51","+","0.17","1.44","10","1.49","10","90.00",
="031813","緯穎兆豐58購01","261,000","11","510,540","1.98","1.98","1.93","1.94","+","0.01","1.89","10","2.20","3","3,140.00",
="031814","AES兆豐54購03","10,000","8","5,060","0.53","0.53","0.48","0.48","-","0.04","0.47","10","0.48","9","1,195.00",
="031815","T50反1富邦62購01","10,000","1","5,600","0.56","0.56","0.56","0.56","-","0.03","0.55","100","0.56","100","0.00",
="031816","南亞富邦54購01","458,000","10","475,160","1.00","1.13","0.92","0.92","-","0.01","0.91","10","0.92","10","0.00",
="031817","華泰富邦54購01","45,000","11","76,860","1.76","1.78","1.65","1.65","-","0.13","1.65","25","1.66","10","0.00",
="031818","技嘉富邦52購04","690,000","16","676,030","0.99","0.99","0.97","0.98","+","0.01","0.97","30","0.98","10","0.00",
="031819","健鼎富邦56購01","252,000","9","224,190","0.90","0.91","0.88","0.91","+","0.02","0.90","30","0.91","10","0.00",
="03181U","聯發科凱基4C售10","0","0","0","--","--","--","--"," ","0.00","0.10","10","0.11","30","0.00",
="031820","京鼎富邦52購01","114,000","6","67,940","0.57","0.62","0.57","0.57","+","0.04","0.55","30","0.56","10","0.00",
="031821","貿聯富邦54購02","137,000","11","196,580","1.58","1.58","1.37","1.37","-","0.14","1.34","10","1.36","10","0.00",
="031822","定穎控富邦55購01","156,000","8","122,180","0.79","0.79","0.78","0.78","+","0.07","0.71","10","0.72","10","0.00",
="031823","臻鼎富邦54購01","0","0","0","--","--","--","--"," ","0.00","2.19","10","2.29","10","0.00",
="031824","帆宣富邦52購01","194,000","9","233,900","1.22","1.22","1.19","1.19","-","0.03","1.17","30","1.20","10","0.00",
="031825","緯穎富邦53購02","92,000","3","120,540","1.30","1.34","1.30","1.34","+","0.04","1.27","10","1.28","10","0.00",
="031826","世紀鋼富邦53購02","26,000","3","9,100","0.35","0.35","0.35","0.35","+","0.02","0.33","10","0.34","10","0.00",
="031827","香港2X凱基54購02","0","0","0","--","--","--","--"," ","0.00","1.96","100","1.97","50","18.02",
="031828","元日2X凱基56購01","0","0","0","--","--","--","--"," ","0.00","0.22","100","0.23","50","5.87",
="031829","南亞凱基53購01","206,000","19","610,040","2.96","3.17","2.66","2.66","-","0.15","2.62","100","2.72","10","39.80",
="03182U","長榮凱基4B售12","0","0","0","--","--","--","--"," ","0.00","2.54","100","2.57","10","0.00",
="031830","南亞凱基53購02","55,000","6","220,790","3.88","4.16","3.68","3.68","+","0.06","3.43","100","3.53","10","39.80",
="031831","南亞凱基53購03","19,000","2","59,330","3.12","3.13","3.12","3.13","+","0.63","2.42","10","2.44","10","39.80",
="031832","中砂凱基54購01","359,000","29","947,600","2.47","2.74","2.44","2.65","+","0.27","2.52","100","2.53","10","339.00",
="031833","大成鋼凱基53購03","0","0","0","--","--","--","--"," ","0.00","0.61","100","0.62","10","37.90",
="031834","鴻海凱基68購03","52,000","7","154,590","2.94","3.00","2.94","3.00","+","0.17","2.99","499","3.00","499","221.00",
="031835","英業達凱基53購01","1,078,000","11","2,311,400","2.21","2.22","2.12","2.14","+","0.02","2.16","10","2.17","10","45.00",
="031836","金像電凱基53購01","36,000","8","112,720","3.14","3.18","3.03","3.11","+","0.27","2.98","100","3.01","10","455.00",
="031837","建準凱基53購01","35,000","1","25,200","0.72","0.72","0.72","0.72","+","0.09","0.56","10","0.57","10","129.00",
="031838","京元電凱基53購04","68,000","6","165,550","2.48","2.62","2.40","2.40","-","0.25","2.37","100","2.47","10","167.00",
="031839","宏達電凱基55購02","4,000","2","51,000","12.80","12.80","12.70","12.70","X","0.00","12.60","10","12.70","8","64.60",
="03183U","國泰金凱基4B售04","0","0","0","--","--","--","--"," ","0.00","0.26","100","0.27","30","0.00",
="031840","奇鋐凱基53購06","61,000","11","51,770","0.87","0.91","0.73","0.73","-","0.03","0.72","100","0.74","10","1,015.00",
="031841","奇鋐凱基53購07","98,000","3","114,540","1.19","1.19","1.15","1.19","+","0.11","0.43","23","1.02","10","1,015.00",
="031842","奇鋐凱基55購04","60,000","1","62,400","1.04","1.04","1.04","1.04","X","0.00","1.03","100","1.05","10","1,015.00",
="031843","奇鋐凱基56購02","133,000","6","110,480","0.86","0.89","0.74","0.74","-","0.08","0.74","150","0.76","10","1,015.00",
="031844","德律凱基57購01","48,000","6","119,900","2.45","2.64","2.36","2.36","-","0.21","2.36","10","2.38","10","189.00",
="031845","健鼎凱基53購01","82,000","2","115,640","1.40","1.43","1.40","1.43","-","0.03","1.51","10","1.53","10","309.50",
="031846","貿聯凱基53購02","40,000","1","87,200","2.18","2.18","2.18","2.18","+","0.01","1.91","100","2.01","10","1,085.00",
="031847","定穎控凱基53購01","1,000","1","740","0.74","0.74","0.74","0.74","X","0.00","0.65","100","0.75","10","90.10",
="031848","智伸科凱基53購01","36,000","2","22,400","0.68","0.68","0.60","0.60","-","0.25","0.60","10","0.61","10","139.50",
="031849","臻鼎凱基53購01","129,000","17","583,280","4.88","4.88","4.12","4.17","-","0.45","4.17","100","4.27","10","171.50",
="03184U","奇鋐凱基4B售08","0","0","0","--","--","--","--"," ","0.00","0.02","100","0.12","10","0.00",
="031850","jpp凱基53購01","15,000","2","63,350","4.26","4.26","4.21","4.21","-","0.06","4.30","10","4.40","10","286.50",
="031851","矽力凱基53購01","0","0","0","--","--","--","--"," ","0.00","0.50","100","0.60","10","273.00",
="031852","訊芯凱基53購02","108,000","5","223,620","2.10","2.14","1.94","1.94"," ","0.00","1.94","10","2.01","10","164.50",
="031853","富世達凱基58購01","10,000","1","20,600","2.06","2.06","2.06","2.06","X","0.00","1.99","100","2.02","10","1,010.00",
="031854","羅昇凱基53購01","32,000","1","17,920","0.56","0.56","0.56","0.56","-","0.02","0.48","10","0.49","10","99.50",
="031855","T50正2國票54購01","7,000","3","20,140","2.75","2.94","2.75","2.89","+","0.32","2.88","25","2.89","5","302.45",
="031856","T50反1國票53購03","5,000","1","3,500","0.70","0.70","0.70","0.70","-","0.04","0.66","25","0.67","10","18.29",
="031857","A50正2國票55購02","0","0","0","--","--","--","--"," ","0.00","2.06","25","2.07","10","32.79",
="031858","臺指反國票58購01","0","0","0","--","--","--","--"," ","0.00","0.18","25","0.19","10","2.96",
="031859","SGBR2X國票52購04","5,000","1","7,800","1.56","1.56","1.56","1.56","X","0.00","1.57","25","1.58","10","10.98",
="03185U","聯電元大4B售03","0","0","0","--","--","--","--"," ","0.00","1.35","499","1.36","10","0.00",
="031860","中鴻國票54購01","0","0","0","--","--","--","--"," ","0.00","0.62","25","0.63","10","15.90",
="031861","智邦國票53購03","0","0","0","--","--","--","--"," ","0.00","0.92","25","0.98","10","1,005.00",
="031863","金像電國票53購04","4,000","4","9,590","2.50","2.50","2.30","2.41","+","0.15","2.31","25","2.35","10","455.00",
="031865","勤誠統一51購01","2,000","2","2,170","1.05","1.12","1.05","1.12","X","0.00","1.05","10","1.08","10","600.00",
="031866","毅嘉國票53購01","1,000","1","4,700","4.70","4.70","4.70","4.70","X","0.00","4.75","25","4.80","10","53.50",
="031867","高力統一55購01","542,000","11","106,700","0.20","0.20","0.19","0.19","-","0.01","0.19","10","0.20","10","331.50",
="031868","漢唐國票53購03","0","0","0","--","--","--","--"," ","0.00","1.11","25","1.21","10","987.00",
="031869","建準國票56購01","0","0","0","--","--","--","--"," ","0.00","0.68","25","0.69","10","129.00",
="03186U","台積電元大4B售31","0","0","0","--","--","--","--"," ","0.00","0.02","499","0.11","10","0.00",
="031870","盟立國票53購01","108,000","3","301,240","2.90","2.90","2.74","2.79","+","0.10","2.73","25","2.74","10","72.30",
="031871","鉅祥國票53購01","5,000","3","28,800","5.80","5.80","5.70","5.70","-","0.65","5.70","25","5.80","10","108.50",
="031872","中航國票53購01","0","0","0","--","--","--","--"," ","0.00","1.44","25","1.45","10","51.70",
="031873","晶豪科國票52購01","0","0","0","--","--","--","--"," ","0.00","6.90","25","7.40","10","81.00",
="031874","奇鋐國票59購01","0","0","0","--","--","--","--"," ","0.00","0.69","25","0.72","10","1,015.00",
="031875","健鼎國票53購01","0","0","0","--","--","--","--"," ","0.00","1.33","25","1.34","10","309.50",
="031876","群創國票52購01","408,000","10","662,530","1.66","1.83","1.60","1.73","+","0.06","1.73","25","1.76","10","14.15",
="031877","宏致國票52購01","0","0","0","--","--","--","--"," ","0.00","2.73","25","2.74","10","73.30",
="031878","大銀國票58購01","11,000","1","12,320","1.12","1.12","1.12","1.12"," ","0.00","1.09","25","1.10","10","120.00",
="031879","上品國票53購02","0","0","0","--","--","--","--"," ","0.00","1.51","25","1.52","10","308.00",
="03187U","智邦元大4B售04","0","0","0","--","--","--","--"," ","0.00","--","0","0.10","10","0.00",
="031880","立積國票54購01","7,000","3","8,250","1.18","1.18","1.17","1.17","-","0.16","1.18","25","1.19","10","151.50",
="031881","和椿國票52購04","6,000","1","4,860","0.81","0.81","0.81","0.81","-","0.06","0.77","25","0.78","10","122.50",
="031882","和椿國票53購02","37,000","5","30,040","0.85","0.85","0.78","0.78","-","0.09","0.78","25","0.79","10","122.50",
="031883","洋基國票53購02","10,000","1","6,400","0.64","0.64","0.64","0.64","X","0.00","0.63","25","0.65","20","449.00",
="031884","南亞國泰53購02","101,000","1","293,910","2.91","2.91","2.91","2.91","X","0.00","2.28","10","2.37","10","39.80",
="031885","川湖國泰53購04","188,000","8","321,450","1.63","1.76","1.63","1.66","-","0.03","1.65","499","1.66","100","3,220.00",
="031886","廣宇國泰53購01","13,000","2","42,580","3.38","3.38","3.21","3.21","-","0.16","3.23","499","3.25","100","54.10",
="031887","華邦電國泰53購01","0","0","0","--","--","--","--"," ","0.00","12.70","499","--","0","36.45",
="031888","建準國泰53購02","30,000","2","34,860","1.16","1.17","1.16","1.17","+","0.11","0.96","499","0.98","100","129.00",
="031889","京元電國泰53購02","292,000","5","939,140","3.34","3.34","3.20","3.23","-","0.18","3.19","140","3.23","100","167.00",
="03188U","台光電元大4B售13","0","0","0","--","--","--","--"," ","0.00","--","0","0.10","10","0.00",
="031890","晟銘電國泰53購01","1,000","1","700","0.70","0.70","0.70","0.70","X","0.00","0.67","499","0.68","100","121.00",
="031891","奇鋐國泰53購02","121,000","4","149,730","1.33","1.33","1.17","1.17","+","0.12","1.02","10","1.04","420","1,015.00",
="031892","奇鋐國泰53購03","26,000","3","21,120","0.88","0.88","0.72","0.72","-","0.13","0.74","499","0.75","100","1,015.00",
="031893","亞光國泰53購03","3,000","1","4,380","1.46","1.46","1.46","1.46","+","0.03","1.35","499","1.36","100","161.50",
="031894","SGBR2X元富52購02","0","0","0","--","--","--","--"," ","0.00","1.21","25","1.22","25","10.98",
="031895","大成元富52購01","0","0","0","--","--","--","--"," ","0.00","0.54","25","0.56","25","52.00",
="031896","鴻海元富52購12","2,000","1","5,060","2.53","2.53","2.53","2.53","X","0.00","2.58","25","2.61","25","221.00",
="031897","鴻海元富52購13","151,000","5","356,440","2.30","2.48","2.30","2.38","+","0.20","2.43","25","2.46","25","221.00",
="031898","鴻海元富52購14","62,000","15","152,270","2.41","2.49","2.38","2.49","+","0.29","2.46","25","2.49","25","221.00",
="031899","華邦電元富52購01","0","0","0","--","--","--","--"," ","0.00","15.90","25","--","0","36.45",
="03189U","臺股指元大4B售38","12,000","12","720","0.06","0.06","0.06","0.06","X","0.00","0.01","100","0.06","7","0.00",
="031900","華邦電元富52購02","0","0","0","--","--","--","--"," ","0.00","18.10","25","--","0","36.45",
="031901","華邦電元富55購01","0","0","0","--","--","--","--"," ","0.00","13.90","25","14.90","10","36.45",
="031902","金像電元富52購03","106,000","8","252,370","2.39","2.44","2.34","2.37","+","0.14","2.32","25","2.42","10","455.00",
="031903","金像電元富53購01","14,000","2","38,440","2.76","2.76","2.71","2.71","+","0.09","2.69","25","2.79","10","455.00",
="031904","佳能元富55購03","59,000","16","166,130","2.75","2.94","2.66","2.71","X","0.00","2.73","25","2.74","25","88.80",
="031905","漢唐元富52購03","15,000","1","14,700","0.98","0.98","0.98","0.98","-","0.08","0.42","23","1.10","17","987.00",
="031906","漢唐元富52購04","0","0","0","--","--","--","--"," ","0.00","0.31","5","--","0","987.00",
="031907","建準元富55購01","0","0","0","--","--","--","--"," ","0.00","1.39","25","1.42","25","129.00",
="031908","健鼎元富52購02","79,000","2","150,100","1.90","1.90","1.90","1.90","+","0.01","1.91","25","1.93","25","309.50",
="031909","世芯元富53購04","70,000","1","86,100","1.23","1.23","1.23","1.23","-","0.26","1.19","25","1.21","25","3,700.00",
="03190U","臺股指元大4B售39","218,000","4","11,100","0.05","0.07","0.05","0.05","-","0.04","0.05","100","0.10","10","0.00",
="031910","貿聯元富52購01","0","0","0","--","--","--","--"," ","0.00","2.24","25","2.33","10","1,085.00",
="031911","定穎控元富52購02","79,000","6","106,140","1.34","1.36","1.31","1.31","-","0.09","1.28","25","1.29","25","90.10",
="031912","定穎控元富52購03","1,000","1","860","0.86","0.86","0.86","0.86","+","0.03","0.76","25","--","0","90.10",
="031913","定穎控元富55購01","40,000","3","57,660","1.46","1.46","1.38","1.38","-","0.07","1.38","25","1.39","25","90.10",
="031914","定穎控元富55購02","0","0","0","--","--","--","--"," ","0.00","0.95","25","0.96","25","90.10",
="031915","定穎控元富55購03","21,000","7","17,120","0.84","0.84","0.80","0.80","-","0.05","0.79","25","0.80","25","90.10",
="031916","材料元富52購04","63,000","1","67,410","1.07","1.07","1.07","1.07","+","0.08","1.02","25","1.03","25","66.40",
="031917","帆宣元富52購01","670,000","9","1,179,300","1.83","1.83","1.75","1.77","X","0.00","1.73","25","1.78","25","255.00",
="031918","和椿元富52購01","126,000","2","130,210","1.04","1.04","1.03","1.03","-","0.06","0.98","25","1.00","25","122.50",
="031919","和椿元富53購01","56,000","4","50,280","0.93","0.93","0.88","0.88","-","0.08","0.88","25","0.89","25","122.50",
="03191U","昇陽半群益4B售03","0","0","0","--","--","--","--"," ","0.00","0.06","10","0.16","10","0.00",
="031920","緯穎元富52購05","0","0","0","--","--","--","--"," ","0.00","1.75","25","1.76","25","3,140.00",
="031921","南亞群益52購01","10,000","2","27,900","2.80","2.80","2.78","2.78","+","0.09","1.32","7","--","0","39.80",
="031922","台玻群益52購02","0","0","0","--","--","--","--"," ","0.00","1.16","100","1.20","100","25.95",
="031923","大成鋼群益52購03","0","0","0","--","--","--","--"," ","0.00","0.56","10","0.66","10","37.90",
="031924","允強群益52購01","0","0","0","--","--","--","--"," ","0.00","0.80","10","0.90","10","19.75",
="031925","光寶科群益52購05","835,000","58","2,475,840","2.91","3.55","2.84","3.20","-","0.17","3.20","11","3.50","5","183.00",
="031926","鴻海群益52購07","0","0","0","--","--","--","--"," ","0.00","2.15","100","2.18","100","221.00",
="031927","鴻海群益52購08","0","0","0","--","--","--","--"," ","0.00","1.63","100","1.65","100","221.00",
="031928","華泰群益52購01","249,000","9","555,680","2.16","2.27","2.05","2.07","-","0.16","2.07","10","2.17","10","47.70",
="031929","台積電群益54購19","297,000","12","869,550","2.90","3.09","2.90","3.05","+","0.44","3.05","2","--","0","1,340.00",
="03192U","上証2X永豐4B售01","8,000","1","1,200","0.15","0.15","0.15","0.15","X","0.00","0.14","499","0.15","10","0.00",
="031930","智邦群益53購05","109,000","4","79,570","0.73","0.73","0.73","0.73","+","0.05","0.70","100","0.72","100","1,005.00",
="031931","金像電群益53購03","12,000","2","23,370","1.94","1.95","1.94","1.95","+","0.15","1.88","10","1.98","10","455.00",
="031932","建準群益53購02","32,000","1","30,080","0.94","0.94","0.94","0.94","+","0.15","0.31","32","--","0","129.00",
="031933","京元電群益52購02","0","0","0","--","--","--","--"," ","0.00","0.97","30","2.74","10","167.00",
="031934","京元電群益52購03","17,000","2","37,670","2.23","2.23","2.21","2.21","-","0.31","2.21","10","2.31","10","167.00",
="031935","聯發科群益52購10","8,000","1","6,080","0.76","0.76","0.76","0.76","-","0.04","0.19","52","--","0","1,375.00",
="031936","漢翔群益52購05","0","0","0","--","--","--","--"," ","0.00","1.14","30","2.49","10","62.60",
="031937","慧洋群益52購01","0","0","0","--","--","--","--"," ","0.00","0.72","10","0.82","10","58.40",
="031938","大立光群益52購06","6,000","1","11,040","1.84","1.84","1.84","1.84","-","0.09","1.81","100","1.88","100","2,360.00",
="031939","奇鋐群益54購12","0","0","0","--","--","--","--"," ","0.00","0.33","30","--","0","1,015.00",
="03193U","川湖永豐4C售03","0","0","0","--","--","--","--"," ","0.00","0.05","499","0.06","10","0.00",
="031940","奇鋐群益58購01","21,000","3","15,810","0.79","0.79","0.69","0.69","-","0.01","0.32","31","--","0","1,015.00",
="031941","健策群益52購07","0","0","0","--","--","--","--"," ","0.00","--","0","6.85","10","2,355.00",
="031942","定穎控群益54購02","848,000","13","692,270","0.80","0.82","0.75","0.75","-","0.01","0.73","31","0.75","10","90.10",
="031943","和椿群益53購01","76,000","8","51,500","0.71","0.71","0.66","0.66","-","0.07","0.64","10","--","0","122.50",
="031944","和椿群益55購01","12,000","3","8,200","0.70","0.70","0.67","0.67","-","0.07","0.31","32","--","0","122.50",
="031945","富世達群益54購03","281,000","18","256,580","0.84","0.98","0.82","0.88","+","0.02","0.87","3","1.20","5","1,010.00",
="031946","奇鋐台新52購01","0","0","0","--","--","--","--"," ","0.00","1.53","20","1.54","10","0.00",
="031947","台灣50元大53購05","3,000","1","10,470","3.49","3.49","3.49","3.49","+","0.44","3.51","100","3.58","10","58.45",
="031948","台灣50元大54購04","541,000","11","1,523,790","2.82","2.99","2.80","2.92","+","0.49","2.95","100","2.97","10","58.45",
="031949","T50正2元大53購03","2,000","2","4,490","2.20","2.29","2.20","2.29","+","0.22","2.33","100","2.34","10","302.45",
="03194U","台積電永豐4B售17","0","0","0","--","--","--","--"," ","0.00","--","0","--","0","0.00",
="031950","元日2X元大58購01","0","0","0","--","--","--","--"," ","0.00","0.64","250","0.65","100","5.87",
="031951","南亞元大54購01","270,000","33","752,990","2.78","3.00","2.56","2.56","-","0.10","2.51","320","2.54","10","39.80",
="031952","華城元大54購10","0","0","0","--","--","--","--"," ","0.00","0.24","499","0.25","10","586.00",
="031953","台達電元大54購03","3,000","1","15,900","5.30","5.30","5.30","5.30","-","0.45","5.30","25","5.45","5","893.00",
="031954","華通元大53購01","89,000","8","267,120","3.05","3.08","2.70","2.70","-","0.32","2.68","250","2.69","10","77.00",
="031955","鴻海元大54購12","99,000","4","127,080","1.26","1.30","1.26","1.28","+","0.18","1.29","499","1.30","10","221.00",
="031956","台積電元大54購21","174,000","1","200,100","1.15","1.15","1.15","1.15","+","0.19","1.17","5","--","0","1,340.00",
="031957","英業達元大53購01","30,000","6","61,640","2.01","2.07","2.01","2.02","+","0.04","1.98","25","2.01","10","45.00",
="031958","金像電元大53購01","595,000","31","515,150","0.90","0.90","0.83","0.85","+","0.05","0.83","499","0.84","10","455.00",
="031959","佳能元大54購02","15,000","6","76,270","4.96","5.65","4.87","5.20","X","0.00","4.96","150","5.30","10","88.80",
="03195U","國泰金永豐4C售02","0","0","0","--","--","--","--"," ","0.00","0.57","10","0.59","10","0.00",
="031960","台光電元大54購11","229,000","6","413,480","1.76","2.12","1.76","2.04","+","0.32","1.90","450","1.95","10","1,345.00",
="031961","漢唐元大54購01","20,000","2","10,400","0.53","0.53","0.51","0.51","-","0.03","0.53","25","0.54","10","987.00",
="031962","建準元大53購01","759,000","14","381,440","0.54","0.55","0.46","0.46","-","0.01","0.42","499","0.44","10","129.00",
="031963","建準元大54購01","0","0","0","--","--","--","--"," ","0.00","0.67","499","0.69","10","129.00",
="031964","京元電元大54購03","7,000","3","19,390","3.01","3.01","2.65","2.65","-","0.27","2.62","250","2.65","10","167.00",
="031965","聯發科元大54購06","381,000","15","469,100","1.27","1.27","1.19","1.19","-","0.11","1.16","36","1.18","10","1,375.00",
="031966","宏達電元大54購01","0","0","0","--","--","--","--"," ","0.00","6.60","100","--","0","64.60",
="031967","大立光元大54購03","665,000","15","617,190","0.97","0.97","0.91","0.95","-","0.03","0.94","499","0.96","10","2,360.00",
="031968","奇鋐元大53購04","719,000","9","631,150","0.93","0.93","0.85","0.85","+","0.08","0.75","499","0.79","10","1,015.00",
="031969","奇鋐元大53購05","890,000","13","589,810","0.70","0.73","0.56","0.56","-","0.02","0.56","489","0.59","10","1,015.00",
="03196U","長榮統一4C售05","1,000","1","690","0.69","0.69","0.69","0.69"," ","0.00","0.70","10","0.71","10","0.00",
="031970","奇鋐元大54購13","1,214,000","13","688,580","0.61","0.61","0.52","0.52","-","0.01","0.51","519","0.52","10","1,015.00",
="031971","亞光元大54購05","250,000","7","218,460","0.89","0.89","0.84","0.84","-","0.06","0.83","499","0.84","10","161.50",
="031972","健鼎元大53購01","642,000","16","642,020","1.02","1.03","0.96","1.02","+","0.02","1.01","499","1.03","10","309.50",
="031973","景碩元大54購03","0","0","0","--","--","--","--"," ","0.00","0.75","499","0.76","10","111.50",
="031974","緯創元大54購08","118,000","8","160,110","1.41","1.41","1.34","1.34","+","0.05","1.34","499","1.36","10","122.50",
="031975","京鼎元大53購01","507,000","22","631,770","1.19","1.28","1.19","1.23","+","0.10","1.15","499","1.18","10","306.00",
="031976","世芯元大54購13","101,000","6","185,870","1.88","1.88","1.77","1.77","-","0.07","0.46","21","--","0","3,700.00",
="031977","貿聯元大54購07","576,000","19","566,920","1.08","1.08","0.94","0.94","-","0.10","0.93","10","--","0","1,085.00",
="031978","神達元大54購04","163,000","13","168,070","1.07","1.08","1.00","1.05","+","0.07","1.05","499","1.07","10","90.00",
="031979","定穎控元大53購01","0","0","0","--","--","--","--"," ","0.00","--","0","0.95","3","90.10",
="03197U","陽明統一4C售04","0","0","0","--","--","--","--"," ","0.00","0.93","10","0.94","10","0.00",
="031980","定穎控元大54購02","49,000","4","34,200","0.70","0.70","0.65","0.65"," ","0.00","0.64","499","0.65","10","90.10",
="031981","上品元大53購01","113,000","3","167,350","1.43","1.49","1.42","1.42","-","0.01","1.43","499","1.46","10","308.00",
="031982","立積元大54購01","0","0","0","--","--","--","--"," ","0.00","0.51","25","0.61","10","151.50",
="031983","達興元大53購01","52,000","9","248,960","4.59","5.30","4.49","5.30","+","0.78","5.20","150","5.30","10","399.00",
="031984","達興元大53購02","0","0","0","--","--","--","--"," ","0.00","5.25","150","--","0","399.00",
="031985","和椿元大53購01","414,000","16","251,420","0.63","0.63","0.58","0.60","-","0.05","0.60","25","0.61","10","122.50",
="031986","和椿元大54購01","40,000","4","22,450","0.57","0.57","0.56","0.56","-","0.04","0.56","25","0.57","10","122.50",
="031987","緯穎元大54購09","57,000","10","54,040","0.96","0.97","0.90","0.94","+","0.01","0.92","500","0.93","10","3,140.00",
="031988","洋基元大53購01","674,000","16","730,420","1.03","1.13","1.03","1.11","+","0.08","1.06","499","1.07","10","449.00",
="031989","AES元大54購04","73,000","4","30,660","0.42","0.42","0.42","0.42","-","0.04","0.41","499","0.42","10","1,195.00",
="03198U","亞力凱基4B售02","0","0","0","--","--","--","--"," ","0.00","0.53","10","0.55","10","0.00",
="031990","富世達元大54購06","798,000","13","524,530","0.63","0.71","0.63","0.66","+","0.08","0.63","499","0.66","10","1,010.00",
="031991","台玻中信53購01","35,000","2","38,600","1.15","1.15","1.10","1.10","-","0.04","1.05","499","1.06","10","0.00",
="031992","奇鋐中信55購01","815,000","28","969,920","1.23","1.28","1.03","1.03","-","0.01","1.01","10","1.04","10","0.00",
="031993","台達電永豐53購03","3,000","1","9,630","3.21","3.21","3.21","3.21","-","0.05","3.01","10","3.11","10","893.00",
="031994","智邦永豐53購04","44,000","4","29,620","0.65","0.68","0.65","0.68","-","0.01","0.67","10","0.68","10","1,005.00",
="031995","鴻準永豐52購04","0","0","0","--","--","--","--"," ","0.00","0.38","10","0.39","10","70.70",
="031996","金像電永豐52購09","20,000","2","11,700","0.59","0.59","0.58","0.58","+","0.03","0.57","10","0.58","10","455.00",
="031997","佳能永豐52購01","12,000","4","30,880","2.47","2.61","2.47","2.60","+","0.44","2.55","10","2.60","10","88.80",
="031998","建準永豐52購03","89,000","3","34,290","0.41","0.41","0.37","0.37","-","0.04","0.36","10","0.37","10","129.00",
="031999","奇鋐永豐52購06","45,000","5","69,150","1.55","1.58","1.48","1.48","+","0.18","1.29","10","1.30","10","1,015.00",
="03199U","川湖凱基4C售03","50,000","1","5,500","0.11","0.11","0.11","0.11"," ","0.00","0.11","100","0.12","10","0.00",
="032000","奇鋐永豐52購07","672,000","21","566,870","0.86","0.89","0.80","0.80","+","0.09","0.72","10","0.73","10","1,015.00",
="032001","德律永豐52購04","248,000","6","218,820","0.96","0.96","0.81","0.81","-","0.03","0.82","10","0.83","10","189.00",
="032002","緯創永豐53購04","0","0","0","--","--","--","--"," ","0.00","0.64","499","0.65","10","122.50",
="032003","臻鼎永豐53購02","0","0","0","--","--","--","--"," ","0.00","1.58","10","1.68","10","171.50",
="032004","緯穎永豐53購02","6,000","1","4,560","0.76","0.76","0.76","0.76","+","0.02","0.73","10","0.74","10","3,140.00",
="032005","緯穎永豐54購01","20,000","1","20,000","1.00","1.00","1.00","1.00","-","0.04","0.96","499","0.97","10","3,140.00",
="032006","台虹永豐53購01","592,000","10","2,108,500","3.61","3.79","3.55","3.56","-","0.04","3.38","10","3.48","10","63.30",
="032007","貿聯台新52購01","31,000","2","87,270","2.81","2.85","2.81","2.85","-","0.32","2.71","20","2.72","10","0.00",
="032008","台玻富邦52購02","0","0","0","--","--","--","--"," ","0.00","1.46","30","1.47","10","0.00",
="032009","上銀富邦53購01","80,000","9","53,150","0.66","0.69","0.65","0.65","-","0.05","0.64","30","0.65","10","0.00",
="03200U","台積電凱基4B售24","0","0","0","--","--","--","--"," ","0.00","0.02","100","0.12","10","0.00",
="032010","奇鋐富邦55購02","90,000","12","65,110","0.75","0.75","0.60","0.62","+","0.01","0.62","9","0.63","10","0.00",
="032011","牧德富邦54購01","0","0","0","--","--","--","--"," ","0.00","1.34","10","1.44","10","0.00",
="032012","健策富邦53購01","2,000","1","6,100","3.05","3.05","3.05","3.05","X","0.00","3.01","10","3.06","10","0.00",
="032013","南亞群益53購01","123,000","13","296,500","2.35","2.54","2.09","2.09"," ","0.00","0.83","12","--","0","39.80",
="032014","南亞群益53購02","0","0","0","--","--","--","--"," ","0.00","--","0","--","0","39.80",
="032015","中砂群益52購04","159,000","20","351,080","2.09","2.34","2.06","2.32","+","0.34","2.13","10","2.23","10","339.00",
="032016","大成鋼群益52購04","0","0","0","--","--","--","--"," ","0.00","0.15","7","1.53","10","37.90",
="032017","劍麟群益53購01","52,000","4","26,610","0.48","0.58","0.48","0.55","-","0.14","0.52","25","0.55","3","108.50",
="032018","鴻海群益52購09","251,000","8","339,810","1.32","1.38","1.32","1.35","+","0.19","1.37","100","1.39","100","221.00",
="032019","鴻準群益53購01","5,000","1","2,050","0.41","0.41","0.41","0.41","X","0.00","0.38","10","0.48","10","70.70",
="03201U","台積電群益4B售19","0","0","0","--","--","--","--"," ","0.00","--","0","--","0","0.00",
="032020","金像電群益53購05","0","0","0","--","--","--","--"," ","0.00","1.13","10","1.23","10","455.00",
="032021","毅嘉群益54購01","141,000","5","314,370","2.27","2.27","2.14","2.14","-","0.14","2.14","100","2.15","100","53.50",
="032022","京元電群益53購03","1,000","1","2,160","2.16","2.16","2.16","2.16","X","0.00","0.84","30","2.26","10","167.00",
="032023","京元電群益53購04","921,000","18","1,975,960","2.21","2.24","2.00","2.02","-","0.18","2.00","10","2.10","10","167.00",
="032024","奇鋐群益56購04","2,000","2","2,290","1.14","1.15","1.14","1.15","-","0.02","0.50","20","--","0","1,015.00",
="032025","奇鋐群益56購05","2,000","1","2,080","1.04","1.04","1.04","1.04","+","0.11","0.41","24","--","0","1,015.00",
="032026","奇鋐群益56購06","47,000","1","49,820","1.06","1.06","1.06","1.06","+","0.16","0.44","22","--","0","1,015.00",
="032027","奇鋐群益58購02","256,000","6","191,960","0.83","0.83","0.72","0.72","-","0.06","0.38","56","0.83","60","1,015.00",
="032028","德律群益52購03","72,000","3","69,040","1.00","1.00","0.91","0.91"," ","0.00","0.92","10","1.02","10","189.00",
="032029","健鼎群益52購02","10,000","1","13,800","1.38","1.38","1.38","1.38"," ","0.00","1.37","10","1.47","10","309.50",
="03202U","台積電群益4B售20","10,000","1","500","0.05","0.05","0.05","0.05","X","0.00","--","0","--","0","0.00",
="032030","昇貿群益52購01","0","0","0","--","--","--","--"," ","0.00","2.16","3","3.64","10","114.00",
="032031","世芯群益54購08","0","0","0","--","--","--","--"," ","0.00","--","0","--","0","3,700.00",
="032032","海華群益53購01","65,000","5","146,910","2.19","2.31","2.19","2.31","-","0.04","2.31","10","2.41","10","83.80",
="032033","聯茂群益54購02","152,000","9","215,570","1.39","1.47","1.36","1.36","-","0.03","0.76","43","--","0","111.50",
="032034","矽力群益54購02","4,000","3","7,070","1.77","1.80","1.75","1.75","+","0.03","0.72","13","--","0","273.00",
="032035","訊芯群益53購01","89,000","4","66,430","0.75","0.76","0.73","0.73","+","0.05","0.30","33","0.88","1","164.50",
="032036","緯穎群益52購09","0","0","0","--","--","--","--"," ","0.00","0.24","30","--","0","3,140.00",
="032037","富世達群益53購01","75,000","1","48,750","0.65","0.65","0.65","0.65","+","0.12","0.18","55","--","0","1,010.00",
="032038","南電群益52購05","269,000","27","803,640","3.08","3.09","2.76","2.79","+","0.14","2.54","10","2.64","10","234.50",
="032039","世紀鋼群益53購02","0","0","0","--","--","--","--"," ","0.00","0.48","10","0.58","10","171.50",
="03203U","東陽元大4B售06","0","0","0","--","--","--","--"," ","0.00","1.62","499","1.72","10","0.00",
="032040","臺股指群益52購09","48,000","8","216,260","4.34","5.00","4.29","4.81","+","0.90","4.74","499","4.75","499","0.00",
="032041","T50反1元富55購03","10,000","1","3,400","0.34","0.34","0.34","0.34","X","0.00","0.34","25","0.35","25","18.29",
="032042","T50反1元富58購01","0","0","0","--","--","--","--"," ","0.00","0.43","25","0.44","25","18.29",
="032043","宏達電元富58購01","0","0","0","--","--","--","--"," ","0.00","11.00","25","11.10","25","64.60",
="032044","緯創元富52購02","55,000","3","102,480","1.88","1.88","1.84","1.84","+","0.18","1.70","25","1.73","25","122.50",
="032045","宏致元富53購01","70,000","2","146,500","2.11","2.11","2.08","2.08","X","0.00","2.02","25","2.03","25","73.30",
="032046","精成科元富52購03","25,000","3","67,700","2.77","2.77","2.40","2.40","-","0.38","2.39","25","2.43","25","125.50",
="032047","樺漢元富52購02","6,000","4","8,120","1.38","1.38","1.32","1.32"," ","0.00","1.30","25","1.31","25","299.00",
="032048","臺股指元富56購10","65,000","3","190,850","2.63","3.00","2.63","2.91","+","0.46","2.90","55","2.91","20","0.00",
="032049","上証2X國票55購01","0","0","0","--","--","--","--"," ","0.00","3.20","25","3.21","10","47.20",
="03204U","台光電元大4B售14","0","0","0","--","--","--","--"," ","0.00","--","0","0.09","300","0.00",
="032050","元石油國票52購03","10,000","1","15,500","1.55","1.55","1.55","1.55","-","0.12","1.56","25","1.57","10","16.00",
="032051","SP黃豆國票58購01","0","0","0","--","--","--","--"," ","0.00","1.45","25","1.46","10","19.68",
="032052","億泰國票53購03","1,000","1","930","0.93","0.93","0.93","0.93","+","0.01","0.92","25","0.93","10","34.80",
="032053","佳能國票53購01","41,000","13","185,700","4.14","5.15","4.14","4.60","+","0.52","4.60","3","4.64","10","88.80",
="032054","毅嘉國票54購01","30,000","1","82,200","2.74","2.74","2.74","2.74","X","0.00","2.77","25","2.80","10","53.50",
="032055","飛宏國票53購01","21,000","6","34,660","1.62","1.69","1.62","1.65","+","0.02","1.65","25","1.66","10","24.95",
="032056","一詮國票52購01","39,000","5","71,760","1.85","1.86","1.80","1.80","-","0.05","1.79","25","1.80","10","82.30",
="032057","宏致國票53購01","0","0","0","--","--","--","--"," ","0.00","2.31","25","2.32","10","73.30",
="032058","宏致國票54購01","0","0","0","--","--","--","--"," ","0.00","2.32","25","2.33","10","73.30",
="032059","精成科國票54購01","556,000","24","1,178,980","2.24","2.24","1.96","1.96","-","0.37","1.96","25","1.98","10","125.50",
="03205U","南亞科元大4B售05","0","0","0","--","--","--","--"," ","0.00","0.05","75","0.06","10","0.00",
="032060","T50正2國泰53購03","6,000","4","14,820","2.42","2.52","2.42","2.52","+","0.22","0.11","90","--","0","302.45",
="032061","辛耘國泰53購02","22,000","5","53,780","2.40","2.49","2.27","2.27","+","0.30","2.26","10","2.27","10","388.00",
="032062","飛捷國泰53購02","99,000","2","104,500","1.06","1.06","1.04","1.04","X","0.00","1.04","499","1.09","480","106.50",
="032063","AES國泰53購02","0","0","0","--","--","--","--"," ","0.00","0.52","499","0.53","490","1,195.00",
="032064","富世達國泰53購02","247,000","9","270,740","1.05","1.15","1.03","1.15","+","0.20","1.09","499","1.10","100","1,010.00",
="032065","台灣50凱基54購09","6,000","1","25,980","4.33","4.33","4.33","4.33","+","0.45","4.53","100","4.56","10","58.45",
="032066","T50正2凱基53購03","8,000","3","26,490","3.19","3.44","3.19","3.44","+","0.45","3.37","10","3.38","10","302.45",
="032067","臺指反凱基58購01","113,000","3","21,440","0.19","0.19","0.18","0.19","X","0.00","0.18","200","0.19","50","2.96",
="032068","SGBR2X凱基53購03","130,000","12","231,250","1.81","1.81","1.76","1.76","-","0.16","1.79","100","1.80","50","10.98",
="032069","道瓊銀凱基54購02","1,000","1","1,680","1.68","1.68","1.68","1.68","+","0.06","1.69","10","1.70","51","36.75",
="03206U","長榮元大4B售11","0","0","0","--","--","--","--"," ","0.00","2.50","300","2.60","10","0.00",
="032070","道瓊銅凱基53購01","0","0","0","--","--","--","--"," ","0.00","0.45","101","0.46","10","25.59",
="032071","南亞凱基53購06","32,000","5","81,870","2.52","2.63","2.50","2.60","+","0.62","2.01","10","2.02","10","39.80",
="032072","台玻凱基53購02","25,000","3","81,400","3.28","3.38","3.17","3.17","+","0.03","2.93","10","2.95","10","25.95",
="032073","中鴻凱基54購01","0","0","0","--","--","--","--"," ","0.00","1.03","100","1.04","10","15.90",
="032074","台達電凱基53購01","159,000","30","1,534,450","10.10","10.10","9.05","9.25","-","0.55","9.15","1","9.60","10","893.00",
="032075","鴻海凱基68購04","32,000","4","83,460","2.61","2.63","2.60","2.63","+","0.14","2.63","499","2.64","499","221.00",
="032076","鴻準凱基53購03","20,000","1","15,000","0.75","0.75","0.75","0.75","+","0.03","0.70","10","0.71","10","70.70",
="032077","毅嘉凱基53購01","31,000","2","114,750","3.71","3.71","3.45","3.45","-","0.35","3.48","10","3.51","10","53.50",
="032078","漢唐凱基53購04","0","0","0","--","--","--","--"," ","0.00","0.92","10","1.02","10","987.00",
="032079","建準凱基54購02","32,000","1","24,640","0.77","0.77","0.77","0.77","+","0.09","0.60","10","0.62","10","129.00",
="03207U","東陽國票4B售02","0","0","0","--","--","--","--"," ","0.00","2.16","25","2.20","10","0.00",
="032080","京元電凱基54購01","124,000","2","308,840","2.52","2.52","2.26","2.26","-","0.24","2.26","100","2.32","10","167.00",
="032081","聯發科凱基54購06","3,000","2","2,660","0.88","0.89","0.88","0.89","-","0.09","0.81","100","0.82","10","1,375.00",
="032082","漢翔凱基53購01","0","0","0","--","--","--","--"," ","0.00","6.15","50","--","0","62.60",
="032083","慧洋凱基53購01","37,000","1","29,600","0.80","0.80","0.80","0.80","-","0.04","0.81","10","0.82","10","58.40",
="032084","晶豪科凱基53購01","0","0","0","--","--","--","--"," ","0.00","6.85","10","7.35","10","81.00",
="032085","奇鋐凱基54購04","20,000","4","15,800","0.90","0.90","0.73","0.73","-","0.04","0.74","100","0.75","10","1,015.00",
="032086","奇鋐凱基54購05","28,000","2","21,930","0.81","0.81","0.66","0.66","-","0.05","0.65","100","0.67","10","1,015.00",
="032087","華晶科凱基53購01","5,000","1","27,000","5.40","5.40","5.40","5.40","X","0.00","5.35","100","5.40","10","52.80",
="032088","辛耘凱基53購01","13,000","2","31,440","2.32","2.48","2.32","2.48","+","0.62","2.19","10","2.29","10","388.00",
="032089","大銀凱基58購01","12,000","1","13,560","1.13","1.13","1.13","1.13"," ","0.00","1.11","100","1.12","10","120.00",
="03208U","士電國票4B售03","0","0","0","--","--","--","--"," ","0.00","1.02","25","1.03","10","0.00",
="032090","上品凱基53購01","6,000","1","12,900","2.15","2.15","2.15","2.15","X","0.00","2.08","100","2.10","10","308.00",
="032091","臻鼎凱基53購02","48,000","7","193,500","4.13","4.13","3.57","3.57","-","0.48","3.59","100","3.63","10","171.50",
="032092","達興凱基53購02","0","0","0","--","--","--","--"," ","0.00","6.20","10","6.70","10","399.00",
="032093","迅得凱基54購01","9,000","3","12,010","1.38","1.38","1.31","1.32","+","0.02","1.24","100","1.25","10","176.00",
="032094","緯穎凱基54購08","0","0","0","--","--","--","--"," ","0.00","1.68","100","1.70","10","3,140.00",
="032095","洋基凱基53購01","1,000","1","1,000","1.00","1.00","1.00","1.00","X","0.00","0.95","10","0.96","10","449.00",
="032096","富世達凱基56購01","31,000","4","41,190","1.26","1.39","1.26","1.39","X","0.00","1.28","100","1.31","30","1,010.00",
="032097","南電凱基58購02","2,000","1","8,760","4.38","4.38","4.38","4.38","-","0.42","4.18","100","6.70","1","234.50",
="032098","T50反1元大55購02","187,000","7","90,930","0.50","0.50","0.48","0.49","-","0.05","0.47","100","0.48","10","18.29",
="032099","香港2X元大54購01","0","0","0","--","--","--","--"," ","0.00","1.68","499","1.69","100","18.02",
="03209U","士電國票4C售02","0","0","0","--","--","--","--"," ","0.00","0.90","25","0.91","10","0.00",
="032100","台塑元大54購03","0","0","0","--","--","--","--"," ","0.00","1.18","499","1.19","10","38.60",
="032101","南亞元大54購02","125,000","6","259,890","2.10","2.24","1.98","1.98","-","0.04","1.93","350","1.95","10","39.80",
="032102","華城元大54購11","0","0","0","--","--","--","--"," ","0.00","0.26","499","0.27","10","586.00",
="032103","大成鋼元大54購03","105,000","2","122,450","1.17","1.17","1.09","1.09","-","0.01","1.08","499","1.09","5","37.90",
="032104","川湖元大53購01","61,000","3","99,690","1.62","1.69","1.54","1.69","-","0.29","1.56","450","1.62","10","3,220.00",
="032105","光寶科元大54購03","25,000","4","53,830","2.30","2.30","2.10","2.10","-","0.50","2.20","300","2.88","35","183.00",
="032106","台達電元大54購04","16,000","2","90,250","5.65","5.65","5.60","5.60","-","0.10","5.50","20","5.70","10","893.00",
="032107","華通元大53購02","2,000","2","4,440","2.34","2.34","2.10","2.10","-","0.38","2.08","300","2.09","10","77.00",
="032108","鴻海元大54購13","233,000","5","273,580","1.16","1.23","1.16","1.20","+","0.08","1.21","499","1.22","10","221.00",
="032109","智邦元大54購06","343,000","4","161,330","0.47","0.50","0.47","0.47","+","0.02","0.48","50","0.59","200","1,005.00",
="03210U","中興電國票4C售02","0","0","0","--","--","--","--"," ","0.00","0.31","25","0.32","10","0.00",
="032110","鴻準元大54購03","158,000","5","139,250","0.88","0.91","0.84","0.84"," ","0.00","0.83","499","0.84","9","70.70",
="032111","華碩元大53購01","14,000","4","24,470","1.73","1.83","1.73","1.78","+","0.04","1.76","25","1.78","10","684.00",
="032112","昆盈元大53購01","121,000","5","219,820","1.94","1.94","1.81","1.81","-","0.13","1.80","400","1.82","10","42.60",
="032113","台光電元大54購12","50,000","2","87,100","1.72","1.83","1.72","1.83","+","0.25","1.83","450","1.88","10","1,345.00",
="032115","毅嘉元大53購01","1,000","1","4,060","4.06","4.06","4.06","4.06","-","0.03","3.73","200","3.76","10","53.50",
="032116","毅嘉元大53購02","387,000","11","374,350","1.05","1.05","0.96","0.98","-","0.07","0.97","499","0.98","10","53.50",
="032117","漢唐元大53購06","0","0","0","--","--","--","--"," ","0.00","0.77","25","0.78","10","987.00",
="032118","建準元大54購02","0","0","0","--","--","--","--"," ","0.00","0.43","499","0.44","10","129.00",
="032119","京元電元大54購04","204,000","22","295,700","1.55","1.55","1.40","1.40","-","0.14","1.40","499","1.41","10","167.00",
="03211U","聯電國票4B售02","20,000","1","24,400","1.22","1.22","1.22","1.22","-","0.03","1.10","25","1.12","10","0.00",
="032120","聯發科元大54購07","107,000","2","133,750","1.25","1.25","1.25","1.25","-","0.10","1.17","25","1.19","10","1,375.00",
="032121","宏達電元大54購02","0","0","0","--","--","--","--"," ","0.00","8.20","100","--","0","64.60",
="032122","大立光元大54購04","157,000","3","130,640","0.82","0.84","0.82","0.84","-","0.04","0.84","499","0.87","10","2,360.00",
="032123","欣興元大54購10","55,000","9","89,470","1.58","1.65","1.58","1.58","+","0.09","1.50","499","1.52","10","159.00",
="032124","景碩元大54購04","80,000","1","59,200","0.74","0.74","0.74","0.74","X","0.00","0.67","499","0.69","10","111.50",
="032125","昇貿元大53購01","4,000","1","26,200","6.55","6.55","6.55","6.55","X","0.00","--","0","--","0","114.00",
="032126","新日興元大54購02","49,000","4","69,790","1.43","1.44","1.41","1.41","-","0.08","0.11","454","--","0","237.00",
="032127","京鼎元大53購02","286,000","13","320,780","1.07","1.17","1.07","1.10","+","0.08","1.05","10","1.06","10","306.00",
="032128","創意元大53購01","1,959,000","44","1,574,340","0.77","0.82","0.76","0.80"," ","0.00","0.79","126","1.10","1","1,315.00",
="032129","創意元大54購01","763,000","18","666,600","0.84","0.89","0.84","0.87","+","0.04","0.86","25","0.87","25","1,315.00",
="03212U","矽統國票4C售01","0","0","0","--","--","--","--"," ","0.00","0.16","25","0.17","10","0.00",
="032130","貿聯元大54購08","304,000","14","283,160","1.01","1.01","0.87","0.88","-","0.09","0.84","499","--","0","1,085.00",
="032131","海華元大53購01","0","0","0","--","--","--","--"," ","0.00","3.47","200","3.57","10","83.80",
="032133","神達元大54購05","350,000","5","420,000","1.20","1.20","1.20","1.20","+","0.13","1.17","499","1.27","10","90.00",
="032136","臻鼎元大53購01","341,000","18","1,252,110","3.70","3.75","3.18","3.22","-","0.38","3.22","200","3.26","10","171.50",
="032137","達興元大53購03","50,000","9","238,310","4.65","5.25","4.55","5.25","+","0.27","5.20","150","5.30","10","399.00",
="032138","祥碩元大54購02","270,000","2","64,100","0.23","0.24","0.23","0.24","+","0.01","0.23","499","0.24","10","1,525.00",
="032139","亞翔元大54購05","96,000","7","368,780","3.81","3.89","3.81","3.89","+","0.03","3.76","200","3.79","10","358.50",
="03213U","聯發科國票4B售03","1,000","1","290","0.29","0.29","0.29","0.29","+","0.07","0.29","24","0.30","10","0.00",
="032140","精成科元大54購05","0","0","0","--","--","--","--"," ","0.00","0.82","2","1.29","10","125.50",
="032141","啟碁元大53購01","0","0","0","--","--","--","--"," ","0.00","1.26","499","1.30","10","121.00",
="032142","保瑞元大53購01","180,000","10","230,770","1.27","1.30","1.27","1.30","+","0.01","1.27","25","1.29","10","693.00",
="032143","緯穎元大54購10","200,000","1","144,000","0.72","0.72","0.72","0.72","-","0.05","0.72","499","0.73","10","3,140.00",
="032144","洋基元大53購02","253,000","9","296,380","1.15","1.22","1.15","1.21","+","0.06","1.18","499","1.19","10","449.00",
="032145","AES元大54購05","0","0","0","--","--","--","--"," ","0.00","0.47","499","0.48","10","1,195.00",
="032146","富世達元大54購07","218,000","6","214,900","0.97","0.99","0.97","0.99","+","0.12","0.95","499","0.99","10","1,010.00",
="032147","南電元大54購02","116,000","12","478,440","4.37","4.48","3.85","3.85","-","0.19","3.85","200","3.95","10","234.50",
="032148","臺股指元大53購11","0","0","0","--","--","--","--"," ","0.00","2.09","100","2.16","10","0.00",
="032149","台灣50中信58購01","208,000","8","132,920","0.60","0.66","0.58","0.64","X","0.00","0.64","504","0.65","100","0.00",
="03214U","聯發科國票4C售01","0","0","0","--","--","--","--"," ","0.00","0.18","25","0.19","10","0.00",
="032150","T50正2中信58購01","23,000","2","28,480","1.22","1.24","1.22","1.24","+","0.09","1.28","499","1.29","100","0.00",
="032151","元石油中信56購01","11,000","2","6,060","0.56","0.56","0.55","0.55","X","0.00","0.55","499","0.56","100","0.00",
="032152","台塑中信52購04","0","0","0","--","--","--","--"," ","0.00","0.65","499","0.66","10","0.00",
="032153","台塑中信55購01","20,000","2","49,600","2.47","2.49","2.47","2.49","+","0.14","2.38","10","2.40","10","0.00",
="032154","京元電中信58購01","458,000","46","528,160","1.25","1.25","1.10","1.12","-","0.09","1.10","31","1.12","8","0.00",
="032155","漢翔中信52購01","0","0","0","--","--","--","--"," ","0.00","3.21","10","--","0","0.00",
="032156","滬深2X永豐52購04","2,000","1","5,480","2.74","2.74","2.74","2.74","+","0.19","2.36","10","2.37","10","19.04",
="032157","堤維西永豐52購01","0","0","0","--","--","--","--"," ","0.00","1.08","10","1.09","10","43.00",
="032158","鴻海永豐53購03","0","0","0","--","--","--","--"," ","0.00","1.13","10","1.15","10","221.00",
="032159","盟立永豐52購01","0","0","0","--","--","--","--"," ","0.00","1.74","10","1.76","10","72.30",
="03215U","一詮國票4B售03","0","0","0","--","--","--","--"," ","0.00","1.01","25","1.02","10","0.00",
="032160","皇昌永豐53購01","0","0","0","--","--","--","--"," ","0.00","1.22","499","1.23","10","72.70",
="032161","萬海永豐54購01","10,000","1","6,300","0.63","0.63","0.63","0.63","-","0.04","0.63","20","0.64","10","77.90",
="032162","世芯永豐55購04","0","0","0","--","--","--","--"," ","0.00","1.00","499","1.01","10","3,700.00",
="032163","神達永豐52購03","0","0","0","--","--","--","--"," ","0.00","1.72","10","1.76","10","90.00",
="032164","臻鼎永豐54購01","6,000","2","9,510","1.62","1.62","1.41","1.41","-","0.14","1.30","10","1.39","10","171.50",
="032165","亞翔永豐53購03","36,000","5","49,650","1.38","1.38","1.35","1.35","+","0.02","1.35","10","1.36","10","358.50",
="032166","佳必琪永豐53購02","30,000","1","20,700","0.69","0.69","0.69","0.69","X","0.00","0.66","499","0.68","10","160.00",
="032167","緯穎永豐52購05","48,000","4","22,060","0.46","0.46","0.45","0.45","-","0.01","0.45","10","0.46","10","3,140.00",
="032168","龍德船永豐53購01","0","0","0","--","--","--","--"," ","0.00","2.01","499","2.08","10","151.50",
="032169","T50反1凱基54購06","300,000","1","162,000","0.54","0.54","0.54","0.54","X","0.00","0.51","100","0.52","10","18.29",
="03216U","王品國票4C售01","0","0","0","--","--","--","--"," ","0.00","0.58","25","0.59","10","0.00",
="032170","T50反1凱基57購02","0","0","0","--","--","--","--"," ","0.00","0.36","100","0.37","10","18.29",
="032171","元石油凱基53購01","0","0","0","--","--","--","--"," ","0.00","0.95","10","0.96","50","16.00",
="032172","台塑凱基53購03","0","0","0","--","--","--","--"," ","0.00","1.19","10","1.20","10","38.60",
="032173","台化凱基53購02","0","0","0","--","--","--","--"," ","0.00","1.28","10","1.29","10","28.95",
="032174","華城凱基54購03","0","0","0","--","--","--","--"," ","0.00","1.10","100","1.20","10","586.00",
="032175","台玻凱基53購04","1,000","1","1,840","1.84","1.84","1.84","1.84","+","0.04","1.54","10","1.55","10","25.95",
="032176","大成鋼凱基54購01","0","0","0","--","--","--","--"," ","0.00","1.01","100","1.02","10","37.90",
="032177","華通凱基53購01","70,000","3","195,750","2.96","3.01","2.65","2.65","-","0.30","2.55","100","2.57","10","77.00",
="032178","緯穎群益4B購01","1,000","1","680","0.68","0.68","0.68","0.68"," ","0.00","0.67","10","0.69","2","3,140.00",
="032179","智邦凱基53購03","278,000","14","216,580","0.76","0.80","0.76","0.76","+","0.05","0.76","100","0.78","46","1,005.00",
="03217U","八方國票4C售01","40,000","1","16,000","0.40","0.40","0.40","0.40","X","0.00","0.40","25","0.42","10","0.00",
="032180","金像電凱基53購03","160,000","6","195,190","1.20","1.24","1.17","1.24","+","0.10","1.16","100","1.26","10","455.00",
="032181","毅嘉凱基56購01","67,000","5","67,160","1.04","1.04","0.98","0.98","-","0.06","0.98","100","0.99","10","53.50",
="032182","全新凱基53購02","76,000","6","131,310","1.80","1.80","1.67","1.67","-","0.24","1.64","100","1.66","10","160.00",
="032183","宏達電凱基53購01","1,000","1","13,000","13.00","13.00","13.00","13.00"," ","0.00","12.80","10","13.00","10","64.60",
="032184","皇昌凱基53購02","10,000","1","25,600","2.56","2.56","2.56","2.56","X","0.00","2.53","10","2.55","10","72.70",
="032185","漢翔凱基53購02","0","0","0","--","--","--","--"," ","0.00","3.34","100","--","0","62.60",
="032186","永豐金凱基53購01","0","0","0","--","--","--","--"," ","0.00","0.85","10","0.86","10","24.70",
="032187","大立光凱基54購03","9,000","2","7,980","0.88","0.89","0.88","0.89","-","0.04","0.89","10","0.92","10","2,360.00",
="032188","景碩凱基56購01","0","0","0","--","--","--","--"," ","0.00","1.28","100","1.30","10","111.50",
="032189","京鼎凱基53購01","30,000","5","42,760","1.42","1.47","1.40","1.40","+","0.22","1.31","10","1.32","10","306.00",
="03218U","中信金國票4C售04","0","0","0","--","--","--","--"," ","0.00","0.45","25","0.46","10","0.00",
="032190","創意凱基56購02","94,000","5","128,220","1.30","1.39","1.30","1.38","+","0.05","1.36","122","1.38","10","1,315.00",
="032191","牧德凱基54購01","1,000","1","3,450","3.45","3.45","3.45","3.45","-","0.38","3.43","10","3.46","10","544.00",
="032192","世芯凱基53購08","13,000","1","15,600","1.20","1.20","1.20","1.20","-","0.02","1.02","100","1.04","10","3,700.00",
="032193","神達凱基54購04","126,000","10","388,010","3.05","3.31","2.95","3.31","+","0.43","3.09","100","3.11","10","90.00",
="032194","亞翔凱基57購01","56,000","4","155,190","2.79","2.85","2.68","2.85","+","0.07","2.77","10","2.79","10","358.50",
="032195","精成科凱基53購01","0","0","0","--","--","--","--"," ","0.00","2.44","100","2.46","10","125.50",
="032196","鈺邦凱基53購01","0","0","0","--","--","--","--"," ","0.00","5.65","100","6.15","10","198.50",
="032197","保瑞凱基53購01","39,000","3","40,450","1.03","1.11","1.03","1.11","+","0.04","1.04","10","1.06","10","693.00",
="032198","穎崴凱基56購02","0","0","0","--","--","--","--"," ","0.00","8.40","100","8.90","10","2,015.00",
="032199","緯穎凱基53購05","0","0","0","--","--","--","--"," ","0.00","1.37","100","1.38","10","3,140.00",
="03219U","亞光國票4B售02","0","0","0","--","--","--","--"," ","0.00","0.34","25","0.35","10","0.00",
="032200","AES凱基53購01","0","0","0","--","--","--","--"," ","0.00","0.83","100","0.85","10","1,195.00",
="032201","臺股指凱基53購15","481,000","20","844,390","1.70","1.99","1.66","1.83","+","0.32","1.89","10","1.90","10","0.00",
="032202","香港2X國票58購01","20,000","1","36,600","1.83","1.83","1.83","1.83","-","0.14","1.82","25","1.83","10","18.02",
="032203","堤維西國票52購01","3,000","1","3,750","1.25","1.25","1.25","1.25","X","0.00","1.24","25","1.25","10","43.00",
="032204","京元電國票53購02","20,000","1","45,000","2.25","2.25","2.25","2.25","-","0.18","2.07","25","2.10","10","167.00",
="032205","宏致國票56購01","10,000","1","17,100","1.71","1.71","1.71","1.71","X","0.00","1.72","25","1.73","10","73.30",
="032206","AES國票53購04","50,000","1","28,500","0.57","0.57","0.57","0.57"," ","0.00","0.51","25","0.52","10","1,195.00",
="032207","華通國泰53購01","58,000","10","118,020","2.16","2.16","1.90","1.90","-","0.21","1.89","499","1.90","100","77.00",
="032208","鴻準國泰53購01","271,000","4","224,620","0.83","0.84","0.82","0.82","+","0.01","0.80","499","0.82","100","70.70",
="032209","矽統國泰53購01","0","0","0","--","--","--","--"," ","0.00","2.11","499","2.12","100","58.60",
="03220U","聯詠國票4B售02","1,000","1","1,950","1.95","1.95","1.95","1.95","X","0.00","2.03","25","2.04","10","0.00",
="032210","台新金國泰53購01","97,000","3","208,720","2.08","2.20","2.08","2.17","X","0.00","2.17","499","2.20","100","17.65",
="032211","貿聯國泰53購01","7,000","2","11,410","1.63","1.63","1.63","1.63","X","0.00","0.73","1","--","0","1,085.00",
="032212","臻鼎國泰53購01","294,000","10","631,600","2.30","2.37","2.10","2.12","-","0.23","2.10","499","2.12","250","171.50",
="032213","SGBR2X群益52購03","0","0","0","--","--","--","--"," ","0.00","0.98","25","0.99","10","10.98",
="032214","台玻群益52購03","94,000","5","82,180","0.97","0.97","0.81","0.81","-","0.13","0.81","25","0.85","10","25.95",
="032215","華通群益56購02","82,000","12","105,110","1.40","1.40","1.25","1.25","-","0.12","1.24","100","1.25","100","77.00",
="032216","鴻海群益52購11","497,000","33","1,246,330","2.43","2.60","2.43","2.52","+","0.29","2.52","100","2.56","100","221.00",
="032217","鴻準群益54購01","268,000","8","650,440","2.45","2.45","2.37","2.37","+","0.01","2.35","10","2.45","10","70.70",
="032218","建準群益54購02","0","0","0","--","--","--","--"," ","0.00","--","0","--","0","129.00",
="032219","華晶科群益52購02","10,000","1","52,500","5.25","5.25","5.25","5.25","-","0.30","5.15","10","5.65","10","52.80",
="03221U","達邁國票4C售04","55,000","2","13,900","0.25","0.28","0.25","0.28","X","0.00","0.28","25","0.29","10","0.00",
="032220","景碩群益57購02","124,000","4","102,730","0.84","0.85","0.81","0.81","-","0.09","0.88","1","0.96","140","111.50",
="032221","辛耘群益52購02","59,000","8","182,780","2.93","3.23","2.90","2.90","+","0.41","0.79","12","--","0","388.00",
="032222","宏致群益53購01","22,000","3","26,800","1.25","1.25","1.15","1.15","-","0.12","1.17","10","1.27","10","73.30",
="032223","世芯群益58購01","44,000","5","24,120","0.55","0.55","0.53","0.53","-","0.06","0.52","10","0.63","18","3,700.00",
="032224","臻鼎群益52購03","382,000","20","692,640","1.93","2.01","1.69","1.72","-","0.18","1.73","10","1.83","10","171.50",
="032225","元日2X元富4B購01","0","0","0","--","--","--","--"," ","0.00","0.07","25","0.10","10","5.87",
="032226","臻鼎群益53購04","662,000","22","1,007,900","1.57","1.62","1.37","1.39","-","0.15","1.40","10","1.50","10","171.50",
="032227","佳必琪群益52購03","91,000","2","63,700","0.70","0.70","0.70","0.70","X","0.00","0.17","10","--","0","160.00",
="032228","洋基群益53購02","25,000","2","31,530","1.26","1.29","1.26","1.29","X","0.00","1.24","10","1.34","10","449.00",
="032229","南亞富邦54購02","202,000","4","181,140","0.93","0.93","0.89","0.89","+","0.10","0.77","10","0.78","10","0.00",
="03222U","鴻海富邦51售05","100,000","1","7,000","0.07","0.07","0.07","0.07","X","0.00","0.05","30","0.06","10","0.00",
="032230","中砂富邦54購04","417,000","14","480,460","1.13","1.22","1.13","1.14","X","0.00","1.13","10","1.14","10","0.00",
="032231","中砂富邦55購01","419,000","12","512,830","1.17","1.27","1.17","1.27","+","0.15","1.18","10","1.19","10","0.00",
="032232","大成鋼富邦55購02","4,000","1","2,200","0.55","0.55","0.55","0.55","X","0.00","0.53","10","0.54","10","0.00",
="032233","華通富邦52購01","22,000","4","28,240","1.30","1.30","1.15","1.15","-","0.13","1.11","10","1.12","10","0.00",
="032234","鴻海富邦52購04","181,000","7","232,680","1.22","1.30","1.22","1.29","+","0.16","1.28","30","1.29","10","0.00",
="032235","鴻海富邦52購05","17,000","3","20,260","1.20","1.21","1.19","1.21","+","0.12","1.19","30","1.20","10","0.00",
="032236","廣宇富邦52購01","38,000","4","61,460","1.61","1.62","1.61","1.62","+","0.02","1.54","30","1.55","10","0.00",
="032237","台積電富邦52購07","32,000","3","42,220","1.31","1.32","1.31","1.32","+","0.14","1.43","30","1.44","10","0.00",
="032238","智邦富邦55購02","596,000","20","322,760","0.53","0.56","0.53","0.56","+","0.05","0.53","10","0.54","10","0.00",
="032239","致茂富邦53購01","262,000","12","378,500","1.42","1.53","1.38","1.43","+","0.09","1.42","10","1.43","3","0.00",
="03223U","台積電富邦51售10","0","0","0","--","--","--","--"," ","0.00","0.10","30","0.11","10","0.00",
="032240","漢唐富邦55購02","0","0","0","--","--","--","--"," ","0.00","0.68","10","0.69","10","0.00",
="032241","建準富邦55購02","0","0","0","--","--","--","--"," ","0.00","0.68","10","0.69","10","0.00",
="032242","京元電富邦54購02","61,000","6","95,750","1.65","1.65","1.50","1.53","-","0.08","1.50","10","1.51","10","0.00",
="032243","京元電富邦55購01","55,000","7","87,020","1.67","1.67","1.51","1.51","-","0.14","1.53","10","1.54","10","0.00",
="032244","宏達電富邦52購01","0","0","0","--","--","--","--"," ","0.00","3.39","30","3.44","10","0.00",
="032245","長榮富邦54購01","318,000","5","152,590","0.48","0.48","0.47","0.47","-","0.02","0.46","11","0.47","10","0.00",
="032246","裕民富邦54購01","20,000","1","19,000","0.95","0.95","0.95","0.95","-","0.06","0.94","10","0.95","10","0.00",
="032247","陽明富邦53購03","4,000","2","2,600","0.65","0.65","0.65","0.65","-","0.01","0.64","10","0.65","74","0.00",
="032248","晟銘電富邦55購01","0","0","0","--","--","--","--"," ","0.00","0.55","10","0.56","10","0.00",
="032249","奇鋐富邦54購04","725,000","32","431,790","0.65","0.67","0.53","0.53","+","0.01","0.54","10","0.55","10","0.00",
="03224U","聯發科元富51售03","0","0","0","--","--","--","--"," ","0.00","0.29","25","0.30","25","0.00",
="032250","奇鋐富邦55購03","239,000","8","147,800","0.65","0.65","0.58","0.58","-","0.02","0.54","10","0.55","10","0.00",
="032251","智原富邦52購01","990,000","53","1,191,700","1.08","1.33","1.05","1.20","+","0.16","1.17","30","1.18","10","0.00",
="032252","嘉澤富邦55購01","143,000","8","127,570","0.92","0.92","0.86","0.86","-","0.06","0.87","10","0.88","10","0.00",
="032253","神達富邦53購02","46,000","3","68,890","1.48","1.57","1.48","1.57","+","0.38","1.47","10","1.48","10","0.00",
="032254","臻鼎富邦54購02","78,000","10","145,890","1.88","1.88","1.75","1.75","-","0.07","1.69","10","1.71","10","0.00",
="032255","臻鼎富邦55購01","446,000","24","748,900","1.71","1.73","1.53","1.53","-","0.15","1.56","10","1.60","10","0.00",
="032256","達興富邦55購01","80,000","14","242,040","2.84","3.28","2.84","3.23","+","0.25","3.14","10","3.15","10","0.00",
="032257","精成科富邦54購01","616,000","40","795,370","1.46","1.46","1.19","1.20","-","0.23","1.19","10","1.20","10","0.00",
="032258","佳必琪富邦53購01","120,000","4","67,200","0.56","0.56","0.56","0.56"," ","0.00","0.56","10","0.57","10","0.00",
="032259","愛普富邦52購01","50,000","4","55,200","1.12","1.12","1.10","1.10","-","0.03","1.11","30","1.12","10","0.00",
="03225U","T50正2國票51售01","0","0","0","--","--","--","--"," ","0.00","0.47","25","0.49","10","0.00",
="032260","AES富邦55購04","299,000","1","116,610","0.39","0.39","0.39","0.39","-","0.01","0.37","210","0.38","10","0.00",
="032261","臺股指富邦62購01","134,000","9","375,670","2.79","2.90","2.78","2.90","+","0.22","2.90","499","2.91","100","0.00",
="032262","台灣50元大53購07","3,000","1","11,460","3.82","3.82","3.82","3.82","X","0.00","3.85","100","3.88","10","58.45",
="032263","台灣50元大54購05","1,000","1","3,820","3.82","3.82","3.82","3.82","+","0.30","4.04","100","4.11","10","58.45",
="032264","道瓊銀元大54購01","206,000","2","253,380","1.23","1.23","1.23","1.23","X","0.00","1.24","250","1.25","100","36.75",
="032265","台泥元大53購01","795,000","28","515,410","0.64","0.67","0.61","0.66","-","0.17","0.64","499","0.65","10","23.75",
="032266","台塑元大54購04","0","0","0","--","--","--","--"," ","0.00","1.00","499","1.01","10","38.60",
="032267","南亞元大53購02","2,000","2","3,230","1.57","1.66","1.57","1.66","+","0.21","1.34","499","1.36","10","39.80",
="032268","南亞元大54購03","0","0","0","--","--","--","--"," ","0.00","1.39","499","1.40","10","39.80",
="032269","華新元大53購01","47,000","3","63,080","1.35","1.35","1.34","1.34","-","0.02","1.26","499","1.28","10","24.05",
="03226U","香港2X國票4C售01","0","0","0","--","--","--","--"," ","0.00","0.24","25","0.25","10","0.00",
="032270","華新元大54購02","63,000","3","50,840","0.83","0.83","0.78","0.78","-","0.08","0.79","499","0.81","10","24.05",
="032271","億泰元大54購01","7,000","2","4,210","0.58","0.61","0.58","0.61","-","0.02","0.61","499","0.62","10","34.80",
="032272","光寶科元大54購04","10,000","1","23,800","2.38","2.38","2.38","2.38","+","0.18","2.43","300","--","0","183.00",
="032273","鴻海元大53購05","661,000","23","653,030","0.90","1.00","0.90","1.00","+","0.15","0.99","499","1.00","4","221.00",
="032274","鴻海元大54購14","105,000","8","107,250","0.97","1.05","0.97","1.04","X","0.00","1.03","499","1.04","10","221.00",
="032275","廣宇元大53購01","11,000","2","21,680","1.88","1.98","1.88","1.98","X","0.00","1.90","400","2.00","10","54.10",
="032276","台積電元大53購04","266,000","9","332,410","1.22","1.29","1.22","1.25","X","0.00","1.27","10","--","0","1,340.00",
="032277","台積電元大54購22","196,000","2","223,240","1.14","1.14","1.13","1.13","+","0.17","0.96","1","3.98","6","1,340.00",
="032278","智邦元大54購07","471,000","9","217,450","0.47","0.53","0.46","0.48","+","0.05","0.47","20","0.50","60","1,005.00",
="032279","鴻準元大53購01","300,000","7","380,660","1.28","1.28","1.23","1.23","-","0.01","1.21","499","1.22","10","70.70",
="03227U","金像電國票4C售04","0","0","0","--","--","--","--"," ","0.00","0.02","25","0.05","10","0.00",
="032280","鴻準元大54購04","386,000","9","495,680","1.29","1.30","1.23","1.23"," ","0.00","1.22","499","1.23","10","70.70",
="032281","所羅門元大53購01","306,000","14","247,880","0.83","0.85","0.78","0.78","-","0.03","0.79","499","0.80","10","144.50",
="032282","金像電元大53購03","693,000","23","1,185,160","1.75","1.78","1.65","1.68","+","0.07","1.65","450","1.67","10","455.00",
="032283","建準元大54購03","36,000","3","18,770","0.53","0.53","0.46","0.46","X","0.00","0.42","499","0.43","10","129.00",
="032284","京元電元大54購05","689,000","15","979,180","1.52","1.52","1.36","1.37","-","0.12","1.36","499","1.37","8","167.00",
="032285","聯發科元大54購08","583,000","24","614,140","1.08","1.08","1.02","1.02","-","0.14","1.00","25","1.02","5","1,375.00",
="032286","宏達電元大53購01","632,000","4","2,022,380","3.20","3.20","3.18","3.18","-","0.22","3.14","250","--","0","64.60",
="032287","台新金元大53購01","0","0","0","--","--","--","--"," ","0.00","1.05","499","1.08","10","17.65",
="032288","台新金元大53購02","10,000","1","9,000","0.90","0.90","0.90","0.90"," ","0.00","0.92","499","0.94","10","17.65",
="032289","台新金元大54購01","160,000","2","134,400","0.84","0.84","0.84","0.84"," ","0.00","0.86","499","0.88","10","17.65",
="03228U","台光電國票4C售06","0","0","0","--","--","--","--"," ","0.00","0.06","25","0.07","10","0.00",
="032290","奇鋐元大54購14","427,000","11","335,050","0.84","0.88","0.67","0.67"," ","0.00","0.67","499","0.70","10","1,015.00",
="032291","德律元大54購01","889,000","25","902,760","1.00","1.12","0.98","1.00","-","0.03","0.98","499","0.99","10","189.00",
="032292","欣興元大54購11","235,000","9","516,380","2.15","2.24","2.15","2.17","+","0.12","2.08","10","2.09","10","159.00",
="032293","健鼎元大53購02","411,000","15","392,240","0.98","1.00","0.92","0.98","+","0.01","0.97","499","0.98","10","309.50",
="032294","創意元大53購02","365,000","16","333,030","0.86","0.93","0.86","0.90","+","0.08","0.90","25","0.91","10","1,315.00",
="032295","創意元大54購02","724,000","11","600,780","0.78","0.84","0.78","0.82","+","0.03","0.81","55","0.82","10","1,315.00",
="032296","宏致元大54購01","91,000","6","48,440","0.56","0.56","0.50","0.50","-","0.05","0.50","499","0.51","10","73.30",
="032297","世芯元大54購14","1,060,000","16","456,780","0.45","0.45","0.40","0.41","-","0.03","0.39","5","--","0","3,700.00",
="032298","海華元大53購02","24,000","5","105,000","4.30","4.60","4.30","4.60","-","0.20","4.51","150","4.55","10","83.80",
="032299","上品元大53購02","199,000","5","285,250","1.39","1.45","1.38","1.45","+","0.02","1.40","499","1.42","10","308.00",
="03229U","精銳國票4C售05","0","0","0","--","--","--","--"," ","0.00","1.22","25","1.23","10","0.00",
="032300","上品元大53購03","57,000","3","109,880","1.93","1.93","1.86","1.86","+","0.06","1.87","400","1.90","10","308.00",
="032301","帆宣元大53購01","104,000","8","167,870","1.66","1.66","1.58","1.58","-","0.08","1.54","25","1.61","10","255.00",
="032302","聯茂元大54購01","540,000","13","652,140","1.18","1.24","1.13","1.13","-","0.04","1.11","25","1.13","10","111.50",
="032303","緯穎元大54購11","92,000","1","145,360","1.58","1.58","1.58","1.58","-","0.17","1.55","499","1.56","10","3,140.00",
="032304","羅昇元大53購01","160,000","6","200,900","1.28","1.28","1.25","1.25","-","0.08","1.11","499","1.12","10","99.50",
="032305","臺股指元大53購14","0","0","0","--","--","--","--"," ","0.00","2.54","100","2.56","10","0.00",
="032306","臺股指元大54購15","862,000","28","2,478,800","2.70","2.90","2.70","2.85","+","0.29","2.83","100","2.84","10","0.00",
="032307","臺股指元大55購04","4,000","2","14,500","3.61","3.64","3.61","3.64","+","0.32","3.74","499","3.75","10","0.00",
="032308","臺股指元大59購01","51,000","5","141,130","2.74","2.89","2.73","2.89","+","0.32","2.86","100","2.87","10","0.00",
="032309","台塑元富52購05","0","0","0","--","--","--","--"," ","0.00","1.11","25","1.12","25","38.60",
="03230U","精成科國票4B售02","0","0","0","--","--","--","--"," ","0.00","0.09","25","0.15","2","0.00",
="032310","台玻元富52購05","28,000","6","14,200","0.65","0.65","0.49","0.49","-","0.15","0.49","20","0.64","11","25.95",
="032311","京元電元富52購01","23,000","5","47,370","2.18","2.18","1.92","2.00","-","0.14","1.90","25","1.92","25","167.00",
="032312","宏達電元富58購02","1,000","1","8,800","8.80","8.80","8.80","8.80","-","0.20","8.75","25","8.80","25","64.60",
="032313","精成科元富52購04","49,000","4","78,010","1.77","1.77","1.51","1.51","-","0.38","1.51","25","1.54","25","125.50",
="032314","南亞永豐52購03","493,000","15","333,670","0.65","0.72","0.55","0.55","-","0.04","0.52","10","0.53","10","39.80",
="032315","台達電永豐54購02","94,000","6","334,030","3.81","3.81","3.39","3.48","-","0.18","3.45","10","3.55","10","893.00",
="032316","華通永豐52購03","0","0","0","--","--","--","--"," ","0.00","1.02","10","1.03","10","77.00",
="032317","台積電永豐52購07","104,000","5","122,120","1.16","1.18","1.16","1.18","X","0.00","1.03","10","--","0","1,340.00",
="032318","漢唐永豐52購04","0","0","0","--","--","--","--"," ","0.00","0.30","10","0.31","10","987.00",
="032319","聯鈞永豐53購02","424,000","36","1,360,170","2.92","3.40","2.87","3.28","+","0.42","3.28","1","3.80","1","278.00",
="03231U","勤誠國票4B售02","0","0","0","--","--","--","--"," ","0.00","0.02","25","0.05","10","0.00",
="032320","大銀永豐52購02","165,000","2","236,400","1.43","1.46","1.43","1.46","+","0.04","1.41","10","1.43","10","120.00",
="032321","臻鼎永豐52購03","583,000","22","1,060,230","2.05","2.05","1.69","1.74","-","0.21","1.73","10","1.82","10","171.50",
="032322","帆宣永豐52購03","76,000","3","69,400","0.85","0.93","0.85","0.93"," ","0.00","0.85","10","0.89","10","255.00",
="032323","保瑞永豐54購01","200,000","7","149,140","0.71","0.75","0.71","0.73","+","0.01","0.71","10","0.72","10","693.00",
="032324","緯穎永豐52購06","0","0","0","--","--","--","--"," ","0.00","3.86","499","3.87","10","3,140.00",
="032325","洋基永豐52購01","79,000","6","64,180","0.78","0.82","0.78","0.82","+","0.05","0.79","499","0.80","10","449.00",
="032326","洋基永豐54購01","112,000","9","83,590","0.74","0.75","0.74","0.75","+","0.08","0.72","10","0.73","10","449.00",
="032327","AES永豐52購01","100,000","1","57,000","0.57","0.57","0.57","0.57","+","0.03","0.51","10","0.52","10","1,195.00",
="032328","富世達永豐52購04","131,000","2","76,290","0.59","0.59","0.58","0.58","X","0.00","0.56","10","0.58","10","1,010.00",
="032329","T50正2中信58購02","195,000","25","227,040","1.13","1.23","1.11","1.20","+","0.13","1.19","105","1.20","50","0.00",
="03232U","川湖國泰4C售02","20,000","2","1,900","0.09","0.10","0.09","0.10","-","0.01","0.10","499","0.11","100","0.00",
="032330","南亞中信52購05","341,000","18","357,160","0.98","1.18","0.88","0.88","-","0.05","0.84","10","0.85","10","0.00",
="032331","台化中信52購03","0","0","0","--","--","--","--"," ","0.00","1.04","10","1.06","10","0.00",
="032332","台達電中信58購02","341,000","48","710,380","2.13","2.15","1.97","2.00","-","0.09","1.97","25","1.99","10","0.00",
="032333","華通中信52購01","13,000","1","21,710","1.67","1.67","1.67","1.67","-","0.10","1.42","10","1.52","10","0.00",
="032334","金像電中信58購01","13,000","3","9,060","0.70","0.70","0.68","0.68","+","0.01","0.68","10","0.69","10","0.00",
="032335","漢唐中信52購03","0","0","0","--","--","--","--"," ","0.00","0.59","10","0.60","10","0.00",
="032336","奇鋐中信52購03","1,719,000","13","608,000","0.44","0.44","0.30","0.31","+","0.01","0.30","10","0.31","8","0.00",
="032337","臻鼎中信52購01","1,000","1","870","0.87","0.87","0.87","0.87","-","0.16","0.76","499","0.77","10","0.00",
="032338","jpp中信53購01","189,000","17","432,810","2.35","2.38","2.22","2.23","-","0.07","2.26","10","2.28","10","0.00",
="032339","台玻國泰53購05","15,000","2","11,850","0.79","0.79","0.79","0.79","X","0.00","0.72","499","0.76","100","25.95",
="03233U","台積電富邦55售03","119,000","5","11,200","0.10","0.10","0.09","0.09","-","0.02","0.08","80","0.09","10","0.00",
="032340","金像電國泰53購02","26,000","2","43,680","1.68","1.68","1.68","1.68","X","0.00","1.62","499","1.63","100","455.00",
="032341","金像電國泰53購03","43,000","5","67,300","1.58","1.62","1.52","1.52","+","0.10","1.52","499","1.53","100","455.00",
="032342","臻鼎國泰53購02","246,000","9","454,820","1.89","1.89","1.73","1.73","-","0.08","1.65","499","1.67","499","171.50",
="032343","佳必琪國泰53購01","0","0","0","--","--","--","--"," ","0.00","0.89","499","0.90","499","160.00",
="032344","台玻兆豐54購02","5,000","1","2,600","0.52","0.52","0.52","0.52","X","0.00","0.52","10","0.61","10","25.95",
="032349","大亞統一4B購01","0","0","0","--","--","--","--"," ","0.00","--","0","--","0","39.85",
="03234U","中興電群益4C售02","0","0","0","--","--","--","--"," ","0.00","0.61","100","0.62","100","0.00",
="032350","川湖兆豐54購01","12,000","1","12,960","1.08","1.08","1.08","1.08","X","0.00","1.03","10","1.06","10","3,220.00",
="032351","台達電兆豐54購01","150,000","19","574,920","3.85","3.88","3.56","3.56","-","0.16","3.58","8","3.60","10","893.00",
="032352","台積電兆豐55購02","40,000","4","54,280","1.29","1.38","1.29","1.38","+","0.24","0.37","27","--","0","1,340.00",
="032353","華碩兆豐54購01","174,000","10","169,310","0.97","1.02","0.96","0.98"," ","0.00","1.00","10","1.02","10","684.00",
="032354","大同兆豐53購01","0","0","0","--","--","--","--"," ","0.00","0.75","10","0.77","10","39.85",
="032355","奇鋐兆豐53購03","3,000","1","2,100","0.70","0.70","0.70","0.70","X","0.00","0.60","10","0.61","10","1,015.00",
="032356","緯創兆豐58購01","890,000","31","1,148,580","1.26","1.33","1.23","1.23","+","0.03","1.22","15","1.23","10","122.50",
="032357","臻鼎兆豐58購01","1,022,000","30","1,654,180","1.72","1.73","1.51","1.57","-","0.10","1.57","30","1.58","10","171.50",
="032358","達興兆豐54購01","0","0","0","--","--","--","--"," ","0.00","3.29","10","--","0","399.00",
="032359","洋基兆豐54購01","0","0","0","--","--","--","--"," ","0.00","0.50","10","0.51","10","449.00",
="03235U","聯電群益4B售02","2,000","1","1,660","0.83","0.83","0.83","0.83","-","0.18","0.23","43","--","0","0.00",
="032361","台灣50富邦58購01","0","0","0","--","--","--","--"," ","0.00","1.90","10","1.92","10","0.00",
="032362","元石油富邦52購01","0","0","0","--","--","--","--"," ","0.00","0.36","10","0.37","10","0.00",
="032363","長榮航統一55購01","370,000","2","103,600","0.28","0.28","0.28","0.28"," ","0.00","0.28","60","0.29","10","38.85",
="032364","台玻富邦54購01","307,000","22","224,540","0.78","0.78","0.68","0.68","-","0.08","0.67","31","0.68","9","0.00",
="032365","台達電富邦54購02","37,000","13","945,800","25.80","26.10","24.60","24.60","-","0.90","24.60","30","24.70","10","0.00",
="032366","台積電富邦52購08","0","0","0","--","--","--","--"," ","0.00","15.10","30","15.20","10","0.00",
="032367","大同富邦53購01","107,000","5","74,470","0.70","0.74","0.69","0.74","+","0.02","0.73","10","0.74","6","0.00",
="032368","台光電富邦53購04","248,000","21","294,440","1.07","1.29","1.06","1.16","X","0.00","1.16","10","1.18","10","0.00",
="03236U","鴻海群益4B售09","0","0","0","--","--","--","--"," ","0.00","0.01","100","0.05","100","0.00",
="032370","聯發科富邦52購04","29,000","3","291,000","10.20","10.20","9.90","9.90","X","0.00","9.60","30","9.75","10","0.00",
="032371","漢翔富邦53購01","69,000","5","151,750","2.31","2.31","2.19","2.24","-","0.38","2.21","10","2.24","10","0.00",
="032374","辛耘富邦53購01","107,000","7","107,310","0.93","1.02","0.93","0.96","+","0.18","0.92","30","0.93","10","0.00",
="032375","富世達富邦55購02","451,000","17","361,210","0.77","0.85","0.77","0.80","+","0.03","0.80","10","0.81","10","0.00",
="032377","臺股指富邦52購15","1,000","1","2,880","2.88","2.88","2.88","2.88","X","0.00","2.90","499","2.91","100","0.00",
="032378","臺股指富邦54購08","0","0","0","--","--","--","--"," ","0.00","2.99","499","3.00","100","0.00",
="032379","臺股指富邦5B購01","46,000","7","121,730","2.48","2.70","2.48","2.70","+","0.41","2.60","499","2.61","100","0.00",
="03237U","一詮群益4B售03","25,000","3","26,250","1.05","1.05","1.05","1.05"," ","0.00","1.05","25","1.06","10","0.00",
="032380","南亞凱基54購01","48,000","3","109,900","2.32","2.32","2.27","2.27","+","0.21","1.92","100","2.02","10","39.80",
="032381","台玻凱基53購05","0","0","0","--","--","--","--"," ","0.00","1.49","10","1.50","10","25.95",
="032382","台玻凱基53購06","269,000","12","287,130","1.21","1.27","1.01","1.04","-","0.20","1.03","10","1.04","10","25.95",
="032383","光寶科凱基53購01","100,000","3","357,000","3.43","3.63","3.43","3.56","+","0.85","3.53","100","3.63","10","183.00",
="032384","台達電凱基53購03","65,000","20","470,900","7.45","7.45","7.00","7.00","-","0.30","6.70","50","7.20","10","893.00",
="032385","鴻海凱基64購05","10,000","1","26,600","2.66","2.66","2.66","2.66","X","0.00","2.65","499","2.66","499","221.00",
="032386","廣宇凱基53購01","0","0","0","--","--","--","--"," ","0.00","1.83","100","1.93","10","54.10",
="032388","台積電凱基5B購06","0","0","0","--","--","--","--"," ","0.00","2.70","100","2.80","10","1,340.00",
="032389","鴻準凱基53購04","11,000","1","28,820","2.62","2.62","2.62","2.62","X","0.00","2.48","10","2.49","10","70.70",
="03238U","陽明群益4B售04","0","0","0","--","--","--","--"," ","0.00","2.08","100","2.13","100","0.00",
="032390","所羅門凱基53購01","37,000","5","57,890","1.65","1.65","1.55","1.55","-","0.08","1.57","10","1.59","10","144.50",
="032391","金像電凱基53購04","18,000","1","35,460","1.97","1.97","1.97","1.97","+","0.19","1.85","100","1.95","10","455.00",
="032392","台光電凱基54購06","17,000","3","26,030","1.45","1.75","1.45","1.75","+","0.36","1.63","100","1.65","10","1,345.00",
="032393","建準凱基53購02","344,000","18","444,340","1.38","1.41","1.17","1.17","-","0.11","1.14","100","1.16","10","129.00",
="032394","京元電凱基56購01","24,000","7","65,550","2.93","2.93","2.65","2.66","-","0.31","2.65","100","2.72","10","167.00",
="032395","聯發科凱基56購03","13,000","4","15,280","1.21","1.21","1.14","1.14","-","0.13","1.11","100","1.12","10","1,375.00",
="032396","宏達電凱基53購02","0","0","0","--","--","--","--"," ","0.00","10.50","10","10.60","10","64.60",
="032397","奇鋐凱基53購09","296,000","18","146,250","0.57","0.57","0.43","0.44"," ","0.00","0.43","106","0.46","10","1,015.00",
="032398","亞光凱基53購03","60,000","8","57,700","1.00","1.00","0.92","0.92","-","0.13","0.91","499","0.93","30","161.50",
="032399","緯創凱基53購02","0","0","0","--","--","--","--"," ","0.00","1.01","100","1.11","10","122.50",
="03239U","國泰金群益4B售04","0","0","0","--","--","--","--"," ","0.00","0.13","100","0.14","100","0.00",
="032400","臻鼎凱基53購04","94,000","10","132,860","1.47","1.51","1.26","1.27","-","0.19","1.27","100","1.32","10","171.50",
="032401","臻鼎凱基55購01","142,000","7","302,220","2.22","2.22","1.98","1.99","-","0.18","2.00","100","2.02","10","171.50",
="032402","帆宣凱基53購01","55,000","3","149,270","2.72","2.75","2.66","2.75","+","0.06","2.64","100","2.72","10","255.00",
="032403","佳必琪凱基53購01","10,000","1","7,100","0.71","0.71","0.71","0.71","-","0.02","0.70","100","0.71","10","160.00",
="032404","聯茂凱基53購02","26,000","5","37,500","1.39","1.46","1.39","1.39","+","0.01","1.32","100","1.33","10","111.50",
="032405","迅得凱基53購02","33,000","6","28,680","0.88","0.88","0.80","0.80","-","0.04","0.77","100","0.78","10","176.00",
="032406","緯穎凱基54購09","0","0","0","--","--","--","--"," ","0.00","1.71","100","1.72","10","3,140.00",
="032407","洋基凱基53購02","0","0","0","--","--","--","--"," ","0.00","0.68","10","0.69","10","449.00",
="032408","AES凱基53購02","24,000","2","24,480","1.02","1.02","1.02","1.02","X","0.00","1.01","100","1.02","10","1,195.00",
="032409","臺股指凱基54購13","0","0","0","--","--","--","--"," ","0.00","3.23","100","3.24","10","0.00",
="03240U","中信金群益55售01","0","0","0","--","--","--","--"," ","0.00","0.34","29","--","0","0.00",
="032410","臺指反群益58購01","460,000","5","147,700","0.33","0.33","0.32","0.32","-","0.02","0.31","25","0.33","10","2.96",
="032411","臺指反群益58購02","50,000","1","11,500","0.23","0.23","0.23","0.23","-","0.01","0.22","25","0.23","10","2.96",
="032412","南亞群益52購02","141,000","6","178,640","1.41","1.46","1.22","1.22","-","0.01","0.52","19","--","0","39.80",
="032413","台化群益52購02","0","0","0","--","--","--","--"," ","0.00","1.17","25","1.19","10","28.95",
="032414","華城群益52購03","0","0","0","--","--","--","--"," ","0.00","--","0","--","0","586.00",
="032415","台玻群益53購07","72,000","6","46,000","0.75","0.75","0.60","0.60","-","0.04","0.60","100","0.63","100","25.95",
="032416","大成鋼群益52購05","0","0","0","--","--","--","--"," ","0.00","0.78","10","0.88","10","37.90",
="032417","宇隆群益53購01","33,000","4","48,960","1.49","1.50","1.38","1.38","-","0.26","1.27","10","1.37","10","217.00",
="032418","台達電群益53購03","175,000","38","1,085,100","6.50","6.60","5.85","6.00","-","0.35","2.04","9","--","0","893.00",
="032419","漢唐群益53購04","127,000","2","78,740","0.62","0.62","0.62","0.62","X","0.00","0.13","30","--","0","987.00",
="03241U","亞光群益51售02","0","0","0","--","--","--","--"," ","0.00","0.25","100","0.26","100","0.00",
="032420","全新群益52購03","156,000","2","149,760","0.96","0.96","0.96","0.96","-","0.22","0.37","27","--","0","160.00",
="032421","奇鋐群益54購13","105,000","4","71,060","0.72","0.72","0.64","0.64","+","0.03","0.19","52","0.80","10","1,015.00",
="032422","景碩群益56購01","158,000","6","149,480","1.04","1.04","0.90","0.90","-","0.04","0.42","23","--","0","111.50",
="032423","昇貿群益52購02","0","0","0","--","--","--","--"," ","0.00","1.67","11","3.16","10","114.00",
="032424","創意群益52購03","55,000","6","172,650","3.08","3.18","3.08","3.13","+","0.18","3.10","60","3.13","10","1,315.00",
="032425","TPK群益53購01","54,000","3","67,860","1.26","1.26","1.17","1.26","-","0.03","1.22","25","1.26","2","39.30",
="032426","海華群益53購02","34,000","4","30,110","0.88","0.94","0.88","0.94","X","0.00","0.96","10","1.06","10","83.80",
="032427","臻鼎群益53購05","205,000","10","243,410","1.35","1.35","1.12","1.17","-","0.14","1.17","10","1.27","10","171.50",
="032428","精成科群益52購05","5,000","1","8,050","1.61","1.61","1.61","1.61","-","0.27","1.50","499","1.60","10","125.50",
="032429","保瑞群益52購02","0","0","0","--","--","--","--"," ","0.00","0.77","10","0.87","10","693.00",
="03242U","聯詠群益4B售01","11,000","2","6,050","0.55","0.55","0.55","0.55","-","0.11","0.55","10","0.65","10","0.00",
="032430","穎崴群益52購08","69,000","8","739,600","10.60","11.00","10.40","10.50","+","0.20","10.40","10","11.40","10","2,015.00",
="032431","緯穎群益54購06","0","0","0","--","--","--","--"," ","0.00","0.26","38","--","0","3,140.00",
="032432","緯穎群益54購07","200,000","1","132,000","0.66","0.66","0.66","0.66","X","0.00","0.23","30","--","0","3,140.00",
="032433","緯穎群益58購01","0","0","0","--","--","--","--"," ","0.00","0.64","20","--","0","3,140.00",
="032434","臺股指群益52購11","202,000","2","529,560","2.62","2.78","2.62","2.78","+","0.23","2.76","499","2.86","10","0.00",
="032435","臺股指群益52購12","0","0","0","--","--","--","--"," ","0.00","3.16","499","3.17","499","0.00",
="032436","臺股指群益52購13","0","0","0","--","--","--","--"," ","0.00","2.60","499","2.61","499","0.00",
="032437","臺股指群益52購14","2,000","1","7,520","3.76","3.76","3.76","3.76","X","0.00","3.64","499","3.65","499","0.00",
="032438","臺股指群益52購15","0","0","0","--","--","--","--"," ","0.00","3.59","499","3.60","499","0.00",
="032439","光寶科台新52購01","56,000","9","975,500","17.60","18.80","16.30","18.10","+","1.50","17.00","10","17.50","10","0.00",
="03243U","華城永豐4B售03","0","0","0","--","--","--","--"," ","0.00","0.12","10","0.13","10","0.00",
="032440","世紀鋼台新52購01","0","0","0","--","--","--","--"," ","0.00","0.73","20","0.74","10","0.00",
="032441","高股息元大53購01","0","0","0","--","--","--","--"," ","0.00","1.50","499","1.51","10","36.94",
="032442","FBNQ2X元大54購01","7,000","3","18,220","2.62","2.62","2.60","2.60","+","0.09","2.60","250","2.61","100","159.20",
="032443","SP黃豆元大53購01","20,000","1","18,800","0.94","0.94","0.94","0.94","X","0.00","0.93","250","0.94","100","19.68",
="032444","南亞元大53購03","0","0","0","--","--","--","--"," ","0.00","1.43","499","1.45","10","39.80",
="032445","南亞元大54購04","115,000","1","154,100","1.34","1.34","1.34","1.34","X","0.00","1.22","499","1.24","10","39.80",
="032446","台化元大54購01","0","0","0","--","--","--","--"," ","0.00","1.29","499","1.31","10","28.95",
="032447","台玻元大53購01","96,000","5","145,690","1.55","1.55","1.48","1.48","-","0.02","1.36","499","1.37","10","25.95",
="032448","台玻元大54購04","152,000","7","207,420","1.37","1.41","1.33","1.33","-","0.04","1.23","499","1.24","10","25.95",
="032449","中鋼元大53購01","0","0","0","--","--","--","--"," ","0.00","0.73","499","0.75","10","19.45",
="03244U","鴻海永豐4B售11","0","0","0","--","--","--","--"," ","0.00","--","0","0.03","10","0.00",
="032450","中鴻元大53購01","250,000","1","182,500","0.73","0.73","0.73","0.73","-","0.02","0.71","499","0.72","10","15.90",
="032453","高力凱基51購01","55,000","4","3,400","0.06","0.07","0.06","0.07","+","0.02","0.05","200","0.14","99","331.50",
="032454","高力凱基51購02","0","0","0","--","--","--","--"," ","0.00","0.09","100","0.19","4","331.50",
="032455","楠梓電元大54購02","232,000","23","915,550","4.21","4.22","3.45","3.45","-","1.25","3.35","2","--","0","103.50",
="032456","鴻海元大54購15","158,000","1","178,540","1.13","1.13","1.13","1.13","+","0.11","1.16","499","1.17","10","221.00",
="032457","台積電元大53購05","31,000","3","41,200","1.30","1.33","1.30","1.33","+","0.25","0.13","76","--","0","1,340.00",
="032458","台積電元大54購23","0","0","0","--","--","--","--"," ","0.00","0.12","83","--","0","1,340.00",
="032459","矽統元大53購01","32,000","6","49,640","1.54","1.57","1.54","1.55","-","0.17","1.50","450","1.51","10","58.60",
="03245U","世芯永豐4B售11","0","0","0","--","--","--","--"," ","0.00","0.33","10","0.34","10","0.00",
="032461","金像電元大53購04","1,329,000","35","2,026,550","1.54","1.55","1.46","1.48","+","0.06","1.46","509","1.48","10","455.00",
="032462","毅嘉元大54購01","286,000","6","271,180","0.98","0.98","0.93","0.95","-","0.05","0.93","499","0.94","10","53.50",
="032463","建準元大54購04","418,000","14","286,470","0.72","0.73","0.67","0.67","+","0.03","0.60","500","0.61","10","129.00",
="032464","京元電元大53購02","186,000","17","248,120","1.46","1.46","1.29","1.30","-","0.12","1.29","499","1.30","5","167.00",
="032465","京元電元大54購06","1,868,000","35","2,486,630","1.45","1.45","1.29","1.31","-","0.11","1.29","499","1.30","10","167.00",
="032466","聯發科元大54購09","0","0","0","--","--","--","--"," ","0.00","1.01","25","1.03","10","1,375.00",
="032467","盟立元大53購01","0","0","0","--","--","--","--"," ","0.00","2.18","25","2.22","10","72.30",
="032468","宏達電元大54購03","0","0","0","--","--","--","--"," ","0.00","3.46","200","3.50","10","64.60",
="032469","奇鋐元大54購15","1,821,000","40","681,220","0.42","0.42","0.33","0.33","-","0.01","0.33","108","0.34","10","1,015.00",
="03246U","昇陽半永豐51售01","10,000","2","2,300","0.22","0.24","0.22","0.24","-","0.01","0.24","10","0.25","10","0.00",
="032470","德律元大54購02","299,000","7","342,310","1.14","1.25","1.11","1.14","-","0.01","1.10","499","1.12","10","189.00",
="032471","華晶科元大53購01","1,000","1","5,750","5.75","5.75","5.75","5.75","-","0.25","5.65","150","5.70","10","52.80",
="032472","華晶科元大53購02","17,000","6","72,180","4.33","4.43","4.16","4.23","-","0.31","4.16","150","4.18","10","52.80",
="032473","創意元大53購03","742,000","10","673,320","0.89","0.93","0.89","0.90","+","0.09","0.89","25","0.90","10","1,315.00",
="032474","創意元大54購03","1,124,000","27","968,760","0.83","0.87","0.83","0.87","+","0.05","0.85","25","0.87","3","1,315.00",
="032475","智易元大53購01","40,000","1","25,600","0.64","0.64","0.64","0.64","X","0.00","0.61","499","0.63","10","223.00",
="032476","祥碩元大54購03","81,000","4","28,550","0.35","0.37","0.35","0.35"," ","0.00","0.35","45","0.36","10","1,525.00",
="032477","佳必琪元大53購01","1,034,000","8","463,300","0.45","0.45","0.44","0.44","-","0.01","0.44","499","0.45","10","160.00",
="032478","佳必琪元大53購02","268,000","2","160,700","0.60","0.60","0.59","0.59","-","0.01","0.59","499","0.60","10","160.00",
="032479","啟碁元大53購02","1,000","1","470","0.47","0.47","0.47","0.47","+","0.01","0.45","499","0.47","10","121.00",
="03247U","勤誠永豐4B售01","0","0","0","--","--","--","--"," ","0.00","--","0","0.03","10","0.00",
="032480","啟碁元大53購03","345,000","6","183,420","0.53","0.55","0.53","0.54","+","0.01","0.53","499","0.55","10","121.00",
="032481","矽力元大53購01","0","0","0","--","--","--","--"," ","0.00","0.74","499","0.75","10","273.00",
="032482","矽力元大53購02","107,000","3","95,480","0.94","0.94","0.89","0.89","-","0.03","0.88","25","0.89","10","273.00",
="032483","保瑞元大53購02","1,100,000","16","941,630","0.85","0.87","0.82","0.85","+","0.03","0.83","25","0.85","10","693.00",
="032484","保瑞元大53購03","0","0","0","--","--","--","--"," ","0.00","0.28","25","0.29","10","693.00",
="032485","緯穎元大54購12","349,000","9","193,910","0.57","0.57","0.54","0.55","-","0.02","0.54","499","0.55","10","3,140.00",
="032486","洋基元大53購03","548,000","11","316,860","0.56","0.60","0.56","0.60","+","0.04","0.57","499","0.58","10","449.00",
="032487","龍德船元大53購01","0","0","0","--","--","--","--"," ","0.00","3.65","200","--","0","151.50",
="032488","富世達元大54購08","1,412,000","22","810,800","0.55","0.66","0.55","0.58","+","0.03","0.57","499","0.59","10","1,010.00",
="032489","菱光元大53購01","85,000","5","152,060","1.70","1.81","1.70","1.81","X","0.00","1.70","499","1.72","10","60.90",
="03248U","士電凱基4B售04","0","0","0","--","--","--","--"," ","0.00","0.65","100","0.66","10","0.00",
="032490","和碩中信52購01","82,000","8","67,840","0.80","0.85","0.80","0.81","+","0.05","0.77","499","0.78","10","0.00",
="032491","華通永豐53購02","14,000","1","14,420","1.03","1.03","1.03","1.03","-","0.01","0.96","499","0.97","10","77.00",
="032492","鴻海永豐52購09","629,000","29","663,680","0.96","1.10","0.96","1.08","+","0.17","1.06","10","1.09","10","221.00",
="032493","鴻海永豐54購03","108,000","5","165,060","1.47","1.53","1.47","1.53","+","0.17","1.54","10","1.55","10","221.00",
="032494","燿華永豐53購01","0","0","0","--","--","--","--"," ","0.00","0.50","10","0.51","10","27.50",
="032495","強茂永豐53購01","35,000","2","67,200","1.92","1.92","1.92","1.92","-","0.10","1.92","5","1.95","10","71.70",
="032496","宏達電永豐53購03","1,342,000","27","3,553,100","2.72","2.72","2.59","2.59","-","0.01","2.57","10","2.67","10","64.60",
="032497","亞光永豐53購04","29,000","1","22,330","0.77","0.77","0.77","0.77","-","0.04","0.74","10","0.75","10","161.50",
="032498","世芯永豐52購10","0","0","0","--","--","--","--"," ","0.00","0.71","499","0.72","10","3,700.00",
="032499","世芯永豐54購05","14,000","2","14,520","1.04","1.04","1.03","1.03","-","0.08","0.91","499","0.92","10","3,700.00",
="03249U","致茂凱基4B售01","0","0","0","--","--","--","--"," ","0.00","0.01","10","0.03","30","0.00",
="032500","亞翔永豐54購02","0","0","0","--","--","--","--"," ","0.00","1.93","10","1.94","10","358.50",
="032501","穎崴永豐53購03","0","0","0","--","--","--","--"," ","0.00","4.33","499","4.42","10","2,015.00",
="032502","富世達永豐53購06","639,000","15","222,420","0.32","0.40","0.32","0.39","+","0.09","0.34","10","0.35","10","1,010.00",
="032503","南亞國泰53購03","31,000","2","51,490","1.69","1.69","1.66","1.66","+","0.12","1.46","499","1.47","100","39.80",
="032504","華通國泰53購02","71,000","8","92,820","1.42","1.42","1.21","1.21","-","0.17","1.21","499","1.22","100","77.00",
="032505","智邦國泰53購05","0","0","0","--","--","--","--"," ","0.00","1.24","499","1.27","499","1,005.00",
="032506","京鼎國泰53購01","85,000","4","137,310","1.38","1.62","1.38","1.61","+","0.18","1.47","499","1.49","100","306.00",
="032507","鈺邦國泰53購02","0","0","0","--","--","--","--"," ","0.00","4.92","499","4.98","10","198.50",
="032508","緯穎國泰53購03","11,000","2","13,410","1.20","1.27","1.20","1.27","+","0.01","1.24","10","1.25","10","3,140.00",
="032509","緯穎國泰53購04","35,000","2","36,050","1.03","1.03","1.03","1.03","-","0.08","0.36","27","--","0","3,140.00",
="03250U","志聖凱基4C售01","0","0","0","--","--","--","--"," ","0.00","0.21","10","0.31","10","0.00",
="032510","洋基國泰53購01","87,000","3","116,550","1.30","1.35","1.30","1.35","+","0.09","1.34","499","1.36","100","449.00",
="032511","世芯元富58購03","305,000","5","240,990","0.87","0.87","0.77","0.77","-","0.15","0.78","25","0.79","25","3,700.00",
="032512","佳必琪元富52購03","23,000","1","16,560","0.72","0.72","0.72","0.72","-","0.01","0.71","25","0.72","25","160.00",
="032513","富世達元富52購02","51,000","1","40,290","0.79","0.79","0.79","0.79","X","0.00","0.76","25","0.78","25","1,010.00",
="032514","漢唐第一55購01","34,000","2","158,780","4.67","4.67","4.67","4.67","+","0.06","1.51","30","--","0","0.00",
="032515","堤維西凱基53購01","42,000","7","51,650","1.23","1.23","1.22","1.23","-","0.04","1.23","10","1.24","10","43.00",
="032516","台玻凱基55購01","70,000","1","80,500","1.15","1.15","1.15","1.15","-","0.05","1.14","100","1.15","10","25.95",
="032517","宇隆凱基53購02","21,000","2","24,130","1.06","1.23","1.06","1.23","-","0.01","1.01","100","1.03","10","217.00",
="032518","華通凱基55購01","153,000","12","123,230","0.87","0.87","0.75","0.75","-","0.12","0.74","101","0.75","10","77.00",
="032519","鴻海凱基53購11","3,000","2","4,190","1.38","1.43","1.38","1.43","+","0.16","1.44","499","1.45","499","221.00",
="03251U","中信金凱基4C售01","0","0","0","--","--","--","--"," ","0.00","0.50","100","0.60","10","0.00",
="032520","鴻海凱基55購04","10,000","1","17,400","1.74","1.74","1.74","1.74","+","0.22","1.76","499","--","0","221.00",
="032521","毅嘉凱基53購02","0","0","0","--","--","--","--"," ","0.00","1.77","10","1.78","10","53.50",
="032522","漢唐凱基54購02","236,000","11","94,330","0.43","0.43","0.35","0.40","-","0.02","0.41","10","0.51","10","987.00",
="032523","亞光凱基53購04","1,000","1","1,180","1.18","1.18","1.18","1.18","X","0.00","1.12","499","1.13","30","161.50",
="032524","德律凱基54購02","167,000","5","177,210","1.07","1.07","1.03","1.03","-","0.10","1.00","100","1.03","10","189.00",
="032525","欣興凱基58購01","83,000","8","217,960","2.72","2.72","2.62","2.62","+","0.12","2.52","100","2.58","10","159.00",
="032526","華晶科凱基53購02","0","0","0","--","--","--","--"," ","0.00","3.15","100","3.17","10","52.80",
="032527","新日興凱基53購04","59,000","4","86,710","1.54","1.54","1.37","1.37","-","0.18","1.39","10","1.49","10","237.00",
="032528","創意凱基54購01","397,000","9","463,080","1.12","1.18","1.12","1.17","+","0.12","1.16","100","1.17","10","1,315.00",
="032529","世芯凱基54購08","0","0","0","--","--","--","--"," ","0.00","0.42","100","0.43","40","3,700.00",
="03252U","台積電元大4B售34","675,000","15","73,300","0.12","0.12","0.10","0.10","-","0.04","0.10","15","0.29","15","0.00",
="032530","臻鼎凱基53購05","284,000","9","424,030","1.57","1.57","1.41","1.44","-","0.15","0.77","64","--","0","171.50",
="032531","達興凱基53購03","38,000","9","184,310","4.75","4.99","4.63","4.94","+","0.43","5.30","10","5.40","10","399.00",
="032532","祥碩凱基53購01","30,000","2","14,700","0.49","0.49","0.49","0.49"," ","0.00","0.48","100","0.50","10","1,525.00",
="032533","精成科凱基53購02","0","0","0","--","--","--","--"," ","0.00","1.77","100","1.79","10","125.50",
="032534","啟碁凱基53購01","0","0","0","--","--","--","--"," ","0.00","0.76","100","--","0","121.00",
="032535","矽力凱基53購02","21,000","4","20,120","0.99","1.02","0.94","0.94","-","0.01","0.91","100","1.01","10","273.00",
="032536","穎崴凱基53購03","0","0","0","--","--","--","--"," ","0.00","6.30","50","--","0","2,015.00",
="032537","洋基凱基53購03","94,000","7","114,910","1.22","1.26","1.19","1.26","+","0.12","1.21","100","1.22","10","449.00",
="032538","龍德船凱基53購01","4,000","1","12,240","3.06","3.06","3.06","3.06","X","0.00","3.00","100","3.10","10","151.50",
="032539","富世達凱基54購05","0","0","0","--","--","--","--"," ","0.00","1.09","100","--","0","1,010.00",
="03253U","台光電元大4B售15","0","0","0","--","--","--","--"," ","0.00","0.03","499","0.13","10","0.00",
="032540","昇陽半凱基53購01","0","0","0","--","--","--","--"," ","0.00","2.61","100","2.71","10","179.50",
="032541","臺股指凱基53購18","0","0","0","--","--","--","--"," ","0.00","3.84","100","3.85","10","0.00",
="032542","臺股指凱基5A購02","63,000","2","170,020","2.66","2.70","2.66","2.70","+","0.46","2.74","100","2.75","10","0.00",
="032543","華通兆豐53購02","0","0","0","--","--","--","--"," ","0.00","1.05","10","1.06","10","77.00",
="032544","亞光富邦53購03","0","0","0","--","--","--","--"," ","0.00","0.55","10","0.56","10","0.00",
="032545","健鼎富邦52購01","130,000","3","59,100","0.46","0.46","0.44","0.44","-","0.02","0.45","30","0.46","10","0.00",
="032546","帆宣富邦52購02","262,000","12","250,360","0.98","0.98","0.93","0.97","-","0.02","0.93","30","0.94","10","0.00",
="032547","富世達富邦54購02","472,000","16","379,660","0.79","0.86","0.79","0.86","+","0.15","0.79","10","0.80","10","0.00",
="032548","富世達富邦55購03","824,000","22","562,170","0.64","0.74","0.64","0.67","+","0.08","0.67","10","0.69","10","0.00",
="032549","昇陽半富邦53購02","327,000","27","450,840","1.38","1.42","1.28","1.28","-","0.07","1.27","10","1.28","10","0.00",
="03254U","臺股指元大4B售42","0","0","0","--","--","--","--"," ","0.00","0.01","499","0.06","10","0.00",
="032550","南電富邦52購03","0","0","0","--","--","--","--"," ","0.00","2.76","30","2.82","10","0.00",
="032551","世紀鋼富邦52購02","0","0","0","--","--","--","--"," ","0.00","0.39","10","0.40","10","0.00",
="032552","華通台新52購01","3,000","1","18,600","6.20","6.20","6.20","6.20","-","1.25","6.20","10","6.25","10","0.00",
="032553","德律台新52購01","5,000","1","6,400","1.28","1.28","1.28","1.28","+","0.05","1.15","10","1.17","10","0.00",
="032554","緯穎台新52購01","0","0","0","--","--","--","--"," ","0.00","1.17","20","1.18","10","0.00",
="032555","道瓊銅國票58購01","0","0","0","--","--","--","--"," ","0.00","1.34","25","1.35","10","25.59",
="032556","南亞國票53購07","1,000","1","1,540","1.54","1.54","1.54","1.54","X","0.00","1.25","25","1.26","10","39.80",
="032557","和大國票53購02","0","0","0","--","--","--","--"," ","0.00","2.07","25","2.09","10","65.30",
="032558","台玻國票53購05","452,000","5","354,850","0.88","0.93","0.77","0.77","-","0.05","0.75","25","0.76","10","25.95",
="032559","允強國票53購01","0","0","0","--","--","--","--"," ","0.00","0.69","25","0.70","10","19.75",
="03255U","臺股指元大4B售43","0","0","0","--","--","--","--"," ","0.00","0.03","100","0.13","10","0.00",
="032560","川湖國票53購04","0","0","0","--","--","--","--"," ","0.00","1.94","25","1.95","10","3,220.00",
="032561","為升國票53購01","0","0","0","--","--","--","--"," ","0.00","4.57","25","4.67","10","130.00",
="032562","華通國票53購02","0","0","0","--","--","--","--"," ","0.00","0.98","25","0.99","10","77.00",
="032563","楠梓電國票54購01","58,000","12","146,340","2.59","2.59","2.37","2.37","-","0.29","2.09","25","2.15","10","103.50",
="032564","鴻海國票59購02","57,000","6","135,920","2.34","2.42","2.34","2.42","+","0.11","2.43","25","2.45","10","221.00",
="032565","光罩國票53購01","42,000","6","58,510","1.37","1.44","1.37","1.44","-","0.21","1.40","25","1.41","10","41.20",
="032566","智邦國票5A購01","16,000","4","18,020","1.08","1.15","1.08","1.15","+","0.08","1.10","25","1.13","10","1,005.00",
="032567","台光電國票56購01","219,000","8","340,670","1.45","1.65","1.45","1.53","X","0.00","1.54","25","1.55","10","1,345.00",
="032568","漢唐國票5A購01","0","0","0","--","--","--","--"," ","0.00","0.77","25","0.78","10","987.00",
="032569","聯發科國票52購02","91,000","10","92,310","1.07","1.07","0.96","0.96","-","0.11","0.96","5","0.97","10","1,375.00",
="03256U","臺股指元大4B售44","0","0","0","--","--","--","--"," ","0.00","0.06","100","0.11","10","0.00",
="032570","聯發科國票55購01","1,000","1","770","0.77","0.77","0.77","0.77","X","0.00","0.75","25","0.76","10","1,375.00",
="032571","志聖國票54購01","28,000","8","75,090","2.40","2.82","2.40","2.49","X","0.00","2.48","25","2.49","10","197.00",
="032572","新興國票53購01","0","0","0","--","--","--","--"," ","0.00","0.75","25","0.76","10","22.60",
="032573","神基國票58購01","76,000","5","202,500","2.65","2.67","2.63","2.67","-","0.08","2.65","25","2.67","10","163.50",
="032574","德律國票54購01","9,000","4","16,710","1.79","1.92","1.79","1.83","+","0.09","1.70","25","1.72","10","189.00",
="032575","健策國票58購01","1,000","1","5,650","5.65","5.65","5.65","5.65","+","0.45","5.45","25","5.50","10","2,355.00",
="032576","樺漢國票53購01","0","0","0","--","--","--","--"," ","0.00","1.23","25","1.25","10","299.00",
="032577","訊芯國票53購03","159,000","7","160,060","1.04","1.07","0.96","0.96","+","0.02","0.94","25","0.95","10","164.50",
="032578","晶心科國票53購02","68,000","9","155,120","2.34","2.35","2.24","2.24","+","0.18","2.23","25","2.24","10","325.50",
="032579","晶心科國票5B購01","18,000","4","45,780","2.56","2.56","2.51","2.51","+","0.19","2.47","25","2.48","10","325.50",
="03257U","T50正2中信54售02","100,000","1","64,000","0.64","0.64","0.64","0.64","X","0.00","0.63","499","0.65","100","0.00",
="032580","緯穎國票53購02","3,000","1","3,420","1.14","1.14","1.14","1.14","X","0.00","1.17","25","1.18","10","3,140.00",
="032581","洋基國票53購03","18,000","1","29,340","1.63","1.63","1.63","1.63","X","0.00","1.59","25","1.62","10","449.00",
="032582","富世達國票58購01","0","0","0","--","--","--","--"," ","0.00","0.86","25","0.87","10","1,010.00",
="032583","致新國票53購01","21,000","2","17,100","0.80","0.85","0.80","0.85","+","0.10","0.83","25","0.84","10","236.00",
="032584","電子類國票53購04","0","0","0","--","--","--","--"," ","0.00","4.56","499","4.58","499","0.00",
="032585","金融類國票53購01","0","0","0","--","--","--","--"," ","0.00","1.52","499","1.53","499","0.00",
="032586","元上證元大53購01","0","0","0","--","--","--","--"," ","0.00","1.71","250","1.72","100","33.28",
="032587","T50反1元大53購05","270,000","3","24,300","0.09","0.09","0.09","0.09","-","0.01","0.08","150","0.09","10","18.29",
="032588","T50反1元大54購04","0","0","0","--","--","--","--"," ","0.00","0.10","499","0.11","10","18.29",
="032589","T50反1元大56購02","0","0","0","--","--","--","--"," ","0.00","0.77","100","0.78","10","18.29",
="03258U","精成科永豐51售02","0","0","0","--","--","--","--"," ","0.00","0.09","10","0.10","10","0.00",
="032590","T50反1元大5B購02","0","0","0","--","--","--","--"," ","0.00","0.35","100","0.36","10","18.29",
="032591","T50反1元大5C購01","0","0","0","--","--","--","--"," ","0.00","0.36","499","0.37","10","18.29",
="032592","A50元大53購01","0","0","0","--","--","--","--"," ","0.00","1.61","250","1.62","100","24.90",
="032593","深中小元大53購01","192,000","5","417,100","2.20","2.20","1.94","1.94","-","0.15","1.98","250","2.00","100","15.68",
="032594","A50正2元大54購02","0","0","0","--","--","--","--"," ","0.00","3.29","499","3.30","100","32.79",
="032595","台塑元大54購05","0","0","0","--","--","--","--"," ","0.00","1.68","450","1.69","10","38.60",
="032596","華城元大54購12","582,000","10","425,060","0.73","0.75","0.73","0.73","X","0.00","0.70","499","0.72","10","586.00",
="032597","大亞元大53購01","5,000","1","11,350","2.27","2.27","2.27","2.27","X","0.00","2.32","300","2.35","10","39.85",
="032598","大成鋼元大54購04","0","0","0","--","--","--","--"," ","0.00","1.47","499","1.48","10","37.90",
="032599","川湖元大53購02","524,000","7","364,690","0.69","0.72","0.67","0.67","-","0.02","0.65","3","0.66","10","3,220.00",
="03259U","台積電群益4C售11","0","0","0","--","--","--","--"," ","0.00","--","0","--","0","0.00",
="032600","光寶科元大54購05","175,000","20","540,590","3.03","3.37","2.91","3.20","+","0.27","3.11","250","3.21","10","183.00",
="032601","華通元大53購03","315,000","22","362,670","1.33","1.33","1.09","1.09","-","0.23","1.09","11","1.10","10","77.00",
="032602","鴻海元大54購16","412,000","5","469,080","1.11","1.14","1.11","1.14","+","0.10","1.14","499","1.15","10","221.00",
="032603","台積電元大54購24","555,000","14","939,020","1.62","1.73","1.62","1.71","+","0.26","1.68","1","--","0","1,340.00",
="032604","智邦元大54購08","720,000","9","346,190","0.49","0.55","0.48","0.55","+","0.10","0.08","125","--","0","1,005.00",
="032605","所羅門元大53購02","27,000","3","17,910","0.68","0.68","0.63","0.63","-","0.05","0.63","492","0.65","10","144.50",
="032606","燿華元大53購01","1,000","1","1,260","1.26","1.26","1.26","1.26","-","0.13","1.24","499","1.25","10","27.50",
="032607","金像電元大54購05","1,398,000","23","1,940,010","1.34","1.43","1.34","1.38","+","0.08","1.35","5","1.36","10","455.00",
="032608","台光電元大54購13","147,000","16","239,200","1.52","1.79","1.52","1.68","+","0.29","1.61","499","1.66","10","1,345.00",
="032609","毅嘉元大53購03","23,000","6","29,480","1.26","1.30","1.26","1.29","-","0.13","1.29","499","1.30","10","53.50",
="03260U","金像電群益52售02","0","0","0","--","--","--","--"," ","0.00","--","0","0.11","70","0.00",
="032610","建準元大54購05","567,000","14","357,850","0.69","0.70","0.58","0.58","-","0.03","0.57","499","0.58","10","129.00",
="032612","京元電元大53購03","11,000","2","15,010","1.41","1.41","1.36","1.36","-","0.04","1.36","499","1.46","10","167.00",
="032614","京元電元大54購07","103,000","7","148,700","1.47","1.47","1.43","1.44","-","0.12","1.41","499","1.43","10","167.00",
="032615","志聖元大53購01","30,000","4","46,830","1.56","1.69","1.54","1.66","X","0.00","0.60","42","1.71","1","197.00",
="032616","鉅祥元大53購01","0","0","0","--","--","--","--"," ","0.00","3.71","200","3.79","10","108.50",
="032617","冠德統一51購01","0","0","0","--","--","--","--"," ","0.00","0.02","10","0.03","10","36.65",
="032618","大立光元大54購05","489,000","11","462,930","0.99","0.99","0.93","0.96","-","0.05","0.96","499","0.98","10","2,360.00",
="03261U","聯發科群益4C售05","100,000","2","17,000","0.17","0.17","0.17","0.17","X","0.00","0.02","10","--","0","0.00",
="032620","亞光元大53購02","0","0","0","--","--","--","--"," ","0.00","0.64","499","0.65","10","161.50",
="032622","材料統一4B購01","0","0","0","--","--","--","--"," ","0.00","0.01","14","0.10","10","66.40",
="032623","亞光元大54購06","322,000","7","170,920","0.54","0.54","0.51","0.51","-","0.04","0.50","499","0.51","60","161.50",
="032625","欣興元大54購12","41,000","8","93,670","2.24","2.39","2.21","2.21","+","0.08","2.14","350","2.17","10","159.00",
="032626","華晶科元大54購01","312,000","17","381,990","1.20","1.26","1.16","1.17","-","0.05","1.16","499","1.17","10","52.80",
="032627","景碩元大54購05","0","0","0","--","--","--","--"," ","0.00","1.38","499","1.42","10","111.50",
="032628","創意元大54購04","99,000","7","92,350","0.89","0.96","0.89","0.94","+","0.05","0.93","25","0.95","10","1,315.00",
="032629","宏致元大53購01","91,000","5","105,530","1.20","1.20","1.12","1.12","-","0.08","1.09","499","1.10","10","73.30",
="03262U","晟銘電群益4C售01","0","0","0","--","--","--","--"," ","0.00","0.23","100","0.24","100","0.00",
="032630","世芯元大54購15","200,000","9","71,500","0.38","0.38","0.34","0.34","-","0.03","0.33","25","0.38","2","3,700.00",
="032631","貿聯元大54購09","0","0","0","--","--","--","--"," ","0.00","0.72","499","0.82","10","1,085.00",
="032633","TPK元大53購01","16,000","4","31,130","1.97","1.98","1.91","1.98","-","0.07","1.97","25","2.02","10","39.30",
="032636","神達元大54購06","32,000","9","38,690","1.20","1.25","1.17","1.20","+","0.08","1.20","499","1.22","10","90.00",
="032637","臻鼎元大54購01","371,000","17","514,820","1.44","1.46","1.27","1.27","-","0.13","1.27","499","1.29","10","171.50",
="032638","達興元大53購04","89,000","5","502,800","5.50","5.80","5.40","5.80","+","0.20","6.05","150","6.15","10","399.00",
="032639","瀚宇博元大53購01","0","0","0","--","--","--","--"," ","0.00","5.70","25","--","0","104.00",
="03263U","中興電凱基51售02","0","0","0","--","--","--","--"," ","0.00","0.51","10","0.52","10","0.00",
="032640","亞翔元大54購06","242,000","17","888,250","3.62","3.73","3.54","3.70","-","0.04","3.64","200","3.68","10","358.50",
="032641","精成科元大54購06","0","0","0","--","--","--","--"," ","0.00","0.85","499","--","0","125.50",
="032642","佳必琪元大53購03","263,000","2","130,750","0.47","0.50","0.47","0.50","X","0.00","0.48","499","0.49","10","160.00",
="032643","矽力元大53購03","0","0","0","--","--","--","--"," ","0.00","0.44","499","0.45","10","273.00",
="032644","鈺邦元大53購01","105,000","17","348,480","3.57","3.57","2.76","3.20","-","0.38","3.07","200","3.10","10","198.50",
="032645","緯穎元大54購13","230,000","2","305,900","1.33","1.33","1.33","1.33","-","0.12","1.29","499","1.30","10","3,140.00",
="032646","洋基元大53購04","270,000","3","134,510","0.50","0.50","0.49","0.50","+","0.06","0.48","499","0.49","10","449.00",
="032647","AES元大54購06","125,000","1","118,750","0.95","0.95","0.95","0.95","X","0.00","0.86","499","0.87","10","1,195.00",
="032648","富世達元大54購09","516,000","10","442,960","0.85","0.91","0.85","0.88","+","0.06","0.83","499","0.86","10","1,010.00",
="032649","昇陽半元大54購03","43,000","10","81,390","1.90","1.97","1.79","1.79","-","0.05","1.78","400","1.79","9","179.50",
="03264U","可成凱基4C售01","0","0","0","--","--","--","--"," ","0.00","1.05","10","1.07","10","0.00",
="032650","南電元大54購03","177,000","20","876,630","5.05","5.25","4.50","4.50","-","0.15","4.47","150","4.50","10","234.50",
="032651","台玻群益52購04","743,000","17","444,690","0.68","0.68","0.56","0.56","-","0.09","0.56","100","0.59","100","25.95",
="032652","華通群益54購01","0","0","0","--","--","--","--"," ","0.00","0.73","100","0.74","100","77.00",
="032653","楠梓電群益53購01","393,000","33","992,430","2.60","2.70","2.18","2.18","-","0.55","1.13","44","2.88","1","103.50",
="032654","台積電群益52購09","1,096,000","66","1,258,350","1.11","1.15","1.11","1.15","X","0.00","0.14","30","--","0","1,340.00",
="032655","燿華群益52購02","2,000","1","1,460","0.73","0.73","0.73","0.73","-","0.08","0.72","10","0.82","10","27.50",
="032656","技嘉群益54購02","63,000","4","73,290","1.16","1.18","1.15","1.17","+","0.02","1.15","10","1.25","10","283.00",
="032657","台光電群益56購01","38,000","9","40,810","1.00","1.09","1.00","1.04","X","0.00","0.39","30","1.10","1","1,345.00",
="032658","毅嘉群益52購02","15,000","1","11,700","0.78","0.78","0.78","0.78","X","0.00","0.75","100","0.76","100","53.50",
="032659","聯發科群益54購06","0","0","0","--","--","--","--"," ","0.00","--","0","--","0","1,375.00",
="03265U","陽明凱基4C售06","28,000","3","70,310","2.51","2.54","2.51","2.54","X","0.00","2.55","10","2.57","10","0.00",
="032660","強茂群益52購01","0","0","0","--","--","--","--"," ","0.00","2.45","4","4.48","10","71.70",
="032661","強茂群益53購01","30,000","5","137,440","4.74","4.83","4.55","4.83","-","0.15","4.73","10","4.83","10","71.70",
="032662","亞光群益52購03","158,000","4","242,760","1.54","1.54","1.51","1.51","-","0.08","1.46","100","1.49","100","161.50",
="032663","德律群益54購01","58,000","2","61,700","1.10","1.10","1.03","1.03","-","0.12","1.02","10","1.12","10","189.00",
="032664","緯創群益52購03","63,000","4","65,250","1.10","1.10","0.98","0.98","X","0.00","0.23","3","--","0","122.50",
="032667","新日興群益52購01","38,000","6","44,460","1.17","1.17","1.17","1.17","+","0.04","0.39","25","--","0","237.00",
="032668","聯鈞群益52購03","2,215,000","172","7,689,420","2.95","4.00","2.95","4.00","+","1.09","3.90","3","4.00","3","278.00",
="032669","世芯群益52購11","0","0","0","--","--","--","--"," ","0.00","--","0","--","0","3,700.00",
="03266U","晟銘電凱基4C售02","0","0","0","--","--","--","--"," ","0.00","0.21","100","0.22","30","0.00",
="032670","聯茂群益58購01","106,000","4","128,440","1.22","1.25","1.21","1.21","-","0.02","0.65","30","--","0","111.50",
="032671","保瑞群益52購03","0","0","0","--","--","--","--"," ","0.00","0.52","10","0.62","10","693.00",
="032672","穎崴群益54購03","352,000","18","827,640","2.41","2.45","2.30","2.38","+","0.01","2.38","10","2.48","10","2,015.00",
="032673","緯穎群益54購09","0","0","0","--","--","--","--"," ","0.00","0.05","63","--","0","3,140.00",
="032674","洋基第一54購01","8,000","1","15,120","1.89","1.89","1.89","1.89","X","0.00","1.87","10","1.91","10","0.00",
="032675","台達電國泰53購04","29,000","5","195,100","6.85","6.85","6.60","6.60","-","0.35","6.45","10","6.55","10","893.00",
="032676","華通國泰53購03","86,000","9","91,340","1.12","1.15","0.98","0.98","-","0.12","0.97","499","0.98","100","77.00",
="032677","鴻海國泰53購02","0","0","0","--","--","--","--"," ","0.00","1.79","499","1.81","499","221.00",
="032678","鴻海國泰53購03","216,000","5","574,700","2.70","2.70","2.60","2.63","X","0.00","2.64","499","2.67","499","221.00",
="032679","燿華國泰53購02","21,000","1","19,740","0.94","0.94","0.94","0.94","-","0.02","0.85","499","0.86","100","27.50",
="03267U","亞光凱基52售01","0","0","0","--","--","--","--"," ","0.00","0.40","499","0.41","40","0.00",
="032681","毅嘉國泰53購02","125,000","6","128,110","1.05","1.05","0.97","0.98","-","0.08","0.98","499","1.00","100","53.50",
="032682","強茂國泰53購01","0","0","0","--","--","--","--"," ","0.00","4.69","499","4.73","100","71.70",
="032683","亞光國泰53購04","0","0","0","--","--","--","--"," ","0.00","1.31","499","1.32","100","161.50",
="032684","迅得國泰53購01","0","0","0","--","--","--","--"," ","0.00","1.13","499","1.14","450","176.00",
="032685","鴻海中信58購02","50,000","2","47,700","0.95","0.97","0.95","0.97","+","0.07","0.97","10","0.99","10","0.00",
="032686","台積電中信58購01","12,000","2","31,920","2.66","2.66","2.66","2.66","X","0.00","2.65","10","2.68","10","0.00",
="032687","台光電中信52購03","366,000","19","294,200","0.70","0.87","0.70","0.80","+","0.14","0.78","10","0.80","5","0.00",
="032688","毅嘉中信53購01","70,000","2","49,700","0.71","0.71","0.71","0.71","-","0.06","0.71","10","0.72","10","0.00",
="032689","貿聯中信52購01","55,000","6","43,410","0.89","0.89","0.72","0.72","-","0.10","0.68","10","0.70","10","0.00",
="03268U","精成科凱基4C售03","0","0","0","--","--","--","--"," ","0.00","0.05","100","0.15","10","0.00",
="032690","神達中信57購01","266,000","20","214,660","0.80","0.82","0.78","0.82","+","0.09","0.78","10","0.79","10","0.00",
="032691","智伸科中信52購01","0","0","0","--","--","--","--"," ","0.00","0.18","10","0.19","10","0.00",
="032692","聯茂中信53購01","177,000","5","163,520","0.92","0.94","0.92","0.92","-","0.01","0.87","10","0.89","10","0.00",
="032693","穎崴中信58購01","470,000","42","1,291,820","2.72","2.85","2.55","2.64","-","0.03","2.66","10","2.68","10","0.00",
="032694","宇隆永豐53購01","12,000","1","6,120","0.51","0.51","0.51","0.51","X","0.00","0.43","499","0.44","10","217.00",
="032695","聯電永豐53購01","4,933,000","21","8,081,490","1.63","1.74","1.59","1.72","+","0.20","1.73","5","--","0","43.90",
="032696","金寶永豐52購01","20,000","2","14,900","0.75","0.75","0.74","0.74","+","0.02","0.71","10","0.72","10","19.60",
="032697","精英永豐53購01","8,000","3","7,240","0.90","0.94","0.90","0.94","+","0.04","1.01","9","1.10","10","21.50",
="032698","華邦電永豐53購01","0","0","0","--","--","--","--"," ","0.00","15.20","10","--","0","36.45",
="032699","華碩永豐53購01","118,000","8","142,780","1.18","1.26","1.18","1.23","+","0.01","1.23","10","1.24","10","684.00",
="03269U","欣興元富4C售03","0","0","0","--","--","--","--"," ","0.00","0.03","25","0.10","10","0.00",
="032700","燿華永豐52購02","0","0","0","--","--","--","--"," ","0.00","0.52","499","0.53","10","27.50",
="032701","台光電永豐54購04","253,000","11","204,010","0.77","0.99","0.77","0.90","+","0.14","0.88","10","0.90","10","1,345.00",
="032702","毅嘉永豐54購01","176,000","3","68,620","0.38","0.39","0.38","0.39","-","0.04","0.40","12","0.41","10","53.50",
="032703","皇昌永豐54購01","150,000","3","113,500","0.77","0.77","0.74","0.74","+","0.01","0.72","10","0.73","10","72.70",
="032704","陽明永豐53購02","2,000","1","9,000","4.50","4.50","4.50","4.50","X","0.00","4.46","499","4.56","10","55.20",
="032705","亞光永豐52購06","27,000","1","18,090","0.67","0.67","0.67","0.67","-","0.01","0.64","499","0.65","10","161.50",
="032707","聯鈞永豐52購03","430,000","36","1,357,470","2.89","3.51","2.87","3.43","+","0.62","1.54","42","--","0","278.00",
="032708","樺漢永豐53購01","5,000","1","5,500","1.10","1.10","1.10","1.10","+","0.04","1.04","10","1.05","10","299.00",
="032709","羅昇永豐55購01","28,000","1","11,760","0.42","0.42","0.42","0.42","X","0.00","0.39","10","0.40","10","99.50",
="03270U","南亞國票51售01","0","0","0","--","--","--","--"," ","0.00","0.04","25","0.07","10","0.00",
="032710","華新兆豐54購01","1,000","1","960","0.96","0.96","0.96","0.96","-","0.04","0.92","10","0.93","10","24.05",
="032711","穎崴兆豐54購02","0","0","0","--","--","--","--"," ","0.00","4.06","10","--","0","2,015.00",
="032712","元金2X富邦52購02","570,000","13","1,130,660","1.94","1.99","1.90","1.94","+","0.29","1.94","40","1.96","10","0.00",
="032713","台塑富邦53購01","226,000","5","123,590","0.55","0.58","0.52","0.52","-","0.02","0.52","10","0.53","10","0.00",
="032714","華新富邦52購02","135,000","17","119,780","0.93","0.93","0.85","0.86","-","0.03","0.85","30","0.86","10","0.00",
="032715","大亞富邦52購01","187,000","4","151,400","0.79","0.82","0.79","0.82","X","0.00","0.78","10","0.79","10","0.00",
="032716","川湖富邦52購04","2,000","1","2,120","1.06","1.06","1.06","1.06","X","0.00","1.02","10","1.03","10","0.00",
="032717","金像電富邦52購02","408,000","18","293,810","0.72","0.73","0.70","0.72","+","0.05","0.68","10","0.69","10","0.00",
="032718","台光電富邦54購01","326,000","12","549,030","1.59","1.80","1.59","1.75","+","0.27","1.72","10","1.75","10","0.00",
="032719","志聖富邦52購01","37,000","5","59,270","1.56","1.69","1.56","1.58","+","0.16","1.47","10","1.48","10","0.00",
="03271U","華泰國票51售01","10,000","1","1,300","0.13","0.13","0.13","0.13","X","0.00","0.13","15","0.14","10","0.00",
="032720","聯茂富邦55購01","1,025,000","33","885,470","0.86","0.91","0.82","0.82","-","0.04","0.81","10","0.82","10","0.00",
="032721","緯穎富邦54購02","84,000","10","72,320","0.86","0.87","0.84","0.84","-","0.02","0.83","10","0.84","10","0.00",
="032722","臺股指富邦5B購02","0","0","0","--","--","--","--"," ","0.00","6.20","100","6.25","100","0.00",
="032723","香港2X元大54購02","1,000","1","2,280","2.28","2.28","2.28","2.28","-","0.04","2.16","499","2.17","100","18.02",
="032724","台塑元大54購06","0","0","0","--","--","--","--"," ","0.00","1.07","499","1.08","10","38.60",
="032725","南亞元大53購05","0","0","0","--","--","--","--"," ","0.00","0.77","499","0.78","10","39.80",
="032726","南亞元大53購06","74,000","4","68,420","0.91","0.93","0.87","0.87","-","0.01","0.81","499","0.82","10","39.80",
="032727","南亞元大54購05","1,000","1","1,030","1.03","1.03","1.03","1.03","X","0.00","0.97","499","0.98","10","39.80",
="032728","億泰元大54購02","0","0","0","--","--","--","--"," ","0.00","0.94","499","0.95","10","34.80",
="032729","劍麟元大53購01","44,000","1","23,760","0.54","0.54","0.54","0.54","X","0.00","0.70","2","--","0","108.50",
="03272U","智邦國票51售01","0","0","0","--","--","--","--"," ","0.00","0.05","25","0.06","10","0.00",
="032730","光寶科元大54購06","153,000","15","360,170","2.36","2.74","2.32","2.74","-","0.09","2.42","300","2.52","10","183.00",
="032731","台達電元大53購02","65,000","1","206,050","3.17","3.17","3.17","3.17","X","0.00","3.07","25","3.17","10","893.00",
="032732","台達電元大53購03","29,000","5","68,760","2.46","2.46","2.34","2.34","X","0.00","2.34","24","2.44","10","893.00",
="032733","台達電元大54購05","0","0","0","--","--","--","--"," ","0.00","2.87","25","2.97","10","893.00",
="032734","華通元大53購04","94,000","10","93,190","1.02","1.03","0.86","0.86","-","0.11","0.85","499","0.86","10","77.00",
="032735","鴻海元大53購08","19,000","5","34,970","1.83","1.85","1.83","1.85","+","0.22","1.86","450","1.88","10","221.00",
="032736","鴻海元大54購17","12,000","3","16,500","1.30","1.40","1.30","1.40","+","0.20","1.38","499","1.39","10","221.00",
="032737","台積電元大54購25","395,000","8","727,610","1.78","1.87","1.78","1.84","+","0.20","0.39","25","--","0","1,340.00",
="032738","智邦元大54購09","585,000","6","439,800","0.75","0.80","0.75","0.80","+","0.08","0.12","83","--","0","1,005.00",
="032739","燿華元大53購02","0","0","0","--","--","--","--"," ","0.00","0.46","499","0.47","10","27.50",
="03273U","長榮國票51售03","0","0","0","--","--","--","--"," ","0.00","1.49","25","1.51","10","0.00",
="032740","金像電元大54購06","216,000","14","238,770","1.13","1.14","1.07","1.10","+","0.04","1.08","499","1.09","10","455.00",
="032741","毅嘉元大54購02","5,000","1","3,550","0.71","0.71","0.71","0.71","X","0.00","0.72","499","0.73","10","53.50",
="032742","漢唐元大53購07","0","0","0","--","--","--","--"," ","0.00","0.43","25","0.44","10","987.00",
="032743","漢唐元大53購08","211,000","8","71,730","0.38","0.38","0.33","0.38","-","0.01","0.01","499","0.38","9","987.00",
="032744","京元電元大53購04","10,000","1","12,200","1.22","1.22","1.22","1.22","X","0.00","1.22","499","1.32","10","167.00",
="032745","京元電元大54購08","53,000","3","86,830","1.66","1.66","1.61","1.61","-","0.15","1.59","450","1.61","10","167.00",
="032746","中航元大53購01","0","0","0","--","--","--","--"," ","0.00","0.66","499","0.67","10","51.70",
="032747","緯創元大54購09","0","0","0","--","--","--","--"," ","0.00","0.98","499","1.00","10","122.50",
="032748","昇貿元大53購02","277,000","10","586,590","2.16","2.16","2.07","2.16","+","0.03","1.94","350","--","0","114.00",
="032749","昇貿元大54購01","358,000","16","559,110","1.67","1.67","1.53","1.53","-","0.13","1.51","5","2.00","14","114.00",
="03274U","國泰金國票51售01","0","0","0","--","--","--","--"," ","0.00","0.19","25","0.20","10","0.00",
="032750","宏致元大53購02","73,000","5","98,470","1.41","1.41","1.30","1.36","-","0.02","1.29","499","1.30","10","73.30",
="032751","世芯元大54購16","53,000","3","20,110","0.38","0.38","0.37","0.37","-","0.05","0.08","125","--","0","3,700.00",
="032752","貿聯元大54購10","580,000","22","625,500","1.17","1.17","1.04","1.04","-","0.09","1.01","499","--","0","1,085.00",
="032753","海華元大53購03","50,000","1","52,000","1.04","1.04","1.04","1.04","+","0.01","1.03","499","1.04","10","83.80",
="032754","海華元大54購01","240,000","12","243,720","1.04","1.08","0.99","0.99","-","0.11","1.05","499","1.06","10","83.80",
="032755","神達元大53購03","29,000","6","41,360","1.46","1.47","1.37","1.40","+","0.08","1.44","499","1.46","10","90.00",
="032756","神達元大53購04","1,403,000","46","1,631,260","1.21","1.26","1.10","1.20","+","0.11","1.18","499","1.20","8","90.00",
="032757","神達元大54購07","137,000","7","138,520","0.96","1.03","0.95","0.97","+","0.07","0.98","509","1.00","10","90.00",
="032758","臻鼎元大53購02","583,000","23","668,040","1.19","1.19","1.06","1.07","-","0.09","1.07","499","1.08","10","171.50",
="032759","臻鼎元大53購03","342,000","11","375,910","1.14","1.16","1.04","1.04","-","0.10","1.04","499","1.05","10","171.50",
="03275U","材料國票51售01","0","0","0","--","--","--","--"," ","0.00","1.85","25","1.86","10","0.00",
="032760","臻鼎元大54購02","591,000","20","708,110","1.24","1.25","1.14","1.14","-","0.09","1.11","499","1.13","10","171.50",
="032761","眾達元大53購01","788,000","43","633,180","0.86","0.86","0.78","0.83","-","0.02","0.81","25","0.83","9","127.00",
="032762","眾達元大53購02","359,000","16","305,410","0.90","0.90","0.84","0.84","-","0.05","0.86","25","0.88","10","127.00",
="032763","眾達元大54購01","1,005,000","39","788,220","0.79","0.82","0.76","0.79","-","0.02","0.79","50","0.81","10","127.00",
="032764","全訊元大53購01","445,000","18","467,470","1.13","1.13","0.98","0.98","-","0.17","0.98","499","1.00","10","140.00",
="032765","亞翔元大54購07","2,110,000","13","1,914,500","0.96","0.97","0.89","0.97","+","0.01","0.94","499","0.96","10","358.50",
="032766","聯茂元大54購02","581,000","15","511,240","0.86","0.92","0.81","0.83","-","0.03","0.81","25","0.82","10","111.50",
="032767","穎崴元大54購03","0","0","0","--","--","--","--"," ","0.00","2.42","300","--","0","2,015.00",
="032768","緯穎元大54購14","0","0","0","--","--","--","--"," ","0.00","0.82","499","0.83","10","3,140.00",
="032769","富世達元大54購10","658,000","6","326,300","0.49","0.52","0.49","0.52","+","0.08","0.49","499","0.51","10","1,010.00",
="03276U","精成科國票51售03","7,000","7","2,310","0.30","0.35","0.30","0.35","+","0.08","0.34","25","0.35","10","0.00",
="032770","億豐元大53購01","2,000","2","1,620","0.81","0.81","0.81","0.81","-","0.11","0.75","499","0.78","10","442.00",
="032771","臺股指元大53購15","96,000","8","161,260","1.60","1.74","1.59","1.74","+","0.26","1.73","100","1.74","10","0.00",
="032772","臺股指元大55購07","12,000","1","33,120","2.76","2.76","2.76","2.76","X","0.00","2.85","499","2.87","10","0.00",
="032773","宇隆群益52購01","0","0","0","--","--","--","--"," ","0.00","0.58","10","0.68","10","217.00",
="032774","光寶科群益52購06","0","0","0","--","--","--","--"," ","0.00","4.83","25","--","0","183.00",
="032775","台達電群益52購05","495,000","9","1,786,160","3.81","3.81","3.49","3.49","-","0.26","3.60","3","--","0","893.00",
="032776","台達電群益54購01","2,512,000","84","5,637,050","2.34","2.38","2.13","2.19","-","0.13","2.13","9","2.25","50","893.00",
="032777","鴻海群益52購12","100,000","12","174,570","1.65","1.79","1.65","1.76","+","0.21","1.78","100","1.80","100","221.00",
="032778","鴻海群益52購13","200,000","3","303,000","1.51","1.53","1.51","1.53","X","0.00","1.52","100","1.54","100","221.00",
="032779","鴻海群益53購14","138,000","13","143,770","0.87","1.07","0.87","1.06","+","0.19","1.05","100","1.07","100","221.00",
="03277U","矽格國票51售01","0","0","0","--","--","--","--"," ","0.00","0.20","25","0.21","10","0.00",
="032780","廣宇群益54購02","0","0","0","--","--","--","--"," ","0.00","1.69","10","1.79","10","54.10",
="032781","智邦群益52購08","117,000","4","112,520","0.93","1.01","0.93","0.95","+","0.08","0.94","100","0.97","100","1,005.00",
="032782","英業達群益52購01","6,000","3","10,830","1.79","1.82","1.79","1.82","+","0.05","0.16","6","--","0","45.00",
="032783","燿華群益52購03","0","0","0","--","--","--","--"," ","0.00","0.40","10","0.50","10","27.50",
="032784","燿華群益53購01","0","0","0","--","--","--","--"," ","0.00","0.49","10","0.59","10","27.50",
="032785","漢唐群益52購07","0","0","0","--","--","--","--"," ","0.00","0.18","55","--","0","987.00",
="032786","盟立群益52購01","32,000","3","50,280","1.55","1.74","1.55","1.66","+","0.07","0.48","20","--","0","72.30",
="032787","盟立群益53購01","0","0","0","--","--","--","--"," ","0.00","0.40","30","--","0","72.30",
="032788","華航群益52購02","48,000","1","57,600","1.20","1.20","1.20","1.20","-","0.09","1.22","100","1.24","100","20.95",
="032789","亞光群益52購04","127,000","11","300,000","2.46","2.46","2.34","2.34","-","0.23","2.37","100","2.41","100","161.50",
="03278U","啟碁國票51售01","0","0","0","--","--","--","--"," ","0.00","0.39","25","0.40","10","0.00",
="032790","昇貿群益54購01","134,000","10","297,730","2.23","2.24","2.14","2.24","+","0.02","1.32","7","2.96","10","114.00",
="032791","新日興群益55購01","10,000","1","6,600","0.66","0.66","0.66","0.66","X","0.00","0.30","30","--","0","237.00",
="032792","創意群益53購01","0","0","0","--","--","--","--"," ","0.00","1.43","7","1.49","10","1,315.00",
="032793","世芯群益57購01","0","0","0","--","--","--","--"," ","0.00","0.49","20","--","0","3,700.00",
="032794","神達群益54購03","10,000","3","11,760","1.18","1.18","1.16","1.16","+","0.03","1.19","10","1.29","10","90.00",
="032795","臻鼎群益52購04","43,000","4","154,820","3.64","3.69","3.55","3.60","-","0.07","3.29","10","3.39","10","171.50",
="032796","達興群益53購01","35,000","4","146,420","4.16","4.48","4.16","4.34","+","0.36","4.35","10","4.45","10","399.00",
="032797","祥碩群益52購02","257,000","5","134,160","0.52","0.53","0.52","0.53","+","0.02","0.20","50","--","0","1,525.00",
="032798","精成科群益52購06","20,000","2","23,800","1.19","1.19","1.19","1.19","X","0.00","--","0","--","0","125.50",
="032799","聯茂群益54購03","43,000","5","54,600","1.26","1.32","1.20","1.20","-","0.07","0.56","17","1.30","5","111.50",
="03279U","緯穎國票51售01","300,000","1","54,000","0.18","0.18","0.18","0.18","+","0.01","0.17","25","0.18","110","0.00",
="032800","矽力群益52購01","0","0","0","--","--","--","--"," ","0.00","0.52","10","--","0","273.00",
="032801","穎崴群益52購09","0","0","0","--","--","--","--"," ","0.00","12.80","10","--","0","2,015.00",
="032802","穎崴群益58購01","69,000","4","279,740","4.06","4.14","3.98","4.14","+","0.02","4.10","10","4.20","10","2,015.00",
="032803","緯穎群益52購10","0","0","0","--","--","--","--"," ","0.00","0.18","30","--","0","3,140.00",
="032804","洋基群益52購03","2,000","1","1,480","0.74","0.74","0.74","0.74","X","0.00","0.71","10","0.81","10","449.00",
="032805","AES群益54購02","186,000","8","228,930","1.31","1.36","1.20","1.20","-","0.05","1.19","100","1.21","100","1,195.00",
="032806","富世達群益52購07","119,000","8","145,420","1.17","1.29","1.16","1.16","+","0.14","1.00","3","--","0","1,010.00",
="032807","昇陽半群益52購03","0","0","0","--","--","--","--"," ","0.00","3.15","30","3.65","10","179.50",
="032808","南電群益54購02","508,000","37","1,919,940","3.93","4.03","3.43","3.43","-","0.28","3.42","10","3.52","10","234.50",
="032809","元上證凱基54購01","0","0","0","--","--","--","--"," ","0.00","1.39","10","1.40","50","33.28",
="03280U","台光電國泰52售02","30,000","1","1,200","0.04","0.04","0.04","0.04"," ","0.00","0.03","499","0.04","100","0.00",
="032810","T50反1凱基5B購02","0","0","0","--","--","--","--"," ","0.00","0.38","100","0.39","10","18.29",
="032811","T50反1凱基5C購01","0","0","0","--","--","--","--"," ","0.00","0.41","100","0.42","10","18.29",
="032812","A50凱基54購01","0","0","0","--","--","--","--"," ","0.00","1.52","100","1.53","50","24.90",
="032813","滬深2X凱基54購07","727,000","17","714,350","0.98","1.03","0.89","0.89","-","0.07","0.92","100","0.93","50","19.04",
="032814","深中小凱基54購01","308,000","8","587,680","1.91","1.94","1.74","1.74","-","0.15","1.77","10","1.78","50","15.68",
="032815","道瓊銅凱基53購02","0","0","0","--","--","--","--"," ","0.00","0.95","100","0.96","10","25.59",
="032816","大成鋼凱基53購04","13,000","1","12,740","0.98","0.98","0.98","0.98","X","0.00","0.88","100","0.89","10","37.90",
="032817","川湖凱基53購01","70,000","4","108,440","1.52","1.55","1.52","1.55","X","0.00","1.42","100","1.48","10","3,220.00",
="032818","鴻海凱基53購13","534,000","19","541,010","0.94","1.06","0.94","1.04","+","0.13","1.04","499","1.05","499","221.00",
="032819","鴻海凱基58購02","1,000","1","1,430","1.43","1.43","1.43","1.43","X","0.00","1.43","499","1.44","499","221.00",
="03281U","聯發科國泰52售02","0","0","0","--","--","--","--"," ","0.00","0.73","499","0.74","499","0.00",
="032820","台積電凱基54購14","0","0","0","--","--","--","--"," ","0.00","1.92","100","2.02","10","1,340.00",
="032821","所羅門凱基53購02","24,000","1","13,920","0.58","0.58","0.58","0.58","-","0.04","0.58","10","0.59","10","144.50",
="032822","燿華凱基53購02","0","0","0","--","--","--","--"," ","0.00","0.74","10","0.75","10","27.50",
="032823","台光電凱基53購04","60,000","3","61,980","1.05","1.05","1.03","1.03","X","0.00","0.98","100","0.99","10","1,345.00",
="032824","台光電凱基53購06","44,000","2","46,390","1.11","1.11","1.04","1.04","+","0.11","1.05","100","1.06","10","1,345.00",
="032825","台光電凱基53購07","79,000","7","79,120","0.98","1.03","0.97","0.97","X","0.00","0.96","100","--","0","1,345.00",
="032826","台光電凱基53購08","27,000","4","29,800","1.00","1.13","1.00","1.07","X","0.00","1.06","100","1.07","10","1,345.00",
="032827","台光電凱基53購09","678,000","13","648,450","0.91","0.97","0.90","0.91","X","0.00","0.89","100","0.90","10","1,345.00",
="032828","漢唐凱基53購06","4,000","1","1,560","0.39","0.39","0.39","0.39","-","0.05","0.42","100","0.52","10","987.00",
="032829","漢唐凱基53購07","0","0","0","--","--","--","--"," ","0.00","0.50","100","0.60","10","987.00",
="03282U","香港2X元大52售01","0","0","0","--","--","--","--"," ","0.00","0.25","250","0.26","100","0.00",
="032830","漢唐凱基54購03","0","0","0","--","--","--","--"," ","0.00","0.56","100","0.66","10","987.00",
="032831","漢唐凱基54購04","0","0","0","--","--","--","--"," ","0.00","0.46","100","0.56","10","987.00",
="032832","建準凱基53購03","178,000","6","145,460","0.92","0.96","0.73","0.73","-","0.12","0.27","37","--","0","129.00",
="032833","全新凱基53購03","82,000","6","100,160","1.27","1.27","1.12","1.15","-","0.27","1.12","100","1.16","10","160.00",
="032834","鉅祥凱基53購01","12,000","5","30,080","2.75","2.75","2.43","2.43","-","0.21","2.48","100","2.53","10","108.50",
="032835","強茂凱基53購01","5,000","2","24,980","4.96","5.05","4.96","5.05","-","0.40","5.15","10","5.25","10","71.70",
="032836","宏達電凱基53購03","0","0","0","--","--","--","--"," ","0.00","2.81","100","2.91","10","64.60",
="032837","神達凱基53購03","2,207,000","32","1,576,640","0.71","0.76","0.67","0.70","+","0.06","0.71","100","0.72","30","90.00",
="032838","世紀鋼凱基55購04","45,000","3","66,580","1.47","1.48","1.47","1.48","+","0.04","1.42","10","1.43","10","171.50",
="032839","電子類凱基53購01","0","0","0","--","--","--","--"," ","0.00","3.62","10","3.63","10","0.00",
="03283U","美債2X元大51售03","0","0","0","--","--","--","--"," ","0.00","0.26","250","0.27","100","0.00",
="032840","台積電中信58購02","5,000","2","5,040","1.00","1.04","1.00","1.04","+","0.14","1.01","4","1.02","10","0.00",
="032842","聯發科中信58購01","411,000","13","250,810","0.65","0.65","0.59","0.59","-","0.09","0.57","10","0.58","10","0.00",
="032843","長榮太中信52購02","182,000","9","103,440","0.62","0.62","0.53","0.54","-","0.13","0.51","10","0.53","10","0.00",
="032844","南亞永豐53購04","0","0","0","--","--","--","--"," ","0.00","0.68","499","0.69","10","39.80",
="032845","台達電永豐52購04","123,000","14","411,900","3.47","3.49","3.17","3.23","-","0.19","3.27","3","3.29","10","893.00",
="032846","台達電永豐53購04","61,000","8","149,810","2.54","2.54","2.35","2.38","-","0.12","2.36","10","2.46","10","893.00",
="032847","智邦永豐52購05","363,000","7","225,880","0.59","0.63","0.59","0.62","+","0.06","0.61","10","0.62","10","1,005.00",
="032848","金像電永豐53購05","0","0","0","--","--","--","--"," ","0.00","0.64","10","0.65","10","455.00",
="032849","盟立永豐53購01","9,000","2","8,260","0.92","0.92","0.91","0.91","+","0.02","0.91","10","0.92","10","72.30",
="03284U","美債2X元大54售01","113,000","2","32,770","0.29","0.29","0.29","0.29"," ","0.00","0.29","250","0.30","100","0.00",
="032850","亞光永豐54購03","0","0","0","--","--","--","--"," ","0.00","0.70","10","0.71","10","161.50",
="032851","德律永豐53購01","73,000","3","40,730","0.60","0.60","0.54","0.55","-","0.01","0.54","10","0.55","10","189.00",
="032852","景碩永豐53購03","109,000","4","74,390","0.71","0.76","0.63","0.63","-","0.03","0.62","499","0.64","10","111.50",
="032853","健策永豐53購01","415,000","55","1,057,600","2.51","2.65","2.27","2.49","+","0.21","2.47","10","2.51","10","2,355.00",
="032854","神達永豐52購04","72,000","6","62,270","0.86","0.88","0.79","0.87","+","0.09","0.84","10","0.85","10","90.00",
="032855","神達永豐55購01","26,000","2","208,800","8.00","8.40","8.00","8.40","+","0.55","8.10","10","8.15","10","90.00",
="032856","臻鼎永豐54購02","81,000","5","65,200","0.81","0.82","0.80","0.80"," ","0.00","0.74","10","0.75","10","171.50",
="032857","達興永豐53購02","115,000","8","226,470","1.87","2.14","1.85","2.14","+","0.25","0.72","13","--","0","399.00",
="032858","和大兆豐54購01","56,000","1","40,880","0.73","0.73","0.73","0.73","-","0.05","0.73","10","0.74","10","65.30",
="032859","台泥富邦53購02","436,000","15","268,790","0.60","0.64","0.58","0.61","-","0.21","0.61","30","0.62","10","0.00",
="03285U","南亞科元大4C售04","0","0","0","--","--","--","--"," ","0.00","0.02","25","0.12","10","0.00",
="032860","和大富邦54購01","306,000","9","191,950","0.63","0.63","0.60","0.60","-","0.03","0.59","11","0.60","10","0.00",
="032861","鴻海富邦52購07","1,255,000","32","972,400","0.70","0.80","0.70","0.78","+","0.12","0.77","30","0.78","10","0.00",
="032862","所羅門富邦53購01","0","0","0","--","--","--","--"," ","0.00","0.55","10","0.56","10","0.00",
="032863","燿華富邦54購01","0","0","0","--","--","--","--"," ","0.00","0.50","10","0.51","10","0.00",
="032864","強茂富邦52購01","23,000","9","41,690","1.85","1.85","1.75","1.84","-","0.14","1.85","10","1.86","10","0.00",
="032865","神基富邦52購01","156,000","15","353,940","2.25","2.35","2.22","2.27","-","0.01","2.27","30","2.29","10","0.00",
="032866","聯詠富邦52購01","379,000","20","295,060","0.70","0.81","0.68","0.78","+","0.08","0.76","30","0.77","10","0.00",
="032867","欣興富邦52購01","24,000","6","37,770","1.57","1.60","1.55","1.55","+","0.07","1.49","10","1.51","10","0.00",
="032868","洋基富邦52購02","149,000","3","86,020","0.57","0.58","0.57","0.58","X","0.00","0.55","10","0.56","10","0.00",
="032869","金寶國泰53購01","22,000","1","37,620","1.71","1.71","1.71","1.71"," ","0.00","1.65","499","1.66","100","19.60",
="03286U","國泰金元大54售01","0","0","0","--","--","--","--"," ","0.00","0.40","499","0.41","200","0.00",
="032870","盟立國泰53購01","23,000","1","38,640","1.68","1.68","1.68","1.68","X","0.00","1.69","499","1.70","100","72.30",
="032871","亞光國泰53購05","94,000","2","131,190","1.41","1.41","1.32","1.32","-","0.10","1.30","499","1.32","418","161.50",
="032872","臻鼎國泰53購03","641,000","9","978,510","1.70","1.70","1.49","1.49","-","0.03","1.47","499","1.49","499","171.50",
="032873","立積國泰53購01","0","0","0","--","--","--","--"," ","0.00","--","0","--","0","151.50",
="032874","長榮太第一56購01","186,000","12","315,740","1.82","1.85","1.63","1.73","-","0.28","1.73","10","1.76","10","0.00",
="032875","臻鼎第一56購01","68,000","9","188,060","2.77","2.82","2.66","2.70","-","0.04","2.55","10","2.58","10","0.00",
="032876","SP黃豆凱基58購01","25,000","2","18,150","0.73","0.73","0.72","0.72","-","0.10","0.73","10","0.74","50","19.68",
="032877","南亞凱基53購07","146,000","15","119,930","0.80","0.88","0.73","0.73","-","0.01","0.67","100","0.77","10","39.80",
="032878","南港凱基53購01","20,000","2","25,300","1.20","1.33","1.20","1.33"," ","0.00","1.32","10","1.42","10","41.15",
="032879","鴻海凱基53購14","51,000","2","82,110","1.61","1.61","1.61","1.61","X","0.00","1.62","499","1.63","499","221.00",
="03287U","臺股指富邦4C售12","50,000","1","2,500","0.05","0.05","0.05","0.05","X","0.00","0.04","599","0.05","98","0.00",
="032880","鴻海凱基53購15","540,000","10","610,200","1.13","1.13","1.13","1.13","+","0.15","1.14","499","1.15","499","221.00",
="032881","廣宇凱基54購01","11,000","1","30,140","2.74","2.74","2.74","2.74","X","0.00","2.65","100","2.66","10","54.10",
="032882","台積電凱基53購35","28,000","3","30,590","1.01","1.10","1.01","1.09","+","0.21","1.06","100","1.16","10","1,340.00",
="032883","智邦凱基53購04","2,000","1","1,240","0.62","0.62","0.62","0.62","+","0.05","0.62","100","0.64","30","1,005.00",
="032884","金像電凱基53購06","117,000","7","196,630","1.59","1.71","1.59","1.66","+","0.12","1.61","100","1.71","10","455.00",
="032885","威盛凱基53購01","0","0","0","--","--","--","--"," ","0.00","0.33","100","0.34","40","59.50",
="032886","強茂凱基53購02","0","0","0","--","--","--","--"," ","0.00","2.35","10","2.45","10","71.70",
="032887","新興凱基53購01","42,000","2","51,000","1.20","1.22","1.20","1.22","-","0.24","1.22","10","1.23","10","22.60",
="032888","裕民凱基53購01","0","0","0","--","--","--","--"," ","0.00","0.52","100","0.53","30","55.30",
="032889","長榮太凱基53購01","296,000","12","294,170","1.08","1.08","0.96","1.01","-","0.20","0.99","100","1.02","10","168.50",
="03288U","臺股指富邦53售06","0","0","0","--","--","--","--"," ","0.00","0.21","499","0.22","100","0.00",
="032890","長榮太凱基56購01","86,000","3","96,000","1.20","1.20","1.11","1.12","-","0.30","1.11","100","1.12","10","168.50",
="032891","亞光凱基53購05","9,000","1","13,770","1.53","1.53","1.53","1.53","-","0.05","1.48","499","1.49","30","161.50",
="032892","德律凱基53購01","519,000","15","305,560","0.62","0.65","0.57","0.58","-","0.01","0.57","10","0.59","10","189.00",
="032893","聯詠凱基53購01","122,000","14","227,990","1.71","1.93","1.71","1.86","+","0.15","1.78","100","1.88","10","443.00",
="032894","新日興凱基53購05","30,000","2","66,850","2.22","2.23","2.22","2.23","-","0.04","2.12","10","2.22","10","237.00",
="032897","神達凱基56購01","2,726,000","55","6,275,930","2.31","2.43","2.23","2.34","+","0.17","2.33","100","2.34","5","90.00",
="032898","立積凱基54購01","130,000","5","188,870","1.57","1.57","1.45","1.45","-","0.24","1.47","10","1.49","10","151.50",
="03289U","香港2X凱基52售01","0","0","0","--","--","--","--"," ","0.00","0.16","10","0.17","50","0.00",
="032901","達興凱基53購04","71,000","15","269,490","3.66","4.37","3.54","4.37","+","0.93","4.14","10","4.16","10","399.00",
="032902","亞翔凱基53購02","89,000","16","270,680","3.07","3.13","2.87","3.13","+","0.11","3.04","10","3.06","10","358.50",
="032903","樺漢凱基53購01","10,000","1","12,900","1.29","1.29","1.29","1.29","X","0.00","1.28","10","1.29","10","299.00",
="032905","穎崴凱基58購01","108,000","16","495,740","4.67","4.70","4.40","4.62","-","0.05","4.62","100","--","0","2,015.00",
="032906","緯穎凱基58購01","0","0","0","--","--","--","--"," ","0.00","1.29","100","1.30","10","3,140.00",
="032907","緯穎凱基58購02","46,000","1","60,260","1.31","1.31","1.31","1.31","+","0.02","1.28","100","1.29","10","3,140.00",
="032908","緯穎凱基5B購01","0","0","0","--","--","--","--"," ","0.00","1.59","100","1.60","10","3,140.00",
="03290U","美債2X凱基52售01","0","0","0","--","--","--","--"," ","0.00","0.26","100","0.27","50","0.00",
="032910","緯穎凱基5B購02","72,000","3","95,000","1.31","1.37","1.31","1.35","-","0.01","1.33","100","1.34","10","3,140.00",
="032911","洋基凱基53購04","81,000","1","81,000","1.00","1.00","1.00","1.00","+","0.06","0.99","100","1.00","10","449.00",
="032913","富世達凱基53購01","202,000","11","175,520","0.84","0.89","0.82","0.82","X","0.00","0.81","100","--","0","1,010.00",
="032914","昇陽半凱基53購02","270,000","23","777,970","2.79","2.98","2.74","2.74","+","0.01","2.64","100","2.66","10","179.50",
="032916","南電凱基53購06","70,000","7","318,220","4.98","4.98","4.31","4.31","-","0.22","4.29","100","4.31","10","234.50",
="032918","臺股指凱基53購19","0","0","0","--","--","--","--"," ","0.00","3.55","100","3.56","10","0.00",
="032919","臺股指凱基55購10","3,000","1","8,310","2.77","2.77","2.77","2.77","+","0.11","2.86","100","2.87","10","0.00",
="03291U","長榮凱基4C售04","0","0","0","--","--","--","--"," ","0.00","0.51","100","0.52","10","0.00",
="032920","深中小元富52購01","0","0","0","--","--","--","--"," ","0.00","0.21","5","--","0","15.68",
="032921","同欣電統一51購01","0","0","0","--","--","--","--"," ","0.00","0.03","10","0.12","10","120.50",
="032922","中50元富52購01","0","0","0","--","--","--","--"," ","0.00","0.29","4","--","0","26.30",
="032924","波力統一51購01","0","0","0","--","--","--","--"," ","0.00","0.21","20","--","0","176.50",
="032925","波力統一55購01","0","0","0","--","--","--","--"," ","0.00","0.29","10","0.30","10","176.50",
="032926","台達電元富52購04","43,000","10","219,340","5.10","5.15","4.85","4.85","-","0.15","4.68","25","4.78","10","893.00",
="032927","鴻海元富52購16","123,000","17","272,080","2.18","2.26","2.16","2.26","+","0.25","2.24","25","2.26","25","221.00",
="032928","金像電元富52購04","0","0","0","--","--","--","--"," ","0.00","0.53","25","0.54","25","455.00",
="032929","金像電元富58購01","43,000","1","66,220","1.54","1.54","1.54","1.54","+","0.14","1.49","25","1.50","25","455.00",
="03292U","陽明凱基4C售07","5,000","1","7,900","1.58","1.58","1.58","1.58","+","0.01","1.61","10","1.62","10","0.00",
="032930","宏達電元富52購03","0","0","0","--","--","--","--"," ","0.00","4.06","25","4.08","25","64.60",
="032931","宏達電元富52購04","87,000","5","237,100","2.77","2.80","2.68","2.68","-","0.02","2.67","25","2.68","25","64.60",
="032932","長榮太元富52購02","76,000","3","75,600","1.05","1.05","0.95","0.95","-","0.24","0.96","25","0.97","25","168.50",
="032933","神基元富52購01","3,000","1","11,790","3.93","3.93","3.93","3.93","+","0.17","3.79","25","3.89","10","163.50",
="032934","德律元富52購01","28,000","1","43,120","1.54","1.54","1.54","1.54","+","0.11","1.47","25","1.48","25","189.00",
="032935","世芯元富52購11","0","0","0","--","--","--","--"," ","0.00","0.75","25","0.76","25","3,700.00",
="032936","神達元富52購06","22,000","1","40,260","1.83","1.83","1.83","1.83","+","0.26","1.83","25","1.84","25","90.00",
="032937","穎崴元富52購02","0","0","0","--","--","--","--"," ","0.00","6.35","25","6.85","25","2,015.00",
="032938","緯穎元富53購05","30,000","2","27,420","0.86","0.92","0.86","0.92","X","0.00","0.87","25","0.88","25","3,140.00",
="032939","昇陽半元富52購04","28,000","3","118,630","4.23","4.42","4.23","4.42","+","0.13","4.08","25","4.18","10","179.50",
="03293U","萬海凱基51售02","0","0","0","--","--","--","--"," ","0.00","3.89","100","3.99","10","0.00",
="032940","南亞統一56購03","98,000","1","58,800","0.60","0.60","0.60","0.60","+","0.04","0.52","10","0.53","10","39.80",
="032941","宇隆統一56購03","0","0","0","--","--","--","--"," ","0.00","0.40","10","0.41","10","217.00",
="032942","鴻海統一68購03","33,000","8","23,110","0.68","0.71","0.68","0.69","+","0.02","0.70","10","0.71","10","221.00",
="032943","燿華統一56購03","0","0","0","--","--","--","--"," ","0.00","0.47","10","0.48","10","27.50",
="032944","漢唐統一64購01","0","0","0","--","--","--","--"," ","0.00","0.45","10","0.46","10","987.00",
="032945","建準統一56購02","21,000","1","13,440","0.64","0.64","0.64","0.64","+","0.06","0.57","10","0.58","10","129.00",
="032946","建準統一59購01","80,000","2","48,000","0.60","0.60","0.60","0.60","+","0.04","0.53","10","0.54","10","129.00",
="032947","長榮太統一59購01","24,000","3","12,150","0.51","0.51","0.48","0.48","-","0.06","0.47","10","0.48","10","168.50",
="032948","神基統一56購01","600,000","21","775,570","1.27","1.31","1.26","1.27","+","0.03","1.27","10","1.28","10","163.50",
="032949","亞光統一57購03","51,000","1","31,620","0.62","0.62","0.62","0.62","-","0.01","0.59","10","0.60","10","161.50",
="03294U","萬海凱基51售03","0","0","0","--","--","--","--"," ","0.00","2.25","10","2.26","10","0.00",
="032950","亞光統一5B購03","60,000","4","37,700","0.64","0.64","0.60","0.60","-","0.03","0.59","10","0.60","10","161.50",
="032951","德律統一64購01","0","0","0","--","--","--","--"," ","0.00","0.66","10","0.67","10","189.00",
="032952","精銳統一5B購01","10,000","1","5,900","0.59","0.59","0.59","0.59","X","0.00","0.57","10","0.58","10","695.00",
="032953","臻鼎統一56購01","246,000","6","157,490","0.64","0.65","0.62","0.62","-","0.02","0.58","10","0.59","10","171.50",
="032954","臻鼎統一56購02","517,000","22","381,490","0.74","0.75","0.67","0.67","-","0.05","0.67","10","0.68","10","171.50",
="032955","臻鼎統一58購02","354,000","16","205,220","0.58","0.59","0.52","0.53","-","0.04","0.53","10","0.54","10","171.50",
="032956","臻鼎統一64購01","50,000","3","38,260","0.77","0.77","0.73","0.73","-","0.04","0.73","10","0.74","10","171.50",
="032957","達興統一5B購01","297,000","8","285,570","0.94","1.05","0.94","1.02","+","0.10","1.02","10","1.03","10","399.00",
="032958","達興統一64購01","279,000","13","333,570","1.17","1.24","1.17","1.24","+","0.02","1.24","10","1.25","10","399.00",
="032959","精成科統一58購03","431,000","15","391,780","0.96","0.96","0.85","0.85","-","0.12","0.85","10","0.86","10","125.50",
="03295U","萬海凱基52售02","0","0","0","--","--","--","--"," ","0.00","3.23","100","3.24","10","0.00",
="032960","精成科統一5C購02","313,000","5","225,100","0.74","0.74","0.63","0.63","-","0.08","0.64","10","0.65","10","125.50",
="032961","富世達統一5C購01","60,000","7","39,470","0.63","0.66","0.63","0.64","+","0.03","0.63","15","0.64","5","1,010.00",
="032962","上証2X群益52購05","0","0","0","--","--","--","--"," ","0.00","0.26","4","2.75","10","47.20",
="032963","滬深2X群益58購01","1,504,000","4","1,794,680","1.19","1.20","1.18","1.18","-","0.07","1.18","50","1.27","17","19.04",
="032964","台塑群益53購02","0","0","0","--","--","--","--"," ","0.00","1.12","10","1.22","10","38.60",
="032965","國喬群益53購02","100,000","2","47,500","0.47","0.48","0.47","0.48","X","0.00","0.50","25","0.51","10","9.51",
="032966","和大群益52購01","0","0","0","--","--","--","--"," ","0.00","0.99","25","1.01","10","65.30",
="032967","華新群益53購02","28,000","1","38,920","1.39","1.39","1.39","1.39","+","0.10","1.24","10","1.34","10","24.05",
="032968","川湖群益52購05","48,000","6","223,150","4.69","4.72","4.58","4.66","X","0.00","4.46","100","4.54","100","3,220.00",
="032969","宇隆群益52購02","0","0","0","--","--","--","--"," ","0.00","0.56","10","0.66","10","217.00",
="03296U","萬海凱基54售01","0","0","0","--","--","--","--"," ","0.00","3.10","10","3.11","10","0.00",
="032970","金寶群益53購01","0","0","0","--","--","--","--"," ","0.00","0.81","25","0.83","10","19.60",
="032971","鴻海群益52購14","102,000","2","113,700","1.12","1.12","1.10","1.10","X","0.00","1.11","100","1.13","100","221.00",
="032972","台積電群益54購22","0","0","0","--","--","--","--"," ","0.00","0.01","100","--","0","1,340.00",
="032973","所羅門群益52購01","97,000","2","56,290","0.59","0.59","0.57","0.57","X","0.00","0.13","30","--","0","144.50",
="032974","矽統群益52購04","1,000","1","1,860","1.86","1.86","1.86","1.86","-","0.22","1.83","25","1.84","10","58.60",
="032975","全新群益57購01","29,000","1","26,680","0.92","0.92","0.92","0.92","-","0.04","0.51","19","--","0","160.00",
="032976","鉅祥群益52購02","225,000","7","523,950","2.51","2.51","2.31","2.31","-","0.17","2.30","100","2.34","100","108.50",
="032977","強茂群益52購02","18,000","5","33,460","1.90","1.90","1.83","1.89","-","0.15","1.90","10","2.00","10","71.70",
="032978","宏達電群益52購04","0","0","0","--","--","--","--"," ","0.00","0.75","14","1.80","10","64.60",
="032979","中航群益52購01","20,000","1","21,400","1.07","1.07","1.07","1.07","-","0.07","0.01","499","--","0","51.70",
="03297U","萬海凱基56售03","4,000","2","9,960","2.47","2.51","2.47","2.51","+","0.05","2.53","100","2.54","10","0.00",
="032980","長榮太群益53購03","82,000","4","53,540","0.67","0.67","0.63","0.63","-","0.21","0.62","100","0.63","100","168.50",
="032981","德律群益52購04","0","0","0","--","--","--","--"," ","0.00","0.83","10","0.93","10","189.00",
="032982","景碩群益52購04","266,000","7","363,930","1.37","1.37","1.36","1.36","-","0.09","0.60","16","--","0","111.50",
="032983","昇貿群益54購02","2,000","1","4,260","2.13","2.13","2.13","2.13","-","0.10","1.06","9","3.50","3","114.00",
="032984","聯鈞群益52購04","31,000","8","98,280","2.89","3.50","2.89","3.37","+","0.54","2.30","1","3.60","1","278.00",
="032985","健策群益52購08","0","0","0","--","--","--","--"," ","0.00","3.29","2","4.08","10","2,355.00",
="032986","健策群益54購02","225,000","31","587,030","2.45","2.71","2.40","2.56","+","0.18","2.57","10","2.67","10","2,355.00",
="032987","世芯群益58購02","348,000","8","181,120","0.53","0.53","0.51","0.51","-","0.04","0.48","4","--","0","3,700.00",
="032988","臻鼎群益52購05","222,000","12","257,960","1.25","1.28","1.08","1.11","-","0.12","1.10","10","1.20","10","171.50",
="032989","緯穎群益52購11","0","0","0","--","--","--","--"," ","0.00","0.06","52","--","0","3,140.00",
="03298U","臺股指凱基4C售18","650,000","10","52,300","0.09","0.09","0.07","0.08","-","0.02","0.07","100","0.08","10","0.00",
="032990","洋基群益53購03","42,000","2","28,510","0.67","0.68","0.67","0.68","+","0.05","0.65","10","0.75","10","449.00",
="032991","富世達群益52購08","3,000","3","2,410","0.68","1.00","0.68","1.00","+","0.38","0.67","30","0.75","10","1,010.00",
="032992","南電群益52購06","22,000","7","161,450","7.70","7.70","6.60","6.60","-","0.15","6.55","10","7.05","10","234.50",
="032993","南電群益52購07","116,000","14","413,590","3.68","3.76","3.15","3.15","+","0.05","3.12","10","3.22","10","234.50",
="032994","至上群益53購01","105,000","5","114,760","1.10","1.10","1.05","1.06","-","0.19","1.04","10","1.14","10","45.05",
="032995","世紀鋼群益52購02","30,000","1","29,700","0.99","0.99","0.99","0.99","+","0.01","0.91","10","1.01","10","171.50",
="032996","A50正2元大54購03","17,000","4","29,630","1.80","1.83","1.73","1.73","X","0.00","1.79","250","1.80","100","32.79",
="032997","台泥元大54購01","234,000","8","142,530","0.75","0.75","0.59","0.62","-","0.13","0.61","499","0.62","1","23.75",
="032998","台化元大54購02","0","0","0","--","--","--","--"," ","0.00","1.47","499","1.49","10","28.95",
="032999","華城元大54購13","734,000","10","877,960","1.19","1.21","1.16","1.21","+","0.02","1.17","512","1.18","10","586.00",
="03299U","國泰金中信4C售01","0","0","0","--","--","--","--"," ","0.00","0.02","499","0.03","10","0.00",
="033000","和大元大53購01","0","0","0","--","--","--","--"," ","0.00","1.52","450","1.54","10","65.30",
="033001","大成鋼元大54購05","0","0","0","--","--","--","--"," ","0.00","1.09","499","1.10","10","37.90",
="033002","川湖元大53購03","237,000","5","337,900","1.39","1.51","1.36","1.50","X","0.00","1.35","25","1.41","10","3,220.00",
="033003","為升元大53購01","0","0","0","--","--","--","--"," ","0.00","4.12","150","--","0","130.00",
="033004","宇隆元大53購01","101,000","4","63,020","0.57","0.68","0.57","0.62","-","0.05","0.56","499","0.57","10","217.00",
="033005","宇隆元大53購02","0","0","0","--","--","--","--"," ","0.00","0.85","499","0.87","10","217.00",
="033006","鴻海元大54購18","82,000","3","78,840","0.96","1.02","0.96","0.96","+","0.08","0.99","499","1.00","10","221.00",
="033007","台積電元大54購26","175,000","2","236,250","1.35","1.35","1.35","1.35","X","0.00","0.09","11","--","0","1,340.00",
="033008","光罩元大53購01","10,000","1","17,800","1.78","1.78","1.78","1.78","-","0.14","1.82","400","1.84","10","41.20",
="033009","所羅門元大53購03","605,000","8","248,360","0.44","0.44","0.40","0.41","-","0.01","0.40","499","0.41","10","144.50",
="03300U","聯發科永豐51售03","70,000","1","28,700","0.41","0.41","0.41","0.41","X","0.00","0.45","499","0.46","10","0.00",
="033010","昆盈元大53購02","91,000","8","90,710","1.02","1.02","0.96","0.96","-","0.07","0.95","499","0.96","10","42.60",
="033011","金像電元大54購07","537,000","18","270,110","0.52","0.52","0.49","0.52","+","0.03","0.49","499","0.50","10","455.00",
="033012","大同元大53購01","97,000","7","111,360","1.18","1.18","1.14","1.14","-","0.04","1.24","499","--","0","39.85",
="033013","漢唐元大53購09","0","0","0","--","--","--","--"," ","0.00","0.31","25","0.32","10","987.00",
="033014","漢唐元大53購10","3,000","1","1,110","0.37","0.37","0.37","0.37","-","0.03","0.39","25","0.40","10","987.00",
="033015","建準元大54購06","0","0","0","--","--","--","--"," ","0.00","0.53","499","0.54","10","129.00",
="033016","全新元大53購01","16,000","2","14,580","0.93","0.93","0.91","0.91","-","0.17","0.89","499","0.90","10","160.00",
="033017","飛宏元大53購01","0","0","0","--","--","--","--"," ","0.00","1.75","400","1.77","10","24.95",
="033018","盟立元大53購02","0","0","0","--","--","--","--"," ","0.00","1.84","25","1.87","10","72.30",
="033019","志聖元大53購02","27,000","6","50,360","1.85","1.97","1.76","1.76","X","0.00","--","0","--","0","197.00",
="03301U","長榮永豐4C售03","0","0","0","--","--","--","--"," ","0.00","2.29","499","2.31","10","0.00",
="033020","鉅祥元大53購02","0","0","0","--","--","--","--"," ","0.00","3.71","200","3.79","10","108.50",
="033021","強茂元大53購01","9,000","2","25,030","2.75","2.82","2.75","2.82","-","0.21","2.83","250","2.85","10","71.70",
="033022","長榮太元大53購01","457,000","10","244,110","0.59","0.59","0.51","0.54","-","0.10","0.53","499","0.54","10","168.50",
="033023","長榮太元大53購02","3,000","1","2,700","0.90","0.90","0.90","0.90","-","0.17","0.88","499","0.89","10","168.50",
="033024","亞光元大54購07","250,000","1","212,500","0.85","0.85","0.85","0.85","-","0.04","0.82","499","0.83","10","161.50",
="033025","德律元大54購03","1,625,000","31","1,081,680","0.68","0.74","0.63","0.64","-","0.07","0.64","499","0.65","10","189.00",
="033026","華晶科元大54購02","61,000","4","98,100","1.60","1.62","1.53","1.53","-","0.08","1.50","499","1.51","10","52.80",
="033027","緯創元大54購10","0","0","0","--","--","--","--"," ","0.00","1.45","10","1.47","10","122.50",
="033028","昇貿元大54購02","535,000","16","1,462,230","2.92","2.92","2.70","2.70","-","0.17","2.61","250","--","0","114.00",
="033029","創意元大54購05","1,328,000","18","1,140,960","0.82","0.88","0.82","0.86","+","0.09","0.85","35","0.86","5","1,315.00",
="03302U","萬海永豐4C售02","13,000","1","19,890","1.53","1.53","1.53","1.53","X","0.00","1.55","499","1.56","10","0.00",
="033030","臻鼎元大53購04","391,000","17","373,010","1.01","1.02","0.88","0.89","-","0.09","0.88","499","0.89","10","171.50",
="033031","臻鼎元大54購03","326,000","11","340,720","1.08","1.09","0.99","0.99","+","0.01","0.94","499","0.95","10","171.50",
="033032","立積元大53購01","195,000","8","163,950","0.88","0.88","0.81","0.81","-","0.15","0.82","499","0.84","10","151.50",
="033033","jpp元大53購01","97,000","11","302,300","3.23","3.25","3.02","3.06","-","0.13","3.08","14","3.10","10","286.50",
="033034","迅得元大54購01","174,000","9","120,250","0.72","0.72","0.66","0.66","-","0.01","0.62","499","0.63","10","176.00",
="033035","緯穎元大54購15","13,000","2","19,500","1.50","1.50","1.50","1.50","-","0.02","1.46","499","1.47","10","3,140.00",
="033036","AES元大54購07","0","0","0","--","--","--","--"," ","0.00","0.59","499","0.60","10","1,195.00",
="033037","富世達元大54購11","1,047,000","9","387,960","0.36","0.43","0.36","0.38","+","0.02","0.37","499","0.38","10","1,010.00",
="033038","南電元大54購04","247,000","19","1,126,150","4.80","4.90","4.24","4.24","-","0.14","4.22","150","4.24","10","234.50",
="033039","泰金寶元大54購01","50,000","2","24,000","0.48","0.48","0.48","0.48","-","0.01","0.48","499","0.49","10","6.02",
="03303U","萬海永豐52售01","0","0","0","--","--","--","--"," ","0.00","2.46","499","2.47","10","0.00",
="033040","台塑台新52購01","0","0","0","--","--","--","--"," ","0.00","0.38","25","--","0","0.00",
="033041","T50反1中信62購02","22,000","2","22,200","1.01","1.01","1.00","1.00","-","0.05","1.00","100","1.01","100","0.00",
="033042","景碩中信53購01","127,000","9","76,250","0.62","0.66","0.55","0.55","-","0.07","0.53","10","0.54","10","0.00",
="033043","台灣50永豐54購03","0","0","0","--","--","--","--"," ","0.00","1.52","499","1.53","10","58.45",
="033044","A50正2永豐54購01","0","0","0","--","--","--","--"," ","0.00","0.12","8","--","0","32.79",
="033045","聯發科永豐53購03","32,000","2","20,480","0.64","0.64","0.64","0.64","-","0.07","0.61","10","0.62","10","1,375.00",
="033046","聯發科永豐54購04","101,000","7","121,200","1.21","1.21","1.17","1.17","-","0.14","1.16","499","1.19","10","1,375.00",
="033047","聯詠永豐53購01","44,000","4","59,970","1.35","1.40","1.35","1.36","+","0.14","1.26","499","1.36","10","443.00",
="033048","辛耘永豐53購02","2,000","1","1,820","0.91","0.91","0.91","0.91","X","0.00","0.86","499","0.87","10","388.00",
="033049","神達永豐53購06","196,000","12","241,850","1.14","1.27","1.14","1.27","+","0.11","1.19","499","1.20","10","90.00",
="03304U","T50正2元富54售03","0","0","0","--","--","--","--"," ","0.00","0.09","75","0.10","25","0.00",
="033050","采鈺永豐53購01","90,000","7","203,060","2.24","2.28","2.19","2.26","-","0.18","2.22","10","2.23","10","305.50",
="033051","台虹永豐53購02","63,000","9","140,690","2.20","2.44","2.14","2.14","-","0.10","2.09","10","2.11","10","63.30",
="033052","所羅門國泰53購01","5,000","1","5,750","1.15","1.15","1.15","1.15","-","0.05","1.13","499","1.15","200","144.50",
="033053","京元電國泰53購03","13,000","1","36,400","2.80","2.80","2.80","2.80","+","0.04","2.55","499","2.58","100","167.00",
="033054","晟銘電國泰53購02","0","0","0","--","--","--","--"," ","0.00","0.85","499","0.86","499","121.00",
="033055","瀚宇博國泰53購01","0","0","0","--","--","--","--"," ","0.00","4.73","10","4.79","10","104.00",
="033056","迅得國泰53購02","36,000","2","50,010","1.41","1.41","1.36","1.36","+","0.07","1.24","499","1.25","300","176.00",
="033057","健策第一56購01","0","0","0","--","--","--","--"," ","0.00","20.60","10","--","0","0.00",
="033058","道瓊銅凱基58購01","0","0","0","--","--","--","--"," ","0.00","0.98","100","0.99","10","25.59",
="033059","中高息凱基53購01","0","0","0","--","--","--","--"," ","0.00","0.71","100","0.72","50","13.84",
="03305U","T50正2群益4C售02","100,000","1","6,000","0.06","0.06","0.06","0.06","X","0.00","0.05","325","0.06","10","0.00",
="033060","台泥凱基53購02","31,000","2","38,720","1.22","1.25","1.22","1.25","-","0.29","1.23","12","1.27","10","23.75",
="033061","台化凱基54購01","27,000","1","30,240","1.12","1.12","1.12","1.12","X","0.00","1.04","10","1.05","10","28.95",
="033062","允強凱基53購01","35,000","1","10,500","0.30","0.30","0.30","0.30","-","0.01","0.28","10","0.29","30","19.75",
="033063","台達電凱基53購04","6,000","1","31,500","5.25","5.25","5.25","5.25","-","0.85","5.20","100","5.70","10","893.00",
="033064","華通凱基56購01","4,000","1","7,960","1.99","1.99","1.99","1.99","X","0.00","1.77","100","1.78","10","77.00",
="033065","鴻海凱基53購17","126,000","7","215,390","1.69","1.74","1.68","1.70","+","0.10","1.71","499","1.72","499","221.00",
="033066","鴻海凱基53購18","2,000","2","2,300","1.15","1.15","1.15","1.15","+","0.18","1.15","499","1.16","499","221.00",
="033067","鴻海凱基53購19","10,000","1","12,300","1.23","1.23","1.23","1.23","X","0.00","1.25","499","1.26","499","221.00",
="033068","台積電凱基54購16","0","0","0","--","--","--","--"," ","0.00","1.96","100","2.06","10","1,340.00",
="033069","所羅門凱基53購03","5,000","1","3,950","0.79","0.79","0.79","0.79","X","0.00","0.77","10","0.79","10","144.50",
="03306U","亞力群益4C售01","0","0","0","--","--","--","--"," ","0.00","0.28","35","--","0","0.00",
="033070","盟立凱基53購01","5,000","5","11,610","2.42","2.42","2.28","2.28","+","0.07","2.21","10","2.31","10","72.30",
="033071","志聖凱基53購01","107,000","7","296,350","2.69","2.93","2.69","2.93","+","0.28","2.67","100","2.77","10","197.00",
="033072","鉅祥凱基53購02","3,000","1","11,250","3.75","3.75","3.75","3.75","-","0.23","3.45","100","3.51","10","108.50",
="033073","宏達電凱基53購04","1,000","1","2,500","2.50","2.50","2.50","2.50"," ","0.00","2.46","100","--","0","64.60",
="033074","亞光凱基53購06","11,000","1","13,640","1.24","1.24","1.24","1.24","-","0.07","1.21","100","1.22","10","161.50",
="033075","景碩凱基53購02","228,000","12","212,980","0.97","1.09","0.91","0.91","-","0.04","0.91","100","0.93","10","111.50",
="033076","創意凱基54購02","73,000","3","90,220","1.24","1.24","1.23","1.23","X","0.00","1.22","100","1.25","10","1,315.00",
="033077","健策凱基54購01","558,000","28","1,635,860","2.64","3.00","2.64","2.83","+","0.21","2.83","100","2.87","10","2,355.00",
="033078","神達凱基53購04","36,000","4","48,150","1.34","1.35","1.32","1.35","+","0.10","1.30","100","1.31","30","90.00",
="033079","臻鼎凱基54購02","121,000","5","117,480","1.02","1.06","0.96","0.98","-","0.09","0.97","100","0.98","10","171.50",
="03307U","所羅門群益4C售03","0","0","0","--","--","--","--"," ","0.00","0.15","30","--","0","0.00",
="033080","臻鼎凱基54購03","60,000","4","68,480","1.19","1.19","1.03","1.03","-","0.13","1.03","100","1.04","10","171.50",
="033081","立積凱基54購02","22,000","5","35,520","1.67","1.67","1.54","1.54","-","0.17","1.57","10","1.59","10","151.50",
="033082","迅得凱基54購02","43,000","5","35,490","0.84","0.84","0.76","0.76","-","0.03","0.73","100","0.74","10","176.00",
="033083","采鈺凱基53購01","94,000","14","304,400","3.32","3.42","3.02","3.04","-","0.38","3.11","10","3.17","10","305.50",
="033084","富世達凱基54購06","0","0","0","--","--","--","--"," ","0.00","1.23","100","1.25","30","1,010.00",
="033085","昇陽半凱基54購02","45,000","8","142,730","3.09","3.30","2.97","2.97","-","0.11","2.95","100","3.00","10","179.50",
="033086","至上凱基53購01","50,000","8","67,650","1.40","1.40","1.31","1.36","-","0.21","1.30","5","1.33","10","45.05",
="033087","台灣50兆豐58購01","8,000","4","10,350","1.30","1.30","1.28","1.28","+","0.12","1.28","10","1.29","10","58.45",
="033088","川湖兆豐53購03","101,000","4","121,200","1.20","1.20","1.20","1.20","-","0.02","1.14","10","1.18","10","3,220.00",
="033089","台達電兆豐53購02","49,000","8","140,080","3.19","3.19","2.79","2.86","-","0.28","2.83","3","2.86","7","893.00",
="03308U","長榮群益4C售03","0","0","0","--","--","--","--"," ","0.00","1.37","100","1.39","50","0.00",
="033090","大同兆豐54購01","44,000","2","25,320","0.58","0.58","0.57","0.57","+","0.02","0.57","10","0.58","10","39.85",
="033091","聯發科兆豐55購01","15,000","1","10,050","0.67","0.67","0.67","0.67","X","0.00","0.60","10","0.62","10","1,375.00",
="033092","景碩兆豐55購01","187,000","7","126,850","0.66","0.70","0.66","0.70","+","0.04","0.61","10","0.62","10","111.50",
="033093","采鈺兆豐54購01","293,000","25","359,810","1.25","1.26","1.18","1.18","-","0.11","1.17","15","1.18","10","305.50",
="033094","富世達兆豐54購02","111,000","7","87,350","0.74","0.83","0.74","0.83","X","0.00","0.75","10","0.76","10","1,010.00",
="033095","卜蜂群益52購01","40,000","2","25,700","0.62","0.65","0.62","0.65","+","0.02","0.01","499","--","0","134.00",
="033096","南亞群益52購04","0","0","0","--","--","--","--"," ","0.00","0.77","2","--","0","39.80",
="033097","南亞群益53購03","0","0","0","--","--","--","--"," ","0.00","0.01","499","--","0","39.80",
="033098","劍麟群益54購01","95,000","4","90,600","0.96","0.96","0.86","0.86","-","0.20","0.82","18","0.89","10","108.50",
="033099","鴻海群益52購15","115,000","7","161,400","1.37","1.45","1.37","1.41","+","0.16","1.41","100","1.43","100","221.00",
="03309U","長榮群益4C售04","0","0","0","--","--","--","--"," ","0.00","1.51","100","1.56","100","0.00",
="033100","廣宇群益53購02","0","0","0","--","--","--","--"," ","0.00","1.64","10","1.74","10","54.10",
="033101","台積電群益54購23","34,000","4","39,560","1.14","1.19","1.14","1.19","X","0.00","0.21","20","--","0","1,340.00",
="033102","智邦群益58購02","34,000","2","23,700","0.70","0.70","0.69","0.69","+","0.04","0.68","102","0.69","100","1,005.00",
="033103","所羅門群益52購02","3,000","1","2,250","0.75","0.75","0.75","0.75","+","0.01","0.30","33","--","0","144.50",
="033104","金像電群益54購01","0","0","0","--","--","--","--"," ","0.00","0.56","10","0.66","10","455.00",
="033105","京元電群益54購01","8,000","1","18,400","2.30","2.30","2.30","2.30","X","0.00","2.07","10","2.17","10","167.00",
="033106","京元電群益54購02","303,000","4","719,220","2.56","2.56","2.31","2.44","-","0.10","2.31","10","2.41","10","167.00",
="033107","宏達電群益53購02","48,000","4","127,780","2.66","2.71","2.63","2.63","+","0.04","2.57","10","2.67","10","64.60",
="033108","宏達電群益54購02","31,000","4","126,680","4.12","4.12","4.06","4.06"," ","0.00","4.02","10","4.12","10","64.60",
="033109","長榮太群益53購04","526,000","12","379,180","0.76","0.76","0.68","0.73","-","0.16","0.73","100","0.74","100","168.50",
="03310U","陽明群益51售02","0","0","0","--","--","--","--"," ","0.00","2.20","25","2.26","10","0.00",
="033110","亞光群益52購05","36,000","3","102,450","2.91","2.91","2.84","2.84","-","0.05","2.72","100","2.77","100","161.50",
="033111","德律群益52購05","0","0","0","--","--","--","--"," ","0.00","0.41","10","0.51","10","189.00",
="033112","新日興群益56購01","39,000","5","28,450","0.74","0.75","0.70","0.70","-","0.06","0.35","28","--","0","237.00",
="033113","聯鈞群益52購05","422,000","50","2,712,750","5.50","7.00","5.50","6.55","+","1.20","2.49","20","8.80","1","278.00",
="033114","神達群益55購01","0","0","0","--","--","--","--"," ","0.00","0.91","10","1.01","10","90.00",
="033115","鈞興群益53購01","1,000","1","770","0.77","0.77","0.77","0.77","-","0.04","0.74","25","0.76","10","178.50",
="033116","立積群益52購04","0","0","0","--","--","--","--"," ","0.00","0.48","30","--","0","151.50",
="033117","亞翔群益52購02","0","0","0","--","--","--","--"," ","0.00","3.65","10","3.75","10","358.50",
="033118","矽力群益54購03","0","0","0","--","--","--","--"," ","0.00","0.13","76","--","0","273.00",
="033119","穎崴群益52購10","0","0","0","--","--","--","--"," ","0.00","8.45","10","8.95","10","2,015.00",
="03311U","萬海群益52售02","0","0","0","--","--","--","--"," ","0.00","1.89","10","1.99","10","0.00",
="033120","緯穎群益52購12","0","0","0","--","--","--","--"," ","0.00","0.09","123","1.10","10","3,140.00",
="033121","AES群益52購05","3,000","1","2,700","0.90","0.90","0.90","0.90","-","0.10","0.81","100","0.82","100","1,195.00",
="033122","富世達群益58購01","101,000","2","49,520","0.49","0.52","0.49","0.52","X","0.00","0.19","30","0.86","56","1,010.00",
="033123","昇陽半群益52購04","40,000","4","198,300","4.84","5.05","4.84","5.05","+","0.45","4.41","10","4.51","10","179.50",
="033124","T50正2元大54購01","21,000","2","52,830","2.51","2.63","2.51","2.63","X","0.00","2.65","100","2.66","10","302.45",
="033125","T50正2元大55購02","8,000","2","26,080","3.27","3.27","3.25","3.25","+","0.16","3.47","115","3.48","10","302.45",
="033126","元黃金元大54購02","63,000","8","101,370","1.61","1.63","1.58","1.61","+","0.19","1.61","235","1.62","104","40.68",
="033127","滬深2X元大53購08","998,000","3","2,850,280","2.73","2.99","2.73","2.99","X","0.00","2.64","250","2.65","100","19.04",
="033128","滬深2X元大54購05","0","0","0","--","--","--","--"," ","0.00","2.32","499","2.33","100","19.04",
="033129","滬深2X元大57購04","211,000","4","512,800","2.48","2.48","2.35","2.35","-","0.10","2.40","250","2.41","100","19.04",
="03312U","雄獅群益51售02","0","0","0","--","--","--","--"," ","0.00","0.47","100","0.48","100","0.00",
="033130","道瓊銀元大53購02","443,000","11","903,550","2.07","2.10","2.00","2.05","+","0.04","2.09","260","2.10","100","36.75",
="033131","南亞元大53購08","4,000","1","7,560","1.89","1.89","1.89","1.89","+","0.33","1.59","450","1.61","10","39.80",
="033132","南亞元大54購06","720,000","3","1,101,580","1.54","1.54","1.52","1.52","X","0.00","1.50","450","1.51","10","39.80",
="033133","華城元大54購14","0","0","0","--","--","--","--"," ","0.00","0.46","499","0.47","10","586.00",
="033134","和大元大53購02","120,000","2","140,000","1.18","1.18","1.10","1.10","-","0.08","1.08","499","1.09","10","65.30",
="033135","大亞元大53購02","124,000","4","175,840","1.42","1.43","1.35","1.35","X","0.00","1.36","499","1.37","10","39.85",
="033136","大成鋼元大54購06","0","0","0","--","--","--","--"," ","0.00","1.36","499","1.37","10","37.90",
="033137","川湖元大54購01","24,000","2","46,800","1.95","1.95","1.95","1.95","X","0.00","1.84","25","1.91","10","3,220.00",
="033138","光寶科元大54購07","396,000","18","899,600","2.26","2.48","2.20","2.38","-","0.12","2.32","300","2.42","13","183.00",
="033139","美時統一51購01","0","0","0","--","--","--","--"," ","0.00","0.11","10","0.12","10","192.00",
="03313U","國泰金群益4C售01","0","0","0","--","--","--","--"," ","0.00","0.38","100","0.39","100","0.00",
="033140","台達電元大54購06","161,000","20","1,265,300","8.05","8.10","7.45","7.45","-","0.45","7.40","25","7.45","8","893.00",
="033142","鴻海統一55購01","143,000","21","55,800","0.37","0.40","0.37","0.39","+","0.03","0.39","100","0.40","55","221.00",
="033143","華通元大54購01","52,000","3","119,640","2.33","2.33","2.11","2.11","-","0.17","2.03","350","2.04","10","77.00",
="033144","鴻海元大53購09","255,000","11","281,520","1.06","1.13","1.06","1.12","+","0.13","1.11","499","1.14","10","221.00",
="033145","鴻海元大54購19","5,000","5","5,450","1.02","1.11","1.02","1.11","+","0.15","1.10","499","1.11","10","221.00",
="033146","鴻準統一4B購01","10,000","2","1,150","0.12","0.12","0.11","0.11","-","0.01","0.03","10","0.12","10","70.70",
="033148","台積電元大54購27","292,000","3","446,760","1.53","1.53","1.53","1.53","X","0.00","0.11","9","--","0","1,340.00",
="03314U","精銳群益4C售01","0","0","0","--","--","--","--"," ","0.00","0.34","10","0.44","10","0.00",
="033150","燿華元大53購03","0","0","0","--","--","--","--"," ","0.00","0.82","499","0.83","10","27.50",
="033151","聯發科統一55購01","2,356,000","64","1,186,140","0.51","0.52","0.49","0.49","-","0.04","0.49","52","0.60","15","1,375.00",
="033152","漢唐元大53購11","0","0","0","--","--","--","--"," ","0.00","0.53","499","0.54","10","987.00",
="033153","全新元大53購02","39,000","4","41,750","1.11","1.11","1.05","1.07","-","0.13","1.01","5","1.02","10","160.00",
="033154","盟立元大53購03","0","0","0","--","--","--","--"," ","0.00","1.96","25","1.99","10","72.30",
="033155","宏達電元大53購02","89,000","12","179,940","2.06","2.06","1.98","1.98","-","0.01","1.97","400","1.98","5","64.60",
="033156","宏達電元大54購04","124,000","11","500,010","4.16","4.16","3.97","4.00","-","0.27","3.98","200","4.00","10","64.60",
="033157","慧洋元大53購02","0","0","0","--","--","--","--"," ","0.00","0.87","499","0.88","10","58.40",
="03315U","精銳群益4C售02","0","0","0","--","--","--","--"," ","0.00","0.58","10","0.68","10","0.00",
="033161","威健統一4B購01","0","0","0","--","--","--","--"," ","0.00","--","0","--","0","28.25",
="033163","慧洋元大53購03","5,000","1","5,000","1.00","1.00","1.00","1.00","-","0.16","0.98","499","0.99","10","58.40",
="033164","長榮太元大53購03","623,000","14","646,170","1.11","1.11","1.00","1.05","-","0.14","1.03","499","1.04","10","168.50",
="033165","大立光元大54購06","59,000","4","53,300","0.92","0.92","0.90","0.90","-","0.04","0.90","499","0.92","10","2,360.00",
="033168","華立元大53購01","33,000","3","20,100","0.61","0.61","0.60","0.61","-","0.02","0.60","499","0.61","10","98.80",
="033169","亞光元大54購08","171,000","4","182,050","1.08","1.08","1.05","1.05","-","0.03","1.01","499","1.02","10","161.50",
="03316U","世紀鋼群益4C售05","0","0","0","--","--","--","--"," ","0.00","0.61","100","0.64","100","0.00",
="033170","健鼎元大53購03","199,000","5","186,160","0.94","0.94","0.89","0.94"," ","0.00","0.94","499","0.95","10","309.50",
="033171","華晶科元大53購03","208,000","14","265,010","1.25","1.30","1.20","1.22","-","0.05","1.20","499","1.21","10","52.80",
="033172","景碩元大54購06","159,000","1","103,350","0.65","0.65","0.65","0.65","+","0.07","0.58","499","0.59","10","111.50",
="033173","新日興元大54購03","610,000","17","424,590","0.69","0.72","0.64","0.64","-","0.04","0.11","90","0.83","25","237.00",
="033174","京鼎元大53購03","144,000","15","335,990","2.23","2.37","2.23","2.28","+","0.13","2.19","350","2.22","10","306.00",
="033175","聯鈞元大54購01","352,000","29","1,056,660","2.72","3.27","2.68","3.13","+","0.41","3.19","25","3.23","10","278.00",
="033176","世芯元大54購17","0","0","0","--","--","--","--"," ","0.00","0.08","125","--","0","3,700.00",
="033177","南寶元大53購01","49,000","5","140,790","2.91","2.91","2.84","2.86","-","0.15","2.87","10","2.92","10","416.50",
="033178","臻鼎元大54購04","399,000","10","497,920","1.27","1.28","1.19","1.19","-","0.04","1.13","499","1.14","10","171.50",
="033179","立積元大53購02","648,000","10","573,390","0.89","0.89","0.81","0.81","-","0.14","0.82","25","0.83","10","151.50",
="03317U","群臺2X國票4C售01","0","0","0","--","--","--","--"," ","0.00","0.08","25","0.11","10","0.00",
="033180","立積元大53購03","145,000","10","151,550","1.08","1.08","1.00","1.00","-","0.15","1.01","25","1.03","10","151.50",
="033181","jpp元大54購01","79,000","11","244,630","3.16","3.22","3.01","3.04","-","0.08","3.06","17","3.08","10","286.50",
="033182","佳必琪元大53購04","171,000","5","82,080","0.48","0.48","0.48","0.48"," ","0.00","0.47","499","0.48","10","160.00",
="033183","迅得元大54購02","402,000","11","270,930","0.72","0.72","0.66","0.68","+","0.03","0.63","499","0.64","10","176.00",
="033184","緯穎元大54購16","8,000","2","15,110","1.90","1.90","1.87","1.87","-","0.01","1.85","400","1.86","10","3,140.00",
="033185","洋基元大53購05","779,000","17","477,540","0.64","0.64","0.60","0.61","+","0.06","0.60","499","0.61","10","449.00",
="033186","龍德船元大53購02","1,000","1","2,170","2.17","2.17","2.17","2.17","X","0.00","--","0","2.17","9","151.50",
="033187","AES元大54購08","75,000","7","81,050","1.04","1.12","1.04","1.09","-","0.08","0.98","499","1.00","10","1,195.00",
="033188","泓德元大53購01","51,000","6","35,720","0.70","0.72","0.70","0.72","-","0.01","0.59","499","0.69","10","125.50",
="033189","菱光元大53購02","153,000","8","304,130","1.90","2.05","1.90","1.97","X","0.00","1.95","453","1.97","10","60.90",
="03318U","聚陽國票51售01","0","0","0","--","--","--","--"," ","0.00","0.45","25","0.46","10","0.00",
="033190","南亞富邦54購03","160,000","6","55,110","0.38","0.38","0.33","0.34","+","0.01","0.32","10","0.33","10","0.00",
="033191","南亞富邦54購04","230,000","7","89,260","0.42","0.42","0.37","0.37","-","0.01","0.36","10","0.37","11","0.00",
="033192","南亞富邦55購02","0","0","0","--","--","--","--"," ","0.00","0.35","10","0.36","10","0.00",
="033193","台化富邦55購01","37,000","4","18,130","0.49","0.49","0.49","0.49","+","0.03","0.47","10","0.48","10","0.00",
="033194","中砂富邦53購02","0","0","0","--","--","--","--"," ","0.00","1.28","10","1.38","10","0.00",
="033195","台積電富邦53購07","157,000","4","171,560","1.08","1.12","1.08","1.12","X","0.00","1.18","30","1.19","10","0.00",
="033196","精英富邦52購01","179,000","15","155,210","0.84","0.89","0.83","0.89","+","0.07","0.89","30","0.90","10","0.00",
="033197","鴻準富邦55購01","243,000","10","149,320","0.62","0.63","0.59","0.59"," ","0.00","0.59","10","0.60","10","0.00",
="033198","燿華富邦54購02","0","0","0","--","--","--","--"," ","0.00","0.41","10","0.42","10","0.00",
="033199","燿華富邦55購01","0","0","0","--","--","--","--"," ","0.00","0.44","10","0.45","10","0.00",
="03319U","台達電國票4C售02","0","0","0","--","--","--","--"," ","0.00","--","0","0.01","245","0.00",
="033200","友達富邦52購01","317,000","12","294,020","0.91","0.95","0.84","0.91","+","0.07","0.89","30","0.90","10","0.00",
="033201","鉅祥富邦52購01","542,000","16","694,700","1.35","1.35","1.21","1.24","-","0.13","1.22","102","1.24","10","0.00",
="033202","新興富邦52購01","0","0","0","--","--","--","--"," ","0.00","0.34","30","0.35","10","0.00",
="033203","慧洋富邦52購01","0","0","0","--","--","--","--"," ","0.00","0.44","10","0.45","10","0.00",
="033204","長榮太富邦52購01","1,073,000","21","515,860","0.55","0.55","0.46","0.48","-","0.13","0.48","10","0.49","10","0.00",
="033205","嘉澤富邦54購01","0","0","0","--","--","--","--"," ","0.00","1.14","10","1.24","10","0.00",
="033206","世芯富邦55購01","125,000","2","45,350","0.37","0.37","0.36","0.36","X","0.00","0.34","10","0.35","10","0.00",
="033207","神達富邦53購03","3,187,000","80","2,393,240","0.79","0.83","0.69","0.75","+","0.06","0.75","37","0.76","10","0.00",
="033208","臻鼎富邦54購03","989,000","50","605,000","0.63","0.65","0.56","0.56","-","0.06","0.57","10","0.58","10","0.00",
="033209","臻鼎富邦54購04","293,000","14","225,440","0.79","0.80","0.74","0.75","-","0.05","0.72","15","0.73","10","0.00",
="03320U","萬海國票51售01","0","0","0","--","--","--","--"," ","0.00","1.65","25","1.66","10","0.00",
="033210","臻鼎富邦55購02","383,000","17","270,610","0.74","0.76","0.65","0.65","-","0.09","0.67","10","0.68","10","0.00",
="033211","瀚宇博富邦52購01","145,000","23","390,180","2.96","2.96","2.38","2.38","-","0.24","2.21","10","2.28","10","0.00",
="033212","迅得富邦55購01","717,000","11","355,320","0.51","0.52","0.48","0.48","-","0.02","0.46","10","0.47","10","0.00",
="033213","穎崴富邦55購01","0","0","0","--","--","--","--"," ","0.00","2.72","10","2.82","10","0.00",
="033214","AES富邦54購01","4,000","2","2,000","0.50","0.50","0.50","0.50","X","0.00","0.47","10","0.48","10","0.00",
="033215","采鈺富邦52購01","212,000","13","474,600","2.43","2.43","2.16","2.21","-","0.20","2.20","10","2.23","10","0.00",
="033216","台灣50永豐53購08","0","0","0","--","--","--","--"," ","0.00","3.36","499","3.39","10","58.45",
="033217","台灣50永豐55購03","0","0","0","--","--","--","--"," ","0.00","2.53","499","2.54","10","58.45",
="033218","宏達電永豐54購01","20,000","2","28,380","1.43","1.43","1.41","1.41","-","0.02","1.41","10","1.42","10","64.60",
="033219","世紀鋼永豐55購01","0","0","0","--","--","--","--"," ","0.00","8.15","499","8.25","10","171.50",
="03321U","精成科國票53售02","0","0","0","--","--","--","--"," ","0.00","0.15","25","0.16","10","0.00",
="033220","jpp兆豐54購01","12,000","2","27,090","2.27","2.27","2.24","2.24","-","0.06","2.20","10","2.29","10","286.50",
="033221","統一富邦52購01","130,000","2","94,900","0.73","0.73","0.73","0.73","-","0.02","0.72","10","0.73","10","0.00",
="033222","中鋼富邦54購01","120,000","11","85,400","0.71","0.72","0.71","0.71"," ","0.00","0.69","10","0.70","10","0.00",
="033223","聯電富邦52購01","367,000","28","398,070","1.03","1.16","1.03","1.09","+","0.10","1.10","30","1.11","10","0.00",
="033224","國泰金富邦52購01","299,000","8","187,760","0.61","0.64","0.61","0.63"," ","0.00","0.63","30","0.64","10","0.00",
="033225","元大金富邦52購01","398,000","10","440,190","1.08","1.12","1.07","1.10","-","0.03","1.11","30","1.12","10","0.00",
="033226","德律富邦52購02","296,000","6","155,540","0.53","0.55","0.51","0.51","-","0.02","0.51","10","0.52","10","0.00",
="033227","日月光富邦52購02","273,000","24","430,880","1.62","1.63","1.50","1.51","-","0.01","1.52","30","1.53","10","0.00",
="033228","台虹富邦52購01","191,000","19","264,100","1.39","1.50","1.34","1.35","-","0.02","1.31","10","1.32","10","0.00",
="033229","聯電國泰53購02","3,086,000","17","5,502,820","1.52","1.84","1.52","1.70","+","0.17","1.70","10","--","0","43.90",
="03322U","台光電元大4C售04","0","0","0","--","--","--","--"," ","0.00","0.04","499","0.14","10","0.00",
="033230","南寶國泰53購01","862,000","4","1,850,170","2.16","2.16","2.14","2.14","X","0.00","2.17","10","2.27","10","416.50",
="033231","jpp國泰53購02","0","0","0","--","--","--","--"," ","0.00","3.41","10","3.51","10","286.50",
="033232","采鈺國泰53購01","44,000","6","205,740","4.70","4.70","4.58","4.58","-","0.18","4.44","499","4.48","100","305.50",
="033233","采鈺國泰53購02","189,000","15","1,044,750","5.45","5.60","5.20","5.20","-","0.35","5.15","499","5.20","100","305.50",
="033234","台虹國泰53購01","0","0","0","--","--","--","--"," ","0.00","3.09","499","3.13","100","63.30",
="033235","中興電元富52購01","0","0","0","--","--","--","--"," ","0.00","0.93","25","0.95","25","159.00",
="033236","台達電元富52購05","4,000","2","38,400","9.60","9.60","9.60","9.60","-","0.05","8.90","25","9.40","10","893.00",
="033237","台達電元富52購06","0","0","0","--","--","--","--"," ","0.00","6.25","25","--","0","893.00",
="033238","華通元富52購01","0","0","0","--","--","--","--"," ","0.00","1.36","25","1.37","25","77.00",
="033239","建準元富52購03","24,000","1","36,720","1.53","1.53","1.53","1.53","+","0.18","1.32","25","1.34","25","129.00",
="03323U","萬海元大4C售08","0","0","0","--","--","--","--"," ","0.00","1.10","499","1.11","200","0.00",
="033240","欣興元富52購06","2,000","1","6,240","3.12","3.12","3.12","3.12","+","0.18","3.00","25","3.05","25","159.00",
="033241","緯創元富52購03","30,000","1","33,900","1.13","1.13","1.13","1.13","+","0.06","1.10","25","1.12","25","122.50",
="033242","緯創元富52購04","40,000","1","44,800","1.12","1.12","1.12","1.12","X","0.00","1.08","25","1.10","25","122.50",
="033243","神達元富52購07","198,000","11","266,120","1.33","1.40","1.28","1.38","+","0.15","1.33","25","1.34","25","90.00",
="033244","神達元富52購08","5,000","4","7,190","1.48","1.48","1.40","1.44","+","0.11","1.48","25","1.49","25","90.00",
="033245","佳必琪元富52購04","36,000","1","34,200","0.95","0.95","0.95","0.95","-","0.03","0.93","25","0.94","25","160.00",
="033246","鈺邦元富52購01","58,000","12","361,050","6.40","6.40","5.45","5.45","-","0.80","5.55","25","5.60","25","198.50",
="033247","穎崴元富52購03","0","0","0","--","--","--","--"," ","0.00","8.10","25","8.60","25","2,015.00",
="033248","緯穎元富52購06","0","0","0","--","--","--","--"," ","0.00","1.53","25","1.54","25","3,140.00",
="033249","昇陽半元富52購05","0","0","0","--","--","--","--"," ","0.00","2.82","25","2.92","25","179.50",
="03324U","萬海元大4C售09","0","0","0","--","--","--","--"," ","0.00","1.24","499","1.25","200","0.00",
="033250","上証2X國票58購01","0","0","0","--","--","--","--"," ","0.00","2.35","25","2.36","10","47.20",
="033251","永光國票53購01","624,000","31","612,300","1.06","1.06","0.96","0.96","-","0.09","0.96","10","0.97","10","19.20",
="033252","為升國票53購02","121,000","10","574,270","4.90","4.90","4.71","4.77","-","1.33","4.77","25","4.87","10","130.00",
="033253","宇隆國票53購01","15,000","2","15,550","1.00","1.11","1.00","1.11","+","0.05","0.97","25","0.98","10","217.00",
="033254","金寶國票53購01","0","0","0","--","--","--","--"," ","0.00","1.11","25","1.12","10","19.60",
="033255","鴻海國票56購01","0","0","0","--","--","--","--"," ","0.00","1.65","25","1.66","10","221.00",
="033256","金像電國票53購06","2,000","1","4,180","2.09","2.09","2.09","2.09","X","0.00","2.05","25","2.06","10","455.00",
="033257","宏達電國票54購02","135,000","11","381,820","2.95","2.95","2.80","2.81","-","0.10","2.81","25","2.83","10","64.60",
="033258","裕民國票53購01","3,000","1","3,000","1.00","1.00","1.00","1.00","-","0.21","1.01","25","1.03","10","55.30",
="033259","大立光國票56購01","0","0","0","--","--","--","--"," ","0.00","1.17","25","1.19","10","2,360.00",
="03325U","萬海元大4C售10","6,000","2","10,380","1.73","1.73","1.73","1.73","X","0.00","1.74","450","1.75","2","0.00",
="033260","德律國票53購03","0","0","0","--","--","--","--"," ","0.00","1.13","25","1.14","10","189.00",
="033261","嘉澤國票57購01","7,000","3","15,120","2.20","2.20","2.13","2.13","-","0.18","2.15","25","2.16","10","1,605.00",
="033262","大銀國票53購01","10,000","1","8,800","0.88","0.88","0.88","0.88","+","0.01","0.86","25","0.87","10","120.00",
="033263","富世達國票56購01","0","0","0","--","--","--","--"," ","0.00","1.01","25","1.02","10","1,010.00",
="033264","台虹國票53購01","5,000","1","24,000","4.80","4.80","4.80","4.80","+","0.31","4.38","25","4.46","10","63.30",
="033265","上証2X元大54購02","1,000","1","7,200","7.20","7.20","7.20","7.20","X","0.00","6.95","499","7.00","100","47.20",
="033266","上証2X元大55購01","5,000","1","25,250","5.05","5.05","5.05","5.05","X","0.00","5.15","250","5.20","100","47.20",
="033267","元金2X元大54購01","433,000","30","1,457,600","3.35","3.42","3.32","3.36","+","0.33","3.35","250","3.36","89","70.40",
="033268","南亞元大53購09","95,000","3","195,190","2.17","2.17","1.94","1.94","-","0.01","1.91","350","1.93","10","39.80",
="033269","南亞元大54購07","10,000","1","17,600","1.76","1.76","1.76","1.76","+","0.08","1.63","450","1.65","10","39.80",
="03326U","萬海元大4C售11","0","0","0","--","--","--","--"," ","0.00","1.74","450","1.84","10","0.00",
="033270","華城元大54購15","51,000","2","113,220","2.22","2.22","2.22","2.22","X","0.00","2.16","350","2.18","10","586.00",
="033271","中砂元大53購01","276,000","24","946,040","3.31","3.66","3.31","3.66","+","0.57","3.37","250","3.43","10","339.00",
="033272","中砂元大54購04","197,000","5","223,700","1.14","1.20","1.12","1.20","+","0.12","1.14","499","1.17","10","339.00",
="033273","大成鋼元大54購07","0","0","0","--","--","--","--"," ","0.00","1.82","400","1.83","10","37.90",
="033274","鴻海元大54購20","174,000","4","236,620","1.35","1.36","1.35","1.36","+","0.08","1.37","499","1.38","10","221.00",
="033275","台積電元大54購28","355,000","3","500,550","1.41","1.41","1.41","1.41","X","0.00","--","0","--","0","1,340.00",
="033276","智邦元大54購10","519,000","3","423,330","0.84","0.84","0.81","0.81","+","0.02","0.13","76","--","0","1,005.00",
="033277","所羅門元大53購04","10,000","1","8,200","0.82","0.82","0.82","0.82","+","0.01","0.78","499","0.80","10","144.50",
="033278","燿華元大53購04","0","0","0","--","--","--","--"," ","0.00","1.42","499","1.44","10","27.50",
="033279","金像電元大54購08","39,000","7","24,820","0.62","0.64","0.62","0.64","+","0.04","0.61","500","0.62","10","455.00",
="03327U","萬海元大4C售12","0","0","0","--","--","--","--"," ","0.00","1.60","499","1.70","10","0.00",
="033280","大同元大53購02","99,000","11","151,890","1.54","1.60","1.49","1.60","+","0.07","0.20","50","1.60","7","39.85",
="033281","技嘉元大54購02","107,000","8","148,820","1.39","1.40","1.38","1.40","+","0.02","1.36","499","1.38","10","283.00",
="033282","強茂元大53購02","5,000","1","15,550","3.11","3.11","3.11","3.11","-","0.31","3.12","250","3.14","10","71.70",
="033283","宏達電元大54購05","160,000","13","568,470","3.56","3.66","3.44","3.44","-","0.13","3.45","200","3.47","10","64.60",
="033284","新興元大53購01","3,000","1","4,410","1.47","1.47","1.47","1.47","X","0.00","1.47","496","1.49","10","22.60",
="033285","裕民元大53購01","0","0","0","--","--","--","--"," ","0.00","1.03","499","1.05","10","55.30",
="033286","裕民元大53購02","0","0","0","--","--","--","--"," ","0.00","1.19","499","1.21","10","55.30",
="033287","慧洋元大53購04","170,000","4","229,400","1.35","1.36","1.34","1.36","-","0.06","1.35","499","1.36","10","58.40",
="033288","長榮太元大53購04","437,000","10","332,500","0.82","0.82","0.74","0.74","-","0.15","0.74","499","0.75","10","168.50",
="033289","大立光元大54購07","0","0","0","--","--","--","--"," ","0.00","0.81","501","0.83","10","2,360.00",
="03328U","富邦金元大4C售01","0","0","0","--","--","--","--"," ","0.00","0.08","499","0.09","50","0.00",
="033290","德律元大54購04","263,000","6","252,990","0.97","1.03","0.93","0.93","-","0.07","0.92","499","0.93","10","189.00",
="033291","智原元大53購01","597,000","18","589,790","0.86","1.12","0.86","1.01","+","0.20","0.97","499","0.99","10","174.00",
="033292","緯創元大54購11","20,000","3","35,730","1.72","1.79","1.72","1.79","+","0.16","1.67","450","1.70","10","122.50",
="033293","聯鈞元大54購02","157,000","25","528,590","3.16","3.71","3.13","3.65","+","0.57","3.64","25","3.70","10","278.00",
="033294","群創元大54購02","0","0","0","--","--","--","--"," ","0.00","1.22","10","1.24","10","14.15",
="033295","世芯元大54購18","113,000","12","299,500","2.73","2.73","2.49","2.49","-","0.16","1.15","17","--","0","3,700.00",
="033296","貿聯元大54購11","64,000","5","241,760","3.95","3.95","3.69","3.69","-","0.12","3.38","200","--","0","1,085.00",
="033297","南寶元大53購02","126,000","11","366,330","2.97","2.97","2.75","2.91","-","0.01","2.81","16","2.87","10","416.50",
="033298","南寶元大53購03","114,000","14","351,520","3.13","3.13","2.95","3.04","-","0.13","3.00","25","3.05","10","416.50",
="033299","臻鼎元大54購05","129,000","7","180,570","1.43","1.43","1.33","1.35","-","0.07","1.28","499","1.30","10","171.50",
="03329U","國泰金元大4C售02","0","0","0","--","--","--","--"," ","0.00","0.62","499","0.63","200","0.00",
="033300","立積元大53購04","415,000","11","426,620","1.06","1.06","1.01","1.01","-","0.10","1.01","25","1.02","10","151.50",
="033301","祥碩元大54購04","114,000","3","89,940","0.79","0.79","0.78","0.78","+","0.03","0.76","25","0.77","10","1,525.00",
="033302","佳必琪元大53購05","489,000","6","384,100","0.79","0.79","0.78","0.79","-","0.02","0.78","499","0.79","10","160.00",
="033303","樺漢元大53購01","35,000","7","46,730","1.38","1.38","1.29","1.29","-","0.05","1.30","499","1.31","10","299.00",
="033304","矽力元大53購04","171,000","3","155,630","0.92","0.92","0.91","0.91","+","0.01","0.85","499","0.86","10","273.00",
="033305","迅得元大54購03","432,000","20","453,260","1.06","1.09","1.00","1.00","-","0.02","0.97","499","0.98","10","176.00",
="033306","台塑化元大54購01","2,000","2","3,560","1.83","1.83","1.73","1.73","-","0.02","1.78","400","1.80","10","39.25",
="033307","緯穎元大54購17","37,000","2","127,490","3.44","3.45","3.44","3.45","-","0.08","3.32","250","3.34","10","3,140.00",
="033308","龍德船元大53購03","0","0","0","--","--","--","--"," ","0.00","1.68","25","--","0","151.50",
="033309","AES元大54購09","47,000","6","79,890","1.64","1.73","1.61","1.65","+","0.04","1.55","450","1.57","10","1,195.00",
="03330U","奇鋐元大4C售04","0","0","0","--","--","--","--"," ","0.00","0.08","499","0.09","200","0.00",
="033310","采鈺元大53購01","46,000","7","160,120","3.59","3.59","3.30","3.30","-","0.41","3.39","200","3.42","10","305.50",
="033311","采鈺元大53購02","124,000","14","395,930","3.25","3.33","3.09","3.10","-","0.28","3.10","250","3.12","10","305.50",
="033312","富世達元大54購12","104,000","1","149,760","1.44","1.44","1.44","1.44","+","0.12","1.40","499","1.44","10","1,010.00",
="033313","台虹元大53購01","0","0","0","--","--","--","--"," ","0.00","2.46","25","5.65","2","63.30",
="033314","台虹元大53購02","0","0","0","--","--","--","--"," ","0.00","2.92","25","--","0","63.30",
="033315","臺股指元大53購17","32,000","6","70,940","2.16","2.26","2.16","2.23","+","0.15","2.25","100","2.26","10","0.00",
="033316","臺股指元大55購10","20,000","2","67,300","3.33","3.40","3.33","3.40","X","0.00","3.38","499","3.39","10","0.00",
="033317","T50正2凱基55購03","0","0","0","--","--","--","--"," ","0.00","3.88","10","3.89","10","302.45",
="033318","滬深2X凱基56購03","0","0","0","--","--","--","--"," ","0.00","2.06","100","2.07","50","19.04",
="033319","南亞凱基54購02","0","0","0","--","--","--","--"," ","0.00","0.54","100","0.64","10","39.80",
="03331U","精銳元大51售01","2,000","1","1,120","0.56","0.56","0.56","0.56","X","0.00","0.54","499","0.55","200","0.00",
="033320","大成鋼凱基54購02","0","0","0","--","--","--","--"," ","0.00","1.23","100","1.24","10","37.90",
="033321","光寶科凱基53購02","0","0","0","--","--","--","--"," ","0.00","4.27","100","4.37","10","183.00",
="033322","鴻海凱基53購20","159,000","11","276,870","1.68","1.78","1.68","1.74","+","0.17","1.75","499","1.76","499","221.00",
="033323","鴻海凱基53購21","1,360,000","27","1,392,720","0.98","1.10","0.98","1.09","+","0.14","1.08","100","--","0","221.00",
="033324","台積電凱基53購37","43,000","4","77,260","1.79","1.81","1.79","1.81","+","0.40","1.75","100","1.85","10","1,340.00",
="033325","金像電凱基54購02","0","0","0","--","--","--","--"," ","0.00","1.96","100","2.06","10","455.00",
="033326","建準凱基53購04","199,000","5","151,660","0.85","0.85","0.66","0.66","-","0.12","0.24","41","--","0","129.00",
="033327","京元電凱基53購06","0","0","0","--","--","--","--"," ","0.00","1.92","100","1.98","10","167.00",
="033328","全新凱基53購04","12,000","3","22,800","2.02","2.02","1.86","1.86","-","0.30","1.80","100","1.82","10","160.00",
="033329","慧洋凱基53購02","0","0","0","--","--","--","--"," ","0.00","0.89","10","0.90","10","58.40",
="03332U","精成科元大4C售06","0","0","0","--","--","--","--"," ","0.00","0.02","499","0.12","15","0.00",
="033330","長榮太凱基53購02","16,000","1","13,280","0.83","0.83","0.83","0.83","-","0.11","0.74","100","0.75","10","168.50",
="033331","大立光凱基54購04","0","0","0","--","--","--","--"," ","0.00","1.20","100","1.23","10","2,360.00",
="033332","德律凱基53購02","70,000","2","70,700","1.03","1.03","0.99","0.99","-","0.10","0.95","100","0.97","10","189.00",
="033333","健鼎凱基53購02","0","0","0","--","--","--","--"," ","0.00","1.03","10","1.04","10","309.50",
="033334","緯創凱基54購05","6,000","2","8,760","1.46","1.46","1.46","1.46","X","0.00","1.43","100","1.45","10","122.50",
="033335","新日興凱基56購01","70,000","3","58,100","0.84","0.84","0.77","0.77","-","0.06","0.80","10","0.90","10","237.00",
="033336","群創凱基56購01","0","0","0","--","--","--","--"," ","0.00","1.32","100","1.42","10","14.15",
="033337","世芯凱基53購10","35,000","3","50,700","1.52","1.52","1.42","1.42","-","0.30","1.42","10","1.43","10","3,700.00",
="033338","臻鼎凱基54購04","120,000","9","188,290","1.64","1.65","1.48","1.49","-","0.12","1.48","100","1.50","10","171.50",
="033339","立積凱基53購01","371,000","18","630,290","1.77","1.77","1.63","1.67","-","0.17","1.67","100","1.69","10","151.50",
="03333U","精成科元大4C售07","0","0","0","--","--","--","--"," ","0.00","0.07","499","0.08","200","0.00",
="033340","祥碩凱基53購02","39,000","3","28,300","0.74","0.74","0.72","0.72","-","0.01","0.71","100","0.74","10","1,525.00",
="033341","jpp凱基53購03","241,000","11","1,354,050","5.75","5.75","5.35","5.45","-","0.15","5.50","10","6.00","10","286.50",
="033342","亞翔凱基53購03","54,000","5","165,420","3.03","3.10","2.97","3.10","-","0.01","3.01","100","3.03","10","358.50",
="033343","精成科凱基53購03","96,000","8","209,960","2.28","2.28","2.03","2.03","-","0.31","2.01","100","2.06","10","125.50",
="033344","佳必琪凱基53購02","0","0","0","--","--","--","--"," ","0.00","0.92","100","0.93","10","160.00",
="033345","鈺邦凱基53購02","263,000","43","628,280","2.69","2.75","2.06","2.36","-","0.49","2.34","100","2.36","9","198.50",
="033346","龍德船凱基53購02","0","0","0","--","--","--","--"," ","0.00","2.25","100","2.35","10","151.50",
="033347","AES凱基53購03","0","0","0","--","--","--","--"," ","0.00","0.82","100","0.83","10","1,195.00",
="033348","富世達凱基53購02","0","0","0","--","--","--","--"," ","0.00","1.00","100","--","0","1,010.00",
="033349","昇陽半凱基53購03","118,000","8","429,240","3.66","3.85","3.56","3.85","+","0.27","3.44","100","3.51","10","179.50",
="03334U","T50正2中信56售02","12,000","2","4,080","0.34","0.34","0.34","0.34","-","0.03","0.33","101","0.34","100","0.00",
="033350","世紀鋼凱基53購03","0","0","0","--","--","--","--"," ","0.00","0.55","100","0.56","10","171.50",
="033351","上証2X群益54購01","0","0","0","--","--","--","--"," ","0.00","0.40","2","4.13","10","47.20",
="033352","台化群益52購03","0","0","0","--","--","--","--"," ","0.00","1.19","25","1.20","10","28.95",
="033353","台達電群益58購01","117,000","11","319,760","2.76","2.76","2.60","2.60","-","0.14","1.42","14","2.66","3","893.00",
="033354","鴻海群益52購16","290,000","11","597,060","2.04","2.11","2.02","2.09","X","0.00","2.08","100","2.11","100","221.00",
="033355","所羅門群益52購03","1,000","1","1,060","1.06","1.06","1.06","1.06","X","0.00","0.35","20","--","0","144.50",
="033356","宏達電群益56購01","101,000","3","233,780","2.36","2.36","2.27","2.27","-","0.01","2.25","10","2.35","10","64.60",
="033357","晟銘電群益54購01","0","0","0","--","--","--","--"," ","0.00","0.84","100","0.85","100","121.00",
="033358","亞光群益52購06","64,000","4","108,180","1.74","1.74","1.67","1.68","-","0.07","1.61","100","1.64","100","161.50",
="033359","智原群益52購03","230,000","20","510,960","1.87","2.37","1.87","2.15","+","0.09","2.14","10","2.24","10","174.00",
="03335U","智邦永豐51售02","0","0","0","--","--","--","--"," ","0.00","0.19","499","0.20","10","0.00",
="033360","創意群益52購04","0","0","0","--","--","--","--"," ","0.00","1.02","2","3.16","10","1,315.00",
="033361","神達群益54購04","200,000","6","190,900","0.96","1.00","0.93","0.98","+","0.10","0.97","10","1.07","10","90.00",
="033362","臻鼎群益52購06","51,000","8","111,410","2.21","2.27","2.10","2.10","-","0.02","1.91","10","2.01","10","171.50",
="033363","迅得群益52購01","1,276,000","4","1,494,650","1.19","1.19","1.14","1.14"," ","0.00","1.05","10","1.15","10","176.00",
="033364","富世達群益52購09","380,000","21","556,750","1.51","1.69","1.43","1.63","+","0.26","0.43","56","2.05","15","1,010.00",
="033365","台虹群益52購01","0","0","0","--","--","--","--"," ","0.00","1.24","30","--","0","63.30",
="033366","緯穎兆豐52購01","581,000","6","779,890","1.41","1.41","1.34","1.34","-","0.09","0.37","30","1.90","1","3,140.00",
="033367","台塑富邦54購02","0","0","0","--","--","--","--"," ","0.00","0.51","10","0.52","10","0.00",
="033368","華通富邦53購01","0","0","0","--","--","--","--"," ","0.00","0.96","10","0.97","10","0.00",
="033369","和碩富邦52購01","611,000","22","528,770","0.84","0.89","0.84","0.84","+","0.01","0.84","10","0.86","10","0.00",
="03336U","聯電元富4C售02","0","0","0","--","--","--","--"," ","0.00","0.86","25","0.87","25","0.00",
="033370","亞翔富邦53購01","200,000","9","268,480","1.35","1.36","1.30","1.36","+","0.04","1.32","10","1.34","10","0.00",
="033372","南電富邦54購01","123,000","13","316,210","2.65","2.71","2.48","2.50","+","0.12","2.27","30","2.28","10","0.00",
="033373","世紀鋼富邦52購03","0","0","0","--","--","--","--"," ","0.00","0.49","10","0.50","10","0.00",
="033374","元金2X國泰53購01","0","0","0","--","--","--","--"," ","0.00","3.44","499","3.46","100","70.40",
="033375","中砂國泰53購02","261,000","11","394,800","1.41","1.58","1.41","1.47","+","0.13","1.45","499","1.46","440","339.00",
="033377","鴻海統一4A購01","163,000","10","103,790","0.61","0.67","0.61","0.64","+","0.09","0.64","10","0.65","10","221.00",
="033378","鴻海統一55購02","585,000","22","163,650","0.27","0.29","0.27","0.28","+","0.02","0.28","30","0.29","170","221.00",
="033379","晟銘電國泰53購03","0","0","0","--","--","--","--"," ","0.00","1.24","499","1.26","100","121.00",
="03337U","台光電元富4C售02","0","0","0","--","--","--","--"," ","0.00","0.01","25","0.10","10","0.00",
="033381","亞光國泰53購06","25,000","3","36,250","1.49","1.49","1.43","1.43","-","0.07","1.41","499","1.42","100","161.50",
="033382","群創國泰53購01","0","0","0","--","--","--","--"," ","0.00","1.61","499","1.67","230","14.15",
="033383","滬深2X國票62購01","207,000","4","319,080","1.56","1.56","1.42","1.42","-","0.06","1.37","25","1.38","10","19.04",
="033385","統一國票52購01","6,000","3","10,720","1.79","1.79","1.78","1.79","X","0.00","1.77","25","1.78","10","78.40",
="033386","廣宇國票53購01","0","0","0","--","--","--","--"," ","0.00","1.91","25","1.92","10","54.10",
="033388","華邦電國票56購01","50,000","9","572,600","11.30","11.80","11.10","11.80","+","1.70","11.80","34","12.20","10","36.45",
="033389","威盛國票53購01","1,000","1","1,180","1.18","1.18","1.18","1.18","-","0.12","1.16","25","1.17","10","59.50",
="03338U","台光電國票51售01","0","0","0","--","--","--","--"," ","0.00","0.04","25","0.05","10","0.00",
="033390","南亞科國票53購02","0","0","0","--","--","--","--"," ","0.00","14.10","25","--","0","81.00",
="033391","宏達電國票54購03","184,000","13","365,660","2.03","2.10","1.97","1.97","-","0.01","1.98","25","1.99","10","64.60",
="033392","宏達電國票56購01","15,000","2","35,650","2.37","2.39","2.37","2.39","+","0.06","2.32","25","2.33","10","64.60",
="033393","宏達電國票58購01","16,000","5","38,830","2.43","2.43","2.42","2.43","+","0.04","2.39","25","2.40","10","64.60",
="033394","長榮國票53購03","20,000","1","11,000","0.55","0.55","0.55","0.55","-","0.05","0.54","25","0.55","10","182.00",
="033396","達發統一51購01","0","0","0","--","--","--","--"," ","0.00","0.04","10","0.10","10","537.00",
="033398","永豐金國票54購01","0","0","0","--","--","--","--"," ","0.00","0.86","25","0.88","10","24.70",
="033399","神基國票54購02","27,000","5","43,800","1.67","1.67","1.60","1.62","-","0.03","1.62","25","1.63","10","163.50",
="03339U","南亞科國票51售01","0","0","0","--","--","--","--"," ","0.00","0.02","50","0.04","30","0.00",
="033400","聯鈞國票53購01","96,000","14","421,880","4.30","4.83","4.21","4.76","+","0.84","4.69","25","4.76","10","278.00",
="033401","群創國票52購02","157,000","5","142,790","0.89","0.92","0.83","0.92","-","0.04","0.91","25","0.92","10","14.15",
="033402","群創國票54購01","0","0","0","--","--","--","--"," ","0.00","0.75","25","0.76","10","14.15",
="033403","貿聯國票53購04","0","0","0","--","--","--","--"," ","0.00","1.46","25","1.54","10","1,085.00",
="033404","鈞興國票52購01","6,000","1","5,160","0.86","0.86","0.86","0.86","-","0.06","0.85","25","0.86","10","178.50",
="033405","鈞興國票53購01","0","0","0","--","--","--","--"," ","0.00","0.76","25","0.77","10","178.50",
="033406","材料國票53購02","3,000","1","5,220","1.74","1.74","1.74","1.74","X","0.00","1.73","25","1.74","10","66.40",
="033407","啟碁國票5A購01","51,000","8","58,020","1.17","1.18","1.12","1.13","-","0.04","1.14","25","1.15","10","121.00",
="033408","矽力中信58購01","3,000","1","1,560","0.52","0.52","0.52","0.52","+","0.01","0.49","10","0.50","10","0.00",
="033409","滬深2X永豐52購05","0","0","0","--","--","--","--"," ","0.00","1.98","499","1.99","10","19.04",
="03340U","志聖國票51售01","60,000","1","9,600","0.16","0.16","0.16","0.16","X","0.00","0.16","25","0.17","10","0.00",
="033410","滬深2X永豐52購06","0","0","0","--","--","--","--"," ","0.00","1.51","499","1.52","10","19.04",
="033411","滬深2X永豐52購07","0","0","0","--","--","--","--"," ","0.00","1.14","499","1.15","10","19.04",
="033412","台化永豐54購02","10,000","1","14,600","1.46","1.46","1.46","1.46","+","0.11","1.34","499","1.38","10","28.95",
="033413","台積電永豐58購02","0","0","0","--","--","--","--"," ","0.00","0.77","18","--","0","1,340.00",
="033414","台積電永豐58購03","77,000","5","179,150","2.25","2.35","2.25","2.35","+","0.32","2.10","3","--","0","1,340.00",
="033415","神基永豐53購01","111,000","5","143,710","1.27","1.34","1.27","1.31","+","0.02","1.28","10","1.30","10","163.50",
="033416","緯創永豐55購02","4,000","1","34,800","8.70","8.70","8.70","8.70","X","0.00","8.35","499","8.45","10","122.50",
="033417","群創永豐54購01","0","0","0","--","--","--","--"," ","0.00","1.52","499","1.55","10","14.15",
="033418","神達永豐55購02","87,000","5","97,290","1.05","1.17","1.05","1.17","+","0.10","1.10","499","1.11","10","90.00",
="033419","神達永豐55購03","234,000","15","233,060","1.02","1.05","0.96","1.05","+","0.12","1.01","10","1.02","10","90.00",
="03341U","日電貿國票4C售02","0","0","0","--","--","--","--"," ","0.00","0.65","25","0.66","10","0.00",
="033420","瑞儀永豐53購01","0","0","0","--","--","--","--"," ","0.00","0.98","10","0.99","10","142.00",
="033421","鈺邦永豐53購02","93,000","10","161,620","1.97","1.97","1.56","1.70","-","0.26","1.70","10","1.72","10","198.50",
="033422","滬深2X凱基53購02","20,000","2","62,700","3.21","3.21","3.06","3.06","+","0.25","2.87","100","2.88","50","19.04",
="033423","台塑凱基54購05","0","0","0","--","--","--","--"," ","0.00","0.94","10","0.95","10","38.60",
="033424","台化凱基53購03","0","0","0","--","--","--","--"," ","0.00","0.64","100","0.65","10","28.95",
="033425","中砂凱基53購02","7,000","2","8,420","1.20","1.21","1.20","1.21","X","0.00","1.11","100","1.12","10","339.00",
="033426","川湖凱基53購02","45,000","2","157,500","3.50","3.50","3.50","3.50","-","0.35","3.27","100","3.37","10","3,220.00",
="033427","宇隆凱基53購03","22,000","1","20,240","0.92","0.92","0.92","0.92","-","0.06","0.78","100","0.79","10","217.00",
="033428","台達電凱基54購02","42,000","9","334,450","8.10","8.10","7.80","7.80","-","0.10","7.55","100","8.05","10","893.00",
="033429","鴻海凱基53購22","100,000","10","171,870","1.72","1.76","1.71","1.72","+","0.09","1.73","499","1.74","499","221.00",
="03342U","迎廣國票51售01","0","0","0","--","--","--","--"," ","0.00","0.83","25","0.84","10","0.00",
="033430","鴻海凱基53購23","10,000","1","13,900","1.39","1.39","1.39","1.39","X","0.00","1.42","499","--","0","221.00",
="033431","鴻海凱基54購15","34,000","3","82,180","2.41","2.44","2.38","2.38","X","0.00","2.40","100","--","0","221.00",
="033432","燿華凱基53購03","0","0","0","--","--","--","--"," ","0.00","1.76","10","1.77","10","27.50",
="033433","大同凱基53購01","42,000","4","53,540","1.20","1.31","1.20","1.31","X","0.00","1.30","10","1.31","6","39.85",
="033434","志聖凱基53購02","314,000","16","474,250","1.48","1.72","1.44","1.69","X","0.00","1.41","100","1.51","10","197.00",
="033435","強茂凱基53購03","52,000","8","153,690","2.96","2.99","2.84","2.96","-","0.22","2.96","10","2.97","10","71.70",
="033436","強茂凱基54購01","2,000","2","6,900","3.47","3.47","3.43","3.43","-","0.12","3.48","10","3.49","10","71.70",
="033437","裕民凱基53購02","0","0","0","--","--","--","--"," ","0.00","1.14","100","1.15","10","55.30",
="033438","神基凱基58購01","71,000","5","160,920","2.26","2.27","2.25","2.27","-","0.07","2.24","100","2.34","10","163.50",
="033439","聯鈞凱基54購01","130,000","16","498,200","3.69","4.00","3.68","3.88","+","0.34","4.27","10","4.37","10","278.00",
="03343U","昇陽半國票51售02","0","0","0","--","--","--","--"," ","0.00","0.18","25","0.19","10","0.00",
="033440","嘉澤凱基57購01","10,000","1","18,200","1.82","1.82","1.82","1.82","X","0.00","1.76","10","1.78","10","1,605.00",
="033441","貿聯凱基54購04","268,000","4","276,740","1.15","1.15","1.03","1.03","-","0.07","0.97","100","1.07","10","1,085.00",
="033442","神達凱基54購05","25,000","3","37,300","1.47","1.56","1.47","1.48","X","0.00","1.48","100","1.49","10","90.00",
="033443","南寶凱基53購01","89,000","9","205,340","2.34","2.34","2.30","2.30","-","0.17","2.26","10","2.36","10","416.50",
="033444","臻鼎凱基54購05","131,000","7","208,110","1.66","1.67","0.78","1.49","-","0.14","0.79","103","--","0","171.50",
="033445","祥碩凱基53購03","0","0","0","--","--","--","--"," ","0.00","0.68","100","0.72","10","1,525.00",
="033446","穎崴凱基54購03","0","0","0","--","--","--","--"," ","0.00","7.95","100","8.45","10","2,015.00",
="033447","緯穎凱基53購08","5,000","1","9,750","1.95","1.95","1.95","1.95","X","0.00","1.95","100","1.96","10","3,140.00",
="033448","AES凱基54購03","40,000","5","26,650","0.69","0.69","0.62","0.62","-","0.01","0.60","100","0.61","10","1,195.00",
="033449","采鈺凱基53購02","21,000","4","76,500","3.70","3.74","3.56","3.74","-","0.25","3.62","10","3.72","10","305.50",
="03344U","臺股指富邦51售11","1,403,000","9","153,780","0.12","0.12","0.10","0.11","-","0.02","0.10","697","0.11","100","0.00",
="033450","富世達凱基58購02","0","0","0","--","--","--","--"," ","0.00","1.37","100","1.39","30","1,010.00",
="033451","台虹凱基53購01","0","0","0","--","--","--","--"," ","0.00","2.83","100","2.93","10","63.30",
="033452","世紀鋼凱基53購04","0","0","0","--","--","--","--"," ","0.00","0.47","10","0.48","10","171.50",
="033453","滬深2X元富52購01","0","0","0","--","--","--","--"," ","0.00","0.20","5","--","0","19.04",
="033454","滬深2X元富52購02","0","0","0","--","--","--","--"," ","0.00","0.14","7","--","0","19.04",
="033455","SP黃豆元富52購01","0","0","0","--","--","--","--"," ","0.00","0.51","25","0.52","25","19.68",
="033456","華泰元富52購01","11,000","2","38,720","3.62","3.62","3.51","3.51","-","0.23","3.51","25","3.53","25","47.70",
="033457","飛宏元富52購01","200,000","1","412,000","2.06","2.06","2.06","2.06"," ","0.00","2.06","25","2.07","25","24.95",
="033458","亞光元富52購04","33,000","2","58,600","1.80","1.80","1.72","1.72","-","0.05","1.67","25","1.70","25","161.50",
="033459","玉晶光元富52購03","0","0","0","--","--","--","--"," ","0.00","1.44","25","1.54","10","443.50",
="03345U","臺股指富邦52售08","0","0","0","--","--","--","--"," ","0.00","0.17","499","0.18","100","0.00",
="033460","臻鼎元富52購01","450,000","24","918,550","2.11","2.16","1.84","1.86","-","0.19","1.87","25","1.88","25","171.50",
="033461","臻鼎元富52購02","319,000","18","540,010","1.81","1.81","1.52","1.53","-","0.25","1.54","25","1.55","25","171.50",
="033462","達興元富52購02","59,000","15","190,120","2.98","3.42","2.97","3.37","+","0.33","1.21","8","--","0","399.00",
="033463","緯穎元富55購05","0","0","0","--","--","--","--"," ","0.00","1.32","25","1.33","25","3,140.00",
="033464","台虹元富52購01","20,000","5","93,300","4.46","4.76","4.46","4.76","+","0.14","4.34","25","4.44","10","63.30",
="033465","元黃金元大54購03","5,000","1","11,700","2.34","2.34","2.34","2.34","+","0.15","2.32","100","2.37","10","40.68",
="033466","美指反元大58購01","4,000","1","2,400","0.60","0.60","0.60","0.60","X","0.00","0.59","250","0.60","100","15.86",
="033467","南亞元大53購10","0","0","0","--","--","--","--"," ","0.00","1.63","450","1.64","10","39.80",
="033468","南亞元大54購08","78,000","2","115,590","1.53","1.53","1.48","1.48","+","0.10","1.35","499","1.37","10","39.80",
="033469","中興電元大54購01","17,000","2","14,280","0.84","0.84","0.84","0.84","-","0.01","0.82","499","0.83","10","159.00",
="03346U","群臺2X凱基4C售01","20,000","1","1,200","0.06","0.06","0.06","0.06","X","0.00","0.05","100","0.06","10","0.00",
="033470","永光元大53購01","2,000","1","2,720","1.36","1.36","1.36","1.36","-","0.12","1.34","499","1.36","10","19.20",
="033471","川湖元大54購02","568,000","12","487,270","0.80","0.89","0.80","0.84","-","0.01","0.81","100","0.83","10","3,220.00",
="033472","台達電元大54購07","90,000","12","525,500","5.85","5.90","5.65","5.65","-","0.05","5.45","25","5.50","10","893.00",
="033473","華通元大54購02","47,000","5","30,210","0.69","0.69","0.61","0.61","-","0.08","0.61","499","0.62","10","77.00",
="033474","鴻海元大54購21","0","0","0","--","--","--","--"," ","0.00","1.19","499","1.20","10","221.00",
="033475","廣宇元大54購03","0","0","0","--","--","--","--"," ","0.00","0.58","499","0.65","11","54.10",
="033476","台積電元大54購29","418,000","5","919,600","2.20","2.20","2.20","2.20","X","0.00","--","0","--","0","1,340.00",
="033477","智邦元大54購11","256,000","5","222,200","0.88","0.90","0.86","0.90"," ","0.00","0.15","66","--","0","1,005.00",
="033478","所羅門元大53購05","13,000","2","10,530","0.81","0.81","0.81","0.81"," ","0.00","0.77","499","0.78","10","144.50",
="033479","威盛元大53購01","24,000","10","16,900","0.73","0.73","0.69","0.69","-","0.06","0.68","499","0.69","10","59.50",
="03347U","東陽凱基4C售01","0","0","0","--","--","--","--"," ","0.00","2.47","10","2.48","10","0.00",
="033480","威盛元大53購02","25,000","2","21,350","0.89","0.89","0.83","0.83","-","0.06","0.83","499","0.84","10","59.50",
="033481","南亞科元大54購03","12,000","3","27,660","2.28","2.44","2.28","2.44","-","0.09","2.47","25","2.55","1","81.00",
="033482","立隆電元大53購01","237,000","18","403,570","1.79","1.79","1.67","1.67","-","0.09","1.66","400","1.67","10","89.40",
="033483","強茂元大53購03","7,000","3","22,100","3.05","3.21","3.05","3.21","-","0.24","3.15","200","3.17","10","71.70",
="033484","強茂元大53購04","18,000","6","47,860","2.58","2.75","2.58","2.75","-","0.17","2.70","250","2.72","10","71.70",
="033485","宏達電元大53購03","205,000","17","212,270","1.03","1.06","0.98","0.98","-","0.03","0.98","508","0.99","10","64.60",
="033486","宏達電元大54購06","166,000","17","158,420","0.98","0.98","0.93","0.93","-","0.01","0.92","499","0.93","10","64.60",
="033487","長榮太元大53購05","422,000","10","358,280","0.91","0.91","0.84","0.84","-","0.14","0.82","499","0.83","10","168.50",
="033488","亞光元大54購09","171,000","4","150,070","0.89","0.89","0.87","0.87","-","0.02","0.83","499","0.84","10","161.50",
="033489","德律元大54購05","363,000","13","413,920","1.11","1.21","1.11","1.12"," ","0.00","1.09","499","1.10","10","189.00",
="03348U","亞德客凱基4C售01","0","0","0","--","--","--","--"," ","0.00","2.15","10","2.18","10","0.00",
="033490","創意元大53購05","40,000","4","41,650","1.04","1.05","1.04","1.04","+","0.06","1.02","10","1.04","10","1,315.00",
="033491","創意元大54購06","458,000","5","458,160","0.94","1.01","0.94","0.99","+","0.10","0.98","25","0.99","10","1,315.00",
="033492","群創元大53購03","4,000","1","3,920","0.98","0.98","0.98","0.98","+","0.06","0.94","499","0.96","10","14.15",
="033493","群創元大54購03","351,000","8","305,960","0.90","0.90","0.86","0.88","-","0.03","0.93","499","0.95","10","14.15",
="033494","世芯元大54購19","765,000","26","1,674,940","2.33","2.33","2.15","2.15","-","0.14","0.80","62","3.10","5","3,700.00",
="033495","神達元大54購08","2,000","1","2,000","1.00","1.00","1.00","1.00","+","0.06","1.03","499","1.04","10","90.00",
="033496","鈞興元大53購01","0","0","0","--","--","--","--"," ","0.00","0.72","499","0.74","10","178.50",
="033497","臻鼎元大53購05","300,000","13","399,070","1.37","1.39","1.28","1.33","+","0.04","1.23","499","1.25","10","171.50",
="033498","臻鼎元大54購06","250,000","1","317,500","1.27","1.27","1.27","1.27","+","0.04","1.19","499","1.21","10","171.50",
="033499","立積元大54購02","680,000","10","449,620","0.69","0.69","0.65","0.66","-","0.05","0.66","25","0.67","10","151.50",
="03349U","台達電凱基4C售01","0","0","0","--","--","--","--"," ","0.00","0.01","100","0.08","140","0.00",
="033500","祥碩元大54購05","196,000","14","136,980","0.71","0.72","0.69","0.70"," ","0.00","0.69","25","0.70","10","1,525.00",
="033501","亞翔元大54購08","194,000","14","612,910","3.13","3.25","2.97","3.25","+","0.04","3.11","250","3.15","10","358.50",
="033502","精成科元大54購07","0","0","0","--","--","--","--"," ","0.00","1.27","499","--","0","125.50",
="033503","佳必琪元大53購06","0","0","0","--","--","--","--"," ","0.00","0.44","499","0.45","10","160.00",
="033504","迅得元大54購04","250,000","16","256,880","1.03","1.05","0.97","0.97","-","0.02","0.94","499","0.95","10","176.00",
="033505","台塑化元大53購01","2,000","1","1,840","0.92","0.92","0.92","0.92","X","0.00","0.89","499","0.90","10","39.25",
="033506","緯穎元大54購18","90,000","5","254,180","2.80","2.87","2.74","2.74","-","0.11","2.76","250","2.77","10","3,140.00",
="033507","AES元大54購10","74,000","5","80,600","1.06","1.10","1.06","1.10","-","0.07","1.00","499","1.01","10","1,195.00",
="033508","富世達元大53購06","457,000","6","435,280","0.92","0.99","0.90","0.99","+","0.09","0.93","499","0.97","10","1,010.00",
="033509","富世達元大54購13","333,000","2","183,000","0.54","0.56","0.54","0.56","X","0.00","0.54","499","0.56","10","1,010.00",
="03350U","鴻海凱基4C售07","0","0","0","--","--","--","--"," ","0.00","0.02","100","0.12","10","0.00",
="033510","臺股指元大52購19","0","0","0","--","--","--","--"," ","0.00","2.74","499","2.75","10","0.00",
="033511","臺股指元大52購20","34,000","6","67,310","1.93","2.07","1.93","2.07","+","0.30","2.03","100","2.04","10","0.00",
="033512","滬深2X群益56購01","0","0","0","--","--","--","--"," ","0.00","0.13","3","1.14","10","19.04",
="033513","中砂群益52購05","85,000","6","107,640","1.26","1.39","1.25","1.39","+","0.19","1.29","10","1.39","10","339.00",
="033514","為升群益52購01","0","0","0","--","--","--","--"," ","0.00","--","0","3.33","10","130.00",
="033515","光寶科群益53購03","10,000","1","34,600","3.46","3.46","3.46","3.46","+","0.24","3.58","25","3.68","10","183.00",
="033516","廣宇群益53購03","0","0","0","--","--","--","--"," ","0.00","0.74","10","0.84","10","54.10",
="033517","台積電群益53購05","0","0","0","--","--","--","--"," ","0.00","--","0","--","0","1,340.00",
="033518","金像電群益52購05","0","0","0","--","--","--","--"," ","0.00","1.57","10","1.67","10","455.00",
="033519","建準群益52購02","1,000","1","1,140","1.14","1.14","1.14","1.14","+","0.13","0.32","156","--","0","129.00",
="03351U","台光電凱基4C售02","0","0","0","--","--","--","--"," ","0.00","0.03","100","0.13","10","0.00",
="033520","京元電群益54購03","32,000","3","51,540","1.62","1.62","1.57","1.57","-","0.12","1.56","10","1.66","10","167.00",
="033521","全新群益52購04","22,000","4","91,200","4.21","4.21","3.99","4.09","-","0.55","2.35","4","--","0","160.00",
="033522","宏達電群益56購02","0","0","0","--","--","--","--"," ","0.00","1.61","10","1.71","10","64.60",
="033523","宏達電群益56購03","3,000","2","5,520","1.85","1.85","1.82","1.82","-","0.03","1.78","10","1.88","10","64.60",
="033524","大立光群益55購01","44,000","2","30,200","0.70","0.70","0.68","0.68","-","0.05","0.69","100","0.73","100","2,360.00",
="033525","威強電群益52購01","0","0","0","--","--","--","--"," ","0.00","1.27","10","1.37","10","67.20",
="033526","智原群益53購01","488,000","45","1,029,680","1.77","2.28","1.77","2.01","+","0.24","2.00","10","2.10","10","174.00",
="033527","健鼎群益52購03","44,000","3","62,130","1.43","1.44","1.39","1.44","+","0.02","1.43","10","1.53","10","309.50",
="033528","緯創群益52購04","10,000","1","33,300","3.33","3.33","3.33","3.33","X","0.00","1.01","20","--","0","122.50",
="033529","新日興群益52購03","53,000","4","116,730","2.33","2.33","2.15","2.15","-","0.19","0.95","52","--","0","237.00",
="03352U","啟碁凱基51售01","0","0","0","--","--","--","--"," ","0.00","0.47","100","0.48","10","0.00",
="033530","群創群益54購01","0","0","0","--","--","--","--"," ","0.00","0.95","100","0.97","100","14.15",
="033531","群創群益56購01","0","0","0","--","--","--","--"," ","0.00","0.95","100","0.97","100","14.15",
="033532","臻鼎群益52購07","116,000","9","119,940","1.03","1.05","0.99","1.00","+","0.01","0.92","10","1.02","10","171.50",
="033533","祥碩群益52購03","1,008,000","3","705,600","0.70","0.70","0.70","0.70","-","0.05","0.23","43","--","0","1,525.00",
="033534","亞翔群益52購03","0","0","0","--","--","--","--"," ","0.00","3.00","10","3.10","10","358.50",
="033535","精成科群益58購01","0","0","0","--","--","--","--"," ","0.00","--","0","1.41","10","125.50",
="033536","佳必琪群益52購04","0","0","0","--","--","--","--"," ","0.00","0.03","333","--","0","160.00",
="033537","樺漢群益52購01","0","0","0","--","--","--","--"," ","0.00","0.78","100","0.79","100","299.00",
="033538","樺漢群益53購01","0","0","0","--","--","--","--"," ","0.00","0.80","100","0.81","100","299.00",
="033539","台塑化群益52購02","0","0","0","--","--","--","--"," ","0.00","0.06","52","--","0","39.25",
="03353U","聯電元大4C售01","50,000","1","22,000","0.44","0.44","0.44","0.44","-","0.03","0.41","25","0.42","10","0.00",
="033540","菱光群益52購01","13,000","3","21,550","1.57","1.71","1.57","1.71","X","0.00","1.58","10","1.68","10","60.90",
="033541","世紀鋼群益52購03","32,000","1","27,840","0.87","0.87","0.87","0.87","X","0.00","0.79","10","0.89","10","171.50",
="033542","南亞統一58購02","56,000","4","29,520","0.54","0.58","0.50","0.50","X","0.00","0.48","10","0.49","10","39.80",
="033543","華新統一58購03","59,000","2","39,530","0.67","0.67","0.67","0.67","-","0.02","0.62","10","0.63","10","24.05",
="033544","華新統一58購04","67,000","4","48,080","0.72","0.72","0.66","0.66","-","0.05","0.68","10","0.69","10","24.05",
="033545","允強統一58購01","0","0","0","--","--","--","--"," ","0.00","0.43","10","0.44","10","19.75",
="033546","台達電統一58購02","361,000","10","521,260","1.47","1.47","1.38","1.38","-","0.06","1.39","10","1.40","10","893.00",
="033547","金寶統一58購01","35,000","2","23,450","0.67","0.67","0.67","0.67","X","0.00","0.65","10","0.66","10","19.60",
="033548","華通統一62購01","155,000","2","97,550","0.63","0.63","0.61","0.61","-","0.03","0.60","10","0.61","10","77.00",
="033549","鴻海統一58購03","276,000","3","237,360","0.86","0.86","0.86","0.86","X","0.00","0.85","10","0.86","10","221.00",
="03354U","聯電元大52售01","70,000","3","15,400","0.23","0.23","0.21","0.21","X","0.00","0.22","25","0.23","10","0.00",
="033550","鴻海統一5A購02","0","0","0","--","--","--","--"," ","0.00","0.81","10","0.82","10","221.00",
="033551","台積電統一5C購05","0","0","0","--","--","--","--"," ","0.00","1.03","10","1.04","10","1,340.00",
="033552","台積電統一68購02","135,000","9","114,250","0.83","0.85","0.83","0.85","+","0.05","0.83","30","0.84","10","1,340.00",
="033553","鴻準統一58購03","3,000","1","1,920","0.64","0.64","0.64","0.64","+","0.03","0.61","10","0.62","10","70.70",
="033554","致茂統一56購04","1,067,000","35","1,080,230","0.98","1.04","0.96","0.99","+","0.09","0.97","10","0.98","10","614.00",
="033555","燿華統一64購01","0","0","0","--","--","--","--"," ","0.00","0.43","10","0.44","10","27.50",
="033556","金像電統一64購01","15,000","5","8,820","0.59","0.60","0.58","0.58"," ","0.00","0.58","10","0.59","10","455.00",
="033557","威盛統一58購03","0","0","0","--","--","--","--"," ","0.00","0.50","10","0.51","10","59.50",
="033558","漢唐統一58購01","109,000","5","66,830","0.64","0.64","0.60","0.62","-","0.01","0.64","10","0.65","10","987.00",
="033559","聯發科統一58購01","75,000","3","53,250","0.72","0.72","0.70","0.70","X","0.00","0.69","10","0.70","10","1,375.00",
="03355U","智邦元大4C售03","0","0","0","--","--","--","--"," ","0.00","0.16","499","0.17","200","0.00",
="033560","強茂統一58購01","98,000","6","85,330","0.88","0.88","0.87","0.87","-","0.04","0.87","1","0.88","10","71.70",
="033561","長榮統一58購02","0","0","0","--","--","--","--"," ","0.00","0.52","10","0.53","10","182.00",
="033562","陽明統一58購01","50,000","1","22,500","0.45","0.45","0.45","0.45","X","0.00","0.45","10","0.46","10","55.20",
="033563","萬海統一58購02","0","0","0","--","--","--","--"," ","0.00","0.42","20","0.43","10","77.90",
="033564","長榮太統一56購03","149,000","6","79,010","0.54","0.54","0.52","0.52","-","0.04","0.50","10","0.51","10","168.50",
="033565","長榮太統一58購02","37,000","1","18,500","0.50","0.50","0.50","0.50","-","0.04","0.47","10","0.48","10","168.50",
="033566","長榮太統一59購02","331,000","9","249,950","0.81","0.81","0.73","0.75","-","0.09","0.75","10","0.76","10","168.50",
="033567","長榮太統一64購01","0","0","0","--","--","--","--"," ","0.00","0.57","10","0.58","10","168.50",
="033568","神基統一5B購01","61,000","2","58,560","0.96","0.96","0.96","0.96","-","0.01","0.95","10","0.96","10","163.50",
="033569","神基統一64購01","25,000","2","21,540","0.86","0.87","0.86","0.87"," ","0.00","0.86","10","0.87","10","163.50",
="03356U","台光電元大4C售05","0","0","0","--","--","--","--"," ","0.00","--","0","0.10","10","0.00",
="033570","大立光統一58購01","90,000","1","53,100","0.59","0.59","0.59","0.59","-","0.02","0.58","10","0.59","10","2,360.00",
="033571","零壹統一5B購01","29,000","2","22,720","0.79","0.79","0.78","0.78"," ","0.00","0.78","10","0.79","10","125.00",
="033572","德律統一56購04","4,077,000","17","2,349,710","0.57","0.62","0.56","0.58"," ","0.00","0.57","10","0.58","10","189.00",
="033573","德律統一58購01","0","0","0","--","--","--","--"," ","0.00","0.50","10","0.51","10","189.00",
="033574","德律統一5C購01","0","0","0","--","--","--","--"," ","0.00","0.64","10","0.65","10","189.00",
="033575","欣興統一58購02","24,000","4","24,960","1.03","1.07","1.03","1.03","+","0.05","1.00","10","1.01","10","159.00",
="033576","玉晶光統一59購02","25,000","1","14,750","0.59","0.59","0.59","0.59","-","0.01","0.56","10","0.57","10","443.50",
="033577","創意統一58購02","47,000","7","37,490","0.79","0.81","0.78","0.80","+","0.04","0.79","10","0.80","10","1,315.00",
="033578","群創統一58購01","52,000","5","43,110","0.81","0.84","0.81","0.84","+","0.03","0.82","10","0.83","10","14.15",
="033579","嘉澤統一64購01","20,000","2","14,100","0.70","0.71","0.70","0.71","-","0.03","0.71","10","0.72","10","1,605.00",
="03357U","南亞科元大4C售05","0","0","0","--","--","--","--"," ","0.00","--","0","0.10","10","0.00",
="033580","神達統一58購05","73,000","5","60,520","0.83","0.83","0.80","0.80"," ","0.00","0.81","10","0.82","10","90.00",
="033581","日月光統一58購02","266,000","3","255,280","0.98","0.98","0.95","0.95","+","0.03","0.95","10","0.96","38","174.50",
="033582","臻鼎統一57購03","487,000","11","394,680","0.80","0.82","0.80","0.82","+","0.02","0.76","10","0.77","10","171.50",
="033583","臻鼎統一58購03","200,000","5","150,950","0.76","0.76","0.72","0.72","-","0.02","0.70","10","0.71","10","171.50",
="033584","臻鼎統一58購04","21,000","1","15,120","0.72","0.72","0.72","0.72","+","0.01","0.68","10","0.69","10","171.50",
="033585","達興統一56購03","669,000","25","720,120","1.01","1.18","1.01","1.13","+","0.14","1.13","10","1.14","10","399.00",
="033586","達興統一59購02","640,000","23","784,310","1.18","1.32","1.17","1.32","+","0.08","1.28","10","1.29","10","399.00",
="033587","佳必琪統一58購01","0","0","0","--","--","--","--"," ","0.00","0.49","10","0.50","10","160.00",
="033588","矽力統一5B購01","0","0","0","--","--","--","--"," ","0.00","0.40","10","0.41","10","273.00",
="033589","迅得統一59購01","0","0","0","--","--","--","--"," ","0.00","0.60","10","0.61","10","176.00",
="03358U","長榮元大4C售06","0","0","0","--","--","--","--"," ","0.00","0.92","499","0.93","200","0.00",
="033590","鈺邦統一5A購01","330,000","11","330,410","1.04","1.04","0.88","0.97","-","0.06","0.94","10","0.95","10","198.50",
="033591","鈺邦統一5C購01","155,000","9","153,040","1.04","1.04","0.91","0.95","-","0.04","0.90","10","0.91","10","198.50",
="033592","緯穎統一64購01","6,000","2","6,570","1.12","1.12","1.09","1.09","-","0.01","1.10","10","1.11","10","3,140.00",
="033593","洋基統一64購01","54,000","2","33,580","0.62","0.64","0.62","0.64","+","0.03","0.62","10","0.63","10","449.00",
="033594","AES統一64購01","0","0","0","--","--","--","--"," ","0.00","0.43","10","0.44","10","1,195.00",
="033595","采鈺統一58購02","177,000","6","193,960","1.11","1.11","1.08","1.08","-","0.04","1.06","10","1.07","10","305.50",
="033596","富世達統一58購03","161,000","6","109,200","0.66","0.70","0.66","0.66","+","0.05","0.66","10","0.67","10","1,010.00",
="033597","富世達統一64購01","20,000","1","7,800","0.39","0.39","0.39","0.39","+","0.02","0.40","10","0.41","10","1,010.00",
="033598","台虹統一59購01","330,000","11","341,970","1.00","1.07","1.00","1.01"," ","0.00","0.98","10","0.99","10","63.30",
="033599","中砂中信52購01","270,000","15","318,770","1.13","1.27","1.10","1.27","+","0.23","1.14","10","1.16","10","0.00",
="03359U","萬海元大4C售13","0","0","0","--","--","--","--"," ","0.00","9.80","100","10.60","10","0.00",
="033600","台達電中信58購03","47,000","8","188,820","4.07","4.07","3.93","3.93","-","0.10","3.92","10","3.93","10","0.00",
="033601","京元電中信58購02","20,000","3","49,760","2.58","2.58","2.42","2.42","-","0.14","2.37","10","2.40","10","0.00",
="033602","世紀鋼中信58購01","0","0","0","--","--","--","--"," ","0.00","0.66","499","0.67","10","0.00",
="033603","美時統一55購01","0","0","0","--","--","--","--"," ","0.00","0.17","10","0.18","10","192.00",
="033604","滬深2X永豐52購08","8,000","4","8,130","1.07","1.07","1.00","1.01","-","0.03","1.03","10","1.04","10","19.04",
="033605","滬深2X永豐53購05","0","0","0","--","--","--","--"," ","0.00","0.92","499","0.93","10","19.04",
="033607","鴻海統一53購08","199,000","3","85,870","0.43","0.44","0.43","0.44","X","0.00","0.43","10","0.44","10","221.00",
="033608","立隆電永豐52購01","183,000","15","162,580","0.90","0.92","0.87","0.87","-","0.08","0.87","10","0.88","10","89.40",
="033609","立隆電永豐53購01","24,000","5","69,960","3.03","3.03","2.85","2.85","-","0.41","2.86","10","2.87","10","89.40",
="03360U","亞光元大4C售02","0","0","0","--","--","--","--"," ","0.00","0.18","499","0.19","200","0.00",
="033610","奇鋐永豐55購02","58,000","4","76,340","1.33","1.36","1.28","1.28","+","0.03","1.17","499","1.18","10","1,015.00",
="033611","奇鋐永豐62購01","79,000","5","88,430","1.13","1.15","1.09","1.09","+","0.05","1.04","10","1.05","10","1,015.00",
="033612","嘉澤永豐54購01","46,000","3","410,700","9.05","9.05","8.85","8.85","-","0.75","9.00","10","9.05","10","1,605.00",
="033613","世芯永豐52購11","9,000","1","14,040","1.56","1.56","1.56","1.56","-","0.11","1.35","499","1.36","10","3,700.00",
="033615","臻鼎永豐54購03","67,000","5","59,630","0.90","0.91","0.85","0.89","-","0.01","0.81","10","0.82","10","171.50",
="033618","緯穎永豐52購07","932,000","16","884,850","0.95","1.04","0.94","0.95","-","0.24","0.99","10","1.00","10","3,140.00",
="033619","智原兆豐54購02","1,088,000","29","1,529,500","1.28","1.53","1.27","1.39","+","0.12","1.37","10","1.38","10","174.00",
="03361U","日電貿元大4C售01","0","0","0","--","--","--","--"," ","0.00","0.35","499","0.36","200","0.00",
="033620","連加兆豐58購01","0","0","0","--","--","--","--"," ","0.00","1.03","10","1.04","10","606.00",
="033621","鴻海富邦53購05","268,000","7","210,770","0.76","0.81","0.76","0.78","+","0.11","0.79","30","0.80","10","0.00",
="033624","旺宏富邦53購01","22,000","6","57,160","2.40","2.72","2.40","2.47","+","0.30","2.44","30","2.47","10","0.00",
="033625","長榮航富邦52購02","35,000","1","19,250","0.55","0.55","0.55","0.55"," ","0.00","0.55","30","0.56","10","0.00",
="033626","永豐金富邦52購01","339,000","6","231,820","0.67","0.70","0.67","0.69","-","0.02","0.67","30","0.68","10","0.00",
="033627","中信金富邦52購01","2,000","1","1,160","0.58","0.58","0.58","0.58","-","0.05","0.58","30","0.59","10","0.00",
="033628","欣興富邦5B購01","84,000","9","93,090","1.09","1.13","1.09","1.13","+","0.09","1.06","10","1.07","10","0.00",
="033629","樺漢富邦52購01","0","0","0","--","--","--","--"," ","0.00","0.52","10","0.53","10","0.00",
="03362U","緯穎元大4C售12","0","0","0","--","--","--","--"," ","0.00","0.24","499","0.25","200","0.00",
="033630","緯穎富邦52購05","26,000","2","123,760","4.76","4.76","4.76","4.76","-","0.49","4.67","10","4.70","10","0.00",
="033631","龍德船富邦52購01","0","0","0","--","--","--","--"," ","0.00","1.89","10","1.93","10","0.00",
="033632","台灣50台新52購02","0","0","0","--","--","--","--"," ","0.00","4.00","20","4.01","10","0.00",
="033633","世紀鋼統一55購01","25,000","2","4,800","0.20","0.20","0.19","0.19"," ","0.00","0.18","10","0.19","10","171.50",
="033634","台化統一58購03","0","0","0","--","--","--","--"," ","0.00","0.42","10","0.43","10","28.95",
="033635","大亞統一5A購01","0","0","0","--","--","--","--"," ","0.00","0.58","10","0.59","10","39.85",
="033636","聯電統一58購01","512,000","36","362,050","0.70","0.73","0.69","0.71","+","0.04","0.70","10","0.71","4","43.90",
="033637","燿華統一58購01","0","0","0","--","--","--","--"," ","0.00","0.49","10","0.50","10","27.50",
="033638","燿華統一58購02","0","0","0","--","--","--","--"," ","0.00","0.50","10","0.51","10","27.50",
="033639","技嘉統一58購01","114,000","3","72,960","0.64","0.64","0.64","0.64","-","0.01","0.63","15","0.64","10","283.00",
="03363U","勤誠元大4C售01","683,000","2","6,830","0.01","0.01","0.01","0.01","X","0.00","--","0","0.01","1","0.00",
="033640","威盛統一58購04","0","0","0","--","--","--","--"," ","0.00","0.50","10","0.51","10","59.50",
="033641","正崴統一58購01","0","0","0","--","--","--","--"," ","0.00","0.59","10","0.60","10","48.80",
="033642","正崴統一5C購01","6,000","2","5,310","0.88","0.89","0.88","0.89"," ","0.00","0.88","10","0.89","10","48.80",
="033643","漢唐統一58購02","0","0","0","--","--","--","--"," ","0.00","0.37","10","0.38","10","987.00",
="033644","友達統一58購01","368,000","18","259,070","0.64","0.72","0.63","0.70","+","0.06","0.68","10","0.69","10","13.70",
="033645","建準統一58購01","186,000","4","106,500","0.59","0.59","0.56","0.56"," ","0.00","0.52","10","0.53","10","129.00",
="033646","建準統一58購02","127,000","3","74,350","0.61","0.61","0.58","0.58"," ","0.00","0.54","10","0.55","10","129.00",
="033647","京元電統一58購01","1,000","1","1,000","1.00","1.00","1.00","1.00","-","0.03","0.96","10","0.97","10","167.00",
="033648","京元電統一64購01","1,000","1","860","0.86","0.86","0.86","0.86","-","0.01","0.84","10","0.85","10","167.00",
="033649","強茂統一58購02","201,000","3","162,810","0.81","0.81","0.81","0.81","-","0.05","0.82","10","0.83","10","71.70",
="03364U","台積電中信51售05","0","0","0","--","--","--","--"," ","0.00","0.11","499","0.12","10","0.00",
="033650","強茂統一58購03","100,000","1","72,000","0.72","0.72","0.72","0.72","-","0.04","0.73","10","0.74","10","71.70",
="033651","長榮航統一58購01","144,000","3","72,000","0.50","0.50","0.50","0.50","-","0.01","0.49","10","0.50","10","38.85",
="033652","漢翔統一58購02","671,000","23","760,040","1.20","1.20","1.10","1.10","-","0.13","1.10","103","--","0","62.60",
="033653","神基統一55購02","925,000","19","813,290","0.87","0.90","0.86","0.89","+","0.01","0.86","10","0.87","10","163.50",
="033654","神基統一58購01","26,000","2","21,920","0.84","0.86","0.84","0.86","+","0.03","0.83","10","0.84","10","163.50",
="033655","德律統一5B購01","0","0","0","--","--","--","--"," ","0.00","0.53","10","0.54","10","189.00",
="033656","健策統一62購01","1,503,000","48","1,482,450","0.97","1.02","0.94","0.98","+","0.05","0.97","15","0.98","5","2,355.00",
="033657","神達統一58購06","2,000","2","1,480","0.73","0.75","0.73","0.75","+","0.06","0.73","10","0.74","10","90.00",
="033658","臻鼎統一58購05","132,000","5","82,660","0.63","0.64","0.61","0.61","+","0.02","0.57","10","0.58","10","171.50",
="033659","達興統一58購01","53,000","5","48,820","0.90","0.94","0.90","0.94","+","0.10","0.93","10","0.94","10","399.00",
="03365U","聯電凱基4C售02","25,000","1","36,000","1.44","1.44","1.44","1.44","+","0.01","1.34","10","1.44","10","0.00",
="033660","帆宣統一58購01","23,000","1","15,410","0.67","0.67","0.67","0.67","+","0.01","0.64","10","0.65","10","255.00",
="033661","鈺邦統一58購02","5,000","1","5,200","1.04","1.04","1.04","1.04","+","0.13","0.95","10","0.96","10","198.50",
="033662","鈺邦統一5B購01","1,405,000","44","1,620,200","1.25","1.25","1.02","1.12","-","0.13","1.11","10","1.12","10","198.50",
="033663","洋基統一58購01","308,000","4","162,240","0.53","0.53","0.52","0.53","X","0.00","0.52","10","0.53","10","449.00",
="033664","AES統一58購03","0","0","0","--","--","--","--"," ","0.00","0.56","10","0.57","10","1,195.00",
="033665","富世達統一58購04","0","0","0","--","--","--","--"," ","0.00","0.50","10","0.51","10","1,010.00",
="033666","泓德統一5B購01","0","0","0","--","--","--","--"," ","0.00","0.22","10","0.23","10","125.50",
="033667","世紀鋼統一5B購01","0","0","0","--","--","--","--"," ","0.00","0.42","10","0.43","10","171.50",
="033668","滬深2X凱基5B購01","0","0","0","--","--","--","--"," ","0.00","1.25","100","1.26","50","19.04",
="033669","台塑凱基54購06","0","0","0","--","--","--","--"," ","0.00","0.90","10","0.91","10","38.60",
="03366U","南亞科凱基52售01","734,000","12","24,010","0.03","0.04","0.02","0.03"," ","0.00","0.02","580","0.03","84","0.00",
="033670","南亞凱基54購03","65,000","5","78,340","1.27","1.27","1.10","1.10","X","0.00","1.09","100","1.19","10","39.80",
="033671","中砂凱基56購03","248,000","18","460,710","1.78","1.93","1.78","1.84","+","0.09","1.81","100","1.82","10","339.00",
="033672","大亞凱基53購01","0","0","0","--","--","--","--"," ","0.00","1.47","10","1.48","10","39.85",
="033673","光寶科凱基53購03","24,000","6","103,560","4.36","4.36","4.18","4.18","-","0.28","4.36","100","4.46","10","183.00",
="033674","華通凱基53購02","0","0","0","--","--","--","--"," ","0.00","1.19","100","1.20","10","77.00",
="033675","智邦凱基54購03","0","0","0","--","--","--","--"," ","0.00","0.87","100","0.89","30","1,005.00",
="033676","金像電凱基54購03","94,000","6","114,230","1.20","1.23","1.18","1.22","+","0.10","1.16","100","1.26","10","455.00",
="033677","威盛凱基53購02","0","0","0","--","--","--","--"," ","0.00","0.84","100","0.86","10","59.50",
="033678","京元電凱基53購07","0","0","0","--","--","--","--"," ","0.00","3.07","100","3.17","10","167.00",
="033679","立隆電凱基53購01","501,000","19","807,780","1.67","1.69","1.57","1.57","-","0.16","1.58","10","1.60","10","89.40",
="03367U","聯發科凱基51售05","0","0","0","--","--","--","--"," ","0.00","0.04","10","0.14","10","0.00",
="033680","漢翔凱基54購02","24,000","5","88,090","3.75","3.75","3.52","3.52","-","0.49","3.46","100","3.48","10","62.60",
="033681","奇鋐凱基56購03","0","0","0","--","--","--","--"," ","0.00","1.22","100","1.24","10","1,015.00",
="033682","奇鋐凱基58購01","149,000","1","242,870","1.63","1.63","1.63","1.63","+","0.05","1.51","100","1.53","10","1,015.00",
="033683","智原凱基53購01","16,000","2","23,930","1.48","1.53","1.48","1.53","X","0.00","1.48","100","1.50","10","174.00",
="033684","緯創凱基53購03","0","0","0","--","--","--","--"," ","0.00","1.14","100","1.16","10","122.50",
="033685","創意凱基54購03","0","0","0","--","--","--","--"," ","0.00","1.03","100","1.05","10","1,315.00",
="033686","群創凱基54購01","1,000","1","1,460","1.46","1.46","1.46","1.46","+","0.02","1.41","100","1.51","10","14.15",
="033687","嘉澤凱基53購01","50,000","5","108,760","2.18","2.21","2.10","2.10","-","0.15","2.13","10","2.15","10","1,605.00",
="033688","世芯凱基54購09","86,000","4","155,250","1.91","1.91","1.75","1.75","-","0.13","1.74","100","1.75","10","3,700.00",
="033689","亞翔凱基53購04","12,000","2","28,260","2.30","2.36","2.30","2.36","X","0.00","2.30","10","2.32","10","358.50",
="03368U","智原凱基51售05","6,000","1","1,740","0.29","0.29","0.29","0.29","-","0.09","0.29","10","0.30","10","0.00",
="033690","佳必琪凱基53購03","0","0","0","--","--","--","--"," ","0.00","0.57","100","0.58","10","160.00",
="033691","樺漢凱基53購02","140,000","2","158,700","1.13","1.14","1.13","1.14","+","0.04","1.11","100","1.12","10","299.00",
="033692","台塑化凱基54購01","0","0","0","--","--","--","--"," ","0.00","1.05","10","1.15","10","39.25",
="033693","穎崴凱基53購04","0","0","0","--","--","--","--"," ","0.00","6.25","100","--","0","2,015.00",
="033694","富世達凱基58購03","17,000","2","23,460","1.38","1.38","1.38","1.38","X","0.00","1.37","100","--","0","1,010.00",
="033695","泓德凱基53購01","299,000","1","38,870","0.13","0.13","0.13","0.13","-","0.05","0.12","100","0.13","30","125.50",
="033696","臺股指凱基53購21","0","0","0","--","--","--","--"," ","0.00","3.73","100","3.74","10","0.00",
="033697","臺股指凱基54購14","0","0","0","--","--","--","--"," ","0.00","2.18","10","2.19","10","0.00",
="033698","臺股指凱基54購15","12,000","4","23,800","1.96","2.01","1.96","2.01","+","0.18","2.05","100","2.06","10","0.00",
="033699","國企2X元富52購02","2,000","1","1,500","0.75","0.75","0.75","0.75","-","0.08","0.73","25","0.74","25","11.65",
="03369U","華擎凱基4C售01","0","0","0","--","--","--","--"," ","0.00","0.16","10","0.17","50","0.00",
="033700","中502X元富52購04","104,000","5","111,360","1.11","1.11","1.03","1.03","-","0.16","1.01","25","1.02","25","13.10",
="033701","台化元富52購02","0","0","0","--","--","--","--"," ","0.00","0.83","25","0.84","25","28.95",
="033702","台化元富52購03","6,000","2","3,900","0.65","0.65","0.65","0.65","-","0.02","0.64","25","0.65","25","28.95",
="033703","大亞元富52購01","6,000","1","6,480","1.08","1.08","1.08","1.08","X","0.00","1.05","25","1.06","25","39.85",
="033704","合機元富52購01","0","0","0","--","--","--","--"," ","0.00","1.73","25","1.74","25","46.95",
="033705","劍麟元富52購01","163,000","19","171,880","1.19","1.19","0.90","0.97","-","0.25","0.95","25","0.97","25","108.50",
="033706","廣宇元富52購01","30,000","1","22,800","0.76","0.76","0.76","0.76","X","0.00","0.75","25","0.76","25","54.10",
="033707","全新元富54購01","0","0","0","--","--","--","--"," ","0.00","2.37","25","2.47","10","160.00",
="033708","立隆電元富52購02","2,757,000","33","3,255,620","1.24","1.24","1.14","1.14","-","0.10","1.15","25","1.16","25","89.40",
="033709","漢翔元富52購03","52,000","6","213,380","4.26","4.26","3.98","4.00","-","0.62","3.98","25","4.04","10","62.60",
="03370U","力積電凱基4C售01","250,000","4","12,500","0.05","0.05","0.05","0.05","-","0.04","0.04","10","0.06","50","0.00",
="033710","奇鋐元富53購02","0","0","0","--","--","--","--"," ","0.00","1.13","25","1.15","25","1,015.00",
="033711","奇鋐元富55購01","48,000","7","71,960","1.55","1.55","1.41","1.41","+","0.14","1.27","25","1.37","10","1,015.00",
="033712","群創元富52購02","220,000","3","314,600","1.43","1.43","1.43","1.43","X","0.00","1.43","25","1.46","25","14.15",
="033713","群創元富52購03","0","0","0","--","--","--","--"," ","0.00","1.10","25","1.12","25","14.15",
="033714","宏致元富52購04","10,000","2","14,450","1.44","1.45","1.44","1.45","-","0.19","1.44","25","1.45","25","73.30",
="033715","鈞興元富52購01","9,000","1","5,310","0.59","0.59","0.59","0.59","-","0.04","0.58","25","0.59","25","178.50",
="033716","富世達元富52購03","10,000","1","11,800","1.18","1.18","1.18","1.18","X","0.00","1.09","25","1.11","25","1,010.00",
="033717","泓德元富52購01","24,000","1","9,840","0.41","0.41","0.41","0.41","-","0.07","0.39","25","0.40","25","125.50",
="033718","大亞國票53購02","0","0","0","--","--","--","--"," ","0.00","1.05","25","1.06","10","39.85",
="033719","宏泰國票53購01","1,000","1","800","0.80","0.80","0.80","0.80"," ","0.00","0.80","25","0.81","10","36.25",
="03371U","臺股指凱基56售05","0","0","0","--","--","--","--"," ","0.00","0.17","14","0.26","10","0.00",
="033720","華通國票53購03","0","0","0","--","--","--","--"," ","0.00","2.25","25","2.26","10","77.00",
="033721","廣宇國票55購01","101,000","2","190,830","1.89","1.89","1.83","1.83","-","0.11","1.83","25","1.84","10","54.10",
="033722","順德國票53購01","0","0","0","--","--","--","--"," ","0.00","1.60","25","1.62","10","81.90",
="033723","燿華國票52購01","1,000","1","1,350","1.35","1.35","1.35","1.35","-","0.10","1.32","25","1.33","10","27.50",
="033724","燿華國票53購01","0","0","0","--","--","--","--"," ","0.00","1.31","25","1.32","10","27.50",
="033725","志聖國票53購01","64,000","4","149,890","2.18","2.35","2.18","2.22","+","0.23","2.06","25","2.07","10","197.00",
="033726","立隆電國票53購01","132,000","9","218,010","1.74","1.74","1.60","1.60","-","0.15","1.61","25","1.62","10","89.40",
="033727","新興國票53購02","3,000","2","2,710","0.90","0.91","0.90","0.91","-","0.07","0.95","25","0.96","10","22.60",
="033728","萬海國票53購02","0","0","0","--","--","--","--"," ","0.00","0.99","25","1.00","10","77.90",
="033729","漢翔國票53購03","10,000","6","62,100","6.50","6.70","6.10","6.10","-","1.10","5.90","25","6.25","10","62.60",
="03372U","金像電統一54售03","0","0","0","--","--","--","--"," ","0.00","0.05","110","0.07","499","0.00",
="033730","國泰金國票53購02","27,000","3","47,130","1.72","1.76","1.72","1.73","-","0.01","1.72","25","1.74","10","66.20",
="033731","奇鋐國票57購01","76,000","11","77,370","1.05","1.05","0.95","0.95","+","0.04","0.91","25","0.92","10","1,015.00",
="033732","創意國票53購02","0","0","0","--","--","--","--"," ","0.00","1.01","25","1.02","10","1,315.00",
="033733","牧德國票53購02","0","0","0","--","--","--","--"," ","0.00","3.22","25","3.26","10","544.00",
="033734","碩天國票53購01","0","0","0","--","--","--","--"," ","0.00","1.19","25","1.20","10","217.00",
="033735","健策國票5A購01","173,000","12","772,780","4.32","4.77","4.32","4.75","+","0.49","4.54","25","4.57","10","2,355.00",
="033736","樺漢國票53購02","0","0","0","--","--","--","--"," ","0.00","1.15","25","1.16","10","299.00",
="033737","緯穎國票54購01","0","0","0","--","--","--","--"," ","0.00","2.21","25","2.22","10","3,140.00",
="033738","可寧衛國票53購01","659,000","20","562,080","0.84","0.88","0.84","0.84","+","0.01","0.84","25","0.85","10","201.00",
="033739","台化國泰53購02","0","0","0","--","--","--","--"," ","0.00","0.97","499","0.98","100","28.95",
="03373U","國泰金統一54售01","1,000","1","290","0.29","0.29","0.29","0.29","-","0.01","0.28","11","0.29","10","0.00",
="033740","台化國泰53購03","0","0","0","--","--","--","--"," ","0.00","0.83","499","0.84","100","28.95",
="033741","順德國泰53購01","0","0","0","--","--","--","--"," ","0.00","1.94","499","1.98","130","81.90",
="033742","技嘉國泰53購01","80,000","2","111,500","1.39","1.40","1.39","1.40","+","0.12","1.38","499","1.39","499","283.00",
="033743","裕民國泰53購01","0","0","0","--","--","--","--"," ","0.00","0.72","13","--","0","55.30",
="033744","漢翔國泰53購01","10,000","1","59,000","5.90","5.90","5.90","5.90","X","0.00","5.80","499","5.85","100","62.60",
="033745","神基國泰53購01","146,000","11","322,300","2.17","2.25","2.17","2.25","+","0.07","2.17","10","2.19","10","163.50",
="033746","晶豪科國泰53購01","15,000","3","86,600","5.90","5.90","5.70","5.70","-","0.10","5.80","10","6.30","10","81.00",
="033747","創意國泰53購01","0","0","0","--","--","--","--"," ","0.00","1.91","499","1.94","100","1,315.00",
="033748","創意國泰53購02","532,000","8","920,300","1.71","1.81","1.71","1.76","+","0.16","1.76","499","1.78","100","1,315.00",
="033749","群創國泰53購02","2,890,000","20","4,123,490","1.42","1.47","1.39","1.41","X","0.00","1.39","2","1.41","260","14.15",
="03374U","鴻海群益51售06","0","0","0","--","--","--","--"," ","0.00","0.01","599","0.05","100","0.00",
="033750","貿聯國泰53購02","0","0","0","--","--","--","--"," ","0.00","2.46","10","2.50","10","1,085.00",
="033751","神達國泰53購05","50,000","7","71,270","1.40","1.47","1.39","1.47","+","0.12","1.41","499","1.43","100","90.00",
="033752","樺漢國泰53購01","0","0","0","--","--","--","--"," ","0.00","1.45","499","1.46","100","299.00",
="033753","鈺邦國泰53購03","59,000","6","88,510","1.61","1.61","1.43","1.43","-","0.26","1.43","499","1.51","100","198.50",
="033754","台塑化國泰53購02","0","0","0","--","--","--","--"," ","0.00","0.75","10","0.76","10","39.25",
="033755","連加國泰53購02","0","0","0","--","--","--","--"," ","0.00","1.02","499","1.03","100","606.00",
="033756","T50反1元大52購04","0","0","0","--","--","--","--"," ","0.00","0.12","499","0.13","10","18.29",
="033757","T50反1元大53購06","0","0","0","--","--","--","--"," ","0.00","0.39","499","0.40","10","18.29",
="033758","滬深2X元大55購04","0","0","0","--","--","--","--"," ","0.00","1.75","250","1.76","100","19.04",
="033759","滬深2X元大56購03","0","0","0","--","--","--","--"," ","0.00","1.76","499","1.77","100","19.04",
="03375U","智邦群益4C售02","0","0","0","--","--","--","--"," ","0.00","0.01","499","--","0","0.00",
="033760","滬深2X元大57購05","0","0","0","--","--","--","--"," ","0.00","1.76","499","1.77","100","19.04",
="033761","台泥元大53購02","260,000","8","198,700","0.77","0.78","0.75","0.78","-","0.22","0.77","499","0.79","10","23.75",
="033762","南亞元大53購11","0","0","0","--","--","--","--"," ","0.00","0.71","499","0.73","10","39.80",
="033763","南亞元大53購12","186,000","8","152,870","0.77","0.84","0.75","0.75"," ","0.00","0.71","499","0.72","10","39.80",
="033764","南亞元大54購09","0","0","0","--","--","--","--"," ","0.00","0.69","499","0.71","10","39.80",
="033765","華新元大54購03","96,000","10","116,800","1.28","1.28","1.20","1.20","-","0.01","1.18","499","1.19","10","24.05",
="033766","億泰元大54購03","0","0","0","--","--","--","--"," ","0.00","0.56","499","0.57","10","34.80",
="033767","劍麟元大53購02","166,000","23","135,030","0.92","0.92","0.73","0.78","-","0.18","0.78","499","0.80","10","108.50",
="033768","光寶科元大54購08","0","0","0","--","--","--","--"," ","0.00","3.25","200","--","0","183.00",
="033769","台達電元大53購04","72,000","5","210,000","2.95","2.95","2.79","2.79","-","0.08","2.74","25","2.78","10","893.00",
="03376U","台光電群益4C售02","0","0","0","--","--","--","--"," ","0.00","--","0","0.05","200","0.00",
="033770","台達電元大53購05","0","0","0","--","--","--","--"," ","0.00","2.64","250","2.68","10","893.00",
="033771","台達電元大54購08","496,000","37","1,268,810","2.64","2.66","2.42","2.46","-","0.12","2.43","25","2.69","1","893.00",
="033772","華通元大53購05","49,000","2","83,290","1.70","1.70","1.69","1.69","+","0.01","1.52","450","1.53","10","77.00",
="033773","華通元大53購06","979,000","26","928,570","1.03","1.05","0.91","0.91","-","0.10","0.90","499","0.92","10","77.00",
="033774","華通元大54購03","0","0","0","--","--","--","--"," ","0.00","1.17","499","1.18","10","77.00",
="033775","鴻海元大54購22","2,000","1","1,640","0.82","0.82","0.82","0.82","+","0.05","0.86","499","0.87","10","221.00",
="033776","廣宇元大54購04","0","0","0","--","--","--","--"," ","0.00","0.99","499","1.09","10","54.10",
="033777","智邦元大54購12","523,000","9","440,650","0.85","0.88","0.84","0.86","+","0.06","0.83","5","0.88","25","1,005.00",
="033778","鴻準元大54購05","150,000","2","160,730","1.08","1.08","1.07","1.07","+","0.04","1.03","499","1.04","10","70.70",
="033779","金像電元大54購09","21,000","6","20,540","0.99","1.00","0.96","0.97","+","0.11","0.95","499","0.96","10","455.00",
="03377U","南亞科群益4C售05","0","0","0","--","--","--","--"," ","0.00","--","0","--","0","0.00",
="033780","京元電元大53購05","377,000","18","617,480","1.75","1.75","1.58","1.60","-","0.14","1.58","450","1.60","9","167.00",
="033781","京元電元大53購06","6,000","1","9,600","1.60","1.60","1.60","1.60","+","0.03","1.47","450","1.49","10","167.00",
="033782","京元電元大54購09","3,000","2","4,980","1.66","1.66","1.66","1.66","-","0.13","1.64","400","1.66","10","167.00",
="033783","鉅祥元大53購03","176,000","5","222,940","1.33","1.33","1.22","1.22","-","0.05","1.21","499","1.24","10","108.50",
="033784","中航元大53購02","138,000","5","119,310","0.92","0.92","0.86","0.89","-","0.05","0.89","509","0.90","3","51.70",
="033785","奇鋐元大53購06","522,000","8","544,640","1.10","1.10","1.03","1.03","+","0.02","0.91","499","0.95","10","1,015.00",
="033786","奇鋐元大53購07","819,000","12","659,080","0.88","0.89","0.74","0.76","-","0.08","0.74","499","0.75","10","1,015.00",
="033787","奇鋐元大54購16","15,000","4","18,040","1.20","1.21","1.17","1.17","+","0.03","1.01","499","1.04","10","1,015.00",
="033788","亞光元大54購10","27,000","1","35,370","1.31","1.31","1.31","1.31","-","0.04","1.26","499","1.27","10","161.50",
="033789","聯詠元大53購01","563,000","26","987,380","1.62","1.84","1.58","1.73","+","0.11","1.73","2","--","0","443.00",
="03378U","奇鋐群益4C售01","0","0","0","--","--","--","--"," ","0.00","--","0","--","0","0.00",
="033790","緯創元大54購12","0","0","0","--","--","--","--"," ","0.00","1.36","10","1.38","10","122.50",
="033791","宏致元大53購03","228,000","14","217,260","0.99","0.99","0.91","0.93","-","0.06","0.91","499","0.92","10","73.30",
="033792","貿聯元大53購01","99,000","7","185,080","1.96","1.96","1.82","1.82","-","0.07","1.66","400","--","0","1,085.00",
="033793","貿聯元大54購12","50,000","5","91,800","1.90","1.90","1.79","1.81","-","0.02","1.60","400","--","0","1,085.00",
="033794","神達元大53購05","620,000","26","832,850","1.35","1.39","1.26","1.34","+","0.10","1.34","499","1.35","10","90.00",
="033795","神達元大53購06","49,000","6","54,340","1.13","1.13","1.07","1.07","+","0.03","1.09","499","1.10","10","90.00",
="033796","神達元大54購09","238,000","6","285,780","1.17","1.23","1.17","1.18","+","0.10","1.21","499","1.23","10","90.00",
="033797","鈞興元大53購02","0","0","0","--","--","--","--"," ","0.00","0.79","499","0.81","10","178.50",
="033798","南寶元大53購04","212,000","15","383,700","1.86","1.86","1.76","1.80","-","0.10","1.78","25","1.81","10","416.50",
="033799","臻鼎元大53購06","0","0","0","--","--","--","--"," ","0.00","0.99","499","1.00","10","171.50",
="03379U","聯鈞國票51售01","153,000","7","21,520","0.16","0.16","0.14","0.14","-","0.05","0.13","25","0.14","10","0.00",
="033800","臻鼎元大53購07","505,000","10","547,400","1.09","1.11","1.06","1.06","+","0.04","0.99","499","1.00","10","171.50",
="033801","臻鼎元大54購07","256,000","4","254,440","1.10","1.10","0.97","0.98","-","0.03","0.97","10","0.99","10","171.50",
="033802","佳必琪元大53購07","469,000","6","237,080","0.51","0.51","0.50","0.50","-","0.01","0.49","499","0.50","10","160.00",
="033803","樺漢元大53購02","10,000","1","10,300","1.03","1.03","1.03","1.03","X","0.00","0.96","499","0.98","10","299.00",
="033804","富世達元大54購14","439,000","5","308,950","0.70","0.71","0.69","0.71","+","0.10","0.68","499","0.69","10","1,010.00",
="033805","滬深2X群益52購05","7,000","1","11,550","1.65","1.65","1.65","1.65","+","0.20","0.16","62","--","0","19.04",
="033806","台塑群益52購05","0","0","0","--","--","--","--"," ","0.00","0.58","10","0.68","10","38.60",
="033807","台化群益54購01","0","0","0","--","--","--","--"," ","0.00","0.58","25","0.59","10","28.95",
="033808","中興電群益52購01","210,000","4","236,400","1.13","1.14","1.12","1.14","-","0.02","1.11","100","1.14","100","159.00",
="033809","大亞群益52購02","0","0","0","--","--","--","--"," ","0.00","0.87","10","0.97","10","39.85",
="03380U","長榮富邦52售03","2,000","1","1,620","0.81","0.81","0.81","0.81","X","0.00","0.80","10","0.81","10","0.00",
="033810","川湖群益52購06","40,000","2","189,700","4.51","4.82","4.51","4.82"," ","0.00","4.57","100","4.65","100","3,220.00",
="033811","聯電群益52購02","4,979,000","179","12,135,090","2.27","2.55","2.19","2.43","+","0.21","2.22","5","--","0","43.90",
="033812","台達電群益52購06","0","0","0","--","--","--","--"," ","0.00","--","0","4.40","10","893.00",
="033813","鴻海群益52購17","21,000","2","41,620","2.02","2.02","1.94","1.94","X","0.00","1.99","100","2.02","100","221.00",
="033814","華邦電群益52購01","0","0","0","--","--","--","--"," ","0.00","--","0","--","0","36.45",
="033815","鴻準群益52購03","154,000","4","232,980","1.51","1.52","1.47","1.47","+","0.01","1.45","10","1.55","10","70.70",
="033816","大同群益52購01","18,000","2","34,880","1.91","1.96","1.91","1.96","-","0.03","2.10","10","2.20","10","39.85",
="033817","南亞科群益52購01","0","0","0","--","--","--","--"," ","0.00","--","0","--","0","81.00",
="033818","萬海群益52購03","0","0","0","--","--","--","--"," ","0.00","0.77","10","0.87","10","77.90",
="03381U","滬深2X元大54售03","0","0","0","--","--","--","--"," ","0.00","0.12","250","0.13","100","0.00",
="033821","神基群益54購01","103,000","14","181,130","1.72","1.78","1.70","1.78","+","0.04","0.69","14","--","0","163.50",
="033822","奇鋐群益52購09","2,000","1","1,560","0.78","0.78","0.78","0.78","+","0.05","0.25","40","--","0","1,015.00",
="033823","亞光群益52購07","12,000","1","14,160","1.18","1.18","1.18","1.18","-","0.02","1.13","100","1.15","100","161.50",
="033824","嘉澤群益52購02","0","0","0","--","--","--","--"," ","0.00","1.01","2","2.41","10","1,605.00",
="033825","貿聯群益52購05","0","0","0","--","--","--","--"," ","0.00","1.55","10","1.60","10","1,085.00",
="033826","祥碩群益52購04","0","0","0","--","--","--","--"," ","0.00","--","0","--","0","1,525.00",
="033827","jpp群益54購01","293,000","13","610,920","2.10","2.16","1.98","2.00","-","0.12","1.04","19","--","0","286.50",
="033828","亞翔群益52購04","79,000","4","128,970","1.56","1.65","1.56","1.65","+","0.04","1.59","10","1.69","10","358.50",
="033829","台塑化群益52購03","0","0","0","--","--","--","--"," ","0.00","0.09","122","--","0","39.25",
="03382U","滬深2X元大55售02","779,000","16","355,120","0.45","0.49","0.41","0.49","+","0.05","0.47","280","0.48","100","0.00",
="033830","緯穎群益52購13","0","0","0","--","--","--","--"," ","0.00","0.61","32","--","0","3,140.00",
="033831","富世達群益52購10","61,000","2","39,860","0.62","0.66","0.62","0.66","+","0.11","0.23","43","--","0","1,010.00",
="033832","世紀鋼群益52購04","0","0","0","--","--","--","--"," ","0.00","0.61","10","0.71","10","171.50",
="033833","滬深2X永豐53購07","0","0","0","--","--","--","--"," ","0.00","0.72","499","0.73","10","19.04",
="033834","國企2X永豐53購01","0","0","0","--","--","--","--"," ","0.00","0.50","499","0.51","10","11.65",
="033835","大亞永豐54購01","5,000","1","3,450","0.69","0.69","0.69","0.69","-","0.02","0.69","10","0.70","10","39.85",
="033836","川湖永豐54購01","64,000","3","90,630","1.42","1.42","1.41","1.41","+","0.01","1.31","499","1.41","10","3,220.00",
="033837","鴻海永豐53購04","210,000","4","217,400","1.03","1.04","1.03","1.04","X","0.00","1.04","10","1.05","10","221.00",
="033838","台積電永豐55購05","7,000","1","14,770","2.11","2.11","2.11","2.11","+","0.34","0.67","14","--","0","1,340.00",
="033839","台積電永豐55購06","27,000","2","32,130","1.19","1.19","1.19","1.19","X","0.00","--","0","--","0","1,340.00",
="03383U","亞德客元大4C售01","3,000","1","3,870","1.29","1.29","1.29","1.29","-","0.13","1.32","499","1.34","200","0.00",
="033840","神達永豐55購04","5,000","1","3,600","0.72","0.72","0.72","0.72","X","0.00","0.69","10","0.70","10","90.00",
="033841","滬深2X中信58購01","0","0","0","--","--","--","--"," ","0.00","0.91","499","0.92","100","0.00",
="033842","香港2X中信58購01","0","0","0","--","--","--","--"," ","0.00","0.83","499","0.84","100","0.00",
="033843","國巨中信57購01","351,000","34","681,630","1.95","2.04","1.90","1.93","-","0.01","1.89","10","1.91","10","0.00",
="033844","智原中信57購01","408,000","22","523,160","1.16","1.41","1.16","1.30","+","0.15","1.24","10","1.27","10","0.00",
="033845","臻鼎中信58購01","124,000","6","72,850","0.58","0.59","0.58","0.58","+","0.01","0.52","10","0.53","10","0.00",
="033846","所羅門兆豐54購01","74,000","2","46,620","0.63","0.63","0.63","0.63","-","0.03","0.63","10","0.64","10","144.50",
="033847","佳能兆豐54購01","27,000","4","47,880","1.75","1.83","1.75","1.83","+","0.14","1.90","10","1.99","10","88.80",
="033848","神達兆豐54購02","275,000","19","229,450","0.81","0.87","0.80","0.81","+","0.07","0.81","10","0.82","10","90.00",
="033849","國巨富邦58購01","814,000","60","1,462,160","1.83","1.87","1.76","1.77","-","0.08","1.76","3","1.77","224","0.00",
="03384U","智邦元大4C售04","0","0","0","--","--","--","--"," ","0.00","0.04","499","0.14","10","0.00",
="033850","台積電富邦54購03","0","0","0","--","--","--","--"," ","0.00","10.60","30","10.70","10","0.00",
="033851","佳能富邦53購01","10,000","1","24,200","2.42","2.42","2.42","2.42","+","0.41","2.39","10","2.43","10","0.00",
="033852","長榮太富邦53購01","291,000","8","156,820","0.59","0.59","0.52","0.54","-","0.20","0.54","10","0.55","10","0.00",
="033853","緯創富邦5B購01","194,000","14","208,830","1.03","1.09","1.02","1.02","+","0.04","1.01","60","1.02","10","0.00",
="033854","聯鈞富邦53購02","342,000","33","839,830","2.27","2.62","2.19","2.56","+","0.36","2.60","30","2.61","10","0.00",
="033855","鈺邦富邦53購01","236,000","11","313,190","1.67","1.67","1.25","1.48","-","0.49","1.39","10","1.40","10","0.00",
="033856","佳能第一58購01","23,000","5","299,200","12.60","13.40","12.60","13.00","+","0.80","13.30","10","13.50","10","0.00",
="033857","T50反1凱基53購03","0","0","0","--","--","--","--"," ","0.00","0.12","100","0.13","10","18.29",
="033858","T50反1凱基53購04","0","0","0","--","--","--","--"," ","0.00","0.21","100","0.22","10","18.29",
="033859","滬深2X凱基57購02","210,000","8","409,100","1.91","2.07","1.77","1.78","-","0.15","1.82","100","1.83","50","19.04",
="03385U","金像電元大4C售06","0","0","0","--","--","--","--"," ","0.00","0.03","499","0.13","10","0.00",
="033860","國企2X凱基53購02","0","0","0","--","--","--","--"," ","0.00","0.87","100","0.88","50","11.65",
="033861","統一凱基53購01","0","0","0","--","--","--","--"," ","0.00","2.00","10","2.01","10","78.40",
="033862","南亞凱基53購09","96,000","6","39,290","0.46","0.50","0.39","0.39","-","0.01","0.36","100","0.46","10","39.80",
="033863","中砂凱基53購03","33,000","6","71,370","2.14","2.22","2.11","2.22","+","0.26","2.18","100","2.20","10","339.00",
="033864","大亞凱基53購02","0","0","0","--","--","--","--"," ","0.00","1.45","10","1.46","10","39.85",
="033865","光寶科凱基53購04","28,000","5","123,040","4.41","4.76","4.22","4.76","+","0.24","4.41","100","4.48","10","183.00",
="033866","台達電凱基54購03","150,000","17","561,640","3.87","3.87","3.50","3.56","-","0.18","3.52","100","3.55","1","893.00",
="033867","金寶凱基53購01","0","0","0","--","--","--","--"," ","0.00","1.10","10","1.12","10","19.60",
="033868","所羅門凱基53購04","36,000","3","48,660","1.42","1.42","1.34","1.34","-","0.06","1.34","10","1.36","10","144.50",
="033869","佳能凱基53購02","536,000","32","2,336,760","4.00","4.91","4.00","4.28","+","0.45","4.31","100","4.35","10","88.80",
="03386U","台光電元大4C售08","0","0","0","--","--","--","--"," ","0.00","0.04","499","0.14","10","0.00",
="033870","台光電凱基53購12","59,000","5","69,720","1.04","1.21","1.04","1.20","X","0.00","1.14","100","1.15","10","1,345.00",
="033871","台光電凱基53購13","25,000","4","27,510","1.03","1.13","1.03","1.13","X","0.00","1.08","100","1.10","10","1,345.00",
="033872","聯發科凱基54購07","2,000","2","2,100","1.05","1.05","1.05","1.05","-","0.15","0.97","100","0.98","10","1,375.00",
="033873","國泰金凱基53購01","14,000","1","28,000","2.00","2.00","2.00","2.00","-","0.03","2.03","100","2.06","10","66.20",
="033874","聯詠凱基53購02","68,000","6","120,640","1.68","1.82","1.68","1.82","+","0.20","1.69","10","1.79","10","443.00",
="033875","創意凱基53購02","28,000","4","20,550","0.70","0.74","0.70","0.74","+","0.05","0.73","100","0.74","10","1,315.00",
="033876","聯鈞凱基54購02","174,000","11","628,860","3.23","3.94","3.23","3.94","+","0.62","1.26","15","3.94","10","278.00",
="033877","碩天凱基53購01","17,000","2","15,700","0.95","0.95","0.92","0.92","X","0.00","0.96","10","0.97","10","217.00",
="033878","健策凱基53購02","141,000","17","580,110","3.75","4.28","3.75","4.04","+","0.08","4.03","100","4.06","10","2,355.00",
="033879","貿聯凱基53購03","56,000","3","111,640","2.00","2.00","1.91","1.91","-","0.19","1.81","100","1.91","10","1,085.00",
="03387U","聯發科元大4C售11","0","0","0","--","--","--","--"," ","0.00","--","0","0.10","10","0.00",
="033880","神達凱基54購06","5,000","1","4,350","0.87","0.87","0.87","0.87","+","0.05","0.86","100","0.87","30","90.00",
="033881","臻鼎凱基54購06","260,000","6","213,940","0.85","0.85","0.71","0.71","-","0.15","0.73","100","0.74","10","171.50",
="033882","啟碁凱基53購02","77,000","3","54,940","0.72","0.73","0.71","0.73","+","0.01","0.71","100","--","0","121.00",
="033883","迅得凱基53購03","39,000","4","43,810","1.16","1.16","1.09","1.09"," ","0.00","1.02","100","1.03","10","176.00",
="033884","穎崴凱基55購01","3,000","3","23,200","7.75","7.75","7.70","7.70","+","0.30","7.65","100","7.75","10","2,015.00",
="033885","緯穎凱基53購09","0","0","0","--","--","--","--"," ","0.00","1.85","100","1.86","10","3,140.00",
="033886","龍德船凱基53購03","2,000","1","3,820","1.91","1.91","1.91","1.91","-","0.44","1.78","100","1.88","10","151.50",
="033887","台虹凱基53購02","1,376,000","23","5,631,980","4.11","4.38","4.00","4.04","-","0.07","3.97","100","4.07","10","63.30",
="033888","台灣50元富58購02","0","0","0","--","--","--","--"," ","0.00","3.83","25","3.84","25","58.45",
="033889","T50反1元富53購02","0","0","0","--","--","--","--"," ","0.00","0.28","25","0.29","25","18.29",
="03388U","萬海元大4C售15","2,000","1","2,340","1.17","1.17","1.17","1.17","X","0.00","1.17","499","1.18","200","0.00",
="033890","滬深2X元富53購03","0","0","0","--","--","--","--"," ","0.00","0.12","8","--","0","19.04",
="033891","香港2X元富53購02","2,000","2","4,580","2.32","2.32","2.26","2.26","-","0.10","0.21","5","--","0","18.02",
="033892","香港2X元富53購03","0","0","0","--","--","--","--"," ","0.00","0.15","7","--","0","18.02",
="033893","中砂元富53購01","9,000","1","18,090","2.01","2.01","2.01","2.01","+","0.16","2.05","25","2.06","25","339.00",
="033894","為升元富53購01","0","0","0","--","--","--","--"," ","0.00","4.08","25","4.18","25","130.00",
="033895","為升元富55購01","95,000","2","341,200","3.59","3.62","3.59","3.62","-","0.08","3.59","25","3.65","25","130.00",
="033897","華通元富53購04","334,000","3","375,830","1.20","1.20","0.99","0.99","-","0.19","0.99","25","1.00","25","77.00",
="033898","鴻海元富53購06","302,000","59","596,180","1.88","2.06","1.88","2.02","+","0.23","2.02","25","2.03","25","221.00",
="033899","鴻海元富53購07","4,624,000","51","10,029,100","2.15","2.26","2.15","2.17","+","0.15","2.21","25","2.23","25","221.00",
="03389U","亞光元大4C售03","0","0","0","--","--","--","--"," ","0.00","0.28","499","0.29","200","0.00",
="033900","廣宇元富58購01","0","0","0","--","--","--","--"," ","0.00","1.38","25","1.39","25","54.10",
="033901","華泰元富53購01","2,000","1","4,440","2.22","2.22","2.22","2.22","-","0.17","2.15","25","2.16","25","47.70",
="033902","所羅門元富53購01","25,000","3","31,300","1.29","1.29","1.22","1.22","-","0.06","1.22","25","1.24","25","144.50",
="033904","鴻海統一4B購02","371,000","14","277,680","0.74","0.77","0.72","0.74","+","0.08","0.74","10","0.75","30","221.00",
="033905","金像電元富53購02","0","0","0","--","--","--","--"," ","0.00","1.31","25","1.32","25","455.00",
="033906","佳能元富53購02","99,000","23","339,170","3.16","3.80","3.15","3.47","+","0.38","3.48","25","3.50","25","88.80",
="033907","奇鋐元富53購03","794,000","20","749,810","1.02","1.02","0.83","0.83","+","0.01","0.82","25","0.83","25","1,015.00",
="033908","緯創元富58購01","70,000","4","236,960","3.34","3.46","3.30","3.30","+","0.11","3.26","25","3.30","25","122.50",
="03390U","聯鈞元大4C售02","0","0","0","--","--","--","--"," ","0.00","0.05","499","0.06","200","0.00",
="033910","昇貿元富53購03","25,000","3","53,180","2.26","2.26","2.10","2.10","-","0.27","2.10","25","2.16","10","114.00",
="033911","創意元富53購02","33,000","1","57,750","1.75","1.75","1.75","1.75","X","0.00","1.70","25","--","0","1,315.00",
="033912","創意元富58購02","33,000","1","116,160","3.52","3.52","3.52","3.52","X","0.00","3.45","25","--","0","1,315.00",
="033913","群創元富55購01","7,000","1","10,430","1.49","1.49","1.49","1.49","X","0.00","1.47","25","1.49","25","14.15",
="033914","聯發科統一4C購01","12,000","4","5,170","0.45","0.45","0.41","0.41","-","0.08","0.38","10","0.39","10","1,375.00",
="033915","jpp元富53購01","82,000","12","393,650","4.91","4.97","4.65","4.80","+","0.02","2.22","34","--","0","286.50",
="033916","鈺邦元富53購03","427,000","25","1,311,780","3.70","3.70","2.83","3.24","-","0.33","3.21","25","3.24","25","198.50",
="033917","慧洋統一4B購01","0","0","0","--","--","--","--"," ","0.00","0.02","10","0.10","10","58.40",
="033918","健鼎統一4B購01","248,000","1","79,360","0.32","0.32","0.32","0.32"," ","0.00","0.33","10","0.34","10","309.50",
="033919","鈺邦元富53購04","87,000","43","189,340","2.46","2.46","1.80","2.15","-","0.29","2.07","25","2.09","25","198.50",
="03391U","電子類元大4C售02","0","0","0","--","--","--","--"," ","0.00","0.04","4","0.12","286","0.00",
="033920","緯穎元富53購06","0","0","0","--","--","--","--"," ","0.00","1.94","25","1.95","25","3,140.00",
="033921","龍德船元富53購01","73,000","5","214,650","3.09","3.09","2.76","2.76","-","0.63","2.76","25","2.86","10","151.50",
="033923","羅昇元富53購01","0","0","0","--","--","--","--"," ","0.00","0.87","25","0.88","25","99.50",
="033924","直得國票53購01","0","0","0","--","--","--","--"," ","0.00","0.98","25","1.01","10","81.30",
="033925","宇隆國票53購02","0","0","0","--","--","--","--"," ","0.00","0.76","25","0.77","10","217.00",
="033926","廣宇國票58購01","0","0","0","--","--","--","--"," ","0.00","1.18","25","1.19","10","54.10",
="033927","華泰國票53購01","39,000","8","124,530","3.28","3.39","3.11","3.11","-","0.26","3.11","25","3.12","10","47.70",
="033928","旺宏國票53購01","5,000","1","21,200","4.24","4.24","4.24","4.24","X","0.00","4.27","25","--","0","26.75",
="033929","旺宏國票53購02","6,000","1","29,640","4.94","4.94","4.94","4.94","+","1.00","5.00","25","5.05","10","26.75",
="03392U","華通中信4C售01","0","0","0","--","--","--","--"," ","0.00","0.04","10","0.05","10","0.00",
="033930","漢唐國票53購05","8,000","7","3,080","0.41","0.41","0.37","0.37","-","0.06","0.41","25","0.42","10","987.00",
="033932","盟立國票53購02","20,000","2","32,600","1.64","1.64","1.62","1.62","X","0.00","1.53","25","1.55","10","72.30",
="033933","盟立國票54購01","0","0","0","--","--","--","--"," ","0.00","1.76","25","1.77","10","72.30",
="033934","零壹國票57購01","0","0","0","--","--","--","--"," ","0.00","1.35","25","1.36","10","125.00",
="033935","德律國票53購04","2,000","1","2,100","1.05","1.05","1.05","1.05","-","0.05","1.06","25","1.08","10","189.00",
="033936","鈞興國票54購01","40,000","4","42,000","1.06","1.06","1.04","1.05","+","0.01","1.01","25","1.02","10","178.50",
="033937","大銀國票56購01","0","0","0","--","--","--","--"," ","0.00","0.90","25","0.91","10","120.00",
="033938","達興國票54購01","281,000","9","897,100","3.11","3.51","2.99","3.42","+","0.44","3.43","25","3.44","10","399.00",
="033939","台虹國票53購02","0","0","0","--","--","--","--"," ","0.00","3.83","25","3.91","10","63.30",
="03393U","FBNQ2X國票51售02","0","0","0","--","--","--","--"," ","0.00","0.18","25","0.19","10","0.00",
="033940","菱光國票54購01","65,000","10","85,390","1.28","1.40","1.23","1.36","+","0.19","1.35","25","1.36","10","60.90",
="033941","大亞統一63購01","0","0","0","--","--","--","--"," ","0.00","0.57","10","0.58","10","39.85",
="033942","聯電統一5A購01","27,000","2","16,220","0.60","0.61","0.60","0.61","+","0.03","0.60","10","0.61","10","43.90",
="033943","鴻海統一5B購01","96,000","2","86,400","0.90","0.90","0.90","0.90","X","0.00","0.90","10","0.91","10","221.00",
="033944","鴻海統一68購04","211,000","4","174,020","0.83","0.83","0.82","0.82","+","0.02","0.82","10","0.83","10","221.00",
="033945","國巨統一58購02","1,139,000","37","1,335,300","1.18","1.20","1.16","1.20","-","0.01","1.16","95","1.20","5","176.00",
="033946","國巨統一5B購01","1,427,000","47","1,097,100","0.78","0.78","0.76","0.77","-","0.01","0.76","20","0.77","10","176.00",
="033947","華泰統一56購02","0","0","0","--","--","--","--"," ","0.00","0.79","10","0.80","10","47.70",
="033948","華泰統一5A購01","122,000","6","78,440","0.63","0.65","0.62","0.62","-","0.02","0.62","10","0.63","10","47.70",
="033949","智邦統一64購01","22,000","1","15,840","0.72","0.72","0.72","0.72","+","0.02","0.71","10","0.73","10","1,005.00",
="03394U","和大國票51售01","0","0","0","--","--","--","--"," ","0.00","0.44","25","0.45","10","0.00",
="033950","鴻準統一5B購01","5,000","1","2,300","0.46","0.46","0.46","0.46"," ","0.00","0.45","10","0.46","10","70.70",
="033951","佳能統一5B購01","1,370,000","51","1,259,570","0.86","0.98","0.86","0.92","+","0.06","0.91","10","0.92","10","88.80",
="033952","威盛統一64購01","0","0","0","--","--","--","--"," ","0.00","0.50","10","0.51","10","59.50",
="033953","建準統一64購01","36,000","1","20,520","0.57","0.57","0.57","0.57","+","0.02","0.53","10","0.54","10","129.00",
="033954","盟立統一5A購01","0","0","0","--","--","--","--"," ","0.00","0.56","10","0.57","10","72.30",
="033955","盟立統一5C購01","2,000","2","1,210","0.60","0.61","0.60","0.61","X","0.00","0.59","10","0.60","10","72.30",
="033956","志聖統一56購02","986,000","38","733,190","0.71","0.78","0.71","0.72","+","0.02","0.72","10","1.00","25","197.00",
="033957","鉅祥統一64購01","14,000","2","13,390","0.98","0.98","0.95","0.95","-","0.05","0.94","10","0.95","10","108.50",
="033958","長榮航統一5A購01","0","0","0","--","--","--","--"," ","0.00","0.56","10","0.57","10","38.85",
="033959","漢翔統一56購01","412,000","19","500,150","1.25","1.25","1.16","1.16","-","0.12","1.15","12","1.16","10","62.60",
="03395U","亞德客國票4C售01","0","0","0","--","--","--","--"," ","0.00","1.99","25","2.01","10","0.00",
="033960","長榮太統一58購03","108,000","2","55,650","0.53","0.53","0.50","0.50","-","0.05","0.49","10","0.50","10","168.50",
="033961","大立光統一56購02","89,000","1","62,300","0.70","0.70","0.70","0.70","-","0.02","0.69","10","0.70","10","2,360.00",
="033962","奇鋐統一5B購02","223,000","4","137,010","0.63","0.63","0.57","0.57","+","0.01","0.55","10","0.56","10","1,015.00",
="033963","威強電統一64購01","0","0","0","--","--","--","--"," ","0.00","0.57","10","0.58","10","67.20",
="033964","零壹統一5B購02","79,000","2","48,190","0.61","0.61","0.61","0.61","-","0.01","0.60","10","0.61","10","125.00",
="033965","零壹統一5C購02","21,000","1","12,390","0.59","0.59","0.59","0.59","+","0.01","0.58","10","0.59","10","125.00",
="033966","新日興統一59購01","1,781,000","9","1,147,200","0.68","0.68","0.62","0.62","-","0.04","0.64","10","0.65","10","237.00",
="033967","神達統一59購01","126,000","5","70,470","0.57","0.58","0.55","0.55"," ","0.00","0.57","10","0.58","10","90.00",
="033968","神達統一64購01","38,000","7","17,460","0.46","0.47","0.45","0.46","+","0.02","0.45","10","0.46","8","90.00",
="033969","臻鼎統一5C購01","2,000","2","1,070","0.54","0.54","0.53","0.53","-","0.02","0.53","10","0.54","10","171.50",
="03396U","亞德客國票52售01","0","0","0","--","--","--","--"," ","0.00","1.53","25","1.54","10","0.00",
="033970","佳必琪統一5A購01","0","0","0","--","--","--","--"," ","0.00","0.49","10","0.50","10","160.00",
="033971","迅得統一5C購01","0","0","0","--","--","--","--"," ","0.00","0.54","10","0.55","10","176.00",
="033972","龍德船統一56購01","1,227,000","41","1,028,350","0.89","0.89","0.80","0.80","-","0.13","0.80","10","0.81","10","151.50",
="033973","龍德船統一5A購01","207,000","39","151,490","0.77","0.77","0.71","0.71","-","0.08","0.71","10","0.72","10","151.50",
="033974","泓德統一58購02","0","0","0","--","--","--","--"," ","0.00","0.24","10","0.25","10","125.50",
="033975","泓德統一5A購01","0","0","0","--","--","--","--"," ","0.00","0.32","10","0.33","10","125.50",
="033976","台虹統一5C購01","50,000","3","51,000","1.00","1.05","1.00","1.05","X","0.00","0.99","10","1.00","10","63.30",
="033977","南電統一5B購01","738,000","33","840,060","1.15","1.19","1.06","1.06","-","0.02","1.05","10","1.06","10","234.50",
="033978","世紀鋼統一58購01","20,000","1","8,400","0.42","0.42","0.42","0.42","X","0.00","0.40","15","0.41","10","171.50",
="033979","台灣50元大53購09","310,000","28","378,440","1.22","1.35","1.17","1.31","+","0.24","1.33","100","1.34","10","58.45",
="03397U","聯電國票51售01","16,000","6","15,710","1.04","1.04","0.96","0.97","X","0.00","1.00","25","1.02","10","0.00",
="033980","台灣50元大57購01","0","0","0","--","--","--","--"," ","0.00","3.55","100","3.56","10","58.45",
="033981","台泥元大53購03","895,000","22","993,200","1.12","1.16","1.09","1.13","-","0.22","1.13","17","1.14","10","23.75",
="033982","南亞元大53購13","0","0","0","--","--","--","--"," ","0.00","1.28","499","1.30","10","39.80",
="033983","南亞元大54購10","1,000","1","510","0.51","0.51","0.51","0.51","+","0.04","0.44","499","0.45","10","39.80",
="033984","華城元大54購16","0","0","0","--","--","--","--"," ","0.00","0.50","499","0.51","10","586.00",
="033985","大亞元大53購03","1,000","1","1,260","1.26","1.26","1.26","1.26","-","0.01","1.22","499","1.24","10","39.85",
="033986","大亞元大53購04","41,000","2","60,650","1.45","1.48","1.45","1.48","+","0.02","1.41","499","1.42","10","39.85",
="033987","大成鋼元大54購08","0","0","0","--","--","--","--"," ","0.00","0.99","499","1.00","10","37.90",
="033988","光寶科元大54購09","231,000","14","593,340","2.52","2.79","2.46","2.60","+","0.32","2.58","300","2.68","10","183.00",
="033989","聯電元大53購01","58,000","3","130,530","2.20","2.27","2.20","2.27","+","0.22","2.27","25","2.31","10","43.90",
="03398U","聯電國票52售01","0","0","0","--","--","--","--"," ","0.00","0.97","25","0.99","10","0.00",
="033990","台達電元大54購09","626,000","35","1,296,050","2.13","2.14","1.97","1.99","-","0.11","1.98","25","3.36","1","893.00",
="033991","華通元大54購04","171,000","3","299,740","1.88","1.88","1.74","1.74","-","0.08","1.61","400","1.62","10","77.00",
="033992","鴻海元大53購10","20,000","1","18,000","0.90","0.90","0.90","0.90","X","0.00","0.91","499","0.92","10","221.00",
="033993","台積電元大53購06","324,000","3","550,800","1.70","1.70","1.70","1.70","X","0.00","--","0","--","0","1,340.00",
="033994","智邦元大54購13","251,000","4","169,540","0.68","0.71","0.67","0.67","+","0.01","0.20","50","--","0","1,005.00",
="033995","鴻準元大54購06","0","0","0","--","--","--","--"," ","0.00","1.28","499","1.29","10","70.70",
="033996","金像電元大53購07","50,000","5","47,400","0.96","0.96","0.93","0.96","+","0.10","0.91","499","0.92","10","455.00",
="033997","金像電元大53購08","1,299,000","23","2,278,080","1.78","1.79","1.72","1.79","+","0.13","1.71","450","1.72","10","455.00",
="033998","佳能元大53購03","478,000","49","2,031,840","3.83","4.56","3.83","4.17","+","0.35","4.18","200","4.24","10","88.80",
="033999","漢唐元大53購12","0","0","0","--","--","--","--"," ","0.00","0.30","25","0.31","20","987.00",
="03399U","華通國票51售01","0","0","0","--","--","--","--"," ","0.00","0.21","25","0.22","10","0.00",
="034000","京元電元大54購10","64,000","2","174,920","2.93","2.93","2.72","2.72","-","0.08","2.65","250","2.67","10","167.00",
="034001","盟立元大53購04","5,000","1","4,850","0.97","0.97","0.97","0.97","+","0.03","0.95","25","0.97","10","72.30",
="034002","志聖元大53購03","19,000","2","31,240","1.64","1.68","1.64","1.68","X","0.00","1.54","10","--","0","197.00",
="034003","立隆電元大53購02","153,000","11","230,460","1.54","1.54","1.48","1.49","-","0.19","1.47","450","1.48","10","89.40",
="034004","鉅祥元大53購04","0","0","0","--","--","--","--"," ","0.00","3.39","200","3.47","10","108.50",
="034005","強茂元大53購05","8,000","2","23,600","2.92","2.98","2.92","2.98","-","0.24","2.93","250","2.95","10","71.70",
="034006","長榮太元大53購06","930,000","15","660,770","0.78","0.78","0.69","0.72","-","0.13","0.70","499","0.71","10","168.50",
="034007","長榮太元大53購07","348,000","9","296,980","0.91","0.91","0.84","0.84","-","0.17","0.83","499","0.84","10","168.50",
="034008","神基元大53購01","82,000","5","103,490","1.27","1.31","1.25","1.31","-","0.02","1.25","25","1.28","10","163.50",
="034009","神基元大53購02","20,000","2","27,400","1.38","1.38","1.36","1.36","-","0.03","1.36","25","1.40","10","163.50",
="03400U","萬海國票51售02","0","0","0","--","--","--","--"," ","0.00","2.00","2","2.01","10","0.00",
="034010","大立光元大53購03","91,000","1","78,260","0.86","0.86","0.86","0.86","-","0.03","0.88","499","0.90","10","2,360.00",
="034011","奇鋐元大54購17","172,000","6","197,500","1.18","1.18","1.12","1.12","+","0.04","0.98","499","1.02","10","1,015.00",
="034012","德律元大54購06","215,000","6","165,570","0.78","0.84","0.76","0.76","-","0.03","0.74","499","0.75","10","189.00",
="034013","健鼎元大53購04","448,000","12","594,140","1.36","1.36","1.30","1.35"," ","0.00","1.35","499","1.37","10","309.50",
="034014","緯創元大53購01","62,000","7","98,460","1.58","1.65","1.56","1.56","+","0.08","1.54","499","1.56","10","122.50",
="034015","緯創元大53購02","10,000","1","8,700","0.87","0.87","0.87","0.87","X","0.00","0.92","10","0.93","10","122.50",
="034016","昇貿元大54購03","289,000","7","377,390","1.39","1.40","1.29","1.29","-","0.09","1.01","19","1.42","10","114.00",
="034017","群創元大54購04","0","0","0","--","--","--","--"," ","0.00","0.97","499","0.99","10","14.15",
="034018","辛耘元大53購01","55,000","7","108,160","1.95","2.09","1.90","1.90","X","0.00","1.81","25","1.84","10","388.00",
="034019","貿聯元大54購13","56,000","9","199,930","3.73","3.73","3.32","3.32","-","0.35","3.21","2","--","0","1,085.00",
="03401U","富邦金國票4C售03","0","0","0","--","--","--","--"," ","0.00","0.36","25","0.37","10","0.00",
="034020","神達元大53購07","188,000","8","98,530","0.51","0.56","0.51","0.52","+","0.02","0.53","499","0.54","10","90.00",
="034021","神達元大53購08","505,000","13","265,900","0.54","0.54","0.50","0.52","+","0.03","0.52","499","0.53","10","90.00",
="034022","大銀元大53購01","0","0","0","--","--","--","--"," ","0.00","1.25","499","1.28","10","120.00",
="034023","鴻海群益4B購02","0","0","0","--","--","--","--"," ","0.00","0.47","100","0.48","100","221.00",
="034024","鴻海群益51購01","60,000","4","60,000","1.00","1.01","0.99","1.01","X","0.00","1.01","100","1.02","100","221.00",
="034025","臻鼎元大53購08","421,000","13","343,730","0.86","0.87","0.78","0.82","+","0.03","0.75","499","0.76","10","171.50",
="034026","祥碩元大53購01","25,000","1","11,750","0.47","0.47","0.47","0.47","+","0.03","0.45","25","0.46","10","1,525.00",
="034027","鈺邦元大53購02","1,058,000","57","1,269,190","1.21","1.39","1.06","1.23","-","0.27","1.18","502","1.19","10","198.50",
="034028","緯穎元大53購04","0","0","0","--","--","--","--"," ","0.00","2.09","350","2.10","10","3,140.00",
="034029","龍德船元大53購04","0","0","0","--","--","--","--"," ","0.00","--","0","1.93","10","151.50",
="03402U","台積電群益4C售15","0","0","0","--","--","--","--"," ","0.00","--","0","0.05","499","0.00",
="034030","AES元大54購11","0","0","0","--","--","--","--"," ","0.00","0.65","499","0.66","10","1,195.00",
="034031","泓德元大53購02","0","0","0","--","--","--","--"," ","0.00","0.21","499","0.31","10","125.50",
="034032","滬深2X群益55購01","0","0","0","--","--","--","--"," ","0.00","0.09","5","--","0","19.04",
="034033","華新群益53購03","317,000","12","539,450","1.80","1.80","1.58","1.58","-","0.16","1.67","10","1.77","10","24.05",
="034034","上銀群益53購02","60,000","2","73,300","1.23","1.23","1.18","1.18","-","0.07","1.18","100","1.19","100","217.50",
="034035","宇隆群益53購02","0","0","0","--","--","--","--"," ","0.00","0.71","10","0.81","10","217.00",
="034036","廣宇群益53購04","18,000","3","7,400","0.42","0.42","0.40","0.40","X","0.00","0.39","10","0.49","10","54.10",
="034037","華泰群益53購01","51,000","4","92,010","1.85","1.90","1.71","1.71","-","0.19","1.73","10","1.83","10","47.70",
="034038","華邦電群益54購01","1,000","1","7,150","7.15","7.15","7.15","7.15","+","1.35","6.80","1","7.20","10","36.45",
="034039","智邦群益53購06","0","0","0","--","--","--","--"," ","0.00","3.26","100","3.35","100","1,005.00",
="03403U","京元電群益4C售04","0","0","0","--","--","--","--"," ","0.00","--","0","0.02","118","0.00",
="034040","鴻準群益53購02","22,000","4","17,110","0.78","0.78","0.77","0.78","X","0.00","0.73","10","0.83","10","70.70",
="034041","金像電群益53購06","0","0","0","--","--","--","--"," ","0.00","1.77","10","1.87","10","455.00",
="034042","佳能群益53購01","581,000","27","1,390,210","2.21","2.63","2.17","2.40","+","0.26","2.38","10","2.48","10","88.80",
="034043","台光電群益54購05","267,000","16","403,380","1.42","1.62","1.42","1.51","X","0.00","0.47","16","1.96","16","1,345.00",
="034044","京元電群益56購01","0","0","0","--","--","--","--"," ","0.00","2.66","10","2.76","10","167.00",
="034045","立隆電群益53購01","360,000","20","562,670","1.61","1.62","1.53","1.55","-","0.12","1.50","10","1.60","10","89.40",
="034046","中工群益53購01","10,000","1","7,200","0.72","0.72","0.72","0.72","X","0.00","0.72","25","0.74","10","10.90",
="034047","萬海群益53購01","0","0","0","--","--","--","--"," ","0.00","0.15","7","1.48","10","77.90",
="034048","漢翔群益53購01","0","0","0","--","--","--","--"," ","0.00","--","0","4.68","10","62.60",
="034049","慧洋群益53購01","0","0","0","--","--","--","--"," ","0.00","0.90","10","1.00","10","58.40",
="03404U","材料群益52售11","0","0","0","--","--","--","--"," ","0.00","1.75","10","1.85","10","0.00",
="034050","大立光群益54購02","10,000","1","8,300","0.83","0.83","0.83","0.83","-","0.05","0.82","100","0.87","100","2,360.00",
="034051","奇鋐群益53購04","541,000","12","636,280","1.27","1.27","1.03","1.03","-","0.03","1.01","10","1.23","10","1,015.00",
="034052","奇鋐群益53購05","360,000","1","338,400","0.94","0.94","0.94","0.94","-","0.07","0.10","11","--","0","1,015.00",
="034053","零壹群益53購01","0","0","0","--","--","--","--"," ","0.00","0.72","100","0.74","100","125.00",
="034054","昇貿群益53購02","3,000","1","8,280","2.76","2.76","2.76","2.76","X","0.00","1.83","10","2.80","10","114.00",
="034055","昇貿群益54購03","256,000","18","332,080","1.32","1.33","1.21","1.22","-","0.11","0.76","56","--","0","114.00",
="034056","創意群益53購02","504,000","2","750,810","1.49","1.49","1.46","1.46","X","0.00","0.43","20","--","0","1,315.00",
="034057","辛耘群益53購01","0","0","0","--","--","--","--"," ","0.00","0.41","10","--","0","388.00",
="034058","健策群益53購01","304,000","34","933,130","2.88","3.21","2.83","3.02","+","0.04","3.03","10","3.13","10","2,355.00",
="034059","世芯群益58購03","37,000","2","24,050","0.65","0.65","0.65","0.65","X","0.00","0.64","2","--","0","3,700.00",
="03405U","滬深2X凱基54售03","0","0","0","--","--","--","--"," ","0.00","0.36","10","0.37","50","0.00",
="034060","神達群益54購05","0","0","0","--","--","--","--"," ","0.00","0.98","10","1.08","10","90.00",
="034061","日月光群益53購01","214,000","5","365,840","1.73","1.73","1.64","1.64","+","0.04","1.66","10","1.76","10","174.50",
="034062","臻鼎群益53購06","138,000","4","142,540","1.09","1.09","0.95","0.95","-","0.11","0.95","10","1.05","10","171.50",
="034063","達興群益53購02","39,000","3","97,260","2.25","2.82","2.25","2.82","+","0.35","2.66","10","2.76","10","399.00",
="034064","佳必琪群益53購01","29,000","1","22,040","0.76","0.76","0.76","0.76","-","0.01","0.26","38","--","0","160.00",
="034066","台郡群益53購01","100,000","1","102,000","1.02","1.02","1.02","1.02","-","0.10","1.02","25","1.06","10","66.80",
="034067","啟碁群益53購02","1,000","1","860","0.86","0.86","0.86","0.86"," ","0.00","0.82","100","0.84","100","121.00",
="034068","鈺邦群益53購01","275,000","21","701,490","2.79","2.79","2.16","2.64","-","0.20","2.43","10","2.53","10","198.50",
="034069","龍德船群益53購01","0","0","0","--","--","--","--"," ","0.00","--","0","1.69","10","151.50",
="03406U","智邦凱基4C售03","100,000","3","18,100","0.19","0.19","0.18","0.18","-","0.04","0.17","150","0.18","50","0.00",
="034070","億豐群益53購01","0","0","0","--","--","--","--"," ","0.00","0.33","30","--","0","442.00",
="034071","強茂國泰53購02","22,000","6","57,890","2.64","2.64","2.59","2.59","X","0.00","2.59","499","2.60","190","71.70",
="034072","亞翔國泰53購04","0","0","0","--","--","--","--"," ","0.00","1.92","499","1.96","100","358.50",
="034073","南亞中信53購01","20,000","1","6,600","0.33","0.33","0.33","0.33","X","0.00","0.32","499","0.33","10","0.00",
="034074","聯發科中信58購02","77,000","3","88,120","1.20","1.20","1.12","1.16","X","0.00","1.06","499","1.08","10","0.00",
="034075","神基中信53購01","425,000","21","404,700","0.93","0.99","0.91","0.94","+","0.02","0.91","10","0.94","7","0.00",
="034076","奇鋐中信53購01","34,000","3","21,320","0.64","0.64","0.62","0.62","+","0.07","0.54","30","0.55","10","0.00",
="034077","T50反1永豐53購04","0","0","0","--","--","--","--"," ","0.00","0.46","499","0.47","10","18.29",
="034078","滬深2X永豐54購03","100,000","1","64,000","0.64","0.64","0.64","0.64","+","0.02","0.61","10","0.62","10","19.04",
="034079","滬深2X永豐57購01","0","0","0","--","--","--","--"," ","0.00","0.97","499","0.98","10","19.04",
="03407U","金像電凱基4C售05","0","0","0","--","--","--","--"," ","0.00","0.01","599","0.11","10","0.00",
="034080","A50正2永豐58購01","30,000","3","28,000","0.96","0.96","0.90","0.90","-","0.03","0.91","499","0.92","10","32.79",
="034081","所羅門永豐53購01","0","0","0","--","--","--","--"," ","0.00","0.22","499","0.23","10","144.50",
="034082","佳能永豐53購04","1,142,000","66","1,261,140","1.01","1.20","0.97","1.07","+","0.11","1.08","10","1.09","10","88.80",
="034083","強茂永豐53購02","263,000","8","399,380","1.54","1.61","1.51","1.61","-","0.10","1.58","10","1.60","10","71.70",
="034084","聯鈞永豐53購03","78,000","12","254,660","3.09","3.55","3.07","3.55","+","0.44","3.65","10","3.68","10","278.00",
="034085","健策永豐53購02","928,000","45","1,374,450","1.34","1.59","1.34","1.48","+","0.13","1.48","10","1.49","10","2,355.00",
="034086","臻鼎永豐53購03","0","0","0","--","--","--","--"," ","0.00","0.49","10","0.50","10","171.50",
="034088","AES永豐53購06","0","0","0","--","--","--","--"," ","0.00","0.48","499","0.49","10","1,195.00",
="03408U","台光電凱基52售01","0","0","0","--","--","--","--"," ","0.00","0.03","100","0.13","10","0.00",
="034090","龍德船台新53購01","125,000","3","199,570","1.61","1.61","1.54","1.54","-","0.29","1.54","10","1.56","10","0.00",
="034091","冠德統一51購02","0","0","0","--","--","--","--"," ","0.00","0.05","10","0.10","10","36.65",
="034092","宇隆國泰53購01","0","0","0","--","--","--","--"," ","0.00","0.74","499","0.76","499","217.00",
="034093","所羅門國泰53購02","0","0","0","--","--","--","--"," ","0.00","0.76","499","0.78","499","144.50",
="034095","神基國泰53購02","150,000","17","275,980","1.82","1.89","1.80","1.89","+","0.05","1.82","15","1.84","10","163.50",
="034096","神達國泰53購06","90,000","5","113,600","1.22","1.32","1.22","1.24","+","0.09","1.25","499","1.26","499","90.00",
="034097","大銀國泰53購01","55,000","3","50,490","0.88","0.95","0.88","0.95","-","0.07","0.88","499","0.89","499","120.00",
="034098","陽明統一4B購01","0","0","0","--","--","--","--"," ","0.00","0.03","100","0.10","30","55.20",
="034099","陽明統一4B購02","0","0","0","--","--","--","--"," ","0.00","0.04","10","0.05","10","55.20",
="03409U","亞光凱基4C售01","0","0","0","--","--","--","--"," ","0.00","0.11","499","0.12","50","0.00",
="034100","AES國泰53購03","67,000","3","76,270","1.16","1.16","1.12","1.12","X","0.00","1.05","499","1.06","100","1,195.00",
="034102","富世達國泰53購03","88,000","3","93,300","1.05","1.10","1.03","1.10","+","0.14","1.09","499","1.10","100","1,010.00",
="034103","滬深2X元富53購05","0","0","0","--","--","--","--"," ","0.00","0.10","10","--","0","19.04",
="034104","所羅門元富53購02","24,000","3","23,380","1.02","1.02","0.97","0.97","X","0.00","0.99","25","1.00","25","144.50",
="034105","聯發科元富53購02","20,000","1","40,600","2.03","2.03","2.03","2.03","-","0.25","1.99","25","2.09","10","1,375.00",
="034106","聯發科元富59購01","7,000","2","20,020","2.86","2.86","2.86","2.86","-","0.22","2.74","25","2.84","10","1,375.00",
="034108","萬海統一4B購01","122,000","3","14,640","0.12","0.12","0.12","0.12","-","0.03","0.11","10","0.12","10","77.90",
="03410U","聯鈞凱基4C售01","0","0","0","--","--","--","--"," ","0.00","0.04","100","0.14","10","0.00",
="034113","盟立元富53購01","0","0","0","--","--","--","--"," ","0.00","2.32","25","2.33","10","72.30",
="034114","強茂元富53購01","3,000","2","9,800","3.30","3.30","3.25","3.25","-","0.32","3.29","25","3.32","25","71.70",
="034115","強茂元富53購02","3,000","2","8,210","2.75","2.75","2.73","2.73","-","0.28","2.82","25","2.83","25","71.70",
="034116","強茂元富53購04","2,000","2","4,340","2.18","2.18","2.16","2.16","-","0.14","2.18","25","2.20","25","71.70",
="034117","昇貿元富53購04","64,000","21","131,310","2.12","2.14","1.90","1.90","-","0.26","1.90","10","1.93","25","114.00",
="034118","創意元富53購03","0","0","0","--","--","--","--"," ","0.00","1.39","25","--","0","1,315.00",
="034119","世芯元富53購05","14,000","1","49,420","3.53","3.53","3.53","3.53","-","0.54","3.24","25","3.27","25","3,700.00",
="03411U","電子類凱基51售01","103,000","2","7,210","0.07","0.07","0.07","0.07","X","0.00","0.06","13","0.07","10","0.00",
="034120","鈞興元富53購01","5,000","1","6,250","1.25","1.25","1.25","1.25","-","0.09","1.24","25","1.27","25","178.50",
="034121","臻鼎元富53購01","17,000","3","26,980","1.62","1.62","1.54","1.54","-","0.01","1.42","25","1.44","25","171.50",
="034122","臻鼎元富53購02","13,000","3","17,840","1.40","1.40","1.20","1.20","-","0.17","1.20","25","1.22","25","171.50",
="034123","鈺邦元富55購01","320,000","14","917,680","3.12","3.12","2.64","2.85","-","0.30","2.72","25","2.75","25","198.50",
="034124","鈺邦元富55購02","152,000","13","306,910","2.16","2.16","1.86","1.86","-","0.28","1.92","25","1.93","25","198.50",
="034125","鈺邦元富55購03","225,000","15","411,500","1.95","1.95","1.73","1.73","-","0.18","1.71","25","1.73","25","198.50",
="034126","龍德船元富53購02","655,000","27","1,259,400","2.11","2.11","1.84","1.84","-","0.42","1.84","25","1.86","25","151.50",
="034127","富世達元富53購01","0","0","0","--","--","--","--"," ","0.00","0.52","25","0.54","25","1,010.00",
="034128","南電元富53購01","246,000","6","1,059,700","4.68","4.74","4.20","4.20","+","0.30","3.94","25","4.01","25","234.50",
="034129","南電元富53購02","90,000","12","421,790","4.79","4.89","4.29","4.29","+","0.07","4.01","25","4.05","25","234.50",
="03412U","上証2X元大51售02","0","0","0","--","--","--","--"," ","0.00","0.05","499","0.08","499","0.00",
="034130","南電元富53購03","667,000","38","3,227,010","5.15","5.30","4.21","4.28","-","0.17","4.25","25","4.28","20","234.50",
="034131","台灣50凱基53購09","70,000","1","119,700","1.71","1.71","1.71","1.71","X","0.00","1.76","100","1.78","10","58.45",
="034132","台灣50凱基57購01","0","0","0","--","--","--","--"," ","0.00","3.12","100","3.14","10","58.45",
="034133","T50反1凱基53購05","0","0","0","--","--","--","--"," ","0.00","0.19","100","0.20","10","18.29",
="034134","中砂凱基53購04","65,000","8","116,860","1.74","1.88","1.72","1.88","+","0.25","1.77","100","1.79","10","339.00",
="034135","宏泰凱基53購01","1,000","1","940","0.94","0.94","0.94","0.94","+","0.02","0.92","10","0.94","10","36.25",
="034136","宇隆凱基53購04","50,000","3","60,830","1.21","1.22","1.21","1.22","-","0.01","1.07","100","1.09","10","217.00",
="034137","聯電凱基53購01","309,000","22","649,350","2.05","2.30","2.00","2.20","+","0.16","2.15","10","2.25","10","43.90",
="034138","所羅門凱基53購05","0","0","0","--","--","--","--"," ","0.00","0.60","10","0.61","10","144.50",
="034139","京元電凱基54購02","6,000","3","16,640","2.84","2.84","2.59","2.59","-","0.09","2.57","100","2.64","10","167.00",
="03413U","SGBR2X元大52售01","36,000","9","43,810","1.21","1.23","1.21","1.22","+","0.05","1.21","250","1.22","95","0.00",
="034140","盟立凱基53購02","30,000","1","41,100","1.37","1.37","1.37","1.37","+","0.06","1.32","10","1.42","10","72.30",
="034141","漢翔凱基53購03","0","0","0","--","--","--","--"," ","0.00","5.10","100","5.15","10","62.60",
="034142","長榮太凱基54購01","4,000","1","2,440","0.61","0.61","0.61","0.61","-","0.03","0.53","100","0.54","10","168.50",
="034143","長榮太凱基54購02","1,000","1","800","0.80","0.80","0.80","0.80","-","0.03","0.71","100","0.72","10","168.50",
="034144","長榮太凱基54購03","88,000","4","47,480","0.54","0.54","0.53","0.53","-","0.06","0.49","100","0.50","10","168.50",
="034145","神基凱基53購01","18,000","3","34,810","1.95","1.98","1.93","1.93","+","0.01","1.92","100","2.02","10","163.50",
="034146","大立光凱基53購02","0","0","0","--","--","--","--"," ","0.00","0.83","100","0.85","10","2,360.00",
="034147","零壹凱基53購01","0","0","0","--","--","--","--"," ","0.00","0.64","10","0.66","10","125.00",
="034148","景碩凱基53購03","98,000","6","75,480","0.76","0.79","0.74","0.77","+","0.07","0.68","100","0.70","10","111.50",
="034149","創意凱基53購03","33,000","1","30,690","0.93","0.93","0.93","0.93","+","0.12","0.90","100","0.92","10","1,315.00",
="03414U","聯電元大4C售02","0","0","0","--","--","--","--"," ","0.00","0.15","25","0.16","10","0.00",
="034150","群創凱基54購02","12,000","1","10,080","0.84","0.84","0.84","0.84","X","0.00","0.82","100","0.83","10","14.15",
="034151","健策凱基53購03","338,000","21","842,230","2.34","2.61","2.34","2.60","+","0.27","2.48","100","2.50","10","2,355.00",
="034152","日月光凱基53購01","138,000","16","328,840","2.49","2.52","2.31","2.31"," ","0.00","2.34","100","2.40","10","174.50",
="034153","正文凱基53購01","0","0","0","--","--","--","--"," ","0.00","0.89","10","0.90","10","25.35",
="034154","臻鼎凱基53購06","56,000","4","52,740","0.92","0.95","0.79","0.79","-","0.07","0.80","100","0.81","10","171.50",
="034155","立積凱基53購02","25,000","3","42,030","1.73","1.73","1.61","1.61","-","0.14","1.63","10","1.65","10","151.50",
="034156","達興凱基53購06","95,000","17","308,930","3.14","3.55","3.13","3.46","+","0.57","3.39","10","3.41","10","399.00",
="034157","鈺邦凱基54購01","574,000","26","501,620","0.92","0.94","0.79","0.82","-","0.14","0.81","100","0.82","10","198.50",
="034158","鈺邦凱基54購02","456,000","28","418,240","0.98","1.01","0.78","0.89","-","0.10","0.87","100","0.89","10","198.50",
="034159","鈺邦凱基54購03","392,000","19","371,940","1.04","1.04","0.90","0.94","-","0.14","0.91","100","0.93","10","198.50",
="03415U","華通元大4C售01","60,000","3","6,700","0.10","0.12","0.10","0.12","-","0.01","0.12","499","0.13","200","0.00",
="034160","龍德船凱基53購04","38,000","5","68,570","1.91","1.91","1.72","1.72","-","0.31","1.71","100","1.72","10","151.50",
="034161","AES凱基55購02","25,000","1","30,000","1.20","1.20","1.20","1.20","X","0.00","1.19","100","1.20","10","1,195.00",
="034162","世紀鋼凱基56購02","44,000","3","69,070","1.56","1.57","1.56","1.57","-","0.01","1.52","100","1.53","10","171.50",
="034163","長榮太兆豐54購01","106,000","3","61,480","0.58","0.58","0.58","0.58","-","0.07","0.53","10","0.54","10","168.50",
="034164","晟銘電兆豐54購01","0","0","0","--","--","--","--"," ","0.00","0.65","10","0.66","10","121.00",
="034165","富世達兆豐54購03","28,000","1","15,400","0.55","0.55","0.55","0.55","X","0.00","0.53","10","0.54","10","1,010.00",
="034166","T50反1富邦58購02","55,000","5","108,400","2.01","2.01","1.96","1.96","-","0.12","1.92","10","1.93","10","0.00",
="034167","T50反1富邦5B購01","0","0","0","--","--","--","--"," ","0.00","0.82","10","0.83","10","0.00",
="034168","滬深2X富邦55購02","0","0","0","--","--","--","--"," ","0.00","0.96","10","0.97","10","0.00",
="034169","香港2X富邦55購01","33,000","3","39,360","1.23","1.23","1.17","1.17","-","0.09","1.15","10","1.16","10","0.00",
="03416U","華通元大4C售02","0","0","0","--","--","--","--"," ","0.00","0.11","499","0.12","200","0.00",
="034170","台化富邦54購02","295,000","9","117,280","0.42","0.42","0.39","0.40","+","0.01","0.39","10","0.40","10","0.00",
="034171","大亞富邦54購01","23,000","2","9,400","0.40","0.41","0.40","0.41","-","0.01","0.40","12","0.41","10","0.00",
="034172","台達電富邦53購05","0","0","0","--","--","--","--"," ","0.00","2.40","30","2.44","10","0.00",
="034173","鴻海富邦54購02","94,000","18","580,900","6.05","6.30","5.95","6.20","+","0.80","6.15","30","6.20","10","0.00",
="034174","金像電富邦55購01","288,000","8","213,480","0.73","0.76","0.72","0.72","+","0.02","0.72","10","0.73","10","0.00",
="034175","漢唐富邦54購03","5,000","1","2,300","0.46","0.46","0.46","0.46","-","0.02","0.45","10","0.46","10","0.00",
="034176","漢唐富邦55購03","0","0","0","--","--","--","--"," ","0.00","0.35","10","0.36","10","0.00",
="034177","京元電富邦54購03","0","0","0","--","--","--","--"," ","0.00","1.86","10","1.96","10","0.00",
="034178","聯發科富邦53購03","67,000","19","504,750","7.65","7.80","7.40","7.40","-","0.75","7.35","30","7.40","10","0.00",
="034179","聯發科富邦54購02","89,000","18","563,050","6.30","6.45","6.15","6.15","-","0.60","6.10","30","6.15","10","0.00",
="03417U","台光電元大4C售10","16,000","1","960","0.06","0.06","0.06","0.06","X","0.00","0.05","499","0.06","200","0.00",
="034180","裕民富邦54購02","0","0","0","--","--","--","--"," ","0.00","0.57","10","0.58","10","0.00",
="034181","裕民富邦55購01","0","0","0","--","--","--","--"," ","0.00","0.71","10","0.72","10","0.00",
="034182","大立光富邦54購01","85,000","7","114,800","1.36","1.36","1.34","1.34","-","0.06","1.34","10","1.35","10","0.00",
="034183","晟銘電富邦54購01","0","0","0","--","--","--","--"," ","0.00","0.77","10","0.78","10","0.00",
="034184","晟銘電富邦54購02","58,000","3","31,020","0.54","0.54","0.50","0.50","X","0.00","0.48","10","0.49","10","0.00",
="034185","亞光富邦54購01","577,000","12","336,340","0.61","0.61","0.57","0.57","-","0.04","0.57","10","0.58","10","0.00",
="034186","景碩富邦54購02","1,307,000","56","1,264,420","0.95","1.03","0.90","0.90","-","0.08","0.89","10","0.90","10","0.00",
="034187","臻鼎富邦53購01","632,000","56","417,690","0.66","0.68","0.59","0.59","-","0.06","0.60","10","0.61","10","0.00",
="034188","臻鼎富邦55購03","242,000","6","149,800","0.63","0.63","0.61","0.61","-","0.03","0.59","10","0.60","10","0.00",
="034189","祥碩富邦53購03","86,000","9","57,100","0.67","0.67","0.65","0.66","+","0.01","0.66","10","0.67","10","0.00",
="03418U","南亞科元大4C售06","0","0","0","--","--","--","--"," ","0.00","--","0","0.10","10","0.00",
="034190","祥碩富邦55購01","16,000","1","9,440","0.59","0.59","0.59","0.59","+","0.01","0.59","10","0.60","10","0.00",
="034191","臺指反國票56購01","10,000","1","2,600","0.26","0.26","0.26","0.26","X","0.00","0.25","25","0.26","10","2.96",
="034192","南亞國票53購09","177,000","16","248,210","1.38","1.51","1.22","1.22","-","0.07","1.19","25","1.20","10","39.80",
="034193","美時國票53購01","1,000","1","1,090","1.09","1.09","1.09","1.09","-","0.01","1.15","25","1.16","10","192.00",
="034194","上銀國票53購01","1,000","1","1,760","1.76","1.76","1.76","1.76","-","0.07","1.74","25","1.75","10","217.50",
="034195","光寶科國票53購03","171,000","31","716,200","4.14","4.77","4.03","4.36","-","0.29","4.26","25","4.32","10","183.00",
="034196","鴻海國票53購06","1,000","1","1,440","1.44","1.44","1.44","1.44","X","0.00","1.43","25","1.44","10","221.00",
="034197","台亞國票53購01","238,000","9","543,980","2.33","2.42","2.24","2.28","-","0.07","2.28","25","2.31","10","27.80",
="034198","致茂國票53購03","11,000","4","33,700","3.10","3.15","2.81","3.15","X","0.00","3.00","25","3.02","10","614.00",
="034199","友達國票53購01","822,000","19","940,120","1.06","1.22","1.05","1.14","+","0.10","1.13","25","1.14","10","13.70",
="03419U","富邦金元大4C售02","0","0","0","--","--","--","--"," ","0.00","0.21","499","0.22","50","0.00",
="034200","亞光國票53購03","0","0","0","--","--","--","--"," ","0.00","1.14","25","1.15","10","161.50",
="034201","景碩國票56購02","100,000","9","129,170","1.33","1.35","1.24","1.25","-","0.03","1.17","25","1.19","10","111.50",
="034202","智易國票53購02","0","0","0","--","--","--","--"," ","0.00","0.89","25","0.90","10","223.00",
="034203","健策國票54購01","121,000","15","388,880","2.97","3.38","2.97","3.26","+","0.31","3.17","25","3.18","10","2,355.00",
="034204","神達國票53購04","75,000","5","132,090","1.71","1.86","1.71","1.73","+","0.09","1.77","25","1.78","10","90.00",
="034205","神達國票54購01","3,000","2","5,230","1.73","1.75","1.73","1.75","X","0.00","1.78","25","1.79","10","90.00",
="034206","日月光國票53購03","4,000","4","6,220","1.51","1.64","1.51","1.54","X","0.00","1.54","25","1.55","10","174.50",
="034207","臻鼎國票53購02","126,000","7","119,970","0.99","0.99","0.89","0.89","-","0.09","0.89","25","0.90","10","171.50",
="034208","臻鼎國票53購03","18,000","2","19,080","1.07","1.07","1.01","1.01","-","0.01","0.94","25","0.95","10","171.50",
="034209","臻鼎國票54購01","3,000","1","3,120","1.04","1.04","1.04","1.04","-","0.03","0.97","25","0.98","10","171.50",
="03420U","聯鈞元大4C售04","140,000","2","26,400","0.20","0.20","0.18","0.18","-","0.06","0.17","549","0.18","200","0.00",
="034210","臻鼎國票55購01","14,000","3","14,740","1.07","1.07","1.00","1.00","-","0.03","0.93","25","0.94","10","171.50",
="034211","眾達國票53購01","145,000","8","261,040","1.80","1.82","1.77","1.79","-","0.07","1.79","20","1.80","10","127.00",
="034212","眾達國票54購01","176,000","13","279,740","1.59","1.63","1.57","1.57","-","0.05","1.57","25","1.58","10","127.00",
="034213","眾達國票55購01","94,000","7","177,950","1.87","1.91","1.85","1.85","-","0.06","1.87","25","1.88","10","127.00",
="034214","全訊國票55購01","86,000","4","100,650","1.23","1.23","1.12","1.12","-","0.19","1.05","25","1.06","10","140.00",
="034215","帆宣國票53購04","0","0","0","--","--","--","--"," ","0.00","1.84","25","1.86","10","255.00",
="034216","啟碁國票56購01","4,000","1","3,400","0.85","0.85","0.85","0.85"," ","0.00","0.82","25","0.83","10","121.00",
="034217","鈺邦國票53購02","473,000","33","1,035,430","2.42","2.42","1.86","2.11","-","0.43","2.11","16","2.12","10","198.50",
="034218","鈺邦國票54購01","121,000","11","282,740","2.48","2.48","2.20","2.21","-","0.32","2.19","25","2.20","10","198.50",
="034219","鈺邦國票56購01","51,000","7","129,610","2.70","2.70","2.35","2.41","-","0.10","2.41","25","2.43","10","198.50",
="03421U","台玻國票51售02","1,000","1","50","0.05","0.05","0.05","0.05"," ","0.00","0.03","430","0.05","14","0.00",
="034220","菱光國票56購01","1,000","1","1,710","1.71","1.71","1.71","1.71","X","0.00","1.70","25","1.71","10","60.90",
="034221","羅昇國票56購01","0","0","0","--","--","--","--"," ","0.00","0.72","25","0.73","10","99.50",
="034222","潤泰新國票53購01","0","0","0","--","--","--","--"," ","0.00","1.43","25","1.44","10","29.80",
="034223","滬深2X元大58購02","0","0","0","--","--","--","--"," ","0.00","1.71","250","1.72","100","19.04",
="034224","滬深2X元大59購01","0","0","0","--","--","--","--"," ","0.00","1.71","499","1.72","100","19.04",
="034225","中502X元大54購01","538,000","12","1,145,260","2.30","2.30","2.05","2.05","-","0.23","2.06","100","2.07","50","13.10",
="034226","中502X元大55購01","120,000","3","256,200","2.28","2.28","2.11","2.11","-","0.17","2.09","100","2.10","50","13.10",
="034227","華城元大53購05","0","0","0","--","--","--","--"," ","0.00","0.48","499","0.49","10","586.00",
="034228","和大元大53購03","0","0","0","--","--","--","--"," ","0.00","1.24","499","1.25","10","65.30",
="034229","大亞元大53購05","1,000","1","1,510","1.51","1.51","1.51","1.51"," ","0.00","1.47","499","1.48","10","39.85",
="03422U","智邦國票51售02","0","0","0","--","--","--","--"," ","0.00","0.16","25","0.17","10","0.00",
="034230","大成鋼元大53購01","0","0","0","--","--","--","--"," ","0.00","0.40","499","0.41","10","37.90",
="034231","宇隆元大53購03","0","0","0","--","--","--","--"," ","0.00","0.56","499","0.57","10","217.00",
="034232","聯電元大53購02","1,240,000","40","3,221,310","2.41","2.73","2.41","2.61","+","0.25","2.58","9","2.59","10","43.90",
="034233","華通元大53購07","0","0","0","--","--","--","--"," ","0.00","1.50","450","1.51","10","77.00",
="034234","鴻海元大53購11","0","0","0","--","--","--","--"," ","0.00","1.03","499","1.04","10","221.00",
="034235","鴻海元大53購12","44,000","2","47,820","1.09","1.09","1.08","1.08","+","0.12","1.08","499","1.09","10","221.00",
="034236","台積電元大53購07","504,000","10","870,570","1.46","1.73","1.46","1.73","+","0.28","1.71","2","--","0","1,340.00",
="034237","金像電元大53購09","878,000","14","1,488,900","1.68","1.74","1.66","1.71","+","0.12","1.64","450","1.66","10","455.00",
="034238","佳能元大56購02","873,000","46","1,005,130","1.05","1.24","1.05","1.16","+","0.11","1.15","499","1.17","10","88.80",
="034239","台光電元大57購02","43,000","5","50,000","1.08","1.21","1.08","1.16","+","0.18","1.10","499","1.13","10","1,345.00",
="03423U","國泰金國票51售02","0","0","0","--","--","--","--"," ","0.00","0.35","25","0.36","10","0.00",
="034240","友達元大53購01","110,000","2","134,800","1.21","1.38","1.21","1.38","+","0.18","1.31","499","1.34","10","13.70",
="034241","京元電元大58購01","47,000","6","88,720","2.02","2.02","1.85","1.85","-","0.10","1.85","400","1.86","10","167.00",
="034242","大立光元大53購04","288,000","14","324,430","1.16","1.16","1.10","1.13","-","0.03","1.13","499","1.15","10","2,360.00",
="034243","晟銘電元大53購01","10,000","1","6,000","0.60","0.60","0.60","0.60","-","0.04","0.58","10","0.59","10","121.00",
="034244","奇鋐元大53購08","172,000","6","163,500","0.98","0.98","0.92","0.92","+","0.03","0.80","499","0.84","10","1,015.00",
="034245","亞光元大57購01","7,000","1","6,300","0.90","0.90","0.90","0.90"," ","0.00","0.85","499","0.86","10","161.50",
="034246","華晶科元大56購01","260,000","9","166,000","0.67","0.68","0.62","0.62","-","0.06","0.62","499","0.63","10","52.80",
="034247","緯創元大58購01","86,000","2","111,800","1.30","1.30","1.30","1.30","+","0.06","1.27","499","1.28","10","122.50",
="034248","新日興元大53購02","59,000","3","84,370","1.43","1.43","1.43","1.43","+","0.05","0.54","18","--","0","237.00",
="034249","聯鈞元大53購01","196,000","38","537,010","2.41","3.01","2.41","2.95","+","0.72","2.94","25","2.98","10","278.00",
="03424U","晟銘電國票4C售03","0","0","0","--","--","--","--"," ","0.00","0.37","25","0.38","10","0.00",
="034250","群創元大56購01","0","0","0","--","--","--","--"," ","0.00","0.97","499","0.98","10","14.15",
="034251","群創元大58購01","1,000","1","960","0.96","0.96","0.96","0.96","X","0.00","1.00","499","1.01","10","14.15",
="034252","辛耘元大53購02","519,000","11","955,940","1.79","1.95","1.79","1.95","X","0.00","1.72","499","1.76","10","388.00",
="034253","健策元大53購01","669,000","50","1,542,680","2.19","2.46","2.14","2.33","+","0.18","2.30","350","2.33","9","2,355.00",
="034254","世芯元大53購09","0","0","0","--","--","--","--"," ","0.00","--","0","--","0","3,700.00",
="034255","神達元大53購09","2,000","1","2,120","1.06","1.06","1.06","1.06","X","0.00","1.09","499","1.11","10","90.00",
="034256","神達元大53購10","2,000","1","2,520","1.26","1.26","1.26","1.26","X","0.00","1.29","499","1.30","10","90.00",
="034257","神達元大53購11","15,000","4","10,000","0.65","0.70","0.65","0.70","+","0.08","0.66","499","0.68","10","90.00",
="034258","大銀元大53購02","55,000","3","79,710","1.45","1.49","1.38","1.38","-","0.14","1.38","499","1.41","10","120.00",
="034259","南寶元大53購05","112,000","7","293,260","2.67","2.67","2.54","2.63","-","0.18","2.59","300","2.64","10","416.50",
="03425U","智原國票51售02","13,000","2","6,410","0.47","0.50","0.47","0.50","-","0.13","0.52","25","0.53","10","0.00",
="034260","全訊元大53購02","266,000","13","200,610","0.79","0.79","0.68","0.68","-","0.13","0.68","499","0.69","10","140.00",
="034261","jpp元大53購02","631,000","27","483,510","0.80","0.80","0.74","0.76","-","0.03","0.76","25","0.77","10","286.50",
="034262","啟碁元大53購04","30,000","1","9,900","0.33","0.33","0.33","0.33","-","0.03","0.34","499","0.35","10","121.00",
="034263","迅得元大56購01","620,000","14","379,660","0.65","0.65","0.60","0.60","-","0.01","0.58","499","0.59","10","176.00",
="034264","緯穎元大53購05","0","0","0","--","--","--","--"," ","0.00","2.01","350","2.03","10","3,140.00",
="034265","AES元大58購01","48,000","1","38,880","0.81","0.81","0.81","0.81","+","0.02","0.76","499","0.77","10","1,195.00",
="034266","富世達元大53購07","753,000","6","299,600","0.40","0.40","0.39","0.39","+","0.04","0.39","499","0.40","10","1,010.00",
="034267","羅昇元大53購02","404,000","9","123,040","0.32","0.32","0.28","0.28","-","0.05","0.28","499","0.29","10","99.50",
="034268","臺股指元大53購19","425,000","37","1,059,810","2.24","2.65","2.21","2.48","+","0.47","2.47","100","2.48","8","0.00",
="034269","臺股指元大54購16","0","0","0","--","--","--","--"," ","0.00","3.01","499","3.02","10","0.00",
="03426U","創意國票51售01","0","0","0","--","--","--","--"," ","0.00","0.42","25","0.43","10","0.00",
="034270","滬深2X群益56購02","0","0","0","--","--","--","--"," ","0.00","0.11","9","1.39","10","19.04",
="034271","國企2X群益58購01","40,000","2","31,500","0.81","0.81","0.78","0.78","-","0.08","0.78","10","0.88","10","11.65",
="034272","中興電群益53購01","0","0","0","--","--","--","--"," ","0.00","0.90","100","0.92","100","159.00",
="034273","中砂群益53購01","100,000","1","110,000","1.10","1.10","1.10","1.10","X","0.00","1.00","10","1.10","10","339.00",
="034274","金寶群益53購02","2,000","1","2,320","1.16","1.16","1.16","1.16","+","0.02","1.16","25","1.18","10","19.60",
="034275","華邦電群益54購02","0","0","0","--","--","--","--"," ","0.00","--","0","--","0","36.45",
="034276","致茂群益53購03","340,000","9","722,040","2.15","2.28","2.11","2.11","+","0.21","2.02","10","2.12","10","614.00",
="034277","佳能群益54購01","134,000","19","296,820","2.01","2.37","2.01","2.19","+","0.24","2.16","10","2.26","10","88.80",
="034278","台光電群益53購04","321,000","27","674,850","1.92","2.28","1.92","2.05","+","0.30","0.64","15","2.21","2","1,345.00",
="034279","台光電群益58購01","0","0","0","--","--","--","--"," ","0.00","--","0","--","0","1,345.00",
="03427U","勤誠國票52售01","0","0","0","--","--","--","--"," ","0.00","0.08","25","0.10","12","0.00",
="034280","仲琦群益53購01","0","0","0","--","--","--","--"," ","0.00","1.18","25","1.20","10","24.35",
="034281","聯發科群益53購03","10,000","1","5,600","0.56","0.56","0.56","0.56","X","0.00","0.11","10","--","0","1,375.00",
="034282","萬海群益53購02","0","0","0","--","--","--","--"," ","0.00","0.80","10","0.90","10","77.90",
="034283","昇貿群益58購01","342,000","35","494,170","1.50","1.50","1.39","1.39","-","0.10","1.37","30","1.50","10","114.00",
="034284","創意群益53購03","40,000","1","32,400","0.81","0.81","0.81","0.81","X","0.00","0.05","63","--","0","1,315.00",
="034285","創意群益55購01","105,000","1","90,300","0.86","0.86","0.86","0.86","X","0.00","--","0","--","0","1,315.00",
="034286","嘉澤群益53購01","57,000","4","78,720","1.41","1.41","1.38","1.38","-","0.07","1.33","1","--","0","1,605.00",
="034287","碩天群益53購01","2,606,000","12","2,076,730","0.84","0.84","0.79","0.83","-","0.01","0.83","10","0.90","15","217.00",
="034288","健策群益53購02","157,000","21","314,780","1.86","2.10","1.86","1.95","+","0.15","1.96","10","2.06","10","2,355.00",
="034289","貿聯群益53購02","61,000","7","98,850","1.75","1.75","1.54","1.54","-","0.18","0.74","13","--","0","1,085.00",
="03428U","上証2X凱基4C售01","0","0","0","--","--","--","--"," ","0.00","0.01","10","0.11","10","0.00",
="034290","神達群益53購05","27,000","7","39,170","1.45","1.52","1.42","1.42","+","0.05","1.46","10","1.56","10","90.00",
="034291","承業醫群益53購01","1,000","1","780","0.78","0.78","0.78","0.78","-","0.06","0.79","25","0.80","10","47.00",
="034292","臻鼎群益53購07","168,000","7","99,320","0.64","0.64","0.58","0.58","-","0.10","0.59","10","0.69","10","171.50",
="034293","臻鼎群益53購08","32,000","1","22,400","0.70","0.70","0.70","0.70","+","0.06","0.59","10","0.69","10","171.50",
="034294","臻鼎群益53購09","65,000","3","45,500","0.70","0.71","0.64","0.64","-","0.04","0.61","10","0.71","10","171.50",
="034295","中磊群益54購01","220,000","11","187,430","0.84","0.87","0.84","0.87","+","0.07","0.86","100","0.88","100","105.50",
="034296","帆宣群益53購01","11,000","1","15,070","1.37","1.37","1.37","1.37","+","0.04","0.40","25","--","0","255.00",
="034297","啟碁群益53購03","2,000","1","1,400","0.70","0.70","0.70","0.70"," ","0.00","0.66","100","0.68","100","121.00",
="034298","迅得群益53購02","0","0","0","--","--","--","--"," ","0.00","0.55","10","0.65","10","176.00",
="034299","穎崴群益53購06","0","0","0","--","--","--","--"," ","0.00","7.40","10","--","0","2,015.00",
="03429U","FBNQ2X凱基52售01","0","0","0","--","--","--","--"," ","0.00","0.56","10","0.57","50","0.00",
="034300","緯穎群益53購07","21,000","1","34,020","1.62","1.62","1.62","1.62","+","0.01","1.33","30","--","0","3,140.00",
="034301","龍德船群益53購02","279,000","15","627,040","2.42","2.42","2.19","2.19","-","0.48","1.39","14","--","0","151.50",
="034302","羅昇群益53購01","0","0","0","--","--","--","--"," ","0.00","0.21","10","0.31","10","99.50",
="034303","光寶科永豐56購01","191,000","27","1,459,500","7.10","8.15","7.05","7.60","+","0.10","7.40","10","7.50","10","183.00",
="034304","毅嘉永豐53購01","100,000","1","101,000","1.01","1.01","1.01","1.01","X","0.00","1.01","499","1.02","10","53.50",
="034305","漢翔永豐54購01","130,000","17","230,530","1.82","1.82","1.73","1.73","-","0.23","1.72","10","1.73","10","62.60",
="034306","奇鋐永豐56購03","51,000","3","51,780","1.08","1.08","0.98","0.98","-","0.02","0.92","499","0.93","10","1,015.00",
="034307","牧德永豐54購02","0","0","0","--","--","--","--"," ","0.00","0.47","499","0.48","10","544.00",
="034308","達興永豐54購02","224,000","12","273,090","1.15","1.29","1.14","1.29","+","0.09","1.30","10","1.31","10","399.00",
="034309","亞翔永豐54購03","20,000","1","20,000","1.00","1.00","1.00","1.00","X","0.00","0.97","499","0.98","10","358.50",
="03430U","美費半凱基51售02","0","0","0","--","--","--","--"," ","0.00","0.11","10","0.12","50","0.00",
="034310","穎崴永豐53購04","118,000","12","466,350","4.12","4.12","3.71","3.96","-","0.01","3.91","10","3.96","10","2,015.00",
="034311","龍德船永豐53購02","1,176,000","27","878,960","0.81","0.81","0.71","0.71","-","0.19","0.71","10","0.72","10","151.50",
="034312","南亞國泰53購04","74,000","2","79,020","1.23","1.23","0.99","0.99","X","0.00","0.95","10","0.96","10","39.80",
="034313","致茂國泰53購02","180,000","13","355,150","1.91","2.05","1.87","2.00","+","0.24","0.75","13","--","0","614.00",
="034314","佳能國泰53購03","0","0","0","--","--","--","--"," ","0.00","2.31","499","2.98","5","88.80",
="034315","技嘉國泰53購02","20,000","1","24,400","1.22","1.22","1.22","1.22","+","0.09","1.23","499","1.24","499","283.00",
="034316","毅嘉國泰53購03","0","0","0","--","--","--","--"," ","0.00","0.86","499","0.87","499","53.50",
="034317","京元電國泰53購04","400,000","8","990,500","2.54","2.54","2.42","2.42","-","0.20","2.35","499","2.45","100","167.00",
="034318","欣興國泰53購02","57,000","7","99,800","1.84","1.84","1.63","1.63","X","0.00","1.61","499","1.63","499","159.00",
="034319","穎崴國泰53購03","0","0","0","--","--","--","--"," ","0.00","4.82","499","--","0","2,015.00",
="03431U","台光電凱基4C售04","10,000","1","400","0.04","0.04","0.04","0.04","X","0.00","0.02","100","0.12","10","0.00",
="034320","南電國泰53購04","216,000","13","733,520","3.66","3.79","3.04","3.04","-","0.14","3.04","380","3.07","10","234.50",
="034321","中鋼台新53購01","36,000","2","23,760","0.68","0.68","0.65","0.65","X","0.00","0.64","10","0.65","10","0.00",
="034322","毅嘉第一56購01","16,000","2","75,720","4.71","4.77","4.71","4.77","-","0.08","4.42","10","4.46","10","0.00",
="034323","臻鼎兆豐58購02","962,000","17","850,870","0.91","0.91","0.85","0.88","-","0.01","0.84","10","0.85","10","171.50",
="034324","啟碁兆豐54購02","0","0","0","--","--","--","--"," ","0.00","0.46","10","0.47","10","121.00",
="034325","志聖富邦53購01","440,000","26","298,080","0.68","0.76","0.64","0.65","+","0.03","0.64","10","0.65","10","0.00",
="034326","jpp富邦56購01","795,000","34","759,420","1.01","1.01","0.93","0.97","-","0.02","0.94","10","0.96","10","0.00",
="034327","洋基富邦53購01","86,000","3","42,850","0.49","0.50","0.48","0.50","X","0.00","0.49","10","0.50","10","0.00",
="034328","深中小元富53購01","50,000","1","67,000","1.34","1.34","1.34","1.34","X","0.00","1.23","25","1.24","25","15.68",
="034329","為升元富56購01","43,000","2","125,090","2.93","2.93","2.90","2.90","-","0.33","2.87","25","2.92","25","130.00",
="03432U","慧洋凱基4C售01","10,000","1","9,300","0.93","0.93","0.93","0.93","+","0.03","0.93","10","0.94","10","0.00",
="034330","毅嘉元富53購01","0","0","0","--","--","--","--"," ","0.00","0.63","25","0.64","25","53.50",
="034331","毅嘉元富53購02","0","0","0","--","--","--","--"," ","0.00","0.85","25","0.86","25","53.50",
="034332","毅嘉元富56購01","0","0","0","--","--","--","--"," ","0.00","0.76","25","0.77","25","53.50",
="034333","志聖元富53購02","267,000","8","228,420","0.84","0.93","0.82","0.92","+","0.12","0.80","25","0.81","25","197.00",
="034334","漢翔元富53購02","34,000","4","84,920","2.53","2.53","2.31","2.31","-","0.62","2.28","25","2.30","25","62.60",
="034335","神基元富53購01","0","0","0","--","--","--","--"," ","0.00","2.53","25","2.63","10","163.50",
="034336","欣興元富53購01","42,000","7","83,990","2.15","2.15","1.97","1.97","+","0.12","1.87","25","1.89","25","159.00",
="034337","昇貿元富53購05","922,000","20","446,630","0.53","0.53","0.46","0.46","-","0.06","0.46","25","0.47","25","114.00",
="034338","昇貿元富56購01","498,000","37","449,210","0.95","0.95","0.86","0.88","-","0.08","0.86","50","0.88","25","114.00",
="034339","玉晶光元富53購02","29,000","2","40,130","1.39","1.39","1.36","1.36","-","0.13","1.34","25","1.44","10","443.50",
="03433U","信邦凱基4C售01","0","0","0","--","--","--","--"," ","0.00","0.41","10","0.51","10","0.00",
="034340","世芯元富53購06","4,000","1","4,320","1.08","1.08","1.08","1.08","X","0.00","1.07","25","1.08","25","3,700.00",
="034341","正文元富53購01","10,000","1","8,200","0.82","0.82","0.82","0.82","+","0.01","0.78","25","0.79","25","25.35",
="034342","臻鼎元富53購03","346,000","15","195,700","0.60","0.60","0.50","0.50","-","0.09","0.51","25","0.52","25","171.50",
="034343","瀚宇博元富53購01","37,000","4","176,140","4.92","4.92","4.63","4.63","+","0.87","3.91","25","3.97","25","104.00",
="034344","緯穎元富58購03","0","0","0","--","--","--","--"," ","0.00","1.79","25","1.80","25","3,140.00",
="034345","SP黃豆國票5B購01","9,000","1","10,350","1.15","1.15","1.15","1.15","X","0.00","1.14","25","1.15","10","19.68",
="034346","億泰國票56購01","0","0","0","--","--","--","--"," ","0.00","1.10","25","1.11","10","34.80",
="034347","為升國票56購01","84,000","10","166,160","2.02","2.02","1.88","1.94","-","0.26","1.90","25","1.95","10","130.00",
="034348","光罩國票53購02","58,000","8","43,760","0.75","0.78","0.74","0.77","-","0.05","0.77","18","0.79","10","41.20",
="034349","昆盈國票54購01","0","0","0","--","--","--","--"," ","0.00","1.03","25","1.04","10","42.60",
="03434U","牧德凱基51售01","0","0","0","--","--","--","--"," ","0.00","0.89","10","0.90","10","0.00",
="034350","金像電國票53購07","0","0","0","--","--","--","--"," ","0.00","1.48","25","1.49","10","455.00",
="034351","佳能國票53購03","162,000","25","679,560","4.40","4.40","3.78","4.02","+","0.41","4.01","25","4.02","9","88.80",
="034352","毅嘉國票53購02","0","0","0","--","--","--","--"," ","0.00","0.78","25","0.79","10","53.50",
="034353","志聖國票53購02","0","0","0","--","--","--","--"," ","0.00","1.23","25","1.24","10","197.00",
="034354","強茂國票53購01","4,000","2","8,260","2.08","2.08","2.06","2.06","-","0.25","2.16","25","2.17","10","71.70",
="034355","漢翔國票53購04","40,000","4","165,850","4.32","4.32","3.95","4.04","-","0.57","4.04","25","4.06","10","62.60",
="034356","豐達科國票53購02","204,000","8","278,450","1.45","1.46","1.31","1.31","-","0.15","1.32","25","1.35","10","134.50",
="034357","欣興國票56購02","22,000","5","43,790","1.99","2.00","1.99","1.99","+","0.10","1.94","25","1.95","10","159.00",
="034358","達邁國票53購05","18,000","4","27,950","1.55","1.60","1.50","1.50","X","0.00","1.42","25","1.43","10","73.10",
="034359","台耀國票53購01","5,000","3","4,700","0.94","0.94","0.94","0.94","-","0.02","0.94","25","0.95","10","65.10",
="03435U","世芯凱基4C售06","0","0","0","--","--","--","--"," ","0.00","0.11","100","0.12","50","0.00",
="034360","正文國票53購02","0","0","0","--","--","--","--"," ","0.00","0.94","25","0.95","10","25.35",
="034361","穎崴國票58購01","18,000","2","82,260","4.57","4.57","4.57","4.57","+","0.12","4.48","25","4.55","10","2,015.00",
="034362","南電國票56購01","349,000","14","1,015,600","2.91","2.99","2.66","2.66","+","0.01","2.52","25","2.55","10","234.50",
="034363","菱光國票53購02","16,000","7","24,940","1.52","1.61","1.50","1.61","X","0.00","1.52","25","1.53","10","60.90",
="034364","富鼎國票53購01","274,000","13","328,540","1.21","1.27","1.18","1.21","-","0.02","1.22","25","1.24","10","95.50",
="034365","所羅門群益54購01","0","0","0","--","--","--","--"," ","0.00","0.12","20","--","0","144.50",
="034366","金像電群益53購07","41,000","6","24,760","0.59","0.61","0.59","0.61","+","0.05","0.59","10","0.62","10","455.00",
="034367","毅嘉群益53購01","0","0","0","--","--","--","--"," ","0.00","0.42","100","0.43","100","53.50",
="034368","漢翔群益53購02","59,000","9","175,190","3.09","3.09","2.81","2.81","-","0.45","2.79","10","2.89","10","62.60",
="034369","永豐金群益53購01","180,000","4","203,400","1.13","1.13","1.13","1.13","+","0.04","1.12","10","1.22","10","24.70",
="03436U","勤誠凱基4C售02","0","0","0","--","--","--","--"," ","0.00","0.02","200","0.05","300","0.00",
="034370","欣興群益53購04","30,000","2","39,860","1.34","1.34","1.32","1.32","+","0.16","1.17","100","1.19","100","159.00",
="034371","景碩群益57購03","108,000","5","78,260","0.72","0.77","0.72","0.72","+","0.02","0.31","32","--","0","111.50",
="034372","日月光群益53購02","299,000","10","668,690","2.37","2.37","2.19","2.22","+","0.09","2.25","10","2.35","10","174.50",
="034373","眾達群益54購02","311,000","21","522,930","1.69","1.74","1.65","1.65","-","0.09","1.61","1","--","0","127.00",
="034374","達興群益53購03","71,000","9","105,510","1.37","1.57","1.37","1.47","+","0.27","1.47","10","1.57","10","399.00",
="034375","乙盛群益53購01","44,000","3","41,240","0.94","0.94","0.90","0.90","-","0.11","0.88","10","0.98","10","73.80",
="034376","瀚宇博群益53購01","19,000","7","61,190","3.45","3.52","2.69","2.69","-","0.06","1.36","36","--","0","104.00",
="034377","精成科群益54購01","213,000","26","291,090","1.47","1.47","1.23","1.25","-","0.26","0.26","192","--","0","125.50",
="034378","同欣電群益53購01","12,000","1","13,560","1.13","1.13","1.13","1.13","+","0.02","0.99","100","1.02","100","120.50",
="034379","台表科群益53購01","64,000","2","40,000","0.63","0.63","0.62","0.62","-","0.02","0.25","40","0.62","20","107.00",
="03437U","南亞科元富4C售04","0","0","0","--","--","--","--"," ","0.00","--","0","--","0","0.00",
="034380","東哥群益53購01","63,000","5","62,960","1.01","1.01","0.96","0.96","-","0.09","0.98","25","1.00","10","217.00",
="034381","世紀鋼群益53購04","24,000","2","32,520","1.30","1.36","1.30","1.36","+","0.04","1.23","10","1.33","10","171.50",
="034382","滬深2X凱基58購01","0","0","0","--","--","--","--"," ","0.00","1.56","100","1.57","50","19.04",
="034383","台泥凱基53購03","207,000","30","356,290","1.76","1.87","1.66","1.74","-","0.33","1.70","100","1.80","10","23.75",
="034384","華城凱基54購04","0","0","0","--","--","--","--"," ","0.00","2.13","100","2.23","10","586.00",
="034385","和大凱基53購01","0","0","0","--","--","--","--"," ","0.00","2.11","10","2.13","10","65.30",
="034386","中砂凱基53購05","0","0","0","--","--","--","--"," ","0.00","0.99","100","1.00","10","339.00",
="034387","大亞凱基53購03","0","0","0","--","--","--","--"," ","0.00","1.71","10","1.72","10","39.85",
="034388","宇隆凱基53購05","13,000","1","14,690","1.13","1.13","1.13","1.13","-","0.12","1.08","100","1.11","10","217.00",
="034389","光寶科凱基53購05","0","0","0","--","--","--","--"," ","0.00","2.92","100","3.02","10","183.00",
="03438U","奇鋐元富4C售02","0","0","0","--","--","--","--"," ","0.00","0.09","25","0.10","25","0.00",
="034390","台達電凱基53購05","292,000","36","746,000","2.65","2.65","2.37","2.44","-","0.17","2.40","100","2.50","10","893.00",
="034391","華通凱基53購03","201,000","5","457,400","2.38","2.40","2.17","2.17","-","0.16","2.09","100","2.10","10","77.00",
="034392","旺宏凱基53購01","0","0","0","--","--","--","--"," ","0.00","4.80","10","4.90","10","26.75",
="034393","華邦電凱基53購02","174,000","23","1,510,150","7.50","9.70","7.50","9.70","+","2.70","9.10","50","9.55","10","36.45",
="034394","致茂凱基53購01","300,000","25","803,870","2.46","2.95","2.46","2.64","+","0.13","2.63","10","--","0","614.00",
="034395","燿華凱基53購04","0","0","0","--","--","--","--"," ","0.00","1.19","10","1.20","10","27.50",
="034396","金像電凱基53購07","111,000","2","108,670","0.98","0.98","0.97","0.97","X","0.00","0.95","100","1.05","10","455.00",
="034397","漢唐凱基53購08","0","0","0","--","--","--","--"," ","0.00","0.29","10","0.39","10","987.00",
="034398","友達凱基53購01","114,000","8","132,300","1.14","1.30","1.08","1.21","+","0.09","1.19","100","--","0","13.70",
="034399","志聖凱基53購03","200,000","1","234,000","1.17","1.17","1.17","1.17","+","0.09","1.13","100","1.23","10","197.00",
="03439U","世芯元富4C售10","0","0","0","--","--","--","--"," ","0.00","0.19","25","0.20","25","0.00",
="034400","鉅祥凱基53購03","82,000","3","98,060","1.23","1.23","1.14","1.14","-","0.05","1.13","100","1.18","10","108.50",
="034401","漢翔凱基53購04","62,000","4","139,340","2.33","2.33","2.23","2.23","-","0.25","2.18","100","2.19","10","62.60",
="034402","奇鋐凱基56購05","0","0","0","--","--","--","--"," ","0.00","1.06","100","1.08","10","1,015.00",
="034403","奇鋐凱基56購06","0","0","0","--","--","--","--"," ","0.00","1.12","100","1.14","10","1,015.00",
="034404","奇鋐凱基56購07","100,000","1","126,000","1.26","1.26","1.26","1.26","X","0.00","1.19","100","1.21","10","1,015.00",
="034405","奇鋐凱基56購08","28,000","3","35,640","1.35","1.35","1.19","1.19","-","0.01","1.18","100","1.19","10","1,015.00",
="034406","亞光凱基53購07","0","0","0","--","--","--","--"," ","0.00","1.22","499","1.24","30","161.50",
="034407","臻鼎凱基53購08","26,000","2","19,900","0.90","0.90","0.76","0.76","-","0.10","0.77","100","0.78","10","171.50",
="034408","達興凱基53購07","264,000","14","380,060","1.32","1.55","1.27","1.48","+","0.23","1.51","10","1.52","10","399.00",
="034409","瀚宇博凱基53購01","2,000","1","7,660","3.83","3.83","3.83","3.83","+","0.86","3.22","100","3.27","10","104.00",
="03440U","材料元富4C售03","9,000","1","15,930","1.77","1.77","1.77","1.77","-","0.05","1.77","25","1.79","25","0.00",
="034410","精成科凱基53購04","61,000","4","83,960","1.41","1.41","1.36","1.36","-","0.09","1.21","100","1.23","10","125.50",
="034411","帆宣凱基53購03","97,000","5","122,650","1.26","1.28","1.26","1.27","+","0.01","1.20","10","1.27","10","255.00",
="034412","穎崴凱基54購04","195,000","16","948,820","4.94","5.10","4.66","5.00","+","0.15","4.87","100","4.97","10","2,015.00",
="034413","南電凱基53購07","147,000","14","357,360","2.66","2.66","2.21","2.21","-","0.08","2.20","100","2.22","10","234.50",
="034414","羅昇凱基53購02","0","0","0","--","--","--","--"," ","0.00","0.41","10","0.42","10","99.50",
="034415","國企2X元大53購02","21,000","3","39,100","1.90","1.90","1.85","1.85","-","0.11","1.84","250","1.85","100","11.65",
="034416","國企2X元大54購01","1,000","1","1,700","1.70","1.70","1.70","1.70","-","0.05","1.64","250","1.65","100","11.65",
="034417","國企2X元大56購01","7,000","2","10,430","1.55","1.55","1.48","1.48","-","0.14","1.50","250","1.51","100","11.65",
="034418","SP黃豆元大54購01","15,000","2","10,510","0.70","0.71","0.70","0.71","-","0.06","0.69","250","0.70","100","19.68",
="034419","FB越南元大53購05","10,000","1","6,700","0.67","0.67","0.67","0.67","-","0.04","0.67","100","0.68","50","15.73",
="03441U","南亞科永豐4C售02","0","0","0","--","--","--","--"," ","0.00","0.08","499","0.09","10","0.00",
="034420","FB越南元大54購03","0","0","0","--","--","--","--"," ","0.00","0.77","499","0.78","50","15.73",
="034421","FB越南元大56購01","0","0","0","--","--","--","--"," ","0.00","0.64","100","0.65","50","15.73",
="034422","FB越南元大56購02","0","0","0","--","--","--","--"," ","0.00","0.75","100","0.76","50","15.73",
="034423","和大元大53購04","3,000","1","5,070","1.69","1.69","1.69","1.69","-","0.21","1.68","400","1.70","10","65.30",
="034424","大成鋼元大53購02","0","0","0","--","--","--","--"," ","0.00","1.34","499","1.35","10","37.90",
="034425","劍麟元大53購03","1,219,000","27","804,330","0.75","0.75","0.59","0.65","-","0.15","0.64","529","0.65","10","108.50",
="034426","為升元大53購02","118,000","11","307,380","2.71","2.71","2.41","2.61","-","0.61","2.62","250","2.66","10","130.00",
="034427","為升元大53購03","73,000","6","136,760","1.97","1.97","1.82","1.82","-","0.12","1.87","350","--","0","130.00",
="034428","光寶科元大57購01","311,000","20","1,060,450","3.33","3.70","3.28","3.60","+","0.44","3.41","200","3.51","10","183.00",
="034429","台達電元大58購01","329,000","22","516,120","1.59","1.60","1.49","1.51","-","0.06","1.49","25","1.50","10","893.00",
="03442U","T50正2群益4C售03","0","0","0","--","--","--","--"," ","0.00","0.06","25","0.07","10","0.00",
="034430","鴻海元大53購13","159,000","2","147,770","0.92","0.93","0.92","0.93","X","0.00","0.95","499","0.96","10","221.00",
="034431","台積電元大53購08","1,000","1","1,380","1.38","1.38","1.38","1.38","X","0.00","0.09","11","--","0","1,340.00",
="034432","智邦元大53購05","263,000","2","163,210","0.63","0.63","0.62","0.62","+","0.03","0.62","12","0.77","360","1,005.00",
="034433","致茂元大53購01","555,000","21","875,050","1.57","1.65","1.48","1.59","+","0.14","1.55","499","1.59","10","614.00",
="034434","金像電元大53購11","0","0","0","--","--","--","--"," ","0.00","0.74","499","0.75","10","455.00",
="034435","微星元大53購01","99,000","7","42,330","0.44","0.44","0.41","0.41","-","0.03","0.40","499","0.41","10","119.50",
="034436","毅嘉元大56購01","0","0","0","--","--","--","--"," ","0.00","0.39","499","0.40","10","53.50",
="034437","友達元大53購02","20,000","1","21,400","1.07","1.07","1.07","1.07","+","0.10","1.03","499","1.06","10","13.70",
="034438","建準元大53購02","15,000","2","23,450","1.67","1.67","1.51","1.51","-","0.12","1.47","450","1.51","10","129.00",
="034439","志聖元大53購04","258,000","5","329,350","1.18","1.35","1.18","1.35","+","0.22","0.52","19","--","0","197.00",
="03443U","和大群益4C售01","0","0","0","--","--","--","--"," ","0.00","0.38","10","0.48","10","0.00",
="034440","志聖元大53購05","400,000","16","564,840","1.40","1.51","1.31","1.35","+","0.02","0.68","14","--","0","197.00",
="034441","強茂元大53購06","275,000","40","260,480","0.98","0.98","0.93","0.98","-","0.07","0.97","599","0.98","10","71.70",
="034442","強茂元大53購07","0","0","0","--","--","--","--"," ","0.00","2.68","250","2.70","10","71.70",
="034443","漢翔元大53購03","151,000","14","504,590","3.54","3.54","3.09","3.17","-","0.58","3.13","200","3.19","10","62.60",
="034444","長榮太元大53購08","273,000","4","264,410","0.96","0.98","0.94","0.97","-","0.14","0.95","499","0.96","10","168.50",
="034445","神基元大53購03","2,000","1","1,900","0.95","0.95","0.95","0.95","-","0.03","0.92","25","0.95","10","163.50",
="034446","神基元大53購04","0","0","0","--","--","--","--"," ","0.00","0.99","25","1.01","10","163.50",
="034447","大立光元大53購05","369,000","7","239,060","0.68","0.68","0.64","0.66","-","0.04","0.65","499","0.67","10","2,360.00",
="034448","晟銘電元大53購02","0","0","0","--","--","--","--"," ","0.00","0.46","499","0.47","10","121.00",
="03444U","聯電群益56售01","6,000","1","1,920","0.32","0.32","0.32","0.32","X","0.00","0.14","30","--","0","0.00",
="034450","長榮統一4C購01","0","0","0","--","--","--","--"," ","0.00","0.19","10","0.20","10","182.00",
="034451","長榮統一55購01","50,000","4","7,200","0.15","0.15","0.14","0.14"," ","0.00","0.14","474","0.17","100","182.00",
="034452","晟銘電元大53購03","19,000","2","10,450","0.55","0.55","0.55","0.55"," ","0.00","0.49","499","0.50","10","121.00",
="034453","奇鋐元大53購10","511,000","7","362,320","0.71","0.72","0.68","0.70","+","0.05","0.61","499","0.63","10","1,015.00",
="034455","陽明統一55購01","0","0","0","--","--","--","--"," ","0.00","0.16","45","0.17","10","55.20",
="034456","亞光元大57購02","0","0","0","--","--","--","--"," ","0.00","1.55","450","1.56","10","161.50",
="034457","萬海統一55購01","1,189,000","18","274,880","0.24","0.24","0.22","0.22","-","0.03","0.22","170","0.23","190","77.90",
="034458","緯創元大58購02","24,000","3","49,620","2.02","2.08","2.02","2.08","X","0.00","1.97","400","1.99","10","122.50",
="03445U","台積電群益4C售17","0","0","0","--","--","--","--"," ","0.00","0.05","13","--","0","0.00",
="034460","群創元大58購02","8,000","2","7,510","0.92","0.95","0.92","0.95","-","0.01","0.94","499","0.95","10","14.15",
="034461","辛耘元大53購03","98,000","5","189,690","1.93","1.94","1.90","1.90","X","0.00","1.77","499","1.81","10","388.00",
="034463","辛耘元大57購01","152,000","6","331,890","2.05","2.23","2.05","2.23","+","0.30","2.01","400","2.04","10","388.00",
="034465","世芯元大53購10","59,000","3","97,940","1.68","1.68","1.64","1.66","-","0.05","0.19","52","--","0","3,700.00",
="034466","永道統一4B購01","0","0","0","--","--","--","--"," ","0.00","0.03","10","0.10","10","141.50",
="034467","永道統一55購01","0","0","0","--","--","--","--"," ","0.00","0.13","10","0.14","10","141.50",
="034468","達興元大53購05","146,000","11","311,000","1.99","2.35","1.98","2.35","+","0.16","2.28","400","2.31","10","399.00",
="034469","亞翔元大58購03","116,000","3","77,760","0.68","0.68","0.66","0.66","-","0.02","0.67","499","0.68","10","358.50",
="03446U","聯發科群益52售02","5,000","1","1,200","0.24","0.24","0.24","0.24","+","0.04","0.05","200","--","0","0.00",
="034470","樺漢元大53購03","0","0","0","--","--","--","--"," ","0.00","1.05","499","1.06","10","299.00",
="034471","緯穎元大53購06","0","0","0","--","--","--","--"," ","0.00","2.22","350","2.23","10","3,140.00",
="034472","龍德船元大53購05","0","0","0","--","--","--","--"," ","0.00","1.46","25","1.95","3","151.50",
="034473","龍德船元大53購06","0","0","0","--","--","--","--"," ","0.00","1.13","25","1.60","5","151.50",
="034474","AES元大58購02","59,000","6","94,490","1.57","1.62","1.57","1.59","+","0.02","1.50","499","1.52","10","1,195.00",
="034475","臺股指元大54購17","65,000","6","133,280","2.05","2.07","2.03","2.07","+","0.14","2.10","100","2.11","10","0.00",
="034476","臺股指元大56購09","53,000","3","140,100","2.64","2.72","2.64","2.72","+","0.20","2.75","499","2.76","10","0.00",
="034477","臺股指元大5B購01","6,000","2","13,160","2.16","2.20","2.16","2.20","X","0.00","2.19","499","2.20","10","0.00",
="034478","和大中信53購01","0","0","0","--","--","--","--"," ","0.00","0.22","499","0.23","10","0.00",
="034479","香港2X永豐54購02","0","0","0","--","--","--","--"," ","0.00","1.21","499","1.22","10","18.02",
="03447U","萬海群益4C售05","0","0","0","--","--","--","--"," ","0.00","--","0","2.73","10","0.00",
="034480","和大永豐54購01","0","0","0","--","--","--","--"," ","0.00","0.41","499","0.42","10","65.30",
="034481","建準永豐53購03","0","0","0","--","--","--","--"," ","0.00","0.60","499","0.61","10","129.00",
="034482","漢翔永豐54購02","241,000","19","372,860","1.61","1.61","1.52","1.54","-","0.27","1.52","10","1.53","10","62.60",
="034483","神達永豐53購07","25,000","3","14,400","0.58","0.58","0.56","0.56","X","0.00","0.56","499","0.57","10","90.00",
="034484","神達永豐56購02","20,000","1","18,400","0.92","0.92","0.92","0.92","X","0.00","0.88","499","0.89","10","90.00",
="034485","jpp永豐54購02","354,000","8","306,850","0.90","0.91","0.84","0.85","-","0.03","0.86","10","0.87","10","286.50",
="034486","精成科永豐55購01","642,000","13","549,110","0.98","0.98","0.83","0.83","-","0.20","0.83","10","0.85","10","125.50",
="034487","南電永豐54購02","3,009,000","50","4,381,320","1.58","1.65","1.35","1.36","-","0.07","1.33","10","1.36","10","234.50",
="034488","國企2X凱基54購01","0","0","0","--","--","--","--"," ","0.00","1.86","100","1.87","50","11.65",
="034489","FB越南凱基56購01","10,000","1","7,000","0.70","0.70","0.70","0.70","X","0.00","0.69","100","0.70","50","15.73",
="03448U","富邦金群益4C售03","0","0","0","--","--","--","--"," ","0.00","--","0","--","0","0.00",
="034490","和大凱基54購01","0","0","0","--","--","--","--"," ","0.00","0.94","100","0.95","10","65.30",
="034491","鴻海凱基55購06","0","0","0","--","--","--","--"," ","0.00","0.92","100","0.93","10","221.00",
="034492","台積電凱基54購19","50,000","2","94,500","1.89","1.89","1.89","1.89","+","0.28","1.85","100","1.95","10","1,340.00",
="034493","聯強凱基54購01","0","0","0","--","--","--","--"," ","0.00","0.80","10","0.81","10","62.20",
="034494","毅嘉凱基57購01","290,000","1","200,100","0.69","0.69","0.69","0.69","X","0.00","0.68","100","0.69","30","53.50",
="034495","強茂凱基54購02","0","0","0","--","--","--","--"," ","0.00","2.75","10","2.77","10","71.70",
="034496","漢翔凱基54購03","100,000","6","182,050","1.86","1.87","1.80","1.80","-","0.22","1.77","100","1.78","10","62.60",
="034497","漢翔凱基54購04","1,498,000","10","2,692,250","1.85","1.85","1.77","1.77","-","0.19","1.77","100","1.78","10","62.60",
="034498","漢翔凱基55購01","506,000","5","890,670","1.91","1.91","1.75","1.75","-","0.21","1.71","100","1.72","10","62.60",
="034499","神基凱基54購01","42,000","3","38,710","0.92","0.93","0.92","0.93","+","0.02","0.91","100","1.01","10","163.50",
="03449U","亞德客元大4C售02","7,000","1","9,380","1.34","1.34","1.34","1.34","X","0.00","1.37","499","1.39","200","0.00",
="034500","大立光凱基54購05","0","0","0","--","--","--","--"," ","0.00","0.83","10","0.85","10","2,360.00",
="034501","亞光凱基57購01","0","0","0","--","--","--","--"," ","0.00","1.21","499","1.23","50","161.50",
="034502","欣興凱基57購02","15,000","2","28,590","1.89","1.95","1.89","1.95","X","0.00","1.82","100","1.84","10","159.00",
="034503","京鼎凱基54購01","263,000","17","579,090","2.18","2.25","2.16","2.16","+","0.18","2.05","10","2.06","10","306.00",
="034504","群創凱基57購01","0","0","0","--","--","--","--"," ","0.00","0.81","100","--","0","14.15",
="034505","辛耘凱基54購01","0","0","0","--","--","--","--"," ","0.00","1.67","10","1.77","10","388.00",
="034506","貿聯凱基54購05","33,000","4","56,530","1.77","1.77","1.65","1.65","-","0.18","1.62","100","1.72","10","1,085.00",
="034507","亞翔凱基59購01","10,000","1","8,000","0.80","0.80","0.80","0.80","-","0.06","0.84","100","0.85","30","358.50",
="034508","精成科凱基55購03","213,000","3","272,300","1.35","1.35","1.27","1.27","-","0.11","0.39","51","1.18","10","125.50",
="034509","精成科凱基57購01","3,000","1","4,890","1.63","1.63","1.63","1.63","-","0.05","1.45","100","1.47","10","125.50",
="03450U","台光電元大4C售11","0","0","0","--","--","--","--"," ","0.00","0.05","499","0.06","200","0.00",
="034510","同欣電凱基54購01","55,000","4","59,850","1.18","1.18","0.98","0.98","-","0.17","0.98","100","1.00","10","120.50",
="034511","樺漢凱基54購01","0","0","0","--","--","--","--"," ","0.00","0.74","10","0.75","10","299.00",
="034512","穎崴凱基54購05","0","0","0","--","--","--","--"," ","0.00","5.95","100","6.45","10","2,015.00",
="034513","龍德船凱基54購01","8,000","2","12,000","1.50","1.50","1.50","1.50","-","0.50","1.33","1","1.41","10","151.50",
="034514","AES凱基55購03","24,000","1","28,320","1.18","1.18","1.18","1.18","X","0.00","1.17","100","1.18","10","1,195.00",
="034515","南電凱基54購02","88,000","8","160,810","1.85","1.87","1.57","1.57","-","0.07","0.77","12","1.58","10","234.50",
="034516","南電凱基55購01","49,000","5","96,910","1.97","2.00","1.75","1.75","-","0.12","1.73","100","1.74","10","234.50",
="034517","南電凱基55購02","33,000","3","68,380","2.10","2.14","2.02","2.02","+","0.13","1.84","100","1.86","10","234.50",
="034518","臺股指凱基55購13","0","0","0","--","--","--","--"," ","0.00","2.86","10","2.87","10","0.00",
="034519","臺股指凱基56購12","0","0","0","--","--","--","--"," ","0.00","3.09","100","3.10","10","0.00",
="03451U","奇鋐元大4C售06","1,000","1","110","0.11","0.11","0.11","0.11","-","0.01","0.11","499","0.12","200","0.00",
="034520","臺股指凱基5B購01","209,000","12","556,270","2.67","2.67","2.65","2.66","X","0.00","2.77","100","2.78","10","0.00",
="034521","致茂兆豐55購01","951,000","44","1,381,650","1.42","1.54","1.34","1.47","+","0.19","1.37","10","1.40","10","614.00",
="034522","漢翔兆豐55購01","768,000","55","663,660","0.90","0.90","0.82","0.83","-","0.12","0.83","101","--","0","62.60",
="034523","神達台新53購01","114,000","4","147,980","1.30","1.32","1.27","1.29","+","0.09","1.26","20","1.27","10","0.00",
="034524","T50反1元富59購01","0","0","0","--","--","--","--"," ","0.00","0.73","25","0.74","25","18.29",
="034525","國企2X元富53購01","0","0","0","--","--","--","--"," ","0.00","0.87","25","0.88","25","11.65",
="034526","FBNQ2X元富53購03","0","0","0","--","--","--","--"," ","0.00","2.86","25","2.87","25","159.20",
="034527","SP黃豆元富53購01","23,000","1","10,810","0.47","0.47","0.47","0.47","-","0.06","0.47","25","0.48","25","19.68",
="034528","FANG+元富53購01","17,000","2","25,770","1.52","1.52","1.51","1.51","-","0.02","1.50","25","1.51","18","118.00",
="034529","南亞元富57購01","63,000","1","54,810","0.87","0.87","0.87","0.87","+","0.16","0.73","25","0.74","25","39.80",
="03452U","聯鈞元大4C售05","10,000","1","300","0.03","0.03","0.03","0.03","-","0.01","0.02","499","0.08","20","0.00",
="034530","南亞元富57購02","0","0","0","--","--","--","--"," ","0.00","0.62","25","0.63","25","39.80",
="034531","光寶科元富56購01","211,000","18","949,470","4.31","4.93","4.31","4.60","-","0.10","4.46","25","4.53","25","183.00",
="034532","台達電元富56購01","1,000","1","3,030","3.03","3.03","3.03","3.03","X","0.00","2.97","25","3.07","10","893.00",
="034533","致茂元富53購01","421,000","18","945,960","2.18","2.32","2.18","2.19","+","0.18","2.17","25","2.19","25","614.00",
="034534","威盛元富53購01","0","0","0","--","--","--","--"," ","0.00","1.11","25","1.12","25","59.50",
="034535","漢翔元富56購01","10,000","1","17,400","1.74","1.74","1.74","1.74","-","0.23","1.60","25","1.61","25","62.60",
="034536","豐達科元富53購01","122,000","10","125,180","1.04","1.04","0.93","0.94","-","0.08","0.93","25","0.94","25","134.50",
="034537","神基元富54購01","25,000","1","46,000","1.84","1.84","1.84","1.84","X","0.00","1.80","25","1.82","25","163.50",
="034538","奇鋐元富59購01","48,000","12","87,110","1.88","1.93","1.70","1.70","+","0.02","1.68","25","1.70","25","1,015.00",
="034539","欣興元富54購01","47,000","7","91,020","1.90","2.03","1.86","1.86","+","0.07","1.78","25","1.80","25","159.00",
="03453U","台光電台新4C售02","0","0","0","--","--","--","--"," ","0.00","0.01","519","0.02","10","0.00",
="034540","中興電富邦53購01","445,000","10","229,950","0.53","0.53","0.51","0.51","-","0.05","0.50","30","0.51","5","0.00",
="034541","台光電富邦56購02","2,435,000","79","1,758,320","0.64","0.89","0.62","0.73","+","0.12","0.72","10","0.73","10","0.00",
="034542","漢翔富邦55購01","365,000","33","306,950","0.87","0.88","0.79","0.79","-","0.12","0.78","10","0.79","10","0.00",
="034543","玉山金富邦54購01","11,000","2","6,850","0.63","0.63","0.62","0.62","-","0.06","0.62","30","0.63","10","0.00",
="034544","德律富邦54購02","288,000","6","137,120","0.52","0.52","0.46","0.47"," ","0.00","0.47","10","0.48","10","0.00",
="034545","辛耘富邦54購01","113,000","5","99,260","0.89","0.90","0.85","0.88","X","0.00","0.82","30","0.83","10","0.00",
="034546","神達富邦56購01","1,713,000","29","1,041,030","0.59","0.63","0.58","0.60","+","0.03","0.60","10","0.61","10","0.00",
="034547","龍德船富邦53購01","298,000","17","254,370","0.92","0.92","0.80","0.80","-","0.15","0.80","10","0.81","10","0.00",
="034548","南電富邦53購04","267,000","16","405,140","1.49","1.58","1.41","1.45","+","0.13","1.26","30","1.27","10","0.00",
="034549","和大國票54購01","0","0","0","--","--","--","--"," ","0.00","0.77","25","0.79","10","65.30",
="03454U","智邦凱基4C售04","0","0","0","--","--","--","--"," ","0.00","0.03","100","0.13","10","0.00",
="034550","聯強國票54購01","0","0","0","--","--","--","--"," ","0.00","0.72","25","0.73","10","62.20",
="034551","所羅門國票54購01","36,000","3","36,060","1.03","1.03","0.99","0.99","-","0.04","0.97","25","0.98","10","144.50",
="034552","神基國票54購03","67,000","5","67,000","1.00","1.00","1.00","1.00","-","0.04","1.00","25","1.01","10","163.50",
="034553","jpp國票54購02","48,000","9","106,460","2.16","2.31","2.09","2.16","-","0.05","2.12","25","2.14","10","286.50",
="034554","矽格國票54購01","18,000","1","46,620","2.59","2.59","2.59","2.59"," ","0.00","2.49","25","2.51","10","93.00",
="034555","鼎基國票54購01","0","0","0","--","--","--","--"," ","0.00","0.44","25","0.46","10","102.50",
="034556","台光電國泰54購01","55,000","7","92,880","1.55","1.84","1.55","1.72","+","0.21","1.67","499","1.70","499","1,345.00",
="034557","神達國泰54購01","137,000","5","115,470","0.82","0.85","0.82","0.85","+","0.15","0.85","499","0.86","100","90.00",
="034558","南寶國泰54購01","181,000","7","344,120","1.96","1.96","1.84","1.84","-","0.14","1.88","499","1.91","250","416.50",
="034559","亞翔國泰54購01","74,000","4","121,060","1.63","1.64","1.63","1.64","+","0.02","1.61","499","1.62","100","358.50",
="03455U","富邦金凱基4C售02","0","0","0","--","--","--","--"," ","0.00","0.67","10","0.77","10","0.00",
="034560","精成科國泰54購02","46,000","3","61,930","1.42","1.42","1.28","1.28","X","0.00","1.22","499","1.24","200","125.50",
="034561","南電國泰54購01","154,000","14","261,710","1.72","1.77","1.57","1.57","+","0.07","1.41","499","1.43","10","234.50",
="034562","景碩元富53購01","572,000","15","439,170","0.79","0.84","0.71","0.71","-","0.12","0.70","5","0.71","25","111.50",
="034563","緯創元富53購01","31,000","1","45,570","1.47","1.47","1.47","1.47","X","0.00","1.43","25","1.45","25","122.50",
="034564","牧德元富53購01","0","0","0","--","--","--","--"," ","0.00","0.97","25","0.98","25","544.00",
="034565","辛耘元富53購01","48,000","2","48,400","1.00","1.02","1.00","1.02","X","0.00","0.94","25","0.95","25","388.00",
="034566","南寶元富53購02","115,000","6","143,960","1.27","1.27","1.23","1.24","-","0.07","1.20","25","1.30","10","416.50",
="034567","精成科元富53購03","33,000","3","51,750","1.59","1.59","1.46","1.46","-","0.19","1.34","25","1.36","25","125.50",
="034568","南電元富53購04","2,152,000","216","4,580,970","2.25","2.40","1.75","1.81","-","0.12","1.79","31","1.81","24","234.50",
="034569","T50反1元大54購05","290,000","12","219,200","0.77","0.77","0.72","0.74","-","0.09","0.73","100","0.74","10","18.29",
="03456U","國泰金凱基4C售04","0","0","0","--","--","--","--"," ","0.00","0.61","100","0.62","10","0.00",
="034570","T50反1元大55購03","509,000","4","218,870","0.43","0.43","0.43","0.43","-","0.04","0.42","499","0.43","10","18.29",
="034571","A50正2元大56購01","332,000","5","294,510","1.04","1.04","0.88","0.88","-","0.05","0.90","250","0.91","100","32.79",
="034572","光寶科元大58購02","9,000","2","20,060","2.24","2.24","2.19","2.19","+","0.34","2.27","300","--","0","183.00",
="034573","台達電元大59購01","428,000","24","633,790","1.48","1.50","1.40","1.42","-","0.06","1.41","25","1.52","50","893.00",
="034574","華通元大58購01","40,000","2","22,000","0.56","0.56","0.54","0.54","X","0.00","0.50","499","0.51","10","77.00",
="034575","鴻海元大54購23","365,000","6","428,680","1.16","1.18","1.16","1.18","+","0.11","1.18","60","1.19","10","221.00",
="034576","所羅門元大54購01","186,000","2","87,720","0.50","0.50","0.47","0.47","-","0.02","0.47","499","0.48","10","144.50",
="034577","所羅門元大54購02","10,000","1","4,800","0.48","0.48","0.48","0.48"," ","0.00","0.45","499","0.46","10","144.50",
="034578","所羅門元大54購03","10,000","1","5,300","0.53","0.53","0.53","0.53"," ","0.00","0.50","499","0.51","10","144.50",
="034579","致茂元大54購01","468,000","26","1,079,610","2.26","2.43","2.15","2.41","+","0.28","2.24","350","2.28","10","614.00",
="03457U","創意凱基51售01","119,000","4","82,880","0.74","0.74","0.68","0.70","-","0.07","0.70","10","0.71","10","0.00",
="034580","金像電元大54購10","50,000","5","70,500","1.42","1.43","1.39","1.43","+","0.09","1.36","499","1.37","10","455.00",
="034581","台光電元大54購14","481,000","14","442,210","0.85","1.00","0.85","1.00","+","0.15","0.96","499","0.99","10","1,345.00",
="034582","台光電元大54購15","324,000","16","273,540","0.81","1.03","0.81","0.93","+","0.12","0.90","499","0.93","10","1,345.00",
="034583","台光電元大54購16","574,000","12","439,840","0.74","0.86","0.74","0.84","+","0.12","0.81","499","0.84","10","1,345.00",
="034584","毅嘉元大54購03","0","0","0","--","--","--","--"," ","0.00","0.43","499","0.44","10","53.50",
="034585","建準元大54購07","171,000","6","242,710","1.47","1.47","1.41","1.41","+","0.14","1.24","499","1.27","10","129.00",
="034586","盟立元大54購01","0","0","0","--","--","--","--"," ","0.00","1.67","450","1.70","10","72.30",
="034587","漢翔元大54購01","130,000","9","284,470","2.37","2.37","2.10","2.15","-","0.29","2.10","300","2.13","10","62.60",
="034588","漢翔元大54購02","118,000","12","298,570","2.64","2.64","2.40","2.40","-","0.35","2.40","300","2.43","10","62.60",
="034589","長榮太元大54購01","468,000","14","357,140","0.84","0.84","0.73","0.78","-","0.18","0.76","499","0.77","10","168.50",
="03458U","健策凱基4C售02","0","0","0","--","--","--","--"," ","0.00","0.01","100","0.11","7","0.00",
="034590","神基元大54購01","20,000","3","17,000","0.84","0.86","0.84","0.86","+","0.02","0.82","25","0.85","10","163.50",
="034591","亞光元大58購01","56,000","2","32,500","0.60","0.60","0.58","0.58","-","0.04","0.59","499","0.60","10","161.50",
="034592","聯詠元大54購01","378,000","34","698,940","1.66","1.93","1.66","1.84","+","0.11","1.75","25","1.77","10","443.00",
="034593","緯創元大54購13","40,000","1","50,800","1.27","1.27","1.27","1.27","+","0.20","1.13","499","1.15","10","122.50",
="034594","昇貿元大54購04","939,000","19","427,060","0.48","0.48","0.43","0.43","-","0.06","0.43","499","0.44","10","114.00",
="034595","昇貿元大54購05","1,782,000","42","850,710","0.49","0.50","0.46","0.47","-","0.04","0.46","1","0.47","69","114.00",
="034596","昇貿元大57購01","868,000","19","446,340","0.53","0.53","0.48","0.49","-","0.03","0.49","15","0.50","10","114.00",
="034597","群創元大59購01","20,000","1","16,000","0.80","0.80","0.80","0.80","X","0.00","0.78","499","0.79","10","14.15",
="034598","辛耘元大59購01","63,000","6","141,050","2.18","2.28","2.18","2.25","+","0.16","2.16","21","--","0","388.00",
="034599","貿聯元大59購01","100,000","7","219,100","2.28","2.28","2.15","2.15","-","0.06","2.00","350","--","0","1,085.00",
="03459U","南亞科中信4C售03","60,000","1","1,200","0.02","0.02","0.02","0.02"," ","0.00","0.02","50","0.04","10","0.00",
="034600","神達元大54購10","0","0","0","--","--","--","--"," ","0.00","0.87","499","0.88","10","90.00",
="034601","神達元大54購11","0","0","0","--","--","--","--"," ","0.00","0.91","499","0.93","10","90.00",
="034602","南寶元大54購01","140,000","14","337,930","2.45","2.45","2.36","2.36","-","0.23","2.32","15","2.37","10","416.50",
="034603","臻鼎元大58購01","50,000","1","46,500","0.93","0.93","0.93","0.93","+","0.06","0.85","499","0.86","10","171.50",
="034604","臻鼎元大59購01","0","0","0","--","--","--","--"," ","0.00","0.86","499","0.87","10","171.50",
="034605","達興元大54購01","245,000","9","445,020","1.70","1.95","1.70","1.95","+","0.08","1.95","2","1.96","10","399.00",
="034606","達興元大54購02","144,000","10","292,590","1.95","2.20","1.87","2.20","+","0.18","2.15","400","2.17","10","399.00",
="034607","達興元大54購03","277,000","20","763,820","2.60","3.00","2.58","3.00","+","0.18","2.93","300","2.96","10","399.00",
="034608","乙盛元大54購01","216,000","13","341,880","1.64","1.64","1.53","1.58","-","0.15","1.55","455","1.56","10","73.80",
="034609","jpp元大54購02","210,000","19","140,030","0.68","0.69","0.63","0.67"," ","0.00","0.65","25","0.66","10","286.50",
="03460U","牧德永豐52售01","0","0","0","--","--","--","--"," ","0.00","0.82","499","0.84","10","0.00",
="034610","佳必琪元大54購01","171,000","2","97,570","0.58","0.58","0.57","0.57","-","0.01","0.57","499","0.58","10","160.00",
="034611","緯穎元大54購19","0","0","0","--","--","--","--"," ","0.00","0.75","499","0.76","10","3,140.00",
="034612","AES元大54購12","0","0","0","--","--","--","--"," ","0.00","0.62","499","0.63","10","1,195.00",
="034613","采鈺元大54購01","119,000","13","279,580","2.43","2.47","2.21","2.26","-","0.23","2.26","300","2.28","10","305.50",
="034614","南電元大54購05","372,000","18","746,600","1.89","2.09","1.80","1.80","-","0.01","1.72","400","1.73","10","234.50",
="034615","滬深2X群益55購02","0","0","0","--","--","--","--"," ","0.00","0.12","8","1.41","10","19.04",
="034616","台塑群益53購03","0","0","0","--","--","--","--"," ","0.00","2.62","10","2.72","10","38.60",
="034617","南亞群益55購01","209,000","3","312,220","1.50","1.58","1.48","1.48","X","0.00","--","0","--","0","39.80",
="034618","華城群益53購02","0","0","0","--","--","--","--"," ","0.00","0.32","10","--","0","586.00",
="034619","和大群益53購01","0","0","0","--","--","--","--"," ","0.00","0.64","25","0.65","10","65.30",
="03461U","南亞科台新4C售01","0","0","0","--","--","--","--"," ","0.00","0.04","20","0.05","10","0.00",
="034620","中砂群益53購02","568,000","7","472,880","0.82","0.91","0.82","0.91","X","0.00","0.83","10","0.93","10","339.00",
="034621","光寶科群益53購04","0","0","0","--","--","--","--"," ","0.00","4.96","25","7.45","21","183.00",
="034622","華邦電群益59購01","0","0","0","--","--","--","--"," ","0.00","2.45","4","3.98","10","36.45",
="034623","致茂群益54購01","121,000","10","232,260","1.87","1.94","1.87","1.89","+","0.17","1.83","10","1.93","10","614.00",
="034624","漢唐群益55購01","0","0","0","--","--","--","--"," ","0.00","--","0","--","0","987.00",
="034625","南亞科群益53購02","1,000","1","8,800","8.80","8.80","8.80","8.80","-","1.40","6.20","2","14.20","1","81.00",
="034626","志聖群益53購01","88,000","14","99,140","1.08","1.23","1.07","1.07","+","0.04","0.42","23","--","0","197.00",
="034627","志聖群益54購01","93,000","7","100,700","1.06","1.24","1.06","1.24","+","0.23","1.02","10","--","0","197.00",
="034628","冠德群益53購01","473,000","14","449,520","0.90","0.97","0.90","0.94","+","0.01","0.92","10","1.02","10","36.65",
="034629","漢翔群益53購03","156,000","12","219,650","1.49","1.49","1.36","1.40","-","0.19","1.38","10","1.40","5","62.60",
="03462U","南亞科統一4C售02","0","0","0","--","--","--","--"," ","0.00","0.02","10","0.03","10","0.00",
="034630","神基群益55購01","85,000","3","69,820","0.82","0.85","0.82","0.85","+","0.03","0.33","30","--","0","163.50",
="034631","奇鋐群益53購06","4,305,000","84","6,207,280","1.55","1.55","1.27","1.30","+","0.01","0.55","36","--","0","1,015.00",
="034634","奇鋐群益54購16","20,000","1","30,400","1.52","1.52","1.52","1.52","+","0.06","0.53","18","--","0","1,015.00",
="034635","奇鋐群益57購01","5,000","1","9,750","1.95","1.95","1.95","1.95","X","0.00","0.94","5","--","0","1,015.00",
="034636","奇鋐群益57購02","0","0","0","--","--","--","--"," ","0.00","0.81","5","--","0","1,015.00",
="034637","欣興群益53購05","92,000","4","97,910","1.06","1.10","1.06","1.06","+","0.13","0.96","100","0.97","100","159.00",
="034638","京鼎群益53購01","322,000","9","385,010","1.22","1.26","1.15","1.19","+","0.08","1.12","10","1.22","10","306.00",
="034639","群創群益56購02","0","0","0","--","--","--","--"," ","0.00","0.68","100","0.70","100","14.15",
="03463U","南亞科統一54售02","272,000","18","51,360","0.20","0.20","0.17","0.18","-","0.02","0.18","5","0.20","287","0.00",
="034640","嘉澤群益57購01","67,000","2","75,210","1.12","1.13","1.12","1.13","-","0.02","0.51","19","--","0","1,605.00",
="034641","貿聯群益53購03","100,000","3","124,560","1.32","1.32","1.16","1.18","-","0.13","0.50","20","--","0","1,085.00",
="034642","神達群益55購02","0","0","0","--","--","--","--"," ","0.00","0.62","10","0.72","10","90.00",
="034643","立積群益55購02","57,000","1","55,860","0.98","0.98","0.98","0.98","-","0.12","0.44","22","--","0","151.50",
="034644","乙盛群益54購01","48,000","4","16,180","0.34","0.34","0.32","0.32","-","0.04","0.30","10","0.40","10","73.80",
="034645","精成科群益53購02","1,636,000","59","1,191,260","0.81","0.85","0.64","0.66","-","0.21","0.65","10","0.66","5","125.50",
="034646","精成科群益54購02","1,157,000","38","1,111,200","1.09","1.09","0.87","0.88","-","0.22","0.86","10","0.99","1","125.50",
="034647","穎崴群益53購07","124,000","8","1,101,450","9.10","9.10","8.70","9.00"," ","0.00","8.95","10","9.45","10","2,015.00",
="034648","AES群益53購03","0","0","0","--","--","--","--"," ","0.00","0.61","100","0.62","100","1,195.00",
="034649","南電群益54購03","10,000","2","21,850","2.21","2.21","2.16","2.16","X","0.00","1.83","10","1.93","10","234.50",
="03464U","南亞科群益4C售06","0","0","0","--","--","--","--"," ","0.00","--","0","0.10","100","0.00",
="034650","神達兆豐55購01","0","0","0","--","--","--","--"," ","0.00","0.70","10","0.71","10","90.00",
="034651","精成科兆豐55購01","1,510,000","26","1,052,190","0.76","0.76","0.63","0.63","-","0.16","0.64","10","0.65","10","125.50",
="034652","神基富邦53購01","871,000","24","738,660","0.84","0.87","0.83","0.84","-","0.02","0.84","30","0.85","10","0.00",
="034653","緯創富邦54購01","264,000","11","252,280","0.93","1.00","0.93","1.00","+","0.15","0.89","10","0.90","10","0.00",
="034654","創意富邦54購02","82,000","4","49,080","0.59","0.63","0.57","0.63","+","0.05","0.61","30","0.62","10","0.00",
="034655","群創富邦53購01","253,000","32","153,330","0.61","0.67","0.57","0.64","+","0.05","0.63","30","0.64","20","0.00",
="034656","貿聯富邦56購01","122,000","12","120,440","1.03","1.03","0.90","0.90","-","0.04","0.88","1","0.89","10","0.00",
="034657","臺股指富邦59購01","0","0","0","--","--","--","--"," ","0.00","1.99","499","2.00","10","0.00",
="034658","漢翔中信53購01","1,100,000","49","778,650","0.79","0.79","0.68","0.69","-","0.14","0.68","12","0.69","10","0.00",
="034659","長榮太中信53購01","184,000","14","43,380","0.25","0.25","0.20","0.22","-","0.06","0.20","10","0.21","10","0.00",
="03465U","創意群益4C售03","0","0","0","--","--","--","--"," ","0.00","0.23","43","0.65","7","0.00",
="034660","亞翔中信54購01","180,000","10","181,260","0.99","1.02","0.98","0.98","-","0.03","0.98","10","0.99","10","0.00",
="034661","士電永豐54購01","22,000","1","9,020","0.41","0.41","0.41","0.41","X","0.00","0.42","499","0.43","10","183.00",
="034662","台達電永豐56購01","1,385,000","46","2,930,100","2.15","2.17","1.98","2.02","-","0.10","2.01","20","2.10","10","893.00",
="034663","致茂永豐54購01","230,000","17","230,350","0.93","1.08","0.89","1.00","+","0.12","0.32","31","--","0","614.00",
="034664","鉅祥永豐54購01","0","0","0","--","--","--","--"," ","0.00","0.87","10","0.90","10","108.50",
="034665","漢翔永豐53購02","55,000","4","43,630","0.80","0.80","0.79","0.79","-","0.15","0.78","10","0.79","10","62.60",
="034666","華晶科永豐56購01","563,000","6","798,250","1.39","1.44","1.38","1.43","-","0.07","1.38","10","1.39","10","52.80",
="034667","牧德永豐56購01","0","0","0","--","--","--","--"," ","0.00","0.45","10","0.46","10","544.00",
="034668","世芯永豐55購05","1,000","1","2,290","2.29","2.29","2.29","2.29","-","0.20","2.12","499","2.13","10","3,700.00",
="034669","瀚宇博永豐53購01","1,165,000","36","1,954,080","2.01","2.01","1.32","1.32","-","0.18","1.29","11","1.32","7","104.00",
="03466U","臺股指群益4C售11","0","0","0","--","--","--","--"," ","0.00","0.13","499","0.23","10","0.00",
="034670","龍德船永豐54購01","356,000","15","218,180","0.71","0.71","0.60","0.64","-","0.13","0.62","10","0.63","10","151.50",
="034671","穎崴台新53購01","0","0","0","--","--","--","--"," ","0.00","6.50","10","6.55","10","0.00",
="034672","達興第一55購01","340,000","21","755,070","2.07","2.43","2.07","2.35","+","0.32","2.28","10","2.32","10","0.00",
="034673","T50反1凱基55購04","0","0","0","--","--","--","--"," ","0.00","0.32","100","0.33","10","18.29",
="034674","滬深2X凱基54購09","5,000","1","2,250","0.45","0.45","0.45","0.45","X","0.00","0.46","100","0.47","50","19.04",
="034675","滬深2X凱基54購11","0","0","0","--","--","--","--"," ","0.00","0.49","100","0.50","50","19.04",
="034676","滬深2X凱基55購03","0","0","0","--","--","--","--"," ","0.00","1.27","100","1.28","50","19.04",
="034677","滬深2X凱基57購03","0","0","0","--","--","--","--"," ","0.00","0.79","100","0.80","50","19.04",
="034678","SP黃豆凱基55購01","33,000","4","14,850","0.45","0.45","0.45","0.45","-","0.05","0.44","11","0.45","50","19.68",
="034679","道瓊銀凱基57購01","38,000","8","67,520","1.79","1.81","1.75","1.81","+","0.07","1.80","10","1.81","50","36.75",
="03467U","臺股指群益4C售12","0","0","0","--","--","--","--"," ","0.00","0.09","499","--","0","0.00",
="034680","鴻海凱基55購08","0","0","0","--","--","--","--"," ","0.00","0.80","499","0.81","499","221.00",
="034681","台積電凱基55購08","27,000","2","40,200","1.47","1.50","1.47","1.50","X","0.00","1.46","100","1.56","10","1,340.00",
="034682","金像電凱基55購03","5,000","1","5,000","1.00","1.00","1.00","1.00","X","0.00","0.95","100","1.05","10","455.00",
="034683","漢唐凱基55購01","0","0","0","--","--","--","--"," ","0.00","0.52","10","0.62","10","987.00",
="034684","漢唐凱基57購01","0","0","0","--","--","--","--"," ","0.00","0.84","100","0.94","10","987.00",
="034685","京元電凱基57購01","0","0","0","--","--","--","--"," ","0.00","1.27","100","1.28","10","167.00",
="034686","京元電凱基57購02","0","0","0","--","--","--","--"," ","0.00","1.36","100","1.37","10","167.00",
="034687","京元電凱基57購03","0","0","0","--","--","--","--"," ","0.00","1.38","100","1.39","10","167.00",
="034688","京元電凱基57購04","0","0","0","--","--","--","--"," ","0.00","1.36","100","1.37","10","167.00",
="034689","漢翔凱基57購01","8,000","1","14,880","1.86","1.86","1.86","1.86","+","0.06","1.70","100","1.71","10","62.60",
="03468U","臺股指群益4C售13","0","0","0","--","--","--","--"," ","0.00","0.05","499","0.20","100","0.00",
="034690","漢翔凱基57購02","9,000","1","15,030","1.67","1.67","1.67","1.67","+","0.06","1.53","100","1.54","10","62.60",
="034691","華晶科凱基57購01","64,000","10","113,210","1.79","1.84","1.72","1.73","-","0.10","1.71","100","1.74","10","52.80",
="034692","貿聯凱基55購01","0","0","0","--","--","--","--"," ","0.00","1.13","100","1.23","10","1,085.00",
="034693","貿聯凱基56購01","0","0","0","--","--","--","--"," ","0.00","1.22","100","1.32","10","1,085.00",
="034696","神達凱基55購03","0","0","0","--","--","--","--"," ","0.00","0.58","100","0.59","50","90.00",
="034698","神達凱基55購04","0","0","0","--","--","--","--"," ","0.00","0.78","100","0.79","50","90.00",
="034699","南寶凱基54購01","0","0","0","--","--","--","--"," ","0.00","1.12","10","1.22","10","416.50",
="03469U","南亞科元富4C售05","0","0","0","--","--","--","--"," ","0.00","0.03","60","0.12","20","0.00",
="034700","精成科凱基54購01","27,000","2","27,220","1.02","1.02","0.86","0.86","-","0.14","0.86","100","0.87","10","125.50",
="034701","精成科凱基54購02","198,000","3","200,160","1.12","1.12","1.00","1.00","-","0.16","0.51","19","1.00","10","125.50",
="034704","長榮統一55購02","0","0","0","--","--","--","--"," ","0.00","0.33","10","0.34","10","182.00",
="034705","矽格凱基54購01","8,000","1","16,000","2.00","2.00","2.00","2.00","X","0.00","1.87","100","1.97","10","93.00",
="034706","穎崴凱基57購03","242,000","22","849,470","3.67","3.80","3.37","3.60","-","0.01","3.58","100","3.68","10","2,015.00",
="034707","南電凱基54購03","22,000","2","46,200","2.10","2.10","2.10","2.10","+","0.30","1.86","100","1.87","10","234.50",
="03470U","南亞科元富53售03","666,000","8","143,660","0.22","0.24","0.20","0.20","-","0.01","0.19","5","0.29","10","0.00",
="034712","南電凱基56購02","22,000","2","47,820","2.20","2.20","1.91","1.91","-","0.04","1.92","100","1.93","10","234.50",
="034714","陽明統一4B購03","10,000","1","100","0.01","0.01","0.01","0.01"," ","0.00","0.01","117","0.04","20","55.20",
="034715","陽明統一55購02","0","0","0","--","--","--","--"," ","0.00","0.09","109","0.10","10","55.20",
="034716","南電凱基58購03","13,000","1","29,380","2.26","2.26","2.26","2.26","+","0.13","2.09","100","2.10","10","234.50",
="034717","滬深2X元富53購06","0","0","0","--","--","--","--"," ","0.00","0.12","3","--","0","19.04",
="034718","華航統一55購01","0","0","0","--","--","--","--"," ","0.00","0.23","10","0.24","10","20.95",
="034719","滬深2X元富53購07","0","0","0","--","--","--","--"," ","0.00","0.87","25","0.88","25","19.04",
="03471U","京元電元富4C售01","0","0","0","--","--","--","--"," ","0.00","--","0","0.10","10","0.00",
="034720","道瓊銅元富55購01","0","0","0","--","--","--","--"," ","0.00","1.21","25","1.22","25","25.59",
="034721","和大元富55購01","0","0","0","--","--","--","--"," ","0.00","1.23","25","1.24","25","65.30",
="034723","訊芯統一55購01","0","0","0","--","--","--","--"," ","0.00","0.15","10","0.16","10","164.50",
="034724","漢唐元富53購01","0","0","0","--","--","--","--"," ","0.00","--","0","--","0","987.00",
="034725","漢唐元富53購02","0","0","0","--","--","--","--"," ","0.00","--","0","--","0","987.00",
="034727","鉅祥元富53購01","114,000","8","229,080","2.08","2.08","1.86","1.86","-","0.15","1.89","25","1.92","25","108.50",
="034728","鉅祥元富53購02","233,000","10","317,000","1.42","1.42","1.26","1.27","-","0.10","1.27","25","1.29","25","108.50",
="034729","長榮太元富54購01","26,000","1","30,940","1.19","1.19","1.19","1.19","-","0.12","1.08","25","1.09","25","168.50",
="03472U","國泰金元富4C售02","20,000","1","16,000","0.80","0.80","0.80","0.80","X","0.00","0.80","25","0.81","25","0.00",
="034730","辛耘元富53購02","25,000","1","25,250","1.01","1.01","1.01","1.01","X","0.00","0.93","25","0.94","25","388.00",
="034731","貿聯元富53購01","120,000","6","183,550","1.62","1.62","1.31","1.31","-","0.25","1.31","25","1.36","10","1,085.00",
="034732","神達元富53購03","318,000","8","231,660","0.72","0.76","0.70","0.71","+","0.05","0.72","25","0.73","25","90.00",
="034733","神達元富53購04","500,000","5","285,070","0.56","0.58","0.56","0.57","+","0.07","0.55","25","0.56","25","90.00",
="034734","智伸科元富53購01","0","0","0","--","--","--","--"," ","0.00","0.42","25","0.43","25","139.50",
="034735","南寶元富53購03","20,000","3","80,250","4.06","4.06","3.95","3.98","-","0.29","3.97","25","4.07","10","416.50",
="034736","立積元富53購01","69,000","6","53,150","0.78","0.78","0.71","0.71","-","0.11","0.73","25","0.74","25","151.50",
="034737","達興元富53購01","67,000","6","143,630","2.12","2.38","2.09","2.38","+","0.48","0.81","12","--","0","399.00",
="034738","瀚宇博元富53購02","120,000","6","370,670","3.51","3.51","2.80","2.80","-","0.27","2.62","25","2.66","25","104.00",
="034739","精成科元富53購04","30,000","2","19,700","0.73","0.73","0.62","0.62","-","0.15","0.62","25","0.63","25","125.50",
="03473U","台積電國票4C售10","0","0","0","--","--","--","--"," ","0.00","0.05","25","0.06","10","0.00",
="034740","樺漢元富53購01","0","0","0","--","--","--","--"," ","0.00","0.63","25","0.64","25","299.00",
="034741","樺漢元富59購01","0","0","0","--","--","--","--"," ","0.00","1.36","25","1.37","25","299.00",
="034742","采鈺元富53購01","78,000","8","176,240","2.29","2.30","2.12","2.16","-","0.18","2.17","25","2.18","25","305.50",
="034743","南電元富53購06","319,000","47","420,080","1.42","1.46","1.15","1.15","-","0.07","1.14","25","1.15","23","234.50",
="034744","南電元富53購07","325,000","14","761,940","2.47","2.62","2.05","2.05","-","0.13","2.03","25","2.05","25","234.50",
="034745","和大國泰54購01","0","0","0","--","--","--","--"," ","0.00","1.16","499","1.17","450","65.30",
="034746","金像電國泰54購02","258,000","9","358,280","1.40","1.42","1.36","1.42","+","0.25","1.33","499","1.34","100","455.00",
="034747","漢唐國泰54購01","0","0","0","--","--","--","--"," ","0.00","--","0","--","0","987.00",
="034748","漢唐國泰54購02","181,000","2","99,550","0.55","0.55","0.55","0.55","X","0.00","0.18","30","--","0","987.00",
="034749","中華電國泰54購01","42,000","2","42,420","1.01","1.01","1.01","1.01"," ","0.00","1.01","499","1.03","100","133.50",
="03474U","台積電國票51售08","0","0","0","--","--","--","--"," ","0.00","0.09","25","0.11","10","0.00",
="034750","建準國泰54購01","46,000","2","43,200","0.92","0.96","0.92","0.96","X","0.00","0.77","499","0.79","100","129.00",
="034754","聯發科國泰54購02","0","0","0","--","--","--","--"," ","0.00","1.09","499","1.11","300","1,375.00",
="034755","華固國泰54購01","21,000","3","16,800","0.80","0.80","0.80","0.80","-","0.02","0.80","499","0.81","100","96.60",
="034756","漢翔國泰54購01","75,000","3","135,900","1.92","1.92","1.78","1.79","-","0.28","1.76","499","1.78","499","62.60",
="034757","零壹國泰54購01","23,000","1","27,600","1.20","1.20","1.20","1.20","X","0.00","1.20","499","1.22","100","125.00",
="034758","世芯國泰54購01","0","0","0","--","--","--","--"," ","0.00","0.06","7","1.25","400","3,700.00",
="034759","精銳國泰54購01","38,000","3","29,000","0.78","0.78","0.76","0.76","-","0.06","0.76","499","0.77","100","695.00",
="03475U","金像電國票51售02","20,000","1","1,000","0.05","0.05","0.05","0.05","X","0.00","0.04","55","0.05","10","0.00",
="034760","瀚宇博國泰54購01","57,000","2","131,800","2.32","2.32","2.10","2.10","X","0.00","2.06","499","2.10","10","104.00",
="034761","精成科國泰54購03","41,000","5","41,890","1.05","1.05","0.88","0.88","-","0.17","0.89","499","0.91","200","125.50",
="034762","穎崴國泰54購01","0","0","0","--","--","--","--"," ","0.00","3.40","499","--","0","2,015.00",
="034763","A50正2元大55購01","0","0","0","--","--","--","--"," ","0.00","2.19","499","2.20","100","32.79",
="034764","道瓊銅元大54購01","0","0","0","--","--","--","--"," ","0.00","1.55","499","1.56","100","25.59",
="034765","和大元大54購01","6,000","1","4,620","0.77","0.77","0.77","0.77","-","0.10","0.76","499","0.77","10","65.30",
="034766","大亞元大54購01","5,000","4","4,400","0.87","0.91","0.85","0.91","+","0.02","0.88","499","0.89","10","39.85",
="034767","台達電元大57購01","275,000","14","569,690","2.09","2.10","1.98","1.98","-","0.12","1.97","25","--","0","893.00",
="034768","台達電元大58購02","418,000","23","888,390","2.14","2.16","2.04","2.04","-","0.09","2.02","25","2.19","5","893.00",
="034769","台達電元大59購02","417,000","23","622,040","1.51","1.51","1.40","1.42","-","0.07","1.41","25","1.42","10","893.00",
="03476U","富邦金國票51售01","0","0","0","--","--","--","--"," ","0.00","0.50","25","0.51","10","0.00",
="034770","華通元大54購05","1,000","1","950","0.95","0.95","0.95","0.95","X","0.00","0.83","499","0.84","10","77.00",
="034771","華通元大57購01","20,000","3","15,660","0.81","0.81","0.78","0.78","-","0.07","0.76","499","0.77","10","77.00",
="034772","華通元大58購02","0","0","0","--","--","--","--"," ","0.00","0.57","499","0.58","10","77.00",
="034773","鴻海元大54購24","309,000","6","434,720","1.41","1.43","1.40","1.43","+","0.13","1.43","499","1.44","10","221.00",
="034774","友訊元大54購01","18,000","2","13,320","0.74","0.74","0.74","0.74","+","0.01","0.72","499","0.74","10","17.80",
="034775","金像電元大54購11","5,000","1","3,650","0.73","0.73","0.73","0.73","X","0.00","0.72","499","0.73","10","455.00",
="034776","毅嘉元大54購04","0","0","0","--","--","--","--"," ","0.00","0.47","499","0.48","10","53.50",
="034777","漢唐元大54購02","248,000","1","76,880","0.31","0.31","0.31","0.31","-","0.03","0.33","499","0.34","10","987.00",
="034778","京元電元大54購11","207,000","4","228,140","1.24","1.24","1.10","1.10","-","0.07","1.10","499","1.11","10","167.00",
="034779","京元電元大59購01","1,000","1","1,270","1.27","1.27","1.27","1.27","+","0.05","1.16","499","1.17","10","167.00",
="03477U","南亞科國泰52售01","150,000","11","25,000","0.14","0.20","0.14","0.15"," ","0.00","0.14","504","0.15","100","0.00",
="034780","鉅祥元大54購01","369,000","8","302,320","0.87","0.87","0.78","0.78","-","0.07","0.80","499","0.82","10","108.50",
="034781","漢翔元大54購03","425,000","26","336,240","0.90","0.90","0.77","0.78","-","0.12","0.77","197","0.78","10","62.60",
="034782","漢翔元大54購04","393,000","21","418,810","1.13","1.13","1.03","1.03","-","0.12","1.03","499","1.04","10","62.60",
="034783","漢翔元大58購01","186,000","11","163,600","0.94","0.94","0.85","0.87","-","0.07","0.83","509","0.84","10","62.60",
="034784","華晶科元大54購03","171,000","4","211,730","1.20","1.25","1.20","1.23","-","0.01","1.16","499","1.17","10","52.80",
="034785","群創元大54購05","0","0","0","--","--","--","--"," ","0.00","0.59","499","0.60","10","14.15",
="034786","辛耘元大59購02","15,000","5","11,950","0.78","0.82","0.78","0.78","+","0.08","0.77","25","0.78","10","388.00",
="034787","宏致元大54購02","4,000","2","3,820","0.96","0.96","0.95","0.95","-","0.03","0.92","499","0.93","10","73.30",
="034788","貿聯元大59購02","339,000","9","310,800","0.98","0.98","0.89","0.89","-","0.07","0.87","50","1.00","2","1,085.00",
="034789","神達元大54購12","0","0","0","--","--","--","--"," ","0.00","0.57","499","0.58","10","90.00",
="03478U","台積電富邦54售01","0","0","0","--","--","--","--"," ","0.00","0.24","30","0.25","10","0.00",
="034790","神達元大58購01","0","0","0","--","--","--","--"," ","0.00","0.61","499","0.62","10","90.00",
="034791","神達元大59購01","0","0","0","--","--","--","--"," ","0.00","0.63","499","0.64","10","90.00",
="034792","鈞興元大54購01","238,000","2","126,140","0.53","0.53","0.53","0.53","-","0.03","0.53","499","0.54","10","178.50",
="034793","南寶元大54購02","1,122,000","22","1,329,500","1.21","1.21","1.13","1.17","-","0.07","1.15","25","1.17","10","416.50",
="034794","臻鼎元大57購01","371,000","10","269,390","0.77","0.78","0.70","0.70","-","0.05","0.69","499","0.70","10","171.50",
="034795","臻鼎元大58購02","177,000","6","152,220","0.87","0.87","0.79","0.79","-","0.02","0.79","499","0.80","10","171.50",
="034796","臻鼎元大59購02","44,000","2","37,660","0.86","0.86","0.80","0.80","-","0.06","0.80","499","0.81","10","171.50",
="034797","眾達元大54購02","1,315,000","33","1,209,750","0.94","0.95","0.90","0.91","-","0.06","0.93","25","0.95","10","127.00",
="034798","達興元大54購04","231,000","11","231,780","0.98","1.11","0.95","1.10","+","0.16","1.08","499","1.10","10","399.00",
="034799","達興元大54購05","44,000","5","38,680","0.83","0.93","0.83","0.93","+","0.13","0.91","499","0.93","10","399.00",
="03479U","台積電富邦56售02","1,031,000","11","30,920","0.03","0.03","0.02","0.03"," ","0.00","0.02","13,430","0.03","496","0.00",
="034800","達興元大57購01","150,000","9","121,640","0.78","0.86","0.78","0.82","+","0.04","0.81","499","0.83","10","399.00",
="034801","精成科元大54購08","655,000","15","396,540","0.70","0.70","0.58","0.58","-","0.13","0.59","499","0.60","10","125.50",
="034802","精成科元大54購09","551,000","13","415,820","0.84","0.84","0.72","0.72","-","0.12","0.72","499","0.73","10","125.50",
="034803","精成科元大54購10","567,000","25","356,030","0.68","0.68","0.57","0.57","-","0.12","0.57","499","0.58","10","125.50",
="034804","佳必琪元大54購02","340,000","3","237,100","0.70","0.70","0.69","0.69","-","0.02","0.69","499","0.70","10","160.00",
="034805","采鈺元大54購02","396,000","32","724,670","1.91","1.92","1.76","1.80","-","0.13","1.78","400","1.80","5","305.50",
="034806","南電元大54購06","134,000","12","154,860","1.15","1.19","1.00","1.00","-","0.04","0.99","499","1.00","10","234.50",
="034807","南電元大54購07","109,000","12","120,610","1.11","1.16","0.98","0.98","+","0.01","0.97","499","0.98","10","234.50",
="034808","南電元大54購08","289,000","12","234,830","0.87","0.91","0.76","0.76","-","0.04","0.76","499","0.77","10","234.50",
="034809","南電元大54購09","398,000","38","314,720","0.80","0.81","0.70","0.70","-","0.01","0.70","499","0.71","10","234.50",
="03480U","國泰金富邦4C售02","0","0","0","--","--","--","--"," ","0.00","0.11","30","0.12","10","0.00",
="034810","漢唐中信53購01","0","0","0","--","--","--","--"," ","0.00","0.22","499","0.23","10","0.00",
="034811","京元電中信59購01","0","0","0","--","--","--","--"," ","0.00","0.99","10","1.00","10","0.00",
="034812","京元電永豐53購06","131,000","9","119,960","1.00","1.00","0.88","0.88","-","0.08","0.87","10","0.88","10","167.00",
="034813","神基永豐53購02","81,000","3","69,220","0.86","0.87","0.84","0.87","-","0.02","0.80","499","0.83","10","163.50",
="034814","奇鋐永豐59購01","72,000","6","128,470","1.86","1.86","1.74","1.74","+","0.03","1.61","499","1.71","10","1,015.00",
="034815","南寶永豐54購01","10,000","1","9,700","0.97","0.97","0.97","0.97","-","0.07","0.94","499","1.04","10","416.50",
="034816","穎崴永豐54購01","490,000","21","975,360","2.01","2.02","1.80","1.95","-","0.06","1.98","10","2.01","6","2,015.00",
="034817","昇陽半永豐54購02","24,000","3","35,650","1.42","1.50","1.39","1.39","+","0.03","1.34","499","1.36","10","179.50",
="034818","京元電台新53購01","0","0","0","--","--","--","--"," ","0.00","2.20","20","2.21","10","0.00",
="034819","京元電兆豐59購01","153,000","9","229,920","1.54","1.54","1.43","1.43","-","0.12","1.43","10","1.44","10","167.00",
="03481U","臺股指富邦51售12","0","0","0","--","--","--","--"," ","0.00","0.28","499","0.29","98","0.00",
="034820","亞翔兆豐55購01","0","0","0","--","--","--","--"," ","0.00","0.66","10","0.67","10","358.50",
="034821","士電富邦53購02","0","0","0","--","--","--","--"," ","0.00","0.46","30","0.47","10","0.00",
="034822","鴻海富邦55購02","90,000","2","73,500","0.82","0.82","0.79","0.79","X","0.00","0.80","30","0.81","10","0.00",
="034823","台積電富邦55購08","1,000","1","1,260","1.26","1.26","1.26","1.26","X","0.00","1.34","30","1.35","10","0.00",
="034824","金像電富邦55購02","100,000","4","80,600","0.81","0.81","0.79","0.79","+","0.08","0.77","10","0.78","10","0.00",
="034825","台新金富邦53購01","180,000","9","161,940","0.88","0.94","0.88","0.94","+","0.07","0.93","30","0.94","10","0.00",
="034826","世紀鋼富邦55購01","57,000","3","27,710","0.48","0.49","0.47","0.49","-","0.05","0.44","10","0.45","10","0.00",
="034827","滬深2X凱基57購04","0","0","0","--","--","--","--"," ","0.00","1.08","100","1.09","50","19.04",
="034828","中502X凱基55購01","0","0","0","--","--","--","--"," ","0.00","1.90","100","1.91","50","13.10",
="034829","士電凱基54購02","0","0","0","--","--","--","--"," ","0.00","1.34","10","1.35","10","183.00",
="03482U","亞德客元大4C售03","4,000","2","5,090","1.27","1.28","1.27","1.28","X","0.00","1.30","499","1.31","200","0.00",
="034830","中興電凱基54購01","0","0","0","--","--","--","--"," ","0.00","1.11","100","1.12","10","159.00",
="034831","台達電凱基54購04","0","0","0","--","--","--","--"," ","0.00","3.44","100","3.54","10","893.00",
="034832","鴻海凱基55購10","57,000","6","62,130","1.09","1.09","1.09","1.09","X","0.00","1.07","100","1.08","10","221.00",
="034833","台積電凱基55購10","0","0","0","--","--","--","--"," ","0.00","1.40","100","1.50","10","1,340.00",
="034834","友訊凱基54購01","4,000","1","4,160","1.04","1.04","1.04","1.04","+","0.03","1.01","10","1.02","10","17.80",
="034835","佳能凱基54購02","39,000","5","118,670","2.70","3.19","2.70","2.93","+","0.29","2.93","100","2.94","10","88.80",
="034836","志聖凱基54購01","51,000","7","129,660","2.40","2.68","2.40","2.59","+","0.23","2.36","100","2.46","10","197.00",
="034837","鉅祥凱基54購01","125,000","7","128,940","1.11","1.11","1.02","1.02","-","0.21","1.03","100","1.08","10","108.50",
="034838","中工凱基54購01","0","0","0","--","--","--","--"," ","0.00","0.90","100","0.91","10","10.90",
="034839","晟銘電凱基54購01","0","0","0","--","--","--","--"," ","0.00","0.68","100","0.69","10","121.00",
="03483U","台光電元大4C售13","0","0","0","--","--","--","--"," ","0.00","0.01","5","0.10","10","0.00",
="034840","創意凱基54購04","53,000","2","66,780","1.26","1.26","1.26","1.26","X","0.00","1.23","100","1.25","10","1,315.00",
="034841","群創凱基58購01","0","0","0","--","--","--","--"," ","0.00","1.32","100","--","0","14.15",
="034842","辛耘凱基59購01","106,000","12","228,920","2.17","2.24","2.13","2.13","+","0.19","2.11","10","2.21","10","388.00",
="034843","南寶凱基54購02","45,000","5","65,320","1.48","1.48","1.39","1.39","-","0.16","1.42","10","1.52","10","416.50",
="034844","臻鼎凱基55購02","95,000","7","108,750","1.12","1.15","1.02","1.02","-","0.07","1.02","100","1.03","10","171.50",
="034845","達興凱基54購01","39,000","5","93,360","2.30","2.53","2.30","2.41","+","0.29","2.43","10","2.44","10","399.00",
="034846","亞翔凱基54購04","0","0","0","--","--","--","--"," ","0.00","1.12","10","1.13","10","358.50",
="034847","精成科凱基54購04","63,000","4","92,870","1.59","1.59","1.41","1.41","-","0.23","1.41","100","1.43","10","125.50",
="034848","精成科凱基55購04","6,000","1","10,020","1.67","1.67","1.67","1.67","-","0.05","1.48","100","1.50","10","125.50",
="034849","佳必琪凱基54購01","0","0","0","--","--","--","--"," ","0.00","0.80","100","0.81","10","160.00",
="03484U","南亞科元大4C售07","363,000","15","78,060","0.21","0.23","0.20","0.20","-","0.01","0.19","25","0.20","10","0.00",
="034850","台表科凱基54購01","25,000","5","22,000","0.88","0.88","0.88","0.88","-","0.01","0.85","100","0.87","10","107.00",
="034851","緯穎凱基55購02","8,000","1","14,560","1.82","1.82","1.82","1.82","X","0.00","1.75","100","1.76","10","3,140.00",
="034852","龍德船凱基54購02","56,000","7","92,690","1.78","1.78","1.60","1.62","-","0.28","1.60","100","1.62","10","151.50",
="034853","龍德船凱基57購01","6,000","3","11,740","1.98","1.98","1.94","1.96","-","0.42","1.94","100","1.96","10","151.50",
="034854","采鈺凱基54購01","130,000","9","374,200","2.99","2.99","2.71","2.85","-","0.14","2.82","10","2.83","10","305.50",
="034855","昇陽半凱基54購03","171,000","8","337,360","2.04","2.10","1.83","1.83","-","0.09","1.81","100","1.85","10","179.50",
="034856","光寶科元大57購02","0","0","0","--","--","--","--"," ","0.00","3.83","200","--","0","183.00",
="034857","光寶科元大59購01","7,000","4","31,490","4.48","4.87","4.42","4.87","+","0.32","4.58","150","--","0","183.00",
="034858","鴻海元大54購25","312,000","11","451,850","1.45","1.47","1.42","1.45","+","0.10","1.46","499","1.47","10","221.00",
="034859","智邦元大58購01","1,187,000","15","892,680","0.72","0.77","0.72","0.77","+","0.05","0.73","9","--","0","1,005.00",
="03485U","國泰金元大4C售03","0","0","0","--","--","--","--"," ","0.00","0.21","499","0.22","200","0.00",
="034860","致茂元大54購02","258,000","17","501,550","1.95","2.05","1.85","1.95","+","0.17","1.91","450","1.95","10","614.00",
="034861","燿華元大54購01","4,000","2","4,700","1.19","1.19","1.16","1.16","-","0.11","1.17","499","1.19","10","27.50",
="034862","金像電元大54購12","748,000","16","1,498,510","2.06","2.07","1.99","2.04","+","0.12","1.97","400","1.99","10","455.00",
="034863","佳能元大54購03","593,000","35","1,359,040","2.15","2.44","2.15","2.44","+","0.29","2.33","350","2.37","10","88.80",
="034864","威盛元大54購01","10,000","1","12,500","1.25","1.25","1.25","1.25","-","0.09","1.24","499","1.25","10","59.50",
="034865","毅嘉元大57購01","0","0","0","--","--","--","--"," ","0.00","0.63","499","0.64","10","53.50",
="034866","漢唐元大54購03","0","0","0","--","--","--","--"," ","0.00","0.44","499","0.45","10","987.00",
="034867","京元電元大54購12","0","0","0","--","--","--","--"," ","0.00","1.07","499","1.08","10","167.00",
="034868","京元電元大54購13","0","0","0","--","--","--","--"," ","0.00","1.67","400","1.69","10","167.00",
="034869","京元電元大54購14","0","0","0","--","--","--","--"," ","0.00","1.23","499","1.24","10","167.00",
="03486U","國泰金元大4C售04","0","0","0","--","--","--","--"," ","0.00","0.35","499","0.36","200","0.00",
="034870","京元電元大59購02","153,000","8","197,350","1.31","1.31","1.22","1.24","-","0.07","1.22","499","1.23","10","167.00",
="034871","盟立元大54購02","23,000","4","39,910","1.79","1.79","1.66","1.68","+","0.06","1.64","450","1.67","10","72.30",
="034872","立隆電元大54購01","121,000","15","264,410","2.26","2.26","2.11","2.11","-","0.28","2.13","300","2.15","10","89.40",
="034873","強茂元大54購01","1,000","1","2,580","2.58","2.58","2.58","2.58","-","0.17","2.62","250","2.63","10","71.70",
="034874","長榮太元大54購02","492,000","11","437,870","0.93","0.93","0.82","0.87","-","0.12","0.85","499","0.86","10","168.50",
="034875","長榮太元大54購03","632,000","17","574,790","0.99","0.99","0.87","0.92","-","0.14","0.90","499","0.91","10","168.50",
="034876","奇鋐元大54購18","252,000","2","332,520","1.32","1.32","1.26","1.26","-","0.02","1.18","499","1.22","10","1,015.00",
="034878","亞光元大54購11","0","0","0","--","--","--","--"," ","0.00","0.77","499","0.78","10","161.50",
="034879","德律元大54購07","47,000","6","50,670","1.06","1.14","1.01","1.01","-","0.03","1.01","499","1.02","10","189.00",
="03487U","奇鋐元大4C售08","0","0","0","--","--","--","--"," ","0.00","0.11","499","0.12","200","0.00",
="034880","緯創元大59購01","215,000","9","422,950","1.97","2.07","1.92","1.92","+","0.06","1.92","400","1.94","10","122.50",
="034881","群創元大57購02","70,000","1","65,100","0.93","0.93","0.93","0.93","+","0.05","0.91","499","0.93","10","14.15",
="034882","辛耘元大57購02","175,000","13","501,030","2.72","2.91","2.72","2.90","+","0.52","2.65","300","2.68","10","388.00",
="034883","宏致元大54購03","0","0","0","--","--","--","--"," ","0.00","2.12","350","2.13","10","73.30",
="034884","臻鼎元大57購02","30,000","5","63,760","2.18","2.18","1.96","1.96","-","0.05","1.96","350","1.98","10","171.50",
="034885","全訊元大54購01","273,000","9","204,680","0.80","0.80","0.70","0.70","-","0.11","0.70","499","0.71","10","140.00",
="034886","亞翔元大54購09","2,000","1","1,040","0.52","0.52","0.52","0.52","X","0.00","0.54","499","0.56","10","358.50",
="034887","精成科元大54購11","466,000","16","428,750","0.99","0.99","0.88","0.88","-","0.14","0.88","499","0.89","10","125.50",
="034888","精成科元大59購01","181,000","7","217,930","1.25","1.25","1.12","1.12","-","0.15","1.11","499","1.12","10","125.50",
="034889","佳必琪元大54購03","174,000","1","107,880","0.62","0.62","0.62","0.62","X","0.00","0.60","499","0.61","10","160.00",
="03488U","亞光元大4C售04","0","0","0","--","--","--","--"," ","0.00","0.03","499","0.13","10","0.00",
="034890","樺漢元大54購01","0","0","0","--","--","--","--"," ","0.00","1.20","499","1.21","10","299.00",
="034891","矽力元大54購01","87,000","9","127,520","1.51","1.51","1.43","1.43","-","0.02","1.40","25","1.42","10","273.00",
="034892","穎崴元大54購04","290,000","27","627,520","2.21","2.25","2.01","2.12","-","0.04","2.13","350","2.15","10","2,015.00",
="034893","穎崴元大54購05","537,000","40","1,090,040","2.08","2.16","1.89","2.02","-","0.02","2.02","350","2.03","10","2,015.00",
="034894","緯穎元大54購20","50,000","1","113,500","2.27","2.27","2.27","2.27","-","0.14","2.22","350","2.23","10","3,140.00",
="034895","龍德船元大54購01","1,000","1","1,270","1.27","1.27","1.27","1.27","X","0.00","1.24","25","--","0","151.50",
="034896","龍德船元大54購02","55,000","2","65,250","1.19","1.19","1.18","1.18","-","0.20","1.17","25","1.90","12","151.50",
="034897","AES元大58購03","122,000","8","163,100","1.31","1.35","1.28","1.28","-","0.14","1.25","499","1.27","10","1,195.00",
="034898","采鈺元大54購03","10,000","1","22,900","2.29","2.29","2.29","2.29","-","0.16","2.33","300","2.35","10","305.50",
="034899","采鈺元大54購04","162,000","13","434,330","2.76","2.78","2.65","2.66","-","0.13","2.59","250","2.61","10","305.50",
="03489U","健策元大4C售02","0","0","0","--","--","--","--"," ","0.00","0.02","499","0.12","10","0.00",
="034900","昇陽半元大54購04","35,000","2","39,500","1.10","1.15","1.10","1.15","+","0.03","1.04","499","1.06","10","179.50",
="034901","昇陽半元大59購01","541,000","8","687,590","1.27","1.29","1.21","1.21","-","0.02","1.19","499","1.20","10","179.50",
="034902","電子類元大53購01","0","0","0","--","--","--","--"," ","0.00","0.23","4","2.94","10","0.00",
="034903","金融類元大53購01","0","0","0","--","--","--","--"," ","0.00","1.64","100","1.65","10","0.00",
="034904","A50正2元富53購01","10,000","1","10,900","1.09","1.09","1.09","1.09","X","0.00","1.03","25","1.04","25","32.79",
="034905","金寶元富53購01","0","0","0","--","--","--","--"," ","0.00","1.25","25","1.26","25","19.60",
="034906","昆盈元富53購01","10,000","1","6,900","0.69","0.69","0.69","0.69","+","0.02","0.64","25","0.65","25","42.60",
="034907","京元電元富53購01","119,000","4","196,320","1.68","1.68","1.47","1.49","-","0.20","1.48","33","1.49","25","167.00",
="034908","鉅祥元富53購03","141,000","6","132,960","1.08","1.08","0.94","0.94","-","0.25","0.95","25","0.97","25","108.50",
="034909","聯鈞元富53購01","21,000","3","49,170","2.24","2.67","2.24","2.67","+","0.51","1.14","18","--","0","278.00",
="03490U","緯穎元大4C售16","0","0","0","--","--","--","--"," ","0.00","0.19","499","0.20","200","0.00",
="034910","群創元富53購02","20,000","1","10,600","0.53","0.53","0.53","0.53","X","0.00","0.52","25","0.53","25","14.15",
="034911","辛耘元富53購03","38,000","4","27,070","0.69","0.74","0.68","0.74","X","0.00","0.66","25","0.67","25","388.00",
="034912","材料元富56購01","26,000","1","29,380","1.13","1.13","1.13","1.13","+","0.08","1.10","25","1.11","25","66.40",
="034913","南寶元富53購04","110,000","2","175,600","1.60","1.60","1.56","1.56","X","0.00","1.49","25","1.59","10","416.50",
="034914","穎崴元富56購01","151,000","12","922,850","6.20","6.30","5.80","6.10","-","0.10","6.00","25","6.50","25","2,015.00",
="034915","緯穎元富53購07","0","0","0","--","--","--","--"," ","0.00","1.72","25","1.73","25","3,140.00",
="034916","滬深2X國票65購01","555,000","17","814,580","1.48","1.61","1.40","1.40","-","0.13","1.41","25","1.42","10","19.04",
="034917","中興電國票54購01","2,000","2","1,350","0.68","0.68","0.67","0.67","-","0.03","0.66","25","0.67","10","159.00",
="034919","為升國票56購02","20,000","3","33,290","1.67","1.67","1.66","1.67","-","0.33","1.62","25","1.66","10","130.00",
="03491U","臺股指中信53售11","0","0","0","--","--","--","--"," ","0.00","0.31","499","0.32","100","0.00",
="034920","台達電國票53購03","14,000","4","89,200","6.50","6.50","6.30","6.45","-","0.25","6.50","25","7.00","10","893.00",
="034921","台達電國票54購01","28,000","14","189,000","6.90","6.95","6.25","6.50","-","0.20","6.45","25","6.55","10","893.00",
="034922","台達電國票55購01","26,000","8","176,950","7.00","7.00","6.30","6.30","-","0.45","6.50","25","6.55","10","893.00",
="034923","鴻海國票55購01","16,000","4","33,070","2.07","2.13","2.03","2.13","+","0.17","2.11","25","2.13","10","221.00",
="034924","漢唐國票59購01","0","0","0","--","--","--","--"," ","0.00","0.60","25","0.61","10","987.00",
="034925","京元電國票53購03","21,000","2","29,000","1.38","1.40","1.38","1.40","-","0.23","1.40","25","1.41","10","167.00",
="034926","京元電國票54購01","83,000","2","143,910","1.77","1.77","1.71","1.71","-","0.14","1.73","25","1.74","10","167.00",
="034927","強茂國票53購02","3,000","3","7,870","2.61","2.68","2.58","2.68","-","0.12","2.66","25","2.67","10","71.70",
="034928","豐達科國票53購03","111,000","11","160,340","1.48","1.48","1.34","1.39","-","0.08","1.34","25","1.37","10","134.50",
="034929","豐達科國票55購01","54,000","5","84,840","1.68","1.68","1.51","1.58","-","0.10","1.53","25","1.55","10","134.50",
="03492U","南亞科永豐51售03","0","0","0","--","--","--","--"," ","0.00","0.02","30","0.11","10","0.00",
="034930","創意國票59購01","5,000","1","5,850","1.17","1.17","1.17","1.17","X","0.00","1.16","25","1.17","10","1,315.00",
="034931","辛耘國票53購01","0","0","0","--","--","--","--"," ","0.00","2.05","25","2.07","10","388.00",
="034932","辛耘國票54購01","0","0","0","--","--","--","--"," ","0.00","2.13","25","2.14","10","388.00",
="034933","達邁國票54購01","80,000","8","138,240","1.72","1.76","1.69","1.72","+","0.16","1.61","25","1.62","10","73.10",
="034934","長榮元富55購01","0","0","0","--","--","--","--"," ","0.00","0.46","25","0.47","25","182.00",
="034935","南寶國票53購02","0","0","0","--","--","--","--"," ","0.00","1.60","25","1.61","10","416.50",
="034936","南寶國票55購01","0","0","0","--","--","--","--"," ","0.00","1.65","25","1.66","10","416.50",
="034937","瑞儀國票54購01","0","0","0","--","--","--","--"," ","0.00","0.95","25","0.96","10","142.00",
="034938","迅得國票54購01","3,000","1","3,750","1.25","1.25","1.25","1.25","X","0.00","1.13","25","1.14","10","176.00",
="034939","穎崴國票58購02","48,000","3","186,840","3.97","3.99","3.85","3.85","-","0.08","3.91","25","4.01","10","2,015.00",
="03493U","富邦金永豐4C售01","0","0","0","--","--","--","--"," ","0.00","0.17","499","0.18","10","0.00",
="034940","龍德船國票53購01","115,000","12","199,030","1.82","1.82","1.64","1.65","-","0.31","1.66","25","1.67","10","151.50",
="034941","龍德船國票54購01","43,000","8","85,440","2.02","2.02","1.90","1.90","-","0.65","1.91","25","1.92","10","151.50",
="034942","AES國票53購05","38,000","1","39,900","1.05","1.05","1.05","1.05","+","0.06","0.92","25","0.93","10","1,195.00",
="034943","昇陽半國票54購01","1,591,000","49","3,715,900","2.37","2.54","2.25","2.27","-","0.07","2.26","25","2.27","10","179.50",
="034944","波力國票53購01","50,000","3","69,850","1.40","1.40","1.39","1.39"," ","0.00","1.39","25","1.44","10","176.50",
="034945","中興電國泰54購01","0","0","0","--","--","--","--"," ","0.00","1.07","499","1.09","499","159.00",
="034946","華通國泰54購01","54,000","7","79,020","1.54","1.54","1.37","1.38","-","0.26","1.33","499","1.34","100","77.00",
="034947","聯強國泰54購01","1,000","1","1,330","1.33","1.33","1.33","1.33"," ","0.00","1.29","499","1.30","100","62.20",
="034948","威盛國泰54購01","51,000","4","61,480","1.22","1.22","1.20","1.20","-","0.10","1.19","499","1.20","499","59.50",
="034949","南亞科國泰54購01","1,000","1","13,100","13.10","13.10","13.10","13.10","X","0.00","13.30","100","17.10","1","81.00",
="03494U","國泰金群益4C售03","0","0","0","--","--","--","--"," ","0.00","0.72","100","0.73","100","0.00",
="034950","奇鋐國泰54購02","22,000","1","81,620","3.71","3.71","3.71","3.71","+","0.51","3.01","499","3.07","400","1,015.00",
="034951","立積國泰54購01","22,000","1","24,860","1.13","1.13","1.13","1.13"," ","0.00","0.51","41","--","0","151.50",
="034952","龍德船國泰54購01","248,000","11","309,630","1.30","1.30","1.16","1.16","-","0.22","1.16","499","1.17","100","151.50",
="034953","上証2X群益55購01","0","0","0","--","--","--","--"," ","0.00","0.11","9","1.30","10","47.20",
="034954","滬深2X群益53購07","0","0","0","--","--","--","--"," ","0.00","0.13","3","1.12","10","19.04",
="034955","滬深2X群益55購03","0","0","0","--","--","--","--"," ","0.00","0.07","6","--","0","19.04",
="034956","台泥群益53購04","445,000","19","684,520","1.54","1.58","1.50","1.58","-","0.35","1.54","10","1.64","10","23.75",
="034957","川湖群益53購02","238,000","15","986,900","3.94","4.26","3.92","3.94","-","0.13","3.99","100","4.04","100","3,220.00",
="034958","華通群益53購02","531,000","13","1,771,510","3.43","3.50","3.08","3.08","-","0.27","3.05","100","3.07","100","77.00",
="034959","鴻海群益53購15","711,000","13","1,627,290","2.27","2.35","2.27","2.35","+","0.25","2.34","100","2.37","100","221.00",
="03495U","富世達群益4C售03","0","0","0","--","--","--","--"," ","0.00","--","0","--","0","0.00",
="034960","台積電群益53購06","0","0","0","--","--","--","--"," ","0.00","0.01","100","--","0","1,340.00",
="034961","華邦電群益56購01","0","0","0","--","--","--","--"," ","0.00","9.55","10","10.20","10","36.45",
="034962","聯強群益54購01","18,000","1","17,820","0.99","0.99","0.99","0.99","-","0.01","0.33","30","--","0","62.20",
="034963","矽統群益53購02","362,000","5","844,130","2.36","2.36","2.16","2.22","-","0.24","2.09","25","2.11","10","58.60",
="034964","佳能群益53購02","77,000","16","225,360","2.71","3.10","2.71","2.95","+","0.30","2.94","12","3.04","10","88.80",
="034965","漢唐群益54購04","0","0","0","--","--","--","--"," ","0.00","0.26","1","--","0","987.00",
="034966","鉅祥群益55購01","47,000","3","47,430","0.99","1.02","0.99","0.99","-","0.06","0.98","100","1.00","100","108.50",
="034967","裕民群益53購01","0","0","0","--","--","--","--"," ","0.00","0.54","30","1.94","10","55.30",
="034968","奇鋐群益53購07","0","0","0","--","--","--","--"," ","0.00","0.85","2","--","0","1,015.00",
="034969","華晶科群益53購01","0","0","0","--","--","--","--"," ","0.00","0.66","5","1.75","10","52.80",
="03496U","台積電台新4C售03","0","0","0","--","--","--","--"," ","0.00","0.03","20","0.04","10","0.00",
="034970","景碩群益53購03","237,000","6","369,660","1.53","1.62","1.53","1.53","-","0.05","0.53","37","--","0","111.50",
="034971","緯創群益53購06","6,000","3","18,380","3.10","3.10","2.98","2.98","X","0.00","--","0","--","0","122.50",
="034972","聯鈞群益54購03","25,000","3","117,700","4.20","4.97","4.20","4.97","+","0.76","2.43","4","--","0","278.00",
="034973","華擎群益53購02","64,000","3","214,560","3.36","3.36","3.24","3.24","-","0.06","3.20","25","3.23","10","278.00",
="034974","辛耘群益53購02","0","0","0","--","--","--","--"," ","0.00","0.09","12","--","0","388.00",
="034975","宏致群益55購01","0","0","0","--","--","--","--"," ","0.00","0.95","10","1.05","10","73.30",
="034976","達邁群益56購02","45,000","4","36,390","0.81","0.82","0.75","0.76","X","0.00","0.74","10","0.84","10","73.10",
="034977","貿聯群益54購02","97,000","3","118,130","1.29","1.29","1.17","1.17","-","0.09","0.50","20","--","0","1,085.00",
="034978","貿聯群益55購02","49,000","2","74,310","1.59","1.59","1.41","1.41","-","0.15","0.67","14","--","0","1,085.00",
="034979","神達群益54購06","0","0","0","--","--","--","--"," ","0.00","0.63","10","0.73","10","90.00",
="03497U","台積電台新4C售04","0","0","0","--","--","--","--"," ","0.00","0.30","10","0.31","10","0.00",
="034980","材料群益53購03","64,000","5","163,340","2.56","2.56","2.55","2.55","+","0.03","2.54","10","2.64","10","66.40",
="034981","南寶群益54購01","28,000","2","21,840","0.78","0.78","0.78","0.78","-","0.05","0.33","30","--","0","416.50",
="034982","南寶群益55購01","8,000","1","9,920","1.24","1.24","1.24","1.24"," ","0.00","0.48","20","--","0","416.50",
="034983","達興群益53購04","33,000","6","40,880","1.15","1.30","1.15","1.26","+","0.23","1.22","10","1.32","10","399.00",
="034984","瀚宇博群益54購01","256,000","14","454,850","2.03","2.14","1.62","1.62","-","0.11","0.86","58","--","0","104.00",
="034985","亞翔群益54購01","6,000","1","4,200","0.70","0.70","0.70","0.70","X","0.00","0.74","10","0.84","10","358.50",
="034986","矽格群益53購01","44,000","8","210,710","4.78","4.88","4.61","4.78","-","0.04","1.52","6","--","0","93.00",
="034987","矽格群益53購02","487,000","17","2,188,920","4.46","4.64","4.33","4.49","-","0.02","1.41","7","--","0","93.00",
="034988","穎崴群益55購01","382,000","19","763,400","1.97","2.07","1.88","1.95","-","0.02","1.97","10","2.07","10","2,015.00",
="034989","緯穎群益53購08","3,000","1","16,200","5.40","5.40","5.40","5.40","X","0.00","--","0","--","0","3,140.00",
="03498U","金像電凱基4C售07","0","0","0","--","--","--","--"," ","0.00","--","0","0.10","15","0.00",
="034990","龍德船群益53購03","532,000","19","1,411,020","2.80","2.80","2.54","2.55","-","0.51","1.48","13","--","0","151.50",
="034991","昇陽半群益55購01","725,000","18","1,223,740","1.62","1.79","1.61","1.61","-","0.06","1.57","10","1.67","10","179.50",
="034992","台虹群益55購01","165,000","14","377,380","2.27","2.45","2.26","2.27","-","0.05","1.08","9","--","0","63.30",
="034993","德律兆豐55購01","500,000","18","487,820","0.95","1.04","0.94","0.94","-","0.07","0.92","10","0.93","10","189.00",
="034994","祥碩兆豐59購01","54,000","3","67,970","1.26","1.26","1.24","1.25","-","0.01","1.24","10","1.25","10","1,525.00",
="034995","光寶科富邦53購03","38,000","8","131,750","3.42","3.65","3.30","3.65","+","0.04","3.42","30","3.52","10","0.00",
="034996","智邦富邦55購03","453,000","18","539,060","1.16","1.20","1.16","1.18","+","0.06","1.17","10","1.20","10","0.00",
="034997","矽統富邦55購02","110,000","3","103,400","0.94","0.94","0.94","0.94","-","0.07","0.92","10","0.93","10","0.00",
="034998","燿華富邦54購03","8,000","1","5,520","0.69","0.69","0.69","0.69","-","0.06","0.68","10","0.69","10","0.00",
="034999","佳能富邦54購01","97,000","8","167,370","1.61","1.96","1.61","1.82","+","0.22","1.80","10","1.82","9","0.00",
="03499U","南亞科凱基4C售06","4,000","1","360","0.09","0.09","0.09","0.09","X","0.00","0.09","53","--","0","0.00",
="035000","微星富邦53購01","0","0","0","--","--","--","--"," ","0.00","0.50","10","0.51","10","0.00",
="035001","京元電富邦56購01","5,000","1","5,500","1.10","1.10","1.10","1.10","-","0.07","0.97","10","0.98","10","0.00",
="035002","萬海富邦55購01","0","0","0","--","--","--","--"," ","0.00","0.67","10","0.68","10","0.00",
="035003","國泰金富邦55購01","156,000","5","148,190","0.95","0.95","0.94","0.95","-","0.01","0.94","30","0.95","10","0.00",
="035004","大立光富邦55購01","446,000","12","416,430","0.97","0.97","0.92","0.93","-","0.08","0.94","10","0.95","10","0.00",
="035005","臻鼎富邦56購01","160,000","12","59,300","0.37","0.38","0.37","0.37","+","0.01","0.33","10","0.34","10","0.00",
="035006","達興富邦55購02","975,000","50","955,650","0.91","1.09","0.90","1.03","+","0.09","1.02","10","1.03","10","0.00",
="035007","達興富邦56購01","1,691,000","51","1,153,030","0.60","0.75","0.59","0.70","+","0.12","0.69","20","0.79","10","0.00",
="035008","祥碩富邦55購02","46,000","7","32,140","0.72","0.72","0.69","0.70","-","0.02","0.70","8","0.71","10","0.00",
="035009","中租富邦54購01","21,000","3","31,290","1.49","1.49","1.49","1.49","+","0.02","1.43","10","1.46","10","0.00",
="03500U","裕民凱基4C售04","30,000","3","28,000","0.91","0.95","0.91","0.95","+","0.07","0.91","10","0.92","10","0.00",
="035010","達興第一53購01","258,000","14","462,040","1.73","2.10","1.73","2.10","+","0.41","1.99","10","2.03","10","0.00",
="035011","台達電台新53購01","0","0","0","--","--","--","--"," ","0.00","5.15","20","5.20","10","0.00",
="035012","T50反1永豐58購01","0","0","0","--","--","--","--"," ","0.00","0.73","499","0.74","10","18.29",
="035013","鴻海永豐56購02","95,000","4","262,200","2.76","2.76","2.76","2.76","X","0.00","2.77","10","2.78","10","221.00",
="035014","京元電永豐54購02","1,000","1","2,330","2.33","2.33","2.33","2.33","-","0.18","2.33","499","2.43","10","167.00",
="035015","京元電永豐55購01","0","0","0","--","--","--","--"," ","0.00","1.56","499","1.58","10","167.00",
="035016","亞翔永豐55購01","0","0","0","--","--","--","--"," ","0.00","0.81","10","0.82","10","358.50",
="035017","世紀鋼永豐55購02","102,000","2","806,000","7.90","8.00","7.90","8.00","+","0.45","7.50","10","7.60","10","171.50",
="035018","A50正2凱基55購04","63,000","5","53,800","1.00","1.00","0.82","0.84","-","0.02","0.85","100","0.95","10","32.79",
="035019","光寶科凱基54購02","59,000","5","294,630","4.90","5.05","4.75","5.05","-","0.35","5.00","50","5.50","10","183.00",
="03501U","臺股指凱基4C售19","0","0","0","--","--","--","--"," ","0.00","0.05","100","0.06","10","0.00",
="035020","華通凱基54購01","4,000","1","8,440","2.11","2.11","2.11","2.11","+","0.09","1.84","100","1.85","10","77.00",
="035021","鴻海凱基55購12","18,000","1","16,560","0.92","0.92","0.92","0.92","+","0.05","0.97","100","0.98","10","221.00",
="035022","台積電凱基55購11","0","0","0","--","--","--","--"," ","0.00","1.34","100","1.44","10","1,340.00",
="035023","華邦電凱基55購01","0","0","0","--","--","--","--"," ","0.00","8.70","100","9.20","10","36.45",
="035024","燿華凱基54購01","0","0","0","--","--","--","--"," ","0.00","1.37","10","1.38","10","27.50",
="035025","金像電凱基54購04","0","0","0","--","--","--","--"," ","0.00","1.93","100","2.03","10","455.00",
="035026","漢唐凱基54購08","0","0","0","--","--","--","--"," ","0.00","0.77","100","0.87","10","987.00",
="035027","京元電凱基55購01","50,000","3","93,200","1.88","1.88","1.80","1.80","-","0.15","1.80","100","1.82","10","167.00",
="035028","義隆凱基54購01","0","0","0","--","--","--","--"," ","0.00","1.02","100","1.04","10","132.50",
="035029","盟立凱基54購01","10,000","1","20,300","2.03","2.03","2.03","2.03","X","0.00","1.93","10","2.03","10","72.30",
="03502U","臺股指凱基51售16","5,000","2","830","0.17","0.17","0.16","0.16","X","0.00","0.15","100","0.16","10","0.00",
="035030","強茂凱基54購03","12,000","3","24,800","2.07","2.07","2.03","2.03","-","0.24","2.07","10","2.09","10","71.70",
="035031","裕民凱基54購01","0","0","0","--","--","--","--"," ","0.00","2.07","10","2.09","10","55.30",
="035032","奇鋐凱基54購08","15,000","2","23,400","1.58","1.58","1.52","1.52","+","0.08","1.35","100","1.37","10","1,015.00",
="035033","奇鋐凱基54購09","0","0","0","--","--","--","--"," ","0.00","1.08","100","1.10","10","1,015.00",
="035034","德律凱基54購03","23,000","2","27,370","1.19","1.19","1.19","1.19","+","0.02","1.16","100","1.17","10","189.00",
="035035","群創凱基56購02","0","0","0","--","--","--","--"," ","0.00","0.68","100","--","0","14.15",
="035036","辛耘凱基58購01","8,000","2","17,000","2.02","2.14","2.02","2.14","+","0.38","1.98","10","2.08","10","388.00",
="035037","神達凱基54購07","114,000","18","174,940","1.47","1.63","1.47","1.51","+","0.08","1.54","100","1.55","10","90.00",
="035038","立積凱基55購01","179,000","11","154,440","0.92","0.92","0.86","0.86","-","0.09","0.87","100","0.88","10","151.50",
="035039","亞翔凱基54購05","18,000","2","26,820","1.49","1.49","1.49","1.49","X","0.00","1.57","100","1.58","10","358.50",
="03503U","美時元富4C售02","3,000","1","6,300","2.10","2.10","2.10","2.10","-","0.11","2.07","25","2.10","25","0.00",
="035040","瑞儀凱基54購01","10,000","1","9,900","0.99","0.99","0.99","0.99","-","0.02","0.98","100","0.99","10","142.00",
="035041","樺漢凱基54購02","0","0","0","--","--","--","--"," ","0.00","1.51","10","1.53","10","299.00",
="035042","台虹凱基55購01","6,000","1","16,860","2.81","2.81","2.81","2.81","X","0.00","2.62","100","2.72","10","63.30",
="035043","電子類凱基54購01","0","0","0","--","--","--","--"," ","0.00","3.78","10","3.79","10","0.00",
="035044","金融類凱基54購01","0","0","0","--","--","--","--"," ","0.00","1.91","10","1.93","10","0.00",
="035045","滬深2X統一57購01","0","0","0","--","--","--","--"," ","0.00","0.70","10","0.71","10","19.04",
="035046","中興電統一59購01","10,000","1","5,800","0.58","0.58","0.58","0.58","-","0.02","0.57","10","0.58","10","159.00",
="035047","中砂統一59購02","37,000","5","23,120","0.61","0.66","0.61","0.65","+","0.06","0.61","10","0.62","10","339.00",
="035048","上銀統一57購04","0","0","0","--","--","--","--"," ","0.00","0.71","10","0.72","10","217.50",
="035049","光寶科統一57購04","945,000","28","1,557,800","1.62","1.69","1.60","1.69","-","0.03","1.69","5","1.72","10","183.00",
="03504U","仁寶元富4C售01","21,000","2","19,490","0.86","0.99","0.86","0.99","X","0.00","0.99","25","1.00","25","0.00",
="035050","台達電統一57購08","821,000","50","1,009,910","1.26","1.26","1.17","1.19","-","0.04","1.18","10","1.19","1","893.00",
="035051","台達電統一59購01","233,000","13","352,550","1.55","1.57","1.48","1.49","-","0.04","1.46","10","1.48","10","893.00",
="035052","華通統一59購01","64,000","4","46,490","0.73","0.73","0.72","0.72","+","0.01","0.66","10","0.67","10","77.00",
="035053","國巨統一59購02","271,000","13","340,200","1.26","1.29","1.24","1.24","-","0.01","1.23","14","1.24","2","176.00",
="035054","華邦電統一59購03","245,000","24","635,600","2.50","2.70","2.45","2.63","+","0.33","2.66","10","2.68","10","36.45",
="035055","智邦統一59購01","268,000","9","180,470","0.67","0.68","0.67","0.67","+","0.02","0.66","15","0.67","10","1,005.00",
="035056","佳能統一59購01","928,000","55","1,076,670","1.07","1.20","1.07","1.14","+","0.10","1.13","10","1.14","10","88.80",
="035057","台光電統一59購02","465,000","24","538,020","1.11","1.23","1.11","1.16","X","0.00","1.14","10","1.15","10","1,345.00",
="035058","漢唐統一57購04","0","0","0","--","--","--","--"," ","0.00","0.44","10","0.45","10","987.00",
="035059","漢唐統一59購01","4,000","1","1,600","0.40","0.40","0.40","0.40","X","0.00","0.42","10","0.43","10","987.00",
="03505U","鴻準元富4C售02","0","0","0","--","--","--","--"," ","0.00","0.43","25","0.44","25","0.00",
="035060","建準統一59購02","468,000","11","424,370","0.91","0.91","0.86","0.86"," ","0.00","0.80","10","0.81","10","129.00",
="035061","京元電統一59購01","30,000","2","23,900","0.81","0.81","0.79","0.79","-","0.05","0.79","10","0.80","10","167.00",
="035062","京元電統一59購02","0","0","0","--","--","--","--"," ","0.00","0.71","10","0.72","10","167.00",
="035063","京元電統一59購03","209,000","10","224,700","1.11","1.11","1.04","1.05","-","0.05","1.03","10","1.04","16","167.00",
="035064","盟立統一57購01","20,000","1","11,600","0.58","0.58","0.58","0.58","X","0.00","0.56","10","0.57","10","72.30",
="035065","志聖統一59購01","62,000","4","41,320","0.68","0.71","0.65","0.65","X","0.00","0.64","10","0.65","10","197.00",
="035066","鉅祥統一57購01","92,000","3","66,550","0.74","0.74","0.71","0.71","-","0.05","0.70","10","0.71","10","108.50",
="035067","強茂統一57購01","72,000","4","52,610","0.74","0.74","0.72","0.73","-","0.04","0.73","10","0.74","10","71.70",
="035068","強茂統一58購04","32,000","3","26,460","0.83","0.83","0.82","0.83","-","0.05","0.84","10","0.85","10","71.70",
="035069","強茂統一59購01","155,000","4","119,350","0.77","0.77","0.77","0.77","-","0.03","0.76","10","0.77","10","71.70",
="03506U","富世達元富4C售02","0","0","0","--","--","--","--"," ","0.00","0.12","25","0.13","25","0.00",
="035070","長榮太統一58購04","58,000","1","29,580","0.51","0.51","0.51","0.51","-","0.01","0.46","10","0.47","10","168.50",
="035071","長榮太統一59購03","62,000","1","28,520","0.46","0.46","0.46","0.46","-","0.02","0.42","10","0.43","10","168.50",
="035072","神基統一57購01","138,000","4","87,270","0.63","0.64","0.63","0.64","+","0.02","0.62","10","0.63","10","163.50",
="035073","神基統一58購02","291,000","6","250,430","0.86","0.87","0.86","0.86","X","0.00","0.84","10","0.85","10","163.50",
="035074","晟銘電統一59購07","0","0","0","--","--","--","--"," ","0.00","0.58","10","0.59","10","121.00",
="035075","奇鋐統一59購01","160,000","6","136,090","0.88","0.90","0.79","0.79","-","0.03","0.78","10","0.79","10","1,015.00",
="035076","零壹統一57購01","103,000","2","65,440","0.64","0.64","0.63","0.63","-","0.01","0.63","10","0.64","10","125.00",
="035077","德律統一58購02","0","0","0","--","--","--","--"," ","0.00","0.55","10","0.56","10","189.00",
="035078","健鼎統一59購01","50,000","1","35,500","0.71","0.71","0.71","0.71","X","0.00","0.70","10","0.71","10","309.50",
="035079","景碩統一57購05","525,000","8","360,910","0.68","0.70","0.67","0.67","-","0.01","0.63","10","0.64","10","111.50",
="03507U","中信金元大4C售01","0","0","0","--","--","--","--"," ","0.00","0.42","499","0.43","200","0.00",
="035080","創意統一59購02","10,000","1","5,700","0.57","0.57","0.57","0.57","X","0.00","0.56","10","0.57","10","1,315.00",
="035081","世芯統一5B購03","126,000","2","94,720","0.76","0.76","0.74","0.74","-","0.07","0.72","10","0.73","10","3,700.00",
="035082","神達統一58購07","0","0","0","--","--","--","--"," ","0.00","0.62","10","0.63","10","90.00",
="035083","神達統一59購02","74,000","2","50,320","0.68","0.68","0.68","0.68","X","0.00","0.65","10","0.66","10","90.00",
="035084","智伸科統一57購03","0","0","0","--","--","--","--"," ","0.00","0.42","10","0.43","10","139.50",
="035085","南寶統一57購02","48,000","1","28,800","0.60","0.60","0.60","0.60","+","0.02","0.57","10","0.58","10","416.50",
="035086","臻鼎統一57購04","104,000","4","54,970","0.53","0.53","0.50","0.50","-","0.02","0.48","13","0.49","10","171.50",
="035087","達興統一58購02","102,000","8","73,860","0.66","0.77","0.66","0.73","+","0.07","0.73","10","0.74","10","399.00",
="035088","瀚宇博統一58購01","863,000","30","1,073,040","1.31","1.33","1.12","1.12","+","0.02","1.02","15","1.03","10","104.00",
="035089","亞翔統一59購01","0","0","0","--","--","--","--"," ","0.00","0.61","10","0.62","10","358.50",
="03508U","晟銘電元大4C售03","0","0","0","--","--","--","--"," ","0.00","0.21","499","0.22","200","0.00",
="035090","帆宣統一57購01","70,000","2","44,320","0.64","0.64","0.62","0.62"," ","0.00","0.59","10","0.60","10","255.00",
="035091","帆宣統一57購02","0","0","0","--","--","--","--"," ","0.00","0.52","10","0.53","10","255.00",
="035092","AES統一59購03","48,000","1","21,120","0.44","0.44","0.44","0.44","+","0.01","0.41","10","0.42","10","1,195.00",
="035093","昇陽半統一57購01","115,000","5","89,850","0.78","0.80","0.77","0.80","+","0.04","0.72","10","0.73","10","179.50",
="035094","台虹統一58購01","322,000","17","263,260","0.83","0.86","0.78","0.79","+","0.01","0.77","10","0.78","10","63.30",
="035095","台灣50元富53購03","0","0","0","--","--","--","--"," ","0.00","2.99","25","3.00","10","58.45",
="035096","為升元富56購02","77,000","11","199,370","2.61","2.66","2.40","2.61","-","0.30","2.55","25","2.58","25","130.00",
="035097","台積電元富53購13","0","0","0","--","--","--","--"," ","0.00","--","0","--","0","1,340.00",
="035098","聯發科元富61購01","143,000","9","180,080","1.26","1.26","1.25","1.25","-","0.09","1.22","25","1.23","25","1,375.00",
="035099","義隆元富53購01","0","0","0","--","--","--","--"," ","0.00","1.41","25","1.43","25","132.50",
="03509U","A50正2國票51售03","0","0","0","--","--","--","--"," ","0.00","0.09","25","0.10","10","0.00",
="035100","豐達科元富53購02","28,000","2","33,030","1.17","1.18","1.17","1.18","+","0.02","1.05","25","1.06","25","134.50",
="035101","世芯元富53購07","0","0","0","--","--","--","--"," ","0.00","1.16","25","1.17","25","3,700.00",
="035102","矽力元富53購01","25,000","2","28,020","1.13","1.13","1.12","1.12","+","0.05","1.05","25","1.15","10","273.00",
="035103","昇陽半元富56購01","401,000","2","1,199,070","2.99","3.07","2.99","3.07","+","0.02","2.90","25","2.92","25","179.50",
="035104","昇陽半元富56購02","21,000","2","48,630","2.23","2.32","2.23","2.32","+","0.30","2.05","25","2.07","25","179.50",
="035105","臺股指元富56購14","0","0","0","--","--","--","--"," ","0.00","2.56","25","2.57","25","0.00",
="035106","臺股指元富56購15","0","0","0","--","--","--","--"," ","0.00","2.55","25","2.56","25","0.00",
="035107","中502X國票59購01","7,000","2","11,090","1.67","1.67","1.57","1.57","-","0.14","1.56","25","1.57","10","13.10",
="035108","儒鴻國票53購01","46,000","7","92,160","2.08","2.13","1.94","1.94","-","0.26","1.94","25","1.99","10","431.50",
="035109","中砂國票54購01","15,000","2","36,130","2.32","2.51","2.32","2.51","+","0.31","2.40","25","2.41","10","339.00",
="03510U","國巨國票4C售02","0","0","0","--","--","--","--"," ","0.00","0.02","25","--","0","0.00",
="035110","永光國票54購01","0","0","0","--","--","--","--"," ","0.00","1.06","25","1.07","10","19.20",
="035111","中鋼國票54購01","0","0","0","--","--","--","--"," ","0.00","0.73","25","0.74","10","19.45",
="035112","華邦電國票54購02","0","0","0","--","--","--","--"," ","0.00","7.80","25","8.30","10","36.45",
="035113","京元電國票55購01","0","0","0","--","--","--","--"," ","0.00","1.76","25","1.77","10","167.00",
="035114","聯詠國票53購01","94,000","15","222,550","2.27","2.43","2.27","2.33","X","0.00","2.32","25","2.33","10","443.00",
="035115","聯詠國票54購01","85,000","13","238,070","2.79","2.87","2.76","2.77","X","0.00","2.74","25","2.75","10","443.00",
="035116","辛耘國票55購01","0","0","0","--","--","--","--"," ","0.00","1.90","25","1.92","10","388.00",
="035117","日月光國票59購01","30,000","1","54,900","1.83","1.83","1.83","1.83","+","0.04","1.80","25","1.82","10","174.50",
="035118","承業醫國票53購01","0","0","0","--","--","--","--"," ","0.00","1.10","25","1.11","10","47.00",
="035119","承業醫國票54購01","2,000","1","2,180","1.09","1.09","1.09","1.09","-","0.02","1.07","25","1.08","10","47.00",
="03511U","海悅國票4C售01","0","0","0","--","--","--","--"," ","0.00","1.51","25","1.53","10","0.00",
="035120","拓凱國票54購01","0","0","0","--","--","--","--"," ","0.00","1.11","25","1.12","10","191.50",
="035121","材料國票54購01","0","0","0","--","--","--","--"," ","0.00","1.83","25","1.84","10","66.40",
="035122","乙盛國票54購01","3,000","2","6,040","2.04","2.04","2.00","2.00","-","0.20","1.96","25","1.98","10","73.80",
="035123","祥碩國票53購02","26,000","3","26,420","0.97","1.02","0.97","1.02","+","0.05","1.00","25","1.01","10","1,525.00",
="035124","祥碩國票54購01","0","0","0","--","--","--","--"," ","0.00","1.03","25","1.04","10","1,525.00",
="035125","佳必琪國票54購01","0","0","0","--","--","--","--"," ","0.00","1.17","25","1.18","10","160.00",
="035126","佳必琪國票55購01","0","0","0","--","--","--","--"," ","0.00","1.29","25","1.30","10","160.00",
="035127","采鈺國票53購01","57,000","9","153,350","2.79","2.79","2.60","2.64","-","0.20","2.63","25","2.64","10","305.50",
="035128","采鈺國票54購01","29,000","6","76,920","2.77","2.77","2.57","2.64","-","0.20","2.61","25","2.62","10","305.50",
="035129","采鈺國票55購01","62,000","8","151,370","2.39","2.56","2.39","2.45","-","0.23","2.44","25","2.45","10","305.50",
="03512U","南亞科國票51售03","30,000","3","6,000","0.20","0.20","0.20","0.20","X","0.00","0.13","25","0.50","15","0.00",
="035130","泓德國票53購01","12,000","1","6,240","0.52","0.52","0.52","0.52","-","0.04","0.51","25","0.52","10","125.50",
="035131","鴻海國泰57購01","18,000","3","49,980","2.82","2.82","2.76","2.76","X","0.00","2.77","499","2.79","499","221.00",
="035132","鴻海國泰57購02","34,000","3","69,790","2.05","2.07","2.04","2.07","+","0.22","2.08","499","2.09","100","221.00",
="035133","京元電國泰54購01","15,000","5","27,360","1.85","1.85","1.78","1.81","-","0.13","1.76","501","1.78","499","167.00",
="035134","強茂國泰54購01","4,000","1","7,680","1.92","1.92","1.92","1.92","-","0.17","1.97","499","1.98","100","71.70",
="035135","皇昌國泰54購01","0","0","0","--","--","--","--"," ","0.00","1.11","499","1.12","100","72.70",
="035136","世芯國泰57購01","0","0","0","--","--","--","--"," ","0.00","1.07","10","1.17","10","3,700.00",
="035137","貿聯國泰54購01","24,000","3","48,760","2.04","2.04","1.89","1.89","-","0.11","1.81","10","1.84","10","1,085.00",
="035138","上品國泰54購01","13,000","1","23,270","1.79","1.79","1.79","1.79","X","0.00","1.71","499","1.72","100","308.00",
="035139","迅得國泰54購01","96,000","8","152,370","1.64","1.64","1.47","1.47","-","0.09","1.49","499","1.50","100","176.00",
="03513U","陽明國票4C售04","10,000","1","14,400","1.44","1.44","1.44","1.44","X","0.00","1.47","25","1.48","10","0.00",
="035140","緯穎國泰57購02","43,000","2","87,350","2.05","2.05","2.01","2.01","+","0.01","0.86","11","--","0","3,140.00",
="035141","AES國泰54購02","0","0","0","--","--","--","--"," ","0.00","1.12","499","1.13","100","1,195.00",
="035142","泓德國泰54購01","109,000","4","100,530","0.93","0.93","0.90","0.90","-","0.08","0.89","499","0.90","499","125.50",
="035143","T50正2元大53購05","0","0","0","--","--","--","--"," ","0.00","2.67","100","2.68","10","302.45",
="035144","T50正2元大53購06","0","0","0","--","--","--","--"," ","0.00","2.80","100","2.82","10","302.45",
="035145","上証2X元大53購03","0","0","0","--","--","--","--"," ","0.00","2.57","250","2.58","100","47.20",
="035146","香港2X元大55購01","75,000","1","54,000","0.72","0.72","0.72","0.72","-","0.06","0.72","250","0.73","100","18.02",
="035147","中興電元大54購02","0","0","0","--","--","--","--"," ","0.00","0.79","499","0.80","10","159.00",
="035148","華新元大58購01","171,000","2","145,280","0.88","0.88","0.83","0.83","-","0.04","0.84","499","0.85","10","24.05",
="035149","川湖元大54購03","48,000","4","94,500","1.93","1.99","1.90","1.90","X","0.00","1.82","25","1.89","10","3,220.00",
="03514U","陽明國票51售02","5,000","1","10,600","2.12","2.12","2.12","2.12","X","0.00","2.12","25","2.13","10","0.00",
="035150","鴻海元大54購26","24,000","2","37,680","1.54","1.60","1.54","1.60","X","0.00","1.56","10","1.57","10","221.00",
="035151","華泰元大54購01","38,000","5","50,650","1.47","1.47","1.31","1.31","-","0.12","1.33","499","1.34","10","47.70",
="035152","佳能元大59購01","248,000","39","838,720","3.15","3.56","3.15","3.43","+","0.29","3.39","250","3.43","10","88.80",
="035153","毅嘉元大54購05","25,000","3","16,430","0.66","0.66","0.64","0.64","-","0.03","0.63","499","0.64","10","53.50",
="035154","漢唐元大54購04","0","0","0","--","--","--","--"," ","0.00","0.55","499","0.56","10","987.00",
="035155","盟立元大54購03","0","0","0","--","--","--","--"," ","0.00","1.82","25","1.85","10","72.30",
="035156","志聖元大54購01","161,000","11","245,950","1.46","1.59","1.46","1.56","+","0.11","0.80","12","--","0","197.00",
="035157","鉅祥元大54購02","0","0","0","--","--","--","--"," ","0.00","0.89","499","0.91","10","108.50",
="035159","強茂元大54購02","1,000","1","2,350","2.35","2.35","2.35","2.35","-","0.35","2.47","300","2.49","10","71.70",
="03515U","奇鋐國票51售03","0","0","0","--","--","--","--"," ","0.00","0.11","25","0.12","10","0.00",
="035160","裕民元大54購01","18,000","2","21,640","1.23","1.23","1.18","1.18","-","0.12","1.19","499","1.21","10","55.30",
="035161","長榮太元大54購04","702,000","14","484,560","0.75","0.75","0.68","0.69","-","0.16","0.67","499","0.68","10","168.50",
="035162","豐達科元大54購01","10,000","3","18,640","1.90","1.90","1.74","1.74","-","0.11","1.72","400","1.75","10","134.50",
="035163","神基元大54購02","12,000","1","13,200","1.10","1.10","1.10","1.10","-","0.04","1.10","25","1.13","10","163.50",
="035164","大立光元大54購08","0","0","0","--","--","--","--"," ","0.00","0.73","499","0.75","10","2,360.00",
="035165","大立光元大54購09","349,000","9","448,350","1.31","1.31","1.27","1.28","-","0.06","1.29","499","1.31","10","2,360.00",
="035166","晟銘電元大54購01","25,000","1","19,500","0.78","0.78","0.78","0.78","-","0.05","0.76","499","0.77","10","121.00",
="035167","晟銘電元大59購01","0","0","0","--","--","--","--"," ","0.00","0.87","499","0.88","10","121.00",
="035168","奇鋐元大54購19","278,000","8","423,830","1.60","1.60","1.40","1.40","-","0.01","1.37","499","1.41","10","1,015.00",
="035169","奇鋐元大54購20","14,000","4","13,500","0.96","0.97","0.94","0.94","+","0.03","0.82","499","0.85","10","1,015.00",
="03516U","精成科國票51售04","20,000","1","3,200","0.16","0.16","0.16","0.16","X","0.00","0.16","25","0.17","10","0.00",
="035170","亞光元大59購01","171,000","6","112,650","0.67","0.67","0.65","0.65","-","0.02","0.64","499","0.65","10","161.50",
="035171","緯創元大54購14","8,000","2","14,960","1.94","1.94","1.80","1.80","X","0.00","1.78","450","1.80","10","122.50",
="035172","緯創元大59購02","110,000","5","249,170","2.29","2.40","2.26","2.26","X","0.00","2.24","350","2.27","10","122.50",
="035173","群創元大54購06","10,000","1","7,900","0.79","0.79","0.79","0.79","X","0.00","0.78","10","--","0","14.15",
="035174","辛耘元大57購03","155,000","11","436,100","2.68","2.86","2.68","2.85","X","0.00","2.61","300","2.65","10","388.00",
="035175","世芯元大54購20","178,000","7","270,200","1.59","1.59","1.46","1.46","-","0.18","0.52","19","--","0","3,700.00",
="035176","神達元大54購13","0","0","0","--","--","--","--"," ","0.00","0.73","499","0.74","10","90.00",
="035177","南寶元大59購01","498,000","14","368,060","0.77","0.77","0.73","0.76","-","0.03","0.74","25","0.75","10","416.50",
="035178","上品元大54購01","97,000","3","213,070","2.21","2.21","2.19","2.19","+","0.10","2.14","350","2.16","10","308.00",
="035179","臻鼎元大57購03","102,000","7","231,690","2.30","2.32","2.09","2.09","-","0.06","2.09","350","2.11","10","171.50",
="03517U","S&P正2國票52售02","0","0","0","--","--","--","--"," ","0.00","0.29","25","0.30","10","0.00",
="035180","祥碩元大54購06","42,000","4","23,780","0.57","0.57","0.56","0.57","-","0.01","0.55","25","0.56","10","1,525.00",
="035181","祥碩元大54購07","12,000","1","9,720","0.81","0.81","0.81","0.81","-","0.01","0.78","25","0.80","10","1,525.00",
="035182","亞翔元大54購10","97,000","1","152,290","1.57","1.57","1.57","1.57","-","0.04","1.55","499","1.58","10","358.50",
="035183","亞翔元大54購11","110,000","1","119,900","1.09","1.09","1.09","1.09","X","0.00","1.06","499","1.08","10","358.50",
="035184","佳必琪元大54購04","242,000","6","180,900","0.75","0.75","0.74","0.75"," ","0.00","0.74","499","0.75","10","160.00",
="035185","AES元大58購04","27,000","3","42,460","1.56","1.58","1.56","1.56","+","0.03","1.47","499","1.49","10","1,195.00",
="035186","采鈺元大54購05","83,000","8","216,310","2.62","2.69","2.57","2.57","-","0.05","2.51","300","2.53","10","305.50",
="035187","采鈺元大58購01","124,000","9","306,450","2.68","2.68","2.37","2.37","-","0.15","2.38","300","2.39","10","305.50",
="035188","昇陽半元大59購02","981,000","17","1,142,720","1.17","1.20","1.11","1.11","-","0.04","1.09","499","1.10","10","179.50",
="035189","臺股指元大55購12","0","0","0","--","--","--","--"," ","0.00","3.06","100","3.07","10","0.00",
="03518U","虎航國票51售02","0","0","0","--","--","--","--"," ","0.00","0.97","25","0.98","10","0.00",
="035190","臺股指元大56購12","16,000","3","95,300","5.80","6.10","5.80","6.10","X","0.00","6.10","499","6.15","10","0.00",
="035191","滬深2X群益53購08","0","0","0","--","--","--","--"," ","0.00","0.10","10","1.20","10","19.04",
="035192","中502X群益53購01","2,000","2","1,890","0.95","0.95","0.94","0.94","X","0.00","0.81","25","0.82","10","13.10",
="035193","台達電群益53購04","73,000","10","564,600","7.85","7.95","7.40","7.40","-","0.20","3.09","6","--","0","893.00",
="035194","台積電群益57購10","0","0","0","--","--","--","--"," ","0.00","0.30","1","--","0","1,340.00",
="035195","威盛群益53購02","0","0","0","--","--","--","--"," ","0.00","0.01","499","1.38","10","59.50",
="035196","毅嘉群益55購01","0","0","0","--","--","--","--"," ","0.00","0.78","100","0.79","100","53.50",
="035197","京元電群益53購06","70,000","6","166,960","2.56","2.56","2.30","2.33","-","0.19","2.30","10","2.40","10","167.00",
="035198","京元電群益54購04","5,000","1","10,200","2.04","2.04","2.04","2.04","-","0.06","1.96","10","2.06","10","167.00",
="035199","京元電群益55購01","10,000","1","19,200","1.92","1.92","1.92","1.92","+","0.05","1.70","10","1.80","10","167.00",
="03519U","雲豹國票51售01","30,000","1","53,400","1.78","1.78","1.78","1.78","X","0.00","1.81","25","1.86","10","0.00",
="035200","義隆群益54購01","2,000","1","1,880","0.94","0.94","0.94","0.94","-","0.05","0.41","24","--","0","132.50",
="035201","強茂群益53購02","90,000","1","120,600","1.34","1.34","1.34","1.34","-","0.16","1.38","10","1.48","10","71.70",
="035202","長榮航群益54購01","30,000","1","46,200","1.54","1.54","1.54","1.54","-","0.02","1.53","10","1.63","10","38.85",
="035203","豐達科群益54購01","202,000","9","160,420","0.88","0.88","0.78","0.82","-","0.08","0.37","27","--","0","134.50",
="035204","晟銘電群益53購01","45,000","5","52,800","1.20","1.20","1.12","1.12","-","0.09","1.09","100","1.11","100","121.00",
="035205","創意群益55購02","0","0","0","--","--","--","--"," ","0.00","0.66","3","--","0","1,315.00",
="035206","南寶群益54購02","55,000","3","60,790","1.15","1.15","1.09","1.09","-","0.06","0.50","20","--","0","416.50",
="035207","達興群益53購05","63,000","9","202,000","2.86","3.56","2.86","3.34","+","0.35","3.40","10","3.50","10","399.00",
="035208","亞翔群益53購03","13,000","2","36,320","2.78","2.80","2.78","2.80","+","0.12","2.73","10","2.83","10","358.50",
="035209","佳必琪群益53購02","32,000","1","32,000","1.00","1.00","1.00","1.00","-","0.01","0.34","29","--","0","160.00",
="03520U","昇陽半國票52售01","0","0","0","--","--","--","--"," ","0.00","0.38","25","0.39","10","0.00",
="035210","緯穎群益53購09","6,000","2","5,780","0.98","0.98","0.96","0.96","-","0.01","0.39","25","--","0","3,140.00",
="035211","緯穎群益53購10","0","0","0","--","--","--","--"," ","0.00","--","0","--","0","3,140.00",
="035212","洋基群益54購01","36,000","1","25,200","0.70","0.70","0.70","0.70","X","0.00","0.67","10","0.77","10","449.00",
="035213","群創中信53購01","65,000","6","91,730","1.38","1.44","1.38","1.39","+","0.04","1.35","10","1.38","10","0.00",
="035214","神達中信59購01","189,000","17","286,530","1.47","1.56","1.47","1.56","+","0.14","1.48","499","1.49","10","0.00",
="035215","廣宇永豐54購01","16,000","2","15,360","0.96","0.96","0.96","0.96","X","0.00","0.91","10","0.92","10","54.10",
="035216","廣宇永豐55購01","0","0","0","--","--","--","--"," ","0.00","1.00","10","1.01","10","54.10",
="035217","廣宇永豐56購01","1,000","1","8,200","8.20","8.20","8.20","8.20"," ","0.00","7.95","499","8.00","10","54.10",
="035218","台積電永豐69購01","91,000","12","196,790","2.15","2.22","2.14","2.22","+","0.19","1.03","39","--","0","1,340.00",
="035219","華邦電永豐54購01","0","0","0","--","--","--","--"," ","0.00","7.45","499","7.95","10","36.45",
="03521U","世紀鋼國票4C售03","0","0","0","--","--","--","--"," ","0.00","2.37","25","2.40","10","0.00",
="035220","威盛永豐54購01","0","0","0","--","--","--","--"," ","0.00","1.46","499","1.47","10","59.50",
="035221","神基永豐54購02","60,000","1","45,600","0.76","0.76","0.76","0.76","+","0.03","0.74","499","0.75","10","163.50",
="035222","臻鼎永豐55購01","71,000","4","46,150","0.65","0.65","0.65","0.65","+","0.01","0.60","499","0.61","10","171.50",
="035223","亞光兆豐55購01","83,000","4","62,680","0.76","0.76","0.75","0.75","-","0.07","0.75","10","0.76","10","161.50",
="035224","昇陽半兆豐55購01","384,000","13","508,140","1.24","1.38","1.24","1.32","+","0.04","1.18","10","1.19","10","179.50",
="035225","滬深2X富邦56購01","0","0","0","--","--","--","--"," ","0.00","1.21","10","1.22","10","0.00",
="035226","華通富邦53購02","0","0","0","--","--","--","--"," ","0.00","0.89","10","0.90","10","0.00",
="035227","廣宇富邦53購02","66,000","1","56,760","0.86","0.86","0.86","0.86","-","0.05","0.86","30","0.87","10","0.00",
="035228","廣宇富邦55購01","81,000","5","100,920","1.25","1.25","1.24","1.24"," ","0.00","1.20","30","1.21","10","0.00",
="035229","華邦電富邦55購01","1,000","1","6,650","6.65","6.65","6.65","6.65","X","0.00","6.65","10","6.85","10","0.00",
="03522U","台光電國泰52售03","782,000","21","123,160","0.17","0.17","0.15","0.15","-","0.03","0.14","599","0.15","10","0.00",
="035230","華碩富邦53購01","523,000","19","620,180","1.17","1.21","1.14","1.19","+","0.02","1.15","30","1.18","10","0.00",
="035231","強茂富邦57購01","3,000","1","3,090","1.03","1.03","1.03","1.03","-","0.06","1.03","10","1.04","10","0.00",
="035232","長榮太富邦57購01","394,000","13","198,710","0.55","0.55","0.49","0.50","-","0.09","0.50","10","0.51","10","0.00",
="035233","群創富邦53購02","120,000","8","86,600","0.72","0.73","0.72","0.73","+","0.04","0.70","30","0.71","10","0.00",
="035234","辛耘富邦55購01","23,000","1","20,240","0.88","0.88","0.88","0.88","X","0.00","0.80","30","0.81","10","0.00",
="035235","神達富邦53購04","183,000","12","163,550","0.89","0.92","0.85","0.92","+","0.09","0.86","10","0.87","10","0.00",
="035236","佳必琪富邦57購01","176,000","1","89,760","0.51","0.51","0.51","0.51","X","0.00","0.50","10","0.51","10","0.00",
="035237","迅得富邦56購01","39,000","7","26,950","0.69","0.70","0.67","0.67","-","0.01","0.64","10","0.65","10","0.00",
="035238","廣宇台新53購01","13,000","1","24,570","1.89","1.89","1.89","1.89","X","0.00","1.80","20","1.81","10","0.00",
="035239","台灣50元富53購05","78,000","2","296,280","3.86","3.86","3.74","3.74","X","0.00","3.82","25","3.83","10","58.45",
="03523U","長榮國泰52售01","1,000","1","2,040","2.04","2.04","2.04","2.04","+","0.02","2.02","499","2.04","499","0.00",
="035240","T50反1元富59購02","0","0","0","--","--","--","--"," ","0.00","1.10","25","1.11","25","18.29",
="035241","華通元富59購01","79,000","4","150,260","2.00","2.00","1.85","1.85","-","0.17","1.82","25","1.83","25","77.00",
="035242","友訊元富53購01","0","0","0","--","--","--","--"," ","0.00","1.71","25","1.73","25","17.80",
="035243","台光電元富57購03","41,000","4","111,970","2.57","2.87","2.57","2.75","X","0.00","2.72","25","2.82","10","1,345.00",
="035244","強茂元富56購01","6,000","3","7,270","1.22","1.22","1.21","1.21","-","0.11","1.22","25","1.23","25","71.70",
="035245","大立光元富59購01","46,000","4","124,900","2.75","2.75","2.70","2.72","-","0.10","2.73","25","2.76","25","2,360.00",
="035246","群創元富53購03","0","0","0","--","--","--","--"," ","0.00","1.88","25","1.91","25","14.15",
="035247","群創元富54購01","0","0","0","--","--","--","--"," ","0.00","0.96","25","0.98","25","14.15",
="035248","嘉澤元富57購01","26,000","1","83,720","3.22","3.22","3.22","3.22","-","0.12","3.13","25","3.16","25","1,605.00",
="035249","辛耘元富54購01","31,000","2","44,840","1.44","1.46","1.44","1.46","X","0.00","1.35","25","1.36","10","388.00",
="03524U","中興電富邦4C售04","0","0","0","--","--","--","--"," ","0.00","0.24","30","0.25","10","0.00",
="035250","世芯元富54購08","0","0","0","--","--","--","--"," ","0.00","1.46","25","1.47","25","3,700.00",
="035251","佳必琪元富57購01","54,000","1","58,860","1.09","1.09","1.09","1.09","-","0.04","1.08","25","1.09","25","160.00",
="035252","昇陽半元富56購03","39,000","5","72,020","1.82","1.89","1.73","1.73","-","0.02","1.72","25","1.73","25","179.50",
="035253","台虹元富53購01","212,000","17","662,420","3.04","3.34","3.01","3.04","-","0.08","2.92","25","3.02","10","63.30",
="035254","富鼎元富53購01","5,000","1","9,700","1.94","1.94","1.94","1.94","-","0.05","1.83","1","--","0","95.50",
="035255","世紀鋼元富53購02","27,000","1","43,470","1.61","1.61","1.61","1.61","+","0.07","1.52","25","1.53","25","171.50",
="035256","臺股指元富59購01","0","0","0","--","--","--","--"," ","0.00","2.90","25","2.91","25","0.00",
="035257","上証2X國票58購02","112,000","9","192,830","1.60","1.74","1.46","1.46","-","0.08","1.45","25","1.46","10","47.20",
="035258","仁寶國票54購01","10,000","3","29,290","2.94","2.94","2.92","2.93","+","0.30","2.68","25","2.69","10","31.40",
="035259","台亞國票54購01","0","0","0","--","--","--","--"," ","0.00","2.75","25","2.79","10","27.80",
="03525U","聯發科群益4C售09","67,000","1","47,570","0.71","0.71","0.71","0.71","+","0.05","0.20","50","--","0","0.00",
="035260","順德國票54購01","9,000","1","11,160","1.24","1.24","1.24","1.24","+","0.01","1.27","25","1.28","10","81.90",
="035261","威盛國票54購01","0","0","0","--","--","--","--"," ","0.00","1.50","25","1.51","10","59.50",
="035262","南亞科國票54購01","1,000","1","13,500","13.50","13.50","13.50","13.50","+","0.80","12.90","25","13.60","10","81.00",
="035263","義隆國票53購01","1,000","1","820","0.82","0.82","0.82","0.82","X","0.00","0.80","25","0.81","10","132.50",
="035264","長榮國票54購01","20,000","3","19,300","0.97","0.97","0.96","0.96","-","0.05","0.95","35","0.96","10","182.00",
="035265","神基國票58購02","0","0","0","--","--","--","--"," ","0.00","1.73","25","1.74","10","163.50",
="035266","智原國票54購01","791,000","24","1,465,620","1.77","1.93","1.77","1.82","+","0.13","1.81","25","1.82","10","174.00",
="035267","聯鈞國票54購01","52,000","9","238,930","4.45","4.92","4.45","4.92","+","0.62","5.20","25","5.25","10","278.00",
="035268","群創國票54購02","0","0","0","--","--","--","--"," ","0.00","1.11","25","1.12","10","14.15",
="035269","群創國票56購01","0","0","0","--","--","--","--"," ","0.00","0.83","25","0.84","10","14.15",
="03526U","牧德群益4C售03","0","0","0","--","--","--","--"," ","0.00","0.23","2","--","0","0.00",
="035270","全訊國票54購01","367,000","4","239,900","0.70","0.70","0.64","0.65","-","0.08","0.60","25","0.61","10","140.00",
="035271","瀚宇博國票54購01","74,000","15","301,520","4.47","4.47","3.60","3.60","-","0.10","3.45","25","3.50","10","104.00",
="035272","凌華國票53購01","40,000","4","49,250","1.26","1.26","1.20","1.21","-","0.11","1.20","25","1.21","10","62.40",
="035273","矽格國票54購02","0","0","0","--","--","--","--"," ","0.00","2.26","25","2.28","10","93.00",
="035274","樺漢國票54購01","0","0","0","--","--","--","--"," ","0.00","1.18","25","1.19","10","299.00",
="035275","矽力國票54購01","7,000","3","9,980","1.46","1.46","1.42","1.42","-","0.01","1.39","25","1.40","10","273.00",
="035276","台虹國票54購01","102,000","5","325,040","3.30","3.30","3.17","3.17","X","0.00","3.10","25","3.14","10","63.30",
="035277","南亞國泰54購01","2,000","1","4,680","2.34","2.34","2.34","2.34","X","0.00","1.81","499","1.82","499","39.80",
="035278","廣宇國泰54購02","52,000","7","79,540","1.53","1.54","1.52","1.52","-","0.01","1.47","499","1.49","499","54.10",
="035279","廣宇國泰54購03","0","0","0","--","--","--","--"," ","0.00","1.61","499","1.62","499","54.10",
="03527U","國巨元富4C售02","30,000","1","3,000","0.10","0.10","0.10","0.10"," ","0.00","0.11","25","0.15","17","0.00",
="035280","台積電國泰54購01","1,694,000","21","3,085,520","1.76","1.86","1.76","1.86","+","0.24","1.82","8","--","0","1,340.00",
="035281","台積電國泰54購02","0","0","0","--","--","--","--"," ","0.00","0.01","200","--","0","1,340.00",
="035282","華邦電國泰54購01","0","0","0","--","--","--","--"," ","0.00","7.95","499","--","0","36.45",
="035283","佳能國泰54購01","0","0","0","--","--","--","--"," ","0.00","2.60","499","--","0","88.80",
="035284","盟立國泰54購01","144,000","4","194,240","1.38","1.38","1.26","1.29","X","0.00","1.28","499","1.29","100","72.30",
="035285","長榮太國泰54購03","0","0","0","--","--","--","--"," ","0.00","0.66","499","0.67","499","168.50",
="035286","長榮太國泰54購04","65,000","2","39,650","0.61","0.61","0.61","0.61","-","0.07","0.57","499","0.58","100","168.50",
="035287","聯鈞國泰54購01","12,000","3","30,430","2.50","2.74","2.50","2.69","+","0.49","2.71","499","2.75","100","278.00",
="035288","台郡國泰54購01","19,000","3","28,320","1.50","1.50","1.48","1.48","-","0.09","1.46","499","1.48","370","66.80",
="035289","強茂第一55購01","2,000","1","4,940","2.47","2.47","2.47","2.47","-","0.26","2.54","10","2.55","10","0.00",
="03528U","國巨凱基4C售02","0","0","0","--","--","--","--"," ","0.00","0.15","499","0.16","40","0.00",
="035290","長榮太第一55購01","326,000","13","294,360","0.98","0.98","0.89","0.90","-","0.21","0.41","30","0.92","10","0.00",
="035291","T50正2凱基54購03","2,000","1","7,500","3.75","3.75","3.75","3.75","X","0.00","3.77","10","3.78","10","302.45",
="035292","T50正2凱基54購04","0","0","0","--","--","--","--"," ","0.00","3.11","10","3.13","10","302.45",
="035293","FBNQ2X凱基54購01","2,000","1","6,060","3.03","3.03","3.03","3.03","+","0.12","3.02","100","3.03","50","159.20",
="035294","元日2X凱基57購04","0","0","0","--","--","--","--"," ","0.00","0.66","100","0.67","50","5.87",
="035295","儒鴻凱基54購01","19,000","2","44,530","2.39","2.39","2.28","2.28","-","0.12","2.35","10","2.45","10","431.50",
="035296","川湖凱基54購02","73,000","2","164,250","2.25","2.25","2.25","2.25","X","0.00","2.11","100","2.17","10","3,220.00",
="035297","川湖凱基56購01","55,000","3","119,900","2.18","2.18","2.18","2.18","X","0.00","2.07","100","2.12","10","3,220.00",
="035298","正新凱基54購01","0","0","0","--","--","--","--"," ","0.00","1.89","10","1.99","10","38.10",
="035299","台達電凱基55購02","71,000","7","245,540","3.64","3.64","3.41","3.42","-","0.06","3.37","100","3.47","10","893.00",
="03529U","國泰金凱基4C售06","0","0","0","--","--","--","--"," ","0.00","0.27","100","0.28","30","0.00",
="035300","鴻海凱基55購14","0","0","0","--","--","--","--"," ","0.00","1.03","499","1.04","499","221.00",
="035301","廣宇凱基55購01","0","0","0","--","--","--","--"," ","0.00","1.64","100","1.65","10","54.10",
="035302","華泰凱基54購01","39,000","7","91,530","2.40","2.40","2.29","2.29","-","0.16","2.28","10","2.29","10","47.70",
="035303","台積電凱基54購21","0","0","0","--","--","--","--"," ","0.00","2.01","100","2.11","10","1,340.00",
="035304","鉅祥凱基54購02","0","0","0","--","--","--","--"," ","0.00","0.91","100","0.93","10","108.50",
="035305","元大金凱基54購01","6,000","1","15,360","2.56","2.56","2.56","2.56","+","0.04","2.58","10","2.60","10","35.10",
="035306","緯創凱基59購01","464,000","24","960,020","2.07","2.17","2.04","2.04","+","0.06","2.04","99","2.07","10","122.50",
="035307","創意凱基54購05","62,000","7","67,620","1.05","1.11","1.03","1.10","+","0.16","1.08","100","1.10","10","1,315.00",
="035308","辛耘凱基54購02","0","0","0","--","--","--","--"," ","0.00","1.85","10","1.95","10","388.00",
="035309","日月光凱基54購01","112,000","14","209,470","1.93","1.93","1.83","1.85"," ","0.00","1.83","10","1.85","7","174.50",
="03530U","德律凱基51售02","0","0","0","--","--","--","--"," ","0.00","0.22","100","0.23","50","0.00",
="035310","南寶凱基54購03","12,000","2","19,720","1.66","1.66","1.61","1.61","-","0.13","1.59","10","1.69","10","416.50",
="035311","臻鼎凱基58購01","2,000","2","2,630","1.36","1.36","1.27","1.27","-","0.11","1.27","100","1.28","10","171.50",
="035312","祥碩凱基54購02","176,000","7","143,260","0.84","0.84","0.81","0.82"," ","0.00","0.81","100","--","0","1,525.00",
="035313","祥碩凱基54購03","54,000","5","66,540","1.24","1.24","1.20","1.24","-","0.05","1.21","100","2.00","15","1,525.00",
="035314","佳必琪凱基54購02","0","0","0","--","--","--","--"," ","0.00","0.79","100","0.80","10","160.00",
="035315","愛普凱基54購02","3,000","1","5,790","1.93","1.93","1.93","1.93","+","0.02","1.95","100","1.97","10","344.00",
="035316","帝寶凱基54購01","83,000","3","87,150","1.05","1.05","1.05","1.05","-","0.02","1.04","10","1.07","10","134.00",
="035317","緯穎凱基55購03","0","0","0","--","--","--","--"," ","0.00","2.63","100","2.64","10","3,140.00",
="035318","洋基凱基54購01","1,000","1","960","0.96","0.96","0.96","0.96","X","0.00","0.92","100","0.93","10","449.00",
="035319","采鈺凱基54購02","41,000","8","131,870","3.26","3.31","3.07","3.07","-","0.22","3.07","10","3.09","10","305.50",
="03531U","台光電元大4C售15","0","0","0","--","--","--","--"," ","0.00","0.15","499","0.16","200","0.00",
="035320","采鈺凱基54購03","22,000","7","73,540","3.39","3.42","3.25","3.25","-","0.13","3.25","10","3.26","10","305.50",
="035321","昇陽半凱基54購04","125,000","4","169,180","1.31","1.43","1.31","1.43","+","0.11","1.23","100","1.26","10","179.50",
="035322","滬深2X統一57購02","0","0","0","--","--","--","--"," ","0.00","1.90","10","1.91","10","19.04",
="035323","和大統一59購01","0","0","0","--","--","--","--"," ","0.00","0.57","10","0.58","10","65.30",
="035324","和大統一59購02","0","0","0","--","--","--","--"," ","0.00","0.55","10","0.56","10","65.30",
="035325","美時統一69購01","0","0","0","--","--","--","--"," ","0.00","0.70","10","0.71","10","192.00",
="035326","華通統一57購01","0","0","0","--","--","--","--"," ","0.00","0.67","10","0.68","10","77.00",
="035327","華通統一59購02","0","0","0","--","--","--","--"," ","0.00","0.67","10","0.68","10","77.00",
="035328","華通統一59購03","0","0","0","--","--","--","--"," ","0.00","0.64","10","0.65","10","77.00",
="035329","鴻海統一59購03","0","0","0","--","--","--","--"," ","0.00","0.79","10","0.80","10","221.00",
="03532U","富邦金元大4C售03","0","0","0","--","--","--","--"," ","0.00","0.93","499","0.94","50","0.00",
="035330","鴻準統一59購01","0","0","0","--","--","--","--"," ","0.00","0.70","10","0.71","10","70.70",
="035331","致茂統一59購01","287,000","8","225,310","0.77","0.80","0.76","0.79","X","0.00","0.76","10","0.77","10","614.00",
="035332","毅嘉統一59購03","0","0","0","--","--","--","--"," ","0.00","0.39","10","0.40","10","53.50",
="035333","漢唐統一59購02","0","0","0","--","--","--","--"," ","0.00","0.48","10","0.49","10","987.00",
="035334","京元電統一57購03","25,000","5","20,290","0.82","0.82","0.81","0.81","-","0.06","0.81","4","0.82","10","167.00",
="035335","京元電統一65購01","0","0","0","--","--","--","--"," ","0.00","0.68","10","0.69","10","167.00",
="035336","義隆統一57購01","110,000","8","78,850","0.72","0.72","0.71","0.71","-","0.01","0.69","10","0.70","10","132.50",
="035337","義隆統一58購01","18,000","6","12,240","0.68","0.68","0.68","0.68","-","0.01","0.66","10","0.67","10","132.50",
="035338","義隆統一5C購01","83,000","9","44,820","0.54","0.54","0.54","0.54","-","0.01","0.53","10","0.54","10","132.50",
="035339","盟立統一57購02","0","0","0","--","--","--","--"," ","0.00","0.58","10","0.59","10","72.30",
="03533U","臺股指元大4C售27","0","0","0","--","--","--","--"," ","0.00","0.17","499","0.18","10","0.00",
="035340","盟立統一57購03","2,000","2","1,320","0.65","0.67","0.65","0.67","X","0.00","0.62","10","0.63","10","72.30",
="035341","盟立統一59購01","0","0","0","--","--","--","--"," ","0.00","0.55","10","0.56","10","72.30",
="035342","志聖統一58購01","38,000","5","32,870","0.85","0.88","0.85","0.86","X","0.00","0.80","10","0.81","10","197.00",
="035343","志聖統一59購02","0","0","0","--","--","--","--"," ","0.00","0.60","10","0.61","10","197.00",
="035344","志聖統一5B購01","0","0","0","--","--","--","--"," ","0.00","0.68","10","0.69","10","197.00",
="035345","鉅祥統一57購02","352,000","7","269,910","0.78","0.78","0.74","0.74","-","0.04","0.74","10","0.75","10","108.50",
="035346","鉅祥統一58購02","142,000","4","111,510","0.78","0.79","0.78","0.78","-","0.01","0.74","10","0.75","10","108.50",
="035347","鉅祥統一5C購01","67,000","2","46,230","0.69","0.69","0.69","0.69","-","0.02","0.67","10","0.68","10","108.50",
="035348","強茂統一59購02","33,000","3","20,360","0.61","0.63","0.61","0.62","-","0.04","0.62","30","0.63","10","71.70",
="035349","強茂統一59購03","10,000","1","7,000","0.70","0.70","0.70","0.70","-","0.05","0.71","10","0.72","10","71.70",
="03534U","台光電台新4C售04","0","0","0","--","--","--","--"," ","0.00","0.08","10","0.11","10","0.00",
="035350","皇昌統一59購01","0","0","0","--","--","--","--"," ","0.00","0.55","10","0.56","10","72.70",
="035351","長榮太統一59購04","0","0","0","--","--","--","--"," ","0.00","0.44","10","0.45","10","168.50",
="035352","神基統一59購01","21,000","1","14,910","0.71","0.71","0.71","0.71","-","0.01","0.70","10","0.71","10","163.50",
="035353","零壹統一59購01","0","0","0","--","--","--","--"," ","0.00","0.62","10","0.63","10","125.00",
="035354","德律統一57購02","0","0","0","--","--","--","--"," ","0.00","0.55","10","0.56","10","189.00",
="035355","健鼎統一59購02","25,000","2","15,250","0.61","0.61","0.61","0.61","-","0.01","0.61","10","0.62","10","309.50",
="035356","辛耘統一59購02","354,000","8","222,850","0.62","0.65","0.62","0.63","+","0.04","0.60","30","0.61","10","388.00",
="035357","貿聯統一65購01","143,000","5","86,350","0.61","0.61","0.58","0.58","-","0.01","0.57","10","0.58","8","1,085.00",
="035358","元債2X元富4B購01","0","0","0","--","--","--","--"," ","0.00","0.05","25","0.10","10","7.35",
="035359","TPK統一5C購01","0","0","0","--","--","--","--"," ","0.00","0.52","10","0.53","10","39.30",
="03535U","創意國泰51售01","45,000","1","23,850","0.53","0.53","0.53","0.53","X","0.00","0.52","499","0.53","200","0.00",
="035360","神達統一59購03","0","0","0","--","--","--","--"," ","0.00","0.65","10","0.66","10","90.00",
="035361","日月光統一59購01","1,000,000","30","808,560","0.83","0.83","0.79","0.79"," ","0.00","0.80","10","0.81","10","174.50",
="035362","智伸科統一59購01","0","0","0","--","--","--","--"," ","0.00","0.50","10","0.51","10","139.50",
="035363","智伸科統一59購02","0","0","0","--","--","--","--"," ","0.00","0.47","10","0.48","10","139.50",
="035364","南寶統一59購01","0","0","0","--","--","--","--"," ","0.00","0.60","10","0.61","10","416.50",
="035365","南寶統一59購02","0","0","0","--","--","--","--"," ","0.00","0.61","10","0.62","10","416.50",
="035366","南寶統一59購03","239,000","5","151,690","0.64","0.64","0.63","0.63","-","0.02","0.62","10","0.63","10","416.50",
="035367","南寶統一5C購01","0","0","0","--","--","--","--"," ","0.00","0.46","10","0.47","10","416.50",
="035368","上品統一5C購01","7,000","2","4,920","0.71","0.71","0.70","0.70","+","0.02","0.70","5","0.71","10","308.00",
="035369","臻鼎統一59購01","0","0","0","--","--","--","--"," ","0.00","0.47","10","0.48","10","171.50",
="03536U","金像電統一53售03","964,000","6","97,150","0.90","0.90","0.09","0.10"," ","0.00","0.10","10","0.11","10","0.00",
="035370","立積統一59購02","144,000","6","85,060","0.60","0.60","0.58","0.58","-","0.04","0.57","10","0.58","10","151.50",
="035371","達興統一58購03","58,000","4","37,820","0.65","0.69","0.65","0.69","+","0.06","0.70","10","0.71","10","399.00",
="035372","達興統一59購03","24,000","1","15,120","0.63","0.63","0.63","0.63","X","0.00","0.63","10","0.64","10","399.00",
="035373","達興統一5C購01","65,000","3","40,950","0.63","0.63","0.63","0.63","+","0.05","0.63","10","0.64","10","399.00",
="035374","瀚宇博統一5B購01","330,000","19","332,430","1.09","1.10","0.93","0.94","-","0.02","0.88","10","0.89","10","104.00",
="035375","瀚宇博統一5C購01","413,000","22","324,220","0.80","0.82","0.71","0.71","-","0.04","0.71","10","0.72","10","104.00",
="035376","帆宣統一57購03","52,000","3","29,120","0.56","0.56","0.56","0.56"," ","0.00","0.53","10","0.54","10","255.00",
="035377","矽格統一57購01","151,000","3","118,440","0.78","0.80","0.78","0.80"," ","0.00","0.75","10","0.76","10","93.00",
="035378","矽格統一59購01","20,000","2","15,200","0.76","0.76","0.76","0.76","-","0.02","0.74","10","0.75","10","93.00",
="035379","洋基統一59購02","0","0","0","--","--","--","--"," ","0.00","0.48","10","0.49","10","449.00",
="03537U","台光電統一53售05","458,000","2","72,700","0.17","0.17","0.15","0.15","X","0.00","0.15","68","0.16","68","0.00",
="035380","AES統一59購04","148,000","3","74,460","0.51","0.51","0.49","0.49","-","0.01","0.48","10","0.49","10","1,195.00",
="035381","泓德統一59購01","0","0","0","--","--","--","--"," ","0.00","0.43","10","0.44","10","125.50",
="035382","昇陽半統一5C購01","30,000","3","22,400","0.76","0.76","0.73","0.73","-","0.01","0.72","10","0.73","10","179.50",
="035383","台虹統一57購02","103,000","2","94,360","0.92","0.92","0.84","0.84","-","0.02","0.83","10","0.84","10","63.30",
="035384","台虹統一58購02","0","0","0","--","--","--","--"," ","0.00","0.66","10","0.67","10","63.30",
="035385","台虹統一58購03","12,000","3","11,100","0.89","0.93","0.89","0.93","+","0.05","0.85","10","0.86","10","63.30",
="035386","台虹統一59購02","198,000","4","185,500","0.92","0.95","0.92","0.95","+","0.03","0.89","10","0.90","10","63.30",
="035387","滬深2X元大53購10","1,483,000","12","1,171,360","0.78","0.89","0.72","0.72","-","0.11","0.74","250","0.75","100","19.04",
="035388","滬深2X元大53購11","0","0","0","--","--","--","--"," ","0.00","0.96","250","0.97","100","19.04",
="035389","臺指反元大53購01","0","0","0","--","--","--","--"," ","0.00","0.11","499","0.12","10","2.96",
="03538U","奇鋐統一53售03","0","0","0","--","--","--","--"," ","0.00","0.31","68","0.32","68","0.00",
="035390","中砂元大57購01","225,000","7","189,390","0.81","0.87","0.81","0.87","+","0.09","0.83","499","0.84","10","339.00",
="035391","直得元大54購01","0","0","0","--","--","--","--"," ","0.00","1.33","499","1.36","10","81.30",
="035392","華新元大54購04","411,000","2","682,480","1.66","1.68","1.66","1.68","-","0.04","1.58","450","1.61","10","24.05",
="035393","華新元大58購02","0","0","0","--","--","--","--"," ","0.00","0.88","499","0.89","10","24.05",
="035394","合機元大54購01","1,000","1","2,520","2.52","2.52","2.52","2.52","+","0.02","2.52","300","2.54","10","46.95",
="035395","上銀元大54購01","3,000","1","4,230","1.41","1.41","1.41","1.41","-","0.07","1.39","519","1.41","10","217.50",
="035396","上銀元大54購02","130,000","5","200,500","1.54","1.57","1.49","1.57","+","0.02","1.48","499","1.50","10","217.50",
="035397","上銀元大54購03","11,000","3","18,230","1.63","1.68","1.63","1.68","+","0.03","1.59","450","1.61","10","217.50",
="035398","為升元大54購01","291,000","19","414,220","1.51","1.51","1.33","1.43","-","0.68","1.43","450","1.45","10","130.00",
="035399","宇隆元大54購01","61,000","4","82,520","1.40","1.40","1.33","1.33","-","0.08","1.25","499","1.28","10","217.00",
="03539U","T50正2中信52售02","0","0","0","--","--","--","--"," ","0.00","0.33","100","0.34","100","0.00",
="035400","鴻海元大54購27","25,000","2","33,250","1.33","1.33","1.33","1.33","X","0.00","1.34","499","1.35","10","221.00",
="035401","鴻海元大54購28","23,000","5","30,090","1.29","1.34","1.29","1.34","+","0.14","1.32","499","1.33","10","221.00",
="035402","台積電元大54購30","110,000","2","194,700","1.77","1.77","1.77","1.77","X","0.00","--","0","--","0","1,340.00",
="035403","旺宏元大54購01","81,000","18","278,870","3.11","3.72","3.11","3.31","+","0.30","3.21","25","3.31","10","26.75",
="035404","旺宏元大54購02","6,000","2","17,620","2.92","2.94","2.92","2.94","+","0.16","3.00","25","3.10","10","26.75",
="035405","佳能元大54購04","266,000","34","723,900","2.54","2.81","2.54","2.80","+","0.27","2.75","300","2.79","10","88.80",
="035406","威盛元大54購02","0","0","0","--","--","--","--"," ","0.00","0.85","499","0.86","10","59.50",
="035407","威盛元大54購03","0","0","0","--","--","--","--"," ","0.00","1.03","499","1.05","10","59.50",
="035408","漢唐元大57購01","0","0","0","--","--","--","--"," ","0.00","0.58","25","0.59","10","987.00",
="035409","漢唐元大59購01","0","0","0","--","--","--","--"," ","0.00","0.71","25","0.72","10","987.00",
="03540U","SGBR2X中信4C售01","0","0","0","--","--","--","--"," ","0.00","0.48","100","0.49","100","0.00",
="035410","南亞科元大54購04","0","0","0","--","--","--","--"," ","0.00","9.60","25","--","0","81.00",
="035411","南亞科元大54購05","1,000","1","6,200","6.20","6.20","6.20","6.20","+","0.10","6.25","25","--","0","81.00",
="035412","京元電元大54購15","0","0","0","--","--","--","--"," ","0.00","1.54","450","1.55","10","167.00",
="035413","京元電元大54購16","0","0","0","--","--","--","--"," ","0.00","1.54","450","1.56","10","167.00",
="035414","鉅祥元大54購03","173,000","4","158,790","0.95","0.95","0.89","0.89","-","0.05","0.88","499","0.90","10","108.50",
="035415","長榮元大54購04","10,000","1","8,900","0.89","0.89","0.89","0.89","-","0.02","0.88","499","0.89","10","182.00",
="035416","萬海元大54購04","15,000","2","22,130","1.55","1.55","1.47","1.47","-","0.10","1.44","499","1.46","10","77.90",
="035417","永豐金元大54購01","5,000","1","11,500","2.30","2.30","2.30","2.30","X","0.00","2.22","350","2.27","10","24.70",
="035418","豐達科元大54購02","0","0","0","--","--","--","--"," ","0.00","1.30","499","1.33","10","134.50",
="035419","神基元大54購03","744,000","12","547,860","0.73","0.75","0.73","0.73","-","0.01","0.72","25","0.74","10","163.50",
="03541U","台光電中信4C售02","610,000","4","24,440","0.08","0.08","0.04","0.04","-","0.04","0.04","10","0.08","10","0.00",
="035420","奇鋐元大54購21","275,000","6","259,800","1.00","1.00","0.94","0.94","+","0.02","0.84","499","0.87","10","1,015.00",
="035421","緯創元大56購01","16,000","2","25,080","1.58","1.58","1.56","1.56","+","0.08","1.54","499","1.56","10","122.50",
="035422","緯創元大59購03","62,000","5","131,670","2.09","2.16","2.09","2.11","+","0.12","2.03","450","2.06","10","122.50",
="035423","創意元大55購01","255,000","3","198,860","0.74","0.78","0.74","0.78","+","0.02","0.77","25","0.78","10","1,315.00",
="035424","創意元大59購01","5,000","2","4,700","0.94","0.94","0.94","0.94","+","0.04","0.93","25","0.94","10","1,315.00",
="035425","TPK元大54購01","0","0","0","--","--","--","--"," ","0.00","1.70","25","1.75","10","39.30",
="035426","南寶元大59購02","138,000","12","277,530","2.10","2.10","1.97","2.01","-","0.06","1.95","25","1.98","10","416.50",
="035427","上品元大54購02","50,000","1","118,000","2.36","2.36","2.36","2.36","+","0.12","2.30","350","2.33","10","308.00",
="035428","緯穎元大54購21","0","0","0","--","--","--","--"," ","0.00","1.07","499","1.08","10","3,140.00",
="035429","采鈺元大54購06","13,000","2","31,380","2.43","2.43","2.40","2.40","-","0.08","2.30","300","2.31","10","305.50",
="03542U","T50正2群益4C售05","0","0","0","--","--","--","--"," ","0.00","0.11","25","0.12","10","0.00",
="035430","昇陽半元大55購01","164,000","7","205,800","1.26","1.27","1.16","1.16","-","0.01","1.15","2","1.16","10","179.50",
="035431","台虹元大54購01","140,000","15","387,420","2.65","2.92","2.65","2.66","+","0.05","2.56","25","2.58","10","63.30",
="035432","台虹元大54購02","117,000","11","426,720","3.50","3.83","3.50","3.75","+","0.13","3.39","25","3.42","10","63.30",
="035433","世紀鋼元大54購05","0","0","0","--","--","--","--"," ","0.00","0.93","25","0.94","10","171.50",
="035434","臺股指元大56購13","49,000","1","140,140","2.86","2.86","2.86","2.86","+","0.41","2.81","100","2.82","10","0.00",
="035435","台灣50群益53購05","0","0","0","--","--","--","--"," ","0.00","2.84","100","2.86","100","58.45",
="035436","鴻海群益54購10","0","0","0","--","--","--","--"," ","0.00","1.62","100","1.64","100","221.00",
="035437","廣宇群益53購05","0","0","0","--","--","--","--"," ","0.00","1.04","10","1.14","10","54.10",
="035438","順德群益54購01","0","0","0","--","--","--","--"," ","0.00","0.50","25","0.51","10","81.90",
="035439","威盛群益55購01","0","0","0","--","--","--","--"," ","0.00","0.10","11","1.11","10","59.50",
="03543U","川湖群益54售03","1,000","1","80","0.08","0.08","0.08","0.08","+","0.01","0.07","10","0.14","32","0.00",
="035440","漢唐群益55購02","0","0","0","--","--","--","--"," ","0.00","--","0","--","0","987.00",
="035441","仲琦群益53購02","0","0","0","--","--","--","--"," ","0.00","0.79","25","0.80","10","24.35",
="035442","京元電群益56購02","0","0","0","--","--","--","--"," ","0.00","1.55","10","1.65","10","167.00",
="035443","義隆群益53購01","60,000","3","40,480","0.67","0.68","0.67","0.67","-","0.02","0.27","37","--","0","132.50",
="035444","盟立群益54購01","0","0","0","--","--","--","--"," ","0.00","--","0","--","0","72.30",
="035445","長榮太群益54購01","0","0","0","--","--","--","--"," ","0.00","0.47","100","0.48","100","168.50",
="035446","神基群益54購02","34,000","4","50,360","1.48","1.51","1.47","1.47","-","0.03","0.56","35","--","0","163.50",
="035447","神基群益55購02","0","0","0","--","--","--","--"," ","0.00","--","0","--","0","163.50",
="035448","德律群益53購02","152,000","7","418,720","2.85","3.05","2.65","2.65","-","0.38","2.68","10","2.78","10","189.00",
="035449","達邁群益54購01","15,000","3","8,540","0.57","0.58","0.55","0.55","X","0.00","0.54","10","0.64","10","73.10",
="03544U","台積電群益4C售19","0","0","0","--","--","--","--"," ","0.00","0.02","30","--","0","0.00",
="035450","立積群益55購03","46,000","1","36,800","0.80","0.80","0.80","0.80","-","0.02","0.42","23","--","0","151.50",
="035451","祥碩群益54購01","355,000","3","276,900","0.78","0.78","0.78","0.78"," ","0.00","0.70","100","--","0","1,525.00",
="035452","力智群益53購01","208,000","5","423,860","2.04","2.06","2.02","2.03","-","0.04","1.14","8","--","0","214.00",
="035453","廣宇統一57購02","0","0","0","--","--","--","--"," ","0.00","0.57","15","0.58","10","54.10",
="035454","華泰統一57購01","46,000","2","38,220","0.87","0.87","0.81","0.81","-","0.03","0.81","10","0.82","10","47.70",
="035455","長榮太統一59購05","1,000","1","330","0.33","0.33","0.33","0.33","-","0.02","0.33","10","0.34","10","168.50",
="035456","神基統一59購02","50,000","1","30,000","0.60","0.60","0.60","0.60","X","0.00","0.58","10","0.59","10","163.50",
="035457","亞光統一59購02","21,000","1","14,070","0.67","0.67","0.67","0.67"," ","0.00","0.63","10","0.64","10","161.50",
="035458","神達統一59購04","2,000","1","1,700","0.85","0.85","0.85","0.85","X","0.00","0.82","10","0.83","10","90.00",
="035459","亞翔統一57購05","0","0","0","--","--","--","--"," ","0.00","0.59","10","0.60","10","358.50",
="03545U","台積電群益51售07","572,000","6","73,110","0.13","0.13","0.12","0.12","X","0.00","0.10","5","0.38","24","0.00",
="035460","佳必琪統一58購02","0","0","0","--","--","--","--"," ","0.00","0.53","10","0.54","10","160.00",
="035461","佳必琪統一59購01","0","0","0","--","--","--","--"," ","0.00","0.49","10","0.50","10","160.00",
="035462","鈺邦統一59購01","606,000","16","543,530","0.95","0.95","0.82","0.90","-","0.05","0.84","10","0.85","10","198.50",
="035463","富世達統一5B購02","36,000","5","18,360","0.50","0.54","0.50","0.54","X","0.00","0.50","10","0.51","10","1,010.00",
="035464","昇陽半統一59購02","73,000","3","52,820","0.72","0.73","0.72","0.73","+","0.05","0.66","10","0.67","10","179.50",
="035465","台虹統一59購03","20,000","2","13,500","0.69","0.69","0.66","0.66"," ","0.00","0.65","10","0.66","10","63.30",
="035466","海悅永豐54購01","0","0","0","--","--","--","--"," ","0.00","0.51","499","0.52","10","89.00",
="035467","宏碁永豐55購01","0","0","0","--","--","--","--"," ","0.00","2.40","499","2.41","10","31.20",
="035468","義隆永豐54購01","8,000","3","6,140","0.77","0.77","0.75","0.77","-","0.01","0.74","10","0.75","10","132.50",
="035469","冠德永豐54購01","1,000","1","1,550","1.55","1.55","1.55","1.55","X","0.00","1.53","499","1.54","10","36.65",
="03546U","台積電群益51售08","7,000","3","1,100","0.16","0.16","0.15","0.15","-","0.05","0.02","5","--","0","0.00",
="035470","華固永豐54購01","0","0","0","--","--","--","--"," ","0.00","0.45","499","0.46","10","96.60",
="035471","貿聯永豐54購02","95,000","4","70,350","0.77","0.77","0.73","0.73","-","0.09","0.70","499","0.72","10","1,085.00",
="035472","神達永豐59購01","152,000","20","224,830","1.48","1.53","1.41","1.46","+","0.07","1.47","10","1.48","10","90.00",
="035473","佳必琪永豐54購01","91,000","3","72,800","0.80","0.80","0.80","0.80"," ","0.00","0.78","499","0.79","10","160.00",
="035474","矽格永豐54購01","80,000","8","98,600","1.21","1.24","1.20","1.20","-","0.02","1.17","10","1.27","10","93.00",
="035475","AES永豐56購02","0","0","0","--","--","--","--"," ","0.00","1.04","10","1.06","10","1,195.00",
="035476","富世達永豐55購01","83,000","10","1,195,000","13.50","15.00","13.50","14.20","+","1.30","14.10","3","14.20","10","1,010.00",
="035477","滬深反中信57購01","9,000","3","6,870","0.76","0.77","0.76","0.77","+","0.01","0.73","499","0.75","100","0.00",
="035478","廣宇中信54購01","10,000","1","5,000","0.50","0.50","0.50","0.50","X","0.00","0.49","10","0.50","10","0.00",
="035479","長榮太中信53購03","43,000","4","10,000","0.25","0.25","0.19","0.19","-","0.11","0.20","499","0.21","10","0.00",
="03547U","台光電群益4C售05","0","0","0","--","--","--","--"," ","0.00","--","0","--","0","0.00",
="035480","創意中信59購01","0","0","0","--","--","--","--"," ","0.00","0.79","499","0.80","10","0.00",
="035481","亞翔中信55購01","1,000","1","480","0.48","0.48","0.48","0.48","-","0.01","0.47","10","0.48","9","0.00",
="035482","佳必琪中信54購01","0","0","0","--","--","--","--"," ","0.00","0.29","499","0.30","10","0.00",
="035483","緯穎中信59購01","27,000","4","36,660","1.34","1.37","1.34","1.37","-","0.08","1.32","10","1.33","10","0.00",
="035484","臺股指中信56購03","0","0","0","--","--","--","--"," ","0.00","0.87","499","0.88","100","0.00",
="035485","富世達台新53購01","55,000","3","110,820","2.00","2.02","2.00","2.02","+","0.10","2.07","20","2.08","10","0.00",
="035486","長榮太兆豐55購01","210,000","5","95,760","0.46","0.46","0.43","0.43","-","0.12","0.43","10","0.44","10","168.50",
="035487","達興兆豐55購01","163,000","10","155,740","0.94","1.05","0.91","1.05","+","0.15","0.98","10","0.99","10","399.00",
="035488","T50反1富邦5C購01","10,000","1","9,400","0.94","0.94","0.94","0.94","-","0.03","0.90","10","0.91","10","0.00",
="035489","元債2X富邦59購01","0","0","0","--","--","--","--"," ","0.00","1.27","10","1.28","10","0.00",
="03548U","聯發科群益51售04","57,000","1","38,190","0.67","0.67","0.67","0.67","+","0.04","0.21","47","--","0","0.00",
="035490","毅嘉富邦53購02","48,000","1","22,080","0.46","0.46","0.46","0.46","-","0.03","0.44","10","0.45","10","0.00",
="035491","瀚宇博富邦53購01","516,000","51","980,040","2.15","2.15","1.63","1.65","-","0.09","1.54","10","1.57","10","0.00",
="035492","矽格富邦53購01","36,000","4","42,710","1.14","1.19","1.14","1.16"," ","0.00","1.12","10","1.13","10","0.00",
="035493","台虹富邦54購01","58,000","5","79,520","1.38","1.39","1.31","1.39","+","0.01","1.28","10","1.30","10","0.00",
="035494","潤泰新富邦55購01","0","0","0","--","--","--","--"," ","0.00","0.68","30","0.69","10","0.00",
="035495","佳必琪第一56購01","116,000","7","133,950","1.15","1.16","1.15","1.16","+","0.01","1.15","10","1.16","10","0.00",
="035496","滬深2X凱基54購13","0","0","0","--","--","--","--"," ","0.00","0.98","100","0.99","50","19.04",
="035497","滬深2X凱基57購05","0","0","0","--","--","--","--"," ","0.00","0.91","100","0.92","50","19.04",
="035498","美費半凱基54購01","1,000","1","3,240","3.24","3.24","3.24","3.24","+","0.15","3.25","100","3.26","50","49.19",
="035499","華新凱基54購02","2,000","1","3,120","1.56","1.56","1.56","1.56","-","0.16","1.51","100","1.53","10","24.05",
="03549U","聯發科群益51售05","66,000","1","50,820","0.77","0.77","0.77","0.77","+","0.06","0.29","34","--","0","0.00",
="035500","鴻海凱基55購16","848,000","10","846,780","0.97","1.02","0.96","1.02","+","0.10","1.01","499","1.02","499","221.00",
="035501","台積電凱基54購22","0","0","0","--","--","--","--"," ","0.00","1.55","100","1.65","10","1,340.00",
="035502","海悅凱基54購01","40,000","1","26,400","0.66","0.66","0.66","0.66","-","0.10","0.68","10","0.69","40","89.00",
="035503","宏碁凱基54購01","21,000","3","36,550","1.75","1.76","1.72","1.72","-","0.04","1.75","10","1.76","10","31.20",
="035504","漢唐凱基54購09","0","0","0","--","--","--","--"," ","0.00","1.00","100","1.10","10","987.00",
="035505","南亞科凱基54購03","0","0","0","--","--","--","--"," ","0.00","7.80","10","8.30","10","81.00",
="035506","義隆凱基54購02","779,000","7","902,350","1.15","1.17","1.15","1.15","-","0.04","1.13","100","1.16","10","132.50",
="035507","可成凱基54購01","144,000","7","182,040","1.27","1.27","1.26","1.26","-","0.03","1.25","100","1.26","10","189.00",
="035508","冠德凱基54購01","0","0","0","--","--","--","--"," ","0.00","0.90","100","0.91","10","36.65",
="035509","長榮太凱基54購04","0","0","0","--","--","--","--"," ","0.00","0.61","100","0.62","10","168.50",
="03550U","奇鋐群益52售04","0","0","0","--","--","--","--"," ","0.00","0.17","30","--","0","0.00",
="035510","神基凱基54購02","67,000","3","97,140","1.44","1.45","1.44","1.45","-","0.03","1.42","100","1.52","10","163.50",
="035511","大立光凱基56購02","0","0","0","--","--","--","--"," ","0.00","1.61","10","1.65","10","2,360.00",
="035512","辛耘凱基54購03","0","0","0","--","--","--","--"," ","0.00","1.16","10","1.26","10","388.00",
="035513","貿聯凱基54購07","0","0","0","--","--","--","--"," ","0.00","1.26","100","1.36","10","1,085.00",
="035514","瀚宇博凱基54購01","24,000","11","83,940","3.87","3.87","3.12","3.12","+","0.18","2.96","100","3.06","10","104.00",
="035515","達麗凱基54購01","7,000","1","10,150","1.45","1.45","1.45","1.45","-","0.02","1.47","10","1.48","10","50.10",
="035516","佳必琪凱基55購01","0","0","0","--","--","--","--"," ","0.00","0.62","100","0.63","10","160.00",
="035517","迅得凱基55購01","49,000","5","60,630","1.26","1.26","1.19","1.19","-","0.02","1.15","100","1.17","10","176.00",
="035518","采鈺凱基58購01","45,000","6","119,050","2.67","2.67","2.55","2.55","-","0.18","2.55","10","2.56","10","305.50",
="035519","富世達凱基55購01","41,000","2","49,200","1.20","1.20","1.20","1.20","X","0.00","1.15","100","1.17","30","1,010.00",
="03551U","緯創群益4C售02","0","0","0","--","--","--","--"," ","0.00","0.25","20","--","0","0.00",
="035520","富世達凱基55購02","14,000","1","20,020","1.43","1.43","1.43","1.43","X","0.00","1.39","100","1.41","30","1,010.00",
="035521","富世達凱基56購02","24,000","1","29,760","1.24","1.24","1.24","1.24","X","0.00","1.24","100","--","0","1,010.00",
="035522","富世達凱基57購01","28,000","5","33,640","1.16","1.26","1.16","1.26","+","0.17","1.19","100","--","0","1,010.00",
="035523","富世達凱基57購02","0","0","0","--","--","--","--"," ","0.00","1.36","100","--","0","1,010.00",
="035524","天虹凱基54購01","304,000","19","677,270","2.12","2.41","2.08","2.18","-","0.01","2.15","100","2.17","10","252.50",
="035525","台虹凱基54購01","1,000","1","2,010","2.01","2.01","2.01","2.01","X","0.00","1.92","100","2.02","10","63.30",
="035526","SP黃豆元富53購02","15,000","1","10,050","0.67","0.67","0.67","0.67","X","0.00","0.66","25","0.67","25","19.68",
="035527","仁寶元富53購01","46,000","12","205,030","4.53","4.61","4.17","4.21","+","0.29","4.03","25","4.13","10","31.40",
="035528","台積電元富69購01","13,000","10","123,200","9.30","9.70","9.30","9.70","+","0.75","9.00","1","--","0","1,340.00",
="035529","漢唐元富53購03","0","0","0","--","--","--","--"," ","0.00","--","0","--","0","987.00",
="03552U","迎廣群益4C售02","0","0","0","--","--","--","--"," ","0.00","0.87","25","0.88","10","0.00",
="035530","一詮元富53購02","6,000","1","8,700","1.45","1.45","1.45","1.45","-","0.07","1.41","25","1.42","25","82.30",
="035531","皇昌元富53購02","0","0","0","--","--","--","--"," ","0.00","1.02","25","1.03","25","72.70",
="035532","奇鋐元富59購02","79,000","15","261,000","3.48","3.48","3.02","3.02","-","0.02","2.99","25","3.09","10","1,015.00",
="035533","華晶科元富53購01","43,000","6","68,160","1.60","1.64","1.54","1.60","-","0.04","1.53","25","1.54","25","52.80",
="035534","華晶科元富53購02","123,000","7","162,460","1.31","1.35","1.26","1.32","-","0.09","1.25","25","1.26","25","52.80",
="035535","創意元富53購04","0","0","0","--","--","--","--"," ","0.00","0.70","25","--","0","1,315.00",
="035536","貿聯元富54購02","26,000","1","36,400","1.40","1.40","1.40","1.40","+","0.01","1.22","25","1.27","25","1,085.00",
="035537","祥碩元富59購01","10,000","1","15,600","1.56","1.56","1.56","1.56","X","0.00","1.54","25","1.56","25","1,525.00",
="035538","AES元富59購01","0","0","0","--","--","--","--"," ","0.00","1.22","25","1.23","25","1,195.00",
="035539","昇陽半元富59購01","104,000","9","175,560","1.69","1.81","1.62","1.62","-","0.12","1.62","25","1.63","25","179.50",
="03553U","穎崴群益52售04","0","0","0","--","--","--","--"," ","0.00","0.11","100","0.13","100","0.00",
="035540","國企2X國票54購01","16,000","7","33,410","2.17","2.17","2.07","2.10","-","0.13","2.08","25","2.09","10","11.65",
="035541","國企2X國票55購01","217,000","8","318,880","1.52","1.52","1.46","1.47","-","0.10","1.45","25","1.46","10","11.65",
="035542","國企2X國票57購01","1,000","1","1,160","1.16","1.16","1.16","1.16","X","0.00","1.10","25","1.11","10","11.65",
="035543","為升國票59購01","0","0","0","--","--","--","--"," ","0.00","1.41","25","1.44","10","130.00",
="035544","宏碁國票54購01","0","0","0","--","--","--","--"," ","0.00","1.10","25","1.11","10","31.20",
="035545","冠德國票54購01","20,000","2","17,300","0.86","0.87","0.86","0.87","X","0.00","0.85","25","0.86","10","36.65",
="035546","華固國票57購01","0","0","0","--","--","--","--"," ","0.00","0.59","25","0.60","10","96.60",
="035547","陽明國票53購01","3,000","1","4,710","1.57","1.57","1.57","1.57","-","0.04","1.51","25","1.52","10","55.20",
="035548","陽明國票54購01","0","0","0","--","--","--","--"," ","0.00","1.45","25","1.46","10","55.20",
="035549","亞光國票54購02","0","0","0","--","--","--","--"," ","0.00","1.40","25","1.41","10","161.50",
="03554U","虎航群益4C售01","16,000","1","18,720","1.17","1.17","1.17","1.17","X","0.00","1.16","100","1.18","100","0.00",
="035550","富華新國票54購01","0","0","0","--","--","--","--"," ","0.00","0.53","25","0.54","10","20.05",
="035551","玉晶光國票53購01","0","0","0","--","--","--","--"," ","0.00","1.89","25","1.90","10","443.50",
="035552","玉晶光國票54購01","6,000","1","9,840","1.64","1.64","1.64","1.64","X","0.00","1.69","25","1.70","10","443.50",
="035553","群創國票54購03","32,000","4","37,660","1.17","1.22","1.14","1.18","+","0.03","1.17","25","1.18","10","14.15",
="035554","宏致國票55購01","0","0","0","--","--","--","--"," ","0.00","1.77","25","1.78","10","73.30",
="035555","貿聯國票59購01","0","0","0","--","--","--","--"," ","0.00","1.22","25","1.24","10","1,085.00",
="035556","長虹國票54購01","0","0","0","--","--","--","--"," ","0.00","0.84","25","0.85","10","77.40",
="035557","富世達國票55購01","0","0","0","--","--","--","--"," ","0.00","0.91","25","0.92","10","1,010.00",
="035558","天虹國票53購01","0","0","0","--","--","--","--"," ","0.00","2.92","25","2.93","10","252.50",
="035559","天虹國票54購01","18,000","2","56,850","3.15","3.16","3.15","3.16","-","0.04","3.13","25","3.14","10","252.50",
="03555U","昇陽半群益4C售01","0","0","0","--","--","--","--"," ","0.00","0.36","10","0.46","10","0.00",
="035560","昇陽半國票54購02","9,000","2","18,750","1.99","2.13","1.99","2.13","+","0.15","1.90","25","1.91","10","179.50",
="035561","台虹國票54購02","107,000","8","242,980","2.27","2.45","2.26","2.26","-","0.09","2.21","25","2.23","10","63.30",
="035562","泰金寶國票53購01","0","0","0","--","--","--","--"," ","0.00","0.68","25","0.69","10","6.02",
="035563","潤泰新國票54購01","0","0","0","--","--","--","--"," ","0.00","0.79","25","0.81","10","29.80",
="035564","士電國泰54購01","0","0","0","--","--","--","--"," ","0.00","1.14","499","1.15","499","183.00",
="035565","仁寶國泰54購01","59,000","7","115,050","1.98","2.01","1.88","1.88","+","0.07","1.83","499","1.85","100","31.40",
="035566","台光電國泰54購02","74,000","6","165,060","2.08","2.34","1.99","2.28","+","0.31","2.25","499","2.28","499","1,345.00",
="035567","義隆國泰54購01","7,000","3","9,320","1.32","1.34","1.30","1.34","-","0.02","1.28","499","1.30","380","132.50",
="035568","貿聯國泰54購02","24,000","1","41,760","1.74","1.74","1.74","1.74","+","0.08","0.79","63","--","0","1,085.00",
="035569","瑞儀國泰54購01","14,000","3","17,980","1.29","1.29","1.27","1.27","-","0.06","1.27","499","1.29","100","142.00",
="03556U","台光電永豐51售04","0","0","0","--","--","--","--"," ","0.00","0.13","10","0.14","10","0.00",
="035570","佳必琪國泰54購01","0","0","0","--","--","--","--"," ","0.00","0.74","499","0.75","499","160.00",
="035571","富世達國泰54購01","0","0","0","--","--","--","--"," ","0.00","1.35","499","1.37","100","1,010.00",
="035572","台虹國泰54購01","96,000","4","157,880","1.60","1.66","1.58","1.66","X","0.00","1.51","499","1.53","100","63.30",
="035573","中砂元大54購05","48,000","2","100,240","2.05","2.13","2.05","2.13","X","0.00","1.98","400","2.02","10","339.00",
="035574","中砂元大54購06","267,000","7","191,580","0.73","0.74","0.71","0.74","X","0.00","0.67","499","0.70","10","339.00",
="035575","華新元大54購05","1,188,000","14","2,085,690","1.78","1.79","1.72","1.73","-","0.09","1.70","400","1.72","10","24.05",
="035576","億泰元大57購01","30,000","2","13,600","0.44","0.46","0.44","0.46","X","0.00","0.44","499","0.45","10","34.80",
="035577","為升元大54購02","332,000","13","327,030","1.03","1.03","0.95","0.95","-","0.19","1.00","499","1.01","10","130.00",
="035578","鴻海元大54購31","0","0","0","--","--","--","--"," ","0.00","1.15","499","1.16","10","221.00",
="035579","鴻海元大54購32","44,000","5","56,120","1.21","1.30","1.21","1.26","+","0.05","1.29","499","1.30","10","221.00",
="03557U","台光電富邦51售02","5,000","1","200","0.04","0.04","0.04","0.04","-","0.02","0.04","100","0.05","98","0.00",
="035580","台亞元大54購01","50,000","9","124,490","2.51","2.65","2.36","2.44","-","0.03","2.42","300","2.45","10","27.80",
="035581","台亞元大54購02","17,000","4","61,100","3.49","3.62","3.49","3.58","+","0.11","3.35","200","3.39","10","27.80",
="035582","順德元大54購01","15,000","1","23,700","1.58","1.58","1.58","1.58","+","0.08","1.52","499","1.53","10","81.90",
="035583","順德元大54購02","0","0","0","--","--","--","--"," ","0.00","0.77","499","0.78","10","81.90",
="035584","漢唐元大54購05","8,000","1","5,600","0.70","0.70","0.70","0.70"," ","0.00","0.71","25","0.72","10","987.00",
="035585","漢唐元大57購02","0","0","0","--","--","--","--"," ","0.00","0.67","499","0.68","10","987.00",
="035586","漢唐元大59購02","1,000","1","670","0.67","0.67","0.67","0.67","X","0.00","0.66","499","0.67","10","987.00",
="035587","京元電元大54購18","8,000","1","15,200","1.90","1.90","1.90","1.90","+","0.10","1.65","400","1.67","10","167.00",
="035588","京元電元大54購19","7,000","1","14,420","2.06","2.06","2.06","2.06","+","0.04","1.88","350","1.89","10","167.00",
="035589","京元電元大54購20","0","0","0","--","--","--","--"," ","0.00","1.52","450","1.53","10","167.00",
="03558U","國企2X元富4C售02","0","0","0","--","--","--","--"," ","0.00","0.34","25","0.35","25","0.00",
="035590","飛宏元大54購01","0","0","0","--","--","--","--"," ","0.00","1.62","450","1.64","10","24.95",
="035591","飛宏元大54購02","0","0","0","--","--","--","--"," ","0.00","1.76","400","1.78","10","24.95",
="035592","盟立元大54購04","159,000","2","187,960","1.20","1.20","1.18","1.18","X","0.00","1.15","25","1.18","10","72.30",
="035593","鉅祥元大54購04","545,000","17","445,230","0.84","0.86","0.80","0.80","-","0.11","0.80","499","0.81","10","108.50",
="035594","強茂元大54購03","0","0","0","--","--","--","--"," ","0.00","1.66","400","1.67","10","71.70",
="035595","強茂元大54購04","3,000","3","3,670","1.20","1.24","1.20","1.23","-","0.12","1.24","499","1.25","10","71.70",
="035596","一詮元大54購01","27,000","6","61,510","2.33","2.33","2.26","2.30","-","0.09","2.24","350","2.26","10","82.30",
="035597","長榮太元大54購05","244,000","10","188,260","0.83","0.83","0.76","0.76","-","0.22","0.75","499","0.76","10","168.50",
="035598","長榮太元大54購06","302,000","9","154,530","0.55","0.56","0.48","0.48","-","0.21","0.50","499","0.51","10","168.50",
="035599","亞光元大54購13","0","0","0","--","--","--","--"," ","0.00","0.92","499","0.93","10","161.50",
="03559U","FBNQ2X元富4C售04","0","0","0","--","--","--","--"," ","0.00","0.23","25","0.24","25","0.00",
="035600","德律元大59購01","630,000","17","696,830","1.09","1.16","1.07","1.07","-","0.05","1.08","499","1.09","10","189.00",
="035601","華晶科元大57購01","0","0","0","--","--","--","--"," ","0.00","0.86","499","0.87","10","52.80",
="035602","華晶科元大58購01","310,000","4","284,860","0.92","0.93","0.88","0.88","-","0.04","0.88","499","0.89","10","52.80",
="035603","緯創元大55購01","170,000","2","168,300","0.99","0.99","0.99","0.99","X","0.00","0.97","10","0.99","10","122.50",
="035604","創意元大57購01","0","0","0","--","--","--","--"," ","0.00","0.72","25","0.73","10","1,315.00",
="035605","辛耘元大54購01","339,000","14","717,310","2.02","2.20","2.02","2.08","+","0.30","2.01","15","2.05","10","388.00",
="035606","貿聯元大54購15","212,000","4","150,840","0.74","0.74","0.71","0.71","-","0.09","0.71","300","--","0","1,085.00",
="035607","神達元大54購14","74,000","4","149,150","1.98","2.12","1.95","1.98","+","0.08","2.03","400","2.06","10","90.00",
="035608","神達元大54購15","18,000","3","45,840","2.40","2.59","2.39","2.39","+","0.16","2.44","350","2.47","10","90.00",
="035609","神達元大54購16","108,000","10","259,600","2.42","2.49","2.34","2.38","+","0.08","2.42","350","2.45","10","90.00",
="03560U","台積電元富4C售11","0","0","0","--","--","--","--"," ","0.00","--","0","--","0","0.00",
="035610","南寶元大57購01","731,000","29","1,262,290","1.76","1.76","1.67","1.75","-","0.07","1.70","450","1.72","10","416.50",
="035611","南寶元大58購01","485,000","16","482,120","1.03","1.03","0.97","0.97","-","0.09","0.98","25","1.00","10","416.50",
="035612","臻鼎元大54購08","26,000","2","15,080","0.58","0.58","0.58","0.58","-","0.01","0.54","499","0.55","10","171.50",
="035613","立積元大54購03","16,000","1","14,560","0.91","0.91","0.91","0.91","-","0.07","0.89","25","0.91","10","151.50",
="035614","立積元大57購01","271,000","7","180,440","0.68","0.68","0.65","0.66","-","0.04","0.66","499","0.67","10","151.50",
="035615","達興元大54購06","321,000","13","410,380","1.26","1.38","1.24","1.38","+","0.01","1.43","499","1.45","10","399.00",
="035616","佳必琪元大59購01","63,000","3","59,220","0.94","0.94","0.94","0.94"," ","0.00","0.93","499","0.94","10","160.00",
="035617","矽格元大54購01","75,000","9","245,700","3.24","3.36","3.21","3.21","-","0.09","3.13","5","--","0","93.00",
="035618","矽格元大54購02","25,000","4","68,650","2.74","2.83","2.67","2.83","+","0.07","1.10","45","--","0","93.00",
="035619","鈺邦元大54購01","478,000","31","880,580","2.13","2.13","1.67","1.92","-","0.11","1.85","360","1.87","10","198.50",
="03561U","台光電元富4C售03","0","0","0","--","--","--","--"," ","0.00","0.01","25","0.10","10","0.00",
="035620","緯穎元大54購22","0","0","0","--","--","--","--"," ","0.00","2.29","350","2.31","10","3,140.00",
="035621","富世達元大54購15","598,000","8","483,520","0.80","0.85","0.80","0.81","X","0.00","0.77","499","0.80","10","1,010.00",
="035622","富世達元大54購16","954,000","6","708,850","0.73","0.80","0.73","0.80","X","0.00","0.73","499","0.75","10","1,010.00",
="035623","富世達元大58購03","499,000","2","359,280","0.72","0.72","0.72","0.72","X","0.00","0.72","499","0.74","10","1,010.00",
="035624","昇陽半元大54購05","246,000","13","386,020","1.60","1.64","1.53","1.64","+","0.09","1.49","499","1.50","10","179.50",
="035625","台虹元大54購03","167,000","13","542,120","3.15","3.44","3.11","3.13","-","0.12","3.04","25","3.07","10","63.30",
="035626","T50正2群益53購03","3,000","1","10,740","3.58","3.58","3.58","3.58","+","0.22","0.31","32","3.88","10","302.45",
="035627","T50反1群益53購02","98,000","5","71,640","0.73","0.74","0.73","0.73","-","0.14","0.72","100","0.73","100","18.29",
="035628","T50反1群益54購01","0","0","0","--","--","--","--"," ","0.00","0.48","100","0.49","100","18.29",
="035629","元石油群益58購01","29,000","2","21,750","0.75","0.75","0.75","0.75","X","0.00","0.74","25","0.75","10","16.00",
="03562U","台光電元富4C售04","0","0","0","--","--","--","--"," ","0.00","0.04","25","0.10","10","0.00",
="035630","國企2X群益53購01","0","0","0","--","--","--","--"," ","0.00","0.15","7","1.75","10","11.65",
="035631","中興電群益53購02","0","0","0","--","--","--","--"," ","0.00","0.80","100","0.82","100","159.00",
="035632","大亞群益53購01","0","0","0","--","--","--","--"," ","0.00","1.31","10","1.41","10","39.85",
="035633","上銀群益54購01","65,000","5","122,800","1.89","1.90","1.87","1.88","-","0.16","1.86","100","1.88","100","217.50",
="035634","台達電群益53購05","10,000","1","56,000","5.60","5.60","5.60","5.60","+","0.05","2.05","4","--","0","893.00",
="035635","華通群益53購03","177,000","11","622,890","3.53","3.58","3.43","3.43","+","0.04","3.02","100","3.04","100","77.00",
="035636","鴻海群益59購02","69,000","8","169,420","2.44","2.49","2.41","2.44","+","0.22","2.48","100","2.51","100","221.00",
="035637","廣宇群益53購06","0","0","0","--","--","--","--"," ","0.00","1.26","10","1.36","10","54.10",
="035638","台積電群益54購24","0","0","0","--","--","--","--"," ","0.00","--","0","--","0","1,340.00",
="035639","友訊群益53購01","2,000","1","3,900","1.95","1.95","1.95","1.95","+","0.05","1.90","25","1.92","10","17.80",
="03563U","台光電元富4C售05","201,000","5","36,150","0.18","0.18","0.17","0.17","X","0.00","0.16","25","0.17","25","0.00",
="035640","智邦群益53購07","114,000","7","151,700","1.29","1.36","1.29","1.36","+","0.10","1.30","100","1.32","100","1,005.00",
="035641","海悅群益54購01","10,000","1","6,100","0.61","0.61","0.61","0.61","X","0.00","0.62","10","0.72","10","89.00",
="035642","宏碁群益53購02","0","0","0","--","--","--","--"," ","0.00","0.47","10","0.57","10","31.20",
="035643","微星群益53購01","0","0","0","--","--","--","--"," ","0.00","0.26","38","--","0","119.50",
="035644","毅嘉群益55購02","0","0","0","--","--","--","--"," ","0.00","0.85","100","0.86","100","53.50",
="035645","南亞科群益53購03","20,000","2","117,000","5.90","5.90","5.80","5.80","-","0.45","4.65","2","--","0","81.00",
="035646","建準群益53購03","89,000","4","128,190","1.43","1.46","1.33","1.33","+","0.05","0.53","18","--","0","129.00",
="035647","飛宏群益53購01","0","0","0","--","--","--","--"," ","0.00","2.35","10","2.45","10","24.95",
="035648","鉅祥群益55購02","0","0","0","--","--","--","--"," ","0.00","0.69","100","0.70","100","108.50",
="035649","一詮群益53購02","10,000","1","21,200","2.12","2.12","2.12","2.12","-","0.16","2.06","25","2.08","10","82.30",
="03564U","達興元富4C售03","0","0","0","--","--","--","--"," ","0.00","0.09","25","0.10","25","0.00",
="035650","國產群益53購01","0","0","0","--","--","--","--"," ","0.00","0.63","10","0.73","10","35.90",
="035651","華固群益54購01","0","0","0","--","--","--","--"," ","0.00","0.62","10","0.72","10","96.60",
="035652","萬海群益58購01","0","0","0","--","--","--","--"," ","0.00","0.69","10","0.79","10","77.90",
="035653","八方群益53購01","129,000","6","114,670","0.88","0.91","0.87","0.90"," ","0.00","0.87","10","0.97","10","205.00",
="035654","大立光群益53購03","0","0","0","--","--","--","--"," ","0.00","1.16","100","1.20","100","2,360.00",
="035655","亞光群益53購04","3,000","1","4,530","1.51","1.51","1.51","1.51","+","0.01","1.40","100","1.43","100","161.50",
="035656","聯詠群益53購01","372,000","30","1,022,830","2.37","2.89","2.37","2.71","+","0.23","2.71","10","2.81","10","443.00",
="035657","富華新群益53購01","0","0","0","--","--","--","--"," ","0.00","0.35","10","0.45","10","20.05",
="035658","緯創群益53購07","86,000","9","163,780","1.89","2.00","1.80","1.81","+","0.09","0.59","16","--","0","122.50",
="035659","創意群益59購01","0","0","0","--","--","--","--"," ","0.00","0.37","3","--","0","1,315.00",
="03565U","穎崴元富4C售01","0","0","0","--","--","--","--"," ","0.00","0.03","25","0.10","10","0.00",
="035660","群創群益53購02","410,000","5","585,150","1.44","1.45","1.39","1.39","-","0.03","1.50","100","1.54","100","14.15",
="035661","碩天群益53購02","0","0","0","--","--","--","--"," ","0.00","1.27","10","1.37","10","217.00",
="035662","世芯群益57購02","0","0","0","--","--","--","--"," ","0.00","0.33","30","--","0","3,700.00",
="035663","貿聯群益53購04","436,000","4","562,770","1.42","1.42","1.26","1.26","-","0.13","0.57","35","--","0","1,085.00",
="035664","神達群益53購06","240,000","5","387,700","1.64","1.75","1.60","1.75","+","0.41","1.64","10","1.74","10","90.00",
="035665","南寶群益59購01","84,000","3","87,680","1.08","1.08","1.04","1.04","-","0.08","0.55","18","--","0","416.50",
="035666","上品群益53購02","16,000","2","49,640","3.12","3.12","3.05","3.05","-","0.03","3.12","10","3.22","10","308.00",
="035667","臻鼎群益53購10","171,000","14","226,910","1.35","1.38","1.20","1.20","-","0.11","1.20","10","1.30","10","171.50",
="035668","佳必琪群益55購01","0","0","0","--","--","--","--"," ","0.00","--","0","--","0","160.00",
="035669","鈺邦群益53購02","868,000","45","1,130,350","1.45","2.98","1.08","1.35","-","0.40","1.26","1","1.35","9","198.50",
="03566U","世紀鋼元富4C售02","0","0","0","--","--","--","--"," ","0.00","1.90","25","1.93","25","0.00",
="035670","愛普群益53購02","95,000","4","211,470","2.25","2.30","2.08","2.30","-","0.06","0.90","11","--","0","344.00",
="035671","緯穎群益53購11","8,000","4","40,290","4.92","5.15","4.92","4.98","X","0.00","2.15","9","--","0","3,140.00",
="035672","志強群益56購01","160,000","4","101,910","0.64","0.64","0.63","0.63","-","0.07","0.63","25","0.64","10","104.50",
="035673","富世達群益53購02","33,000","3","27,120","0.78","0.84","0.78","0.84","+","0.10","0.31","32","--","0","1,010.00",
="035674","天虹群益53購01","246,000","7","399,750","1.58","1.74","1.57","1.63"," ","0.00","1.62","25","1.64","10","252.50",
="035675","天虹群益53購02","65,000","4","98,610","1.52","1.69","1.51","1.59","+","0.02","1.56","25","1.58","10","252.50",
="035676","昇陽半群益55購02","13,000","2","18,960","1.44","1.52","1.44","1.52","+","0.09","1.36","10","1.46","10","179.50",
="035677","台虹群益54購01","614,000","28","828,530","1.32","1.45","1.30","1.33","-","0.03","0.57","17","--","0","63.30",
="035678","鉅祥兆豐55購01","95,000","4","117,380","1.27","1.27","1.15","1.15","-","0.23","1.21","10","1.23","10","108.50",
="035679","臺指反富邦69購01","0","0","0","--","--","--","--"," ","0.00","0.30","30","0.31","10","0.00",
="03567U","漢唐國票51售02","0","0","0","--","--","--","--"," ","0.00","0.02","524","0.05","109","0.00",
="035680","華新富邦54購01","23,000","4","17,990","0.83","0.83","0.77","0.77","-","0.09","0.76","30","0.77","10","0.00",
="035681","鴻海富邦53購07","103,000","4","137,860","1.33","1.34","1.32","1.32","X","0.00","1.32","30","1.33","10","0.00",
="035682","所羅門富邦59購01","241,000","14","198,860","0.83","0.83","0.81","0.81","-","0.02","0.80","10","0.81","10","0.00",
="035683","創意富邦55購01","152,000","6","116,920","0.74","0.79","0.72","0.79","+","0.06","0.77","30","0.78","10","0.00",
="035684","立積富邦55購01","294,000","22","241,320","0.86","0.86","0.79","0.79","-","0.09","0.79","10","0.80","10","0.00",
="035685","華邦電中信53購01","111,000","27","952,700","8.25","9.15","8.10","9.15","+","1.75","9.15","9","9.30","10","0.00",
="035686","臺股指中信56購04","264,000","5","153,540","0.54","0.61","0.54","0.61","+","0.11","0.59","499","0.60","100","0.00",
="035687","滬深2X永豐55購02","0","0","0","--","--","--","--"," ","0.00","1.14","499","1.15","10","19.04",
="035688","中砂永豐55購01","25,000","1","275,000","11.00","11.00","11.00","11.00","X","0.00","10.50","499","10.70","10","339.00",
="035689","台積電永豐59購02","102,000","6","151,350","1.43","1.51","1.43","1.51","+","0.25","0.41","24","--","0","1,340.00",
="03568U","一詮國票51售01","0","0","0","--","--","--","--"," ","0.00","0.75","25","0.76","10","0.00",
="035690","華邦電永豐55購01","152,000","20","833,250","5.20","5.60","5.00","5.60","+","1.02","5.55","11","6.05","10","36.45",
="035691","台光電永豐56購01","0","0","0","--","--","--","--"," ","0.00","24.10","499","25.10","10","1,345.00",
="035692","京元電永豐55購02","0","0","0","--","--","--","--"," ","0.00","0.84","10","0.85","10","167.00",
="035693","京元電永豐56購01","4,000","2","64,900","16.30","16.30","16.20","16.20","-","0.50","15.40","499","15.60","10","167.00",
="035694","強茂永豐54購01","19,000","2","15,870","0.83","0.84","0.83","0.84","-","0.07","0.83","499","0.85","10","71.70",
="035695","一詮永豐54購01","0","0","0","--","--","--","--"," ","0.00","2.46","499","2.47","10","82.30",
="035696","八方永豐53購01","93,000","3","83,350","0.89","0.91","0.89","0.91","+","0.01","0.89","10","0.91","10","205.00",
="035697","晶豪科永豐53購01","126,000","5","367,970","2.97","2.97","2.82","2.88","-","0.18","1.41","7","3.60","1","81.00",
="035698","晶豪科永豐55購01","341,000","31","2,242,600","6.95","6.95","6.25","6.25","-","0.40","6.75","10","6.80","10","81.00",
="035699","奇鋐永豐5C購01","174,000","24","196,400","1.18","1.18","1.05","1.05"," ","0.00","1.05","10","1.07","10","1,015.00",
="03569U","雄獅國票4C售02","0","0","0","--","--","--","--"," ","0.00","0.75","25","0.76","10","0.00",
="035700","創意永豐56購01","10,000","1","95,000","9.50","9.50","9.50","9.50","X","0.00","9.15","499","9.40","10","1,315.00",
="035701","辛耘永豐55購01","374,000","14","354,740","0.94","1.01","0.93","0.94","+","0.10","0.93","10","0.94","10","388.00",
="035702","南寶永豐55購01","10,000","6","65,250","6.60","6.65","6.30","6.65","+","0.05","6.45","499","6.95","10","416.50",
="035703","達麗永豐54購01","0","0","0","--","--","--","--"," ","0.00","1.03","10","1.04","10","50.10",
="035704","佳必琪永豐55購01","60,000","2","40,800","0.68","0.68","0.68","0.68"," ","0.00","0.66","499","0.67","10","160.00",
="035705","AES永豐53購07","0","0","0","--","--","--","--"," ","0.00","0.39","499","0.40","10","1,195.00",
="035706","采鈺永豐53購02","31,000","4","23,410","0.75","0.76","0.74","0.74","-","0.09","0.75","10","0.76","10","305.50",
="035707","采鈺永豐54購03","0","0","0","--","--","--","--"," ","0.00","1.25","499","1.26","10","305.50",
="035708","采鈺永豐56購01","11,000","2","148,500","13.50","13.50","13.50","13.50","-","0.80","13.10","10","13.20","10","305.50",
="035709","富世達永豐56購01","32,000","5","470,800","14.70","16.50","14.50","16.30","+","3.10","14.90","499","15.30","10","1,010.00",
="03570U","聯茂國票51售02","0","0","0","--","--","--","--"," ","0.00","0.21","25","0.26","10","0.00",
="035710","來億永豐53購01","117,000","7","110,680","0.96","0.96","0.93","0.94","-","0.01","0.94","4","0.95","10","224.00",
="035711","世紀鋼永豐56購02","0","0","0","--","--","--","--"," ","0.00","2.37","499","2.40","10","171.50",
="035712","富世達第一55購01","0","0","0","--","--","--","--"," ","0.00","3.15","10","3.23","10","0.00",
="035713","T50反1凱基5B購03","60,000","3","47,200","0.80","0.80","0.78","0.78","-","0.07","0.78","100","0.79","10","18.29",
="035714","國企2X凱基55購01","0","0","0","--","--","--","--"," ","0.00","1.33","100","1.34","50","11.65",
="035715","中砂凱基54購02","235,000","32","430,950","1.76","1.97","1.74","1.81","+","0.16","1.80","100","1.81","10","339.00",
="035716","上銀凱基54購01","16,000","3","31,960","1.96","2.08","1.96","1.96","-","0.07","1.96","100","--","0","217.50",
="035717","川湖凱基54購03","60,000","2","91,800","1.53","1.53","1.53","1.53","X","0.00","1.42","100","1.47","10","3,220.00",
="035718","光寶科凱基58購02","0","0","0","--","--","--","--"," ","0.00","2.83","100","2.93","10","183.00",
="035719","台達電凱基59購01","75,000","8","256,690","3.57","3.57","3.36","3.36","-","0.16","3.33","100","3.43","10","893.00",
="03571U","臺股指國票4C售08","200,000","20","47,600","0.25","0.25","0.23","0.23","X","0.00","0.13","499","0.23","10","0.00",
="035720","廣宇凱基54購03","0","0","0","--","--","--","--"," ","0.00","1.74","100","1.75","10","54.10",
="035721","華邦電凱基54購02","4,000","3","31,700","7.65","8.25","7.55","8.25","+","1.45","8.45","50","8.95","10","36.45",
="035722","華邦電凱基54購04","7,000","4","48,700","7.00","7.10","6.75","7.10","+","0.70","7.45","50","7.95","10","36.45",
="035723","順德凱基54購01","11,000","2","15,950","1.45","1.45","1.45","1.45","-","0.01","1.49","10","1.50","10","81.90",
="035724","所羅門凱基54購01","36,000","3","54,360","1.57","1.57","1.50","1.50","-","0.05","1.50","10","1.52","10","144.50",
="035725","南亞科凱基54購04","38,000","7","86,570","2.40","2.49","2.17","2.49","+","0.10","2.38","100","2.45","1","81.00",
="035726","京元電凱基54購04","5,000","5","6,050","1.30","1.30","1.16","1.16","-","0.12","1.14","100","1.15","10","167.00",
="035727","一詮凱基54購01","10,000","3","10,660","1.11","1.11","1.06","1.07","-","0.07","1.06","10","1.07","10","82.30",
="035728","華固凱基54購01","0","0","0","--","--","--","--"," ","0.00","0.53","10","0.54","40","96.60",
="035729","聯詠凱基54購01","46,000","5","72,710","1.49","1.73","1.48","1.73","+","0.22","1.59","10","1.69","10","443.00",
="03572U","台光電凱基4C售06","0","0","0","--","--","--","--"," ","0.00","0.14","100","0.15","30","0.00",
="035730","創意凱基59購01","0","0","0","--","--","--","--"," ","0.00","1.20","100","1.24","10","1,315.00",
="035731","嘉澤凱基57購02","156,000","3","204,250","1.36","1.36","1.29","1.29","-","0.10","1.30","10","1.32","10","1,605.00",
="035732","南寶凱基55購01","30,000","5","40,600","1.39","1.39","1.33","1.34","-","0.04","1.29","10","1.39","10","416.50",
="035733","達興凱基54購02","42,000","6","42,930","0.97","1.08","0.97","1.08","X","0.00","1.10","10","1.11","10","399.00",
="035734","矽格凱基54購02","27,000","4","76,830","2.86","2.86","2.78","2.78","-","0.04","2.67","100","2.77","10","93.00",
="035735","AES凱基58購01","15,000","1","12,300","0.82","0.82","0.82","0.82","-","0.05","0.81","100","0.82","10","1,195.00",
="035736","采鈺凱基54購04","450,000","2","558,500","1.25","1.25","1.24","1.24","-","0.12","1.24","10","1.25","10","305.50",
="035737","士電統一59購02","0","0","0","--","--","--","--"," ","0.00","0.52","10","0.53","10","183.00",
="035738","中砂統一5B購03","30,000","1","18,900","0.63","0.63","0.63","0.63","+","0.02","0.62","10","0.63","10","339.00",
="035739","川湖統一58購05","350,000","10","304,860","0.86","0.89","0.86","0.87"," ","0.00","0.83","10","0.84","10","3,220.00",
="03573U","富邦金凱基4C售04","0","0","0","--","--","--","--"," ","0.00","0.13","10","0.23","10","0.00",
="035740","川湖統一59購01","58,000","3","37,420","0.64","0.66","0.64","0.64","-","0.01","0.63","10","0.64","10","3,220.00",
="035741","川湖統一5C購01","45,000","1","45,450","1.01","1.01","1.01","1.01","-","0.10","1.00","10","1.01","10","3,220.00",
="035742","光寶科統一5C購01","1,638,000","93","1,548,720","0.94","1.00","0.90","0.95","-","0.08","0.95","10","--","0","183.00",
="035743","華邦電統一57購02","270,000","21","540,570","1.84","2.10","1.84","2.10","+","0.30","2.10","10","2.12","10","36.45",
="035744","海悅統一5C購01","0","0","0","--","--","--","--"," ","0.00","0.39","10","0.40","10","89.00",
="035745","所羅門統一59購04","0","0","0","--","--","--","--"," ","0.00","0.56","10","0.57","10","144.50",
="035746","致茂統一61購01","0","0","0","--","--","--","--"," ","0.00","0.77","10","0.78","10","614.00",
="035747","鉅祥統一5C購02","73,000","2","32,850","0.45","0.45","0.45","0.45","-","0.01","0.42","10","0.43","10","108.50",
="035748","強茂統一5C購01","229,000","10","115,700","0.50","0.51","0.50","0.51","-","0.02","0.50","11","0.51","10","71.70",
="035749","皇昌統一57購01","80,000","4","48,500","0.62","0.62","0.59","0.59","X","0.00","0.58","10","0.59","10","72.70",
="03574U","富世達凱基4C售04","0","0","0","--","--","--","--"," ","0.00","0.08","100","0.09","50","0.00",
="035750","八方統一57購02","69,000","2","45,540","0.66","0.66","0.66","0.66","+","0.01","0.64","10","0.65","10","205.00",
="035751","神基統一61購01","0","0","0","--","--","--","--"," ","0.00","0.63","10","0.64","10","163.50",
="035752","晟銘電統一61購01","0","0","0","--","--","--","--"," ","0.00","0.51","10","0.52","10","121.00",
="035753","緯創統一59購02","537,000","18","463,050","0.84","0.89","0.83","0.83","+","0.03","0.82","10","0.83","10","122.50",
="035754","玉晶光統一59購03","0","0","0","--","--","--","--"," ","0.00","0.61","10","0.62","10","443.50",
="035755","聯鈞統一58購01","1,415,000","59","2,008,650","1.36","1.57","1.34","1.53","+","0.16","1.53","10","1.55","10","278.00",
="035756","貿聯統一59購01","130,000","5","92,690","0.75","0.75","0.67","0.67","-","0.04","0.64","10","0.65","10","1,085.00",
="035757","上品統一59購01","21,000","1","14,700","0.70","0.70","0.70","0.70","X","0.00","0.67","10","0.68","10","308.00",
="035758","臻鼎統一55購02","534,000","14","401,970","0.74","0.76","0.67","0.68","-","0.07","0.67","10","0.68","10","171.50",
="035759","達興統一5B購02","70,000","5","40,500","0.57","0.60","0.56","0.60","+","0.05","0.58","10","0.59","10","399.00",
="03575U","臺股指凱基4C售21","100,000","1","4,000","0.04","0.04","0.04","0.04","X","0.00","0.04","100","0.05","10","0.00",
="035760","達興統一61購02","0","0","0","--","--","--","--"," ","0.00","0.51","10","0.52","10","399.00",
="035761","長虹統一5C購01","40,000","1","17,600","0.44","0.44","0.44","0.44","X","0.00","0.44","10","0.45","10","77.40",
="035762","達麗統一5C購01","0","0","0","--","--","--","--"," ","0.00","0.65","10","0.66","10","50.10",
="035763","佳必琪統一5C購01","0","0","0","--","--","--","--"," ","0.00","0.48","10","0.49","10","160.00",
="035764","矽格統一58購01","250,000","8","218,700","0.89","0.89","0.86","0.87"," ","0.00","0.83","10","0.84","10","93.00",
="035765","鈺邦統一58購03","935,000","45","878,960","1.02","1.02","0.87","0.94","-","0.05","0.88","10","0.89","10","198.50",
="035766","AES統一5B購01","0","0","0","--","--","--","--"," ","0.00","0.45","10","0.46","10","1,195.00",
="035767","采鈺統一5B購01","72,000","2","46,400","0.65","0.65","0.61","0.61","-","0.02","0.61","10","0.62","10","305.50",
="035768","采鈺統一5C購01","0","0","0","--","--","--","--"," ","0.00","0.62","10","0.63","10","305.50",
="035769","采鈺統一5C購02","10,000","1","9,500","0.95","0.95","0.95","0.95","X","0.00","0.94","10","0.95","10","305.50",
="03576P","台積電凱基4A售07","0","0","0","--","--","--","--"," ","0.00","0.01","100","0.06","2","0.00",
="03576U","奇鋐元大4C售11","0","0","0","--","--","--","--"," ","0.00","0.26","499","0.28","200","0.00",
="035770","泓德統一59購02","0","0","0","--","--","--","--"," ","0.00","0.35","10","0.36","10","125.50",
="035771","T50反1元富53購03","0","0","0","--","--","--","--"," ","0.00","1.07","25","1.08","25","18.29",
="035772","上証2X元富59購01","0","0","0","--","--","--","--"," ","0.00","1.02","25","1.03","25","47.20",
="035773","A50正2元富53購02","20,000","2","30,300","1.58","1.58","1.45","1.45","-","0.04","0.16","62","--","0","32.79",
="035774","國企2X元富53購02","1,000","1","1,930","1.93","1.93","1.93","1.93","-","0.05","1.86","25","1.87","25","11.65",
="035775","中502X元富59購01","10,000","1","27,200","2.72","2.72","2.72","2.72","X","0.00","2.60","25","2.61","25","13.10",
="035776","川湖元富54購02","10,000","1","19,100","1.91","1.91","1.91","1.91","X","0.00","1.82","25","1.92","10","3,220.00",
="035777","川湖元富54購03","0","0","0","--","--","--","--"," ","0.00","1.54","25","1.64","10","3,220.00",
="035778","國巨元富53購03","8,000","3","28,110","3.53","3.53","3.44","3.49","+","0.11","3.36","25","3.46","25","176.00",
="035779","華邦電元富59購01","290,000","27","2,073,500","6.95","7.40","6.85","7.05","+","0.75","7.20","25","7.70","10","36.45",
="03577U","技嘉群益4C售04","0","0","0","--","--","--","--"," ","0.00","0.52","10","0.62","10","0.00",
="035780","矽統元富53購01","22,000","2","44,920","2.06","2.06","2.02","2.02","-","0.19","1.98","25","1.99","25","58.60",
="035781","昆盈元富53購02","43,000","1","70,950","1.65","1.65","1.65","1.65","-","0.10","1.63","25","1.64","25","42.60",
="035782","大同元富53購01","64,000","4","134,210","2.09","2.15","2.06","2.06","+","0.02","2.15","25","2.17","25","39.85",
="035783","南亞科元富53購04","0","0","0","--","--","--","--"," ","0.00","--","0","--","0","81.00",
="035784","南亞科元富53購05","0","0","0","--","--","--","--"," ","0.00","--","0","--","0","81.00",
="035785","偉詮電元富53購01","2,000","1","1,860","0.93","0.93","0.93","0.93","X","0.00","0.97","25","0.98","25","56.00",
="035786","鉅祥元富53購04","2,000","1","4,080","2.04","2.04","2.04","2.04","-","0.30","2.07","25","2.11","25","108.50",
="035787","強茂元富56購02","0","0","0","--","--","--","--"," ","0.00","1.57","25","1.58","25","71.70",
="035788","陽明元富53購01","0","0","0","--","--","--","--"," ","0.00","0.99","25","1.00","25","55.20",
="035789","萬海元富53購01","0","0","0","--","--","--","--"," ","0.00","1.22","25","1.23","25","77.90",
="03578U","一詮群益4C售02","0","0","0","--","--","--","--"," ","0.00","0.67","25","0.68","10","0.00",
="035790","緯創元富54購01","71,000","2","119,940","1.68","1.70","1.68","1.70","+","0.11","1.63","25","1.65","25","122.50",
="035791","元債2X元大4B購01","0","0","0","--","--","--","--"," ","0.00","0.07","100","0.08","50","7.35",
="035792","創意元富54購02","0","0","0","--","--","--","--"," ","0.00","9.80","25","--","0","1,315.00",
="035794","群創元富54購02","0","0","0","--","--","--","--"," ","0.00","1.05","25","1.07","25","14.15",
="035795","達興元富53購02","179,000","11","199,620","1.03","1.27","1.03","1.17","+","0.05","1.19","25","1.20","25","399.00",
="035796","天虹元富53購02","122,000","5","157,250","1.23","1.37","1.23","1.29","+","0.06","1.24","25","1.25","25","252.50",
="035797","滬深2X國票62購02","0","0","0","--","--","--","--"," ","0.00","1.48","25","1.49","10","19.04",
="035798","華邦電國票54購03","62,000","9","514,900","8.10","8.55","7.90","8.40","+","1.25","8.60","25","8.65","10","36.45",
="035799","聚陽國泰54購01","32,000","2","42,020","1.32","1.32","1.31","1.31","X","0.00","1.29","10","1.32","10","294.00",
="03579U","臺股指群益54售14","0","0","0","--","--","--","--"," ","0.00","0.30","499","0.31","499","0.00",
="035800","宏碁國泰54購01","70,000","3","89,900","1.28","1.30","1.28","1.29","X","0.00","1.30","499","1.32","499","31.20",
="035801","漢唐國泰54購04","0","0","0","--","--","--","--"," ","0.00","--","0","--","0","987.00",
="035802","漢唐國泰54購05","99,000","3","88,590","0.91","0.91","0.85","0.85","-","0.03","0.90","499","0.91","499","987.00",
="035803","南亞科國泰54購02","16,000","6","135,800","8.60","8.60","8.30","8.60","-","0.90","8.60","138","9.10","100","81.00",
="035804","京元電國泰54購02","0","0","0","--","--","--","--"," ","0.00","1.29","499","1.31","499","167.00",
="035805","鉅祥國泰54購01","136,000","4","154,680","1.13","1.15","1.13","1.13","+","0.02","1.05","499","1.07","499","108.50",
="035806","雄獅國泰54購01","80,000","1","89,600","1.12","1.12","1.12","1.12","-","0.09","1.07","499","1.10","100","158.50",
="035807","達興國泰54購01","57,000","1","60,420","1.06","1.06","1.06","1.06","X","0.00","1.17","499","1.19","100","399.00",
="035808","達興國泰54購02","0","0","0","--","--","--","--"," ","0.00","1.07","499","1.08","100","399.00",
="035809","采鈺國泰54購01","28,000","2","66,640","2.38","2.38","2.38","2.38","+","0.04","2.15","499","2.16","499","305.50",
="03580U","臺股指群益54售15","0","0","0","--","--","--","--"," ","0.00","0.32","499","0.33","499","0.00",
="035810","元債2X元大57購02","0","0","0","--","--","--","--"," ","0.00","1.37","250","1.38","100","7.35",
="035811","直得元大54購02","0","0","0","--","--","--","--"," ","0.00","1.25","499","1.28","10","81.30",
="035812","大亞元大54購02","1,000","1","1,650","1.65","1.65","1.65","1.65"," ","0.00","1.60","450","1.62","10","39.85",
="035813","大亞元大54購03","1,000","1","930","0.93","0.93","0.93","0.93","-","0.01","0.90","499","0.91","10","39.85",
="035814","億泰元大54購04","0","0","0","--","--","--","--"," ","0.00","0.51","499","0.52","10","34.80",
="035815","劍麟元大54購01","384,000","11","321,200","0.95","0.95","0.77","0.81","-","0.13","0.80","499","0.81","10","108.50",
="035816","鴻海元大54購33","0","0","0","--","--","--","--"," ","0.00","1.19","499","1.20","10","221.00",
="035817","鴻海元大54購35","394,000","7","534,430","1.33","1.38","1.33","1.37","+","0.12","1.36","499","1.39","10","221.00",
="035818","廣宇元大58購01","180,000","6","202,800","1.13","1.13","1.12","1.12","-","0.01","1.10","499","1.11","10","54.10",
="035819","燿華元大54購02","0","0","0","--","--","--","--"," ","0.00","1.64","450","1.66","10","27.50",
="03581U","臺股指群益54售16","15,000","2","3,950","0.27","0.27","0.26","0.26","-","0.04","0.26","499","0.27","499","0.00",
="035820","漢唐元大54購06","0","0","0","--","--","--","--"," ","0.00","0.52","499","0.53","10","987.00",
="035821","漢唐元大54購08","0","0","0","--","--","--","--"," ","0.00","0.64","499","0.65","10","987.00",
="035822","南亞科元大54購06","128,000","14","618,810","4.95","5.10","4.62","5.10","+","0.20","4.99","25","5.10","10","81.00",
="035823","盟立元大54購05","21,000","1","35,910","1.71","1.71","1.71","1.71","+","0.13","1.60","25","1.62","10","72.30",
="035824","鉅祥元大55購01","503,000","12","331,770","0.69","0.70","0.64","0.64","-","0.09","0.64","499","0.66","10","108.50",
="035825","強茂元大54購05","25,000","4","44,400","1.72","1.79","1.72","1.79","-","0.10","1.78","400","1.79","10","71.70",
="035826","強茂元大54購06","2,000","1","3,800","1.90","1.90","1.90","1.90","-","0.19","1.93","351","1.94","10","71.70",
="035827","慧洋元大54購01","0","0","0","--","--","--","--"," ","0.00","1.69","450","1.71","10","58.40",
="035828","長榮太元大59購01","94,000","6","82,730","0.94","0.94","0.86","0.89","-","0.08","0.87","499","0.88","10","168.50",
="035829","豐達科元大54購03","80,000","1","64,000","0.80","0.80","0.80","0.80","-","0.06","0.80","499","0.81","10","134.50",
="03582U","台光電台新4C售05","0","0","0","--","--","--","--"," ","0.00","0.03","20","0.04","10","0.00",
="035830","豐達科元大54購04","393,000","18","401,180","1.07","1.07","0.98","0.99","-","0.08","0.99","499","1.00","10","134.50",
="035831","神基元大54購04","480,000","7","457,880","0.93","0.97","0.93","0.95","X","0.00","0.92","25","0.94","10","163.50",
="035832","亞光元大54購14","250,000","3","233,000","0.94","0.94","0.92","0.92","-","0.04","0.89","499","0.90","10","161.50",
="035833","亞光元大54購15","0","0","0","--","--","--","--"," ","0.00","0.61","499","0.62","10","161.50",
="035834","亞光元大56購01","112,000","4","87,490","0.79","0.79","0.78","0.78","-","0.03","0.74","499","0.75","10","161.50",
="035835","德律元大59購02","590,000","11","669,930","1.12","1.20","1.11","1.12","-","0.07","1.11","499","1.12","10","189.00",
="035836","創意元大54購08","10,000","1","6,700","0.67","0.67","0.67","0.67","+","0.03","0.65","10","0.66","10","1,315.00",
="035837","創意元大57購02","0","0","0","--","--","--","--"," ","0.00","0.66","25","0.67","10","1,315.00",
="035838","辛耘元大54購02","219,000","13","349,020","1.51","1.64","1.51","1.51","+","0.16","1.49","25","--","0","388.00",
="035839","宏致元大58購01","50,000","5","92,900","1.86","1.87","1.85","1.86","+","0.01","1.73","400","1.74","10","73.30",
="03583U","台光電凱基4C售08","0","0","0","--","--","--","--"," ","0.00","0.06","100","0.08","50","0.00",
="035840","貿聯元大54購17","243,000","9","358,210","1.59","1.59","1.43","1.45","-","0.09","1.37","499","--","0","1,085.00",
="035841","貿聯元大54購18","280,000","9","207,600","0.80","0.80","0.70","0.70","-","0.08","0.68","499","--","0","1,085.00",
="035842","TPK元大54購02","1,000","1","1,920","1.92","1.92","1.92","1.92","-","0.08","1.92","25","1.97","10","39.30",
="035843","神達元大54購17","3,000","3","2,390","0.81","0.81","0.78","0.78","+","0.07","0.76","499","0.77","10","90.00",
="035844","臻鼎元大54購09","16,000","5","44,590","2.89","2.89","2.58","2.58","-","0.14","2.58","250","2.61","10","171.50",
="035845","臻鼎元大54購11","174,000","7","109,340","0.64","0.64","0.61","0.61","+","0.03","0.56","499","0.57","10","171.50",
="035846","達興元大58購01","3,000","1","2,010","0.67","0.67","0.67","0.67","X","0.00","0.69","499","0.70","10","399.00",
="035847","矽格元大54購03","72,000","8","212,070","2.93","3.01","2.84","3.01","+","0.02","0.19","263","--","0","93.00",
="035848","矽格元大55購01","82,000","8","158,670","1.88","1.98","1.86","1.88","-","0.06","0.14","71","1.85","10","93.00",
="035849","樺漢元大54購02","25,000","1","35,750","1.43","1.43","1.43","1.43","X","0.00","1.39","499","1.41","10","299.00",
="03584U","漢唐凱基51售03","0","0","0","--","--","--","--"," ","0.00","0.02","100","0.12","10","0.00",
="035850","鈺邦元大54購02","368,000","34","637,720","2.06","2.06","1.18","1.83","-","0.24","1.76","350","1.78","10","198.50",
="035851","緯穎元大54購23","4,000","3","30,400","7.65","7.65","7.55","7.55","X","0.00","7.50","100","7.55","10","3,140.00",
="035852","緯穎元大59購01","10,000","1","9,800","0.98","0.98","0.98","0.98","-","0.04","1.00","499","1.01","10","3,140.00",
="035853","采鈺元大59購01","266,000","9","330,850","1.27","1.29","1.23","1.23","-","0.05","1.21","499","1.22","10","305.50",
="035854","富世達元大54購17","539,000","4","303,040","0.56","0.59","0.56","0.59","+","0.06","0.55","499","0.56","10","1,010.00",
="035855","富世達元大54購18","1,413,000","7","880,730","0.61","0.67","0.61","0.62","+","0.03","0.61","501","0.62","10","1,010.00",
="035856","富世達元大55購01","500,000","6","291,300","0.56","0.60","0.56","0.60","+","0.02","0.59","499","0.60","10","1,010.00",
="035857","寶成元大54購01","0","0","0","--","--","--","--"," ","0.00","1.62","450","1.64","10","28.90",
="035858","滬深2X群益56購03","0","0","0","--","--","--","--"," ","0.00","0.12","3","1.04","10","19.04",
="035859","滬深2X群益57購02","0","0","0","--","--","--","--"," ","0.00","0.12","3","1.03","10","19.04",
="03585U","昇陽半凱基4C售05","50,000","1","6,000","0.12","0.12","0.12","0.12","-","0.01","0.13","10","0.14","50","0.00",
="035860","華新群益53購04","8,000","1","15,520","1.94","1.94","1.94","1.94"," ","0.00","1.87","10","1.97","10","24.05",
="035861","川湖群益53購03","0","0","0","--","--","--","--"," ","0.00","1.54","100","1.58","100","3,220.00",
="035862","川湖群益55購02","60,000","6","112,900","1.84","1.91","1.82","1.88","-","0.32","1.81","100","1.83","100","3,220.00",
="035863","川湖群益57購03","20,000","3","29,620","1.50","1.50","1.45","1.47","-","0.21","1.44","100","1.45","100","3,220.00",
="035864","為升群益53購01","279,000","29","248,090","0.89","0.91","0.81","0.87","-","0.13","0.46","21","--","0","130.00",
="035865","鴻海群益53購17","92,000","4","299,170","3.26","3.26","3.23","3.23","+","0.36","3.23","100","3.28","100","221.00",
="035866","鴻海群益53購18","29,000","6","116,710","3.89","4.04","3.89","3.99","+","0.47","4.01","100","4.06","100","221.00",
="035867","鴻海群益54購11","13,000","2","19,590","1.47","1.51","1.47","1.51","X","0.00","1.48","100","1.50","100","221.00",
="035868","鴻海群益54購12","1,000","1","1,310","1.31","1.31","1.31","1.31","X","0.00","1.32","100","1.34","100","221.00",
="035869","鴻海群益56購02","135,000","12","299,930","2.16","2.27","2.16","2.20","X","0.00","2.23","100","2.26","100","221.00",
="03586U","群臺2X國票51售01","232,000","6","128,540","0.56","0.56","0.54","0.56","+","0.01","0.55","25","0.56","10","0.00",
="035870","鴻海群益69購01","506,000","27","1,608,770","3.13","3.21","3.13","3.19","+","0.19","3.18","100","3.20","100","221.00",
="035871","仁寶群益53購01","633,000","10","1,395,840","2.30","2.32","2.14","2.14","+","0.12","2.09","10","2.19","10","31.40",
="035872","華邦電群益53購03","59,000","20","395,350","7.00","7.50","6.10","7.50","+","2.05","2.75","18","7.50","19","36.45",
="035873","智邦群益57購01","23,000","2","21,850","0.95","0.95","0.95","0.95","+","0.05","0.92","100","0.93","100","1,005.00",
="035874","海悅群益54購02","0","0","0","--","--","--","--"," ","0.00","0.36","10","0.46","10","89.00",
="035875","致茂群益54購02","102,000","8","172,940","1.66","1.74","1.64","1.74","+","0.22","1.64","10","1.74","10","614.00",
="035876","漢唐群益54購05","0","0","0","--","--","--","--"," ","0.00","--","0","--","0","987.00",
="035877","義隆群益53購02","30,000","5","22,640","0.76","0.76","0.74","0.75","-","0.02","0.31","32","--","0","132.50",
="035878","可成群益53購02","13,000","1","21,970","1.69","1.69","1.69","1.69","-","0.07","1.67","10","1.77","10","189.00",
="035879","鉅祥群益55購03","326,000","8","273,840","0.84","0.84","0.84","0.84","-","0.06","0.84","100","0.86","100","108.50",
="03587U","群臺2X國票53售01","25,000","2","15,900","0.64","0.64","0.62","0.62","-","0.07","0.62","25","0.63","30","0.00",
="035880","長榮太群益54購02","60,000","2","32,800","0.55","0.55","0.54","0.54","-","0.17","0.54","100","0.55","100","168.50",
="035881","晶豪科群益53購01","273,000","35","799,970","3.05","3.07","2.65","2.96","-","0.05","1.14","17","--","0","81.00",
="035882","大立光群益53購04","54,000","2","57,240","1.06","1.06","1.06","1.06","-","0.06","1.04","100","1.08","100","2,360.00",
="035883","華晶科群益55購01","10,000","8","8,140","0.85","0.85","0.79","0.79","-","0.07","0.78","11","0.88","10","52.80",
="035884","辛耘群益53購03","0","0","0","--","--","--","--"," ","0.00","0.33","30","--","0","388.00",
="035885","達興群益54購01","28,000","2","25,530","0.90","0.93","0.90","0.93","X","0.00","0.94","10","1.04","10","399.00",
="035886","瑞儀群益53購01","100,000","1","79,000","0.79","0.79","0.79","0.79","-","0.02","0.78","100","0.80","100","142.00",
="035887","佳必琪群益53購03","0","0","0","--","--","--","--"," ","0.00","0.01","499","--","0","160.00",
="035888","富世達群益55購01","0","0","0","--","--","--","--"," ","0.00","0.27","10","--","0","1,010.00",
="035889","鉅祥兆豐55購02","25,000","1","21,000","0.84","0.84","0.84","0.84","-","0.05","0.78","10","0.79","10","108.50",
="03588U","萬海國票51售04","0","0","0","--","--","--","--"," ","0.00","1.94","25","1.97","10","0.00",
="035890","A50正2中信57購01","0","0","0","--","--","--","--"," ","0.00","0.88","499","0.89","100","0.00",
="035891","元債2X中信59購01","0","0","0","--","--","--","--"," ","0.00","0.71","499","0.72","100","0.00",
="035892","川湖中信53購01","303,000","7","203,620","0.67","0.68","0.64","0.64","X","0.00","0.61","10","0.64","10","0.00",
="035893","佳能中信53購01","2,008,000","147","2,359,920","1.05","1.32","1.05","1.19","+","0.14","1.19","21","1.20","10","0.00",
="035894","盟立中信53購01","93,000","2","46,650","0.51","0.51","0.50","0.50","X","0.00","0.49","499","0.51","10","0.00",
="035895","鉅祥中信54購01","322,000","8","206,920","0.66","0.66","0.61","0.62","-","0.09","0.62","10","0.64","10","0.00",
="035896","欣興中信54購01","44,000","5","84,370","1.90","1.94","1.82","1.82","+","0.06","1.75","499","1.77","10","0.00",
="035897","玉晶光中信59購01","10,000","1","9,300","0.93","0.93","0.93","0.93","+","0.02","0.91","499","0.93","10","0.00",
="035898","聯鈞中信54購01","607,000","32","891,170","1.35","1.72","1.34","1.63","+","0.23","1.64","10","1.74","10","0.00",
="035899","牧德中信53購01","0","0","0","--","--","--","--"," ","0.00","0.30","499","--","0","0.00",
="03589U","世芯國票4C售03","0","0","0","--","--","--","--"," ","0.00","0.36","25","0.37","10","0.00",
="035900","世芯中信53購01","106,000","10","73,770","0.70","0.70","0.61","0.61","-","0.15","0.61","499","0.62","10","0.00",
="035901","達興中信53購01","79,000","3","24,790","0.29","0.35","0.29","0.35","+","0.02","0.34","499","0.35","10","0.00",
="035902","jpp中信54購01","215,000","6","172,170","0.83","0.83","0.77","0.77","-","0.05","0.78","10","0.79","10","0.00",
="035903","洋基中信54購01","97,000","3","34,240","0.36","0.36","0.35","0.35","+","0.02","0.33","499","0.34","10","0.00",
="035904","AES中信53購01","0","0","0","--","--","--","--"," ","0.00","0.35","10","0.36","10","0.00",
="035905","采鈺中信53購01","50,000","2","22,400","0.46","0.46","0.43","0.43","-","0.06","0.44","10","0.45","10","0.00",
="035906","富世達中信53購01","10,000","1","5,300","0.53","0.53","0.53","0.53","X","0.00","0.51","499","0.53","10","0.00",
="035907","光寶科永豐55購01","282,000","25","1,000,330","3.27","3.83","3.27","3.50","-","0.13","3.46","10","3.50","10","183.00",
="035908","華邦電永豐54購02","135,000","21","504,030","3.75","4.06","3.58","4.02","+","0.89","3.92","10","4.02","9","36.45",
="035909","威盛永豐55購01","0","0","0","--","--","--","--"," ","0.00","4.72","499","4.75","10","59.50",
="03590U","jpp國票51售02","1,000","1","70","0.07","0.07","0.07","0.07"," ","0.00","0.06","25","0.07","10","0.00",
="035910","京元電永豐54購03","10,000","1","24,300","2.43","2.43","2.43","2.43","-","0.02","2.17","10","2.27","10","167.00",
="035911","聯發科永豐54購05","8,000","1","6,560","0.82","0.82","0.82","0.82","X","0.00","0.76","499","0.77","10","1,375.00",
="035912","志聖永豐54購01","102,000","7","79,760","0.73","0.81","0.73","0.78","X","0.00","0.71","499","0.72","10","197.00",
="035913","奇鋐永豐53購04","43,000","3","60,160","1.50","1.50","1.36","1.36"," ","0.00","1.28","499","1.29","10","1,015.00",
="035914","牧德永豐55購01","47,000","6","22,660","0.48","0.49","0.48","0.48","-","0.08","0.49","10","0.50","10","544.00",
="035915","神達永豐56購03","30,000","2","31,300","1.03","1.05","1.03","1.05","+","0.10","1.00","499","1.01","10","90.00",
="035916","日月光永豐53購01","176,000","7","168,430","0.96","0.97","0.91","0.94","+","0.02","0.93","10","0.95","10","174.50",
="035917","日月光永豐55購01","20,000","1","25,200","1.26","1.26","1.26","1.26","X","0.00","1.20","499","1.22","10","174.50",
="035918","日月光永豐56購01","11,000","3","156,800","14.40","14.40","13.90","13.90","+","0.60","13.80","499","13.90","8","174.50",
="035919","jpp永豐55購01","10,000","1","9,300","0.93","0.93","0.93","0.93","-","0.03","0.92","499","0.93","10","286.50",
="03591U","臺股指國票4C售09","0","0","0","--","--","--","--"," ","0.00","0.05","499","0.15","10","0.00",
="035920","力成永豐55購01","15,000","2","166,000","11.10","11.10","11.00","11.00","+","0.30","10.90","499","11.00","10","150.50",
="035921","訊芯永豐55購01","20,000","2","59,200","2.96","2.96","2.96","2.96","+","0.28","2.69","499","2.79","10","164.50",
="035922","采鈺永豐55購01","55,000","6","234,200","4.32","4.44","4.12","4.44","-","0.19","4.38","499","4.41","10","305.50",
="035923","天虹永豐54購01","2,000","1","3,740","1.87","1.87","1.87","1.87","+","0.11","1.77","10","1.78","10","252.50",
="035924","南電永豐55購01","2,000","1","33,000","16.50","16.50","16.50","16.50"," ","0.00","14.90","10","--","0","234.50",
="035925","士電元富53購01","0","0","0","--","--","--","--"," ","0.00","1.28","25","1.30","25","183.00",
="035926","楠梓電元富54購01","788,000","25","1,211,210","1.67","1.67","1.47","1.47","-","0.17","0.83","54","--","0","103.50",
="035927","楠梓電元富59購01","173,000","8","320,150","1.87","1.87","1.70","1.70","-","0.41","1.03","49","--","0","103.50",
="035928","宏碁元富53購01","0","0","0","--","--","--","--"," ","0.00","1.46","25","1.47","25","31.20",
="035929","南亞科元富54購01","1,000","1","5,500","5.50","5.50","5.50","5.50","-","0.55","4.11","2","--","0","81.00",
="03592U","臺股指國票51售07","0","0","0","--","--","--","--"," ","0.00","0.24","499","0.34","10","0.00",
="035930","偉詮電元富53購02","58,000","4","46,200","0.78","0.86","0.78","0.86","+","0.05","0.81","25","0.82","25","56.00",
="035931","京元電元富53購03","0","0","0","--","--","--","--"," ","0.00","1.31","25","1.33","25","167.00",
="035932","緯創元富53購02","0","0","0","--","--","--","--"," ","0.00","12.10","25","12.30","25","122.50",
="035933","創意元富53購05","0","0","0","--","--","--","--"," ","0.00","1.02","25","--","0","1,315.00",
="035934","宏致元富56購01","7,000","2","7,550","1.09","1.09","1.05","1.05","-","0.05","1.00","25","1.01","25","73.30",
="035935","精銳元富53購01","10,000","1","8,000","0.80","0.80","0.80","0.80","X","0.00","0.76","25","0.78","25","695.00",
="035936","迎廣元富53購01","0","0","0","--","--","--","--"," ","0.00","0.94","25","0.95","25","85.80",
="035937","訊芯元富53購01","80,000","3","70,920","0.88","0.90","0.88","0.88","+","0.07","0.83","25","0.84","10","164.50",
="035938","緯穎元富59購02","0","0","0","--","--","--","--"," ","0.00","1.27","25","1.28","25","3,140.00",
="035939","采鈺元富53購02","0","0","0","--","--","--","--"," ","0.00","0.96","25","0.97","25","305.50",
="03593U","臺股指國票51售08","0","0","0","--","--","--","--"," ","0.00","0.38","499","0.39","499","0.00",
="035940","天虹元富54購01","51,000","3","60,720","1.15","1.27","1.12","1.27","+","0.08","1.16","25","1.17","25","252.50",
="035941","jpp第一55購01","104,000","5","210,590","2.15","2.15","2.00","2.01","-","0.07","2.00","10","2.01","10","0.00",
="035942","香港2X凱基55購01","80,000","3","73,900","0.92","0.93","0.90","0.93","-","0.03","0.90","100","0.91","50","18.02",
="035943","元債2X凱基57購02","0","0","0","--","--","--","--"," ","0.00","1.29","499","1.30","250","7.35",
="035944","華新凱基58購01","50,000","5","122,260","2.51","2.51","2.38","2.38","-","0.09","2.33","100","2.34","10","24.05",
="035945","鴻海凱基55購18","18,000","1","17,820","0.99","0.99","0.99","0.99","+","0.08","1.00","499","1.01","499","221.00",
="035946","台積電凱基55購12","0","0","0","--","--","--","--"," ","0.00","1.29","100","1.30","10","1,340.00",
="035947","華邦電凱基57購01","23,000","4","64,980","2.86","3.01","2.81","3.01","+","0.48","2.99","100","3.09","10","36.45",
="035948","華邦電凱基59購01","26,000","9","73,900","2.87","2.90","2.72","2.90","+","0.35","2.99","100","3.09","10","36.45",
="035949","京元電凱基55購02","0","0","0","--","--","--","--"," ","0.00","1.19","100","1.21","10","167.00",
="03594U","臺股指元大4C售29","0","0","0","--","--","--","--"," ","0.00","0.11","200","0.19","10","0.00",
="035950","鉅祥凱基54購03","126,000","6","69,800","0.60","0.60","0.55","0.55","-","0.11","0.55","100","0.56","10","108.50",
="035951","強茂凱基54購04","34,000","4","62,600","1.82","1.85","1.82","1.85","-","0.10","1.84","10","1.86","10","71.70",
="035952","慧洋凱基54購01","10,000","1","15,500","1.55","1.55","1.55","1.55","-","0.07","1.56","10","1.57","10","58.40",
="035953","牧德凱基54購02","0","0","0","--","--","--","--"," ","0.00","0.68","100","0.69","10","544.00",
="035954","牧德凱基54購03","1,000","1","810","0.81","0.81","0.81","0.81","-","0.01","0.76","100","0.77","10","544.00",
="035955","牧德凱基54購04","1,000","1","860","0.86","0.86","0.86","0.86","-","0.01","0.81","100","0.82","10","544.00",
="035956","辛耘凱基54購04","30,000","3","42,200","1.41","1.41","1.40","1.41","+","0.20","1.35","10","1.45","10","388.00",
="035957","貿聯凱基59購01","15,000","3","29,600","2.00","2.00","1.95","1.97","-","0.08","1.89","100","1.99","10","1,085.00",
="035958","神達凱基54購08","6,000","1","11,700","1.95","1.95","1.95","1.95","X","0.00","1.86","100","1.87","10","90.00",
="035959","日月光凱基54購02","23,000","3","31,910","1.39","1.39","1.36","1.36","+","0.21","1.29","10","1.31","10","174.50",
="03595U","臺股指元大4C售30","49,000","1","15,190","0.31","0.31","0.31","0.31","X","0.00","0.32","100","0.33","10","0.00",
="035960","臻鼎凱基54購08","157,000","6","232,270","1.54","1.54","1.35","1.36","-","0.12","1.36","100","1.38","10","171.50",
="035961","立積凱基57購01","16,000","2","22,980","1.53","1.53","1.43","1.43","-","0.18","1.45","100","1.46","10","151.50",
="035962","jpp凱基54購02","38,000","2","42,920","1.11","1.13","1.11","1.13","+","0.04","1.09","10","1.19","10","286.50",
="035963","采鈺凱基54購05","91,000","6","86,330","0.98","0.98","0.93","0.93","-","0.10","0.93","2","0.94","10","305.50",
="035964","富世達凱基54購08","0","0","0","--","--","--","--"," ","0.00","1.25","100","--","0","1,010.00",
="035965","天虹凱基54購02","153,000","13","226,000","1.33","1.54","1.33","1.41","+","0.01","1.38","100","1.39","10","252.50",
="035966","南電凱基54購06","123,000","13","397,870","3.42","3.44","3.00","3.00","-","0.11","1.96","5","3.00","10","234.50",
="035967","寶成凱基54購01","0","0","0","--","--","--","--"," ","0.00","1.02","10","1.12","10","28.90",
="035968","潤泰新凱基54購01","0","0","0","--","--","--","--"," ","0.00","1.44","100","1.45","10","29.80",
="035969","楠梓電國票54購02","357,000","15","603,610","1.84","1.84","1.47","1.49","-","0.35","1.45","25","1.46","10","103.50",
="03596U","臺股指元大4C售31","251,000","4","58,290","0.24","0.24","0.19","0.23"," ","0.00","0.18","100","0.23","10","0.00",
="035970","華邦電國票54購04","52,000","10","258,590","4.84","5.25","4.77","5.25","+","1.09","5.20","25","5.25","10","36.45",
="035971","偉詮電國票54購01","0","0","0","--","--","--","--"," ","0.00","1.11","25","1.12","10","56.00",
="035972","京元電國票54購02","0","0","0","--","--","--","--"," ","0.00","1.18","25","1.19","10","167.00",
="035973","鉅祥國票54購01","22,000","3","17,260","0.80","0.80","0.77","0.77","-","0.13","0.76","25","0.77","10","108.50",
="035974","鉅祥國票55購01","16,000","1","11,360","0.71","0.71","0.71","0.71","-","0.08","0.71","25","0.72","10","108.50",
="035975","華晶科國票54購01","12,000","3","10,100","0.88","0.88","0.83","0.87","-","0.04","0.83","25","0.84","10","52.80",
="035976","牧德國票54購02","1,000","1","1,280","1.28","1.28","1.28","1.28","X","0.00","1.24","25","1.25","10","544.00",
="035977","日月光國票57購01","0","0","0","--","--","--","--"," ","0.00","1.17","25","1.19","10","174.50",
="035978","jpp國票54購03","99,000","4","156,310","1.66","1.66","1.57","1.57","-","0.05","1.54","25","1.56","10","286.50",
="035979","佳必琪國票53購02","1,000","1","1,100","1.10","1.10","1.10","1.10","X","0.00","1.10","24","1.11","10","160.00",
="03597U","臺指2X中信52售01","293,000","5","109,340","0.38","0.38","0.36","0.38","-","0.05","0.37","100","0.38","100","0.00",
="035980","矽格國票54購03","50,000","2","107,800","2.18","2.18","2.15","2.15","-","0.01","2.09","25","2.10","10","93.00",
="035981","緯穎國票54購03","0","0","0","--","--","--","--"," ","0.00","1.67","25","1.68","10","3,140.00",
="035982","AES國票55購01","0","0","0","--","--","--","--"," ","0.00","0.65","25","0.66","10","1,195.00",
="035983","天虹國票55購01","0","0","0","--","--","--","--"," ","0.00","1.64","25","1.65","10","252.50",
="035984","世紀鋼國票53購02","1,000","1","1,260","1.26","1.26","1.26","1.26","-","0.02","1.22","25","1.23","10","171.50",
="035985","華邦電國泰54購02","14,000","3","58,990","4.00","4.41","4.00","4.41","+","0.64","4.42","100","--","0","36.45",
="035986","華邦電國泰54購03","1,000","1","3,840","3.84","3.84","3.84","3.84","+","0.48","4.08","100","--","0","36.45",
="035987","南亞科國泰54購03","1,000","1","5,850","5.85","5.85","5.85","5.85","X","0.00","5.85","209","6.35","100","81.00",
="035988","志聖國泰54購01","418,000","9","442,780","1.05","1.19","1.03","1.06","X","0.00","1.05","10","1.06","5","197.00",
="035989","牧德國泰54購01","14,000","1","14,560","1.04","1.04","1.04","1.04","-","0.03","0.97","499","0.98","380","544.00",
="03598U","臺指2X中信54售01","1,407,000","11","490,200","0.35","0.36","0.33","0.33","-","0.04","0.33","100","0.34","107","0.00",
="035990","jpp國泰54購01","65,000","9","92,070","1.46","1.51","1.38","1.40","-","0.06","1.40","1","1.41","10","286.50",
="035991","緯穎國泰54購02","100,000","1","178,000","1.78","1.78","1.78","1.78"," ","0.00","0.10","11","--","0","3,140.00",
="035992","富世達國泰54購02","0","0","0","--","--","--","--"," ","0.00","1.15","499","1.16","100","1,010.00",
="035993","南電國泰54購02","119,000","15","556,030","4.74","4.89","4.07","4.07","+","0.09","4.05","499","4.08","10","234.50",
="035994","T50正2元大53購08","0","0","0","--","--","--","--"," ","0.00","2.23","499","2.24","10","302.45",
="035995","深中小元大54購01","0","0","0","--","--","--","--"," ","0.00","1.52","499","1.54","100","15.68",
="035996","深中小元大55購01","37,000","4","49,760","1.43","1.43","1.28","1.28","-","0.09","1.27","250","1.28","100","15.68",
="035997","南亞元大59購01","82,000","1","59,040","0.72","0.72","0.72","0.72","+","0.05","0.66","499","0.67","10","39.80",
="035998","台達電元大58購03","343,000","26","499,020","1.47","1.47","1.38","1.39","-","0.05","1.38","40","--","0","893.00",
="035999","華通元大57購02","45,000","3","130,620","2.91","2.91","2.88","2.88","+","0.04","2.60","250","2.61","10","77.00",
="03599U","穎崴永豐51售01","0","0","0","--","--","--","--"," ","0.00","0.09","499","0.10","10","0.00",
="036000","楠梓電元大54購03","563,000","30","501,560","0.94","0.94","0.79","0.80","-","0.14","0.46","108","1.40","9","103.50",
="036001","楠梓電元大54購04","418,000","15","390,060","1.02","1.02","0.85","0.85","-","0.17","0.54","18","--","0","103.50",
="036002","楠梓電元大54購05","458,000","23","427,730","0.99","0.99","0.84","0.85","-","0.14","0.56","17","1.00","5","103.50",
="036003","鴻海元大54購36","46,000","11","456,150","9.85","10.00","9.70","10.00","+","0.90","9.95","100","10.00","10","221.00",
="036004","鴻海元大54購38","206,000","7","282,010","1.34","1.38","1.34","1.38","+","0.13","1.37","499","1.38","6","221.00",
="036005","廣宇元大57購01","0","0","0","--","--","--","--"," ","0.00","2.21","350","2.22","10","54.10",
="036006","燿華元大54購03","1,000","1","1,560","1.56","1.56","1.56","1.56","-","0.13","1.54","450","1.55","10","27.50",
="036007","燿華元大54購04","0","0","0","--","--","--","--"," ","0.00","1.64","450","1.66","10","27.50",
="036008","毅嘉元大54購06","0","0","0","--","--","--","--"," ","0.00","1.36","499","1.37","10","53.50",
="036009","京元電元大58購02","0","0","0","--","--","--","--"," ","0.00","1.67","400","1.68","10","167.00",
="03600U","緯創台新51售01","0","0","0","--","--","--","--"," ","0.00","0.73","10","0.74","10","0.00",
="036010","強茂元大54購08","3,000","1","5,160","1.72","1.72","1.72","1.72","-","0.18","1.75","400","1.76","10","71.70",
="036011","強茂元大54購09","0","0","0","--","--","--","--"," ","0.00","1.95","350","1.96","10","71.70",
="036012","長榮太元大57購01","415,000","4","207,500","0.50","0.50","0.50","0.50","-","0.07","0.50","499","0.51","10","168.50",
="036013","神基元大54購05","371,000","4","276,860","0.76","0.76","0.74","0.74","-","0.01","0.73","25","0.75","10","163.50",
="036014","神基元大54購06","10,000","1","11,800","1.18","1.18","1.18","1.18","+","0.04","1.16","25","1.18","10","163.50",
="036015","晶豪科元大54購01","261,000","27","836,270","3.28","3.38","2.94","3.17","-","0.03","3.24","250","3.27","10","81.00",
="036016","奇鋐元大59購01","132,000","15","130,380","1.05","1.05","0.94","0.94","+","0.01","0.93","499","0.94","10","1,015.00",
="036017","亞光元大57購03","50,000","1","29,000","0.58","0.58","0.58","0.58","-","0.01","0.56","499","0.57","10","161.50",
="036018","零壹元大54購01","0","0","0","--","--","--","--"," ","0.00","0.70","499","0.71","10","125.00",
="036019","創意元大54購09","174,000","1","99,180","0.57","0.57","0.57","0.57","X","0.00","0.56","25","0.57","10","1,315.00",
="03601U","台積電統一52售09","0","0","0","--","--","--","--"," ","0.00","0.15","10","0.16","10","0.00",
="036020","創意元大54購10","491,000","2","334,790","0.65","0.69","0.65","0.69","+","0.07","0.67","25","0.68","10","1,315.00",
="036021","牧德元大54購01","116,000","4","130,120","1.17","1.17","1.10","1.10","-","0.13","1.10","25","1.11","10","544.00",
="036022","牧德元大59購01","0","0","0","--","--","--","--"," ","0.00","0.55","499","0.56","10","544.00",
="036023","貿聯元大54購19","338,000","4","219,600","0.65","0.65","0.64","0.64","-","0.06","0.62","499","--","0","1,085.00",
="036024","南寶元大54購03","24,000","4","39,060","1.63","1.63","1.60","1.60","-","0.10","1.58","25","1.61","10","416.50",
="036025","南寶元大54購04","169,000","14","288,230","1.73","1.73","1.69","1.69","-","0.10","1.65","25","1.68","10","416.50",
="036026","jpp元大56購01","222,000","9","185,700","0.85","0.85","0.80","0.84","-","0.08","0.83","25","0.84","10","286.50",
="036027","佳必琪元大57購01","111,000","2","128,530","1.16","1.16","1.15","1.15","-","0.04","1.15","499","1.17","10","160.00",
="036028","佳必琪元大58購01","209,000","8","246,090","1.19","1.19","1.17","1.19","-","0.01","1.17","499","1.18","10","160.00",
="036029","富世達元大54購19","667,000","6","452,020","0.66","0.69","0.66","0.69","X","0.00","0.66","499","0.67","10","1,010.00",
="03602U","台積電統一56售07","1,877,000","27","271,430","0.14","0.15","0.14","0.14","-","0.03","0.14","10","0.15","10","0.00",
="036030","南電元大54購10","62,000","2","183,780","2.97","2.97","2.94","2.94","+","0.35","2.54","300","2.55","10","234.50",
="036031","南電元大54購11","101,000","9","290,710","2.88","2.93","2.52","2.52","-","0.01","2.51","300","2.52","10","234.50",
="036032","菱光元大54購01","102,000","6","216,380","2.01","2.17","2.01","2.17","X","0.00","2.06","400","2.09","10","60.90",
="036033","富鼎元大54購01","200,000","12","327,770","1.68","1.70","1.60","1.65","+","0.01","1.67","450","1.68","10","95.50",
="036034","臺股指元大53購23","0","0","0","--","--","--","--"," ","0.00","2.48","499","2.49","10","0.00",
="036035","臺股指元大54購19","0","0","0","--","--","--","--"," ","0.00","2.62","499","2.63","10","0.00",
="036036","臺股指元大54購20","2,000","1","3,640","1.82","1.82","1.82","1.82","+","0.14","1.84","100","1.85","10","0.00",
="036037","華城富邦55購02","162,000","3","74,100","0.45","0.48","0.45","0.48","-","0.01","0.46","10","0.47","10","0.00",
="036038","光寶科富邦59購01","330,000","53","6,243,000","17.60","20.10","17.30","18.80","-","0.40","18.20","30","18.30","10","0.00",
="036039","台達電富邦59購01","100,000","17","1,357,900","13.80","14.00","12.70","13.10","-","0.50","13.10","30","13.20","10","0.00",
="03603U","鴻準群益4C售06","0","0","0","--","--","--","--"," ","0.00","0.16","10","0.26","10","0.00",
="036040","華邦電富邦53購01","0","0","0","--","--","--","--"," ","0.00","3.26","10","3.30","10","0.00",
="036041","華邦電富邦57購01","55,000","9","158,380","2.97","3.02","2.77","3.02","+","0.47","3.07","10","3.08","10","0.00",
="036042","英業達富邦53購02","133,000","12","144,240","1.10","1.10","1.07","1.07","+","0.05","1.06","30","1.07","10","0.00",
="036043","京元電富邦53購04","132,000","10","123,110","0.97","0.97","0.84","0.86","-","0.09","0.85","10","0.86","10","0.00",
="036044","鉅祥富邦53購01","1,218,000","39","841,970","0.72","0.74","0.66","0.66","-","0.07","0.65","30","0.66","10","0.00",
="036045","亞光富邦59購01","135,000","2","108,000","0.80","0.80","0.80","0.80","-","0.04","0.79","10","0.80","10","0.00",
="036046","智原富邦54購01","891,000","36","995,390","1.01","1.24","0.97","1.11","+","0.07","1.09","30","1.10","10","0.00",
="036047","欣興富邦59購01","69,000","9","97,870","1.38","1.47","1.38","1.39","+","0.07","1.33","10","1.34","10","0.00",
="036048","華晶科富邦53購01","0","0","0","--","--","--","--"," ","0.00","0.43","10","0.44","10","0.00",
="036049","新日興富邦55購01","301,000","5","188,290","0.64","0.66","0.59","0.59","-","0.08","0.57","10","0.58","10","0.00",
="03604U","聯發科群益51售07","0","0","0","--","--","--","--"," ","0.00","--","0","--","0","0.00",
="036050","聯鈞富邦53購03","151,000","3","324,570","2.07","2.22","2.01","2.22","+","0.49","2.23","30","2.27","10","0.00",
="036051","上品富邦54購01","436,000","14","315,460","0.72","0.74","0.70","0.70","-","0.02","0.72","10","0.73","10","0.00",
="036052","達興富邦53購03","101,000","3","55,290","0.54","0.59","0.54","0.59","+","0.09","0.57","10","0.58","10","0.00",
="036053","亞翔富邦54購01","314,000","6","227,400","0.67","0.75","0.67","0.75","+","0.04","0.72","10","0.73","10","0.00",
="036054","采鈺富邦53購01","181,000","8","187,830","1.07","1.09","1.02","1.09","-","0.08","1.04","10","1.07","10","0.00",
="036055","富世達富邦53購03","1,055,000","26","822,540","0.75","0.85","0.72","0.85","+","0.08","0.77","10","0.79","10","0.00",
="036056","南電富邦55購02","183,000","16","302,650","1.69","1.73","1.48","1.48","-","0.05","1.46","30","1.47","10","0.00",
="036057","世紀鋼富邦55購02","201,000","5","128,890","0.63","0.65","0.63","0.65","-","0.07","0.59","10","0.60","10","0.00",
="036058","國企2X群益53購02","0","0","0","--","--","--","--"," ","0.00","0.15","7","1.84","10","11.65",
="036059","南亞群益53購04","40,000","4","81,610","2.13","2.18","1.95","1.95","+","0.26","0.82","12","--","0","39.80",
="03605U","萬海群益51售05","0","0","0","--","--","--","--"," ","0.00","1.16","10","1.26","10","0.00",
="036060","中砂群益53購03","0","0","0","--","--","--","--"," ","0.00","0.96","10","1.06","10","339.00",
="036061","上銀群益53購03","0","0","0","--","--","--","--"," ","0.00","1.79","100","1.81","100","217.50",
="036062","台達電群益53購06","153,000","14","1,197,700","7.85","7.90","7.45","7.45","-","0.25","2.89","6","--","0","893.00",
="036063","楠梓電群益55購01","183,000","10","273,360","1.58","1.60","1.39","1.39","-","0.24","0.78","64","--","0","103.50",
="036064","廣宇群益55購01","0","0","0","--","--","--","--"," ","0.00","1.65","10","1.75","10","54.10",
="036065","華邦電群益53購04","99,000","19","536,310","4.60","5.65","4.60","5.40","+","0.94","5.30","1","6.00","10","36.45",
="036066","華邦電群益53購05","251,000","63","1,456,550","5.70","6.25","5.35","6.15","+","1.41","6.05","10","6.55","10","36.45",
="036067","所羅門群益53購02","65,000","6","139,680","2.26","2.26","2.12","2.16","-","0.08","0.89","11","--","0","144.50",
="036068","佳能群益54購02","293,000","29","779,280","2.63","2.81","2.46","2.60","+","0.30","2.60","10","2.70","10","88.80",
="036069","南亞科群益53購04","1,000","1","7,050","7.05","7.05","7.05","7.05","-","0.70","4.20","2","--","0","81.00",
="03606U","中信金群益52售01","0","0","0","--","--","--","--"," ","0.00","--","0","--","0","0.00",
="036070","偉詮電群益53購01","4,000","1","3,120","0.78","0.78","0.78","0.78","-","0.06","0.81","10","0.91","10","56.00",
="036071","京元電群益53購07","0","0","0","--","--","--","--"," ","0.00","1.25","8","3.01","10","167.00",
="036072","京元電群益54購06","320,000","1","342,400","1.07","1.07","1.07","1.07","-","0.05","1.02","10","1.12","10","167.00",
="036073","聯詠群益53購02","31,000","1","44,020","1.42","1.42","1.42","1.42","X","0.00","1.51","10","1.61","10","443.00",
="036074","華晶科群益53購02","11,000","2","5,860","0.56","0.56","0.53","0.53","-","0.03","0.52","10","0.62","10","52.80",
="036075","創意群益56購02","0","0","0","--","--","--","--"," ","0.00","--","0","--","0","1,315.00",
="036076","聯鈞群益57購01","194,000","21","790,310","3.53","4.25","3.53","4.13","+","0.54","1.71","29","--","0","278.00",
="036077","嘉澤群益53購02","17,000","1","28,220","1.66","1.66","1.66","1.66","-","0.12","0.64","78","--","0","1,605.00",
="036078","牧德群益53購01","0","0","0","--","--","--","--"," ","0.00","0.71","10","0.81","10","544.00",
="036079","宏致群益54購01","0","0","0","--","--","--","--"," ","0.00","0.74","10","0.84","10","73.30",
="03607U","大立光群益52售03","0","0","0","--","--","--","--"," ","0.00","0.49","10","0.59","10","0.00",
="036080","日月光群益55購01","24,000","1","24,240","1.01","1.01","1.01","1.01","+","0.10","0.97","10","1.07","10","174.50",
="036081","眾達群益53購01","167,000","9","133,470","0.81","0.83","0.79","0.80","-","0.08","0.38","36","--","0","127.00",
="036082","jpp群益54購02","37,000","2","44,430","1.23","1.23","1.20","1.20","-","0.07","0.55","18","--","0","286.50",
="036083","力成群益53購01","1,000","1","2,170","2.17","2.17","2.17","2.17","-","0.07","1.50","10","--","0","150.50",
="036084","力成群益54購01","125,000","5","245,600","2.10","2.10","1.95","1.95","-","0.09","0.76","65","--","0","150.50",
="036085","天虹群益53購03","320,000","15","338,870","0.96","1.10","0.96","1.03","+","0.03","0.99","25","1.00","10","252.50",
="036086","南電群益53購07","38,000","3","267,850","7.05","7.10","6.80","6.80","+","0.10","6.20","10","6.70","10","234.50",
="036087","A50正2永豐56購01","10,000","1","8,100","0.81","0.81","0.81","0.81","X","0.00","0.82","499","0.83","10","32.79",
="036088","新紡永豐54購01","339,000","10","430,480","1.22","1.29","1.19","1.26","+","0.04","1.25","499","1.27","10","55.80",
="036089","中砂永豐56購01","65,000","6","391,000","5.70","6.20","5.70","6.20","X","0.00","5.70","499","5.80","10","339.00",
="03608U","晟銘電群益4C售02","0","0","0","--","--","--","--"," ","0.00","0.37","25","0.38","10","0.00",
="036090","上銀永豐55購01","5,000","1","14,950","2.99","2.99","2.99","2.99","-","0.12","2.83","10","2.86","10","217.50",
="036091","台達電永豐55購01","61,000","8","112,220","1.83","1.85","1.83","1.85","-","0.04","1.70","499","1.80","10","893.00",
="036092","金像電永豐55購01","0","0","0","--","--","--","--"," ","0.00","3.15","499","3.25","10","455.00",
="036093","佳能永豐56購01","141,000","10","224,030","1.45","1.64","1.45","1.60","+","0.17","1.56","10","1.57","10","88.80",
="036094","技嘉永豐56購01","0","0","0","--","--","--","--"," ","0.00","1.86","499","1.87","10","283.00",
="036095","台光電永豐55購01","33,000","3","126,990","3.83","4.21","3.83","4.05","X","0.00","3.95","499","4.05","10","1,345.00",
="036096","毅嘉永豐55購01","0","0","0","--","--","--","--"," ","0.00","0.59","499","0.60","10","53.50",
="036097","聯發科永豐5B購01","30,000","1","31,800","1.06","1.06","1.06","1.06","X","0.00","1.02","10","1.03","10","1,375.00",
="036098","宏達電永豐56購01","0","0","0","--","--","--","--"," ","0.00","2.23","499","2.25","10","64.60",
="036099","創意永豐55購02","9,000","1","11,700","1.30","1.30","1.30","1.30","+","0.08","1.27","499","1.28","10","1,315.00",
="03609U","世芯群益4C售13","0","0","0","--","--","--","--"," ","0.00","--","0","--","0","0.00",
="036100","創意永豐56購02","0","0","0","--","--","--","--"," ","0.00","0.85","499","0.86","10","1,315.00",
="036101","定穎控永豐54購01","0","0","0","--","--","--","--"," ","0.00","1.83","499","1.84","10","90.10",
="036102","定穎控永豐55購01","0","0","0","--","--","--","--"," ","0.00","3.35","499","3.36","10","90.10",
="036103","定穎控永豐56購01","27,000","2","203,500","7.50","7.55","7.50","7.55","-","0.35","7.45","499","7.50","10","90.10",
="036104","台表科永豐53購01","45,000","2","31,500","0.70","0.70","0.70","0.70","-","0.01","0.69","499","0.71","10","107.00",
="036105","龍德船永豐55購01","79,000","4","41,030","0.52","0.52","0.51","0.51","-","0.19","0.50","10","0.51","10","151.50",
="036106","昇陽半永豐55購01","172,000","11","116,980","0.67","0.71","0.62","0.62","-","0.04","0.61","10","0.62","10","179.50",
="036107","台虹永豐54購01","38,000","5","33,650","0.84","0.93","0.84","0.93","+","0.11","0.80","10","0.81","10","63.30",
="036108","采鈺兆豐55購01","0","0","0","--","--","--","--"," ","0.00","0.78","10","0.79","10","305.50",
="036109","川湖國泰54購02","22,000","1","26,620","1.21","1.21","1.21","1.21","X","0.00","1.14","499","1.15","100","3,220.00",
="03610U","臺股指群益59售04","0","0","0","--","--","--","--"," ","0.00","0.43","499","0.44","499","0.00",
="036110","台達電國泰54購02","49,000","8","184,750","3.82","3.82","3.62","3.62","-","0.10","3.57","3","--","0","893.00",
="036111","上品國泰54購02","110,000","5","156,040","1.39","1.44","1.39","1.43","+","0.06","1.38","499","1.40","100","308.00",
="036112","龍德船國泰54購02","45,000","4","31,620","0.72","0.72","0.68","0.68","-","0.15","0.67","499","0.68","499","151.50",
="036113","采鈺國泰54購02","20,000","2","34,200","1.70","1.72","1.70","1.72","-","0.08","1.66","499","1.67","499","305.50",
="036114","昇陽半國泰54購01","1,000","1","1,380","1.38","1.38","1.38","1.38"," ","0.00","1.33","499","1.35","100","179.50",
="036115","滬深2X富邦59購01","0","0","0","--","--","--","--"," ","0.00","1.12","10","1.13","10","0.00",
="036116","上銀富邦53購02","200,000","1","200,000","1.00","1.00","1.00","1.00","-","0.03","0.98","30","0.99","10","0.00",
="036117","上銀富邦55購01","493,000","16","411,580","0.84","0.86","0.81","0.83","-","0.01","0.81","30","0.82","10","0.00",
="036118","川湖富邦56購01","0","0","0","--","--","--","--"," ","0.00","0.87","10","0.88","10","0.00",
="036119","華通富邦56購01","292,000","9","253,830","0.92","0.92","0.81","0.81","-","0.08","0.79","10","0.80","10","0.00",
="03611U","臺股指群益59售05","340,000","18","139,910","0.41","0.43","0.40","0.40","-","0.04","0.40","695","0.42","40","0.00",
="036120","廣宇富邦53購03","2,000","2","1,290","0.64","0.65","0.64","0.65","-","0.02","0.64","30","0.65","10","0.00",
="036121","漢唐富邦53購03","30,000","1","15,600","0.52","0.52","0.52","0.52","-","0.09","0.52","10","0.53","10","0.00",
="036122","南亞科富邦55購02","3,000","2","9,710","3.15","3.28","3.15","3.28","X","0.00","3.22","10","3.32","10","0.00",
="036123","宏達電富邦53購04","34,000","5","39,780","1.18","1.18","1.16","1.16","+","0.02","1.12","30","1.13","10","0.00",
="036124","漢翔富邦59購01","51,000","9","45,870","0.90","0.92","0.83","0.83","-","0.12","0.82","10","0.83","10","0.00",
="036125","牧德富邦54購02","28,000","3","9,800","0.35","0.35","0.35","0.35","-","0.01","0.31","10","0.32","10","0.00",
="036126","定穎控富邦53購02","0","0","0","--","--","--","--"," ","0.00","0.76","10","0.77","10","0.00",
="036127","保瑞富邦53購03","310,000","10","203,440","0.65","0.66","0.65","0.66"," ","0.00","0.65","10","0.66","10","0.00",
="036128","緯穎富邦59購01","115,000","9","89,530","0.78","0.78","0.77","0.78","+","0.01","0.76","10","0.77","10","0.00",
="036129","昇陽半富邦59購01","469,000","20","379,480","0.81","0.84","0.78","0.78","-","0.02","0.77","10","0.78","10","0.00",
="03612U","T50正2元富51售06","0","0","0","--","--","--","--"," ","0.00","0.08","25","0.10","10","0.00",
="036130","台達電中信59購01","102,000","5","196,360","1.93","1.95","1.92","1.92","-","0.02","1.84","10","1.85","10","0.00",
="036131","金像電中信59購01","15,000","2","10,100","0.68","0.68","0.67","0.67","+","0.04","0.65","10","0.66","10","0.00",
="036132","南亞科中信53購01","201,000","34","1,337,800","7.15","7.15","6.40","7.00","-","0.15","7.15","10","7.30","10","0.00",
="036133","京元電中信59購02","0","0","0","--","--","--","--"," ","0.00","0.63","10","0.64","10","0.00",
="036134","盟立中信53購02","10,000","1","7,100","0.71","0.71","0.71","0.71","+","0.07","0.66","10","0.67","10","0.00",
="036135","宏達電中信57購01","80,000","10","84,180","1.07","1.09","1.03","1.03","-","0.02","1.03","10","1.04","10","0.00",
="036136","創意中信59購02","40,000","1","17,600","0.44","0.44","0.44","0.44","X","0.00","0.43","499","0.44","10","0.00",
="036137","祥碩中信53購01","0","0","0","--","--","--","--"," ","0.00","0.38","10","0.39","10","0.00",
="036138","愛普中信53購01","354,000","7","234,820","0.68","0.68","0.66","0.67","+","0.01","0.67","10","0.68","10","0.00",
="036139","緯穎中信59購03","139,000","6","130,370","0.93","0.94","0.93","0.94","-","0.03","0.90","499","0.91","10","0.00",
="03613U","台化元富4C售03","5,000","2","6,950","1.39","1.39","1.39","1.39","X","0.00","1.41","25","1.42","25","0.00",
="036140","龍德船中信53購01","409,000","21","112,710","0.31","0.31","0.24","0.24","-","0.09","0.24","10","0.25","10","0.00",
="036141","昇陽半中信53購01","759,000","21","501,360","0.64","0.68","0.58","0.58","-","0.04","0.57","10","0.58","10","0.00",
="036142","光寶科元富54購01","60,000","7","233,300","3.80","3.95","3.73","3.73","+","0.16","3.95","25","3.99","25","183.00",
="036143","台達電元富54購01","30,000","8","76,120","2.60","2.60","2.37","2.39","-","0.20","2.37","25","2.47","10","893.00",
="036144","華邦電元富54購01","0","0","0","--","--","--","--"," ","0.00","6.35","25","6.85","10","36.45",
="036145","華邦電元富54購02","326,000","24","1,621,850","4.89","5.15","4.85","5.15","+","0.94","5.05","25","5.55","10","36.45",
="036146","台光電元富54購02","35,000","2","63,300","1.83","1.83","1.80","1.80","X","0.00","1.70","25","1.80","10","1,345.00",
="036147","南亞科元富53購07","2,253,000","11","13,115,700","5.65","6.25","5.65","6.25","+","0.25","5.80","28","--","0","81.00",
="036148","京元電元富53購05","2,000","1","1,840","0.92","0.92","0.92","0.92","-","0.12","0.91","25","0.92","25","167.00",
="036149","鉅祥元富53購05","210,000","7","175,980","0.87","0.87","0.81","0.81","-","0.12","0.77","25","0.78","25","108.50",
="03614U","富邦金元富4C售02","0","0","0","--","--","--","--"," ","0.00","0.42","25","0.43","25","0.00",
="036150","宏達電元富53購02","4,000","1","2,840","0.71","0.71","0.71","0.71","+","0.03","0.67","25","0.68","29","64.60",
="036151","日月光元富53購01","0","0","0","--","--","--","--"," ","0.00","0.95","25","0.96","25","174.50",
="036152","定穎控元富53購01","0","0","0","--","--","--","--"," ","0.00","1.00","25","1.01","25","90.10",
="036153","迅得元富53購01","10,000","1","8,100","0.81","0.81","0.81","0.81","+","0.06","0.71","25","0.72","25","176.00",
="036154","保瑞元富53購01","0","0","0","--","--","--","--"," ","0.00","0.86","25","0.87","25","693.00",
="036155","保瑞元富53購02","1,000","1","1,350","1.35","1.35","1.35","1.35","+","0.01","1.28","25","1.30","25","693.00",
="036156","愛普元富53購01","304,000","3","517,820","1.83","1.89","1.67","1.89"," ","0.00","0.67","74","--","0","344.00",
="036157","富世達元富53購03","26,000","2","19,600","0.76","0.76","0.75","0.75","X","0.00","0.72","25","0.74","25","1,010.00",
="036158","T50反1國票53購04","0","0","0","--","--","--","--"," ","0.00","0.93","25","0.94","10","18.29",
="036159","T50反1國票54購02","2,000","1","1,880","0.94","0.94","0.94","0.94","X","0.00","0.92","25","0.93","10","18.29",
="03615U","國泰金元富4C售03","31,000","2","25,930","0.85","0.85","0.83","0.83","X","0.00","0.84","25","0.85","25","0.00",
="036160","永光國票54購02","16,000","2","11,740","0.74","0.74","0.73","0.73","-","0.13","0.74","25","0.75","10","19.20",
="036161","上銀國票54購01","0","0","0","--","--","--","--"," ","0.00","1.44","25","1.45","10","217.50",
="036162","川湖國票54購02","0","0","0","--","--","--","--"," ","0.00","1.40","25","1.41","10","3,220.00",
="036163","光寶科國票5B購01","213,000","19","649,580","2.90","3.26","2.85","3.14","+","0.14","2.98","25","3.00","10","183.00",
="036164","台達電國票53購05","148,000","14","424,120","3.01","3.05","2.70","2.76","-","0.15","2.80","25","2.81","10","893.00",
="036165","海悅國票53購01","0","0","0","--","--","--","--"," ","0.00","0.59","25","0.60","10","89.00",
="036166","海悅國票54購01","0","0","0","--","--","--","--"," ","0.00","0.64","25","0.65","10","89.00",
="036167","宏碁國票54購02","0","0","0","--","--","--","--"," ","0.00","1.43","25","1.44","10","31.20",
="036168","台光電國票59購01","2,000","1","3,320","1.66","1.66","1.66","1.66","X","0.00","1.68","25","1.69","10","1,345.00",
="036169","長榮國票54購02","2,000","1","2,200","1.10","1.10","1.10","1.10","-","0.04","1.09","25","1.10","10","182.00",
="03616U","健策元富4C售03","0","0","0","--","--","--","--"," ","0.00","0.04","25","0.10","10","0.00",
="036170","中航國票54購01","0","0","0","--","--","--","--"," ","0.00","1.23","25","1.24","10","51.70",
="036171","漢翔國票54購01","50,000","6","64,170","1.37","1.37","1.26","1.27","-","0.22","1.29","25","1.30","10","62.60",
="036172","緯創國票58購01","42,000","3","54,670","1.34","1.34","1.27","1.27","X","0.00","1.24","25","1.25","10","122.50",
="036173","創意國票54購02","0","0","0","--","--","--","--"," ","0.00","0.69","25","0.70","10","1,315.00",
="036174","定穎控國票54購01","7,000","1","11,760","1.68","1.68","1.68","1.68","-","0.10","1.67","25","1.68","10","90.10",
="036175","大銀國票54購01","0","0","0","--","--","--","--"," ","0.00","0.75","25","0.76","10","120.00",
="036176","迅得國票54購02","3,000","1","3,390","1.13","1.13","1.13","1.13","X","0.00","1.02","25","1.03","10","176.00",
="036177","龍德船國票55購01","80,000","3","83,400","1.05","1.06","0.96","0.96","-","0.18","0.95","25","0.96","10","151.50",
="036178","宏達電第一55購01","0","0","0","--","--","--","--"," ","0.00","1.93","10","1.94","10","0.00",
="036179","漢翔第一55購01","140,000","12","309,030","2.26","2.26","2.18","2.19","-","0.21","2.06","10","2.07","10","0.00",
="03617U","台積電國票4C售11","20,000","2","2,200","0.11","0.11","0.11","0.11","-","0.04","0.10","25","0.12","10","0.00",
="036180","定穎控第一53購01","80,000","7","142,140","1.87","1.87","1.72","1.72","-","0.05","1.63","10","1.64","10","0.00",
="036181","龍德船第一54購01","212,000","18","142,850","0.74","0.74","0.62","0.64","-","0.15","0.65","10","0.66","10","0.00",
="036182","T50正2凱基54購07","0","0","0","--","--","--","--"," ","0.00","3.31","10","3.32","10","302.45",
="036183","日本2X凱基59購01","3,000","2","1,800","0.60","0.60","0.60","0.60"," ","0.00","0.59","117","0.60","50","66.80",
="036184","香港2X凱基57購01","0","0","0","--","--","--","--"," ","0.00","0.95","100","0.96","50","18.02",
="036185","上銀凱基53購01","210,000","4","176,800","0.88","0.88","0.84","0.84","-","0.06","0.80","100","--","0","217.50",
="036186","光寶科凱基54購03","191,000","30","671,410","3.31","3.95","3.21","3.59","+","0.35","3.45","100","3.53","10","183.00",
="036187","台達電凱基53購06","885,000","41","1,714,210","2.02","2.02","1.79","1.82","-","0.11","1.80","100","1.90","10","893.00",
="036188","華通凱基57購01","0","0","0","--","--","--","--"," ","0.00","2.14","100","2.15","10","77.00",
="036189","鴻海凱基55購19","17,000","3","16,720","0.98","1.01","0.98","1.01","X","0.00","1.00","499","1.01","499","221.00",
="03618U","台積電國票51售09","140,000","6","25,700","0.19","0.19","0.17","0.17","-","0.05","0.16","10","0.18","10","0.00",
="036190","台積電凱基55購13","10,000","1","20,700","2.07","2.07","2.07","2.07","X","0.00","2.02","100","2.12","10","1,340.00",
="036191","金像電凱基53購08","0","0","0","--","--","--","--"," ","0.00","0.98","100","1.08","10","455.00",
="036192","台光電凱基56購01","12,000","1","17,520","1.46","1.46","1.46","1.46","X","0.00","1.47","100","1.49","10","1,345.00",
="036193","台光電凱基57購01","40,000","1","60,400","1.51","1.51","1.51","1.51","X","0.00","1.52","100","1.53","10","1,345.00",
="036194","南亞科凱基53購04","40,000","7","182,710","4.42","4.71","4.42","4.62","X","0.00","4.62","499","4.72","10","81.00",
="036195","宏達電凱基53購05","0","0","0","--","--","--","--"," ","0.00","1.09","100","--","0","64.60",
="036196","漢翔凱基53購05","0","0","0","--","--","--","--"," ","0.00","1.01","100","1.02","10","62.60",
="036197","漢翔凱基53購06","67,000","3","81,320","1.26","1.26","1.21","1.21","-","0.14","1.19","100","1.20","10","62.60",
="036198","漢翔凱基53購07","60,000","1","69,600","1.16","1.16","1.16","1.16","-","0.14","1.13","100","1.14","10","62.60",
="036199","漢翔凱基53購08","110,000","2","121,700","1.11","1.11","1.07","1.07","X","0.00","1.06","100","1.07","10","62.60",
="03619U","國泰金國票53售01","0","0","0","--","--","--","--"," ","0.00","0.10","25","0.11","10","0.00",
="036200","晶豪科凱基53購02","389,000","25","1,209,430","3.38","3.41","2.87","3.23","-","0.30","3.24","10","3.34","10","81.00",
="036201","零壹凱基53購02","0","0","0","--","--","--","--"," ","0.00","0.89","100","0.90","10","125.00",
="036202","華擎凱基53購01","2,000","1","2,800","1.40","1.40","1.40","1.40","X","0.00","1.32","100","1.34","10","278.00",
="036203","牧德凱基53購01","37,000","3","33,140","0.95","0.95","0.89","0.90","-","0.06","0.89","100","0.90","10","544.00",
="036204","定穎控凱基53購02","0","0","0","--","--","--","--"," ","0.00","1.10","100","1.11","30","90.10",
="036205","定穎控凱基53購03","0","0","0","--","--","--","--"," ","0.00","1.02","100","1.03","30","90.10",
="036206","定穎控凱基53購04","11,000","2","12,470","1.14","1.14","1.07","1.07","-","0.02","1.03","100","1.04","30","90.10",
="036207","定穎控凱基54購01","0","0","0","--","--","--","--"," ","0.00","1.12","100","1.13","30","90.10",
="036208","jpp凱基55購01","826,000","14","1,074,220","1.29","1.35","1.24","1.27","-","0.05","1.27","10","1.37","10","286.50",
="036209","佳必琪凱基54購03","51,000","3","68,320","1.34","1.34","1.33","1.33"," ","0.00","1.31","100","1.33","8","160.00",
="03620U","達興國票4C售02","30,000","1","4,200","0.14","0.14","0.14","0.14","X","0.00","0.10","25","0.11","10","0.00",
="036210","力成凱基54購01","635,000","17","1,143,780","1.86","1.86","1.78","1.84","-","0.06","1.83","101","1.90","10","150.50",
="036211","矽格凱基54購03","179,000","7","338,420","1.90","1.94","1.84","1.84","-","0.07","1.77","10","1.87","10","93.00",
="036212","龍德船凱基53購05","59,000","1","42,480","0.72","0.72","0.72","0.72","-","0.13","0.63","100","0.64","10","151.50",
="036213","富世達凱基54購09","0","0","0","--","--","--","--"," ","0.00","1.58","100","--","0","1,010.00",
="036214","天虹凱基53購01","277,000","18","611,470","2.01","2.33","2.01","2.09","-","0.03","0.87","11","2.09","10","252.50",
="036215","昇陽半凱基59購01","223,000","6","269,300","1.16","1.22","1.16","1.21","+","0.07","1.10","100","1.11","10","179.50",
="036216","臺股指凱基54購19","0","0","0","--","--","--","--"," ","0.00","3.52","100","3.53","10","0.00",
="036217","台達電台新53購02","0","0","0","--","--","--","--"," ","0.00","14.10","10","14.20","10","0.00",
="036218","華新群益53購05","50,000","3","108,000","2.26","2.26","2.12","2.18","+","0.06","2.10","10","2.20","10","24.05",
="036219","永光群益53購01","32,000","1","39,680","1.24","1.24","1.24","1.24","-","0.05","1.13","25","1.14","10","19.20",
="03621U","台積電富邦4C售11","0","0","0","--","--","--","--"," ","0.00","0.08","30","0.09","10","0.00",
="036220","上銀群益55購01","0","0","0","--","--","--","--"," ","0.00","1.16","100","1.17","100","217.50",
="036221","川湖群益53購04","38,000","3","117,130","3.01","3.14","3.01","3.08","X","0.00","2.95","100","2.99","100","3,220.00",
="036222","台達電群益54購03","45,000","4","78,800","1.75","1.76","1.65","1.65","-","0.12","1.65","3","--","0","893.00",
="036223","楠梓電群益53購02","576,000","32","671,690","1.22","1.24","1.04","1.05","-","0.20","0.62","32","1.48","1","103.50",
="036224","台積電群益59購01","10,000","1","10,200","1.02","1.02","1.02","1.02","X","0.00","0.30","30","--","0","1,340.00",
="036225","華邦電群益53購06","0","0","0","--","--","--","--"," ","0.00","--","0","7.75","10","36.45",
="036226","台光電群益58購02","9,000","1","15,120","1.68","1.68","1.68","1.68","X","0.00","--","0","--","0","1,345.00",
="036227","京元電群益55購02","5,000","1","14,650","2.93","2.93","2.93","2.93","-","0.22","2.81","10","2.91","10","167.00",
="036228","聯發科群益55購02","0","0","0","--","--","--","--"," ","0.00","--","0","--","0","1,375.00",
="036229","強茂群益53購03","118,000","9","161,430","1.36","1.44","1.34","1.43","-","0.13","1.41","10","1.51","10","71.70",
="03622U","台積電富邦4C售12","0","0","0","--","--","--","--"," ","0.00","0.08","30","0.09","10","0.00",
="036230","宏達電群益53購03","161,000","2","161,040","1.00","1.04","1.00","1.04","+","0.04","0.98","10","1.08","10","64.60",
="036231","漢翔群益53購04","6,000","2","4,810","0.80","0.81","0.80","0.81","-","0.22","0.79","10","0.89","10","62.60",
="036232","漢翔群益54購02","24,000","2","21,120","0.88","0.88","0.88","0.88","-","0.18","0.85","10","0.95","10","62.60",
="036233","華擎群益53購03","0","0","0","--","--","--","--"," ","0.00","1.43","6","3.63","10","278.00",
="036234","辛耘群益53購04","20,000","3","35,370","1.76","1.77","1.76","1.77","X","0.00","0.13","8","--","0","388.00",
="036235","貿聯群益53購05","32,000","1","35,520","1.11","1.11","1.11","1.11","+","0.02","0.42","23","--","0","1,085.00",
="036236","日月光群益53購03","1,000","1","1,650","1.65","1.65","1.65","1.65","+","0.04","1.67","10","1.77","10","174.50",
="036237","定穎控群益53購02","14,000","4","17,700","1.30","1.30","1.23","1.23","+","0.05","1.15","25","1.16","10","90.10",
="036238","智伸科群益53購01","29,000","1","27,260","0.94","0.94","0.94","0.94","-","0.13","0.35","28","--","0","139.50",
="036239","jpp群益55購01","102,000","3","97,510","0.99","0.99","0.94","0.94","-","0.10","0.44","22","--","0","286.50",
="03623U","台積電富邦52售03","3,000","2","560","0.20","0.20","0.18","0.18","-","0.05","0.17","30","0.18","10","0.00",
="036240","台表科群益54購01","64,000","2","54,400","0.85","0.85","0.85","0.85"," ","0.00","0.40","25","--","0","107.00",
="036241","AES群益53購04","0","0","0","--","--","--","--"," ","0.00","0.67","100","0.68","100","1,195.00",
="036242","采鈺群益53購01","14,000","2","19,200","1.38","1.38","1.35","1.35","-","0.12","1.35","100","1.36","100","305.50",
="036243","采鈺群益55購01","39,000","2","38,220","0.98","0.98","0.98","0.98","-","0.05","0.91","100","0.94","100","305.50",
="036244","昇陽半群益55購03","3,000","1","4,560","1.52","1.52","1.52","1.52","+","0.18","1.36","10","1.46","10","179.50",
="036245","寶成群益53購02","0","0","0","--","--","--","--"," ","0.00","0.07","65","--","0","28.90",
="036246","潤泰新群益58購01","0","0","0","--","--","--","--"," ","0.00","0.81","10","0.91","10","29.80",
="036247","台灣50元大55購03","54,000","1","152,820","2.83","2.83","2.83","2.83","X","0.00","2.87","100","2.88","10","58.45",
="036248","T50正2元大58購01","0","0","0","--","--","--","--"," ","0.00","2.29","499","2.30","10","302.45",
="036249","T50反1元大57購02","5,000","1","3,550","0.71","0.71","0.71","0.71","X","0.00","0.66","499","0.67","10","18.29",
="03624U","國泰金富邦4C售03","0","0","0","--","--","--","--"," ","0.00","0.48","30","0.49","10","0.00",
="036250","台達電元大58購04","262,000","12","356,790","1.37","1.38","1.32","1.32","-","0.03","1.29","25","1.30","10","893.00",
="036251","楠梓電元大54購06","426,000","21","472,200","1.17","1.17","1.00","1.01","-","0.16","0.95","10","--","0","103.50",
="036252","鴻海元大54購39","0","0","0","--","--","--","--"," ","0.00","2.22","400","2.24","10","221.00",
="036253","廣宇元大57購02","39,000","2","65,330","1.69","1.69","1.67","1.67","-","0.01","1.64","450","1.65","10","54.10",
="036254","宏碁元大54購01","4,000","3","13,000","3.25","3.25","3.25","3.25","-","0.04","3.25","250","3.29","10","31.20",
="036255","偉詮電元大54購01","310,000","17","308,700","0.96","1.04","0.92","1.01","+","0.05","0.98","499","0.99","10","56.00",
="036256","鉅祥元大54購05","435,000","9","230,540","0.56","0.56","0.52","0.53","-","0.10","0.52","499","0.53","10","108.50",
="036257","宏達電元大54購08","0","0","0","--","--","--","--"," ","0.00","1.20","499","1.21","10","64.60",
="036258","宏達電元大56購02","10,000","1","8,700","0.87","0.87","0.87","0.87","-","0.04","0.84","499","0.85","10","64.60",
="036259","宏達電元大57購01","34,000","1","36,040","1.06","1.06","1.06","1.06","-","0.02","1.02","499","1.03","10","64.60",
="03625U","元日2X元大56售02","0","0","0","--","--","--","--"," ","0.00","0.43","499","0.44","100","0.00",
="036260","漢翔元大54購06","255,000","7","301,070","1.26","1.26","1.15","1.15","-","0.25","1.12","499","1.14","10","62.60",
="036261","漢翔元大54購07","54,000","5","111,060","2.12","2.12","2.04","2.04","-","0.21","1.94","350","1.97","10","62.60",
="036262","漢翔元大58購02","1,000","1","970","0.97","0.97","0.97","0.97","-","0.02","0.89","499","0.90","10","62.60",
="036263","神基元大54購07","317,000","5","317,770","1.01","1.02","1.00","1.00","-","0.02","0.99","25","1.01","10","163.50",
="036264","亞光元大57購04","0","0","0","--","--","--","--"," ","0.00","0.57","499","0.58","10","161.50",
="036265","辛耘元大54購03","135,000","6","188,530","1.38","1.41","1.33","1.41","X","0.00","1.29","25","1.31","10","388.00",
="036266","辛耘元大54購04","24,000","3","19,640","0.80","0.82","0.80","0.82","+","0.13","0.77","10","0.78","10","388.00",
="036267","定穎控元大54購03","0","0","0","--","--","--","--"," ","0.00","0.64","499","0.65","10","90.10",
="036268","定穎控元大54購04","30,000","1","26,100","0.87","0.87","0.87","0.87"," ","0.00","0.85","499","0.86","10","90.10",
="036269","定穎控元大55購01","0","0","0","--","--","--","--"," ","0.00","0.76","499","0.77","10","90.10",
="03626U","富邦金元大4C售04","0","0","0","--","--","--","--"," ","0.00","0.58","499","0.59","50","0.00",
="036270","臻鼎元大54購12","361,000","11","439,370","1.31","1.31","1.16","1.17","-","0.06","1.17","499","1.19","10","171.50",
="036271","眾達元大54購03","212,000","12","184,580","0.87","0.89","0.85","0.89","-","0.01","0.87","25","0.88","10","127.00",
="036272","眾達元大54購04","281,000","6","263,840","0.94","0.95","0.92","0.95","-","0.01","0.93","25","0.94","10","127.00",
="036273","達興元大54購08","344,000","18","426,130","1.23","1.42","1.21","1.42","+","0.11","1.37","499","1.39","10","399.00",
="036274","達興元大59購01","69,000","4","51,390","0.73","0.76","0.73","0.76","X","0.00","0.79","499","0.81","10","399.00",
="036275","佳必琪元大58購02","118,000","4","140,440","1.20","1.20","1.18","1.19","-","0.03","1.18","499","1.19","10","160.00",
="036276","同欣電元大54購01","146,000","5","127,460","0.88","0.88","0.86","0.86","-","0.04","0.84","499","0.85","10","120.50",
="036277","迅得元大54購05","44,000","5","35,950","0.84","0.84","0.79","0.79","+","0.02","0.74","499","0.75","10","176.00",
="036278","龍德船元大54購03","268,000","15","227,890","0.91","0.91","0.82","0.83","-","0.20","0.82","25","0.83","10","151.50",
="036279","龍德船元大54購05","360,000","19","265,920","0.80","0.80","0.70","0.72","-","0.12","0.71","25","0.72","10","151.50",
="03627U","穎崴元大4C售07","108,000","4","12,840","0.12","0.12","0.10","0.12"," ","0.00","0.11","499","0.12","205","0.00",
="036280","采鈺元大57購01","155,000","9","166,480","1.10","1.11","1.03","1.03","-","0.07","1.03","499","1.04","10","305.50",
="036281","富世達元大54購20","446,000","2","336,340","0.75","0.79","0.75","0.79","X","0.00","0.75","499","0.77","10","1,010.00",
="036282","富世達元大59購01","238,000","2","178,500","0.75","0.75","0.75","0.75","+","0.06","0.73","499","0.74","10","1,010.00",
="036283","天虹元大54購01","440,000","16","452,250","1.02","1.14","0.98","1.05","-","0.02","1.02","499","1.04","10","252.50",
="036284","昇陽半元大56購02","462,000","10","369,190","0.79","0.82","0.75","0.75","-","0.05","0.74","499","0.75","10","179.50",
="036285","南電元大54購12","254,000","15","794,390","3.28","3.35","2.98","2.99","-","0.07","2.82","250","2.84","10","234.50",
="036286","華邦電兆豐59購01","0","0","0","--","--","--","--"," ","0.00","3.65","10","--","0","36.45",
="036287","緯穎兆豐59購01","14,000","1","15,120","1.08","1.08","1.08","1.08","-","0.06","1.11","10","1.12","10","3,140.00",
="036288","台灣50富邦59購01","0","0","0","--","--","--","--"," ","0.00","3.18","10","3.19","10","0.00",
="036289","T50反1富邦56購02","0","0","0","--","--","--","--"," ","0.00","0.75","10","0.76","10","0.00",
="03628U","臺股指元大4C售32","0","0","0","--","--","--","--"," ","0.00","0.09","499","0.19","10","0.00",
="036290","國企2X富邦57購01","0","0","0","--","--","--","--"," ","0.00","1.07","10","1.08","10","0.00",
="036291","盟立富邦55購01","372,000","7","330,290","0.92","0.92","0.86","0.86","-","0.01","0.86","10","0.87","10","0.00",
="036292","台灣50台新54購01","0","0","0","--","--","--","--"," ","0.00","4.09","10","4.12","10","0.00",
="036293","華城中信53購01","149,000","3","73,210","0.50","0.50","0.49","0.49","-","0.05","0.48","499","0.49","10","0.00",
="036294","光寶科中信53購01","414,000","26","627,300","1.50","1.66","1.40","1.66","+","0.09","1.51","10","1.53","10","0.00",
="036295","台達電中信59購02","729,000","12","491,730","0.71","0.71","0.65","0.65","-","0.05","0.65","18","0.67","10","0.00",
="036296","華邦電中信53購03","208,000","26","1,220,600","5.55","6.25","5.50","6.15","+","1.05","6.20","499","6.25","10","0.00",
="036297","金像電中信59購02","360,000","6","187,700","0.53","0.53","0.52","0.52","+","0.07","0.49","499","0.50","10","0.00",
="036298","技嘉中信53購01","156,000","2","106,080","0.68","0.68","0.68","0.68","X","0.00","0.67","499","0.68","10","0.00",
="036299","聯發科中信59購01","0","0","0","--","--","--","--"," ","0.00","0.22","499","0.23","10","0.00",
="03629U","臺股指元大54售08","3,565,000","137","2,775,160","0.51","0.80","0.51","0.76","-","0.08","0.76","110","0.77","10","0.00",
="036300","宏達電中信53購01","35,000","3","19,200","0.57","0.57","0.53","0.53","-","0.01","0.52","10","0.53","10","0.00",
="036301","華晶科中信53購01","0","0","0","--","--","--","--"," ","0.00","0.28","10","0.29","10","0.00",
="036302","京鼎中信53購01","393,000","11","299,750","0.75","0.83","0.75","0.79","+","0.08","0.73","499","0.74","10","0.00",
="036303","神達中信59購02","100,000","4","37,000","0.37","0.37","0.37","0.37","X","0.00","0.36","499","0.37","10","0.00",
="036304","定穎控中信56購01","30,000","1","23,700","0.79","0.79","0.79","0.79","-","0.04","0.78","499","0.79","10","0.00",
="036305","上品中信53購01","417,000","9","251,460","0.60","0.62","0.58","0.60","+","0.01","0.59","499","0.60","8","0.00",
="036306","緯穎中信59購04","0","0","0","--","--","--","--"," ","0.00","0.34","499","0.35","10","0.00",
="036307","光寶科永豐53購04","1,834,000","89","2,850,940","1.47","1.83","1.42","1.60","-","0.20","1.58","10","1.60","10","183.00",
="036308","台達電永豐54購04","3,000","2","24,050","8.20","8.20","7.65","7.65","-","0.35","7.40","10","7.90","10","893.00",
="036309","金像電永豐56購01","0","0","0","--","--","--","--"," ","0.00","2.62","499","2.72","10","455.00",
="03630U","臺股指元大56售05","96,000","9","52,140","0.56","0.56","0.52","0.54","-","0.05","0.53","100","0.54","10","0.00",
="036310","南亞科永豐56購02","108,000","13","498,190","4.59","4.80","4.59","4.80","+","0.02","2.87","3","5.00","3","81.00",
="036311","宏達電永豐55購02","13,000","1","15,470","1.19","1.19","1.19","1.19","X","0.00","1.13","499","1.14","10","64.60",
="036312","奇鋐永豐56購04","31,000","1","36,890","1.19","1.19","1.19","1.19","X","0.00","1.06","10","1.07","10","1,015.00",
="036313","嘉澤永豐55購01","0","0","0","--","--","--","--"," ","0.00","1.91","499","1.93","10","1,605.00",
="036314","貿聯永豐55購01","53,000","4","40,530","0.80","0.80","0.75","0.75","-","0.05","0.73","10","0.75","10","1,085.00",
="036315","定穎控永豐54購02","0","0","0","--","--","--","--"," ","0.00","0.59","499","0.60","10","90.10",
="036316","定穎控永豐55購02","0","0","0","--","--","--","--"," ","0.00","1.01","499","1.02","10","90.10",
="036317","立積永豐53購01","113,000","4","97,150","0.86","0.88","0.85","0.88","-","0.09","0.39","25","--","0","151.50",
="036318","緯穎永豐53購05","20,000","1","30,000","1.50","1.50","1.50","1.50","-","0.09","1.45","499","1.46","10","3,140.00",
="036319","富世達永豐56購02","115,000","14","545,160","4.72","5.25","4.72","4.96","X","0.00","4.82","499","4.92","10","1,010.00",
="03631U","技嘉凱基4C售03","0","0","0","--","--","--","--"," ","0.00","0.38","100","0.39","30","0.00",
="036320","台灣50元富53購07","88,000","3","268,560","3.03","3.19","2.99","3.19","+","0.45","3.26","25","3.27","25","58.45",
="036321","美指2X元富53購01","0","0","0","--","--","--","--"," ","0.00","0.99","25","1.00","25","20.19",
="036322","光寶科元富54購02","298,000","22","905,760","2.81","3.27","2.76","2.99","+","0.08","2.94","25","2.96","25","183.00",
="036323","楠梓電元富53購01","86,000","6","206,400","2.43","2.43","2.17","2.17","-","0.37","1.46","6","--","0","103.50",
="036324","楠梓電元富56購01","187,000","26","312,840","1.73","1.73","1.43","1.43","-","0.30","0.81","61","--","0","103.50",
="036325","宏達電元富53購03","0","0","0","--","--","--","--"," ","0.00","0.59","25","0.60","25","64.60",
="036326","宏達電元富53購04","22,000","3","11,220","0.53","0.53","0.49","0.50","-","0.01","0.49","25","0.50","21","64.60",
="036327","奇鋐元富54購04","0","0","0","--","--","--","--"," ","0.00","2.58","25","2.68","10","1,015.00",
="036328","貿聯元富53購02","23,000","1","34,270","1.49","1.49","1.49","1.49","+","0.01","1.27","25","1.32","10","1,085.00",
="036329","神達元富53購06","0","0","0","--","--","--","--"," ","0.00","0.63","25","0.64","25","90.00",
="03632U","國泰金凱基4C售07","0","0","0","--","--","--","--"," ","0.00","0.88","100","0.90","10","0.00",
="036330","定穎控元富53購02","0","0","0","--","--","--","--"," ","0.00","1.16","25","1.17","25","90.10",
="036331","定穎控元富53購03","80,000","2","66,200","0.83","0.83","0.79","0.79","-","0.01","0.74","25","0.75","25","90.10",
="036332","定穎控元富53購04","153,000","3","77,530","0.51","0.52","0.49","0.49","-","0.04","0.48","25","0.49","25","90.10",
="036333","眾達元富53購01","510,000","31","738,680","1.43","1.49","1.43","1.43","-","0.07","1.45","25","1.47","25","127.00",
="036334","緯穎元富53購09","28,000","1","35,000","1.25","1.25","1.25","1.25","X","0.00","1.19","25","1.20","25","3,140.00",
="036335","洋基元富53購02","0","0","0","--","--","--","--"," ","0.00","0.60","25","0.61","25","449.00",
="036336","大成鋼國票54購01","0","0","0","--","--","--","--"," ","0.00","1.44","25","1.46","10","37.90",
="036337","國巨國票53購02","34,000","18","95,710","2.86","2.90","2.73","2.73","-","0.15","2.69","25","2.79","10","176.00",
="036338","國巨國票54購02","96,000","9","288,090","3.02","3.04","2.95","3.03","-","0.02","2.94","25","2.99","10","176.00",
="036339","智邦國票61購01","11,000","2","11,900","1.05","1.10","1.05","1.10","+","0.06","1.06","25","1.08","10","1,005.00",
="03633U","大立光凱基4C售06","0","0","0","--","--","--","--"," ","0.00","0.34","100","0.35","10","0.00",
="036340","毅嘉國票55購01","0","0","0","--","--","--","--"," ","0.00","1.55","25","1.56","10","53.50",
="036341","宏達電國票53購05","0","0","0","--","--","--","--"," ","0.00","1.24","25","1.25","10","64.60",
="036342","宏達電國票55購04","0","0","0","--","--","--","--"," ","0.00","1.63","25","1.64","10","64.60",
="036343","亞光國票55購01","0","0","0","--","--","--","--"," ","0.00","1.21","25","1.22","10","161.50",
="036344","健鼎國票54購01","24,000","3","35,240","1.45","1.49","1.45","1.49","-","0.03","1.49","25","1.50","10","309.50",
="036345","華擎國票54購01","0","0","0","--","--","--","--"," ","0.00","0.97","25","0.98","10","278.00",
="036346","嘉澤國票5A購01","47,000","2","80,840","1.72","1.72","1.72","1.72","-","0.08","1.72","25","1.73","10","1,605.00",
="036347","貿聯國票5B購01","0","0","0","--","--","--","--"," ","0.00","1.11","25","1.12","10","1,085.00",
="036348","眾達國票54購02","243,000","9","275,210","1.14","1.16","1.10","1.10","-","0.03","1.11","25","1.12","10","127.00",
="036349","AES國票56購01","0","0","0","--","--","--","--"," ","0.00","0.77","25","0.78","10","1,195.00",
="03634U","奇鋐凱基4C售05","0","0","0","--","--","--","--"," ","0.00","0.11","100","0.12","30","0.00",
="036350","富世達國票54購01","0","0","0","--","--","--","--"," ","0.00","0.77","25","0.78","10","1,010.00",
="036351","元債2X國泰54購01","20,000","2","11,900","0.60","0.60","0.59","0.59","X","0.00","0.59","499","0.60","100","7.35",
="036352","元債2X國泰54購02","0","0","0","--","--","--","--"," ","0.00","0.53","499","0.54","100","7.35",
="036353","台積電國泰54購03","69,000","11","130,650","1.81","1.94","1.81","1.94","+","0.29","0.50","20","--","0","1,340.00",
="036354","台積電國泰54購04","0","0","0","--","--","--","--"," ","0.00","2.22","10","--","0","1,340.00",
="036355","強茂國泰54購02","0","0","0","--","--","--","--"," ","0.00","1.31","499","1.32","499","71.70",
="036356","奇鋐國泰54購03","22,000","1","41,360","1.88","1.88","1.88","1.88","+","0.37","1.54","499","1.55","100","1,015.00",
="036357","日月光國泰54購01","91,000","3","137,760","1.46","1.52","1.46","1.47","+","0.11","0.45","22","--","0","174.50",
="036358","帆宣國泰54購01","193,000","5","177,840","0.93","0.93","0.88","0.92","-","0.01","0.88","10","0.89","10","255.00",
="036359","台表科國泰54購01","151,000","5","165,960","1.10","1.10","1.08","1.08","-","0.03","1.06","499","1.08","499","107.00",
="03635U","世芯凱基51售09","0","0","0","--","--","--","--"," ","0.00","0.14","10","0.15","50","0.00",
="036360","緯穎國泰54購03","104,000","5","128,770","1.19","1.24","1.19","1.24","-","0.08","0.41","24","--","0","3,140.00",
="036361","緯穎國泰54購04","3,000","3","3,660","1.22","1.22","1.22","1.22","-","0.13","1.27","499","1.28","499","3,140.00",
="036362","上証2X元大54購03","0","0","0","--","--","--","--"," ","0.00","2.74","499","2.75","100","47.20",
="036363","台達電元大54購10","229,000","19","654,890","2.95","2.96","2.70","2.74","-","0.13","2.70","250","--","0","893.00",
="036364","台達電元大54購11","530,000","27","520,290","1.04","1.05","0.94","0.95","-","0.10","0.95","15","1.05","40","893.00",
="036365","台達電元大57購02","219,000","17","617,070","2.85","2.86","2.64","2.64","-","0.20","2.64","25","--","0","893.00",
="036366","鴻海元大54購40","6,000","1","5,520","0.92","0.92","0.92","0.92","+","0.05","0.95","499","0.96","10","221.00",
="036367","鴻海元大54購41","0","0","0","--","--","--","--"," ","0.00","1.31","499","1.32","10","221.00",
="036368","廣宇元大54購06","1,000","1","1,690","1.69","1.69","1.69","1.69","-","0.07","1.68","450","1.70","10","54.10",
="036369","華邦電元大59購01","321,000","31","1,270,900","4.00","4.27","3.83","4.06","+","0.53","4.17","200","4.21","10","36.45",
="03636U","臺股指凱基54售09","370,000","7","100,200","0.28","0.28","0.27","0.27","-","0.03","0.26","100","0.27","10","0.00",
="036370","京元電元大57購01","0","0","0","--","--","--","--"," ","0.00","1.38","499","1.39","10","167.00",
="036371","鉅祥元大54購06","398,000","5","190,720","0.51","0.51","0.46","0.46","-","0.04","0.47","499","0.49","10","108.50",
="036372","宏達電元大54購10","34,000","3","57,560","1.70","1.70","1.69","1.69","+","0.02","1.64","450","1.65","10","64.60",
="036373","宏達電元大57購02","10,000","1","9,600","0.96","0.96","0.96","0.96","-","0.04","0.92","499","0.93","10","64.60",
="036374","漢翔元大54購08","80,000","1","117,600","1.47","1.47","1.47","1.47","-","0.17","1.44","450","1.46","10","62.60",
="036375","漢翔元大54購09","160,000","8","310,000","2.06","2.06","1.88","1.88","-","0.23","1.87","350","1.89","10","62.60",
="036376","漢翔元大58購03","132,000","4","197,680","1.55","1.55","1.49","1.49","-","0.19","1.46","450","1.47","10","62.60",
="036377","群創元大54購07","404,000","10","554,410","1.40","1.46","1.32","1.39","+","0.05","1.38","499","1.40","10","14.15",
="036378","群創元大54購08","100,000","1","86,000","0.86","0.86","0.86","0.86","X","0.00","0.87","10","0.88","10","14.15",
="036379","敦泰元大54購01","5,000","1","11,550","2.31","2.31","2.31","2.31","X","0.00","2.17","300","2.20","10","67.40",
="03637U","臺股指凱基54售10","6,000","1","1,920","0.32","0.32","0.32","0.32","X","0.00","0.31","100","0.32","10","0.00",
="036380","牧德元大54購02","56,000","6","68,580","1.26","1.26","1.20","1.21","-","0.13","1.20","25","1.21","10","544.00",
="036381","宏致元大54購04","0","0","0","--","--","--","--"," ","0.00","0.80","499","0.81","10","73.30",
="036382","神達元大54購18","0","0","0","--","--","--","--"," ","0.00","0.79","499","0.80","10","90.00",
="036383","定穎控元大54購07","330,000","6","171,700","0.54","0.54","0.51","0.51","-","0.01","0.49","499","0.50","10","90.10",
="036384","定穎控元大55購02","0","0","0","--","--","--","--"," ","0.00","0.45","499","0.46","10","90.10",
="036385","定穎控元大58購01","0","0","0","--","--","--","--"," ","0.00","0.49","499","0.50","10","90.10",
="036386","達興元大54購09","264,000","15","458,510","1.70","1.93","1.67","1.93","+","0.10","1.90","450","1.92","10","399.00",
="036387","龍德船元大54購06","0","0","0","--","--","--","--"," ","0.00","0.28","499","--","0","151.50",
="036388","龍德船元大54購07","0","0","0","--","--","--","--"," ","0.00","0.56","499","--","0","151.50",
="036389","龍德船元大57購01","0","0","0","--","--","--","--"," ","0.00","0.43","499","--","0","151.50",
="03638U","臺股指凱基56售07","0","0","0","--","--","--","--"," ","0.00","0.60","100","0.61","10","0.00",
="036390","采鈺元大54購07","0","0","0","--","--","--","--"," ","0.00","1.81","400","1.82","10","305.50",
="036391","采鈺元大57購02","109,000","7","140,570","1.32","1.33","1.21","1.21","-","0.14","1.25","499","1.26","10","305.50",
="036392","富世達元大54購21","22,000","2","13,080","0.64","0.64","0.59","0.59","+","0.01","0.59","499","0.60","10","1,010.00",
="036393","富世達元大57購01","179,000","3","116,980","0.64","0.67","0.64","0.67","+","0.06","0.64","499","0.65","10","1,010.00",
="036394","台虹元大54購04","398,000","17","498,820","1.21","1.31","1.15","1.15","-","0.06","1.14","25","1.15","10","63.30",
="036395","台虹元大54購05","260,000","16","398,780","1.47","1.58","1.47","1.47","-","0.05","1.43","25","1.44","10","63.30",
="036396","臺股指元大59購04","0","0","0","--","--","--","--"," ","0.00","1.65","499","1.66","10","0.00",
="036397","T50正2凱基58購01","0","0","0","--","--","--","--"," ","0.00","2.83","10","2.84","10","302.45",
="036398","A50正2凱基57購01","0","0","0","--","--","--","--"," ","0.00","0.76","100","0.86","10","32.79",
="036399","鴻海凱基55購20","42,000","2","40,320","0.96","0.96","0.96","0.96","X","0.00","0.98","499","0.99","499","221.00",
="03639U","T50正2元富4C售03","20,000","2","2,100","0.11","0.11","0.10","0.10","-","0.02","0.09","25","0.10","25","0.00",
="036400","國巨凱基54購02","1,000","1","4,030","4.03","4.03","4.03","4.03","+","0.05","3.76","1","4.40","5","176.00",
="036401","廣宇凱基56購01","0","0","0","--","--","--","--"," ","0.00","1.00","100","1.01","10","54.10",
="036402","華邦電凱基53購03","132,000","13","483,680","3.70","3.90","3.52","3.89","+","0.76","4.00","100","4.02","10","36.45",
="036403","金像電凱基53購09","0","0","0","--","--","--","--"," ","0.00","0.62","100","0.72","10","455.00",
="036404","聯發科凱基55購03","0","0","0","--","--","--","--"," ","0.00","0.44","100","0.45","10","1,375.00",
="036405","志聖凱基53購04","44,000","6","33,950","0.77","0.82","0.76","0.82","+","0.08","0.72","100","0.82","10","197.00",
="036406","宏達電凱基56購01","13,000","3","11,050","0.85","0.85","0.85","0.85","+","0.02","0.82","100","--","0","64.60",
="036407","宏達電凱基56購02","0","0","0","--","--","--","--"," ","0.00","0.78","100","0.79","30","64.60",
="036408","奇鋐凱基54購10","0","0","0","--","--","--","--"," ","0.00","0.96","100","1.00","10","1,015.00",
="036409","華擎凱基53購02","0","0","0","--","--","--","--"," ","0.00","0.64","100","0.66","10","278.00",
="03640U","奇鋐元富4C售04","0","0","0","--","--","--","--"," ","0.00","0.28","45","0.29","25","0.00",
="036410","貿聯凱基53購04","101,000","4","78,970","0.82","0.82","0.75","0.75","-","0.09","0.71","100","0.81","10","1,085.00",
="036411","神達凱基53購05","0","0","0","--","--","--","--"," ","0.00","0.73","100","0.74","30","90.00",
="036412","定穎控凱基53購05","0","0","0","--","--","--","--"," ","0.00","0.63","100","0.64","50","90.10",
="036413","定穎控凱基54購02","0","0","0","--","--","--","--"," ","0.00","0.60","100","0.61","50","90.10",
="036414","jpp凱基53購04","29,000","3","52,590","1.75","1.87","1.73","1.73","-","0.15","1.80","10","1.90","10","286.50",
="036415","愛普凱基54購03","46,000","6","43,780","0.88","0.97","0.88","0.96","+","0.01","0.96","100","0.97","10","344.00",
="036416","緯穎凱基53購10","0","0","0","--","--","--","--"," ","0.00","0.53","100","0.54","30","3,140.00",
="036417","緯穎凱基54購11","0","0","0","--","--","--","--"," ","0.00","0.68","100","0.69","30","3,140.00",
="036418","龍德船凱基55購01","14,000","3","7,560","0.54","0.54","0.54","0.54","-","0.09","0.53","100","0.54","10","151.50",
="036419","富世達凱基53購03","0","0","0","--","--","--","--"," ","0.00","0.88","100","--","0","1,010.00",
="03641U","技嘉國票4C售02","0","0","0","--","--","--","--"," ","0.00","0.92","25","0.93","10","0.00",
="036420","昇陽半凱基55購01","24,000","1","32,160","1.34","1.34","1.34","1.34","+","0.16","1.19","100","1.20","10","179.50",
="036421","T50反1群益53購03","458,000","8","431,500","0.96","0.97","0.89","0.91","-","0.11","0.90","100","0.91","100","18.29",
="036422","T50反1群益54購02","0","0","0","--","--","--","--"," ","0.00","0.85","100","0.86","100","18.29",
="036423","光寶科群益53購05","312,000","11","498,890","1.48","1.70","1.43","1.65","+","0.13","1.53","100","1.55","100","183.00",
="036424","光寶科群益54購01","328,000","20","557,720","1.66","1.83","1.59","1.73","+","0.02","1.70","100","1.72","100","183.00",
="036425","台達電群益54購04","45,000","4","70,130","1.56","1.57","1.44","1.44","-","0.06","0.57","17","--","0","893.00",
="036426","台積電群益54購25","0","0","0","--","--","--","--"," ","0.00","--","0","--","0","1,340.00",
="036427","智邦群益58購03","8,000","2","5,520","0.69","0.69","0.69","0.69","X","0.00","0.67","100","0.68","100","1,005.00",
="036428","金像電群益53購09","0","0","0","--","--","--","--"," ","0.00","0.79","10","0.89","10","455.00",
="036429","南亞科群益53購06","0","0","0","--","--","--","--"," ","0.00","--","0","--","0","81.00",
="03642U","台光電國票51售04","0","0","0","--","--","--","--"," ","0.00","0.11","25","0.12","10","0.00",
="036430","強茂群益54購01","0","0","0","--","--","--","--"," ","0.00","0.60","10","0.70","10","71.70",
="036431","宏達電群益53購04","30,000","1","46,800","1.56","1.56","1.56","1.56","+","0.05","1.48","10","1.58","10","64.60",
="036432","漢翔群益53購05","149,000","6","118,910","0.81","0.81","0.75","0.75","-","0.12","0.74","10","0.84","10","62.60",
="036433","奇鋐群益53購09","0","0","0","--","--","--","--"," ","0.00","0.07","6","--","0","1,015.00",
="036434","零壹群益53購02","0","0","0","--","--","--","--"," ","0.00","1.22","100","1.25","100","125.00",
="036435","聯鈞群益53購03","0","0","0","--","--","--","--"," ","0.00","1.64","6","3.39","10","278.00",
="036436","嘉澤群益54購02","32,000","1","34,560","1.08","1.08","1.08","1.08","-","0.12","0.44","22","--","0","1,605.00",
="036437","貿聯群益54購04","107,000","2","89,960","0.85","0.85","0.82","0.82","-","0.13","0.38","26","--","0","1,085.00",
="036438","定穎控群益57購01","38,000","1","29,640","0.78","0.78","0.78","0.78"," ","0.00","0.73","25","0.74","10","90.10",
="036439","佳必琪群益53購04","21,000","1","26,670","1.27","1.27","1.27","1.27"," ","0.00","0.48","20","--","0","160.00",
="03643U","國泰金國票51售05","0","0","0","--","--","--","--"," ","0.00","0.60","25","0.61","10","0.00",
="036440","緯穎群益53購12","0","0","0","--","--","--","--"," ","0.00","--","0","--","0","3,140.00",
="036441","富世達群益53購03","28,000","2","30,800","1.09","1.11","1.09","1.11","X","0.00","--","0","--","0","1,010.00",
="036442","天虹群益54購01","149,000","5","100,830","0.71","0.71","0.63","0.66"," ","0.00","0.63","25","0.68","10","252.50",
="036443","昇陽半群益57購01","277,000","7","511,700","1.72","1.89","1.72","1.88","+","0.09","1.69","10","1.79","10","179.50",
="036444","臺股指群益54購18","0","0","0","--","--","--","--"," ","0.00","2.07","499","2.08","499","0.00",
="036445","臺股指群益54購19","0","0","0","--","--","--","--"," ","0.00","2.49","499","2.50","499","0.00",
="036446","臺股指群益54購20","0","0","0","--","--","--","--"," ","0.00","3.03","499","3.04","499","0.00",
="036447","臺股指群益57購03","802,000","16","1,414,460","1.72","1.82","1.71","1.82","+","0.18","1.79","499","1.80","499","0.00",
="036448","臺股指群益57購04","0","0","0","--","--","--","--"," ","0.00","3.73","499","3.74","499","0.00",
="036449","鴻海中信59購01","0","0","0","--","--","--","--"," ","0.00","0.44","499","0.45","10","0.00",
="03644U","大立光國票51售03","0","0","0","--","--","--","--"," ","0.00","0.62","25","0.63","10","0.00",
="036450","台積電中信59購02","0","0","0","--","--","--","--"," ","0.00","0.75","10","0.76","10","0.00",
="036451","華碩中信59購01","339,000","11","177,870","0.52","0.54","0.51","0.51","-","0.01","0.51","13","0.52","10","0.00",
="036452","南亞科中信56購01","44,000","7","266,200","6.30","6.35","5.75","6.00","-","0.20","6.30","10","8.35","100","0.00",
="036453","強茂中信54購01","438,000","17","210,630","0.48","0.50","0.46","0.49","-","0.04","0.49","10","0.50","10","0.00",
="036454","漢翔中信56購01","84,000","8","119,600","1.54","1.54","1.37","1.39","-","0.29","1.33","10","1.35","10","0.00",
="036455","亞翔中信55購02","0","0","0","--","--","--","--"," ","0.00","0.57","499","0.58","10","0.00",
="036456","緯穎中信59購05","0","0","0","--","--","--","--"," ","0.00","0.40","499","0.41","10","0.00",
="036457","元黃金永豐59購01","23,000","5","24,360","1.06","1.07","1.05","1.07","+","0.10","1.06","10","1.07","10","40.68",
="036458","鴻海永豐53購06","296,000","13","233,490","0.75","0.82","0.75","0.81","+","0.14","0.80","10","0.81","10","221.00",
="036459","鴻海永豐54購04","35,000","1","47,250","1.35","1.35","1.35","1.35","X","0.00","1.32","499","1.33","10","221.00",
="03645U","亞光國票4C售04","0","0","0","--","--","--","--"," ","0.00","0.40","25","0.41","10","0.00",
="036460","旺宏永豐53購01","50,000","11","93,210","1.82","2.01","1.79","1.83","+","0.10","1.82","10","1.92","10","26.75",
="036461","旺宏永豐55購01","476,000","14","1,083,440","2.29","2.41","2.20","2.24","+","0.16","2.24","10","2.34","10","26.75",
="036462","智邦永豐54購02","10,000","1","5,100","0.51","0.51","0.51","0.51","X","0.00","0.53","499","0.54","10","1,005.00",
="036463","瑞昱永豐55購01","17,000","2","34,810","2.05","2.05","2.03","2.03","X","0.00","2.00","2","2.03","10","540.00",
="036464","台光電永豐55購02","49,000","2","44,830","0.91","0.92","0.91","0.92","X","0.00","0.88","499","0.91","10","1,345.00",
="036465","漢唐永豐56購01","0","0","0","--","--","--","--"," ","0.00","0.56","499","0.57","10","987.00",
="036466","宏達電永豐55購03","7,000","1","14,700","2.10","2.10","2.10","2.10","X","0.00","1.99","499","2.00","10","64.60",
="036467","奇鋐永豐56購05","0","0","0","--","--","--","--"," ","0.00","0.97","499","0.98","10","1,015.00",
="036468","奇鋐永豐56購06","10,000","1","11,000","1.10","1.10","1.10","1.10","X","0.00","0.94","499","0.95","10","1,015.00",
="036469","偉訓永豐55購01","0","0","0","--","--","--","--"," ","0.00","0.98","499","0.99","10","97.50",
="03646U","緯創國票51售05","0","0","0","--","--","--","--"," ","0.00","0.57","25","0.58","10","0.00",
="036470","群創永豐53購01","43,000","2","79,270","1.81","1.87","1.81","1.87","X","0.00","1.80","499","1.84","10","14.15",
="036471","神達永豐56購04","60,000","4","59,200","0.97","0.99","0.97","0.99","+","0.08","0.94","499","0.95","10","90.00",
="036472","力成永豐56購01","37,000","6","59,430","1.68","1.68","1.56","1.59","X","0.00","1.61","499","1.63","10","150.50",
="036473","龍德船永豐54購02","0","0","0","--","--","--","--"," ","0.00","0.44","499","0.45","10","151.50",
="036474","廣宇兆豐55購01","0","0","0","--","--","--","--"," ","0.00","0.73","10","0.74","10","54.10",
="036475","智邦兆豐55購01","109,000","3","65,400","0.60","0.60","0.60","0.60","-","0.02","0.58","10","0.59","10","1,005.00",
="036476","台光電兆豐54購01","15,000","1","18,450","1.23","1.23","1.23","1.23","X","0.00","1.21","10","1.23","10","1,345.00",
="036477","創意兆豐54購01","43,000","1","30,100","0.70","0.70","0.70","0.70","X","0.00","0.72","10","0.73","10","1,315.00",
="036478","嘉澤兆豐53購01","0","0","0","--","--","--","--"," ","0.00","0.93","10","0.95","10","1,605.00",
="036479","貿聯兆豐59購01","112,000","5","147,150","1.32","1.32","1.25","1.25","-","0.11","1.20","10","1.23","10","1,085.00",
="03647U","佳必琪國票4C售01","0","0","0","--","--","--","--"," ","0.00","0.40","25","0.41","10","0.00",
="036480","jpp兆豐55購02","413,000","12","437,110","1.09","1.10","1.03","1.10","+","0.01","1.05","10","1.06","10","286.50",
="036481","鴻海富邦53購08","248,000","3","251,220","1.00","1.02","1.00","1.02","+","0.08","1.02","30","1.03","10","0.00",
="036482","宏碁富邦55購01","1,000","1","950","0.95","0.95","0.95","0.95","-","0.01","0.94","10","0.95","10","0.00",
="036483","佳能富邦56購01","392,000","24","419,460","0.94","1.14","0.94","1.06","+","0.13","1.03","10","1.04","10","0.00",
="036484","技嘉富邦53購02","73,000","7","64,870","0.89","0.89","0.88","0.89","+","0.02","0.88","30","0.89","10","0.00",
="036485","毅嘉富邦56購01","0","0","0","--","--","--","--"," ","0.00","0.54","10","0.55","10","0.00",
="036487","緯創富邦53購01","214,000","9","152,100","0.69","0.75","0.69","0.75","X","0.00","0.65","10","0.66","10","0.00",
="036488","京鼎富邦53購01","545,000","26","468,260","0.82","0.89","0.82","0.85","+","0.05","0.81","30","0.82","10","0.00",
="036489","貿聯富邦56購02","0","0","0","--","--","--","--"," ","0.00","1.01","10","1.03","10","0.00",
="03648U","緯穎國票51售03","23,000","2","6,240","0.28","0.28","0.27","0.27","X","0.00","0.27","25","0.28","10","0.00",
="036490","臺股指富邦5C購02","0","0","0","--","--","--","--"," ","0.00","2.75","499","2.76","100","0.00",
="036491","宏達電第一54購01","1,000","1","1,740","1.74","1.74","1.74","1.74","-","0.01","1.67","10","1.68","10","0.00",
="036492","漢翔第一54購01","141,000","9","286,630","2.08","2.08","1.88","1.88","-","0.51","1.88","10","1.89","10","0.00",
="036493","元黃金凱基59購01","66,000","11","32,460","0.50","0.50","0.48","0.48","+","0.05","0.49","10","0.50","50","40.68",
="036494","川湖凱基54購04","40,000","4","37,580","0.94","0.94","0.92","0.94","-","0.21","0.88","100","0.91","10","3,220.00",
="036495","光寶科凱基53購06","454,000","34","594,280","1.22","1.43","1.18","1.29","+","0.10","1.26","100","1.27","10","183.00",
="036496","光寶科凱基53購07","573,000","30","735,880","1.29","1.43","1.20","1.34","-","0.05","1.29","100","1.32","10","183.00",
="036497","光寶科凱基54購04","318,000","17","435,960","1.22","1.44","1.20","1.27","+","0.13","1.26","100","--","0","183.00",
="036498","光寶科凱基59購01","374,000","16","531,140","1.34","1.49","1.32","1.39","+","0.10","1.34","100","1.35","10","183.00",
="036499","台達電凱基56購01","149,000","5","174,330","1.18","1.18","1.12","1.12","-","0.07","1.09","10","1.18","10","893.00",
="03649U","洋基國票51售02","0","0","0","--","--","--","--"," ","0.00","0.30","25","0.31","10","0.00",
="036500","智邦凱基58購01","42,000","2","29,820","0.71","0.71","0.71","0.71","+","0.04","0.70","100","0.71","50","1,005.00",
="036501","台光電凱基53購14","11,000","1","13,420","1.22","1.22","1.22","1.22","X","0.00","1.16","100","1.18","10","1,345.00",
="036502","台光電凱基53購15","11,000","1","10,010","0.91","0.91","0.91","0.91","X","0.00","0.87","100","0.88","10","1,345.00",
="036503","鉅祥凱基55購01","7,000","1","5,320","0.76","0.76","0.76","0.76","+","0.01","0.69","100","0.71","10","108.50",
="036504","強茂凱基53購04","1,000","1","870","0.87","0.87","0.87","0.87","-","0.14","0.90","10","0.91","10","71.70",
="036505","宏達電凱基59購01","10,000","3","12,190","1.24","1.24","1.20","1.21"," ","0.00","1.19","100","--","0","64.60",
="036506","奇鋐凱基53購10","0","0","0","--","--","--","--"," ","0.00","0.59","100","0.61","10","1,015.00",
="036507","亞光凱基59購01","202,000","1","212,100","1.05","1.05","1.05","1.05","-","0.07","1.03","499","1.04","50","161.50",
="036508","華晶科凱基55購01","0","0","0","--","--","--","--"," ","0.00","0.83","100","0.84","10","52.80",
="036509","群創凱基54購03","0","0","0","--","--","--","--"," ","0.00","0.99","100","--","0","14.15",
="03650U","臺股指國票52售03","237,000","4","114,910","0.51","0.51","0.48","0.48","-","0.10","0.48","499","0.49","499","0.00",
="036510","嘉澤凱基54購03","0","0","0","--","--","--","--"," ","0.00","0.75","10","0.78","10","1,605.00",
="036511","亞翔凱基53購05","0","0","0","--","--","--","--"," ","0.00","0.59","100","0.60","30","358.50",
="036512","AES凱基54購04","0","0","0","--","--","--","--"," ","0.00","0.47","100","0.48","10","1,195.00",
="036513","富世達凱基55購03","6,000","1","5,040","0.84","0.84","0.84","0.84","+","0.08","0.83","100","0.84","50","1,010.00",
="036514","臺股指凱基56購15","10,000","1","11,500","1.15","1.15","1.15","1.15","X","0.00","1.14","100","1.15","10","0.00",
="036515","創意國泰54購01","0","0","0","--","--","--","--"," ","0.00","0.98","499","1.00","499","1,315.00",
="036516","貿聯國泰54購03","44,000","2","57,000","1.31","1.31","1.15","1.15","-","0.09","0.57","17","--","0","1,085.00",
="036517","AES國泰54購03","0","0","0","--","--","--","--"," ","0.00","0.73","499","0.74","100","1,195.00",
="036518","台灣50群益53購08","0","0","0","--","--","--","--"," ","0.00","2.18","100","2.20","100","58.45",
="036519","台灣50群益53購09","0","0","0","--","--","--","--"," ","0.00","1.60","100","1.62","100","58.45",
="03651U","臺股指國票52售04","0","0","0","--","--","--","--"," ","0.00","0.68","499","0.78","10","0.00",
="036520","光寶科群益57購01","123,000","9","197,690","1.52","1.73","1.52","1.66","+","0.21","1.57","100","1.58","100","183.00",
="036521","國巨群益59購01","151,000","18","390,770","2.56","2.70","2.52","2.53","-","0.05","2.52","25","2.54","10","176.00",
="036522","台積電群益55購04","0","0","0","--","--","--","--"," ","0.00","--","0","--","0","1,340.00",
="036523","華邦電群益53購07","0","0","0","--","--","--","--"," ","0.00","--","0","--","0","36.45",
="036524","智邦群益57購02","0","0","0","--","--","--","--"," ","0.00","0.70","100","0.71","100","1,005.00",
="036525","金像電群益53購10","0","0","0","--","--","--","--"," ","0.00","0.55","10","0.65","10","455.00",
="036526","台光電群益53購06","96,000","6","151,080","1.41","1.65","1.41","1.61","X","0.00","--","0","--","0","1,345.00",
="036527","聯發科群益53購05","0","0","0","--","--","--","--"," ","0.00","--","0","--","0","1,375.00",
="036528","奇鋐群益53購10","0","0","0","--","--","--","--"," ","0.00","--","0","--","0","1,015.00",
="036529","奇鋐群益55購02","0","0","0","--","--","--","--"," ","0.00","--","0","--","0","1,015.00",
="03652U","元石油中信4C售02","0","0","0","--","--","--","--"," ","0.00","0.70","499","0.71","100","0.00",
="036530","辛耘群益53購05","48,000","5","71,900","1.48","1.60","1.48","1.60","X","0.00","0.45","10","--","0","388.00",
="036531","神達群益53購07","30,000","7","83,580","2.76","2.92","2.74","2.88","+","0.34","2.76","10","2.86","10","90.00",
="036532","日月光群益54購01","0","0","0","--","--","--","--"," ","0.00","1.27","10","1.37","10","174.50",
="036533","愛普群益53購03","138,000","11","406,690","2.84","3.07","2.72","2.97","-","0.13","1.13","8","--","0","344.00",
="036534","台虹群益53購01","22,000","1","14,960","0.68","0.68","0.68","0.68","X","0.00","--","0","--","0","63.30",
="036535","元黃金元大55購01","31,000","2","37,840","1.24","1.24","1.22","1.22","+","0.13","1.23","499","1.24","100","40.68",
="036536","滬深2X元大54購07","0","0","0","--","--","--","--"," ","0.00","1.87","499","1.88","100","19.04",
="036537","滬深2X元大55購06","0","0","0","--","--","--","--"," ","0.00","1.69","499","1.70","100","19.04",
="036538","滬深2X元大56購04","0","0","0","--","--","--","--"," ","0.00","2.15","499","2.16","100","19.04",
="036539","SP黃豆元大55購01","17,000","1","10,880","0.64","0.64","0.64","0.64","-","0.08","0.64","499","0.65","100","19.68",
="03653U","臺股指永豐4C售06","0","0","0","--","--","--","--"," ","0.00","0.19","499","0.20","10","0.00",
="036540","上銀元大54購05","0","0","0","--","--","--","--"," ","0.00","1.31","499","1.33","10","217.50",
="036541","上銀元大54購06","9,000","1","13,230","1.47","1.47","1.47","1.47","-","0.06","1.45","499","1.47","10","217.50",
="036542","光寶科元大53購01","495,000","42","653,600","1.29","1.47","1.25","1.34","-","0.06","1.33","20","1.34","10","183.00",
="036543","光寶科元大54購10","196,000","25","308,430","1.53","1.76","1.50","1.57","+","0.14","1.57","450","1.59","10","183.00",
="036544","光寶科元大54購11","671,000","30","1,022,050","1.46","1.61","1.41","1.52","+","0.05","1.50","450","1.52","10","183.00",
="036545","光寶科元大57購03","774,000","34","1,388,040","1.73","1.96","1.69","1.81","+","0.14","1.78","400","1.79","10","183.00",
="036546","台達電元大54購12","250,000","14","527,240","2.13","2.15","2.02","2.04","-","0.13","2.01","350","--","0","893.00",
="036547","台達電元大57購03","366,000","23","371,980","1.03","1.04","0.96","0.98","-","0.03","0.98","26","--","0","893.00",
="036548","楠梓電元大54購08","161,000","8","150,820","0.97","0.97","0.86","0.86","-","0.24","0.50","100","--","0","103.50",
="036549","楠梓電元大54購10","443,000","18","431,040","1.06","1.06","0.88","0.88","-","0.18","0.64","31","0.94","3","103.50",
="03654U","SGBR2X凱基4C售03","0","0","0","--","--","--","--"," ","0.00","1.12","100","1.13","50","0.00",
="036550","鴻海元大54購42","0","0","0","--","--","--","--"," ","0.00","1.00","499","1.01","10","221.00",
="036551","鴻海元大54購43","0","0","0","--","--","--","--"," ","0.00","1.06","499","1.07","10","221.00",
="036552","華泰元大54購02","0","0","0","--","--","--","--"," ","0.00","3.00","250","3.02","10","47.70",
="036553","光罩元大54購01","301,000","3","334,020","1.11","1.11","1.02","1.02","-","0.19","1.07","499","1.08","10","41.20",
="036554","華邦電元大54購02","155,000","34","759,520","4.62","5.20","4.62","5.10","+","0.91","5.10","149","5.20","10","36.45",
="036555","華邦電元大59購02","242,000","33","949,360","3.79","4.12","3.79","4.06","+","0.59","4.09","200","4.13","10","36.45",
="036556","金像電元大59購01","325,000","7","415,540","1.28","1.29","1.26","1.26","+","0.05","1.24","499","1.25","10","455.00",
="036557","京元電元大57購02","0","0","0","--","--","--","--"," ","0.00","1.33","499","1.34","10","167.00",
="036558","義隆元大54購01","14,000","3","12,690","0.93","0.93","0.90","0.90","-","0.05","0.89","499","0.90","10","132.50",
="036559","義隆元大55購01","5,000","1","4,550","0.91","0.91","0.91","0.91","-","0.08","0.91","499","0.93","10","132.50",
="03655U","台積電凱基4C售45","0","0","0","--","--","--","--"," ","0.00","0.06","100","0.16","10","0.00",
="036560","盟立元大54購06","0","0","0","--","--","--","--"," ","0.00","1.62","450","1.65","10","72.30",
="036561","志聖元大54購02","695,000","12","831,560","1.18","1.29","1.15","1.15","+","0.04","0.53","18","--","0","197.00",
="036562","鉅祥元大54購07","507,000","5","292,050","0.57","0.59","0.57","0.59","-","0.03","0.57","499","0.58","10","108.50",
="036563","宏達電元大54購13","0","0","0","--","--","--","--"," ","0.00","1.35","499","1.36","10","64.60",
="036564","宏達電元大54購14","0","0","0","--","--","--","--"," ","0.00","0.77","499","0.78","10","64.60",
="036565","宏達電元大54購15","0","0","0","--","--","--","--"," ","0.00","0.74","499","0.75","10","64.60",
="036566","漢翔元大54購10","1,000","1","1,460","1.46","1.46","1.46","1.46","-","0.14","1.40","450","1.42","10","62.60",
="036567","漢翔元大54購11","126,000","9","234,820","1.94","1.94","1.82","1.82","-","0.17","1.77","400","1.79","10","62.60",
="036568","亞光元大54購16","0","0","0","--","--","--","--"," ","0.00","0.77","499","0.78","10","161.50",
="036569","偉訓元大54購01","0","0","0","--","--","--","--"," ","0.00","0.64","499","0.65","10","97.50",
="03656U","聯發科凱基4C售13","0","0","0","--","--","--","--"," ","0.00","0.22","100","0.23","10","0.00",
="036570","文曄元大54購01","222,000","8","209,180","0.95","0.95","0.92","0.93","+","0.04","0.92","499","0.94","10","137.50",
="036571","創意元大56購01","110,000","2","62,700","0.57","0.57","0.57","0.57","+","0.05","0.56","10","0.57","10","1,315.00",
="036572","牧德元大57購01","119,000","8","205,480","1.80","1.80","1.68","1.74","-","0.08","1.69","450","1.70","10","544.00",
="036573","達邁元大55購01","112,000","12","110,940","0.98","1.03","0.98","0.98","+","0.06","0.93","499","0.94","10","73.10",
="036574","達邁元大58購01","63,000","6","54,040","0.85","0.88","0.83","0.83","+","0.02","0.81","499","0.82","10","73.10",
="036575","神達元大54購19","238,000","10","311,680","1.33","1.35","1.27","1.28","+","0.05","1.31","499","1.33","10","90.00",
="036576","神達元大54購20","0","0","0","--","--","--","--"," ","0.00","0.75","499","0.76","10","90.00",
="036577","全訊元大54購02","262,000","7","218,160","0.91","0.91","0.82","0.82","-","0.10","0.77","499","0.79","10","140.00",
="036578","達興元大54購10","258,000","7","217,150","0.82","0.92","0.80","0.92","+","0.11","0.92","10","0.93","10","399.00",
="036579","力成元大54購01","248,000","17","305,030","1.28","1.28","1.19","1.23","-","0.02","1.21","499","1.23","10","150.50",
="03657U","臺股指凱基55售05","65,000","7","48,920","0.78","0.78","0.74","0.75","-","0.08","0.75","100","0.76","10","0.00",
="036580","力成元大54購02","239,000","5","298,700","1.31","1.31","1.24","1.24","-","0.02","1.25","499","1.27","10","150.50",
="036581","迅得元大54購06","206,000","11","191,930","0.97","0.97","0.90","0.90"," ","0.00","0.87","499","0.88","10","176.00",
="036582","迅得元大57購01","0","0","0","--","--","--","--"," ","0.00","0.58","499","0.59","10","176.00",
="036583","緯穎元大59購02","0","0","0","--","--","--","--"," ","0.00","1.60","450","1.61","10","3,140.00",
="036584","采鈺元大54購09","110,000","6","196,100","1.81","1.81","1.77","1.77","-","0.12","1.70","400","1.71","10","305.50",
="036585","富世達元大54購22","201,000","2","112,560","0.56","0.56","0.56","0.56","+","0.05","0.54","499","0.55","10","1,010.00",
="036586","富世達元大55購02","2,000","1","1,540","0.77","0.77","0.77","0.77","+","0.09","0.71","499","0.72","10","1,010.00",
="036587","來億元大54購01","60,000","4","98,350","1.64","1.64","1.63","1.63","-","0.04","1.65","450","1.68","10","224.00",
="036588","T50正2元富53購02","0","0","0","--","--","--","--"," ","0.00","2.76","25","2.77","25","302.45",
="036589","元黃金元富53購01","2,000","2","3,710","1.84","1.87","1.84","1.87","+","0.24","1.86","25","1.87","25","40.68",
="03658U","臺股指凱基59售01","81,000","6","56,600","0.71","0.71","0.69","0.70","-","0.06","0.69","100","0.70","10","0.00",
="036590","華城元富53購02","19,000","1","25,080","1.32","1.32","1.32","1.32","X","0.00","1.25","25","1.26","25","586.00",
="036591","永光元富53購01","0","0","0","--","--","--","--"," ","0.00","0.51","25","0.52","25","19.20",
="036592","鴻海元富53購08","24,000","13","43,440","1.80","1.82","1.80","1.82","X","0.00","1.79","25","1.80","25","221.00",
="036593","鴻海元富53購09","13,000","13","25,390","1.87","1.96","1.87","1.96","+","0.23","1.95","25","1.96","25","221.00",
="036594","廣宇元富53購03","0","0","0","--","--","--","--"," ","0.00","0.62","25","0.63","25","54.10",
="036595","旺宏元富54購01","21,000","4","90,680","4.37","4.37","4.02","4.08","+","0.04","4.01","25","4.11","10","26.75",
="036596","旺宏元富54購02","171,000","6","504,200","2.96","3.06","2.87","2.93","-","0.53","2.84","25","2.94","10","26.75",
="036597","智邦元富54購02","0","0","0","--","--","--","--"," ","0.00","0.52","25","0.54","25","1,005.00",
="036598","台光電元富54購03","56,000","3","72,790","1.27","1.48","1.27","1.37","X","0.00","1.37","25","1.47","10","1,345.00",
="036599","貿聯元富56購01","0","0","0","--","--","--","--"," ","0.00","1.54","25","1.57","10","1,085.00",
="03659U","T50正2元大4C售07","0","0","0","--","--","--","--"," ","0.00","0.07","100","0.17","11","0.00",
="036600","神達元富53購07","178,000","17","179,760","1.02","1.07","0.97","1.06","+","0.15","1.02","25","1.03","25","90.00",
="036601","承業醫元富53購01","0","0","0","--","--","--","--"," ","0.00","1.41","25","1.42","25","47.00",
="036602","和碩元富53購01","10,000","1","38,500","3.85","3.85","3.85","3.85","+","0.22","3.66","25","3.76","10","71.10",
="036603","全訊元富53購01","111,000","2","105,450","0.95","0.95","0.95","0.95","-","0.02","0.82","25","0.83","25","140.00",
="036604","亞翔元富56購01","59,000","3","74,880","1.26","1.29","1.26","1.29","X","0.00","1.24","25","1.25","25","358.50",
="036605","AES元富59購02","1,000","1","980","0.98","0.98","0.98","0.98","-","0.05","0.96","25","0.97","25","1,195.00",
="036606","台虹元富59購01","116,000","6","167,020","1.43","1.55","1.43","1.44","-","0.03","1.40","25","1.41","25","63.30",
="036607","東哥元富53購01","0","0","0","--","--","--","--"," ","0.00","1.64","25","1.66","25","217.00",
="036608","大亞國票54購01","0","0","0","--","--","--","--"," ","0.00","1.31","25","1.32","10","39.85",
="036609","鴻海國票56購02","0","0","0","--","--","--","--"," ","0.00","1.60","25","1.61","10","221.00",
="03660U","元油反元大51售02","0","0","0","--","--","--","--"," ","0.00","0.60","250","0.61","100","0.00",
="036610","台積電國票53購03","51,000","2","47,380","0.88","0.93","0.88","0.93","+","0.24","0.94","25","0.95","10","1,340.00",
="036611","台積電國票54購04","2,000","2","1,860","0.93","0.93","0.93","0.93","+","0.14","1.02","25","1.04","10","1,340.00",
="036612","台積電國票55購02","14,000","6","13,770","0.94","1.02","0.94","1.02","+","0.18","1.03","25","1.05","10","1,340.00",
="036613","台積電國票56購02","2,000","2","2,040","1.02","1.02","1.02","1.02","+","0.10","1.12","25","1.13","10","1,340.00",
="036614","威盛國票54購02","0","0","0","--","--","--","--"," ","0.00","2.01","25","2.02","10","59.50",
="036615","南亞科國票54購02","10,000","2","66,000","6.60","6.60","6.60","6.60","-","0.30","7.00","25","7.15","10","81.00",
="036616","盟立國票55購01","0","0","0","--","--","--","--"," ","0.00","1.40","25","1.42","10","72.30",
="036617","強茂國票55購01","2,000","1","4,000","2.00","2.00","2.00","2.00","-","0.20","2.00","25","2.01","10","71.70",
="036618","宏達電國票53購06","0","0","0","--","--","--","--"," ","0.00","1.35","25","1.36","10","64.60",
="036619","奇鋐國票55購01","143,000","21","138,350","1.00","1.01","0.86","0.86","+","0.01","0.87","25","0.88","10","1,015.00",
="03661U","台光電元大4C售19","0","0","0","--","--","--","--"," ","0.00","0.14","499","0.15","200","0.00",
="036620","偉訓國票53購01","102,000","2","159,060","1.56","1.56","1.53","1.53","-","0.11","1.53","25","1.54","10","97.50",
="036621","偉訓國票54購01","0","0","0","--","--","--","--"," ","0.00","0.73","25","0.74","10","97.50",
="036622","偉訓國票55購01","0","0","0","--","--","--","--"," ","0.00","0.86","25","0.87","10","97.50",
="036623","牧德國票54購03","0","0","0","--","--","--","--"," ","0.00","1.16","25","1.18","10","544.00",
="036624","立積國票55購01","7,000","3","10,140","1.45","1.45","1.44","1.44","-","0.18","1.45","25","1.46","10","151.50",
="036625","昇陽半國票54購03","6,000","1","12,300","2.05","2.05","2.05","2.05","X","0.00","1.83","25","1.84","10","179.50",
="036626","波力國票54購01","0","0","0","--","--","--","--"," ","0.00","1.36","25","1.40","10","176.50",
="036627","國巨中信59購01","510,000","31","535,380","1.04","1.10","1.02","1.04","-","0.03","1.02","10","1.05","10","0.00",
="036628","華邦電中信53購04","1,222,000","96","2,546,940","1.91","2.30","1.91","2.22","+","0.47","2.21","10","2.22","8","0.00",
="036629","華邦電中信56購01","256,000","37","1,587,500","5.80","6.55","5.60","6.55","+","1.35","6.35","10","6.45","10","0.00",
="03662U","健策元大4C售03","20,000","1","1,200","0.06","0.06","0.06","0.06","-","0.02","0.06","499","0.07","200","0.00",
="036630","華航中信53購01","0","0","0","--","--","--","--"," ","0.00","0.88","499","0.90","10","0.00",
="036631","長榮航中信53購01","0","0","0","--","--","--","--"," ","0.00","1.19","10","1.20","10","0.00",
="036632","華擎中信53購01","0","0","0","--","--","--","--"," ","0.00","0.44","499","0.45","10","0.00",
="036633","佳必琪中信55購01","0","0","0","--","--","--","--"," ","0.00","0.25","499","0.26","10","0.00",
="036634","力積電中信56購01","46,000","4","197,430","3.93","4.30","3.93","4.30","+","1.25","4.23","20","5.00","4","0.00",
="036635","臺股指中信56購07","0","0","0","--","--","--","--"," ","0.00","0.63","499","0.64","100","0.00",
="036636","滬深2X永豐58購01","0","0","0","--","--","--","--"," ","0.00","0.89","499","0.90","10","19.04",
="036637","鴻海永豐54購05","0","0","0","--","--","--","--"," ","0.00","1.67","499","1.68","10","221.00",
="036638","鴻海永豐55購01","10,000","1","13,700","1.37","1.37","1.37","1.37","+","0.18","1.36","10","1.37","10","221.00",
="036639","仁寶永豐56購01","90,000","1","287,100","3.19","3.19","3.19","3.19","X","0.00","3.08","10","3.10","10","31.40",
="03663U","世芯元大4C售06","0","0","0","--","--","--","--"," ","0.00","--","0","--","0","0.00",
="036640","國巨永豐54購02","146,000","23","516,110","3.57","3.62","3.47","3.49","-","0.08","3.43","1","3.49","10","176.00",
="036641","國巨永豐55購01","288,000","18","527,690","1.90","1.90","1.82","1.83","-","0.02","1.82","10","1.83","7","176.00",
="036642","廣宇永豐56購02","0","0","0","--","--","--","--"," ","0.00","1.99","499","2.00","10","54.10",
="036643","台積電永豐56購05","22,000","6","21,780","0.92","1.02","0.92","1.02","+","0.17","0.85","10","1.50","10","1,340.00",
="036644","華邦電永豐59購01","200,000","21","811,250","3.83","4.14","3.80","4.10","+","0.47","4.13","499","4.14","10","36.45",
="036645","英業達永豐54購01","0","0","0","--","--","--","--"," ","0.00","--","0","--","0","45.00",
="036646","英業達永豐56購01","0","0","0","--","--","--","--"," ","0.00","1.17","6","--","0","45.00",
="036647","群光永豐54購01","0","0","0","--","--","--","--"," ","0.00","2.16","499","2.19","10","140.00",
="036648","億光永豐54購01","40,000","4","57,300","1.44","1.44","1.43","1.43","-","0.07","1.46","499","1.56","10","63.10",
="036649","宏達電永豐56購02","33,000","1","31,680","0.96","0.96","0.96","0.96"," ","0.00","0.93","10","0.94","10","64.60",
="03664U","元石油群益52售02","0","0","0","--","--","--","--"," ","0.00","0.91","25","0.92","10","0.00",
="036650","奇鋐永豐59購02","78,000","5","88,900","1.17","1.17","1.10","1.10","+","0.08","1.02","10","1.03","10","1,015.00",
="036651","亞光永豐56購01","0","0","0","--","--","--","--"," ","0.00","10.50","499","10.70","10","161.50",
="036652","華晶科永豐56購02","0","0","0","--","--","--","--"," ","0.00","0.62","499","0.63","10","52.80",
="036653","長虹永豐54購01","0","0","0","--","--","--","--"," ","0.00","0.94","499","0.95","10","77.40",
="036654","精成科永豐55購02","76,000","3","68,280","0.95","0.95","0.88","0.88","-","0.14","0.85","10","0.86","10","125.50",
="036655","精成科永豐56購01","14,000","3","172,200","12.40","12.40","11.90","11.90","-","2.20","12.10","499","12.20","10","125.50",
="036656","力成永豐54購01","0","0","0","--","--","--","--"," ","0.00","1.13","499","1.14","10","150.50",
="036657","富世達永豐56購03","8,000","2","5,440","0.68","0.68","0.68","0.68","X","0.00","0.66","499","0.67","10","1,010.00",
="036658","宏達電台新53購01","0","0","0","--","--","--","--"," ","0.00","1.52","20","1.53","10","0.00",
="036659","T50正2凱基53購06","0","0","0","--","--","--","--"," ","0.00","2.62","10","2.63","10","302.45",
="03665B","臺股指元大4A熊02","7,196,000","52","2,277,740","0.35","0.36","0.28","0.30","-","0.11","0.32","1","0.33","127","26,247.37",
="03665U","SGBR2X群益52售02","0","0","0","--","--","--","--"," ","0.00","1.56","25","1.57","10","0.00",
="036660","滬深2X凱基54購14","8,000","6","12,030","1.51","1.61","1.39","1.39","-","0.14","1.42","100","1.43","50","19.04",
="036661","上銀凱基54購03","0","0","0","--","--","--","--"," ","0.00","0.89","100","--","0","217.50",
="036662","台達電凱基59購02","127,000","13","167,230","1.36","1.36","1.26","1.30","-","0.06","1.26","100","1.36","10","893.00",
="036663","鴻海凱基55購21","0","0","0","--","--","--","--"," ","0.00","1.03","100","1.04","10","221.00",
="036664","仁寶凱基53購01","17,000","3","24,930","1.49","1.51","1.35","1.35","X","0.00","1.31","100","1.41","10","31.40",
="036665","國巨凱基53購03","67,000","15","129,920","2.01","2.01","1.83","1.85"," ","0.00","1.75","15","1.88","5","176.00",
="036666","旺宏凱基53購02","162,000","16","329,740","2.00","2.28","1.95","2.03","+","0.18","2.02","10","2.12","10","26.75",
="036667","華邦電凱基53購04","20,000","6","71,330","3.57","3.80","3.29","3.65","+","0.65","3.67","100","3.71","10","36.45",
="036668","海悅凱基54購02","200,000","1","110,000","0.55","0.55","0.55","0.55","-","0.04","0.56","10","0.57","40","89.00",
="036669","金像電凱基53購10","12,000","2","9,660","0.78","0.81","0.78","0.81","+","0.06","0.77","100","0.87","10","455.00",
="03666U","台玻群益51售01","0","0","0","--","--","--","--"," ","0.00","0.05","100","0.07","100","0.00",
="036670","佳能凱基56購03","104,000","6","128,050","1.19","1.31","1.19","1.31","+","0.24","1.22","100","1.23","30","88.80",
="036671","台光電凱基53購16","0","0","0","--","--","--","--"," ","0.00","0.96","100","0.98","10","1,345.00",
="036672","南亞科凱基53購05","25,000","4","76,410","3.00","3.07","3.00","3.07","-","0.07","3.02","499","3.12","10","81.00",
="036673","志聖凱基53購05","92,000","14","90,730","0.99","1.11","0.96","1.11","+","0.15","0.93","100","1.03","10","197.00",
="036674","奇鋐凱基53購11","0","0","0","--","--","--","--"," ","0.00","0.59","100","0.60","10","1,015.00",
="036675","偉訓凱基54購02","30,000","1","24,300","0.81","0.81","0.81","0.81","-","0.05","0.78","100","0.79","10","97.50",
="036676","華晶科凱基53購03","0","0","0","--","--","--","--"," ","0.00","0.74","100","0.75","10","52.80",
="036677","聯鈞凱基54購03","187,000","20","381,160","1.84","2.23","1.84","2.18","+","0.38","2.21","100","2.22","10","278.00",
="036678","神達凱基54購09","0","0","0","--","--","--","--"," ","0.00","1.02","100","1.03","30","90.00",
="036679","jpp凱基54購03","63,000","8","74,300","1.21","1.21","1.13","1.19"," ","0.00","1.15","10","1.25","10","286.50",
="03667U","海悅群益51售02","0","0","0","--","--","--","--"," ","0.00","1.19","10","1.29","10","0.00",
="036680","精成科凱基57購02","0","0","0","--","--","--","--"," ","0.00","0.95","100","0.96","10","125.50",
="036681","精成科凱基59購01","0","0","0","--","--","--","--"," ","0.00","0.94","100","0.95","10","125.50",
="036682","力成凱基53購01","10,000","1","13,200","1.32","1.32","1.32","1.32","+","0.01","1.36","100","1.39","10","150.50",
="036683","緯穎凱基53購11","0","0","0","--","--","--","--"," ","0.00","0.72","100","0.73","10","3,140.00",
="036684","力積電凱基53購01","161,000","13","405,050","2.30","3.73","2.30","3.73","+","2.10","2.53","51","3.72","1","23.45",
="036685","采鈺凱基53購03","98,000","5","122,240","1.26","1.26","1.18","1.18","-","0.12","1.18","10","1.19","10","305.50",
="036686","富世達凱基55購04","6,000","1","5,100","0.85","0.85","0.85","0.85","X","0.00","0.84","100","0.85","50","1,010.00",
="036687","來億凱基53購01","0","0","0","--","--","--","--"," ","0.00","1.21","10","1.22","10","224.00",
="036688","臺股指凱基5B購02","0","0","0","--","--","--","--"," ","0.00","2.37","100","2.38","10","0.00",
="036689","台灣50元富53購10","0","0","0","--","--","--","--"," ","0.00","2.37","25","2.38","25","58.45",
="03668U","國泰金群益53售01","0","0","0","--","--","--","--"," ","0.00","0.22","100","0.23","100","0.00",
="036690","T50反1元富53購04","0","0","0","--","--","--","--"," ","0.00","0.99","25","1.00","25","18.29",
="036691","元黃金元富59購01","1,000","1","1,390","1.39","1.39","1.39","1.39","+","0.14","1.38","25","1.39","25","40.68",
="036692","國企2X元富53購03","1,000","1","1,310","1.31","1.31","1.31","1.31","-","0.04","1.26","25","1.27","25","11.65",
="036693","美時元富53購01","120,000","1","220,800","1.84","1.84","1.84","1.84","X","0.00","1.84","25","1.86","25","192.00",
="036694","鴻海元富53購10","30,000","14","66,200","2.12","2.23","2.12","2.23","+","0.27","2.21","25","2.23","25","221.00",
="036695","鴻海元富53購11","105,000","28","593,700","5.45","5.80","5.40","5.70","+","0.85","5.65","25","5.70","25","221.00",
="036696","華邦電元富54購03","203,000","28","1,318,250","6.20","6.70","6.15","6.50","+","1.25","6.45","25","6.95","26","36.45",
="036697","英業達元富54購01","34,000","1","70,040","2.06","2.06","2.06","2.06","X","0.00","--","0","--","0","45.00",
="036698","英業達元富54購02","17,000","3","24,140","1.43","1.43","1.41","1.42","X","0.00","1.40","25","1.41","25","45.00",
="036699","南亞科元富56購04","1,454,000","21","5,724,330","4.06","5.80","3.73","5.80","+","1.79","2.81","30","5.80","1","81.00",
="03669U","中信金群益51售01","0","0","0","--","--","--","--"," ","0.00","--","0","--","0","0.00",
="036700","聯發科元富64購01","80,000","3","78,400","0.99","0.99","0.96","0.96","X","0.00","0.93","25","0.95","25","1,375.00",
="036701","宏達電元富59購01","0","0","0","--","--","--","--"," ","0.00","2.20","25","2.21","25","64.60",
="036702","晶豪科元富54購01","125,000","8","408,350","3.40","3.40","3.15","3.29","-","0.06","1.75","41","--","0","81.00",
="036703","奇鋐元富54購05","85,000","9","105,750","1.45","1.45","1.18","1.18","-","0.01","1.17","25","1.18","25","1,015.00",
="036704","華晶科元富53購04","2,000","1","1,020","0.51","0.51","0.51","0.51","-","0.03","0.50","25","0.51","25","52.80",
="036705","玉晶光元富56購01","144,000","7","251,810","1.77","1.78","1.74","1.75","-","0.04","1.74","25","1.84","10","443.50",
="036706","富鼎元富53購02","40,000","5","75,150","1.86","1.95","1.82","1.95","+","0.02","0.78","12","--","0","95.50",
="036707","聚陽國票54購01","0","0","0","--","--","--","--"," ","0.00","1.46","25","1.49","10","294.00",
="036708","光寶科國票5A購01","184,000","16","449,290","2.31","2.61","2.30","2.52","+","0.11","2.43","25","2.44","10","183.00",
="036709","金寶國票54購01","0","0","0","--","--","--","--"," ","0.00","1.22","25","1.23","10","19.60",
="03670U","臺股指群益4C售21","0","0","0","--","--","--","--"," ","0.00","0.08","499","0.09","499","0.00",
="036710","台亞國票54購02","13,000","2","26,770","2.09","2.09","2.05","2.05","-","0.07","2.00","25","2.01","10","27.80",
="036711","華邦電國票55購01","31,000","9","178,700","5.65","5.95","5.45","5.70","+","0.70","5.95","25","6.00","10","36.45",
="036712","英業達國票54購01","0","0","0","--","--","--","--"," ","0.00","1.90","25","1.91","10","45.00",
="036713","台光電國票5A購02","0","0","0","--","--","--","--"," ","0.00","1.67","25","1.68","10","1,345.00",
="036714","毅嘉國票53購04","0","0","0","--","--","--","--"," ","0.00","1.03","25","1.04","10","53.50",
="036715","創見國票59購01","9,000","4","11,470","1.28","1.29","1.25","1.29","-","0.07","1.27","25","1.28","10","118.00",
="036716","強茂國票53購03","25,000","1","35,250","1.41","1.41","1.41","1.41","-","0.17","1.48","25","1.49","10","71.70",
="036717","漢翔國票54購03","0","0","0","--","--","--","--"," ","0.00","1.32","25","1.33","10","62.60",
="036718","聯鈞國票54購02","47,000","8","198,210","3.71","4.47","3.71","4.47","+","0.81","4.37","25","4.38","10","278.00",
="036719","精成科國票54購02","1,000","1","920","0.92","0.92","0.92","0.92","-","0.14","0.92","25","0.93","10","125.50",
="03671U","臺股指群益4C售22","0","0","0","--","--","--","--"," ","0.00","0.04","499","--","0","0.00",
="036720","力成國票57購01","165,000","2","219,300","1.32","1.33","1.32","1.33","-","0.01","1.32","25","1.33","10","150.50",
="036721","同欣電國票56購01","0","0","0","--","--","--","--"," ","0.00","1.32","25","1.33","10","120.50",
="036722","愛普國票55購01","5,000","1","12,500","2.50","2.50","2.50","2.50","-","0.07","2.48","25","2.50","10","344.00",
="036723","富鼎國票54購01","0","0","0","--","--","--","--"," ","0.00","1.34","25","1.36","10","95.50",
="036724","寶成國票54購01","0","0","0","--","--","--","--"," ","0.00","1.44","25","1.45","10","28.90",
="036725","T50反1國泰54購01","0","0","0","--","--","--","--"," ","0.00","0.57","499","0.58","100","18.29",
="036726","T50反1國泰54購02","0","0","0","--","--","--","--"," ","0.00","0.83","499","0.84","100","18.29",
="036727","國巨國泰54購01","5,000","1","16,950","3.39","3.39","3.39","3.39","-","0.04","3.22","499","3.29","10","176.00",
="036728","國巨國泰54購02","11,000","8","30,590","2.74","2.80","2.74","2.80","+","0.08","2.71","499","2.77","100","176.00",
="036729","智邦國泰54購01","28,000","3","23,460","0.82","0.84","0.82","0.84","+","0.05","0.82","499","0.84","499","1,005.00",
="03672U","臺股指群益4C售23","0","0","0","--","--","--","--"," ","0.00","0.06","499","--","0","0.00",
="036730","佳能國泰54購02","65,000","8","131,950","2.01","2.07","2.00","2.01","X","0.00","1.96","499","2.00","100","88.80",
="036731","亞光國泰54購01","0","0","0","--","--","--","--"," ","0.00","0.98","499","1.00","100","161.50",
="036732","華晶科國泰54購01","147,000","7","188,660","1.38","1.38","1.25","1.25","-","0.13","1.25","499","1.26","499","52.80",
="036733","創意國泰54購02","0","0","0","--","--","--","--"," ","0.00","1.07","499","1.08","100","1,315.00",
="036734","創意國泰54購03","30,000","2","28,100","0.94","0.94","0.93","0.93","X","0.00","0.92","499","0.93","100","1,315.00",
="036735","聯鈞國泰54購02","28,000","4","358,000","12.40","13.10","12.40","12.50","+","1.80","12.90","499","13.10","10","278.00",
="036736","華擎國泰54購01","0","0","0","--","--","--","--"," ","0.00","0.92","499","0.93","100","278.00",
="036737","嘉澤國泰54購01","6,000","1","7,020","1.17","1.17","1.17","1.17","-","0.07","1.18","499","1.19","100","1,605.00",
="036738","佳必琪國泰54購02","45,000","1","58,950","1.31","1.31","1.31","1.31","X","0.00","1.28","499","1.30","420","160.00",
="036739","力成國泰54購01","30,000","1","61,200","2.04","2.04","2.04","2.04","-","0.06","2.04","499","2.06","250","150.50",
="03673U","臺股指群益4C售24","0","0","0","--","--","--","--"," ","0.00","0.05","649","--","0","0.00",
="036740","上証2X群益53購01","0","0","0","--","--","--","--"," ","0.00","0.09","5","--","0","47.20",
="036741","華城群益53購03","0","0","0","--","--","--","--"," ","0.00","0.16","6","--","0","586.00",
="036742","光寶科群益53購07","755,000","62","1,489,270","1.92","2.27","1.88","2.00","+","0.02","1.99","100","2.02","100","183.00",
="036743","光寶科群益55購01","312,000","24","872,260","2.68","3.12","2.65","2.79","+","0.02","2.78","100","2.81","100","183.00",
="036744","華通群益53購04","0","0","0","--","--","--","--"," ","0.00","0.12","9","1.21","10","77.00",
="036745","楠梓電群益54購02","198,000","15","367,820","1.90","1.90","1.83","1.83","-","0.08","0.95","21","--","0","103.50",
="036746","鴻海群益55購03","20,000","1","19,000","0.95","0.95","0.95","0.95","X","0.00","0.92","100","0.93","100","221.00",
="036747","國巨群益54購02","39,000","5","122,800","3.19","3.23","3.10","3.17","-","0.01","3.10","100","3.14","100","176.00",
="036748","佳能群益55購03","61,000","11","102,830","1.66","1.78","1.64","1.64","X","0.00","1.64","30","1.74","10","88.80",
="036749","台光電群益53購07","111,000","12","183,420","1.54","1.78","1.54","1.65","X","0.00","--","0","--","0","1,345.00",
="03674U","臺股指群益4C售25","0","0","0","--","--","--","--"," ","0.00","0.09","499","--","0","0.00",
="036750","宏達電群益54購03","0","0","0","--","--","--","--"," ","0.00","--","0","1.19","10","64.60",
="036751","奇鋐群益53購11","0","0","0","--","--","--","--"," ","0.00","0.07","6","--","0","1,015.00",
="036752","緯創群益55購02","0","0","0","--","--","--","--"," ","0.00","0.05","63","--","0","122.50",
="036753","新日興群益53購04","88,000","8","297,970","3.49","3.56","3.30","3.30","-","0.12","1.51","13","--","0","237.00",
="036754","群創群益56購03","600,000","6","629,000","1.05","1.13","1.01","1.11","+","0.06","1.09","100","1.11","100","14.15",
="036755","牧德群益53購02","0","0","0","--","--","--","--"," ","0.00","--","0","1.20","10","544.00",
="036756","世芯群益53購08","9,000","1","14,400","1.60","1.60","1.60","1.60","-","0.14","0.60","16","--","0","3,700.00",
="036757","亞翔群益53購04","0","0","0","--","--","--","--"," ","0.00","1.00","10","1.10","10","358.50",
="036758","力成群益55購01","0","0","0","--","--","--","--"," ","0.00","--","0","--","0","150.50",
="036759","富世達群益53購04","18,000","2","30,240","1.66","1.70","1.66","1.70","X","0.00","0.07","6","--","0","1,010.00",
="03675U","臺股指群益4C售26","0","0","0","--","--","--","--"," ","0.00","0.11","499","--","0","0.00",
="036760","南電群益53購08","17,000","4","103,950","6.15","6.20","5.90","5.90","+","0.10","5.30","10","5.80","10","234.50",
="036761","臺股指群益59購08","273,000","12","583,760","2.14","2.14","2.12","2.12","+","0.15","2.12","499","2.13","499","0.00",
="036762","群創富邦53購03","26,000","1","29,380","1.13","1.13","1.13","1.13","X","0.00","1.08","30","1.09","10","0.00",
="036763","華擎富邦54購01","0","0","0","--","--","--","--"," ","0.00","0.41","30","0.42","10","0.00",
="036764","辛耘富邦53購02","51,000","3","47,040","0.92","0.93","0.92","0.93","+","0.22","0.84","30","0.85","10","0.00",
="036765","精成科富邦56購01","653,000","27","415,390","0.73","0.73","0.57","0.57","-","0.15","0.56","10","0.57","10","0.00",
="036766","T50反1元大53購07","0","0","0","--","--","--","--"," ","0.00","0.70","499","0.71","10","18.29",
="036767","T50反1元大53購08","199,000","8","192,540","0.99","0.99","0.94","0.95","-","0.11","0.94","100","0.95","10","18.29",
="036768","T50反1元大54購06","66,000","5","79,100","1.20","1.21","1.19","1.19","-","0.13","1.19","100","1.20","10","18.29",
="036769","香港反元大55購01","1,162,000","3","449,240","0.38","0.39","0.38","0.39","+","0.01","0.39","250","0.40","100","5.27",
="03676U","臺股指群益4C售27","0","0","0","--","--","--","--"," ","0.00","0.11","499","--","0","0.00",
="036770","聚陽元大54購01","0","0","0","--","--","--","--"," ","0.00","1.59","25","1.62","10","294.00",
="036771","永光元大54購01","10,000","1","9,100","0.91","0.91","0.91","0.91"," ","0.00","0.85","499","0.86","10","19.20",
="036772","台達電元大54購15","410,000","17","778,510","1.99","2.00","1.83","1.85","-","0.10","1.82","25","--","0","893.00",
="036773","台達電元大54購16","483,000","28","420,680","0.93","0.93","0.84","0.85","-","0.08","0.84","25","0.85","10","893.00",
="036774","台達電元大54購17","196,000","10","263,430","1.38","1.39","1.30","1.30","-","0.06","1.28","25","1.29","10","893.00",
="036775","楠梓電元大54購11","3,750,000","32","3,343,600","0.96","0.96","0.80","0.80","-","0.14","0.66","10","0.82","44","103.50",
="036776","鴻海元大54購44","68,000","1","55,080","0.81","0.81","0.81","0.81","X","0.00","0.81","499","0.82","10","221.00",
="036777","鴻海元大54購45","0","0","0","--","--","--","--"," ","0.00","1.18","499","1.19","10","221.00",
="036778","廣宇元大54購07","41,000","5","68,420","1.67","1.67","1.62","1.62","-","0.06","1.61","450","1.62","10","54.10",
="036779","台亞元大54購03","195,000","14","348,590","1.79","1.91","1.69","1.72","-","0.09","1.73","400","1.75","10","27.80",
="03677U","電子類群益4C售02","0","0","0","--","--","--","--"," ","0.00","0.03","499","0.04","499","0.00",
="036780","華邦電元大54購03","867,000","56","4,099,240","4.70","5.10","4.55","5.10","+","1.05","4.98","210","5.10","9","36.45",
="036781","華邦電元大54購04","266,000","35","1,212,440","4.24","4.78","4.23","4.67","+","0.67","4.67","200","4.71","10","36.45",
="036782","華邦電元大58購01","449,000","61","1,675,590","3.49","3.96","3.49","3.91","+","0.67","3.87","250","3.91","10","36.45",
="036783","智邦元大54購14","233,000","3","128,150","0.55","0.55","0.55","0.55","+","0.04","0.09","111","--","0","1,005.00",
="036784","智邦元大54購15","0","0","0","--","--","--","--"," ","0.00","--","0","--","0","1,005.00",
="036785","佳能元大58購01","3,035,000","78","2,390,290","0.72","0.88","0.72","0.79","+","0.07","0.78","509","0.79","10","88.80",
="036786","威盛元大54購04","0","0","0","--","--","--","--"," ","0.00","1.55","450","1.57","10","59.50",
="036787","威盛元大54購05","0","0","0","--","--","--","--"," ","0.00","1.91","350","1.93","10","59.50",
="036788","南亞科元大54購07","123,000","16","710,000","5.95","6.00","5.50","6.00","+","0.15","5.90","35","6.00","10","81.00",
="036789","南亞科元大54購08","87,000","13","502,400","5.60","5.95","5.55","5.95","+","0.10","5.90","25","6.00","10","81.00",
="03678U","電子類群益4C售03","100,000","1","9,000","0.09","0.09","0.09","0.09","-","0.03","0.09","514","0.10","499","0.00",
="036790","南亞科元大54購09","224,000","29","440,050","2.01","2.05","1.85","2.05","+","0.04","2.03","25","2.05","2","81.00",
="036791","友達元大54購01","43,000","2","44,470","1.04","1.04","0.99","0.99","+","0.06","0.97","499","0.99","10","13.70",
="036792","奇鋐元大59購02","435,000","9","271,350","0.65","0.65","0.58","0.58"," ","0.00","0.58","499","0.59","10","1,015.00",
="036793","亞光元大54購17","0","0","0","--","--","--","--"," ","0.00","0.75","499","0.76","10","161.50",
="036794","群創元大54購09","60,000","1","112,200","1.87","1.87","1.87","1.87","X","0.00","1.90","10","1.92","10","14.15",
="036795","貿聯元大54購20","1,000","1","610","0.61","0.61","0.61","0.61","X","0.00","0.57","499","--","0","1,085.00",
="036796","神達元大54購21","78,000","3","148,120","1.86","1.91","1.86","1.88","+","0.13","1.93","400","1.95","10","90.00",
="036797","神達元大54購22","16,000","5","30,470","1.90","1.95","1.83","1.87","+","0.12","1.90","400","1.92","10","90.00",
="036798","神達元大54購23","0","0","0","--","--","--","--"," ","0.00","0.66","499","0.67","10","90.00",
="036799","臻鼎元大54購13","4,000","2","4,100","1.05","1.05","1.00","1.00","-","0.01","1.00","499","1.01","10","171.50",
="03679U","T50正2富邦52售02","0","0","0","--","--","--","--"," ","0.00","0.28","100","0.29","98","0.00",
="036800","臻鼎元大54購14","5,000","2","3,250","0.65","0.65","0.65","0.65","-","0.01","0.65","499","0.66","10","171.50",
="036801","精成科元大54購12","0","0","0","--","--","--","--"," ","0.00","0.85","499","0.86","10","125.50",
="036802","精成科元大54購13","47,000","6","44,100","0.99","0.99","0.86","0.89","-","0.13","0.87","499","0.89","8","125.50",
="036803","迅得元大54購07","50,000","12","50,230","1.06","1.06","0.97","0.97","-","0.04","0.96","499","0.97","5","176.00",
="036804","迅得元大55購01","71,000","5","60,270","0.87","0.87","0.81","0.81","-","0.02","0.79","499","0.80","10","176.00",
="036805","緯穎元大59購03","3,000","1","2,640","0.88","0.88","0.88","0.88","X","0.00","0.87","499","0.88","10","3,140.00",
="036806","昇陽半元大54購06","201,000","3","266,300","1.30","1.34","1.30","1.34","+","0.16","1.18","499","1.20","10","179.50",
="036807","昇陽半元大54購07","32,000","4","41,750","1.31","1.35","1.24","1.24","-","0.03","1.19","499","1.22","10","179.50",
="036808","昇陽半元大58購01","52,000","4","35,480","0.71","0.73","0.67","0.67","-","0.03","0.66","499","0.67","10","179.50",
="036809","台虹元大54購06","223,000","6","185,300","0.82","0.84","0.82","0.84","X","0.00","0.76","499","0.77","10","63.30",
="03680U","華碩富邦4C售02","11,000","2","3,310","0.30","0.31","0.30","0.31","-","0.03","0.30","30","0.31","10","0.00",
="036810","台虹元大56購01","0","0","0","--","--","--","--"," ","0.00","0.62","25","0.63","10","63.30",
="036811","南電元大54購13","29,000","3","72,780","2.64","2.64","2.43","2.43","+","0.04","2.30","300","2.32","10","234.50",
="036812","南亞科中信53購02","87,000","10","298,910","3.56","3.56","3.21","3.21","-","0.47","3.58","10","3.63","10","0.00",
="036813","亞光中信56購01","0","0","0","--","--","--","--"," ","0.00","0.68","499","0.70","10","0.00",
="036814","元黃金凱基55購01","0","0","0","--","--","--","--"," ","0.00","0.80","10","0.81","50","40.68",
="036815","道瓊銅凱基5C購01","0","0","0","--","--","--","--"," ","0.00","0.81","100","0.82","10","25.59",
="036816","東陽凱基53購01","0","0","0","--","--","--","--"," ","0.00","0.91","100","0.92","30","94.10",
="036817","聚陽凱基54購01","0","0","0","--","--","--","--"," ","0.00","1.23","10","1.33","10","294.00",
="036818","華城凱基53購03","0","0","0","--","--","--","--"," ","0.00","0.73","100","0.83","10","586.00",
="036819","台達電凱基53購08","400,000","12","479,270","1.25","1.25","1.15","1.15","-","0.07","1.14","100","1.24","10","893.00",
="03681U","金像電富邦51售03","0","0","0","--","--","--","--"," ","0.00","0.03","200","0.04","28","0.00",
="036820","台達電凱基53購09","66,000","3","80,980","1.28","1.28","1.21","1.21","-","0.02","1.17","100","1.27","10","893.00",
="036821","台達電凱基58購01","30,000","2","38,100","1.29","1.29","1.26","1.26"," ","0.00","1.19","100","1.29","10","893.00",
="036822","國巨凱基53購04","91,000","15","208,350","2.34","2.41","2.28","2.28","-","0.21","2.30","1","2.36","10","176.00",
="036823","廣宇凱基55購02","31,000","2","42,030","1.33","1.37","1.33","1.37","-","0.02","1.33","100","1.34","10","54.10",
="036824","華邦電凱基54購07","133,000","10","414,120","3.08","3.32","2.83","3.22","+","0.63","3.21","100","3.22","5","36.45",
="036825","智邦凱基54購04","109,000","3","55,370","0.51","0.51","0.48","0.49","X","0.00","0.49","100","0.51","50","1,005.00",
="036826","英業達凱基54購01","171,000","6","192,950","1.13","1.14","1.09","1.09","-","0.02","1.09","10","1.10","10","45.00",
="036827","華碩凱基53購01","0","0","0","--","--","--","--"," ","0.00","0.89","10","0.90","10","684.00",
="036828","佳能凱基55購01","38,000","14","47,760","1.23","1.33","1.21","1.32","X","0.00","1.27","100","1.28","30","88.80",
="036829","威盛凱基54購01","0","0","0","--","--","--","--"," ","0.00","1.07","100","1.08","10","59.50",
="03682B","臺股指元大54熊14","3,010,000","69","2,531,700","0.90","0.90","0.81","0.83","-","0.10","0.83","100","0.84","10","26,247.37",
="03682U","技嘉富邦52售02","0","0","0","--","--","--","--"," ","0.00","0.53","30","0.54","10","0.00",
="036830","南亞科凱基53購06","67,000","10","188,530","2.83","2.83","2.53","2.82","-","0.02","2.82","10","2.92","10","81.00",
="036831","友達凱基53購02","750,000","11","910,600","1.21","1.31","1.14","1.31","+","0.13","1.25","100","1.30","10","13.70",
="036832","創見凱基59購01","10,000","1","12,100","1.21","1.21","1.21","1.21","-","0.06","1.19","100","1.20","10","118.00",
="036833","貿聯凱基58購01","0","0","0","--","--","--","--"," ","0.00","0.90","100","1.00","10","1,085.00",
="036834","神達凱基53購06","0","0","0","--","--","--","--"," ","0.00","1.17","100","1.18","30","90.00",
="036835","jpp凱基53購05","23,000","3","26,440","1.16","1.16","1.07","1.07","-","0.04","1.11","10","1.21","10","286.50",
="036836","同欣電凱基53購01","0","0","0","--","--","--","--"," ","0.00","1.02","100","1.04","10","120.50",
="036837","迅得凱基54購03","22,000","3","20,060","0.95","0.95","0.88","0.88","-","0.04","0.85","100","0.86","10","176.00",
="036838","愛普凱基53購01","0","0","0","--","--","--","--"," ","0.00","1.33","100","1.35","10","344.00",
="036839","力智凱基53購01","10,000","1","13,200","1.32","1.32","1.32","1.32","-","0.01","1.31","10","1.32","10","214.00",
="03683B","臺股指凱基5A熊01","707,000","164","1,546,010","2.24","2.27","2.09","2.15","-","0.22","2.15","100","2.16","12","26,247.37",
="03683U","奇鋐富邦52售02","45,000","1","9,450","0.21","0.21","0.21","0.21","+","0.01","0.20","10","0.21","10","0.00",
="036840","臺股指凱基53購22","20,000","3","32,000","1.60","1.60","1.60","1.60","+","0.08","1.68","100","1.69","10","0.00",
="036841","光寶科統一57購05","2,876,000","80","2,990,180","1.00","1.12","0.97","1.02","-","0.08","1.02","20","1.03","10","183.00",
="036842","光寶科統一58購03","1,681,000","57","1,379,330","0.80","0.87","0.77","0.80","+","0.02","0.79","10","--","0","183.00",
="036843","光寶科統一5C購02","385,000","19","313,820","0.80","0.84","0.78","0.80","+","0.02","0.79","10","0.80","10","183.00",
="036844","台達電統一58購03","159,000","8","135,780","0.87","0.87","0.82","0.83","-","0.02","0.81","10","0.82","10","893.00",
="036845","台達電統一5C購01","245,000","10","149,600","0.62","0.62","0.59","0.59","-","0.03","0.60","10","0.61","10","893.00",
="036846","華通統一64購01","32,000","3","18,420","0.58","0.58","0.56","0.56","-","0.03","0.55","10","0.56","10","77.00",
="036847","國巨統一58購03","221,000","14","209,730","0.95","0.97","0.93","0.93","-","0.02","0.92","10","0.93","10","176.00",
="036848","國巨統一5B購02","378,000","18","404,300","1.08","1.10","1.05","1.06","-","0.01","1.05","15","1.06","9","176.00",
="036849","廣宇統一5C購01","0","0","0","--","--","--","--"," ","0.00","0.65","10","0.66","10","54.10",
="03684B","臺股指元大55熊09","1,279,000","45","1,029,620","0.82","0.85","0.76","0.79","-","0.10","0.79","91","0.80","10","26,247.37",
="03684U","緯穎富邦52售03","0","0","0","--","--","--","--"," ","0.00","0.22","100","0.23","28","0.00",
="036850","華邦電統一57購03","266,000","17","378,540","1.35","1.44","1.31","1.37","+","0.14","1.43","10","1.44","10","36.45",
="036851","華邦電統一58購01","1,197,000","81","1,474,320","1.17","1.29","1.15","1.28","+","0.21","1.26","10","1.27","10","36.45",
="036852","華邦電統一5C購01","853,000","33","1,055,280","1.23","1.29","1.18","1.27","+","0.15","1.28","10","1.29","10","36.45",
="036853","順德統一5C購01","94,000","2","65,800","0.70","0.70","0.70","0.70","+","0.02","0.68","10","0.69","10","81.90",
="036854","南亞科統一57購01","135,000","21","148,710","1.15","1.50","1.05","1.40","+","0.25","1.15","10","1.17","10","81.00",
="036855","創見統一5C購01","0","0","0","--","--","--","--"," ","0.00","0.50","10","0.51","10","118.00",
="036856","義隆統一57購02","15,000","5","9,600","0.64","0.64","0.64","0.64","X","0.00","0.62","10","0.63","10","132.50",
="036857","強茂統一5B購01","0","0","0","--","--","--","--"," ","0.00","0.61","10","0.62","10","71.70",
="036858","漢翔統一57購01","54,000","2","33,420","0.63","0.63","0.57","0.57","-","0.11","0.57","13","0.58","10","62.60",
="036859","漢翔統一58購03","67,000","4","45,950","0.69","0.69","0.64","0.64","-","0.11","0.63","10","0.64","10","62.60",
="03685B","臺股指富邦58熊02","123,000","8","115,630","0.95","0.95","0.93","0.94","-","0.05","0.89","50","0.94","90","26,247.37",
="03685U","台積電中信4C售09","40,000","1","2,800","0.07","0.07","0.07","0.07","X","0.00","0.06","10","0.07","10","0.00",
="036860","漢翔統一64購01","0","0","0","--","--","--","--"," ","0.00","0.51","10","0.52","10","62.60",
="036861","偉訓統一5C購01","10,000","1","5,200","0.52","0.52","0.52","0.52","X","0.00","0.50","10","0.51","10","97.50",
="036862","健策國票4C購01","0","0","0","--","--","--","--"," ","0.00","--","0","--","0","2,355.00",
="036863","健鼎統一58購01","62,000","4","37,870","0.62","0.62","0.60","0.62"," ","0.00","0.61","10","0.62","10","309.50",
="036864","聯鈞統一58購02","322,000","19","480,430","1.41","1.61","1.40","1.60","+","0.17","1.58","10","1.59","10","278.00",
="036865","牧德統一61購01","0","0","0","--","--","--","--"," ","0.00","0.52","10","0.53","10","544.00",
="036866","辛耘統一5C購01","0","0","0","--","--","--","--"," ","0.00","0.64","10","0.65","10","388.00",
="036867","日月光統一57購03","74,000","3","53,420","0.73","0.73","0.72","0.72","+","0.02","0.70","10","0.71","10","174.50",
="036868","日月光統一5C購01","39,000","5","23,770","0.61","0.61","0.60","0.60","+","0.02","0.60","10","0.61","12","174.50",
="036869","上品統一5B購01","0","0","0","--","--","--","--"," ","0.00","0.64","10","0.65","10","308.00",
="03686B","臺股指凱基55熊11","771,000","27","701,890","0.92","0.94","0.84","0.87","-","0.14","0.87","64","0.97","10","26,247.37",
="03686U","SGBR2X永豐51售01","0","0","0","--","--","--","--"," ","0.00","1.12","499","1.13","10","0.00",
="036870","精成科統一58購04","90,000","5","70,720","0.80","0.80","0.76","0.76","-","0.05","0.70","10","0.71","10","125.50",
="036871","精成科統一64購01","15,000","2","7,500","0.50","0.50","0.50","0.50","-","0.02","0.47","10","0.48","10","125.50",
="036872","帆宣統一5C購02","0","0","0","--","--","--","--"," ","0.00","0.51","10","0.52","10","255.00",
="036873","力成統一57購01","385,000","5","279,930","0.72","0.73","0.71","0.71","+","0.01","0.69","10","0.70","10","150.50",
="036874","力成統一5C購01","0","0","0","--","--","--","--"," ","0.00","0.64","10","0.65","10","150.50",
="036875","力成統一5C購02","0","0","0","--","--","--","--"," ","0.00","0.60","10","0.61","10","150.50",
="036876","矽格統一59購02","0","0","0","--","--","--","--"," ","0.00","0.61","10","0.62","10","93.00",
="036877","矽格統一5C購01","0","0","0","--","--","--","--"," ","0.00","0.61","10","0.62","10","93.00",
="036878","同欣電統一5C購01","30,000","2","16,500","0.55","0.55","0.55","0.55","-","0.01","0.53","10","0.54","10","120.50",
="036879","同欣電統一5C購02","0","0","0","--","--","--","--"," ","0.00","0.50","10","0.51","10","120.50",
="03687B","臺股指元大56熊15","322,000","15","442,520","1.38","1.39","1.32","1.35","-","0.08","1.34","100","1.35","9","26,247.37",
="03687U","南亞科永豐4C售03","0","0","0","--","--","--","--"," ","0.00","--","0","1.80","250","0.00",
="036880","天虹統一5B購01","66,000","4","37,550","0.56","0.58","0.56","0.57","+","0.02","0.55","10","0.56","10","252.50",
="036881","矽創統一57購01","2,064,000","42","1,684,570","0.82","0.82","0.80","0.82","-","0.06","0.81","10","0.82","4","225.00",
="036882","華邦電台新53購01","299,000","4","1,489,020","4.98","4.98","4.98","4.98","+","0.71","5.35","10","5.40","10","0.00",
="036883","光寶科國泰54購01","118,000","13","275,210","2.30","2.53","2.22","2.53","+","0.37","2.37","499","2.40","100","183.00",
="036884","仁寶國泰54購02","19,000","14","24,750","1.28","1.36","1.21","1.21","+","0.05","1.20","499","1.22","100","31.40",
="036885","華邦電國泰54購04","0","0","0","--","--","--","--"," ","0.00","4.08","499","4.18","10","36.45",
="036886","華邦電國泰54購05","0","0","0","--","--","--","--"," ","0.00","3.67","499","3.70","100","36.45",
="036887","南亞科國泰54購04","0","0","0","--","--","--","--"," ","0.00","3.94","499","3.97","100","81.00",
="036888","南亞科國泰54購05","73,000","16","335,800","4.55","4.69","4.53","4.69","+","0.14","4.62","50","4.69","30","81.00",
="036889","德律國泰54購01","29,000","2","46,480","1.62","1.62","1.57","1.57"," ","0.00","1.54","499","1.55","100","189.00",
="03688B","臺股指凱基55熊16","874,000","104","1,379,620","1.63","1.63","1.52","1.56","-","0.14","1.55","101","1.56","8","26,247.37",
="03688U","奇鋐永豐53售01","50,000","1","12,000","0.24","0.24","0.24","0.24","X","0.00","0.29","10","0.30","10","0.00",
="036890","德律國泰54購02","0","0","0","--","--","--","--"," ","0.00","1.36","499","1.37","100","189.00",
="036891","南亞富邦54購05","1,000","1","1,190","1.19","1.19","1.19","1.19","+","0.03","1.13","10","1.23","10","0.00",
="036892","南亞富邦55購03","2,000","2","2,220","1.17","1.17","1.05","1.05","-","0.06","1.05","10","1.06","10","0.00",
="036893","大成鋼富邦55購03","50,000","5","45,200","0.92","0.92","0.90","0.90","+","0.01","0.86","10","0.87","10","0.00",
="036894","大成鋼富邦55購04","21,000","1","15,330","0.73","0.73","0.73","0.73"," ","0.00","0.67","10","0.68","10","0.00",
="036895","光寶科富邦53購05","1,130,000","64","1,429,150","1.29","1.44","1.22","1.36","+","0.07","1.31","32","1.35","10","0.00",
="036896","台達電富邦53購08","87,000","13","95,080","1.09","1.11","1.00","1.00","-","0.06","1.02","30","1.03","10","0.00",
="036897","廣宇富邦54購01","0","0","0","--","--","--","--"," ","0.00","0.62","30","0.63","10","0.00",
="036898","智邦富邦55購04","363,000","11","230,860","0.63","0.65","0.62","0.63","X","0.00","0.62","10","0.64","10","0.00",
="036899","智邦富邦56購01","237,000","5","143,570","0.59","0.63","0.59","0.62","X","0.00","0.59","10","0.61","10","0.00",
="03689B","臺股指元大59熊07","82,000","12","151,980","1.88","1.88","1.83","1.85","X","0.00","1.85","499","1.86","10","26,247.37",
="03689U","神達永豐53售01","330,000","2","67,300","0.21","0.21","0.20","0.20","-","0.04","0.20","10","0.21","10","0.00",
="036900","漢唐富邦56購02","0","0","0","--","--","--","--"," ","0.00","0.62","10","0.63","10","0.00",
="036901","南亞科富邦55購03","0","0","0","--","--","--","--"," ","0.00","2.43","10","2.53","10","0.00",
="036902","南亞科富邦55購04","0","0","0","--","--","--","--"," ","0.00","2.32","10","2.42","10","0.00",
="036903","京元電富邦55購02","5,000","1","4,450","0.89","0.89","0.89","0.89","-","0.08","0.89","10","0.90","10","0.00",
="036904","京元電富邦56購02","0","0","0","--","--","--","--"," ","0.00","0.85","10","0.86","10","0.00",
="036905","創見富邦55購01","197,000","12","163,930","0.86","0.86","0.80","0.81","-","0.10","0.81","10","0.83","10","0.00",
="036906","亞光富邦56購01","103,000","3","73,160","0.74","0.74","0.69","0.69","-","0.08","0.70","10","0.71","10","0.00",
="036907","智原富邦53購01","957,000","49","1,324,340","1.25","1.52","1.22","1.37","+","0.14","1.35","30","1.36","10","0.00",
="036908","創意富邦55購02","170,000","3","113,900","0.67","0.67","0.67","0.67","X","0.00","0.66","30","0.67","10","0.00",
="036909","聯鈞富邦54購01","159,000","19","336,750","1.86","2.27","1.86","2.18","+","0.37","2.22","30","2.23","10","0.00",
="03690U","T50正2凱基4C售05","0","0","0","--","--","--","--"," ","0.00","0.07","100","0.08","10","0.00",
="036910","世芯富邦54購07","85,000","13","65,310","0.77","0.78","0.70","0.71","-","0.10","0.71","10","0.72","10","0.00",
="036911","臻鼎富邦55購04","550,000","19","431,250","0.80","0.81","0.73","0.73","-","0.08","0.74","10","0.75","10","0.00",
="036912","力成富邦55購01","66,000","6","63,930","0.98","0.98","0.93","0.94","+","0.01","0.93","10","0.94","10","0.00",
="036913","愛普富邦53購03","5,000","1","4,800","0.96","0.96","0.96","0.96","-","0.02","0.96","30","0.97","10","0.00",
="036914","力積電富邦53購01","907,000","69","1,764,750","1.80","2.15","1.76","2.08","+","0.61","2.16","30","--","0","0.00",
="036915","富世達富邦54購03","1,853,000","57","1,678,910","0.87","0.98","0.87","0.91","+","0.08","0.91","10","0.92","10","0.00",
="036916","台灣50元富53購12","0","0","0","--","--","--","--"," ","0.00","1.92","25","1.93","25","58.45",
="036917","SGBR2X元富53購02","15,000","1","23,100","1.54","1.54","1.54","1.54","X","0.00","1.54","25","1.55","25","10.98",
="036918","國巨元富53購04","124,000","5","435,330","3.58","3.58","3.41","3.41","-","0.02","3.36","25","3.40","25","176.00",
="036919","廣宇元富53購04","0","0","0","--","--","--","--"," ","0.00","1.01","25","1.02","25","54.10",
="03691U","台玻凱基51售01","0","0","0","--","--","--","--"," ","0.00","0.02","145","0.05","30","0.00",
="036920","台亞元富53購01","102,000","3","178,420","1.79","1.79","1.71","1.75","-","0.05","1.75","35","--","0","27.80",
="036921","鴻準元富53購01","29,000","3","169,400","5.85","5.85","5.80","5.80","X","0.00","5.45","25","5.50","25","70.70",
="036922","南亞科元富53購09","84,000","4","216,680","2.58","2.58","2.56","2.58","+","0.04","1.14","8","--","0","81.00",
="036923","創見元富54購01","20,000","3","32,200","1.58","1.62","1.58","1.62","-","0.14","1.60","35","1.62","25","118.00",
="036924","創見元富54購02","10,000","3","8,960","0.93","0.93","0.87","0.89","X","0.00","0.87","25","0.89","25","118.00",
="036925","可成元富53購01","0","0","0","--","--","--","--"," ","0.00","1.42","25","1.44","25","189.00",
="036926","創意元富59購01","91,000","6","332,740","3.58","3.70","3.58","3.70","X","0.00","3.62","25","3.66","25","1,315.00",
="036927","聯鈞元富53購03","21,000","3","61,050","2.89","3.25","2.89","3.25","+","0.34","3.42","25","3.47","25","278.00",
="036928","世芯元富53購11","0","0","0","--","--","--","--"," ","0.00","1.63","25","1.64","25","3,700.00",
="036929","神達元富56購02","4,000","4","9,480","2.41","2.41","2.31","2.38","+","0.18","2.41","25","2.42","25","90.00",
="03692U","台積電凱基53售12","0","0","0","--","--","--","--"," ","0.00","0.13","100","0.23","10","0.00",
="036930","緯穎元富59購03","17,000","1","30,770","1.81","1.81","1.81","1.81","+","0.01","1.77","25","1.78","25","3,140.00",
="036931","寶成元富53購01","0","0","0","--","--","--","--"," ","0.00","2.10","25","2.12","25","28.90",
="036932","T50反1永豐56購01","0","0","0","--","--","--","--"," ","0.00","1.00","499","1.01","10","18.29",
="036933","華碩永豐53購02","28,000","2","36,260","1.30","1.30","1.29","1.29","X","0.00","1.27","499","1.28","10","684.00",
="036934","南亞科永豐55購01","0","0","0","--","--","--","--"," ","0.00","1.94","5","--","0","81.00",
="036935","創見永豐53購01","31,000","4","32,620","1.05","1.06","1.02","1.05","-","0.11","1.03","10","1.05","10","118.00",
="036936","奇鋐永豐59購03","0","0","0","--","--","--","--"," ","0.00","1.17","499","1.18","10","1,015.00",
="036937","奇鋐永豐59購04","0","0","0","--","--","--","--"," ","0.00","1.30","499","1.31","10","1,015.00",
="036938","聯鈞永豐54購03","434,000","39","1,196,820","2.43","3.08","2.37","2.92","+","0.57","2.91","10","--","0","278.00",
="036939","jpp永豐54購03","105,000","4","97,090","0.90","0.93","0.90","0.92","-","0.10","0.93","499","0.94","10","286.50",
="03693U","南亞科凱基4C售07","0","0","0","--","--","--","--"," ","0.00","0.06","10","0.17","25","0.00",
="036940","力成永豐56購02","0","0","0","--","--","--","--"," ","0.00","10.40","499","10.50","10","150.50",
="036941","矽力永豐54購01","0","0","0","--","--","--","--"," ","0.00","1.01","499","1.11","10","273.00",
="036942","力積電永豐54購01","195,000","24","485,090","2.21","3.00","2.21","3.00","+","1.03","3.00","10","3.02","1","23.45",
="036943","天虹永豐55購01","19,000","2","20,790","1.08","1.11","1.08","1.11","-","0.06","1.15","499","1.16","10","252.50",
="036944","至上永豐54購01","80,000","7","241,130","3.02","3.11","3.00","3.00","-","0.48","2.98","499","3.03","10","45.05",
="036945","士電國票54購01","58,000","2","67,760","1.16","1.22","1.16","1.22","X","0.00","1.21","25","1.22","10","183.00",
="036946","華邦電國票54購05","209,000","21","1,111,160","4.88","5.80","4.88","5.65","+","1.09","5.70","25","5.75","10","36.45",
="036947","漢唐國票57購01","0","0","0","--","--","--","--"," ","0.00","0.91","25","0.93","10","987.00",
="036948","宏達電國票53購07","0","0","0","--","--","--","--"," ","0.00","2.22","25","2.23","10","64.60",
="036949","中工國票53購01","0","0","0","--","--","--","--"," ","0.00","0.71","25","0.72","10","10.90",
="03694U","穎崴凱基4C售04","0","0","0","--","--","--","--"," ","0.00","0.03","100","0.11","194","0.00",
="036950","皇昌國票53購01","0","0","0","--","--","--","--"," ","0.00","1.47","25","1.48","10","72.70",
="036951","華晶科國票54購02","15,000","4","29,590","2.02","2.02","1.89","1.97","X","0.00","1.90","25","1.91","10","52.80",
="036952","創意國票55購01","0","0","0","--","--","--","--"," ","0.00","1.02","25","1.03","10","1,315.00",
="036953","眾達國票54購03","84,000","11","138,940","1.65","1.68","1.63","1.64","-","0.06","1.63","25","1.64","10","127.00",
="036954","矽力國票54購02","2,000","1","3,520","1.76","1.76","1.76","1.76","+","0.08","1.68","25","1.70","10","273.00",
="036955","南電國票54購02","99,000","7","357,400","3.67","3.75","3.38","3.38","+","0.22","3.23","25","3.27","10","234.50",
="036956","至上國票54購01","1,499,000","23","1,918,820","1.32","1.32","1.24","1.24","-","0.21","1.25","25","1.26","10","45.05",
="036957","滬深2X群益55購04","0","0","0","--","--","--","--"," ","0.00","0.13","3","1.13","10","19.04",
="036958","上銀群益54購02","1,000","1","1,900","1.90","1.90","1.90","1.90","-","0.08","1.89","100","1.91","100","217.50",
="036959","台達電群益53購07","21,000","4","105,570","5.05","5.05","4.93","4.93","+","0.02","1.59","6","--","0","893.00",
="03695U","聯茂元富4C售02","0","0","0","--","--","--","--"," ","0.00","0.13","25","0.14","25","0.00",
="036960","仁寶群益53購02","32,000","4","127,340","4.00","4.03","3.76","3.76","+","0.16","3.62","10","3.72","10","31.40",
="036961","國巨群益53購06","556,000","32","1,491,350","2.68","2.88","2.64","2.66","-","0.02","2.65","100","2.68","100","176.00",
="036962","台亞群益53購01","0","0","0","--","--","--","--"," ","0.00","0.56","30","1.43","10","27.80",
="036963","華邦電群益53購08","725,000","40","4,458,350","5.85","6.45","5.55","6.15","+","1.33","6.25","399","6.75","10","36.45",
="036964","金像電群益53購11","26,000","5","76,810","2.95","3.03","2.90","2.90","+","0.20","2.86","10","2.96","10","455.00",
="036965","台光電群益53購08","1,000","1","1,880","1.88","1.88","1.88","1.88","X","0.00","--","0","--","0","1,345.00",
="036966","南亞科群益53購07","9,000","3","29,700","3.45","3.45","3.15","3.40"," ","0.00","1.39","7","6.20","5","81.00",
="036967","京元電群益57購01","0","0","0","--","--","--","--"," ","0.00","1.31","10","1.41","10","167.00",
="036968","華晶科群益53購03","15,000","5","42,040","2.78","2.84","2.70","2.70","-","0.28","2.65","10","2.75","10","52.80",
="036969","辛耘群益53購06","183,000","14","337,330","1.86","1.92","1.77","1.77","+","0.22","0.66","15","--","0","388.00",
="03696U","南亞科富邦52售01","0","0","0","--","--","--","--"," ","0.00","0.13","10","0.23","10","0.00",
="036970","神達群益53購09","27,000","4","120,550","4.45","4.67","4.43","4.67","+","0.42","4.49","10","4.59","10","90.00",
="036971","精成科群益53購03","7,000","1","26,880","3.84","3.84","3.84","3.84","+","0.03","1.48","6","--","0","125.50",
="036972","精成科群益53購04","250,000","11","325,060","1.36","1.36","1.16","1.16","-","0.23","0.53","18","--","0","125.50",
="036973","力成群益55購02","0","0","0","--","--","--","--"," ","0.00","0.45","22","--","0","150.50",
="036974","緯穎群益53購13","14,000","2","29,050","2.05","2.10","2.05","2.10","-","0.10","0.09","116","--","0","3,140.00",
="036975","力積電群益53購01","0","0","0","--","--","--","--"," ","0.00","--","0","--","0","23.45",
="036976","台虹群益55購02","54,000","3","55,750","1.05","1.06","0.98","0.98","X","0.00","--","0","--","0","63.30",
="036977","SP黃豆元大54購02","0","0","0","--","--","--","--"," ","0.00","0.71","499","0.72","100","19.68",
="036978","鴻海元大54購46","0","0","0","--","--","--","--"," ","0.00","1.06","499","1.07","10","221.00",
="036979","鴻海元大54購47","0","0","0","--","--","--","--"," ","0.00","1.00","499","1.01","10","221.00",
="03697U","世芯富邦52售04","190,000","5","62,660","0.32","0.35","0.32","0.35","+","0.01","0.34","10","0.35","10","0.00",
="036980","華邦電元大54購05","227,000","27","1,028,620","4.50","4.81","4.20","4.67","+","0.84","4.64","200","4.68","10","36.45",
="036981","華邦電元大58購02","99,000","9","385,000","3.81","4.12","3.72","3.99","+","0.47","3.99","200","4.02","10","36.45",
="036982","微星元大54購01","0","0","0","--","--","--","--"," ","0.00","0.61","499","0.62","10","119.50",
="036983","微星元大54購02","0","0","0","--","--","--","--"," ","0.00","0.70","499","0.72","10","119.50",
="036984","毅嘉元大57購02","0","0","0","--","--","--","--"," ","0.00","0.71","499","0.72","10","53.50",
="036985","聯發科元大54購12","76,000","17","36,360","0.49","0.50","0.47","0.47","-","0.06","0.46","54","--","0","1,375.00",
="036986","盟立元大54購07","0","0","0","--","--","--","--"," ","0.00","0.94","499","0.96","10","72.30",
="036987","志聖元大54購03","59,000","4","94,110","1.56","1.63","1.55","1.63","+","0.17","0.77","42","--","0","197.00",
="036988","立隆電元大55購01","173,000","12","215,700","1.29","1.29","1.24","1.24","-","0.06","1.21","499","1.22","10","89.40",
="036989","鉅祥元大54購08","17,000","3","12,370","0.73","0.73","0.72","0.72","-","0.05","0.68","499","0.70","10","108.50",
="03698U","元黃金元大4C售02","125,000","3","16,350","0.15","0.15","0.13","0.13","X","0.00","0.12","250","0.13","100","0.00",
="036990","強茂元大54購10","120,000","4","197,760","1.65","1.67","1.63","1.63","-","0.20","1.69","400","1.70","10","71.70",
="036991","宏達電元大54購16","5,000","1","10,350","2.07","2.07","2.07","2.07","-","0.06","1.99","400","2.00","10","64.60",
="036992","宏達電元大55購03","1,000","1","760","0.76","0.76","0.76","0.76","+","0.01","0.73","499","0.74","10","64.60",
="036993","漢翔元大54購12","216,000","13","443,490","2.16","2.16","2.00","2.02","-","0.24","1.97","350","1.99","10","62.60",
="036994","漢翔元大54購13","0","0","0","--","--","--","--"," ","0.00","0.60","499","0.61","10","62.60",
="036995","富邦金元大54購01","50,000","4","84,900","1.71","1.71","1.68","1.71","-","0.07","1.68","450","1.71","10","88.40",
="036996","奇鋐元大56購02","350,000","1","231,000","0.66","0.66","0.66","0.66","+","0.05","0.57","499","0.58","10","1,015.00",
="036997","亞光元大54購18","0","0","0","--","--","--","--"," ","0.00","0.84","499","0.85","10","161.50",
="036998","亞光元大54購19","0","0","0","--","--","--","--"," ","0.00","0.60","499","0.61","10","161.50",
="036999","創意元大54購11","6,000","2","4,280","0.68","0.72","0.68","0.72","+","0.06","0.71","10","0.72","10","1,315.00",
="03699U","SGBR2X元大4C售04","0","0","0","--","--","--","--"," ","0.00","1.51","250","1.52","100","0.00",
="037000","創意元大55購02","0","0","0","--","--","--","--"," ","0.00","0.67","10","0.68","10","1,315.00",
="037001","貿聯元大54購21","27,000","2","18,290","0.77","0.77","0.67","0.67","-","0.04","0.63","499","--","0","1,085.00",
="037002","貿聯元大54購22","164,000","5","107,480","0.71","0.71","0.63","0.63","-","0.05","0.59","499","--","0","1,085.00",
="037003","承業醫元大54購01","50,000","4","79,600","1.60","1.60","1.59","1.59","-","0.10","1.57","450","1.58","10","47.00",
="037004","佳必琪元大54購05","52,000","6","52,660","1.02","1.03","1.01","1.03","-","0.02","1.00","507","1.01","10","160.00",
="037005","矽格元大54購04","92,000","9","169,000","1.80","1.87","1.80","1.81","-","0.05","0.14","71","--","0","93.00",
="037006","矽格元大54購05","48,000","4","142,230","2.94","3.03","2.94","3.03","+","0.03","2.79","10","--","0","93.00",
="037007","緯穎元大54購25","0","0","0","--","--","--","--"," ","0.00","1.55","499","1.56","10","3,140.00",
="037008","緯穎元大54購26","25,000","2","24,300","0.98","0.98","0.96","0.96","-","0.05","0.95","499","0.96","10","3,140.00",
="037009","緯穎元大54購27","0","0","0","--","--","--","--"," ","0.00","0.58","499","0.59","10","3,140.00",
="03700U","SGBR2X元大51售04","0","0","0","--","--","--","--"," ","0.00","1.29","499","1.30","100","0.00",
="037010","天虹元大54購02","193,000","14","285,220","1.51","1.54","1.47","1.54","+","0.03","1.51","499","1.52","10","252.50",
="037011","昇陽半元大54購08","5,000","2","7,630","1.57","1.57","1.46","1.46","+","0.01","1.43","499","1.46","10","179.50",
="037012","昇陽半元大58購02","5,000","2","3,930","0.77","0.79","0.77","0.79","X","0.00","0.71","499","0.72","10","179.50",
="037013","台虹元大56購02","195,000","3","126,000","0.65","0.65","0.63","0.63","X","0.00","0.60","499","0.61","10","63.30",
="037014","南電元大54購14","10,000","1","17,200","1.72","1.72","1.72","1.72","+","0.17","1.54","450","1.55","10","234.50",
="037015","富鼎元大54購02","23,000","2","19,480","0.81","0.86","0.81","0.86","+","0.01","0.84","499","0.85","10","95.50",
="037016","富鼎元大54購03","58,000","5","105,130","1.78","1.83","1.75","1.78","+","0.02","1.81","400","1.82","10","95.50",
="037017","寶成元大54購02","0","0","0","--","--","--","--"," ","0.00","1.66","450","1.68","10","28.90",
="037018","華邦電中信53購06","1,147,000","85","1,810,480","1.50","1.72","1.47","1.68","+","0.35","1.67","10","1.69","10","0.00",
="037019","南亞科中信53購04","673,000","29","774,490","1.06","1.19","1.06","1.18","+","0.06","1.17","499","1.18","10","0.00",
="03701U","SGBR2X元大53售02","0","0","0","--","--","--","--"," ","0.00","1.18","499","1.19","100","0.00",
="037020","大立光中信53購01","16,000","2","14,660","0.92","0.92","0.91","0.91"," ","0.00","0.88","499","0.91","10","0.00",
="037021","力積電中信53購01","304,000","20","697,650","2.13","2.51","2.07","2.51","+","0.77","2.62","10","--","0","0.00",
="037022","光寶科統一5B購01","426,000","11","360,990","0.80","0.89","0.80","0.87","+","0.01","0.84","10","0.85","10","183.00",
="037023","台達電統一57購09","174,000","8","179,230","1.06","1.06","0.98","0.98","-","0.06","0.99","10","1.00","10","893.00",
="037024","台達電統一59購02","112,000","11","84,890","0.77","0.78","0.73","0.73","-","0.03","0.73","90","--","0","893.00",
="037025","鴻海統一59購04","0","0","0","--","--","--","--"," ","0.00","0.59","10","0.60","10","221.00",
="037026","仁寶統一59購01","68,000","6","50,030","0.74","0.75","0.72","0.72","+","0.02","0.69","12","0.70","10","31.40",
="037027","國巨統一59購03","32,000","5","31,430","0.98","0.99","0.98","0.98","-","0.03","0.97","10","0.98","10","176.00",
="037028","台積電統一59購03","0","0","0","--","--","--","--"," ","0.00","0.74","10","0.75","10","1,340.00",
="037029","旺宏統一59購01","67,000","4","63,920","0.92","0.99","0.92","0.94","+","0.04","0.91","10","0.92","10","26.75",
="03702U","聚陽元大4C售01","0","0","0","--","--","--","--"," ","0.00","0.22","499","0.23","200","0.00",
="037030","華邦電統一58購02","515,000","25","778,610","1.43","1.55","1.43","1.52","+","0.18","1.54","10","1.55","10","36.45",
="037031","華邦電統一59購04","14,000","4","16,650","1.19","1.22","1.18","1.22","X","0.00","1.21","10","1.22","10","36.45",
="037032","海悅統一59購01","0","0","0","--","--","--","--"," ","0.00","0.46","10","0.47","10","89.00",
="037033","宏碁統一59購01","0","0","0","--","--","--","--"," ","0.00","0.59","10","0.60","10","31.20",
="037034","大同統一59購01","0","0","0","--","--","--","--"," ","0.00","0.57","10","0.58","10","39.85",
="037035","台光電統一59購03","24,000","4","15,910","0.63","0.71","0.63","0.70","X","0.00","0.67","10","0.68","10","1,345.00",
="037036","南亞科統一57購02","10,000","1","8,300","0.83","0.83","0.83","0.83","-","0.05","0.89","10","0.90","10","81.00",
="037037","南亞科統一58購03","0","0","0","--","--","--","--"," ","0.00","0.88","10","0.89","10","81.00",
="037038","南亞科統一59購03","25,000","2","26,600","1.04","1.10","1.04","1.10","X","0.00","1.09","10","--","0","81.00",
="037039","南亞科統一59購04","2,000","2","2,140","1.07","1.07","1.07","1.07","-","0.04","1.09","10","1.10","10","81.00",
="03703U","奇鋐元大4C售18","0","0","0","--","--","--","--"," ","0.00","0.04","499","0.14","10","0.00",
="037040","南亞科統一5B購01","0","0","0","--","--","--","--"," ","0.00","0.98","10","0.99","10","81.00",
="037041","南亞科統一5C購03","13,000","2","11,180","0.86","0.86","0.86","0.86","+","0.02","0.85","10","0.86","7","81.00",
="037044","南亞科統一64購01","228,000","7","155,220","0.65","0.69","0.65","0.69"," ","0.00","0.69","5","--","0","81.00",
="037045","創見統一59購01","62,000","1","40,300","0.65","0.65","0.65","0.65","-","0.01","0.61","10","0.62","10","118.00",
="037046","聯發科統一59購02","0","0","0","--","--","--","--"," ","0.00","0.47","10","0.48","10","1,375.00",
="037047","宏達電統一5C購01","12,000","2","7,380","0.62","0.62","0.61","0.61"," ","0.00","0.60","10","0.61","10","64.60",
="037048","漢翔統一59購03","0","0","0","--","--","--","--"," ","0.00","0.61","10","0.62","10","62.60",
="037049","漢翔統一5C購01","0","0","0","--","--","--","--"," ","0.00","0.69","10","0.70","10","62.60",
="03704U","緯創元大4C售10","25,000","1","19,000","0.76","0.76","0.76","0.76","-","0.04","0.76","499","0.77","200","0.00",
="037050","晶豪科統一59購01","240,000","4","265,800","1.09","1.13","1.09","1.11","X","0.00","1.10","10","1.11","10","81.00",
="037051","亞光統一59購03","0","0","0","--","--","--","--"," ","0.00","0.60","10","0.61","10","161.50",
="037052","欣興統一5C購01","0","0","0","--","--","--","--"," ","0.00","0.60","10","0.61","10","159.00",
="037053","貿聯統一64購01","0","0","0","--","--","--","--"," ","0.00","0.51","10","0.52","10","1,085.00",
="037054","達麗統一59購01","0","0","0","--","--","--","--"," ","0.00","0.67","10","0.68","10","50.10",
="037055","力成統一57購02","138,000","4","96,750","0.71","0.71","0.69","0.70","-","0.01","0.68","10","0.69","10","150.50",
="037056","力成統一59購01","0","0","0","--","--","--","--"," ","0.00","0.59","10","0.60","10","150.50",
="037057","矽格統一59購03","0","0","0","--","--","--","--"," ","0.00","0.70","10","0.71","10","93.00",
="037058","矽格統一63購01","10,000","1","6,500","0.65","0.65","0.65","0.65","X","0.00","0.63","10","0.64","10","93.00",
="037059","鈺邦統一5B購02","0","0","0","--","--","--","--"," ","0.00","0.60","10","0.61","10","198.50",
="03705U","元石油國票4C售01","0","0","0","--","--","--","--"," ","0.00","1.97","25","1.98","10","0.00",
="037060","鈺邦統一64購01","72,000","1","47,520","0.66","0.66","0.66","0.66","+","0.09","0.59","10","0.60","10","198.50",
="037061","采鈺統一59購01","80,000","1","57,600","0.72","0.72","0.72","0.72","-","0.01","0.69","10","0.70","10","305.50",
="037062","天虹統一59購02","190,000","5","107,400","0.55","0.59","0.55","0.59","+","0.02","0.55","10","0.56","10","252.50",
="037063","昇陽半統一5B購02","65,000","1","54,600","0.84","0.84","0.84","0.84","X","0.00","0.76","10","0.77","10","179.50",
="037064","台虹統一5B購01","0","0","0","--","--","--","--"," ","0.00","0.43","10","0.44","10","63.30",
="037065","南電統一5B購02","123,000","5","123,340","0.99","1.01","0.99","0.99","+","0.08","0.89","10","0.90","10","234.50",
="037066","南電統一5C購01","59,000","7","50,870","0.92","0.92","0.84","0.84","-","0.03","0.83","10","0.84","10","234.50",
="037067","東哥統一59購01","0","0","0","--","--","--","--"," ","0.00","0.59","10","0.60","10","217.00",
="037068","力積電兆豐55購01","113,000","8","224,950","1.93","2.30","1.93","2.30","+","0.54","2.31","25","--","0","23.45",
="037069","台積電富邦55購10","1,000","1","1,030","1.03","1.03","1.03","1.03","+","0.16","1.07","30","1.08","10","0.00",
="03706U","元石油國票52售01","18,000","6","17,280","0.96","0.96","0.96","0.96","X","0.00","0.95","25","0.96","10","0.00",
="037070","華邦電富邦57購02","18,000","3","36,090","2.01","2.14","1.94","2.14","+","0.44","2.13","10","2.14","10","0.00",
="037071","陽明富邦55購01","0","0","0","--","--","--","--"," ","0.00","1.10","10","1.11","10","0.00",
="037072","長榮太富邦53購02","388,000","28","249,130","0.67","0.67","0.62","0.63","-","0.15","0.62","10","0.63","10","0.00",
="037073","大立光富邦55購02","0","0","0","--","--","--","--"," ","0.00","0.87","10","0.88","10","0.00",
="037074","立積富邦56購01","485,000","24","366,140","0.79","0.79","0.74","0.74","-","0.10","0.74","10","0.75","10","0.00",
="037075","達興富邦55購03","398,000","24","351,130","0.80","0.96","0.80","0.96","+","0.09","0.90","10","0.91","10","0.00",
="037076","矽力富邦55購01","5,000","1","6,300","1.26","1.26","1.26","1.26","X","0.00","1.23","10","1.24","10","0.00",
="037077","鈺邦富邦54購01","621,000","32","519,980","0.95","0.95","0.77","0.88","-","0.08","0.81","10","0.82","10","0.00",
="037078","愛普富邦53購04","1,000","1","980","0.98","0.98","0.98","0.98","-","0.01","0.97","30","0.98","10","0.00",
="037079","采鈺富邦56購01","45,000","5","43,250","0.96","0.97","0.95","0.95","-","0.04","0.89","10","0.90","10","0.00",
="03707U","SGBR2X國票4C售03","0","0","0","--","--","--","--"," ","0.00","2.13","25","2.14","10","0.00",
="037080","至上富邦53購01","256,000","8","236,650","0.92","0.94","0.90","0.91","-","0.11","0.90","30","0.91","5","0.00",
="037081","世紀鋼富邦53購03","0","0","0","--","--","--","--"," ","0.00","0.86","10","0.87","10","0.00",
="037082","T50反1元富59購03","0","0","0","--","--","--","--"," ","0.00","1.92","25","1.93","25","18.29",
="037083","道瓊銀元富59購01","153,000","7","211,360","1.40","1.40","1.38","1.39","+","0.04","1.39","29","1.40","25","36.75",
="037084","儒鴻元富54購01","0","0","0","--","--","--","--"," ","0.00","--","0","--","0","431.50",
="037085","光寶科元富57購01","137,000","9","248,340","1.75","1.94","1.67","1.80","+","0.14","1.75","25","1.77","25","183.00",
="037086","台達電元富53購02","0","0","0","--","--","--","--"," ","0.00","2.04","25","2.14","10","893.00",
="037087","台達電元富54購02","100,000","7","227,980","2.34","2.34","2.22","2.22","-","0.09","2.17","25","2.27","10","893.00",
="037088","華邦電元富57購01","8,000","2","17,680","2.21","2.21","2.21","2.21","+","0.30","2.33","25","2.43","25","36.45",
="037089","南亞科元富54購02","115,000","2","321,300","2.79","2.82","2.79","2.82","+","0.11","0.88","22","--","0","81.00",
="03708U","SGBR2X國票51售01","230,000","3","432,400","1.87","1.89","1.87","1.89","+","0.10","1.87","25","1.88","10","0.00",
="037090","南亞科元富59購01","305,000","17","603,100","1.94","2.07","1.93","2.07","-","0.05","1.16","38","--","0","81.00",
="037091","宏達電元富5C購01","0","0","0","--","--","--","--"," ","0.00","3.32","25","3.33","25","64.60",
="037092","晶豪科元富54購02","0","0","0","--","--","--","--"," ","0.00","--","0","--","0","81.00",
="037093","晶豪科元富57購01","40,000","2","90,950","2.28","2.28","2.23","2.23","X","0.00","2.26","25","2.27","25","81.00",
="037094","大立光元富53購02","0","0","0","--","--","--","--"," ","0.00","5.55","25","5.65","25","2,360.00",
="037095","奇鋐元富5A購01","62,000","12","58,000","0.99","0.99","0.86","0.86","+","0.01","0.85","25","0.86","25","1,015.00",
="037096","欣興元富53購03","12,000","3","29,560","2.61","2.61","2.45","2.45","+","0.15","2.32","25","2.35","25","159.00",
="037097","創意元富53購06","0","0","0","--","--","--","--"," ","0.00","1.39","25","--","0","1,315.00",
="037098","神達元富59購01","7,000","7","18,840","2.73","2.73","2.63","2.68","+","0.15","2.73","25","2.74","25","90.00",
="037099","力成元富53購01","0","0","0","--","--","--","--"," ","0.00","1.26","25","1.28","25","150.50",
="03709U","SGBR2X國票52售02","0","0","0","--","--","--","--"," ","0.00","1.23","25","1.24","10","0.00",
="037100","香港反凱基55購01","0","0","0","--","--","--","--"," ","0.00","0.22","100","0.23","50","5.27",
="037101","FBNQ2X凱基53購01","0","0","0","--","--","--","--"," ","0.00","1.97","100","1.98","50","159.20",
="037102","SGBR2X凱基54購01","0","0","0","--","--","--","--"," ","0.00","1.44","100","1.45","50","10.98",
="037103","華通凱基54購02","0","0","0","--","--","--","--"," ","0.00","0.93","100","0.94","10","77.00",
="037104","台積電凱基59購02","0","0","0","--","--","--","--"," ","0.00","1.46","100","1.56","10","1,340.00",
="037105","華邦電凱基53購05","3,492,000","56","9,338,830","2.68","2.89","2.48","2.79","+","0.57","2.78","100","2.79","8","36.45",
="037106","金像電凱基54購05","5,000","1","5,000","1.00","1.00","1.00","1.00","X","0.00","0.99","100","1.09","10","455.00",
="037107","微星凱基53購02","0","0","0","--","--","--","--"," ","0.00","0.66","100","0.68","10","119.50",
="037108","南亞科凱基55購03","240,000","24","483,100","1.95","2.11","1.92","2.11","X","0.00","2.07","499","2.17","10","81.00",
="037109","南亞科凱基57購01","200,000","20","385,000","1.87","2.01","1.85","2.01","X","0.00","1.97","499","2.07","10","81.00",
="03710U","中興電國票51售02","150,000","2","118,500","0.79","0.79","0.79","0.79","+","0.02","0.78","25","0.79","10","0.00",
="037110","南亞科凱基57購02","235,000","26","425,050","1.76","1.88","1.74","1.88","X","0.00","1.85","499","1.95","10","81.00",
="037111","聯發科凱基55購04","0","0","0","--","--","--","--"," ","0.00","0.45","100","0.46","10","1,375.00",
="037112","盟立凱基54購02","0","0","0","--","--","--","--"," ","0.00","0.76","10","0.86","10","72.30",
="037113","富邦金凱基54購01","395,000","17","371,400","0.95","0.95","0.94","0.94","X","0.00","0.93","20","1.00","10","88.40",
="037114","奇鋐凱基59購01","0","0","0","--","--","--","--"," ","0.00","0.95","100","0.96","10","1,015.00",
="037115","亞光凱基54購03","0","0","0","--","--","--","--"," ","0.00","0.97","499","0.98","30","161.50",
="037116","欣興凱基53購03","0","0","0","--","--","--","--"," ","0.00","1.23","100","--","0","159.00",
="037117","矽格凱基53購01","5,000","1","5,650","1.13","1.13","1.13","1.13","X","0.00","1.09","100","1.19","10","93.00",
="037118","鈺邦凱基53購03","167,000","8","166,030","1.06","1.06","0.86","0.93","-","0.16","0.90","100","0.91","10","198.50",
="037119","力積電凱基53購02","183,000","11","411,720","1.95","2.33","1.92","2.33","+","0.68","2.38","100","--","0","23.45",
="03711U","南亞科國票51售04","40,000","4","2,900","0.08","0.08","0.07","0.07"," ","0.00","0.06","175","0.07","10","0.00",
="037120","AES凱基58購02","16,000","1","14,880","0.93","0.93","0.93","0.93","X","0.00","0.85","100","0.86","10","1,195.00",
="037121","天虹凱基54購03","61,000","4","52,910","0.81","0.91","0.81","0.91","X","0.00","0.82","100","0.83","10","252.50",
="037122","南電凱基53購09","30,000","5","50,350","1.72","1.72","1.63","1.63","+","0.06","1.50","100","1.51","10","234.50",
="037123","南電凱基53購10","68,000","4","133,460","2.01","2.01","1.87","1.87","+","0.12","1.70","100","1.71","10","234.50",
="037124","振樺電凱基53購01","0","0","0","--","--","--","--"," ","0.00","1.23","10","1.26","10","229.50",
="037125","南亞科台新53購01","0","0","0","--","--","--","--"," ","0.00","3.36","10","3.37","10","0.00",
="037126","華晶科國泰54購02","5,000","3","2,870","0.58","0.58","0.57","0.57","-","0.05","0.57","499","0.58","100","52.80",
="037127","牧德國泰54購02","0","0","0","--","--","--","--"," ","0.00","1.29","10","1.31","10","544.00",
="037128","jpp國泰54購02","290,000","6","467,970","1.59","1.71","1.58","1.61","X","0.00","--","0","--","0","286.50",
="037129","鈺邦國泰54購01","58,000","6","67,770","1.35","1.35","1.10","1.10","-","0.21","1.14","499","1.18","100","198.50",
="03712U","長榮航國票4C售02","0","0","0","--","--","--","--"," ","0.00","0.78","25","0.79","10","0.00",
="037130","天虹國泰54購01","130,000","7","164,860","1.15","1.30","1.15","1.27","+","0.11","1.18","499","1.19","100","252.50",
="037131","華邦電永豐54購04","413,000","40","1,210,310","2.74","3.12","2.67","2.98","+","0.60","2.98","10","3.08","10","36.45",
="037132","南亞科永豐5A購01","0","0","0","--","--","--","--"," ","0.00","2.15","4","--","0","81.00",
="037133","南亞科永豐5B購01","0","0","0","--","--","--","--"," ","0.00","2.67","9","--","0","81.00",
="037134","欣興永豐54購02","31,000","2","46,540","1.50","1.54","1.50","1.54","+","0.20","1.42","10","1.43","10","159.00",
="037135","欣興永豐54購03","0","0","0","--","--","--","--"," ","0.00","1.03","499","1.04","10","159.00",
="037136","晶技永豐54購01","6,000","1","3,360","0.56","0.56","0.56","0.56","-","0.18","0.53","10","0.54","10","93.00",
="037137","鈺邦永豐54購01","5,000","1","5,350","1.07","1.07","1.07","1.07","+","0.19","0.94","499","0.95","10","198.50",
="037138","南電永豐55購02","0","0","0","--","--","--","--"," ","0.00","4.20","499","4.22","10","234.50",
="037139","中砂元大54購07","140,000","7","320,210","2.27","2.39","2.27","2.39","X","0.00","2.27","350","2.31","10","339.00",
="03713U","奇鋐國票51售05","232,000","5","39,380","0.16","0.19","0.16","0.19"," ","0.00","0.17","25","0.18","10","0.00",
="037140","為升元大54購03","159,000","10","152,680","1.00","1.00","0.88","0.98","-","0.05","0.96","499","0.98","10","130.00",
="037141","台達電元大54購21","104,000","6","129,480","1.29","1.30","1.20","1.20","-","0.08","1.20","25","1.21","10","893.00",
="037142","台達電元大55購02","50,000","5","72,860","1.47","1.47","1.39","1.39","-","0.05","1.34","25","1.35","10","893.00",
="037143","華通元大54購06","31,000","3","82,690","2.74","2.74","2.59","2.59","-","0.37","2.40","300","2.41","10","77.00",
="037144","華通元大54購07","4,000","2","5,800","1.48","1.48","1.42","1.42","X","0.00","1.40","499","1.41","10","77.00",
="037145","廣宇元大57購03","344,000","4","278,640","0.81","0.81","0.81","0.81","+","0.01","0.78","499","0.79","10","54.10",
="037146","台積電元大54購31","1,000","1","2,330","2.33","2.33","2.33","2.33","X","0.00","0.16","6","--","0","1,340.00",
="037147","台積電元大54購32","0","0","0","--","--","--","--"," ","0.00","0.06","69","--","0","1,340.00",
="037148","海悅元大54購01","0","0","0","--","--","--","--"," ","0.00","0.72","499","0.73","10","89.00",
="037149","台光電元大54購21","129,000","4","102,300","0.78","0.80","0.78","0.80","X","0.00","0.84","499","0.86","10","1,345.00",
="03714U","創意國票51售02","10,000","1","1,800","0.18","0.18","0.18","0.18","-","0.03","0.17","25","0.18","10","0.00",
="037150","台光電元大54購22","9,000","2","6,740","0.74","0.82","0.74","0.82","+","0.10","0.79","499","0.81","10","1,345.00",
="037151","毅嘉元大57購03","0","0","0","--","--","--","--"," ","0.00","0.70","499","0.71","10","53.50",
="037152","南亞科元大54購10","23,000","5","67,840","3.04","3.04","2.84","2.86","-","0.15","3.05","25","3.11","10","81.00",
="037153","南亞科元大54購11","125,000","24","147,930","1.22","1.25","1.12","1.25","+","0.02","1.23","25","1.25","10","81.00",
="037154","聯發科元大54購13","40,000","2","15,600","0.39","0.39","0.39","0.39","-","0.05","0.36","25","0.37","10","1,375.00",
="037155","聯發科元大54購14","0","0","0","--","--","--","--"," ","0.00","0.38","499","0.39","10","1,375.00",
="037156","強茂元大54購11","33,000","3","26,460","0.80","0.83","0.80","0.83","-","0.08","0.84","499","0.85","10","71.70",
="037157","宏達電元大57購03","0","0","0","--","--","--","--"," ","0.00","0.66","499","0.67","10","64.60",
="037158","漢翔元大54購14","3,000","1","4,890","1.63","1.63","1.63","1.63","-","0.20","1.56","450","1.58","10","62.60",
="037159","漢翔元大54購15","0","0","0","--","--","--","--"," ","0.00","0.58","499","0.59","10","62.60",
="03715U","達興國票51售02","35,000","2","10,800","0.30","0.31","0.30","0.31","-","0.03","0.31","25","0.32","10","0.00",
="037160","富邦金元大54購03","30,000","3","42,700","1.41","1.43","1.41","1.43","-","0.04","1.38","499","1.40","10","88.40",
="037161","晶豪科元大54購02","34,000","10","127,870","3.81","3.81","3.71","3.77","X","0.00","3.69","200","3.72","10","81.00",
="037162","晶豪科元大54購03","129,000","19","518,870","4.05","4.14","3.89","4.09","+","0.13","4.01","200","4.04","10","81.00",
="037163","奇鋐元大54購22","264,000","5","246,300","0.98","0.99","0.93","0.93","-","0.01","0.83","499","0.87","10","1,015.00",
="037164","奇鋐元大55購01","14,000","4","12,100","0.86","0.87","0.84","0.84","+","0.02","0.72","499","0.76","10","1,015.00",
="037165","亞光元大54購20","20,000","2","23,400","1.17","1.17","1.17","1.17","X","0.00","1.17","30","1.18","10","161.50",
="037166","亞光元大54購21","57,000","3","37,610","0.67","0.67","0.63","0.63","-","0.03","0.62","499","0.63","10","161.50",
="037167","創意元大54購12","0","0","0","--","--","--","--"," ","0.00","0.68","499","0.69","10","1,315.00",
="037168","創意元大54購13","0","0","0","--","--","--","--"," ","0.00","0.67","10","0.68","10","1,315.00",
="037169","聯鈞元大54購03","378,000","33","881,750","2.09","2.48","2.09","2.42","+","0.41","2.47","25","2.50","10","278.00",
="03716U","台光電群益4C售06","0","0","0","--","--","--","--"," ","0.00","--","0","--","0","0.00",
="037170","鈞興元大54購02","57,000","1","77,520","1.36","1.36","1.36","1.36","X","0.00","1.32","499","1.35","10","178.50",
="037171","同欣電元大54購02","53,000","3","40,350","0.78","0.78","0.75","0.75","-","0.08","0.73","499","0.74","10","120.50",
="037172","緯穎元大54購29","0","0","0","--","--","--","--"," ","0.00","0.71","499","0.72","10","3,140.00",
="037173","昇陽半元大54購09","62,000","4","126,970","1.99","2.06","1.99","2.04","X","0.00","1.81","400","1.84","10","179.50",
="037174","昇陽半元大54購10","48,000","4","90,520","1.84","1.94","1.84","1.94","+","0.11","1.77","10","1.78","10","179.50",
="037175","南電元大54購15","11,000","2","23,490","2.14","2.14","2.09","2.09","+","0.34","1.92","400","1.93","10","234.50",
="037176","南電元大54購16","2,000","2","3,060","1.54","1.54","1.52","1.52","+","0.18","1.37","499","1.38","10","234.50",
="037177","南電元大56購04","75,000","8","105,720","1.47","1.47","1.30","1.30","+","0.09","1.28","499","1.29","10","234.50",
="037178","臺股指元大53購27","200,000","43","275,920","1.32","1.44","1.31","1.40","+","0.13","1.39","499","1.40","10","0.00",
="037179","臺股指元大59購06","7,000","2","10,480","1.49","1.50","1.49","1.50","+","0.11","1.48","100","1.49","10","0.00",
="03717U","亞光群益4C售08","0","0","0","--","--","--","--"," ","0.00","0.39","100","0.40","100","0.00",
="037180","上証2X國票55購02","0","0","0","--","--","--","--"," ","0.00","0.90","25","0.91","10","47.20",
="037181","南港國票53購01","0","0","0","--","--","--","--"," ","0.00","1.34","25","1.35","10","41.15",
="037182","南港國票54購01","0","0","0","--","--","--","--"," ","0.00","1.37","25","1.38","10","41.15",
="037183","台達電國票54購02","35,000","6","129,340","3.81","3.86","3.45","3.45","-","0.29","3.57","25","3.59","10","893.00",
="037184","鴻海國票55購02","420,000","14","754,100","1.78","1.84","1.76","1.82","X","0.00","1.81","35","1.82","10","221.00",
="037185","仁寶國票54購02","106,000","7","221,550","2.10","2.21","2.05","2.05","+","0.19","1.92","25","1.93","10","31.40",
="037186","旺宏國票54購01","2,000","1","7,300","3.65","3.65","3.65","3.65","+","0.33","3.61","25","3.62","10","26.75",
="037187","旺宏國票55購01","64,000","12","251,950","4.02","4.22","3.86","3.89","+","0.17","4.02","25","4.04","10","26.75",
="037188","智邦國票54購01","0","0","0","--","--","--","--"," ","0.00","0.67","25","0.68","10","1,005.00",
="037189","順德國票54購02","0","0","0","--","--","--","--"," ","0.00","1.68","25","1.69","10","81.90",
="03718U","富世達群益4C售04","0","0","0","--","--","--","--"," ","0.00","0.01","499","--","0","0.00",
="037190","華碩國票53購01","0","0","0","--","--","--","--"," ","0.00","1.71","25","1.74","10","684.00",
="037191","南亞科國票54購03","10,000","1","34,200","3.42","3.42","3.42","3.42","X","0.00","3.65","25","3.74","10","81.00",
="037192","南亞科國票54購04","40,000","4","107,200","2.60","2.77","2.60","2.77","-","0.02","2.77","25","2.84","10","81.00",
="037193","八方國票54購01","200,000","2","216,000","1.08","1.08","1.08","1.08","X","0.00","1.08","25","1.11","10","205.00",
="037194","晶豪科國票53購01","0","0","0","--","--","--","--"," ","0.00","4.12","25","4.22","10","81.00",
="037195","晶豪科國票53購02","26,000","6","125,440","4.81","4.91","4.81","4.81","X","0.00","4.92","25","4.98","10","81.00",
="037196","晶豪科國票54購01","232,000","4","1,071,170","4.62","4.62","4.51","4.56","+","0.42","4.50","25","4.56","10","81.00",
="037197","晶豪科國票55購01","22,000","4","109,360","5.05","5.10","4.63","4.91","X","0.00","4.85","25","4.90","10","81.00",
="037198","奇鋐國票56購01","92,000","17","97,500","1.11","1.12","0.96","0.96","-","0.01","0.96","25","0.97","10","1,015.00",
="037199","晶技國票54購01","26,000","4","28,180","1.08","1.10","1.08","1.08","-","0.26","1.04","25","1.05","10","93.00",
="03719U","臺股指群益53售10","0","0","0","--","--","--","--"," ","0.00","0.41","499","0.42","499","0.00",
="037200","景碩國票5B購01","67,000","1","95,140","1.42","1.42","1.42","1.42","-","0.05","1.35","25","1.36","10","111.50",
="037201","達興國票54購02","17,000","3","30,970","1.79","2.00","1.79","2.00","X","0.00","1.98","25","1.99","10","399.00",
="037202","凌華國票54購01","0","0","0","--","--","--","--"," ","0.00","1.33","25","1.34","10","62.40",
="037203","力成國票5A購01","0","0","0","--","--","--","--"," ","0.00","1.57","25","1.58","10","150.50",
="037204","迅得國票54購03","14,000","2","28,460","2.14","2.14","1.99","1.99","-","0.05","1.98","25","1.99","10","176.00",
="037205","力積電國票53購01","0","0","0","--","--","--","--"," ","0.00","3.93","5","--","0","23.45",
="037206","力積電國票53購02","145,000","10","527,900","3.50","3.73","3.50","3.70","+","0.32","3.85","25","--","0","23.45",
="037207","力積電國票54購01","786,000","14","3,143,960","3.90","4.16","3.90","4.16","X","0.00","4.19","25","--","0","23.45",
="037208","力積電國票55購01","0","0","0","--","--","--","--"," ","0.00","4.45","25","--","0","23.45",
="037209","T50正2群益53購08","0","0","0","--","--","--","--"," ","0.00","2.55","25","2.56","10","302.45",
="03720U","臺股指群益53售11","0","0","0","--","--","--","--"," ","0.00","0.20","499","0.30","10","0.00",
="037210","華城群益53購05","30,000","3","64,170","2.12","2.19","2.12","2.19","+","0.01","0.73","13","--","0","586.00",
="037211","為升群益53購02","12,000","2","13,560","1.13","1.13","1.13","1.13","X","0.00","0.12","9","--","0","130.00",
="037212","台達電群益53購08","87,000","3","440,550","5.35","5.35","5.05","5.05","-","0.30","1.77","11","--","0","893.00",
="037213","台達電群益53購09","0","0","0","--","--","--","--"," ","0.00","0.20","2","3.96","10","893.00",
="037214","台達電群益53購10","782,000","32","1,538,030","1.96","2.00","1.77","1.81","-","0.11","1.79","4","--","0","893.00",
="037215","國巨群益54購03","466,000","20","1,072,730","2.28","2.42","2.28","2.29","-","0.02","2.25","100","2.28","100","176.00",
="037216","華邦電群益53購09","4,000","2","23,500","5.90","5.90","5.85","5.85","X","0.00","5.90","10","--","0","36.45",
="037217","華碩群益53購02","0","0","0","--","--","--","--"," ","0.00","0.09","12","--","0","684.00",
="037218","南亞科群益53購08","18,000","3","44,430","2.64","2.64","2.31","2.51","-","0.09","1.31","7","--","0","81.00",
="037219","友達群益56購01","0","0","0","--","--","--","--"," ","0.00","1.16","100","1.18","100","13.70",
="03721U","臺股指群益5B售02","36,000","5","44,360","1.26","1.26","1.22","1.23","-","0.06","1.22","499","1.23","499","0.00",
="037220","晶技群益55購01","133,000","10","115,590","0.91","0.91","0.83","0.83","-","0.22","0.82","10","0.92","10","93.00",
="037221","辛耘群益56購01","8,000","2","26,360","3.28","3.32","3.28","3.32","X","0.00","--","0","--","0","388.00",
="037222","貿聯群益57購02","30,000","2","20,400","0.68","0.68","0.68","0.68","X","0.00","--","0","--","0","1,085.00",
="037223","神達群益53購10","12,000","3","42,450","3.45","3.58","3.45","3.58","+","0.28","3.45","10","3.55","10","90.00",
="037224","達麗群益54購01","9,000","1","10,710","1.19","1.19","1.19","1.19","-","0.05","0.50","20","--","0","50.10",
="037225","愛普群益56購01","0","0","0","--","--","--","--"," ","0.00","1.58","6","--","0","344.00",
="037226","力積電群益53購02","279,000","30","545,010","1.76","2.10","1.76","2.05","+","0.56","0.59","16","--","0","23.45",
="037227","臺股指群益53購12","0","0","0","--","--","--","--"," ","0.00","2.55","499","2.56","499","0.00",
="037228","臺股指群益53購13","0","0","0","--","--","--","--"," ","0.00","1.85","499","1.86","499","0.00",
="037229","臺股指群益53購14","0","0","0","--","--","--","--"," ","0.00","2.23","499","2.24","499","0.00",
="03722U","臺股指中信54售02","0","0","0","--","--","--","--"," ","0.00","0.36","499","0.37","100","0.00",
="037230","臺股指群益53購15","0","0","0","--","--","--","--"," ","0.00","1.80","499","1.81","499","0.00",
="037231","臺股指群益53購16","0","0","0","--","--","--","--"," ","0.00","1.64","499","1.65","499","0.00",
="037232","臺股指群益53購17","0","0","0","--","--","--","--"," ","0.00","1.49","499","1.50","499","0.00",
="037233","臺股指群益5B購03","0","0","0","--","--","--","--"," ","0.00","2.88","499","2.89","499","0.00",
="037234","電子類群益53購01","0","0","0","--","--","--","--"," ","0.00","2.87","499","2.88","499","0.00",
="037235","華邦電國泰54購06","0","0","0","--","--","--","--"," ","0.00","2.30","499","2.32","100","36.45",
="037236","華邦電國泰54購07","237,000","26","470,310","1.93","2.04","1.88","2.04","+","0.38","2.05","499","2.06","102","36.45",
="037237","毅嘉國泰54購01","0","0","0","--","--","--","--"," ","0.00","1.14","499","1.16","100","53.50",
="037238","晶豪科國泰54購01","0","0","0","--","--","--","--"," ","0.00","3.44","499","3.46","100","81.00",
="037239","力成國泰54購02","200,000","3","268,000","1.35","1.35","1.33","1.33","X","0.00","1.37","499","1.38","100","150.50",
="03723U","華城永豐4C售02","0","0","0","--","--","--","--"," ","0.00","0.27","10","0.28","10","0.00",
="037240","至上國泰54購01","42,000","3","50,160","1.20","1.20","1.17","1.19","-","0.15","1.18","499","1.20","100","45.05",
="037241","聯鈞第一55購01","71,000","11","159,120","2.18","2.39","2.12","2.33","+","0.35","2.36","20","2.37","10","0.00",
="037242","國巨中信59購02","8,000","1","9,680","1.21","1.21","1.21","1.21","X","0.00","1.16","499","1.17","10","0.00",
="037243","華邦電中信55購01","1,495,000","72","2,339,860","1.51","1.62","1.43","1.61","+","0.33","1.61","39","--","0","0.00",
="037244","創見中信53購01","0","0","0","--","--","--","--"," ","0.00","0.39","499","0.40","10","0.00",
="037245","嘉澤中信54購01","0","0","0","--","--","--","--"," ","0.00","0.52","499","0.54","10","0.00",
="037246","力積電中信53購02","14,000","3","26,900","1.83","2.20","1.83","2.10","+","0.60","2.20","499","--","0","0.00",
="037247","國巨統一5B購03","750,000","22","650,800","0.87","0.90","0.85","0.86","+","0.01","0.85","19","0.86","10","176.00",
="037248","華泰統一5C購02","0","0","0","--","--","--","--"," ","0.00","0.58","10","0.59","10","47.70",
="037249","金像電統一5A購01","0","0","0","--","--","--","--"," ","0.00","0.60","10","0.61","10","455.00",
="03724U","達興永豐4C售03","200,000","1","8,000","0.04","0.04","0.04","0.04","X","0.00","0.04","10","0.11","10","0.00",
="037250","毅嘉統一58購01","0","0","0","--","--","--","--"," ","0.00","0.60","10","0.61","10","53.50",
="037251","牧德統一5C購01","0","0","0","--","--","--","--"," ","0.00","0.48","10","0.49","10","544.00",
="037252","jpp統一5C購01","27,000","2","18,630","0.69","0.69","0.69","0.69","X","0.00","0.69","10","0.70","10","286.50",
="037253","力成統一56購01","0","0","0","--","--","--","--"," ","0.00","0.61","10","0.62","10","150.50",
="037254","力積電統一5C購01","45,000","3","36,150","0.83","0.83","0.80","0.80","X","0.00","0.81","10","--","0","23.45",
="037255","華城凱基53購05","0","0","0","--","--","--","--"," ","0.00","1.74","100","1.84","10","586.00",
="037256","南港凱基54購01","0","0","0","--","--","--","--"," ","0.00","1.19","10","1.29","10","41.15",
="037257","光寶科凱基56購01","28,000","3","37,700","1.33","1.44","1.33","1.44","X","0.00","1.38","100","1.39","10","183.00",
="037258","光寶科凱基57購02","0","0","0","--","--","--","--"," ","0.00","2.21","100","2.23","10","183.00",
="037259","台達電凱基54購07","18,000","1","36,540","2.03","2.03","2.03","2.03","X","0.00","1.85","100","1.95","10","893.00",
="03725U","臺股指富邦4C售14","1,497,000","3","164,670","0.11","0.11","0.11","0.11"," ","0.00","0.10","50","0.14","100","0.00",
="037260","國巨凱基53購05","244,000","24","433,920","2.10","2.10","1.73","1.75","-","0.12","0.80","50","1.75","5","176.00",
="037261","廣宇凱基56購02","19,000","1","27,930","1.47","1.47","1.47","1.47","X","0.00","1.43","100","1.44","10","54.10",
="037262","華泰凱基53購01","2,000","2","2,540","1.27","1.27","1.27","1.27","X","0.00","1.18","100","1.19","10","47.70",
="037263","智邦凱基53購05","0","0","0","--","--","--","--"," ","0.00","0.68","100","0.69","30","1,005.00",
="037264","海悅凱基53購01","0","0","0","--","--","--","--"," ","0.00","0.67","10","0.68","50","89.00",
="037265","順德凱基54購02","11,000","2","17,600","1.60","1.60","1.60","1.60","X","0.00","1.64","10","1.65","10","81.90",
="037266","華碩凱基53購02","0","0","0","--","--","--","--"," ","0.00","0.98","10","0.99","10","684.00",
="037267","毅嘉凱基53購03","0","0","0","--","--","--","--"," ","0.00","1.21","100","1.22","10","53.50",
="037268","友達凱基56購01","0","0","0","--","--","--","--"," ","0.00","0.96","100","0.97","10","13.70",
="037269","漢翔凱基53購10","45,000","1","72,450","1.61","1.61","1.61","1.61","-","0.17","1.58","100","1.59","10","62.60",
="03726U","臺股指富邦53售07","0","0","0","--","--","--","--"," ","0.00","0.45","499","0.46","100","0.00",
="037270","晶豪科凱基53購03","88,000","8","308,580","3.73","3.73","3.27","3.73","+","0.48","3.66","10","3.76","10","81.00",
="037271","晶豪科凱基53購04","15,000","2","65,260","4.36","4.36","4.29","4.29","X","0.00","4.24","10","4.34","10","81.00",
="037272","亞光凱基53購08","0","0","0","--","--","--","--"," ","0.00","1.13","100","1.15","10","161.50",
="037273","景碩凱基53購04","0","0","0","--","--","--","--"," ","0.00","0.92","100","0.94","10","111.50",
="037274","立積凱基53購03","0","0","0","--","--","--","--"," ","0.00","1.84","100","1.87","10","151.50",
="037275","達興凱基53購08","14,000","2","20,200","1.44","1.45","1.44","1.45","X","0.00","1.52","10","1.53","10","399.00",
="037276","凌華凱基53購01","0","0","0","--","--","--","--"," ","0.00","1.49","10","1.50","10","62.40",
="037277","力成凱基54購02","39,000","5","51,230","1.35","1.36","1.31","1.31","X","0.00","1.34","100","1.35","10","150.50",
="037278","同欣電凱基55購01","20,000","1","23,000","1.15","1.15","1.15","1.15","+","0.03","0.99","100","1.01","10","120.50",
="037279","富世達凱基53購04","0","0","0","--","--","--","--"," ","0.00","0.95","100","0.97","30","1,010.00",
="03727U","臺股指富邦56售06","302,000","2","102,740","0.37","0.37","0.34","0.34","X","0.00","0.34","499","0.35","100","0.00",
="037280","昇陽半凱基57購01","24,000","1","41,040","1.71","1.71","1.71","1.71","X","0.00","1.56","100","1.57","10","179.50",
="037281","臺股指凱基59購09","0","0","0","--","--","--","--"," ","0.00","1.89","100","1.90","10","0.00",
="037282","台灣50元大58購01","0","0","0","--","--","--","--"," ","0.00","1.66","100","1.67","10","58.45",
="037283","T50正2元大56購02","5,000","1","8,000","1.60","1.60","1.60","1.60","X","0.00","1.67","499","1.68","10","302.45",
="037284","SGBR2X元大54購01","49,000","3","49,640","1.02","1.02","1.01","1.01","X","0.00","1.01","499","1.02","100","10.98",
="037285","SGBR2X元大55購01","0","0","0","--","--","--","--"," ","0.00","1.67","499","1.68","100","10.98",
="037286","南亞元大54購11","84,000","6","191,160","2.38","2.38","2.10","2.13","+","0.03","2.02","10","2.04","10","39.80",
="037287","中砂元大54購08","1,000","1","1,670","1.67","1.67","1.67","1.67","X","0.00","1.65","499","1.69","10","339.00",
="037288","光寶科元大54購12","20,000","5","34,250","1.64","1.75","1.64","1.75","X","0.00","1.61","450","1.62","10","183.00",
="037289","鴻海元大54購48","0","0","0","--","--","--","--"," ","0.00","1.11","499","1.12","10","221.00",
="03728U","世芯元富4C售12","0","0","0","--","--","--","--"," ","0.00","0.08","25","0.10","10","0.00",
="037290","華泰元大54購03","2,000","2","2,970","1.49","1.49","1.48","1.48","X","0.00","1.35","499","1.36","10","47.70",
="037291","台積電元大54購33","0","0","0","--","--","--","--"," ","0.00","0.06","69","--","0","1,340.00",
="037292","華邦電元大54購07","77,000","7","301,160","3.87","4.13","3.82","4.07","+","0.81","4.04","250","4.07","9","36.45",
="037293","華邦電元大54購08","45,000","5","187,410","4.06","4.26","4.06","4.17","X","0.00","4.21","200","4.24","10","36.45",
="037294","智邦元大54購16","10,000","1","5,200","0.52","0.52","0.52","0.52","X","0.00","--","0","--","0","1,005.00",
="037295","金像電元大54購14","3,000","2","6,010","1.98","2.05","1.98","2.05","X","0.00","1.94","400","1.95","10","455.00",
="037296","台光電元大54購23","102,000","6","77,440","0.75","0.81","0.75","0.81","X","0.00","0.74","499","0.77","10","1,345.00",
="037297","毅嘉元大54購07","0","0","0","--","--","--","--"," ","0.00","1.33","499","1.34","10","53.50",
="037298","聯發科元大54購15","43,000","3","18,890","0.44","0.44","0.43","0.43","-","0.07","0.41","25","0.42","10","1,375.00",
="037299","漢翔元大54購16","0","0","0","--","--","--","--"," ","0.00","0.57","499","0.58","10","62.60",
="03729U","臺股指元富4C售05","10,000","1","1,100","0.11","0.11","0.11","0.11","X","0.00","0.10","25","0.11","35","0.00",
="037300","晶豪科元大54購04","3,000","2","9,940","3.30","3.32","3.30","3.32","X","0.00","3.24","250","3.26","10","81.00",
="037301","奇鋐元大54購23","264,000","4","262,250","1.06","1.06","0.99","0.99","X","0.00","0.88","499","0.92","10","1,015.00",
="037302","奇鋐元大54購24","263,000","4","211,110","0.86","0.86","0.80","0.80","X","0.00","0.71","499","0.74","10","1,015.00",
="037303","創意元大54購14","0","0","0","--","--","--","--"," ","0.00","0.70","499","0.71","10","1,315.00",
="037304","創意元大54購15","0","0","0","--","--","--","--"," ","0.00","0.78","499","0.79","10","1,315.00",
="037305","聯鈞元大54購04","206,000","15","427,960","2.03","2.46","1.97","2.39","+","0.40","2.38","25","2.42","10","278.00",
="037306","群創元大54購10","212,000","4","190,720","0.91","0.91","0.89","0.89","-","0.02","0.94","499","0.96","10","14.15",
="037307","牧德元大54購03","8,000","1","14,800","1.85","1.85","1.85","1.85","X","0.00","1.81","400","1.82","10","544.00",
="037308","貿聯元大54購23","1,252,000","9","741,190","0.60","0.60","0.59","0.59","X","0.00","0.57","499","--","0","1,085.00",
="037309","日月光元大54購01","0","0","0","--","--","--","--"," ","0.00","0.87","499","0.89","10","174.50",
="03730U","臺股指元富4C售06","0","0","0","--","--","--","--"," ","0.00","0.15","25","0.16","25","0.00",
="037310","南寶元大54購05","0","0","0","--","--","--","--"," ","0.00","1.81","400","1.84","10","416.50",
="037311","臻鼎元大54購16","0","0","0","--","--","--","--"," ","0.00","1.08","499","1.09","10","171.50",
="037312","亞翔元大54購12","0","0","0","--","--","--","--"," ","0.00","0.62","499","0.63","10","358.50",
="037313","瑞儀元大54購01","0","0","0","--","--","--","--"," ","0.00","1.32","499","1.34","10","142.00",
="037314","達麗元大54購01","0","0","0","--","--","--","--"," ","0.00","1.41","499","1.42","10","50.10",
="037315","力成元大54購03","0","0","0","--","--","--","--"," ","0.00","0.97","499","0.98","10","150.50",
="037316","鈺邦元大54購03","194,000","6","226,680","1.10","1.20","1.10","1.17","-","0.17","1.15","499","1.16","10","198.50",
="037317","鈺邦元大54購04","2,000","2","3,200","1.60","1.60","1.60","1.60","X","0.00","1.54","400","1.56","10","198.50",
="037318","緯穎元大54購30","0","0","0","--","--","--","--"," ","0.00","0.83","499","0.84","10","3,140.00",
="037319","力積電元大54購01","0","0","0","--","--","--","--"," ","0.00","2.20","5","--","0","23.45",
="03731U","臺股指元富4C售07","11,000","2","2,370","0.22","0.22","0.21","0.21","-","0.01","0.19","25","0.20","25","0.00",
="037320","力積電元大54購02","42,000","4","81,720","1.90","2.06","1.90","2.06","X","0.00","2.20","450","--","0","23.45",
="037321","采鈺元大54購10","0","0","0","--","--","--","--"," ","0.00","1.67","400","1.69","10","305.50",
="037322","富世達元大54購23","468,000","1","299,520","0.64","0.64","0.64","0.64","X","0.00","0.63","499","0.64","10","1,010.00",
="037323","昇陽半元大54購11","1,000","1","1,330","1.33","1.33","1.33","1.33","X","0.00","1.21","499","1.24","10","179.50",
="037324","昇陽半元大54購12","65,000","8","49,550","0.76","0.78","0.69","0.69","-","0.06","0.68","499","0.70","10","179.50",
="037325","南電元大54購17","0","0","0","--","--","--","--"," ","0.00","2.51","300","2.52","10","234.50",
="037326","至上元大54購01","142,000","10","188,790","1.37","1.37","1.29","1.32","-","0.18","1.30","499","1.31","10","45.05",
="037327","台達電兆豐53購03","207,000","11","264,070","1.38","1.38","1.24","1.26","-","0.12","1.26","11","--","0","893.00",
="037328","華通兆豐54購01","0","0","0","--","--","--","--"," ","0.00","1.11","10","1.12","10","77.00",
="03732U","FBNQ2X國票4C售01","8,000","1","3,600","0.45","0.45","0.45","0.45","X","0.00","0.44","25","0.45","10","0.00",
="037331","鴻海統一4A購02","1,000","1","840","0.84","0.84","0.84","0.84","X","0.00","0.84","10","0.87","2","221.00",
="037333","國巨兆豐56購01","39,000","3","56,640","1.44","1.52","1.44","1.46","-","0.06","1.41","10","1.43","10","176.00",
="037334","聯發科兆豐54購01","0","0","0","--","--","--","--"," ","0.00","0.41","10","0.42","10","1,375.00",
="037335","鴻準統一4C購01","0","0","0","--","--","--","--"," ","0.00","0.03","10","0.04","40","70.70",
="037336","日月光兆豐56購01","0","0","0","--","--","--","--"," ","0.00","1.02","10","1.04","10","174.50",
="037337","台達電富邦53購09","14,000","4","17,140","1.29","1.29","1.18","1.18","-","0.11","1.22","30","1.23","10","0.00",
="037338","聯發科統一4C購02","29,000","3","3,090","0.11","0.11","0.10","0.10","-","0.02","0.10","21","0.13","14","1,375.00",
="037339","台達電富邦55購02","13,000","3","15,580","1.20","1.20","1.19","1.19","-","0.02","1.13","30","1.14","10","0.00",
="03733U","佳能國票51售02","0","0","0","--","--","--","--"," ","0.00","0.04","25","0.05","10","0.00",
="037342","聯發科富邦54購03","0","0","0","--","--","--","--"," ","0.00","0.38","30","0.39","10","0.00",
="037343","智原統一4C購01","0","0","0","--","--","--","--"," ","0.00","--","0","0.10","50","174.00",
="037344","晶豪科富邦55購01","203,000","23","363,360","1.82","1.84","1.66","1.77","X","0.00","1.76","10","1.77","8","0.00",
="037345","聚陽永豐55購01","0","0","0","--","--","--","--"," ","0.00","--","0","--","0","294.00",
="037347","聯鈞統一4C購01","61,000","10","182,220","2.83","3.13","2.83","3.00","+","0.17","3.07","10","3.17","10","278.00",
="037348","凌華統一4C購01","0","0","0","--","--","--","--"," ","0.00","0.02","10","0.10","10","62.40",
="037349","華泰永豐55購01","0","0","0","--","--","--","--"," ","0.00","1.84","499","1.85","10","47.70",
="03734U","健策國票51售02","0","0","0","--","--","--","--"," ","0.00","0.07","25","--","0","0.00",
="037350","台積電永豐53購08","0","0","0","--","--","--","--"," ","0.00","0.07","80","--","0","1,340.00",
="037351","台積電永豐53購09","0","0","0","--","--","--","--"," ","0.00","0.08","57","--","0","1,340.00",
="037352","毅嘉永豐53購02","0","0","0","--","--","--","--"," ","0.00","0.90","499","0.91","10","53.50",
="037353","友達永豐53購01","0","0","0","--","--","--","--"," ","0.00","0.72","499","0.74","10","13.70",
="037354","聯發科永豐54購06","0","0","0","--","--","--","--"," ","0.00","0.52","499","0.53","10","1,375.00",
="037355","聯發科永豐54購07","0","0","0","--","--","--","--"," ","0.00","0.40","499","0.41","10","1,375.00",
="037356","長榮航永豐55購01","0","0","0","--","--","--","--"," ","0.00","2.36","499","2.38","10","38.85",
="037357","聯鈞永豐55購01","245,000","19","902,220","3.55","4.03","3.55","3.85","+","0.50","0.67","29","4.38","4","278.00",
="037358","群創永豐53購02","0","0","0","--","--","--","--"," ","0.00","0.85","499","0.87","10","14.15",
="037359","嘉澤永豐55購02","0","0","0","--","--","--","--"," ","0.00","0.79","499","0.80","10","1,605.00",
="03735U","穎崴國票51售01","0","0","0","--","--","--","--"," ","0.00","0.20","25","0.21","10","0.00",
="037360","神達永豐55購05","0","0","0","--","--","--","--"," ","0.00","1.14","499","1.15","10","90.00",
="037361","祥碩永豐54購01","0","0","0","--","--","--","--"," ","0.00","1.17","499","1.19","10","1,525.00",
="037362","力積電永豐53購01","506,000","4","723,680","1.43","1.50","1.40","1.41","+","0.38","1.52","499","2.58","1","23.45",
="037363","台灣50元富53購14","0","0","0","--","--","--","--"," ","0.00","1.84","25","1.85","25","58.45",
="037364","SP黃豆元富54購01","0","0","0","--","--","--","--"," ","0.00","0.54","25","0.55","25","19.68",
="037365","國巨元富53購06","26,000","3","75,420","2.97","2.97","2.89","2.93","-","0.56","2.89","25","2.93","25","176.00",
="037366","華泰元富53購02","2,000","1","2,920","1.46","1.46","1.46","1.46","-","0.12","1.46","25","1.47","25","47.70",
="037367","台亞元富53購02","0","0","0","--","--","--","--"," ","0.00","0.97","25","0.98","25","27.80",
="037368","台光電元富57購04","0","0","0","--","--","--","--"," ","0.00","1.15","25","1.16","25","1,345.00",
="037369","京元電元富53購07","0","0","0","--","--","--","--"," ","0.00","1.92","25","2.02","10","167.00",
="03736U","SGBR2X凱基51售03","0","0","0","--","--","--","--"," ","0.00","2.53","100","2.54","50","0.00",
="037370","聯發科元富64購02","5,000","1","4,550","0.91","0.91","0.91","0.91","-","0.03","0.86","25","0.87","25","1,375.00",
="037371","聯鈞元富53購04","5,000","3","66,000","12.50","13.40","12.50","13.30","+","2.50","13.30","25","13.40","25","278.00",
="037372","嘉澤元富54購01","0","0","0","--","--","--","--"," ","0.00","1.07","25","1.08","25","1,605.00",
="037373","嘉澤元富54購02","0","0","0","--","--","--","--"," ","0.00","0.88","25","0.89","25","1,605.00",
="037374","嘉澤元富54購03","0","0","0","--","--","--","--"," ","0.00","0.71","25","0.72","25","1,605.00",
="037375","嘉澤元富56購01","0","0","0","--","--","--","--"," ","0.00","0.99","25","1.00","25","1,605.00",
="037376","南寶元富54購01","0","0","0","--","--","--","--"," ","0.00","1.54","25","1.64","10","416.50",
="037377","瑞儀元富53購01","0","0","0","--","--","--","--"," ","0.00","0.84","25","0.86","25","142.00",
="037378","達麗元富53購01","0","0","0","--","--","--","--"," ","0.00","0.95","25","0.96","25","50.10",
="037379","力積電元富53購01","15,000","7","60,520","3.92","4.20","3.92","4.20","X","0.00","4.22","25","--","0","23.45",
="03737U","英業達凱基4C售02","0","0","0","--","--","--","--"," ","0.00","0.41","100","0.42","40","0.00",
="037380","力積電元富53購02","73,000","14","226,490","2.67","3.27","2.67","3.27","X","0.00","3.30","25","--","0","23.45",
="037381","采鈺元富53購03","10,000","1","9,100","0.91","0.91","0.91","0.91","X","0.00","0.89","25","0.90","25","305.50",
="037382","台虹元富53購02","80,000","2","99,200","1.24","1.24","1.24","1.24","X","0.00","1.20","25","1.21","25","63.30",
="037383","台虹元富54購01","90,000","3","142,600","1.70","1.70","1.57","1.57","X","0.00","1.52","25","1.53","25","63.30",
="037384","臺股指元富53購04","0","0","0","--","--","--","--"," ","0.00","1.64","25","1.65","25","0.00",
="037385","臺股指元富56購16","1,000","1","1,100","1.10","1.10","1.10","1.10","X","0.00","1.10","25","1.11","25","0.00",
="037386","國企2X國票59購01","0","0","0","--","--","--","--"," ","0.00","1.09","25","1.10","10","11.65",
="037387","中502X國票5A購01","0","0","0","--","--","--","--"," ","0.00","1.38","25","1.39","10","13.10",
="037388","中興電國票54購02","0","0","0","--","--","--","--"," ","0.00","1.27","25","1.28","10","159.00",
="037389","上銀國票54購02","0","0","0","--","--","--","--"," ","0.00","1.81","25","1.82","10","217.50",
="03738U","南亞科凱基4C售08","0","0","0","--","--","--","--"," ","0.00","0.02","10","0.12","10","0.00",
="037390","光寶科國票54購01","33,000","10","68,930","1.88","2.23","1.88","2.08","X","0.00","1.99","25","2.00","10","183.00",
="037391","國巨國票55購01","75,000","5","194,650","2.61","2.64","2.56","2.56","X","0.00","2.55","25","2.57","10","176.00",
="037392","華泰國票54購01","0","0","0","--","--","--","--"," ","0.00","1.61","25","1.62","10","47.70",
="037393","台積電國票53購06","0","0","0","--","--","--","--"," ","0.00","1.03","25","1.04","10","1,340.00",
="037394","旺宏國票53購03","0","0","0","--","--","--","--"," ","0.00","3.14","25","3.16","10","26.75",
="037395","旺宏國票53購04","40,000","4","101,600","2.54","2.54","2.54","2.54","X","0.00","2.54","25","2.56","10","26.75",
="037396","台亞國票54購03","0","0","0","--","--","--","--"," ","0.00","1.78","25","1.79","10","27.80",
="037397","華邦電國票55購02","58,000","14","224,580","3.74","3.96","3.69","3.95","X","0.00","3.96","25","3.97","10","36.45",
="037398","鴻準國票55購01","0","0","0","--","--","--","--"," ","0.00","2.24","25","2.25","10","70.70",
="037399","技嘉國票54購01","1,000","1","2,070","2.07","2.07","2.07","2.07","X","0.00","2.06","25","2.07","10","283.00",
="03739U","雄獅凱基51售02","0","0","0","--","--","--","--"," ","0.00","0.64","10","0.65","10","0.00",
="037400","友達國票53購02","33,000","2","31,580","0.96","0.96","0.91","0.91","X","0.00","0.90","25","0.91","8","13.70",
="037401","友達國票54購01","0","0","0","--","--","--","--"," ","0.00","0.82","25","0.83","10","13.70",
="037402","偉詮電國票54購02","25,000","4","36,060","1.44","1.49","1.41","1.49","X","0.00","1.40","25","1.41","10","56.00",
="037403","聯發科國票53購02","0","0","0","--","--","--","--"," ","0.00","0.32","25","0.33","10","1,375.00",
="037404","中航國票54購02","0","0","0","--","--","--","--"," ","0.00","1.58","25","1.60","10","51.70",
="037405","漢翔國票54購04","0","0","0","--","--","--","--"," ","0.00","1.63","25","1.64","10","62.60",
="037406","信邦國票54購01","0","0","0","--","--","--","--"," ","0.00","1.53","25","1.55","10","236.50",
="037407","嘉澤國票56購01","0","0","0","--","--","--","--"," ","0.00","1.31","25","1.32","10","1,605.00",
="037408","瑞儀國票56購01","0","0","0","--","--","--","--"," ","0.00","1.24","25","1.26","10","142.00",
="037409","力積電國票54購02","0","0","0","--","--","--","--"," ","0.00","2.78","25","--","0","23.45",
="03740U","健策凱基4C售03","0","0","0","--","--","--","--"," ","0.00","0.03","100","0.05","50","0.00",
="037410","力積電國票55購02","0","0","0","--","--","--","--"," ","0.00","3.48","25","--","0","23.45",
="037411","百和國票54購01","0","0","0","--","--","--","--"," ","0.00","1.20","25","1.22","10","55.50",
="037413","FBNQ2X群益53購01","0","0","0","--","--","--","--"," ","0.00","1.28","25","1.29","10","159.20",
="037414","SGBR2X群益53購03","0","0","0","--","--","--","--"," ","0.00","0.49","25","0.50","10","10.98",
="037415","台積電群益53購08","0","0","0","--","--","--","--"," ","0.00","0.01","100","--","0","1,340.00",
="037416","華邦電群益53購10","40,000","18","262,250","6.40","6.90","6.10","6.75","X","0.00","6.75","10","--","0","36.45",
="037417","金像電群益53購12","10,000","3","31,760","3.16","3.21","3.13","3.21","X","0.00","3.05","10","3.15","10","455.00",
="037418","聯發科群益53購07","0","0","0","--","--","--","--"," ","0.00","--","0","--","0","1,375.00",
="037419","盟立群益53購02","0","0","0","--","--","--","--"," ","0.00","0.14","3","--","0","72.30",
="03741U","訊芯凱基4C售02","0","0","0","--","--","--","--"," ","0.00","0.47","10","0.57","10","0.00",
="037420","長榮航群益55購01","0","0","0","--","--","--","--"," ","0.00","1.52","10","1.62","10","38.85",
="037421","富邦金群益53購01","2,000","1","5,640","2.82","2.82","2.82","2.82","X","0.00","--","0","--","0","88.40",
="037422","奇鋐群益53購12","0","0","0","--","--","--","--"," ","0.00","0.08","57","--","0","1,015.00",
="037423","欣興群益57購01","14,000","1","20,860","1.49","1.49","1.49","1.49","+","0.14","1.36","100","1.37","100","159.00",
="037424","聯鈞群益53購04","178,000","16","567,150","2.91","3.58","2.91","3.39","+","0.61","0.28","71","--","0","278.00",
="037425","力積電群益53購03","188,000","13","298,740","1.33","1.74","1.33","1.74","+","0.60","1.75","31","--","0","23.45",
="037426","台達電國泰54購03","90,000","3","111,700","1.26","1.26","1.22","1.22","-","0.05","1.23","10","1.24","10","893.00",
="037427","華邦電國泰54購08","27,000","5","50,780","1.82","1.93","1.82","1.90","+","0.46","1.92","499","1.93","100","36.45",
="037428","華邦電國泰54購09","0","0","0","--","--","--","--"," ","0.00","1.77","499","1.78","100","36.45",
="037429","京元電國泰54購03","0","0","0","--","--","--","--"," ","0.00","1.73","499","1.74","100","167.00",
="03742U","臺股指凱基59售03","10,000","1","10,200","1.02","1.02","1.02","1.02","-","0.10","1.01","100","1.02","10","0.00",
="037430","聯發科國泰56購04","0","0","0","--","--","--","--"," ","0.00","0.86","499","0.87","100","1,375.00",
="037431","達麗國泰54購01","0","0","0","--","--","--","--"," ","0.00","1.00","499","1.01","100","50.10",
="037432","力積電兆豐55購02","2,508,000","21","2,466,350","0.87","1.00","0.87","1.00","+","0.17","1.04","10","--","0","23.45",
="037433","滬深2X富邦56購02","0","0","0","--","--","--","--"," ","0.00","0.94","10","0.95","10","0.00",
="037434","國巨富邦53購01","52,000","3","76,860","1.48","1.48","1.42","1.42","-","0.47","1.40","11","1.42","10","0.00",
="037435","鉅祥富邦53購02","0","0","0","--","--","--","--"," ","0.00","0.86","30","0.87","10","0.00",
="037436","德律富邦54購03","0","0","0","--","--","--","--"," ","0.00","0.88","10","0.89","10","0.00",
="037437","神達富邦57購01","0","0","0","--","--","--","--"," ","0.00","1.03","10","1.04","10","0.00",
="037438","力積電富邦55購01","0","0","0","--","--","--","--"," ","0.00","0.79","30","--","0","0.00",
="037439","滬深2X永豐57購02","0","0","0","--","--","--","--"," ","0.00","1.40","499","1.41","10","19.04",
="03743U","台積電群益51售10","110,000","2","10,000","0.10","0.10","0.09","0.09","-","0.04","0.01","629","--","0","0.00",
="037440","台達電永豐54購05","0","0","0","--","--","--","--"," ","0.00","0.80","499","0.90","10","893.00",
="037441","金寶永豐54購01","0","0","0","--","--","--","--"," ","0.00","1.23","499","1.24","10","19.60",
="037442","台積電永豐69購02","100,000","1","98,000","0.98","0.98","0.98","0.98","+","0.12","--","0","--","0","1,340.00",
="037443","旺宏永豐54購01","8,000","2","8,920","1.13","1.13","1.10","1.10","+","0.08","1.02","499","1.12","10","26.75",
="037445","旺宏永豐56購01","138,000","5","340,250","2.39","2.51","2.28","2.28","-","0.20","2.30","499","2.40","10","26.75",
="037447","第一銅統一4A購01","0","0","0","--","--","--","--"," ","0.00","--","0","0.01","20","33.95",
="037448","致茂永豐53購02","9,000","2","12,120","1.30","1.37","1.30","1.37","+","0.11","1.29","499","1.30","10","614.00",
="037449","矽統永豐53購03","0","0","0","--","--","--","--"," ","0.00","0.65","499","0.66","10","58.60",
="03744U","南亞科群益51售08","0","0","0","--","--","--","--"," ","0.00","--","0","--","0","0.00",
="037450","鴻海統一56購01","4,000","3","1,560","0.39","0.39","0.39","0.39","+","0.04","0.38","10","0.39","10","221.00",
="037452","台積電統一56購01","777,000","35","728,040","0.91","0.97","0.91","0.95","+","0.10","0.95","11","0.99","29","1,340.00",
="037454","京元電永豐55購03","3,000","1","2,880","0.96","0.96","0.96","0.96","-","0.04","0.95","499","0.96","10","167.00",
="037455","強茂永豐55購01","0","0","0","--","--","--","--"," ","0.00","0.59","499","0.60","10","71.70",
="037457","聯發科統一56購01","1,004,000","41","199,720","0.20","0.21","0.19","0.19","-","0.01","0.19","157","0.21","127","1,375.00",
="037458","晶豪科永豐56購01","1,000","1","2,810","2.81","2.81","2.81","2.81","+","0.38","2.68","1","--","0","81.00",
="037459","聯詠永豐55購01","0","0","0","--","--","--","--"," ","0.00","17.00","499","18.00","10","443.00",
="03745U","巨大群益52售01","75,000","4","54,930","0.73","0.75","0.73","0.75"," ","0.00","0.74","25","0.76","10","0.00",
="037463","一詮統一4A購01","0","0","0","--","--","--","--"," ","0.00","--","0","0.02","270","82.30",
="037464","一詮統一4A購02","0","0","0","--","--","--","--"," ","0.00","--","0","0.02","485","82.30",
="037465","至上永豐55購01","0","0","0","--","--","--","--"," ","0.00","1.17","499","1.18","10","45.05",
="037466","長榮統一56購01","0","0","0","--","--","--","--"," ","0.00","0.28","10","0.29","10","182.00",
="037467","台灣50元富53購16","0","0","0","--","--","--","--"," ","0.00","3.74","25","3.75","25","58.45",
="037468","T50反1元富63購01","0","0","0","--","--","--","--"," ","0.00","2.32","25","2.33","25","18.29",
="037469","立積統一4A購01","0","0","0","--","--","--","--"," ","0.00","--","0","--","0","151.50",
="03746U","臺股指群益58售03","5,000","1","5,300","1.06","1.06","1.06","1.06","X","0.00","1.06","499","1.07","499","0.00",
="037470","A50正2元富53購03","0","0","0","--","--","--","--"," ","0.00","--","0","--","0","32.79",
="037471","凌華統一4A購01","0","0","0","--","--","--","--"," ","0.00","--","0","--","0","62.40",
="037472","大成鋼元富53購02","0","0","0","--","--","--","--"," ","0.00","1.09","25","1.10","25","37.90",
="037473","勤誠統一4A購01","10,000","1","8,600","0.86","0.86","0.86","0.86","X","0.00","0.81","10","0.84","10","600.00",
="037474","國巨元富53購08","9,000","2","24,660","2.78","2.78","2.69","2.69","+","1.05","2.61","25","2.63","25","176.00",
="037475","旺宏元富53購01","30,000","2","46,400","1.58","1.58","1.48","1.48"," ","0.00","1.39","25","1.49","10","26.75",
="037476","旺宏元富53購02","0","0","0","--","--","--","--"," ","0.00","0.79","25","0.80","10","26.75",
="037477","台亞元富53購03","14,000","3","14,500","1.05","1.05","1.03","1.03","-","0.48","1.04","25","1.05","25","27.80",
="037478","台亞元富53購04","0","0","0","--","--","--","--"," ","0.00","0.53","25","0.54","25","27.80",
="037479","台亞元富53購05","0","0","0","--","--","--","--"," ","0.00","0.45","25","0.46","25","27.80",
="03747U","香港2X元大51售01","0","0","0","--","--","--","--"," ","0.00","0.19","250","0.20","100","0.00",
="037480","華邦電元富53購01","179,000","19","160,920","0.81","0.98","0.81","0.97","+","0.16","0.96","25","0.97","25","36.45",
="037481","華邦電元富53購02","0","0","0","--","--","--","--"," ","0.00","2.62","25","2.72","10","36.45",
="037482","華邦電元富53購03","0","0","0","--","--","--","--"," ","0.00","2.54","25","2.64","10","36.45",
="037483","致茂元富53購02","0","0","0","--","--","--","--"," ","0.00","1.03","25","1.04","25","614.00",
="037484","毅嘉元富53購04","0","0","0","--","--","--","--"," ","0.00","1.56","25","1.57","25","53.50",
="037485","偉詮電元富53購03","0","0","0","--","--","--","--"," ","0.00","0.91","25","0.92","25","56.00",
="037486","京元電元富53購08","0","0","0","--","--","--","--"," ","0.00","1.02","25","1.03","25","167.00",
="037487","文曄元富53購01","0","0","0","--","--","--","--"," ","0.00","1.93","25","1.96","25","137.50",
="037488","蔚華科元富53購01","0","0","0","--","--","--","--"," ","0.00","1.75","25","1.85","10","57.50",
="037489","聯鈞元富59購01","0","0","0","--","--","--","--"," ","0.00","5.65","25","5.70","25","278.00",
="03748U","世芯元大4C售08","0","0","0","--","--","--","--"," ","0.00","--","0","--","0","0.00",
="037490","群創元富53購04","0","0","0","--","--","--","--"," ","0.00","1.63","25","1.65","25","14.15",
="037491","愛普元富53購02","0","0","0","--","--","--","--"," ","0.00","--","0","--","0","344.00",
="037492","力積電元富53購04","0","0","0","--","--","--","--"," ","0.00","2.36","25","--","0","23.45",
="037493","旺宏統一5C購02","0","0","0","--","--","--","--"," ","0.00","0.63","10","0.64","10","26.75",
="037494","華邦電統一5C購02","300,000","17","187,000","0.61","0.65","0.61","0.65","-","0.01","0.64","13","0.65","5","36.45",
="037495","晶豪科統一5C購02","2,000","1","1,280","0.64","0.64","0.64","0.64","-","0.04","0.62","10","0.63","10","81.00",
="037496","嘉澤統一64購02","0","0","0","--","--","--","--"," ","0.00","0.56","10","0.57","10","1,605.00",
="037497","愛普統一64購01","0","0","0","--","--","--","--"," ","0.00","0.49","10","0.50","10","344.00",
="037498","台積電中信59購03","0","0","0","--","--","--","--"," ","0.00","1.20","499","1.30","10","0.00",
="037499","旺宏中信54購01","20,000","1","26,800","1.34","1.34","1.34","1.34","+","0.57","1.30","499","1.32","10","0.00",
="03749U","世紀鋼元大4C售07","0","0","0","--","--","--","--"," ","0.00","0.63","499","0.64","10","0.00",
="037500","華邦電中信53購08","0","0","0","--","--","--","--"," ","0.00","--","0","0.94","10","0.00",
="037501","華邦電中信57購01","0","0","0","--","--","--","--"," ","0.00","2.95","499","2.96","10","0.00",
="037502","威盛中信55購01","0","0","0","--","--","--","--"," ","0.00","0.67","499","0.68","10","0.00",
="037503","聯詠中信59購01","3,000","1","4,500","1.50","1.50","1.50","1.50","-","0.62","1.33","499","1.43","10","0.00",
="037504","力積電中信53購03","0","0","0","--","--","--","--"," ","0.00","0.95","499","--","0","0.00",
="037505","T50正2凱基56購01","0","0","0","--","--","--","--"," ","0.00","1.96","10","1.97","10","302.45",
="037506","亞德客凱基53購01","0","0","0","--","--","--","--"," ","0.00","2.46","10","2.50","10","765.00",
="037507","上銀凱基54購04","0","0","0","--","--","--","--"," ","0.00","1.93","100","--","0","217.50",
="037508","旺宏凱基53購03","163,000","10","192,190","1.13","1.30","1.10","1.15","-","0.08","1.13","10","1.23","10","26.75",
="037509","華邦電凱基53購06","560,000","22","851,260","1.54","1.72","1.42","1.62","+","0.49","1.58","100","1.68","10","36.45",
="03750U","台灣50中信56售01","30,000","4","39,750","1.33","1.33","1.32","1.32","-","0.09","1.31","100","1.32","100","0.00",
="037510","華邦電凱基54購08","51,000","9","87,700","1.76","1.76","1.67","1.76","+","0.60","1.75","100","1.76","10","36.45",
="037511","華邦電凱基54購09","0","0","0","--","--","--","--"," ","0.00","2.22","100","2.23","10","36.45",
="037512","致茂凱基53購02","20,000","1","19,800","0.99","0.99","0.99","0.99","-","0.05","0.97","10","0.98","10","614.00",
="037513","矽統凱基53購01","0","0","0","--","--","--","--"," ","0.00","0.81","100","0.82","10","58.60",
="037514","瑞昱凱基53購01","0","0","0","--","--","--","--"," ","0.00","2.41","100","2.46","10","540.00",
="037515","威盛凱基53購03","0","0","0","--","--","--","--"," ","0.00","0.73","100","0.74","10","59.50",
="037516","陽明凱基53購01","2,000","1","3,180","1.59","1.59","1.59","1.59","-","0.25","1.57","100","1.58","10","55.20",
="037517","萬海凱基53購01","0","0","0","--","--","--","--"," ","0.00","1.85","100","1.86","10","77.90",
="037518","晶豪科凱基53購05","0","0","0","--","--","--","--"," ","0.00","1.27","10","1.37","10","81.00",
="037519","奇鋐凱基59購02","0","0","0","--","--","--","--"," ","0.00","1.14","100","1.16","10","1,015.00",
="03751U","華邦電中信4C售01","652,000","18","42,780","0.06","0.07","0.06","0.07"," ","0.00","0.06","327","0.07","451","0.00",
="037520","亞光凱基59購02","0","0","0","--","--","--","--"," ","0.00","2.35","100","2.37","10","161.50",
="037521","信邦凱基54購01","0","0","0","--","--","--","--"," ","0.00","2.10","100","2.20","10","236.50",
="037522","創意凱基55購01","0","0","0","--","--","--","--"," ","0.00","1.51","100","1.53","10","1,315.00",
="037523","瑞鼎凱基53購01","3,000","1","3,120","1.04","1.04","1.04","1.04","-","0.09","1.01","100","1.05","10","296.50",
="037524","力成凱基54購03","1,000","1","950","0.95","0.95","0.95","0.95","-","0.10","0.96","100","0.97","10","150.50",
="037525","愛普凱基54購04","0","0","0","--","--","--","--"," ","0.00","0.88","100","0.89","10","344.00",
="037526","緯穎凱基53購12","0","0","0","--","--","--","--"," ","0.00","1.76","100","1.78","10","3,140.00",
="037527","力積電凱基53購03","0","0","0","--","--","--","--"," ","0.00","1.69","390","--","0","23.45",
="037528","力積電凱基54購01","0","0","0","--","--","--","--"," ","0.00","1.86","360","--","0","23.45",
="037529","力積電凱基54購02","0","0","0","--","--","--","--"," ","0.00","1.51","430","--","0","23.45",
="03752U","南亞科中信4C售05","1,046,000","40","333,310","0.30","0.35","0.28","0.29","-","0.03","0.28","40","0.29","10","0.00",
="037530","昇陽半凱基54購05","0","0","0","--","--","--","--"," ","0.00","2.13","100","2.15","10","179.50",
="037531","至上凱基54購01","0","0","0","--","--","--","--"," ","0.00","0.96","100","0.97","10","45.05",
="037532","百和凱基54購01","0","0","0","--","--","--","--"," ","0.00","1.59","10","1.69","10","55.50",
="037533","道瓊銀國票59購01","0","0","0","--","--","--","--"," ","0.00","2.29","25","2.30","10","36.75",
="037534","儒鴻國票53購02","0","0","0","--","--","--","--"," ","0.00","1.14","25","1.18","10","431.50",
="037535","儒鴻國票54購01","0","0","0","--","--","--","--"," ","0.00","1.23","25","1.27","10","431.50",
="037536","廣宇國票54購02","0","0","0","--","--","--","--"," ","0.00","1.82","25","1.83","10","54.10",
="037537","旺宏國票54購02","1,000","1","1,730","1.73","1.73","1.73","1.73","+","0.06","1.68","25","1.70","10","26.75",
="037538","華邦電國票54購07","0","0","0","--","--","--","--"," ","0.00","2.28","25","2.29","10","36.45",
="037539","致茂國票54購01","60,000","2","119,900","1.98","2.09","1.98","2.09","+","1.31","2.00","25","2.02","10","614.00",
="03753U","南亞科中信4C售06","91,000","4","4,960","0.06","0.06","0.04","0.06"," ","0.00","0.03","90","0.06","78","0.00",
="037540","矽統國票54購01","0","0","0","--","--","--","--"," ","0.00","1.26","25","1.27","10","58.60",
="037541","大同國票53購01","0","0","0","--","--","--","--"," ","0.00","1.89","25","1.93","10","39.85",
="037542","威盛國票54購03","0","0","0","--","--","--","--"," ","0.00","1.38","25","1.39","10","59.50",
="037543","鉅祥國票56購01","0","0","0","--","--","--","--"," ","0.00","1.05","25","1.06","10","108.50",
="037544","達邁國票54購03","0","0","0","--","--","--","--"," ","0.00","1.66","25","1.67","10","73.10",
="037545","臻鼎國票53購05","0","0","0","--","--","--","--"," ","0.00","1.41","25","1.42","10","171.50",
="037546","jpp國票54購04","0","0","0","--","--","--","--"," ","0.00","1.92","25","1.94","10","286.50",
="037547","凌華國票54購02","0","0","0","--","--","--","--"," ","0.00","1.14","25","1.16","10","62.40",
="037548","采鈺國票53購02","0","0","0","--","--","--","--"," ","0.00","1.83","25","1.84","10","305.50",
="037549","采鈺國票55購02","0","0","0","--","--","--","--"," ","0.00","2.02","25","2.03","10","305.50",
="03754U","台灣50永豐51售03","80,000","2","10,400","0.13","0.13","0.13","0.13","-","0.03","0.11","10","0.12","10","0.00",
="037550","南電國票54購03","0","0","0","--","--","--","--"," ","0.00","2.34","25","2.36","10","234.50",
="037551","至上國票54購02","0","0","0","--","--","--","--"," ","0.00","0.78","25","0.79","10","45.05",
="037552","台灣50元大54購09","1,000","1","1,320","1.32","1.32","1.32","1.32","+","0.11","1.35","499","1.37","10","58.45",
="037553","台灣50元大55購05","0","0","0","--","--","--","--"," ","0.00","1.48","499","1.50","10","58.45",
="037554","臺指反元大57購01","0","0","0","--","--","--","--"," ","0.00","--","0","0.35","10","2.96",
="037555","臺指反元大58購01","0","0","0","--","--","--","--"," ","0.00","--","0","0.37","10","2.96",
="037556","臺指反元大59購01","0","0","0","--","--","--","--"," ","0.00","--","0","0.38","10","2.96",
="037557","美指2X元大57購01","0","0","0","--","--","--","--"," ","0.00","0.64","499","0.65","100","20.19",
="037558","中砂元大54購09","0","0","0","--","--","--","--"," ","0.00","2.07","400","2.09","10","339.00",
="037559","大成鋼元大54購10","10,000","1","6,300","0.63","0.63","0.63","0.63","-","0.05","0.61","499","0.62","10","37.90",
="03755U","南亞科永豐4C售04","22,000","4","3,540","0.17","0.17","0.16","0.16","+","0.02","0.11","100","0.16","2","0.00",
="037560","上銀元大54購07","0","0","0","--","--","--","--"," ","0.00","1.44","499","1.46","10","217.50",
="037561","光寶科元大54購14","60,000","5","100,900","1.66","1.72","1.56","1.56","+","0.49","1.54","450","1.56","10","183.00",
="037562","台達電元大54購22","60,000","2","119,100","1.99","1.99","1.96","1.96","-","0.07","1.93","350","--","0","893.00",
="037563","鴻海元大54購49","0","0","0","--","--","--","--"," ","0.00","1.18","499","1.19","10","221.00",
="037564","華泰元大54購04","0","0","0","--","--","--","--"," ","0.00","0.86","499","0.87","10","47.70",
="037565","台積電元大54購36","2,000","1","1,600","0.80","0.80","0.80","0.80","+","0.12","0.68","10","--","0","1,340.00",
="037566","台積電元大54購37","0","0","0","--","--","--","--"," ","0.00","0.76","5","--","0","1,340.00",
="037567","華邦電元大54購09","409,000","28","601,400","1.46","1.57","1.36","1.55","+","0.43","1.52","499","1.56","10","36.45",
="037568","華邦電元大54購10","0","0","0","--","--","--","--"," ","0.00","1.72","499","1.74","10","36.45",
="037569","智邦元大54購17","0","0","0","--","--","--","--"," ","0.00","--","0","--","0","1,005.00",
="03756U","勤誠永豐53售02","0","0","0","--","--","--","--"," ","0.00","0.42","10","0.43","10","0.00",
="037570","台光電元大54購25","73,000","3","57,830","0.68","0.81","0.68","0.81","+","0.04","0.78","499","0.80","10","1,345.00",
="037571","台光電元大54購26","5,000","1","3,850","0.77","0.77","0.77","0.77","-","0.06","0.84","499","0.87","10","1,345.00",
="037572","友達元大54購02","25,000","1","16,750","0.67","0.67","0.67","0.67","+","0.02","0.61","499","0.63","10","13.70",
="037573","京元電元大54購21","0","0","0","--","--","--","--"," ","0.00","1.13","499","1.14","10","167.00",
="037574","聯發科元大54購16","421,000","21","198,840","0.47","0.49","0.46","0.46","-","0.30","0.44","499","0.45","10","1,375.00",
="037575","志聖元大54購04","41,000","3","69,560","1.68","1.76","1.68","1.74","+","0.22","--","0","--","0","197.00",
="037576","鉅祥元大54購09","0","0","0","--","--","--","--"," ","0.00","0.70","499","0.71","10","108.50",
="037577","一詮元大54購02","20,000","2","31,200","1.56","1.56","1.56","1.56","-","0.24","1.55","450","1.56","10","82.30",
="037578","漢翔元大54購17","0","0","0","--","--","--","--"," ","0.00","0.61","499","0.63","10","62.60",
="037579","長榮太元大54購08","0","0","0","--","--","--","--"," ","0.00","1.23","499","1.24","10","168.50",
="03757U","健鼎群益4C售03","0","0","0","--","--","--","--"," ","0.00","0.07","10","0.17","10","0.00",
="037580","晶豪科元大54購05","0","0","0","--","--","--","--"," ","0.00","1.49","499","1.50","10","81.00",
="037581","晶豪科元大54購06","170,000","12","279,040","1.73","1.73","1.58","1.70","+","0.59","1.67","450","1.69","10","81.00",
="037582","晟銘電元大54購02","0","0","0","--","--","--","--"," ","0.00","0.77","499","0.78","10","121.00",
="037583","奇鋐元大54購25","238,000","1","299,880","1.26","1.26","1.26","1.26","+","0.03","1.13","499","1.17","10","1,015.00",
="037584","奇鋐元大54購26","217,000","1","299,460","1.38","1.38","1.38","1.38","+","0.03","1.24","499","1.28","10","1,015.00",
="037585","創意元大54購16","0","0","0","--","--","--","--"," ","0.00","0.65","499","0.66","10","1,315.00",
="037586","創意元大54購17","0","0","0","--","--","--","--"," ","0.00","0.84","499","0.85","10","1,315.00",
="037587","聯鈞元大54購05","548,000","30","817,880","1.34","1.59","1.34","1.59","+","0.82","1.57","499","1.59","9","278.00",
="037588","群創元大54購11","0","0","0","--","--","--","--"," ","0.00","1.14","499","1.16","10","14.15",
="037589","群創元大57購03","0","0","0","--","--","--","--"," ","0.00","0.86","499","0.87","10","14.15",
="03758U","牧德群益4C售06","0","0","0","--","--","--","--"," ","0.00","--","0","--","0","0.00",
="037590","辛耘元大54購05","7,000","2","8,150","1.20","1.20","1.15","1.15","+","0.15","1.09","499","--","0","388.00",
="037591","神達元大54購24","0","0","0","--","--","--","--"," ","0.00","0.76","499","0.78","10","90.00",
="037592","日月光元大54購02","0","0","0","--","--","--","--"," ","0.00","0.81","499","0.83","10","174.50",
="037593","達麗元大54購02","0","0","0","--","--","--","--"," ","0.00","1.30","499","1.32","10","50.10",
="037594","力成元大54購04","0","0","0","--","--","--","--"," ","0.00","0.75","499","0.77","10","150.50",
="037595","力積電元大54購03","0","0","0","--","--","--","--"," ","0.00","1.74","6","--","0","23.45",
="037596","力積電元大54購04","55,000","3","51,120","0.92","1.04","0.92","0.96","+","0.11","1.03","10","--","0","23.45",
="037597","力積電元大54購05","0","0","0","--","--","--","--"," ","0.00","1.59","5","--","0","23.45",
="037598","采鈺元大54購11","0","0","0","--","--","--","--"," ","0.00","0.89","499","0.90","10","305.50",
="037599","昇陽半元大54購13","185,000","3","143,450","0.77","0.78","0.77","0.77","+","0.08","0.70","499","0.72","10","179.50",
="03759U","達興群益51售03","0","0","0","--","--","--","--"," ","0.00","0.03","200","--","0","0.00",
="037600","南電元大54購18","0","0","0","--","--","--","--"," ","0.00","2.41","300","2.42","10","234.50",
="037601","至上元大54購02","0","0","0","--","--","--","--"," ","0.00","0.72","499","0.73","10","45.05",
="037602","元債2X元富4C購01","0","0","0","--","--","--","--"," ","0.00","0.05","25","0.10","10","7.35",
="037603","T50反1群益53購04","20,000","1","23,000","1.15","1.15","1.15","1.15","-","0.18","1.14","100","1.15","100","18.29",
="037604","儒鴻群益53購01","0","0","0","--","--","--","--"," ","0.00","--","0","1.00","10","431.50",
="037605","華城群益53購06","0","0","0","--","--","--","--"," ","0.00","--","0","--","0","586.00",
="037606","光寶科群益53購08","64,000","8","108,770","1.70","1.70","1.69","1.69","+","0.43","1.68","100","1.71","100","183.00",
="037607","台達電群益53購11","1,000","1","1,520","1.52","1.52","1.52","1.52","+","0.04","--","0","--","0","893.00",
="037608","台達電群益53購12","0","0","0","--","--","--","--"," ","0.00","--","0","--","0","893.00",
="037609","華通群益53購05","0","0","0","--","--","--","--"," ","0.00","1.74","100","1.75","100","77.00",
="03760U","洋基群益4C售03","0","0","0","--","--","--","--"," ","0.00","--","0","--","0","0.00",
="037610","國巨群益54購04","0","0","0","--","--","--","--"," ","0.00","2.01","300","--","0","176.00",
="037611","旺宏群益53購01","0","0","0","--","--","--","--"," ","0.00","--","0","--","0","26.75",
="037612","華邦電群益53購11","61,000","6","125,470","2.06","2.15","1.99","2.15","+","0.69","2.17","10","2.27","10","36.45",
="037613","華邦電群益53購12","247,000","18","541,800","2.07","2.25","1.94","2.24","+","0.83","2.21","10","2.31","10","36.45",
="037614","智邦群益57購03","0","0","0","--","--","--","--"," ","0.00","0.72","100","0.73","100","1,005.00",
="037615","華碩群益53購03","0","0","0","--","--","--","--"," ","0.00","--","0","--","0","684.00",
="037616","致茂群益54購03","59,000","4","82,570","1.40","1.51","1.37","1.51","+","0.16","1.37","10","1.47","10","614.00",
="037617","矽統群益55購01","0","0","0","--","--","--","--"," ","0.00","--","0","1.20","10","58.60",
="037618","友達群益55購01","0","0","0","--","--","--","--"," ","0.00","0.62","100","0.64","100","13.70",
="037619","裕民群益53購02","0","0","0","--","--","--","--"," ","0.00","--","0","1.03","10","55.30",
="03761U","台灣50元富4C售08","321,000","3","32,110","0.10","0.11","0.10","0.11","-","0.03","0.09","25","0.10","25","0.00",
="037620","漢翔群益53購08","0","0","0","--","--","--","--"," ","0.00","--","0","2.93","10","62.60",
="037621","晶豪科群益53購02","134,000","4","335,460","2.50","2.54","2.50","2.54","+","0.67","--","0","--","0","81.00",
="037622","晶豪科群益55購01","0","0","0","--","--","--","--"," ","0.00","2.28","1","--","0","81.00",
="037623","奇鋐群益53購13","0","0","0","--","--","--","--"," ","0.00","--","0","--","0","1,015.00",
="037624","亞光群益53購05","0","0","0","--","--","--","--"," ","0.00","1.68","100","1.71","100","161.50",
="037625","聯詠群益53購03","0","0","0","--","--","--","--"," ","0.00","1.52","10","1.62","10","443.00",
="037626","景碩群益53購04","10,000","1","21,700","2.17","2.17","2.17","2.17","+","0.23","--","0","--","0","111.50",
="037627","玉晶光群益53購04","0","0","0","--","--","--","--"," ","0.00","--","0","--","0","443.50",
="037628","立積群益55購04","0","0","0","--","--","--","--"," ","0.00","--","0","--","0","151.50",
="037629","達興群益53購06","0","0","0","--","--","--","--"," ","0.00","1.93","10","2.03","10","399.00",
="03762U","台灣50元富4C售09","429,000","11","68,590","0.17","0.17","0.15","0.15","-","0.06","0.14","25","0.15","25","0.00",
="037630","力成群益53購02","0","0","0","--","--","--","--"," ","0.00","--","0","--","0","150.50",
="037631","力積電群益55購01","239,000","17","437,490","1.51","1.89","1.51","1.80","-","0.14","1.76","1","--","0","23.45",
="037632","AES群益56購02","0","0","0","--","--","--","--"," ","0.00","0.92","100","0.93","100","1,195.00",
="037633","富世達群益56購02","0","0","0","--","--","--","--"," ","0.00","--","0","--","0","1,010.00",
="037634","昇陽半群益53購01","35,000","4","124,800","3.75","3.75","3.36","3.36","+","0.31","3.35","10","3.45","10","179.50",
="037635","至上群益53購03","0","0","0","--","--","--","--"," ","0.00","0.62","10","0.72","10","45.05",
="037636","至上群益53購04","0","0","0","--","--","--","--"," ","0.00","0.93","10","1.03","10","45.05",
="037637","富鼎群益54購01","0","0","0","--","--","--","--"," ","0.00","--","0","--","0","95.50",
="037638","臺股指群益55購12","0","0","0","--","--","--","--"," ","0.00","3.35","499","3.36","499","0.00",
="037639","華邦電台新53購02","1,000","1","3,300","3.30","3.30","3.30","3.30","+","1.25","3.36","20","3.37","10","0.00",
="03763U","台灣50元富4C售10","75,000","4","17,100","0.24","0.24","0.21","0.21","-","0.08","0.20","25","0.21","25","0.00",
="03764U","台積電元富4C售12","0","0","0","--","--","--","--"," ","0.00","--","0","--","0","0.00",
="03765U","台積電元富4C售13","0","0","0","--","--","--","--"," ","0.00","0.05","11","--","0","0.00",
="03766U","南亞科元富4C售06","11,000","2","1,870","0.17","0.17","0.17","0.17","+","0.02","0.08","200","0.19","180","0.00",
="03767U","南亞科元富51售04","0","0","0","--","--","--","--"," ","0.00","0.09","111","--","0","0.00",
="03768U","勤誠元富4C售03","0","0","0","--","--","--","--"," ","0.00","0.19","25","0.20","25","0.00",
="03769U","新日興國票4C售02","0","0","0","--","--","--","--"," ","0.00","0.47","25","0.48","10","0.00",
="03770U","貿聯國票51售05","1,000","1","160","0.16","0.16","0.16","0.16","X","0.00","0.15","25","0.16","10","0.00",
="03771U","台灣50國泰51售02","8,000","1","480","0.06","0.06","0.06","0.06","-","0.02","0.05","508","0.06","100","0.00",
="03772U","南亞科國泰52售02","148,000","7","53,300","0.34","0.40","0.34","0.35"," ","0.00","0.34","499","0.35","10","0.00",
="03773U","台灣50凱基4C售09","14,000","4","2,280","0.18","0.18","0.15","0.15","-","0.06","0.14","100","0.15","10","0.00",
="03774U","台灣50凱基4C售10","0","0","0","--","--","--","--"," ","0.00","0.07","100","0.08","10","0.00",
="03775U","台灣50凱基54售04","0","0","0","--","--","--","--"," ","0.00","0.36","100","0.37","10","0.00",
="03776U","台灣50凱基54售05","0","0","0","--","--","--","--"," ","0.00","0.38","100","0.39","10","0.00",
="03777U","佳能凱基4C售03","0","0","0","--","--","--","--"," ","0.00","0.01","1,264","0.11","11","0.00",
="03778U","南亞科凱基4C售10","1,000","1","230","0.23","0.23","0.23","0.23","+","0.01","0.20","10","1.20","50","0.00",
="03779U","臺股指凱基59售05","90,000","4","76,400","0.85","0.85","0.84","0.84","X","0.00","0.82","100","0.83","10","0.00",
="03780U","台灣50富邦56售02","204,000","3","81,600","0.40","0.40","0.40","0.40","-","0.04","0.39","100","0.40","98","0.00",
="03781U","台灣50台新4C售01","0","0","0","--","--","--","--"," ","0.00","0.03","20","0.04","10","0.00",
="03782U","台灣50元大4C售06","0","0","0","--","--","--","--"," ","0.00","0.06","100","0.12","10","0.00",
="03783U","台灣50元大4C售07","0","0","0","--","--","--","--"," ","0.00","0.14","100","0.15","10","0.00",
="03784U","台灣50元大4C售08","281,000","2","16,860","0.06","0.06","0.06","0.06","X","0.00","0.06","100","0.11","10","0.00",
="03785U","奇鋐元大4C售22","0","0","0","--","--","--","--"," ","0.00","0.24","499","0.26","200","0.00",
="03786U","臺股指元大51售10","0","0","0","--","--","--","--"," ","0.00","0.13","100","0.14","10","0.00",
="03787U","臺股指元大53售02","10,000","1","1,500","0.15","0.15","0.15","0.15","-","0.01","0.14","100","0.15","10","0.00",
="03788U","台灣50凱基51售03","136,000","2","14,960","0.11","0.11","0.11","0.11","-","0.03","0.09","100","0.10","10","0.00",
="03789U","台灣50凱基55售03","66,000","5","22,100","0.35","0.35","0.33","0.33","X","0.00","0.33","10","--","0","0.00",
="03790U","貿聯凱基51售03","0","0","0","--","--","--","--"," ","0.00","0.15","100","0.20","10","0.00",
="03791U","達興凱基4C售04","0","0","0","--","--","--","--"," ","0.00","0.22","10","0.23","10","0.00",
="03792U","勤誠凱基4C售06","16,000","1","4,960","0.31","0.31","0.31","0.31","X","0.00","0.30","10","0.31","50","0.00",
="03793U","臺股指凱基53售08","0","0","0","--","--","--","--"," ","0.00","0.12","100","0.13","10","0.00",
="03794U","台灣50元富4C售11","0","0","0","--","--","--","--"," ","0.00","0.01","524","0.10","10","0.00",
="03795P","台積電統一4C售07","0","0","0","--","--","--","--"," ","0.00","0.01","10","0.02","10","0.00",
="03795U","台灣50元富4C售12","0","0","0","--","--","--","--"," ","0.00","0.07","199","0.10","10","0.00",
="03796P","台積電統一4C售08","0","0","0","--","--","--","--"," ","0.00","0.01","745","0.02","10","0.00",
="03796U","穎崴元富4C售03","0","0","0","--","--","--","--"," ","0.00","0.11","25","0.14","25","0.00",
="03797U","世紀鋼元富4C售05","0","0","0","--","--","--","--"," ","0.00","8.80","25","8.90","25","0.00",
="03798U","群臺2X國票52售01","0","0","0","--","--","--","--"," ","0.00","0.39","25","0.41","10","0.00",
="03799U","中砂國票51售04","0","0","0","--","--","--","--"," ","0.00","0.31","25","0.32","10","0.00",
="03800U","玉晶光國票4C售04","0","0","0","--","--","--","--"," ","0.00","0.49","25","0.50","10","0.00",
="03801U","來億國票4C售02","0","0","0","--","--","--","--"," ","0.00","2.60","25","2.63","10","0.00",
="03802U","世紀鋼國票52售04","0","0","0","--","--","--","--"," ","0.00","2.52","25","2.53","10","0.00",
="03803U","SGBR2X國泰51售02","0","0","0","--","--","--","--"," ","0.00","1.41","499","1.42","250","0.00",
="03804U","台積電國泰51售10","38,000","2","9,580","0.26","0.26","0.25","0.25","-","0.07","0.07","142","--","0","0.00",
="03805U","台灣50富邦52售02","5,000","1","450","0.09","0.09","0.09","0.09","X","0.00","0.08","100","0.09","98","0.00",
="03806U","台灣50富邦54售03","262,000","5","41,120","0.16","0.16","0.15","0.15","X","0.00","0.14","100","0.15","98","0.00",
="03807U","日本2X永豐4C售01","19,000","1","2,470","0.13","0.13","0.13","0.13","-","0.01","0.12","43","0.13","10","0.00",
="03808U","元石油永豐4C售01","0","0","0","--","--","--","--"," ","0.00","0.82","499","0.83","10","0.00",
="03809U","達興永豐51售02","29,000","5","5,800","0.21","0.21","0.19","0.19","X","0.00","0.18","10","0.19","10","0.00",
="03810U","欣興群益51售02","60,000","2","3,000","0.05","0.05","0.05","0.05","X","0.00","0.04","100","0.05","100","0.00",
="03811U","新日興群益4C售05","0","0","0","--","--","--","--"," ","0.00","0.30","1","--","0","0.00",
="03812U","群創群益53售01","0","0","0","--","--","--","--"," ","0.00","0.19","100","0.20","100","0.00",
="03813U","達興群益51售05","0","0","0","--","--","--","--"," ","0.00","--","0","--","0","0.00",
="03814U","祥碩群益4C售03","77,000","2","115,400","1.49","1.50","1.49","1.50","+","0.01","0.77","12","--","0","0.00",
="03815U","上銀元大4C售02","10,000","1","12,500","1.25","1.25","1.25","1.25","+","0.01","1.27","499","1.28","200","0.00",
="03816U","牧德元大4C售06","0","0","0","--","--","--","--"," ","0.00","0.86","25","0.87","10","0.00",
="03817U","東陽國票4C售03","0","0","0","--","--","--","--"," ","0.00","1.25","25","1.26","10","0.00",
="03818U","華城國票51售03","0","0","0","--","--","--","--"," ","0.00","0.39","25","0.40","10","0.00",
="03819U","順德國票51售03","0","0","0","--","--","--","--"," ","0.00","0.31","25","0.32","10","0.00",
="03820U","致茂國票51售02","10,000","1","900","0.09","0.09","0.09","0.09","X","0.00","0.08","25","0.09","10","0.00",
="03821U","健策國票51售03","0","0","0","--","--","--","--"," ","0.00","0.04","25","0.13","10","0.00",
="03822U","世芯國票51售04","2,000","2","1,040","0.52","0.52","0.52","0.52","+","0.05","0.56","25","0.57","10","0.00",
="03823U","祥碩國票51售01","0","0","0","--","--","--","--"," ","0.00","1.80","25","1.81","10","0.00",
="03824U","保瑞國票4C售03","20,000","2","21,300","1.07","1.07","1.06","1.06","-","0.03","1.04","25","1.06","10","0.00",
="03825U","FBNQ2X永豐52售01","0","0","0","--","--","--","--"," ","0.00","0.88","10","0.89","10","0.00",
="03826U","奇鋐永豐4C售04","0","0","0","--","--","--","--"," ","0.00","0.30","499","0.31","10","0.00",
="03827U","SGBR2X元富4C售06","0","0","0","--","--","--","--"," ","0.00","2.43","25","2.44","25","0.00",
="03828U","SGBR2X元富56售02","0","0","0","--","--","--","--"," ","0.00","3.17","25","3.18","25","0.00",
="03829U","鴻海元富4C售10","0","0","0","--","--","--","--"," ","0.00","0.04","25","0.10","10","0.00",
="03830U","鴻海元富4C售11","0","0","0","--","--","--","--"," ","0.00","0.06","30","0.10","10","0.00",
="03831U","大立光元富4C售02","0","0","0","--","--","--","--"," ","0.00","0.71","25","0.73","25","0.00",
="03832U","新日興元富4C售04","0","0","0","--","--","--","--"," ","0.00","--","0","--","0","0.00",
="03833U","華城群益52售01","0","0","0","--","--","--","--"," ","0.00","0.18","10","0.28","10","0.00",
="03834U","川湖群益4C售04","0","0","0","--","--","--","--"," ","0.00","0.13","10","0.23","10","0.00",
="03835U","國巨群益52售03","12,000","2","1,740","0.07","0.16","0.07","0.16","+","0.10","0.07","25","0.20","10","0.00",
="03836U","台光電群益52售03","0","0","0","--","--","--","--"," ","0.00","--","0","--","0","0.00",
="03837U","奇鋐群益4C售08","0","0","0","--","--","--","--"," ","0.00","--","0","--","0","0.00",
="03838U","緯創群益4C售05","0","0","0","--","--","--","--"," ","0.00","0.09","21","--","0","0.00",
="03839U","華擎群益4C售02","0","0","0","--","--","--","--"," ","0.00","0.17","25","0.18","10","0.00",
="03840U","健策群益4C售02","0","0","0","--","--","--","--"," ","0.00","0.05","70","--","0","0.00",
="03841U","穎崴群益4C售04","0","0","0","--","--","--","--"," ","0.00","0.28","100","0.30","100","0.00",
="03842U","緯穎群益4C售07","0","0","0","--","--","--","--"," ","0.00","--","0","--","0","0.00",
="03843U","南電群益4C售02","80,000","3","2,400","0.03","0.03","0.03","0.03"," ","0.00","0.02","250","0.03","137","0.00",
="03844U","台塑凱基51售02","0","0","0","--","--","--","--"," ","0.00","1.19","10","1.20","10","0.00",
="03845U","南亞科凱基54售02","4,000","1","1,200","0.30","0.30","0.30","0.30","-","0.10","0.30","4","0.45","4","0.00",
="03846U","欣興凱基4C售06","0","0","0","--","--","--","--"," ","0.00","0.01","599","0.11","10","0.00",
="03847U","勤誠富邦52售02","10,000","1","2,900","0.29","0.29","0.29","0.29","X","0.00","0.29","30","0.30","10","0.00",
="03848U","勤誠富邦54售03","198,000","3","61,380","0.31","0.31","0.31","0.31","X","0.00","0.31","30","0.32","10","0.00",
="03849U","群臺2X元大4C售02","0","0","0","--","--","--","--"," ","0.00","0.11","499","0.12","10","0.00",
="03850U","玉晶光元大4C售04","0","0","0","--","--","--","--"," ","0.00","0.40","499","0.41","10","0.00",
="03851U","達興元大4C售10","0","0","0","--","--","--","--"," ","0.00","0.08","499","0.09","200","0.00",
="03852U","迅得元大4C售05","0","0","0","--","--","--","--"," ","0.00","0.36","499","0.37","200","0.00",
="03853U","洋基元大4C售02","0","0","0","--","--","--","--"," ","0.00","0.12","499","0.13","200","0.00",
="03854U","元黃金永豐56售01","0","0","0","--","--","--","--"," ","0.00","0.31","499","0.32","10","0.00",
="03855U","佳能永豐53售02","50,000","1","3,500","0.07","0.07","0.07","0.07","-","0.02","0.07","210","0.10","110","0.00",
="03856U","技嘉國票51售02","0","0","0","--","--","--","--"," ","0.00","0.73","25","0.74","10","0.00",
="03857U","台光電國票51售06","400,000","1","20,000","0.05","0.05","0.05","0.05","X","0.00","0.04","25","0.05","10","0.00",
="03858U","大立光國票51售04","0","0","0","--","--","--","--"," ","0.00","0.48","25","0.49","10","0.00",
="03859U","華晶科國票51售01","0","0","0","--","--","--","--"," ","0.00","0.21","25","0.22","10","0.00",
="03860U","新日興國票51售03","0","0","0","--","--","--","--"," ","0.00","0.99","25","1.00","10","0.00",
="03861U","玉晶光國票51售02","0","0","0","--","--","--","--"," ","0.00","0.44","25","0.45","10","0.00",
="038621","聯發科統一4C購03","60,000","5","12,650","0.22","0.22","0.19","0.19","-","0.04","0.19","1","--","0","1,375.00",
="038623","長榮統一56購02","222,000","9","54,400","0.25","0.25","0.24","0.24","-","0.02","0.24","162","0.25","11","182.00",
="038629","世芯統一56購01","0","0","0","--","--","--","--"," ","0.00","0.92","10","0.98","10","3,700.00",
="03862U","牧德國票51售04","0","0","0","--","--","--","--"," ","0.00","0.59","25","0.60","10","0.00",
="038630","世芯統一56購02","536,000","7","398,360","0.79","0.79","0.74","0.74","-","0.05","0.73","32","0.75","10","3,700.00",
="03863U","貿聯國票51售06","0","0","0","--","--","--","--"," ","0.00","0.16","25","0.17","10","0.00",
="03864U","jpp國票51售05","0","0","0","--","--","--","--"," ","0.00","0.15","25","0.16","10","0.00",
="03865U","亞翔國票4C售02","1,000","1","840","0.84","0.84","0.84","0.84","X","0.00","0.79","25","0.80","10","0.00",
="03866U","亞翔國票51售01","0","0","0","--","--","--","--"," ","0.00","0.73","25","0.74","10","0.00",
="03867U","勤誠國票4C售04","0","0","0","--","--","--","--"," ","0.00","0.47","25","0.48","10","0.00",
="03868U","勤誠國票52售03","0","0","0","--","--","--","--"," ","0.00","0.66","25","0.67","10","0.00",
="03869U","勤誠國票53售02","0","0","0","--","--","--","--"," ","0.00","0.74","25","0.75","10","0.00",
="03870U","勤誠國票56售02","0","0","0","--","--","--","--"," ","0.00","0.73","25","0.74","10","0.00",
="03871U","FBNQ2X元富4C售05","0","0","0","--","--","--","--"," ","0.00","0.49","25","0.50","25","0.00",
="03872U","群臺2X凱基51售02","0","0","0","--","--","--","--"," ","0.00","0.17","100","0.18","10","0.00",
="03873U","台光電凱基4C售12","0","0","0","--","--","--","--"," ","0.00","0.03","100","0.13","10","0.00",
="03874U","南亞科凱基53售02","241,000","10","50,710","0.21","0.23","0.20","0.20"," ","0.00","0.19","10","0.23","48","0.00",
="03875U","聯茂凱基4C售05","0","0","0","--","--","--","--"," ","0.00","0.67","100","0.68","10","0.00",
="03876U","SGBR2X元大4C售07","0","0","0","--","--","--","--"," ","0.00","1.60","499","1.65","10","0.00",
="03877U","台光電元大4C售20","0","0","0","--","--","--","--"," ","0.00","0.10","499","0.11","200","0.00",
="03878U","南亞科元大4C售11","0","0","0","--","--","--","--"," ","0.00","0.08","25","0.09","10","0.00",
="03879U","南亞科元大4C售12","39,000","5","21,020","0.58","0.58","0.52","0.52","-","0.10","0.52","36","0.53","10","0.00",
="03880U","奇鋐元大4C售24","0","0","0","--","--","--","--"," ","0.00","0.11","499","0.12","200","0.00",
="03881U","富世達元大4C售04","3,000","1","840","0.28","0.28","0.28","0.28","-","0.09","0.30","499","0.31","200","0.00",
="03882U","臺股指元大4C售34","0","0","0","--","--","--","--"," ","0.00","0.34","499","0.35","10","0.00",
="03883U","臺股指元大4C售35","0","0","0","--","--","--","--"," ","0.00","0.16","100","0.26","10","0.00",
="03884U","臺股指元大51售14","0","0","0","--","--","--","--"," ","0.00","0.39","499","0.40","10","0.00",
="03885U","臺股指元大53售04","40,000","1","10,400","0.26","0.26","0.26","0.26","X","0.00","0.25","100","0.26","10","0.00",
="03886U","臺指2X群益4C售02","8,000","2","590","0.08","0.08","0.07","0.07","-","0.02","0.07","25","0.08","10","0.00",
="03887U","漢唐群益51售02","0","0","0","--","--","--","--"," ","0.00","0.01","1,497","0.40","50","0.00",
="03888U","陽明群益4C售08","0","0","0","--","--","--","--"," ","0.00","1.99","100","2.01","100","0.00",
="03889U","訊芯群益51售01","0","0","0","--","--","--","--"," ","0.00","--","0","--","0","0.00",
="03890U","台灣50國票4C售03","0","0","0","--","--","--","--"," ","0.00","0.31","25","0.32","10","0.00",
="03891U","香港2X國票51售03","0","0","0","--","--","--","--"," ","0.00","0.63","25","0.64","10","0.00",
="03892U","牧德國票52售01","0","0","0","--","--","--","--"," ","0.00","0.66","25","0.67","10","0.00",
="03893U","漢唐元富4C售06","0","0","0","--","--","--","--"," ","0.00","0.01","499","--","0","0.00",
="03894U","jpp元富4C售03","0","0","0","--","--","--","--"," ","0.00","0.38","25","0.39","25","0.00",
="038957","世芯元富56購01","173,000","13","156,530","0.94","0.94","0.87","0.88","-","0.07","0.87","164","0.88","25","3,700.00",
="03895U","亞翔元富4C售03","0","0","0","--","--","--","--"," ","0.00","0.70","25","0.71","25","0.00",
="03896U","滬深2X凱基4C售03","0","0","0","--","--","--","--"," ","0.00","0.04","10","0.14","10","0.00",
="03897U","漢唐凱基4C售06","0","0","0","--","--","--","--"," ","0.00","--","0","0.10","10","0.00",
="03898U","長榮航凱基4C售01","0","0","0","--","--","--","--"," ","0.00","0.61","100","0.62","30","0.00",
="03899U","緯創凱基4C售09","22,000","1","12,980","0.59","0.59","0.59","0.59","X","0.00","0.63","100","0.64","10","0.00",
="03900U","世芯凱基51售13","40,000","3","15,200","0.38","0.38","0.38","0.38","+","0.05","0.38","120","0.39","50","0.00",
="03901U","亞翔凱基4C售03","0","0","0","--","--","--","--"," ","0.00","0.57","100","0.58","30","0.00",
="03902U","台灣50元大4C售10","0","0","0","--","--","--","--"," ","0.00","0.03","100","0.13","10","0.00",
="03903U","台灣50元大4C售11","0","0","0","--","--","--","--"," ","0.00","0.07","100","0.17","10","0.00",
="03904U","元石油元大4C售03","50,000","1","39,500","0.79","0.79","0.79","0.79","X","0.00","0.78","499","0.79","100","0.00",
="03905U","台積電元大4C售31","118,000","6","26,120","0.25","0.25","0.22","0.22","-","0.07","0.01","499","--","0","0.00",
="03906U","金像電元大4C售14","160,000","4","29,300","0.18","0.19","0.18","0.18","-","0.05","0.18","499","0.19","250","0.00",
="03907U","台灣50群益4C售07","221,000","2","6,630","0.03","0.03","0.03","0.03","-","0.02","0.03","120","0.05","100","0.00",
="03908U","台灣50群益4C售08","77,000","3","6,930","0.09","0.09","0.09","0.09","-","0.03","0.08","102","0.09","100","0.00",
="03909U","台灣50群益51售02","0","0","0","--","--","--","--"," ","0.00","0.01","10","0.19","10","0.00",
="03910U","台灣50群益52售01","0","0","0","--","--","--","--"," ","0.00","0.02","299","0.17","10","0.00",
="03911U","台灣50群益52售02","0","0","0","--","--","--","--"," ","0.00","0.02","299","0.19","10","0.00",
="03912U","國泰金群益4C售04","0","0","0","--","--","--","--"," ","0.00","0.53","100","0.54","100","0.00",
="03913U","大立光群益52售04","0","0","0","--","--","--","--"," ","0.00","0.58","10","0.68","10","0.00",
="03914U","信邦群益4C售01","40,000","2","17,400","0.43","0.44","0.43","0.44","-","0.02","0.44","10","0.54","10","0.00",
="03915U","華晶科群益4C售02","10,000","1","1,300","0.13","0.13","0.13","0.13","X","0.00","0.13","10","0.23","10","0.00",
="03916U","辛耘群益51售02","0","0","0","--","--","--","--"," ","0.00","--","0","--","0","0.00",
="03917U","貿聯群益52售02","300,000","1","87,000","0.29","0.29","0.29","0.29","X","0.00","0.10","30","--","0","0.00",
="03918U","亞翔群益51售03","0","0","0","--","--","--","--"," ","0.00","0.26","100","0.27","100","0.00",
="03919U","富邦金中信4C售02","0","0","0","--","--","--","--"," ","0.00","0.05","10","0.06","10","0.00",
="03920U","台積電永豐53售03","0","0","0","--","--","--","--"," ","0.00","0.09","111","--","0","0.00",
="03921U","緯穎永豐4C售08","0","0","0","--","--","--","--"," ","0.00","0.49","499","0.50","10","0.00",
="03922U","大立光富邦53售02","0","0","0","--","--","--","--"," ","0.00","0.60","10","0.61","10","0.00",
="03923U","台灣50元富4C售13","0","0","0","--","--","--","--"," ","0.00","0.02","25","0.10","120","0.00",
="03924U","台灣50元富4C售14","60,000","3","2,600","0.05","0.05","0.04","0.04","X","0.00","0.03","110","0.10","10","0.00",
="03925U","士電元富4C售02","0","0","0","--","--","--","--"," ","0.00","1.33","25","1.35","25","0.00",
="03926U","台積電元富56售06","3,000","1","1,830","0.61","0.61","0.61","0.61","X","0.00","0.30","9","--","0","0.00",
="03927U","台積電元富56售07","0","0","0","--","--","--","--"," ","0.00","2.65","3","--","0","0.00",
="03928U","金像電元富4C售05","0","0","0","--","--","--","--"," ","0.00","0.02","25","0.10","70","0.00",
="03929U","元黃金國票54售03","0","0","0","--","--","--","--"," ","0.00","0.43","25","0.44","10","0.00",
="03930U","川湖國票51售02","1,700,000","7","187,000","0.11","0.11","0.11","0.11"," ","0.00","0.11","25","0.12","10","0.00",
="03931U","楠梓電國票51售03","0","0","0","--","--","--","--"," ","0.00","0.03","225","0.08","30","0.00",
="03932U","南亞科國票51售06","0","0","0","--","--","--","--"," ","0.00","0.06","50","0.08","198","0.00",
="03933U","萬海國票51售05","0","0","0","--","--","--","--"," ","0.00","1.37","25","1.38","10","0.00",
="03934U","健策國票51售04","0","0","0","--","--","--","--"," ","0.00","0.04","25","0.07","10","0.00",
="03935U","亞翔國票51售03","0","0","0","--","--","--","--"," ","0.00","1.26","25","1.27","10","0.00",
="03936U","亞翔國票53售02","0","0","0","--","--","--","--"," ","0.00","1.03","25","1.04","10","0.00",
="03937U","台灣50凱基53售03","50,000","1","7,000","0.14","0.14","0.14","0.14","-","0.02","0.12","100","0.13","10","0.00",
="03938U","元石油凱基4C售03","0","0","0","--","--","--","--"," ","0.00","1.17","100","1.18","50","0.00",
="03939P","台積電凱基54售02","162,000","3","14,580","0.09","0.09","0.09","0.09","-","0.02","0.09","100","0.19","10","0.00",
="03939U","冠德凱基4C售01","185,000","1","185,000","1.00","1.00","1.00","1.00","+","0.02","0.99","10","1.00","10","0.00",
="03940P","台積電凱基54售03","0","0","0","--","--","--","--"," ","0.00","0.02","299","0.11","10","0.00",
="03940U","華航凱基4C售02","0","0","0","--","--","--","--"," ","0.00","0.91","10","0.92","10","0.00",
="03941P","台積電凱基54售04","0","0","0","--","--","--","--"," ","0.00","0.03","100","0.05","30","0.00",
="03941U","玉晶光凱基51售03","0","0","0","--","--","--","--"," ","0.00","0.62","10","0.72","10","0.00",
="03942U","世紀鋼凱基4C售03","72,000","2","126,320","1.78","1.78","1.74","1.74","-","0.05","1.84","10","1.86","10","0.00",
="03943U","滬深2X元大53售05","251,000","26","113,530","0.47","0.49","0.42","0.49","+","0.03","0.47","250","0.48","100","0.00",
="03944U","世芯元大4C售14","0","0","0","--","--","--","--"," ","0.00","--","0","--","0","0.00",
="03945U","祥碩元大4C售05","0","0","0","--","--","--","--"," ","0.00","1.84","25","1.86","10","0.00",
="03946U","T50正2群益4C售07","0","0","0","--","--","--","--"," ","0.00","0.28","25","0.29","10","0.00",
="03947U","T50正2群益51售04","25,000","4","6,350","0.26","0.26","0.24","0.24","-","0.05","0.24","25","0.25","10","0.00",
="03948U","T50正2群益51售05","0","0","0","--","--","--","--"," ","0.00","0.20","25","0.21","10","0.00",
="03949U","聚陽群益53售01","0","0","0","--","--","--","--"," ","0.00","--","0","--","0","0.00",
="03950U","華通群益53售01","0","0","0","--","--","--","--"," ","0.00","0.22","100","0.23","100","0.00",
="03951U","智邦群益4C售05","0","0","0","--","--","--","--"," ","0.00","0.08","2","--","0","0.00",
="03952U","玉晶光群益54售01","0","0","0","--","--","--","--"," ","0.00","0.17","6","--","0","0.00",
="03953U","緯穎群益4C售08","9,000","1","7,470","0.83","0.83","0.83","0.83"," ","0.00","0.31","32","--","0","0.00",
="03954U","台積電富邦53售01","0","0","0","--","--","--","--"," ","0.00","0.06","100","0.07","10","0.00",
="03955U","台積電中信53售03","0","0","0","--","--","--","--"," ","0.00","0.90","499","0.92","10","0.00",
="03956U","聯發科中信4C售06","77,000","1","55,440","0.72","0.72","0.72","0.72","+","0.04","0.73","499","0.74","10","0.00",
="03957U","臺股指中信54售03","0","0","0","--","--","--","--"," ","0.00","0.26","499","0.27","100","0.00",
="03958C","元債2X元大51牛02","7,000","2","11,990","1.71","1.73","1.71","1.73","+","0.01","1.72","100","1.73","50","7.35",
="03958U","緯穎永豐4C售10","0","0","0","--","--","--","--"," ","0.00","0.22","499","0.23","10","0.00",
="03959U","富邦金元富53售02","0","0","0","--","--","--","--"," ","0.00","0.63","25","0.64","25","0.00",
="03960U","緯創元富4C售06","0","0","0","--","--","--","--"," ","0.00","0.92","25","0.93","25","0.00",
="03961U","創意元富4C售10","20,000","1","25,200","1.26","1.26","1.26","1.26","X","0.00","1.21","25","--","0","0.00",
="039621","川湖國票4A購01","0","0","0","--","--","--","--"," ","0.00","10.10","25","11.10","10","3,220.00",
="03962U","臺股指國泰53售01","0","0","0","--","--","--","--"," ","0.00","0.15","499","0.16","100","0.00",
="03963C","臺股指富邦52牛02","14,000","10","67,270","4.73","4.85","4.73","4.85","+","0.19","4.81","499","4.82","100","26,247.37",
="03963U","臺股指國泰53售02","0","0","0","--","--","--","--"," ","0.00","0.08","499","0.09","100","0.00",
="03964C","臺股指元大54牛03","0","0","0","--","--","--","--"," ","0.00","3.00","100","3.10","10","26,247.37",
="03964U","偉訓國票4C售02","0","0","0","--","--","--","--"," ","0.00","0.59","25","0.60","10","0.00",
="03965C","臺股指元大54牛04","60,000","1","354,000","5.90","5.90","5.90","5.90","X","0.00","5.90","100","6.40","10","26,247.37",
="03965U","欣興國票52售04","12,000","2","2,160","0.18","0.18","0.18","0.18","-","0.02","0.19","25","0.20","10","0.00",
="03966C","臺股指凱基4C牛14","0","0","0","--","--","--","--"," ","0.00","9.65","100","9.70","10","26,247.37",
="03966U","玉晶光國票52售01","17,000","8","17,520","1.03","1.05","1.02","1.02","+","0.03","1.01","27","1.02","10","0.00",
="03967C","臺股指富邦54牛01","30,000","4","125,700","4.13","4.23","4.13","4.20","X","0.00","4.19","499","4.20","100","26,247.37",
="03967U","精銳國票52售01","18,000","10","21,970","1.21","1.23","1.19","1.22","+","0.01","1.21","25","1.22","10","0.00",
="03968C","臺股指元大4C牛15","0","0","0","--","--","--","--"," ","0.00","3.14","100","3.24","10","26,247.37",
="03968U","訊連國票52售02","0","0","0","--","--","--","--"," ","0.00","0.77","25","0.78","10","0.00",
="03969C","臺股指元大51牛06","9,000","1","24,210","2.69","2.69","2.69","2.69","X","0.00","2.72","100","2.73","10","26,247.37",
="03969U","ITH國票52售01","0","0","0","--","--","--","--"," ","0.00","1.57","25","1.58","10","0.00",
="03970C","臺股指凱基4B牛27","300,000","2","1,605,000","5.35","5.35","5.35","5.35","X","0.00","5.35","100","5.40","10","26,247.37",
="03970U","華城群益4C售08","0","0","0","--","--","--","--"," ","0.00","0.64","10","0.74","10","0.00",
="03971C","臺股指富邦52牛06","0","0","0","--","--","--","--"," ","0.00","3.21","499","3.22","100","26,247.37",
="03971U","川湖群益4C售07","0","0","0","--","--","--","--"," ","0.00","0.15","10","0.25","10","0.00",
="03972C","元債2X凱基58牛01","550,000","5","902,000","1.64","1.64","1.64","1.64","+","0.01","1.63","499","1.64","479","7.35",
="03972U","國巨群益4C售01","0","0","0","--","--","--","--"," ","0.00","0.07","25","0.17","10","0.00",
="03973C","臺股指富邦54牛05","0","0","0","--","--","--","--"," ","0.00","3.07","499","3.08","100","26,247.37",
="03973U","宏碁群益53售01","3,000","1","2,610","0.87","0.87","0.87","0.87","X","0.00","0.85","10","0.95","10","0.00",
="03974C","臺股指凱基55牛06","2,000","2","9,200","4.54","4.66","4.54","4.66","+","0.22","4.62","100","4.63","10","26,247.37",
="03974U","英業達群益53售01","0","0","0","--","--","--","--"," ","0.00","--","0","--","0","0.00",
="03975C","元債2X富邦53牛01","0","0","0","--","--","--","--"," ","0.00","1.61","100","1.62","100","7.35",
="03975U","台光電群益4C售12","0","0","0","--","--","--","--"," ","0.00","--","0","--","0","0.00",
="03976C","臺股指元大52牛04","116,000","8","284,290","2.41","2.47","2.41","2.47","+","0.12","2.44","100","2.45","10","26,247.37",
="03976U","華航群益4C售01","0","0","0","--","--","--","--"," ","0.00","0.87","100","0.88","100","0.00",
="03977C","臺股指凱基52牛08","60,000","1","255,000","4.25","4.25","4.25","4.25","+","0.07","4.36","100","4.37","10","26,247.37",
="03977U","奇鋐群益53售01","10,000","1","1,200","0.12","0.12","0.12","0.12","X","0.00","0.07","32","--","0","0.00",
="03978C","臺股指富邦55牛02","0","0","0","--","--","--","--"," ","0.00","2.71","499","2.72","100","26,247.37",
="03978U","世芯群益4C售20","20,000","1","8,000","0.40","0.40","0.40","0.40","+","0.06","0.12","83","--","0","0.00",
="03979C","臺股指凱基55牛08","0","0","0","--","--","--","--"," ","0.00","6.90","100","6.95","10","26,247.37",
="03979U","T50正2凱基52售03","0","0","0","--","--","--","--"," ","0.00","0.30","100","0.31","10","0.00",
="03980C","臺股指富邦56牛07","95,000","12","234,180","2.39","2.49","2.39","2.49","+","0.15","2.45","50","2.46","30","26,247.37",
="03980U","T50正2凱基53售02","0","0","0","--","--","--","--"," ","0.00","0.23","100","0.24","10","0.00",
="03981C","臺股指凱基55牛09","73,000","3","257,070","3.51","3.63","3.50","3.63","+","0.23","3.59","100","3.60","10","26,247.37",
="03981U","金像電凱基52售01","0","0","0","--","--","--","--"," ","0.00","0.19","100","0.29","10","0.00",
="03982C","臺股指元大55牛06","1,000","1","2,020","2.02","2.02","2.02","2.02","X","0.00","2.01","100","2.02","10","26,247.37",
="03982U","南亞科凱基4C售11","0","0","0","--","--","--","--"," ","0.00","0.01","10","0.11","10","0.00",
="03983C","T50反1富邦56牛01","0","0","0","--","--","--","--"," ","0.00","1.02","100","1.03","100","18.29",
="03983U","大立光凱基52售02","0","0","0","--","--","--","--"," ","0.00","1.05","100","1.07","10","0.00",
="039844","台積電凱基56購01","536,000","15","989,810","1.77","1.86","1.77","1.86","+","0.20","1.82","100","1.92","10","1,340.00",
="03984C","T50反1凱基57牛03","809,000","5","1,512,250","1.87","1.87","1.79","1.79","-","0.23","1.79","100","1.80","10","18.29",
="03984U","緯穎凱基4C售11","0","0","0","--","--","--","--"," ","0.00","0.41","100","0.42","30","0.00",
="03985C","A50凱基57牛01","1,000","1","2,510","2.51","2.51","2.51","2.51","X","0.00","2.52","100","2.53","10","24.90",
="03985U","FBNQ2X元大4C售07","100,000","1","50,000","0.50","0.50","0.50","0.50","-","0.04","0.50","250","0.51","100","0.00",
="03986C","臺股指元大56牛14","81,000","4","148,920","1.82","1.84","1.82","1.84","+","0.10","1.83","115","1.84","10","26,247.37",
="03986U","金像電元大4C售15","0","0","0","--","--","--","--"," ","0.00","0.14","499","0.15","200","0.00",
="03987C","臺股指凱基55牛17","780,000","4","1,606,800","2.06","2.06","2.06","2.06","X","0.00","2.06","100","2.07","10","26,247.37",
="03987U","奇鋐元大4C售26","0","0","0","--","--","--","--"," ","0.00","0.29","499","0.31","200","0.00",
="03988C","臺股指富邦59牛03","163,000","16","328,290","1.95","2.05","1.95","2.02","+","0.14","2.01","50","2.02","30","26,247.37",
="03988U","達興元大4C售11","0","0","0","--","--","--","--"," ","0.00","0.39","499","0.40","200","0.00",
="03989U","緯穎元大4C售23","20,000","1","8,800","0.44","0.44","0.44","0.44"," ","0.00","0.43","499","0.44","200","0.00",
="03990U","富世達元大4C售05","0","0","0","--","--","--","--"," ","0.00","0.52","499","0.53","200","0.00",
="03991U","台積電統一53售10","0","0","0","--","--","--","--"," ","0.00","0.21","10","0.22","10","0.00",
="03992U","台灣50中信57售01","0","0","0","--","--","--","--"," ","0.00","0.65","499","0.66","100","0.00",
="03993U","T50正2中信53售02","0","0","0","--","--","--","--"," ","0.00","0.24","499","0.25","100","0.00",
="03994U","T50正2中信54售03","0","0","0","--","--","--","--"," ","0.00","0.39","499","0.40","100","0.00",
="03995U","T50正2中信55售01","2,485,000","24","1,117,650","0.46","0.46","0.44","0.44","-","0.05","0.43","104","0.44","100","0.00",
="03996U","台積電中信55售01","0","0","0","--","--","--","--"," ","0.00","0.61","10","0.62","10","0.00",
="03997U","台積電中信57售01","108,000","5","128,240","1.19","1.19","1.16","1.16","-","0.09","1.17","10","1.18","10","0.00",
="03998U","臺股指中信54售04","21,000","5","9,130","0.45","0.45","0.42","0.43","X","0.00","0.43","499","0.44","100","0.00",
="03999U","華邦電永豐51售03","15,000","2","850","0.05","0.15","0.05","0.15","+","0.04","0.05","6","0.11","10","0.00",
="04000U","大同永豐54售01","0","0","0","--","--","--","--"," ","0.00","1.08","499","1.09","10","0.00",
="04001U","世芯永豐52售04","10,000","1","2,500","0.25","0.25","0.25","0.25","X","0.00","0.27","10","0.28","10","0.00",
="04002U","廣宇元富51售01","0","0","0","--","--","--","--"," ","0.00","0.18","25","0.19","25","0.00",
="04003U","元黃金國票57售01","0","0","0","--","--","--","--"," ","0.00","0.38","25","0.39","10","0.00",
="04004U","道瓊銅國票53售02","0","0","0","--","--","--","--"," ","0.00","2.32","25","2.33","10","0.00",
="04005U","達興國票53售02","0","0","0","--","--","--","--"," ","0.00","0.20","25","0.21","10","0.00",
="04006U","富世達國票52售02","36,000","5","13,430","0.38","0.38","0.36","0.38","X","0.00","0.37","25","0.38","10","0.00",
="04007U","宇隆群益51售03","0","0","0","--","--","--","--"," ","0.00","0.38","25","0.39","10","0.00",
="040087","台積電凱基56購02","0","0","0","--","--","--","--"," ","0.00","1.91","100","2.00","2","1,340.00",
="04008U","訊連群益53售01","0","0","0","--","--","--","--"," ","0.00","0.08","57","--","0","0.00",
="04009U","台積電元大51售49","6,000","1","1,260","0.21","0.21","0.21","0.21","X","0.00","0.01","100","--","0","0.00",
="04010U","台積電元大51售50","351,000","3","64,180","0.19","0.19","0.18","0.18","-","0.06","0.01","499","0.28","8","0.00",
="04011U","長榮元大51售22","38,000","3","16,720","0.44","0.44","0.44","0.44","X","0.00","0.44","499","0.45","200","0.00",
="04012U","緯創元大51售06","275,000","5","175,450","0.63","0.66","0.63","0.66","-","0.05","0.66","499","0.67","200","0.00",
="04013U","世芯元大51售25","2,000","1","1,660","0.83","0.83","0.83","0.83","+","0.03","0.04","250","--","0","0.00",
="04014U","神達元大51售09","400,000","2","60,000","0.15","0.15","0.15","0.15","-","0.03","0.15","499","0.16","200","0.00",
="04015U","聚陽凱基52售01","0","0","0","--","--","--","--"," ","0.00","0.20","100","0.30","10","0.00",
="04016U","台光電凱基52售02","0","0","0","--","--","--","--"," ","0.00","0.03","100","0.13","10","0.00",
="04017U","聯發科凱基51售10","0","0","0","--","--","--","--"," ","0.00","0.43","100","0.44","10","0.00",
="04018U","長榮凱基51售09","30,000","1","35,700","1.19","1.19","1.19","1.19","X","0.00","1.20","499","--","0","0.00",
="04019U","奇鋐凱基51售06","0","0","0","--","--","--","--"," ","0.00","0.27","100","0.28","10","0.00",
="04020U","世芯凱基51售14","0","0","0","--","--","--","--"," ","0.00","0.67","100","0.68","30","0.00",
="04021U","創意富邦51售01","47,000","2","30,080","0.64","0.64","0.64","0.64","-","0.05","0.62","30","0.63","10","0.00",
="04022U","創意富邦53售02","0","0","0","--","--","--","--"," ","0.00","0.46","30","0.47","10","0.00",
="04023U","威盛凱基51售01","0","0","0","--","--","--","--"," ","0.00","1.28","10","1.29","10","0.00",
="040246","台積電凱基56購03","6,000","4","11,860","1.90","2.04","1.90","2.04","+","0.24","1.92","53","2.02","10","1,340.00",
="04024U","國泰金凱基52售01","0","0","0","--","--","--","--"," ","0.00","0.43","100","0.44","10","0.00",
="04025U","晟銘電凱基51售01","0","0","0","--","--","--","--"," ","0.00","0.63","100","0.64","10","0.00",
="04026U","上品凱基51售01","0","0","0","--","--","--","--"," ","0.00","0.27","10","0.28","10","0.00",
="04027U","台灣50台新51售01","0","0","0","--","--","--","--"," ","0.00","1.23","10","1.25","10","0.00",
="04028U","達興群益51售06","0","0","0","--","--","--","--"," ","0.00","--","0","--","0","0.00",
="04029U","樺漢中信51售01","0","0","0","--","--","--","--"," ","0.00","0.24","499","0.25","10","0.00",
="04030U","晟銘電永豐51售01","18,000","1","13,140","0.73","0.73","0.73","0.73","+","0.05","0.73","10","0.74","10","0.00",
="04031U","金像電元富51售01","0","0","0","--","--","--","--"," ","0.00","0.12","25","0.13","25","0.00",
="04032U","晟銘電元富51售03","81,000","1","119,070","1.47","1.47","1.47","1.47","X","0.00","1.55","25","1.57","25","0.00",
="04033U","辛耘元富51售01","0","0","0","--","--","--","--"," ","0.00","0.49","25","0.50","25","0.00",
="04034U","晟銘電國票51售03","0","0","0","--","--","--","--"," ","0.00","1.77","25","1.79","10","0.00",
="04035U","晟銘電國票52售02","0","0","0","--","--","--","--"," ","0.00","0.94","25","0.95","10","0.00",
="040365","鴻海統一49購07","79,000","2","790","0.01","0.01","0.01","0.01"," ","0.00","0.01","130","0.02","10","221.00",
="040366","台積電統一4A購03","183,000","27","246,270","1.21","1.40","1.21","1.40","+","0.22","1.32","10","1.33","10","1,340.00",
="040367","台積電統一4C購01","292,000","16","134,130","0.43","0.49","0.43","0.46","+","0.07","0.46","41","0.47","2","1,340.00",
="040368","台積電統一4C購02","317,000","21","292,870","0.89","0.94","0.88","0.93","+","0.13","0.89","10","0.90","10","1,340.00",
="040369","台積電統一56購02","537,000","15","272,480","0.50","0.53","0.50","0.53","+","0.06","0.53","100","0.54","100","1,340.00",
="04036U","時碩國票51售01","0","0","0","--","--","--","--"," ","0.00","1.24","25","1.25","10","0.00",
="040370","台積電統一56購03","256,000","5","266,230","1.03","1.06","1.03","1.06","+","0.12","1.02","10","1.03","10","1,340.00",
="04037U","富世達國票52售03","0","0","0","--","--","--","--"," ","0.00","0.51","25","0.52","10","0.00",
="04038U","世紀鋼國票52售05","0","0","0","--","--","--","--"," ","0.00","2.84","25","2.94","10","0.00",
="04039U","世芯國泰53售02","0","0","0","--","--","--","--"," ","0.00","0.52","10","0.62","10","0.00",
="04040U","台積電元大51售53","0","0","0","--","--","--","--"," ","0.00","0.02","2","0.09","2","0.00",
="04041U","台積電元大51售54","60,000","2","16,200","0.27","0.27","0.27","0.27","-","0.09","0.07","142","--","0","0.00",
="04042U","台光電元大51售06","2,000","1","400","0.20","0.20","0.20","0.20","-","0.05","0.19","499","0.20","200","0.00",
="040432","台積電凱基54購01","22,000","5","44,650","2.04","2.04","2.01","2.04","+","0.24","1.99","51","2.04","6","1,340.00",
="040433","台積電凱基56購04","34,000","7","59,610","1.72","1.76","1.72","1.76","+","0.20","1.72","100","1.82","10","1,340.00",
="040434","台積電凱基56購05","293,000","32","553,680","1.80","1.94","1.80","1.94","+","0.18","1.88","54","1.94","10","1,340.00",
="04043U","萬海元大51售06","0","0","0","--","--","--","--"," ","0.00","0.75","499","0.76","200","0.00",
="04044U","緯穎元大51售16","0","0","0","--","--","--","--"," ","0.00","0.44","499","0.45","200","0.00",
="04045U","臺股指元大51售15","0","0","0","--","--","--","--"," ","0.00","0.24","100","0.34","10","0.00",
="04046U","臺股指元大51售16","0","0","0","--","--","--","--"," ","0.00","0.13","100","0.23","10","0.00",
="04047U","臺股指元大51售17","200,000","1","60,000","0.30","0.30","0.30","0.30","X","0.00","0.28","499","0.29","10","0.00",
="04048U","臺股指元大51售18","10,000","1","1,600","0.16","0.16","0.16","0.16","X","0.00","0.15","100","0.19","25","0.00",
="04049U","宏達電凱基51售02","0","0","0","--","--","--","--"," ","0.00","0.04","100","0.11","16","0.00",
="04050U","新日興凱基51售01","0","0","0","--","--","--","--"," ","0.00","0.77","100","0.87","10","0.00",
="040516","元債2X元大4C購01","0","0","0","--","--","--","--"," ","0.00","0.02","100","0.07","90","7.35",
="04051U","緯穎凱基51售08","0","0","0","--","--","--","--"," ","0.00","0.13","100","0.14","50","0.00",
="04052U","臺股指凱基51售17","0","0","0","--","--","--","--"," ","0.00","0.14","100","0.15","10","0.00",
="04053U","臺股指凱基51售18","926,000","19","197,850","0.21","0.23","0.20","0.20","-","0.04","0.20","89","0.29","110","0.00",
="04054U","臺股指凱基52售07","129,000","2","42,620","0.34","0.34","0.33","0.33","-","0.08","0.32","100","0.33","10","0.00",
="04055U","T50正2元富51售07","0","0","0","--","--","--","--"," ","0.00","0.21","25","0.22","25","0.00",
="04056U","宏達電元富51售06","0","0","0","--","--","--","--"," ","0.00","0.08","20","0.19","73","0.00",
="040571","中砂統一4A購01","0","0","0","--","--","--","--"," ","0.00","0.03","10","0.10","10","339.00",
="040573","台達電統一49購02","1,000","1","3,330","3.33","3.33","3.33","3.33","+","0.09","3.19","10","3.20","10","893.00",
="040574","鴻海統一4C購04","0","0","0","--","--","--","--"," ","0.00","0.15","168","0.16","168","221.00",
="040575","鴻海統一4C購05","287,000","5","47,520","0.17","0.17","0.16","0.17","+","0.03","0.17","140","0.19","10","221.00",
="040576","鴻海統一56購02","541,000","29","198,010","0.36","0.38","0.36","0.37","+","0.03","0.36","40","0.37","300","221.00",
="040577","台積電統一4C購03","593,000","6","388,770","0.64","0.67","0.64","0.64","+","0.07","0.63","10","0.65","10","1,340.00",
="040578","台積電統一56購04","248,000","11","220,960","0.87","0.91","0.87","0.91","+","0.10","0.88","10","0.89","10","1,340.00",
="040579","燿華統一49購02","0","0","0","--","--","--","--"," ","0.00","--","0","--","0","27.50",
="04057U","T50正2國票51售02","0","0","0","--","--","--","--"," ","0.00","0.35","25","0.38","10","0.00",
="040585","大立光統一4A購01","0","0","0","--","--","--","--"," ","0.00","--","0","0.01","10","2,360.00",
="040587","晟銘電統一49購01","10,000","1","4,600","0.46","0.46","0.46","0.46","-","0.05","0.45","10","0.46","10","121.00",
="040588","晟銘電統一4A購01","0","0","0","--","--","--","--"," ","0.00","0.35","10","0.45","10","121.00",
="040589","德律統一4C購01","0","0","0","--","--","--","--"," ","0.00","0.28","10","0.29","10","189.00",
="04058U","華城國票52售02","4,000","1","2,760","0.69","0.69","0.69","0.69"," ","0.00","0.67","25","0.68","10","0.00",
="040590","德律統一4C購02","500,000","5","102,000","0.21","0.22","0.19","0.19","-","0.01","0.19","10","0.20","10","189.00",
="040591","華晶科統一4A購01","0","0","0","--","--","--","--"," ","0.00","0.39","10","0.40","15","52.80",
="040592","新日興統一49購02","0","0","0","--","--","--","--"," ","0.00","--","0","0.01","10","237.00",
="040593","貿聯統一49購01","0","0","0","--","--","--","--"," ","0.00","5.45","10","5.50","10","1,085.00",
="040596","世紀鋼統一4A購01","0","0","0","--","--","--","--"," ","0.00","--","0","--","0","171.50",
="04059U","天鈺國票51售02","0","0","0","--","--","--","--"," ","0.00","1.55","25","1.56","10","0.00",
="04060U","富世達國票52售04","5,000","1","1,750","0.35","0.35","0.35","0.35","-","0.04","0.32","25","0.33","10","0.00",
="04061U","元金2X中信53售01","0","0","0","--","--","--","--"," ","0.00","0.15","100","0.16","100","0.00",
="04062U","國泰金永豐52售01","0","0","0","--","--","--","--"," ","0.00","0.40","10","0.41","10","0.00",
="04063U","華擎永豐52售02","0","0","0","--","--","--","--"," ","0.00","0.85","10","0.86","10","0.00",
="04064U","世芯永豐51售06","299,000","1","152,490","0.51","0.51","0.51","0.51","+","0.08","0.51","499","0.52","10","0.00",
="04065U","穎崴永豐52售02","100,000","1","8,000","0.08","0.08","0.08","0.08"," ","0.00","0.06","10","0.08","100","0.00",
="040661","台積電凱基56購06","12,000","3","16,570","1.34","1.41","1.34","1.41","+","0.14","1.39","100","1.45","5","1,340.00",
="04066U","緯穎永豐51售04","0","0","0","--","--","--","--"," ","0.00","0.66","10","0.67","10","0.00",
="04067U","台灣50元大51售07","111,000","11","24,160","0.22","0.23","0.20","0.20","-","0.07","0.19","100","0.20","10","0.00",
="04068U","台灣50元大51售08","180,000","5","33,100","0.19","0.19","0.18","0.18","-","0.04","0.16","100","0.17","10","0.00",
="04069U","富邦金元大55售01","0","0","0","--","--","--","--"," ","0.00","0.17","499","0.18","50","0.00",
="04070U","國泰金元大51售01","0","0","0","--","--","--","--"," ","0.00","1.07","499","1.08","200","0.00",
="04071U","創意元大51售08","45,000","7","83,050","1.89","1.89","1.83","1.83","-","0.14","1.83","25","1.85","10","0.00",
="04072U","緯穎元大51售17","0","0","0","--","--","--","--"," ","0.00","0.10","499","0.11","200","0.00",
="04073U","勤誠元大51售01","0","0","0","--","--","--","--"," ","0.00","0.59","499","0.60","200","0.00",
="04074U","台積電群益51售13","250,000","2","105,000","0.42","0.42","0.42","0.42","-","0.10","0.11","90","--","0","0.00",
="04075U","台積電群益51售14","0","0","0","--","--","--","--"," ","0.00","0.07","10","--","0","0.00",
="04076U","迎廣群益51售02","0","0","0","--","--","--","--"," ","0.00","1.32","25","1.33","10","0.00",
="04077U","勤誠群益51售02","0","0","0","--","--","--","--"," ","0.00","0.37","10","0.47","10","0.00",
="04078U","奇鋐中信51售03","0","0","0","--","--","--","--"," ","0.00","0.10","10","0.11","10","0.00",
="04079U","日月光中信51售01","0","0","0","--","--","--","--"," ","0.00","0.19","499","0.20","10","0.00",
="04080U","元債2X永豐57售01","0","0","0","--","--","--","--"," ","0.00","0.95","10","0.96","10","0.00",
="04081U","智邦永豐52售01","0","0","0","--","--","--","--"," ","0.00","0.12","499","0.13","10","0.00",
="04082U","日月光群益51售01","0","0","0","--","--","--","--"," ","0.00","0.17","10","0.20","15","0.00",
="04083U","鴻海富邦51售07","0","0","0","--","--","--","--"," ","0.00","0.03","30","0.04","10","0.00",
="04084U","鴻海富邦53售03","1,000","1","100","0.10","0.10","0.10","0.10","X","0.00","0.09","31","0.10","10","0.00",
="04085U","華城凱基52售01","0","0","0","--","--","--","--"," ","0.00","0.74","10","0.84","10","0.00",
="04086U","台積電凱基51售20","0","0","0","--","--","--","--"," ","0.00","0.09","100","0.19","10","0.00",
="04087U","台積電凱基52售02","0","0","0","--","--","--","--"," ","0.00","0.32","100","0.42","10","0.00",
="04088U","台光電凱基51售05","0","0","0","--","--","--","--"," ","0.00","0.26","100","0.27","10","0.00",
="040897","健策國票4C購02","0","0","0","--","--","--","--"," ","0.00","3.99","25","6.00","2","2,355.00",
="04089U","創意凱基51售04","47,000","3","57,270","1.25","1.25","1.18","1.18","-","0.16","1.19","10","1.21","10","0.00",
="04090U","聯鈞元富51售03","0","0","0","--","--","--","--"," ","0.00","0.32","25","0.33","25","0.00",
="04091U","精成科元富51售03","101,000","2","21,200","0.20","0.21","0.20","0.21","X","0.00","0.20","25","0.21","25","0.00",
="04092U","和椿國票51售03","0","0","0","--","--","--","--"," ","0.00","0.54","25","0.55","10","0.00",
="04093U","和椿國票52售01","0","0","0","--","--","--","--"," ","0.00","0.33","25","0.34","10","0.00",
="04094U","連加國票52售01","0","0","0","--","--","--","--"," ","0.00","0.69","25","0.70","10","0.00",
="04095U","東哥國票51售02","0","0","0","--","--","--","--"," ","0.00","1.29","25","1.30","10","0.00",
="04096U","東哥國票53售02","0","0","0","--","--","--","--"," ","0.00","1.54","25","1.55","10","0.00",
="04097U","東哥國票55售02","0","0","0","--","--","--","--"," ","0.00","1.99","25","2.00","10","0.00",
="04098U","台灣50國泰53售01","0","0","0","--","--","--","--"," ","0.00","0.13","499","0.14","100","0.00",
="04099U","T50正2元大51售06","534,000","4","171,220","0.34","0.34","0.32","0.32","-","0.04","0.31","100","0.32","10","0.00",
="04100U","T50正2元大53售01","0","0","0","--","--","--","--"," ","0.00","0.17","100","0.18","10","0.00",
="04101U","道瓊銅元大51售02","0","0","0","--","--","--","--"," ","0.00","0.88","250","0.89","100","0.00",
="04102U","台積電元大51售57","0","0","0","--","--","--","--"," ","0.00","--","0","--","0","0.00",
="04103U","世芯元大51售30","19,000","5","4,570","0.24","0.26","0.23","0.26","+","0.03","0.21","1","--","0","0.00",
="04104U","勤誠元大51售03","0","0","0","--","--","--","--"," ","0.00","0.93","499","0.94","200","0.00",
="04105U","T50正2凱基54售01","0","0","0","--","--","--","--"," ","0.00","0.13","100","0.14","10","0.00",
="041068","聯發科元富57購01","10,000","1","4,900","0.49","0.49","0.49","0.49","X","0.00","0.45","25","0.46","25","1,375.00",
="04106U","川湖凱基52售01","40,000","2","3,200","0.08","0.08","0.08","0.08"," ","0.00","0.08","100","0.09","10","0.00",
="04107U","台達電凱基51售01","456,000","20","13,310","0.03","0.05","0.02","0.04","-","0.03","0.02","203","0.03","30","0.00",
="04108U","台積電凱基52售03","80,000","3","23,200","0.29","0.29","0.29","0.29","-","0.07","0.29","100","0.39","10","0.00",
="04109U","台積電凱基52售04","0","0","0","--","--","--","--"," ","0.00","0.12","100","0.22","10","0.00",
="04110U","日電貿凱基51售01","0","0","0","--","--","--","--"," ","0.00","0.90","10","0.91","30","0.00",
="04111U","世芯凱基51售15","581,000","6","346,790","0.59","0.61","0.59","0.61","-","0.01","0.65","100","0.66","30","0.00",
="041125","國巨統一51購01","101,000","18","42,210","0.42","0.49","0.39","0.41","-","0.01","0.40","76","0.46","13","176.00",
="041126","台積電統一57購01","626,000","24","285,770","0.45","0.47","0.45","0.46","+","0.05","0.46","5","0.48","4","1,340.00",
="041129","聯發科統一4B購02","360,000","5","33,200","0.10","0.10","0.08","0.08","-","0.03","0.08","120","0.10","60","1,375.00",
="04112U","楠梓電元富51售03","1,497,000","3","69,860","0.03","0.08","0.03","0.08","-","0.01","0.03","200","0.08","40","0.00",
="041132","長榮統一4B購01","0","0","0","--","--","--","--"," ","0.00","0.08","10","0.09","10","182.00",
="041134","玉晶光統一4C購01","0","0","0","--","--","--","--"," ","0.00","0.01","10","0.02","15","443.50",
="041137","大眾控統一4B購01","15,000","2","150","0.01","0.01","0.01","0.01","-","0.01","0.01","10","0.05","8","42.10",
="04113U","富邦金元富51售02","0","0","0","--","--","--","--"," ","0.00","0.60","25","0.61","25","0.00",
="04114U","力積電元富51售02","5,387,000","96","2,142,100","0.50","0.51","0.33","0.44","-","0.20","0.42","18","0.45","45","0.00",
="04115U","臺股指元富51售15","0","0","0","--","--","--","--"," ","0.00","0.29","25","0.30","25","0.00",
="04116U","台積電國票51售10","18,000","4","5,710","0.32","0.32","0.30","0.30","X","0.00","0.28","25","--","0","0.00",
="04117U","台積電國票52售02","0","0","0","--","--","--","--"," ","0.00","0.38","25","0.41","10","0.00",
="04118U","富世達國票52售05","0","0","0","--","--","--","--"," ","0.00","0.38","25","0.39","10","0.00",
="04119U","台達電國泰53售01","171,000","5","9,960","0.05","0.06","0.05","0.06","X","0.00","0.06","59","0.07","210","0.00",
="04120U","臺指2X群益51售01","82,000","11","18,850","0.23","0.23","0.22","0.23","-","0.04","0.21","25","0.22","10","0.00",
="04121U","華城群益51售03","0","0","0","--","--","--","--"," ","0.00","0.66","10","0.76","10","0.00",
="04122U","台達電群益52售01","0","0","0","--","--","--","--"," ","0.00","0.02","2","0.08","19","0.00",
="04123U","台積電群益51售15","0","0","0","--","--","--","--"," ","0.00","0.03","10","--","0","0.00",
="04124U","台積電群益51售16","0","0","0","--","--","--","--"," ","0.00","0.01","100","--","0","0.00",
="04125U","台光電群益51售07","0","0","0","--","--","--","--"," ","0.00","0.03","1","--","0","0.00",
="04126U","創意群益51售05","20,000","2","15,100","0.74","0.77","0.74","0.77","-","0.09","0.36","27","--","0","0.00",
="04127U","精成科群益51售03","0","0","0","--","--","--","--"," ","0.00","--","0","--","0","0.00",
="04128U","台達電台新51售02","15,000","1","1,050","0.07","0.07","0.07","0.07"," ","0.00","0.04","99","0.08","10","0.00",
="04129U","元黃金中信51售01","0","0","0","--","--","--","--"," ","0.00","0.14","499","0.15","100","0.00",
="04130U","台光電中信51售01","410,000","5","91,600","0.26","0.26","0.22","0.23","X","0.00","0.23","10","0.24","10","0.00",
="04131U","世芯中信52售02","0","0","0","--","--","--","--"," ","0.00","0.25","30","0.26","30","0.00",
="041321","聯發科元富57購02","220,000","3","92,400","0.42","0.42","0.42","0.42","-","0.02","0.40","25","0.41","25","1,375.00",
="041322","聯發科元富57購03","169,000","13","69,840","0.42","0.42","0.41","0.41","-","0.03","0.40","35","0.41","25","1,375.00",
="04132U","力積電中信51售02","2,918,000","55","560,810","0.24","0.25","0.18","0.18","-","0.12","0.17","120","0.18","20","0.00",
="04133U","臺股指中信51售10","1,497,000","3","119,760","0.08","0.08","0.08","0.08","-","0.03","0.07","499","0.17","100","0.00",
="04134U","南亞科元大51售08","90,000","4","26,700","0.30","0.31","0.28","0.28","-","0.02","0.27","25","0.28","10","0.00",
="04135U","亞翔元大51售05","0","0","0","--","--","--","--"," ","0.00","0.35","499","0.36","200","0.00",
="04136U","富世達元大51售03","0","0","0","--","--","--","--"," ","0.00","0.38","499","0.39","200","0.00",
="04137U","台達電富邦51售02","0","0","0","--","--","--","--"," ","0.00","--","0","0.03","10","0.00",
="04138U","台積電富邦53售02","259,000","5","77,700","0.30","0.30","0.30","0.30","-","0.05","0.29","30","0.30","10","0.00",
="04139U","台積電富邦53售03","0","0","0","--","--","--","--"," ","0.00","0.14","30","0.15","10","0.00",
="04140U","T50正2永豐52售03","850,000","5","157,900","0.19","0.20","0.18","0.18","X","0.00","0.17","10","0.19","10","0.00",
="04141U","世芯永豐51售08","0","0","0","--","--","--","--"," ","0.00","0.19","10","0.20","10","0.00",
="04142U","緯穎永豐51售05","499,000","1","104,790","0.21","0.21","0.21","0.21","X","0.00","0.21","499","0.22","10","0.00",
="04143U","台積電台新51售01","0","0","0","--","--","--","--"," ","0.00","1.09","10","1.11","10","0.00",
="04144U","川湖群益57售01","0","0","0","--","--","--","--"," ","0.00","0.11","10","0.21","10","0.00",
="04145U","台達電群益52售02","0","0","0","--","--","--","--"," ","0.00","--","0","0.05","10","0.00",
="04146U","台積電群益55售01","42,000","1","5,460","0.13","0.13","0.13","0.13","X","0.00","--","0","--","0","0.00",
="04147U","富邦金群益51售02","0","0","0","--","--","--","--"," ","0.00","--","0","--","0","0.00",
="04148U","創意群益52售02","58,000","1","40,600","0.70","0.70","0.70","0.70","-","0.10","0.35","28","--","0","0.00",
="04149U","世芯群益51售08","5,000","1","1,500","0.30","0.30","0.30","0.30","+","0.04","0.04","250","--","0","0.00",
="04150U","亞翔群益52售01","0","0","0","--","--","--","--"," ","0.00","0.14","100","0.15","100","0.00",
="04151U","勤誠群益51售04","0","0","0","--","--","--","--"," ","0.00","0.53","10","0.63","10","0.00",
="04152U","鴻準元富51售02","0","0","0","--","--","--","--"," ","0.00","0.99","25","1.00","25","0.00",
="04153U","景碩元富51售01","5,000","1","1,500","0.30","0.30","0.30","0.30","X","0.00","0.29","25","0.30","25","0.00",
="04154U","富邦金國泰52售01","100,000","1","82,000","0.82","0.82","0.82","0.82","X","0.00","0.81","10","0.82","10","0.00",
="04155U","中砂國票52售02","0","0","0","--","--","--","--"," ","0.00","0.87","25","0.88","10","0.00",
="04156U","川湖國票52售03","0","0","0","--","--","--","--"," ","0.00","0.12","25","0.13","10","0.00",
="04157U","華邦電國票52售03","1,522,000","35","81,070","0.10","0.10","0.05","0.08","-","0.03","0.05","320","0.08","177","0.00",
="04158U","台光電國票52售01","900,000","4","135,000","0.15","0.15","0.15","0.15","X","0.00","0.16","25","0.17","10","0.00",
="04159U","文曄國票51售01","0","0","0","--","--","--","--"," ","0.00","0.73","25","0.74","10","0.00",
="04160U","台積電元大51售60","0","0","0","--","--","--","--"," ","0.00","0.02","499","0.11","10","0.00",
="04161U","台積電元大51售61","0","0","0","--","--","--","--"," ","0.00","--","0","--","0","0.00",
="04162U","金像電元大51售05","40,000","3","10,800","0.27","0.27","0.27","0.27","-","0.03","0.28","499","0.29","200","0.00",
="04163U","技嘉元大51售03","13,000","1","10,010","0.77","0.77","0.77","0.77","X","0.00","0.76","499","0.77","200","0.00",
="04164U","南亞科元大51售09","0","0","0","--","--","--","--"," ","0.00","0.04","25","0.14","10","0.00",
="04165U","南亞科元大51售10","34,000","6","8,590","0.27","0.28","0.25","0.25"," ","0.00","0.24","25","0.25","10","0.00",
="04166U","可成元大51售01","14,000","1","14,280","1.02","1.02","1.02","1.02","X","0.00","0.07","65","--","0","0.00",
="04167U","萬海元大51售08","0","0","0","--","--","--","--"," ","0.00","1.06","499","1.07","200","0.00",
="04168U","奇鋐元大51售18","27,000","5","12,990","0.45","0.54","0.45","0.54","-","0.02","0.54","499","0.56","200","0.00",
="04169U","文曄元大51售02","0","0","0","--","--","--","--"," ","0.00","0.37","499","0.38","200","0.00",
="04170U","世芯元大51售31","42,000","6","25,700","0.60","0.66","0.60","0.66","+","0.02","0.01","499","--","0","0.00",
="04171U","緯穎元大51售19","0","0","0","--","--","--","--"," ","0.00","0.13","499","0.14","200","0.00",
="04172U","臺股指元大51售20","0","0","0","--","--","--","--"," ","0.00","0.34","499","0.35","10","0.00",
="04173U","臺股指元大51售21","0","0","0","--","--","--","--"," ","0.00","0.16","100","0.17","10","0.00",
="04174U","臺股指元大51售22","0","0","0","--","--","--","--"," ","0.00","0.21","499","0.22","10","0.00",
="04175U","臺股指元大52售07","50,000","1","22,500","0.45","0.45","0.45","0.45"," ","0.00","0.38","100","0.43","10","0.00",
="04176U","臺股指元大52售08","23,000","3","7,300","0.33","0.33","0.30","0.31","X","0.00","0.31","100","0.32","10","0.00",
="04177U","臺股指元大52售09","296,000","10","85,240","0.28","0.29","0.27","0.27","-","0.04","0.26","100","0.27","9","0.00",
="04178U","臺股指元大54售10","238,000","14","74,350","0.33","0.33","0.30","0.31","-","0.04","0.31","100","0.32","10","0.00",
="04179U","台積電凱基52售05","0","0","0","--","--","--","--"," ","0.00","0.17","100","0.27","10","0.00",
="04180U","欣興凱基51售03","899,000","9","90,900","0.10","0.11","0.10","0.11","-","0.01","0.11","100","0.12","50","0.00",
="04181U","精成科凱基51售05","0","0","0","--","--","--","--"," ","0.00","0.12","100","--","0","0.00",
="04182U","矽格凱基51售02","0","0","0","--","--","--","--"," ","0.00","0.21","10","0.31","10","0.00",
="04183U","台灣50元富51售04","430,000","11","135,550","0.35","0.35","0.30","0.32","-","0.10","0.30","25","0.31","25","0.00",
="04184U","台積電元富51售09","10,000","1","5,000","0.50","0.50","0.50","0.50","X","0.00","0.10","18","--","0","0.00",
="04185U","臺股指元富51售16","0","0","0","--","--","--","--"," ","0.00","0.31","25","0.32","25","0.00",
="04186U","美指2X國票57售01","0","0","0","--","--","--","--"," ","0.00","0.43","25","0.44","10","0.00",
="04187U","華城國票52售03","0","0","0","--","--","--","--"," ","0.00","0.44","25","0.45","10","0.00",
="04188U","金像電國票52售02","0","0","0","--","--","--","--"," ","0.00","0.14","25","0.15","10","0.00",
="04189U","亞光國票52售01","0","0","0","--","--","--","--"," ","0.00","0.34","25","0.35","10","0.00",
="04190U","亞光國票53售01","5,000","1","1,300","0.26","0.26","0.26","0.26","+","0.01","0.25","25","0.26","10","0.00",
="04191U","創意國票52售01","5,000","1","3,350","0.67","0.67","0.67","0.67","X","0.00","0.68","25","0.69","10","0.00",
="04192U","世芯國票51售05","0","0","0","--","--","--","--"," ","0.00","1.12","25","1.13","10","0.00",
="04193U","臺股指國泰51售01","0","0","0","--","--","--","--"," ","0.00","0.12","499","0.14","100","0.00",
="04194U","華邦電凱基51售02","1,645,000","36","44,920","0.04","0.08","0.02","0.08","-","0.01","0.04","10","0.08","63","0.00",
="04195U","華碩凱基51售01","132,000","8","79,720","0.61","0.62","0.59","0.61","-","0.02","0.60","100","0.70","10","0.00",
="04196U","技嘉凱基51售02","0","0","0","--","--","--","--"," ","0.00","1.18","100","1.19","10","0.00",
="04197U","富邦金凱基51售01","0","0","0","--","--","--","--"," ","0.00","0.52","10","0.62","10","0.00",
="04198U","文曄凱基51售02","45,000","1","27,450","0.61","0.61","0.61","0.61","-","0.02","0.60","100","0.61","10","0.00",
="04199U","達興凱基52售02","0","0","0","--","--","--","--"," ","0.00","0.20","10","0.21","10","0.00",
="04200U","南電凱基51售03","0","0","0","--","--","--","--"," ","0.00","0.01","1,499","0.03","130","0.00",
="04201U","臺股指凱基51售19","3,047,000","12","451,640","0.15","0.15","0.14","0.15","X","0.00","0.14","100","0.15","9","0.00",
="04202U","臺股指凱基54售11","0","0","0","--","--","--","--"," ","0.00","0.33","100","0.34","10","0.00",
="04203U","中砂群益56售01","0","0","0","--","--","--","--"," ","0.00","0.50","10","0.60","10","0.00",
="04204U","川湖群益52售01","0","0","0","--","--","--","--"," ","0.00","0.02","10","0.12","10","0.00",
="04205U","台積電群益55售02","2,000","1","480","0.24","0.24","0.24","0.24","X","0.00","0.07","13","--","0","0.00",
="04206U","華邦電群益51售03","33,000","2","840","0.02","0.20","0.02","0.20","X","0.00","0.02","100","0.19","499","0.00",
="04207U","鴻準群益57售01","0","0","0","--","--","--","--"," ","0.00","1.18","10","1.28","10","0.00",
="04208U","台光電群益51售09","90,000","3","9,000","0.10","0.10","0.10","0.10"," ","0.00","0.05","200","0.10","10","0.00",
="04209U","精成科群益51售04","0","0","0","--","--","--","--"," ","0.00","--","0","--","0","0.00",
="04210U","勤誠群益54售01","0","0","0","--","--","--","--"," ","0.00","0.28","10","0.38","10","0.00",
="04211U","台積電永豐51售09","0","0","0","--","--","--","--"," ","0.00","0.23","10","--","0","0.00",
="04212U","大立光永豐51售02","18,000","1","4,140","0.23","0.23","0.23","0.23"," ","0.00","0.21","499","0.22","10","0.00",
="04213U","台灣50富邦52售04","87,000","2","12,650","0.15","0.15","0.13","0.13","-","0.05","0.13","100","0.14","98","0.00",
="04214U","台灣50富邦53售05","0","0","0","--","--","--","--"," ","0.00","0.10","100","0.11","98","0.00",
="04215U","台達電富邦55售01","1,000","1","40","0.04","0.04","0.04","0.04","+","0.01","0.02","1,580","0.03","10","0.00",
="04216U","臺股指富邦52售12","5,000","1","1,350","0.27","0.27","0.27","0.27","-","0.05","0.26","499","0.27","100","0.00",
="04217U","臺股指富邦52售13","0","0","0","--","--","--","--"," ","0.00","0.28","499","0.29","100","0.00",
="04218U","臺股指富邦53售08","0","0","0","--","--","--","--"," ","0.00","0.29","499","0.30","100","0.00",
="04219U","台灣50元大51售10","0","0","0","--","--","--","--"," ","0.00","0.36","499","0.37","10","0.00",
="04220U","台灣50元大51售11","0","0","0","--","--","--","--"," ","0.00","0.22","499","0.23","10","0.00",
="04221U","台灣50元大51售12","0","0","0","--","--","--","--"," ","0.00","0.19","499","0.20","10","0.00",
="04222U","台積電元大51售64","0","0","0","--","--","--","--"," ","0.00","0.01","998","0.11","10","0.00",
="04223U","台積電元大51售65","0","0","0","--","--","--","--"," ","0.00","--","0","--","0","0.00",
="04224U","世芯元大51售35","0","0","0","--","--","--","--"," ","0.00","--","0","--","0","0.00",
="04225U","勤誠元大51售04","0","0","0","--","--","--","--"," ","0.00","0.40","499","0.41","200","0.00",
="04226U","勤誠元大51售05","0","0","0","--","--","--","--"," ","0.00","0.74","499","0.75","200","0.00",
="04227U","聯發科中信53售02","0","0","0","--","--","--","--"," ","0.00","0.76","499","0.78","10","0.00",
="04228U","臺股指中信53售12","0","0","0","--","--","--","--"," ","0.00","0.40","499","0.41","100","0.00",
="04229U","智邦凱基51售04","40,000","2","6,000","0.15","0.15","0.15","0.15","-","0.02","0.14","100","0.15","50","0.00",
="04230U","金像電凱基51售02","20,000","1","3,000","0.15","0.15","0.15","0.15","-","0.02","0.15","10","0.24","10","0.00",
="04231U","台光電凱基52售03","300,000","3","48,700","0.17","0.19","0.16","0.19","X","0.00","0.18","100","0.19","30","0.00",
="04232U","亞光凱基51售07","0","0","0","--","--","--","--"," ","0.00","0.15","499","0.16","40","0.00",
="04233U","祥碩凱基51售02","51,000","2","99,710","1.96","1.96","1.95","1.95","-","0.04","1.97","100","1.99","10","0.00",
="04234U","緯穎凱基51售10","0","0","0","--","--","--","--"," ","0.00","0.08","100","0.09","50","0.00",
="04235U","鴻海富邦55售01","700,000","4","63,000","0.09","0.09","0.09","0.09","-","0.01","0.08","340","0.09","10","0.00",
="04236U","台積電富邦55售06","150,000","15","26,800","0.18","0.18","0.17","0.17","-","0.04","0.15","40","--","0","0.00",
="04237U","聯發科富邦55售02","0","0","0","--","--","--","--"," ","0.00","0.38","30","0.39","10","0.00",
="04238U","世芯富邦53售04","47,000","3","15,040","0.32","0.32","0.32","0.32","X","0.00","0.34","10","0.35","10","0.00",
="04239U","南亞科元大51售13","0","0","0","--","--","--","--"," ","0.00","0.08","25","0.09","10","0.00",
="04240U","南電元大51售03","0","0","0","--","--","--","--"," ","0.00","0.10","499","0.11","200","0.00",
="04241U","川湖元富51售02","0","0","0","--","--","--","--"," ","0.00","0.07","25","0.10","10","0.00",
="04242U","國巨元富51售04","0","0","0","--","--","--","--"," ","0.00","0.21","25","0.22","25","0.00",
="04243U","台光電元富51售05","0","0","0","--","--","--","--"," ","0.00","0.10","25","0.11","25","0.00",
="04244U","滬深2X國票52售02","0","0","0","--","--","--","--"," ","0.00","0.22","25","0.23","10","0.00",
="04245U","大立光國票52售01","0","0","0","--","--","--","--"," ","0.00","0.26","25","0.27","10","0.00",
="04246U","貿聯國票52售02","0","0","0","--","--","--","--"," ","0.00","0.31","25","0.33","10","0.00",
="04247U","南電國票52售02","0","0","0","--","--","--","--"," ","0.00","0.03","25","0.09","10","0.00",
="04248U","奇鋐國泰53售01","0","0","0","--","--","--","--"," ","0.00","0.40","499","0.42","499","0.00",
="04249U","華城群益54售05","11,000","2","2,310","0.21","0.21","0.21","0.21","X","0.00","0.21","10","0.31","10","0.00",
="04250U","台積電群益55售03","10,000","1","1,000","0.10","0.10","0.10","0.10","X","0.00","0.02","30","--","0","0.00",
="04251U","華碩群益52售02","50,000","1","28,500","0.57","0.57","0.57","0.57","-","0.01","0.54","10","0.64","10","0.00",
="04252U","技嘉群益52售02","0","0","0","--","--","--","--"," ","0.00","0.37","10","0.47","10","0.00",
="04253U","台光電群益54售03","0","0","0","--","--","--","--"," ","0.00","0.01","499","--","0","0.00",
="04254U","奇鋐群益51售04","0","0","0","--","--","--","--"," ","0.00","0.08","30","0.33","85","0.00",
="04255U","世芯群益51售11","0","0","0","--","--","--","--"," ","0.00","0.09","15","--","0","0.00",
="04256U","達興群益51售07","0","0","0","--","--","--","--"," ","0.00","0.01","998","--","0","0.00",
="04257U","緯穎群益53售03","0","0","0","--","--","--","--"," ","0.00","0.04","50","0.11","25","0.00",
="04258U","連加群益52售02","0","0","0","--","--","--","--"," ","0.00","0.97","25","0.98","10","0.00",
="04259U","南電群益55售01","647,000","9","134,470","0.19","0.23","0.19","0.23"," ","0.00","0.22","25","0.23","10","0.00",
="04260U","台灣50永豐51售04","499,000","1","64,870","0.13","0.13","0.13","0.13","X","0.00","0.12","10","0.13","10","0.00",
="04261U","滬深2X永豐51售05","0","0","0","--","--","--","--"," ","0.00","0.09","10","0.10","10","0.00",
="04262U","美指2X永豐52售01","0","0","0","--","--","--","--"," ","0.00","0.49","499","0.50","10","0.00",
="04263U","金像電永豐52售04","1,212,000","18","308,490","0.19","0.26","0.19","0.26","+","0.05","0.27","4","--","0","0.00",
="04264U","漢唐永豐52售02","550,000","2","117,000","0.22","0.22","0.20","0.20"," ","0.00","0.12","100","--","0","0.00",
="04265U","聯發科永豐52售03","14,000","3","10,970","0.78","0.79","0.78","0.79","+","0.06","0.81","499","0.82","10","0.00",
="04266U","牧德永豐53售02","0","0","0","--","--","--","--"," ","0.00","1.17","10","1.19","10","0.00",
="04267U","貿聯永豐52售08","0","0","0","--","--","--","--"," ","0.00","0.44","499","0.45","10","0.00",
="04268U","台積電群益54售14","0","0","0","--","--","--","--"," ","0.00","0.07","142","--","0","0.00",
="04269U","智邦群益51售05","0","0","0","--","--","--","--"," ","0.00","0.05","30","--","0","0.00",
="04270U","聯發科群益51售10","74,000","2","87,320","1.18","1.18","1.18","1.18","+","0.06","0.39","25","--","0","0.00",
="04271U","臻鼎群益53售02","0","0","0","--","--","--","--"," ","0.00","0.02","30","0.17","10","0.00",
="04272U","勤誠群益51售06","6,000","6","4,360","0.74","0.75","0.70","0.75","-","0.04","0.74","10","0.84","10","0.00",
="04273U","T50正2元大51售08","5,000","1","700","0.14","0.14","0.14","0.14","X","0.00","0.14","499","0.15","10","0.00",
="04274U","電子類元大51售01","0","0","0","--","--","--","--"," ","0.00","0.18","100","0.19","10","0.00",
="04275U","晟銘電國票52售04","0","0","0","--","--","--","--"," ","0.00","1.70","25","1.71","10","0.00",
="04276U","滬深2X元富51售02","0","0","0","--","--","--","--"," ","0.00","0.24","25","0.25","25","0.00",
="04277U","嘉澤元富51售04","100,000","1","58,000","0.58","0.58","0.58","0.58","+","0.03","0.57","25","0.58","25","0.00",
="04278U","日月光元富51售02","118,000","2","40,920","0.34","0.36","0.34","0.36","-","0.05","0.35","25","0.36","25","0.00",
="04279U","臻鼎元富51售02","0","0","0","--","--","--","--"," ","0.00","0.02","25","0.08","98","0.00",
="04280U","緯穎元富51售07","0","0","0","--","--","--","--"," ","0.00","0.43","25","0.44","25","0.00",
="04281U","勤誠元富51售06","0","0","0","--","--","--","--"," ","0.00","0.49","25","0.50","25","0.00",
="04282U","勤誠元富51售07","0","0","0","--","--","--","--"," ","0.00","0.70","25","0.71","25","0.00",
="04283U","台灣50凱基51售04","4,000","2","1,180","0.31","0.31","0.28","0.28","-","0.10","0.27","100","0.28","10","0.00",
="04284U","喬山凱基51售02","23,000","1","26,910","1.17","1.17","1.17","1.17","+","0.11","1.17","10","1.19","10","0.00",
="04285U","上銀凱基51售03","23,000","1","21,160","0.92","0.92","0.92","0.92","+","0.11","0.93","10","0.94","10","0.00",
="042860","士電統一4B購01","0","0","0","--","--","--","--"," ","0.00","--","0","0.09","70","183.00",
="042861","士電統一4C購01","0","0","0","--","--","--","--"," ","0.00","0.03","10","0.10","45","183.00",
="042864","信錦統一4B購01","0","0","0","--","--","--","--"," ","0.00","--","0","--","0","69.40",
="042867","鴻海統一51購02","22,000","2","2,640","0.12","0.12","0.12","0.12","X","0.00","0.11","10","0.12","10","221.00",
="042868","鴻海統一53購09","0","0","0","--","--","--","--"," ","0.00","0.28","10","0.29","10","221.00",
="042869","鴻海統一57購01","418,000","9","62,730","0.15","0.16","0.15","0.16","+","0.01","0.15","260","0.16","102","221.00",
="04286U","鴻準凱基57售01","20,000","1","26,600","1.33","1.33","1.33","1.33","-","0.07","1.37","10","1.38","30","0.00",
="042872","台積電統一57購02","80,000","4","46,400","0.58","0.58","0.58","0.58","X","0.00","0.56","10","0.57","10","1,340.00",
="042873","台積電統一57購03","70,000","4","21,950","0.31","0.33","0.31","0.33","+","0.04","0.33","100","0.34","102","1,340.00",
="042875","燿華統一4B購01","0","0","0","--","--","--","--"," ","0.00","--","0","--","0","27.50",
="042877","聯發科統一4B購03","499,000","1","39,920","0.08","0.08","0.08","0.08","X","0.00","0.07","108","0.08","108","1,375.00",
="042878","聯發科統一57購01","131,000","4","42,230","0.32","0.33","0.32","0.33","-","0.01","0.31","10","0.32","10","1,375.00",
="04287U","聯詠凱基51售01","26,000","2","65,900","2.54","2.54","2.40","2.40","-","0.09","2.43","10","2.53","10","0.00",
="042880","大立光統一4B購01","0","0","0","--","--","--","--"," ","0.00","--","0","0.01","10","2,360.00",
="042881","大立光統一51購01","0","0","0","--","--","--","--"," ","0.00","0.04","60","0.05","10","2,360.00",
="042882","大立光統一57購01","531,000","10","16,250","0.04","0.04","0.03","0.04"," ","0.00","0.03","98","0.04","259","2,360.00",
="042883","晟銘電統一4B購01","150,000","1","16,500","0.11","0.11","0.11","0.11","-","0.02","0.11","10","0.12","10","121.00",
="042885","建漢統一4B購01","0","0","0","--","--","--","--"," ","0.00","--","0","--","0","24.10",
="042887","玉晶光統一4B購01","0","0","0","--","--","--","--"," ","0.00","--","0","--","0","443.50",
="042888","玉晶光統一4C購02","0","0","0","--","--","--","--"," ","0.00","--","0","0.01","10","443.50",
="042889","世芯統一57購01","25,000","1","30,500","1.22","1.22","1.22","1.22","-","0.05","1.14","10","1.15","10","3,700.00",
="04288U","台光電中信51售03","0","0","0","--","--","--","--"," ","0.00","0.11","499","0.12","10","0.00",
="042896","十銓統一4B購01","0","0","0","--","--","--","--"," ","0.00","--","0","--","0","88.50",
="042897","十銓統一4B購02","0","0","0","--","--","--","--"," ","0.00","--","0","--","0","88.50",
="042898","十銓統一4C購01","0","0","0","--","--","--","--"," ","0.00","0.01","10","0.03","10","88.50",
="042899","十銓統一4C購02","0","0","0","--","--","--","--"," ","0.00","0.02","10","0.07","10","88.50",
="04289U","T50正2凱基51售08","0","0","0","--","--","--","--"," ","0.00","0.18","100","0.19","10","0.00",
="042902","龍德船統一4B購01","604,000","10","108,180","0.19","0.19","0.16","0.16","-","0.05","0.16","13","0.17","10","151.50",
="04290U","元金2X凱基55售01","606,000","10","143,940","0.24","0.24","0.23","0.24","-","0.05","0.23","30","0.24","50","0.00",
="04291U","聯發科凱基51售12","36,000","2","28,020","0.77","0.80","0.77","0.80","+","0.08","0.83","100","0.84","10","0.00",
="04292U","中信金凱基55售01","0","0","0","--","--","--","--"," ","0.00","1.17","100","1.27","10","0.00",
="04293U","臻鼎凱基51售02","50,000","1","4,500","0.09","0.09","0.09","0.09","+","0.01","0.09","100","0.10","50","0.00",
="04294U","迅得凱基53售01","0","0","0","--","--","--","--"," ","0.00","0.48","100","0.49","30","0.00",
="04295U","富世達凱基51售03","0","0","0","--","--","--","--"," ","0.00","0.68","100","0.69","50","0.00",
="04296U","川湖永豐52售02","0","0","0","--","--","--","--"," ","0.00","0.19","10","0.20","10","0.00",
="04297U","台達電永豐52售01","0","0","0","--","--","--","--"," ","0.00","0.02","10","0.08","20","0.00",
="04298U","矽統永豐53售01","0","0","0","--","--","--","--"," ","0.00","0.76","499","0.77","10","0.00",
="04299U","技嘉永豐52售03","0","0","0","--","--","--","--"," ","0.00","1.21","499","1.22","10","0.00",
="04300U","台光電永豐51售06","0","0","0","--","--","--","--"," ","0.00","0.38","10","0.39","10","0.00",
="04301U","亞光永豐52售04","0","0","0","--","--","--","--"," ","0.00","0.48","499","0.49","10","0.00",
="04302U","欣興永豐51售04","0","0","0","--","--","--","--"," ","0.00","0.07","10","0.08","10","0.00",
="04303U","世芯永豐53售04","0","0","0","--","--","--","--"," ","0.00","0.76","10","0.77","10","0.00",
="04304U","祥碩永豐52售01","0","0","0","--","--","--","--"," ","0.00","2.11","499","2.13","10","0.00",
="04305U","南電永豐51售04","6,000","3","460","0.07","0.09","0.07","0.09","-","0.01","0.09","10","0.10","10","0.00",
="04306U","勤誠永豐53售04","0","0","0","--","--","--","--"," ","0.00","0.63","499","0.64","10","0.00",
="04307U","聯發科富邦51售08","121,000","3","65,340","0.54","0.54","0.54","0.54","X","0.00","0.57","30","0.58","10","0.00",
="043084","台積電凱基57購01","190,000","9","183,730","0.95","0.99","0.95","0.99","+","0.13","0.99","30","1.06","10","1,340.00",
="04308U","T50正2元富51售08","0","0","0","--","--","--","--"," ","0.00","0.06","25","0.10","10","0.00",
="04309U","鴻海元富51售04","0","0","0","--","--","--","--"," ","0.00","0.10","25","0.11","25","0.00",
="04310U","智邦元富51售04","0","0","0","--","--","--","--"," ","0.00","0.30","25","0.31","25","0.00",
="04311U","世芯元富51售12","24,000","2","15,880","0.66","0.67","0.66","0.67","+","0.05","0.70","25","0.71","25","0.00",
="04312U","南電元富51售01","0","0","0","--","--","--","--"," ","0.00","0.09","17","--","0","0.00",
="04313U","臺股指元富51售17","0","0","0","--","--","--","--"," ","0.00","0.58","25","0.59","25","0.00",
="04314U","臺股指元富51售18","0","0","0","--","--","--","--"," ","0.00","0.52","25","0.53","25","0.00",
="04315U","川湖國票53售01","13,000","1","2,990","0.23","0.23","0.23","0.23"," ","0.00","0.23","25","0.24","10","0.00",
="04316U","鴻海國票53售03","0","0","0","--","--","--","--"," ","0.00","0.06","25","0.07","10","0.00",
="04317P","A50正2凱基4A售01","0","0","0","--","--","--","--"," ","0.00","--","0","0.05","45","0.00",
="04317U","智邦國票52售03","0","0","0","--","--","--","--"," ","0.00","0.38","25","0.39","10","0.00",
="04318U","神基國票52售02","0","0","0","--","--","--","--"," ","0.00","0.15","25","0.16","10","0.00",
="04319U","健鼎國票52售01","10,000","1","3,900","0.39","0.39","0.39","0.39","X","0.00","0.39","25","0.40","10","0.00",
="04320U","世芯國票52售02","297,000","3","474,780","1.46","1.60","1.46","1.60","+","0.17","1.58","25","1.59","10","0.00",
="04321U","上緯控國票51售02","0","0","0","--","--","--","--"," ","0.00","0.74","25","0.75","10","0.00",
="04322U","勤誠國票52售04","0","0","0","--","--","--","--"," ","0.00","1.09","25","1.10","10","0.00",
="04323U","滬深2X群益53售03","0","0","0","--","--","--","--"," ","0.00","--","0","--","0","0.00",
="043249","美債2X永豐4A購01","0","0","0","--","--","--","--"," ","0.00","--","0","0.10","610","7.33",
="04324U","群臺2X群益51售01","0","0","0","--","--","--","--"," ","0.00","0.46","25","0.47","10","0.00",
="04325U","技嘉群益51售04","0","0","0","--","--","--","--"," ","0.00","0.62","10","0.72","10","0.00",
="04326U","技嘉群益51售05","0","0","0","--","--","--","--"," ","0.00","1.05","10","1.15","10","0.00",
="04327U","聯發科群益51售11","89,000","4","150,010","1.65","1.69","1.65","1.69","+","0.08","0.65","15","--","0","0.00",
="04328U","富世達群益51售03","0","0","0","--","--","--","--"," ","0.00","0.21","47","--","0","0.00",
="04329U","世紀鋼群益51售04","0","0","0","--","--","--","--"," ","0.00","1.41","25","1.49","10","0.00",
="04330U","世紀鋼群益54售04","0","0","0","--","--","--","--"," ","0.00","1.77","100","1.81","100","0.00",
="04331U","大立光元大51售12","21,000","1","15,540","0.74","0.74","0.74","0.74","-","0.01","0.73","499","0.75","200","0.00",
="04332U","臺股指元大51售25","0","0","0","--","--","--","--"," ","0.00","0.22","499","0.23","10","0.00",
="04333U","臺股指元大53售07","2,000","1","780","0.39","0.39","0.39","0.39","X","0.00","0.37","499","0.38","10","0.00",
="04334U","臺股指元大54售11","5,000","1","2,450","0.49","0.49","0.49","0.49","X","0.00","0.48","100","0.49","10","0.00",
="04335U","台灣50第一57售01","15,000","3","4,950","0.34","0.34","0.32","0.32","X","0.00","0.31","15","0.32","10","0.00",
="04336U","川湖凱基51售04","10,000","1","900","0.09","0.09","0.09","0.09","-","0.01","0.09","100","0.10","10","0.00",
="04337U","矽統凱基51售03","0","0","0","--","--","--","--"," ","0.00","0.31","10","0.32","40","0.00",
="04338U","王品凱基51售02","0","0","0","--","--","--","--"," ","0.00","0.86","10","0.87","10","0.00",
="04339U","貿聯凱基51售08","150,000","10","40,200","0.24","0.28","0.24","0.28","+","0.03","0.28","100","0.38","10","0.00",
="04340U","飛捷凱基51售03","26,000","1","32,500","1.25","1.25","1.25","1.25","X","0.00","1.24","100","1.26","10","0.00",
="04341U","緯穎凱基51售11","10,000","1","4,500","0.45","0.45","0.45","0.45","-","0.01","0.45","100","0.46","30","0.00",
="04342U","台灣50元富51售05","0","0","0","--","--","--","--"," ","0.00","0.10","25","0.11","25","0.00",
="04343U","台灣50元富51售06","1,132,000","10","180,320","0.17","0.17","0.14","0.15","-","0.06","0.14","25","0.15","10","0.00",
="04344U","台灣50元富51售07","0","0","0","--","--","--","--"," ","0.00","0.20","25","0.21","25","0.00",
="04345U","FB越南元富51售04","0","0","0","--","--","--","--"," ","0.00","0.30","25","0.31","25","0.00",
="04346U","聯發科元富51售13","128,000","2","84,760","0.65","0.67","0.65","0.67","+","0.06","0.69","25","0.70","25","0.00",
="043475","台積電凱基4A購05","75,000","4","35,600","0.42","0.49","0.42","0.49","+","0.15","0.45","100","0.55","10","1,340.00",
="04347U","聯發科元富51售14","152,000","3","149,560","0.96","1.00","0.96","1.00","+","0.10","1.02","25","1.03","25","0.00",
="04348U","聯發科元富51售15","103,000","4","121,330","1.17","1.21","1.17","1.21","+","0.08","1.24","25","1.26","25","0.00",
="04349U","富世達元富51售02","0","0","0","--","--","--","--"," ","0.00","0.64","25","0.65","25","0.00",
="04350U","FB越南國票52售01","0","0","0","--","--","--","--"," ","0.00","0.19","25","0.20","10","0.00",
="04351U","愛普國票51售01","0","0","0","--","--","--","--"," ","0.00","1.47","25","1.48","10","0.00",
="04352U","南電國票52售03","0","0","0","--","--","--","--"," ","0.00","0.09","5","0.16","10","0.00",
="04353U","台積電國泰52售04","0","0","0","--","--","--","--"," ","0.00","0.01","100","--","0","0.00",
="043541","全新統一4B購01","0","0","0","--","--","--","--"," ","0.00","0.01","10","0.03","10","160.00",
="043549","大立光統一57購02","0","0","0","--","--","--","--"," ","0.00","0.11","10","0.20","10","2,360.00",
="04354U","金像電國泰52售03","394,000","6","70,320","0.18","0.18","0.17","0.18","X","0.00","0.17","499","0.18","100","0.00",
="043554","景碩統一51購01","10,000","1","800","0.08","0.08","0.08","0.08","X","0.00","0.07","10","0.11","100","111.50",
="04355U","大立光國泰52售02","0","0","0","--","--","--","--"," ","0.00","0.74","499","0.75","100","0.00",
="043562","貿聯統一4B購01","0","0","0","--","--","--","--"," ","0.00","2.85","10","2.86","10","1,085.00",
="043569","瑞祺統一51購01","0","0","0","--","--","--","--"," ","0.00","0.02","10","0.10","10","86.90",
="04356U","亞光國泰52售01","0","0","0","--","--","--","--"," ","0.00","0.47","499","0.48","100","0.00",
="043572","保瑞統一4B購01","0","0","0","--","--","--","--"," ","0.00","0.06","10","0.07","10","693.00",
="043574","龍德船統一51購01","906,000","6","372,490","0.44","0.44","0.39","0.39","-","0.10","0.40","10","0.41","10","151.50",
="04357U","創意國泰52售04","44,000","1","39,600","0.90","0.90","0.90","0.90","-","0.03","0.89","499","0.90","100","0.00",
="04358U","貿聯國泰52售04","0","0","0","--","--","--","--"," ","0.00","0.18","30","0.51","499","0.00",
="04359U","緯穎國泰53售01","0","0","0","--","--","--","--"," ","0.00","0.64","10","0.65","10","0.00",
="04360U","台灣50永豐52售05","40,000","2","4,400","0.11","0.11","0.11","0.11","X","0.00","0.09","10","--","0","0.00",
="043615","元債2X國票4A購01","0","0","0","--","--","--","--"," ","0.00","0.01","25","0.02","10","7.35",
="04361U","大立光永豐51售04","18,000","1","8,820","0.49","0.49","0.49","0.49","+","0.01","0.46","499","0.47","10","0.00",
="04362U","健策永豐51售01","25,000","2","3,100","0.14","0.14","0.12","0.12","X","0.00","0.12","10","0.13","10","0.00",
="04363U","世芯永豐53售05","0","0","0","--","--","--","--"," ","0.00","1.14","10","1.15","10","0.00",
="04364U","臻鼎永豐51售01","0","0","0","--","--","--","--"," ","0.00","0.07","10","0.09","10","0.00",
="04365U","台灣50群益51售03","0","0","0","--","--","--","--"," ","0.00","0.21","30","0.30","10","0.00",
="04366U","台灣50群益54售05","0","0","0","--","--","--","--"," ","0.00","0.31","100","0.32","100","0.00",
="04367U","台灣50群益54售06","0","0","0","--","--","--","--"," ","0.00","0.61","100","0.62","100","0.00",
="04368U","迅得群益51售01","0","0","0","--","--","--","--"," ","0.00","0.38","10","0.48","10","0.00",
="04369U","富世達群益51售04","0","0","0","--","--","--","--"," ","0.00","--","0","--","0","0.00",
="04370U","臺股指群益51售06","0","0","0","--","--","--","--"," ","0.00","0.10","499","--","0","0.00",
="04371U","臺股指群益54售17","40,000","1","12,800","0.32","0.32","0.32","0.32","X","0.00","0.32","499","0.42","10","0.00",
="04372U","美時元大51售03","0","0","0","--","--","--","--"," ","0.00","1.38","499","1.39","200","0.00",
="04373U","川湖元大51售06","70,000","1","14,700","0.21","0.21","0.21","0.21"," ","0.00","0.23","499","0.24","200","0.00",
="04374U","台積電元大51售69","285,000","2","114,100","0.41","0.41","0.40","0.40","X","0.00","0.01","100","0.62","18","0.00",
="043750","國巨統一4B購01","149,000","7","22,180","0.12","0.18","0.12","0.12","-","0.10","0.11","10","0.24","6","176.00",
="043751","台積電統一4C購04","0","0","0","--","--","--","--"," ","0.00","0.45","10","0.46","10","1,340.00",
="043753","海悅統一4B購01","0","0","0","--","--","--","--"," ","0.00","--","0","0.05","10","89.00",
="043754","致茂統一4B購01","0","0","0","--","--","--","--"," ","0.00","1.04","10","1.14","10","614.00",
="04375U","台積電元大51售70","152,000","3","61,860","0.43","0.43","0.40","0.40","-","0.07","0.09","111","0.41","8","0.00",
="043760","瑞軒統一4B購01","0","0","0","--","--","--","--"," ","0.00","--","0","--","0","13.55",
="04376U","致茂元大51售02","10,000","2","2,300","0.24","0.24","0.22","0.22","-","0.07","0.24","499","0.25","200","0.00",
="043771","TPK統一4B購01","0","0","0","--","--","--","--"," ","0.00","0.01","10","0.10","33","39.30",
="043772","永崴控統一51購01","0","0","0","--","--","--","--"," ","0.00","0.01","10","0.10","10","34.30",
="043777","保瑞統一51購01","0","0","0","--","--","--","--"," ","0.00","0.13","10","0.14","10","693.00",
="04377U","金像電元大51售09","0","0","0","--","--","--","--"," ","0.00","0.39","499","0.40","200","0.00",
="04378U","技嘉元大51售05","0","0","0","--","--","--","--"," ","0.00","1.28","499","1.29","200","0.00",
="04379U","陽明元大51售05","35,000","4","81,150","2.32","2.32","2.31","2.31","+","0.05","2.34","350","2.35","200","0.00",
="04380U","萬海元大51售09","3,000","1","6,300","2.10","2.10","2.10","2.10","X","0.00","2.10","350","2.11","200","0.00",
="04381U","大立光元大51售13","0","0","0","--","--","--","--"," ","0.00","0.83","499","0.85","200","0.00",
="043828","台積電凱基4A購06","258,000","26","82,460","0.31","0.32","0.31","0.32","+","0.14","0.30","110","0.40","10","1,340.00",
="04382U","亞光元大51售08","0","0","0","--","--","--","--"," ","0.00","0.46","499","0.47","200","0.00",
="04383U","欣興元大51售05","20,000","1","6,800","0.34","0.34","0.34","0.34","-","0.03","0.34","499","0.35","200","0.00",
="04384U","神達元大51售17","650,000","11","60,000","0.09","0.10","0.09","0.10","-","0.01","0.09","499","0.10","200","0.00",
="04385U","南電元大51售06","0","0","0","--","--","--","--"," ","0.00","0.24","499","0.25","200","0.00",
="04386U","中砂永豐51售03","20,000","2","14,400","0.73","0.73","0.71","0.71","-","0.07","0.71","499","0.72","10","0.00",
="04387U","國巨永豐51售02","0","0","0","--","--","--","--"," ","0.00","0.07","10","0.14","10","0.00",
="04388U","台積電永豐53售04","0","0","0","--","--","--","--"," ","0.00","0.09","8","--","0","0.00",
="04389U","智邦永豐51售04","0","0","0","--","--","--","--"," ","0.00","0.19","10","0.20","10","0.00",
="04390U","智原永豐51售02","330,000","7","319,600","1.07","1.07","0.94","0.96","-","0.14","0.99","499","1.09","10","0.00",
="04391U","A50正2元富51售01","2,199,000","6","1,331,320","0.61","0.61","0.58","0.58","-","0.01","0.63","25","0.73","10","0.00",
="04392U","上証2X國票52售03","0","0","0","--","--","--","--"," ","0.00","0.24","25","0.25","10","0.00",
="04393U","美費半國票51售01","23,000","3","17,680","0.76","0.77","0.76","0.77","-","0.05","0.76","35","0.77","10","0.00",
="04394U","台積電國票52售03","0","0","0","--","--","--","--"," ","0.00","0.21","25","0.23","10","0.00",
="04395U","聯發科國票51售03","202,000","4","187,740","0.94","0.94","0.92","0.93","+","0.05","0.95","25","0.96","10","0.00",
="043966","元債2X永豐4A購02","0","0","0","--","--","--","--"," ","0.00","--","0","0.03","10","7.35",
="04396U","奇鋐國票52售04","11,000","2","3,820","0.32","0.35","0.32","0.35","-","0.01","0.35","25","0.36","10","0.00",
="04397U","上緯控國票53售01","1,000","1","1,200","1.20","1.20","1.20","1.20","+","0.01","1.23","25","1.24","10","0.00",
="043988","元債2X元富51購01","0","0","0","--","--","--","--"," ","0.00","0.07","25","0.10","10","7.35",
="04398U","穎崴國票52售03","20,000","1","2,600","0.13","0.13","0.13","0.13","+","0.01","0.11","25","0.14","400","0.00",
="043993","鴻海元富51購01","326,000","12","198,310","0.59","0.63","0.59","0.62","+","0.06","0.62","25","0.63","25","221.00",
="04399U","緯穎國票52售03","0","0","0","--","--","--","--"," ","0.00","0.28","25","0.29","10","0.00",
="04400U","滬深2X國泰52售05","0","0","0","--","--","--","--"," ","0.00","0.19","499","0.20","100","0.00",
="04401U","南電國泰53售01","20,000","2","2,800","0.14","0.14","0.14","0.14","X","0.00","0.13","509","0.23","100","0.00",
="04402U","貿聯群益57售01","0","0","0","--","--","--","--"," ","0.00","0.90","30","1.81","71","0.00",
="04403U","緯穎群益55售01","0","0","0","--","--","--","--"," ","0.00","0.15","66","--","0","0.00",
="04404U","臺股指群益59售07","6,000","2","2,970","0.49","0.50","0.49","0.50","-","0.03","0.50","502","0.51","499","0.00",
="04405U","滬深2X富邦53售02","0","0","0","--","--","--","--"," ","0.00","0.34","100","0.35","98","0.00",
="04406U","滬深2X元大57售02","62,000","7","36,700","0.60","0.63","0.56","0.63","+","0.05","0.61","250","0.62","101","0.00",
="04407U","金像電元大51售11","0","0","0","--","--","--","--"," ","0.00","0.04","499","0.13","2","0.00",
="04408U","雄獅元大51售01","200,000","1","176,000","0.88","0.88","0.88","0.88","X","0.00","0.88","499","0.89","200","0.00",
="04409U","中信金元大51售01","2,000","1","2,900","1.45","1.45","1.45","1.45","X","0.00","1.45","499","1.46","200","0.00",
="04410U","晟銘電元大51售05","1,000","1","1,080","1.08","1.08","1.08","1.08","X","0.00","1.10","499","1.11","200","0.00",
="04411U","新日興元大51售07","0","0","0","--","--","--","--"," ","0.00","0.01","499","--","0","0.00",
="04412U","台灣50凱基53售04","0","0","0","--","--","--","--"," ","0.00","0.26","100","0.27","10","0.00",
="04413U","台灣50凱基54售07","172,000","5","114,200","0.69","0.69","0.65","0.66","-","0.14","0.65","100","0.66","10","0.00",
="04414U","美時凱基51售02","0","0","0","--","--","--","--"," ","0.00","1.18","10","1.20","10","0.00",
="044153","台積電凱基4A購08","1,125,000","39","166,770","0.12","0.16","0.12","0.16","+","0.06","0.15","99","0.24","10","1,340.00",
="04415U","世芯凱基51售17","0","0","0","--","--","--","--"," ","0.00","0.29","100","0.30","50","0.00",
="04416U","矽力凱基51售01","23,000","1","55,890","2.43","2.43","2.43","2.43","-","0.02","2.47","10","2.57","10","0.00",
="04417U","愛普凱基51售06","26,000","1","35,360","1.36","1.36","1.36","1.36","X","0.00","1.34","10","1.35","10","0.00",
="04418U","緯穎凱基51售13","9,000","2","6,750","0.75","0.75","0.75","0.75","+","0.05","0.75","100","0.76","10","0.00",
="04419U","南電凱基51售05","50,000","7","12,100","0.22","0.27","0.22","0.27","-","0.03","0.27","100","0.28","50","0.00",
="04420U","台灣50元富51售10","869,000","16","422,670","0.54","0.54","0.47","0.48","-","0.14","0.47","85","0.48","25","0.00",
="04421U","滬深2X元富51售06","30,000","1","12,600","0.42","0.42","0.42","0.42","+","0.02","0.40","25","0.41","25","0.00",
="04422U","FB越南元富54售04","0","0","0","--","--","--","--"," ","0.00","0.33","25","0.34","25","0.00",
="04423U","台光電富邦51售03","0","0","0","--","--","--","--"," ","0.00","0.13","100","0.14","28","0.00",
="04424U","南電富邦51售02","20,000","1","2,000","0.10","0.10","0.10","0.10","X","0.00","0.10","30","0.11","10","0.00",
="04425U","英業達中信51售01","200,000","2","66,000","0.33","0.33","0.33","0.33","X","0.00","0.33","499","0.34","10","0.00",
="044262","緯穎凱基4B購01","0","0","0","--","--","--","--"," ","0.00","1.31","100","1.41","10","3,140.00",
="044269","美債2X元富4A購01","0","0","0","--","--","--","--"," ","0.00","--","0","0.09","47","7.33",
="04426U","技嘉永豐52售04","0","0","0","--","--","--","--"," ","0.00","0.99","499","1.00","10","0.00",
="04427U","萬海永豐51售03","0","0","0","--","--","--","--"," ","0.00","1.22","10","1.23","10","0.00",
="04428U","亞光永豐52售05","0","0","0","--","--","--","--"," ","0.00","0.27","499","0.28","10","0.00",
="04429U","飛捷永豐52售01","19,000","1","17,860","0.94","0.94","0.94","0.94","X","0.00","0.93","499","0.94","10","0.00",
="04430U","南電永豐53售02","0","0","0","--","--","--","--"," ","0.00","0.30","499","0.31","10","0.00",
="04431U","欣興國票52售05","68,000","5","32,580","0.47","0.50","0.46","0.50"," ","0.00","0.50","25","0.51","10","0.00",
="04432U","神達國票51售02","40,000","2","10,200","0.27","0.27","0.24","0.24","X","0.00","0.24","25","0.25","10","0.00",
="04433U","上緯控國票57售01","0","0","0","--","--","--","--"," ","0.00","1.13","25","1.14","10","0.00",
="04434U","臺股指國票51售09","0","0","0","--","--","--","--"," ","0.00","0.67","499","0.70","502","0.00",
="04435U","臺股指國票53售01","5,000","1","3,500","0.70","0.70","0.70","0.70","X","0.00","0.68","499","0.69","499","0.00",
="04436U","技嘉國泰52售01","20,000","1","18,400","0.92","0.92","0.92","0.92","X","0.00","0.92","499","0.93","100","0.00",
="04437U","滬深2X凱基56售02","0","0","0","--","--","--","--"," ","0.00","0.71","10","0.72","50","0.00",
="04438U","群臺2X凱基51售03","0","0","0","--","--","--","--"," ","0.00","0.39","100","0.40","10","0.00",
="04439U","FB越南凱基53售02","0","0","0","--","--","--","--"," ","0.00","0.22","10","0.23","50","0.00",
="04440U","中砂凱基51售02","1,000","1","1,180","1.18","1.18","1.18","1.18","-","0.17","1.24","100","1.25","10","0.00",
="04441U","金像電凱基51售06","100,000","1","5,000","0.05","0.05","0.05","0.05","X","0.00","0.04","100","0.14","10","0.00",
="04442U","台光電凱基51售07","0","0","0","--","--","--","--"," ","0.00","0.34","100","0.35","10","0.00",
="04443U","臺股指凱基59售07","168,000","13","100,780","0.61","0.61","0.58","0.59","-","0.05","0.58","100","0.59","10","0.00",
="044448","鴻海元富4A購01","0","0","0","--","--","--","--"," ","0.00","0.01","25","0.03","499","221.00",
="04444U","世芯群益51售15","450,000","8","223,100","0.47","0.50","0.47","0.50","+","0.03","0.17","58","0.52","20","0.00",
="044456","台積電元富4A購02","0","0","0","--","--","--","--"," ","0.00","0.02","20","--","0","1,340.00",
="044457","台積電元富51購02","0","0","0","--","--","--","--"," ","0.00","0.26","30","--","0","1,340.00",
="04445U","矽力群益51售01","0","0","0","--","--","--","--"," ","0.00","1.22","10","--","0","0.00",
="044466","緯創元富51購01","36,000","10","34,360","0.92","1.01","0.91","0.91","+","0.01","0.90","25","0.93","25","122.50",
="04446U","穎崴群益51售03","0","0","0","--","--","--","--"," ","0.00","0.11","25","0.13","10","0.00",
="04447U","緯穎群益53售04","0","0","0","--","--","--","--"," ","0.00","0.06","30","--","0","0.00",
="04448U","雷虎群益51售02","13,000","4","2,200","0.15","0.18","0.15","0.17"," ","0.00","0.15","22","0.17","10","0.00",
="04449U","南電群益53售02","0","0","0","--","--","--","--"," ","0.00","0.34","25","0.35","10","0.00",
="04450U","美費半元大53售02","472,000","10","316,440","0.67","0.68","0.67","0.68","-","0.03","0.66","100","0.67","50","0.00",
="04451U","國泰金富邦51售01","0","0","0","--","--","--","--"," ","0.00","0.19","30","0.20","10","0.00",
="044526","T50正2統一4C購01","0","0","0","--","--","--","--"," ","0.00","0.29","10","0.30","10","302.45",
="04452U","台灣50永豐51售06","0","0","0","--","--","--","--"," ","0.00","0.08","10","--","0","0.00",
="044531","鴻海統一57購02","0","0","0","--","--","--","--"," ","0.00","0.33","10","0.34","10","221.00",
="044536","台積電統一49購08","25,000","3","29,000","1.10","1.18","1.10","1.18","+","0.17","1.12","10","1.13","10","1,340.00",
="044537","台積電統一57購04","0","0","0","--","--","--","--"," ","0.00","0.77","10","0.78","10","1,340.00",
="04453U","美費半永豐51售01","0","0","0","--","--","--","--"," ","0.00","0.39","499","0.40","10","0.00",
="044543","盟立統一4A購01","0","0","0","--","--","--","--"," ","0.00","0.01","10","0.10","10","72.30",
="044544","鉅祥統一4A購01","0","0","0","--","--","--","--"," ","0.00","0.04","10","0.10","10","108.50",
="044547","昇貿統一51購01","50,000","2","42,200","0.86","0.86","0.82","0.82","-","0.05","0.81","10","0.89","20","114.00",
="04454U","金像電永豐52售05","0","0","0","--","--","--","--"," ","0.00","0.30","499","0.31","10","0.00",
="044552","佳必琪統一4A購01","0","0","0","--","--","--","--"," ","0.00","0.02","10","0.03","10","160.00",
="044553","佳必琪統一4C購01","0","0","0","--","--","--","--"," ","0.00","0.08","10","0.09","10","160.00",
="044554","佳必琪統一51購01","0","0","0","--","--","--","--"," ","0.00","0.18","20","0.19","10","160.00",
="044555","佳必琪統一51購02","0","0","0","--","--","--","--"," ","0.00","0.13","10","0.14","10","160.00",
="04455U","台光電永豐51售09","0","0","0","--","--","--","--"," ","0.00","0.24","499","0.25","10","0.00",
="044560","龍德船統一4C購01","383,000","11","108,460","0.32","0.32","0.26","0.28","-","0.06","0.26","10","0.27","10","151.50",
="044563","昇陽半統一4B購01","946,000","16","500,240","0.52","0.54","0.47","0.47","-","0.02","0.47","5","0.52","30","179.50",
="044564","昇陽半統一4C購01","127,000","6","82,200","0.64","0.66","0.62","0.62","+","0.02","0.58","10","0.59","10","179.50",
="044565","昇陽半統一51購01","14,000","4","9,440","0.69","0.69","0.61","0.61","-","0.01","0.60","10","0.62","20","179.50",
="044566","昇陽半統一51購02","3,000","2","1,350","0.45","0.45","0.45","0.45","+","0.01","0.40","15","0.45","10","179.50",
="04456U","欣興永豐51售06","10,000","2","2,100","0.20","0.22","0.20","0.22","-","0.01","0.22","10","0.23","10","0.00",
="04457U","聯鈞永豐52售01","321,000","10","151,770","0.55","0.55","0.46","0.46","-","0.11","0.46","10","0.47","10","0.00",
="04458U","亞翔永豐52售02","0","0","0","--","--","--","--"," ","0.00","0.55","499","0.56","10","0.00",
="04459U","聯茂永豐51售03","20,000","1","3,000","0.15","0.15","0.15","0.15","-","0.04","0.18","499","0.19","10","0.00",
="04460U","南電永豐51售07","0","0","0","--","--","--","--"," ","0.00","0.33","499","0.34","10","0.00",
="04461U","世紀鋼永豐52售07","0","0","0","--","--","--","--"," ","0.00","1.45","499","1.46","10","0.00",
="04462U","臺股指永豐55售01","1,000","1","570","0.57","0.57","0.57","0.57","-","0.05","0.56","499","0.57","10","0.00",
="04463U","楠梓電元富51售04","5,000","1","800","0.16","0.16","0.16","0.16","+","0.06","0.04","90","1.72","10","0.00",
="04464U","景碩元富51售05","0","0","0","--","--","--","--"," ","0.00","0.84","25","0.86","25","0.00",
="04465U","南電元富51售04","237,000","9","54,510","0.21","0.27","0.20","0.27","+","0.01","0.27","25","0.28","25","0.00",
="04466U","穎崴國泰52售03","0","0","0","--","--","--","--"," ","0.00","0.14","499","0.19","100","0.00",
="04467U","台積電元大54售18","12,000","3","75,250","6.30","6.30","6.05","6.05","-","1.15","1.21","8","--","0","0.00",
="04468U","晟銘電元大51售06","0","0","0","--","--","--","--"," ","0.00","0.71","499","0.72","200","0.00",
="04469U","台灣50群益51售04","381,000","20","169,170","0.48","0.48","0.43","0.43","-","0.12","0.43","100","0.44","100","0.00",
="04470U","中砂群益55售01","0","0","0","--","--","--","--"," ","0.00","1.52","10","1.62","10","0.00",
="04471U","金像電群益51售06","100,000","3","12,000","0.12","0.12","0.12","0.12","X","0.00","0.11","10","0.21","10","0.00",
="04472U","欣興群益52售05","0","0","0","--","--","--","--"," ","0.00","0.54","100","0.55","100","0.00",
="04473U","景碩群益51售05","81,000","4","84,840","0.92","1.06","0.92","1.06","-","0.06","0.44","22","--","0","0.00",
="04474U","南電群益53售03","0","0","0","--","--","--","--"," ","0.00","0.38","25","0.50","10","0.00",
="044752","川湖統一51購01","0","0","0","--","--","--","--"," ","0.00","4.02","10","4.12","10","3,220.00",
="044756","台積電統一49購09","0","0","0","--","--","--","--"," ","0.00","0.52","10","0.54","10","1,340.00",
="044757","台積電統一49購10","70,000","3","73,800","1.04","1.06","1.04","1.04","+","0.12","1.02","10","1.03","10","1,340.00",
="044758","台積電統一4A購04","447,000","4","154,890","0.33","0.36","0.33","0.36","X","0.00","0.36","10","0.37","10","1,340.00",
="044759","台積電統一57購05","51,000","1","35,700","0.70","0.70","0.70","0.70","X","0.00","0.70","10","0.71","10","1,340.00",
="04475U","臺股指群益55售11","175,000","15","106,150","0.62","0.63","0.59","0.60","-","0.07","0.60","499","0.61","499","0.00",
="044760","台積電統一57購06","363,000","9","453,210","1.21","1.25","1.21","1.25","+","0.11","1.23","10","1.24","10","1,340.00",
="044762","聯發科統一57購02","0","0","0","--","--","--","--"," ","0.00","0.54","10","0.55","10","1,375.00",
="044764","盟立統一49購01","0","0","0","--","--","--","--"," ","0.00","--","0","--","0","72.30",
="044765","盟立統一4B購01","0","0","0","--","--","--","--"," ","0.00","0.03","10","0.10","10","72.30",
="04476U","美費半凱基53售01","3,000","1","1,950","0.65","0.65","0.65","0.65","-","0.04","0.64","100","0.65","50","0.00",
="044775","欣興統一57購01","3,488,000","76","312,810","0.10","0.10","0.08","0.09"," ","0.00","0.08","210","0.09","130","159.00",
="044776","昇貿統一53購01","32,000","4","24,720","0.80","0.80","0.77","0.77","X","0.00","0.77","19","0.78","20","114.00",
="044778","群創統一57購01","340,000","5","71,610","0.21","0.22","0.21","0.22","+","0.01","0.21","10","0.22","10","14.15",
="04477U","台積電凱基55售02","3,000","1","900","0.30","0.30","0.30","0.30","-","0.04","0.28","100","0.38","10","0.00",
="044781","TPK統一4B購02","0","0","0","--","--","--","--"," ","0.00","0.06","15","0.10","10","39.30",
="044782","臻鼎統一4B購01","258,000","4","114,100","0.45","0.45","0.41","0.41","-","0.03","0.40","15","0.42","10","171.50",
="044787","佳必琪統一49購01","0","0","0","--","--","--","--"," ","0.00","--","0","--","0","160.00",
="04478U","台光電凱基51售09","25,000","1","10,250","0.41","0.41","0.41","0.41","-","0.03","0.34","100","0.35","10","0.00",
="044792","昇陽半統一49購01","0","0","0","--","--","--","--"," ","0.00","0.87","10","0.88","200","179.50",
="044794","振樺電統一4A購01","0","0","0","--","--","--","--"," ","0.00","0.23","10","0.24","10","229.50",
="04479U","欣興凱基51售06","4,000","3","1,950","0.46","0.51","0.46","0.51","-","0.03","0.51","100","0.52","10","0.00",
="04480U","景碩凱基51售06","30,000","3","7,850","0.26","0.28","0.25","0.28","-","0.02","0.30","100","0.31","10","0.00",
="04481U","聯鈞凱基51售03","0","0","0","--","--","--","--"," ","0.00","0.22","100","0.32","10","0.00",
="04482U","世芯凱基51售19","55,000","3","53,890","0.97","1.06","0.97","1.06","+","0.05","1.05","100","1.06","10","0.00",
="04483U","神達凱基51售09","0","0","0","--","--","--","--"," ","0.00","0.25","100","0.26","50","0.00",
="04484U","同欣電凱基51售02","0","0","0","--","--","--","--"," ","0.00","0.29","100","0.30","10","0.00",
="04485U","連加凱基51售04","0","0","0","--","--","--","--"," ","0.00","1.18","10","1.19","10","0.00",
="04486U","南電凱基51售07","0","0","0","--","--","--","--"," ","0.00","0.90","100","0.91","10","0.00",
="04487U","台塑元富51售04","0","0","0","--","--","--","--"," ","0.00","1.17","25","1.18","25","0.00",
="04488U","楠梓電元富51售05","70,000","3","15,200","0.22","0.22","0.21","0.22","+","0.05","0.14","24","0.38","100","0.00",
="044895","聯發科元富53購01","31,000","5","34,170","1.11","1.11","1.10","1.11","-","0.05","1.05","25","1.06","25","1,375.00",
="04489U","美律元富51售01","0","0","0","--","--","--","--"," ","0.00","1.11","25","1.13","25","0.00",
="044901","生達統一4C購01","0","0","0","--","--","--","--"," ","0.00","0.10","10","0.11","25","56.00",
="044902","川湖統一49購03","0","0","0","--","--","--","--"," ","0.00","4.00","10","4.01","10","3,220.00",
="044905","鴻海統一57購03","20,000","2","9,300","0.46","0.47","0.46","0.47","+","0.02","0.46","10","0.47","12","221.00",
="044908","台積電統一57購07","147,000","8","104,890","0.71","0.76","0.71","0.73","+","0.05","0.72","12","0.76","2","1,340.00",
="04490U","京元電元富51售03","0","0","0","--","--","--","--"," ","0.00","0.06","200","0.15","10","0.00",
="044912","毅嘉統一4B購01","1,000","1","530","0.53","0.53","0.53","0.53","-","0.02","0.51","10","0.52","10","53.50",
="044915","聯發科統一57購03","0","0","0","--","--","--","--"," ","0.00","0.51","10","0.52","10","1,375.00",
="044919","大立光統一51購02","0","0","0","--","--","--","--"," ","0.00","0.08","10","0.17","10","2,360.00",
="04491U","欣興元富51售04","76,000","2","38,420","0.51","0.51","0.50","0.50","-","0.07","0.55","25","0.56","25","0.00",
="044920","大立光統一57購03","1,000","1","120","0.12","0.12","0.12","0.12","-","0.01","0.12","10","0.13","10","2,360.00",
="044921","亞光統一57購01","44,000","5","40,680","0.94","0.94","0.92","0.93","-","0.02","0.91","10","0.97","10","161.50",
="044923","欣興統一49購01","0","0","0","--","--","--","--"," ","0.00","--","0","0.01","130","159.00",
="044927","創意統一51購01","135,000","3","16,200","0.12","0.12","0.12","0.12"," ","0.00","0.11","10","0.12","10","1,315.00",
="044929","辛耘統一51購01","63,000","5","12,620","0.20","0.21","0.20","0.20","+","0.02","0.20","26","0.22","9","388.00",
="04492U","世芯元富51售15","0","0","0","--","--","--","--"," ","0.00","0.98","25","0.99","25","0.00",
="044930","辛耘統一57購01","39,000","8","12,450","0.31","0.33","0.31","0.33","+","0.04","0.30","10","0.31","10","388.00",
="044932","正文統一4C購01","0","0","0","--","--","--","--"," ","0.00","0.01","10","0.02","10","25.35",
="044933","崇越統一49購01","0","0","0","--","--","--","--"," ","0.00","0.15","10","0.16","10","302.50",
="04493U","臺股指元富51售19","3,000","3","1,830","0.63","0.63","0.59","0.61","-","0.08","0.59","25","0.60","25","0.00",
="04494U","宏達電中信51售03","0","0","0","--","--","--","--"," ","0.00","0.21","10","0.30","10","0.00",
="04495U","中砂永豐53售03","8,000","1","5,920","0.74","0.74","0.74","0.74","-","0.07","0.74","499","0.75","10","0.00",
="04496U","漢唐永豐53售03","0","0","0","--","--","--","--"," ","0.00","--","0","--","0","0.00",
="04497U","景碩永豐51售03","0","0","0","--","--","--","--"," ","0.00","0.47","499","0.48","10","0.00",
="04498U","T50正2富邦53售03","55,000","1","15,950","0.29","0.29","0.29","0.29","X","0.00","0.29","100","0.30","98","0.00",
="04499U","漢唐國票52售04","0","0","0","--","--","--","--"," ","0.00","0.21","25","0.22","10","0.00",
="04500U","景碩國票52售03","0","0","0","--","--","--","--"," ","0.00","0.56","25","0.57","10","0.00",
="04501U","電子類國票51售04","997,000","11","543,280","0.56","0.56","0.50","0.51","-","0.17","0.52","499","0.53","299","0.00",
="04502U","電子類國票51售05","126,000","11","46,430","0.37","0.38","0.33","0.36","-","0.10","0.34","499","0.35","499","0.00",
="04503U","電子類國票51售06","564,000","6","261,340","0.48","0.48","0.43","0.44","-","0.12","0.44","499","0.45","299","0.00",
="04504U","金融類國票51售01","0","0","0","--","--","--","--"," ","0.00","1.74","499","1.75","499","0.00",
="04505U","台灣50凱基51售06","0","0","0","--","--","--","--"," ","0.00","0.27","100","0.28","10","0.00",
="04506U","華城凱基51售09","25,000","2","10,870","0.44","0.44","0.43","0.43","+","0.03","0.43","10","0.53","10","0.00",
="04507U","台達電凱基51售07","0","0","0","--","--","--","--"," ","0.00","0.02","100","0.12","10","0.00",
="04508U","台積電凱基53售20","0","0","0","--","--","--","--"," ","0.00","0.37","100","0.47","10","0.00",
="04509U","聯發科凱基51售14","46,000","2","51,650","1.10","1.15","1.10","1.15","+","0.11","1.17","100","1.18","10","0.00",
="04510U","長榮凱基51售15","21,000","3","15,550","0.75","0.75","0.74","0.74"," ","0.00","0.74","10","0.75","10","0.00",
="04511U","世芯凱基53售05","60,000","5","126,540","2.01","2.19","2.01","2.19","+","0.16","2.18","100","2.19","10","0.00",
="04512U","貿聯凱基51售09","0","0","0","--","--","--","--"," ","0.00","0.36","10","0.37","10","0.00",
="04513U","東哥凱基51售03","0","0","0","--","--","--","--"," ","0.00","1.00","10","1.01","10","0.00",
="04514U","FB越南元大51售03","50,000","1","10,500","0.21","0.21","0.21","0.21","X","0.00","0.20","100","0.21","50","0.00",
="04515U","台積電元大51售72","0","0","0","--","--","--","--"," ","0.00","0.05","499","0.06","499","0.00",
="04516U","台積電元大51售73","9,000","2","2,250","0.25","0.25","0.25","0.25","-","0.10","0.07","142","--","0","0.00",
="04517U","台積電元大51售74","347,000","4","122,640","0.36","0.36","0.33","0.33","-","0.09","0.40","1","--","0","0.00",
="04518U","欣興元大51售12","110,000","2","58,300","0.53","0.53","0.53","0.53","-","0.05","0.55","499","0.56","200","0.00",
="04519U","臺股指元大51售28","0","0","0","--","--","--","--"," ","0.00","0.27","499","0.28","10","0.00",
="04520U","臺股指元大51售29","0","0","0","--","--","--","--"," ","0.00","0.33","499","0.34","10","0.00",
="04521U","臺股指元大53售10","110,000","2","40,800","0.38","0.38","0.37","0.37","-","0.04","0.36","100","0.37","10","0.00",
="04522U","臺股指元大54售13","55,000","4","23,550","0.44","0.44","0.41","0.41","-","0.07","0.41","100","0.42","10","0.00",
="04523U","台積電統一59售02","251,000","15","136,040","0.55","0.55","0.53","0.54","-","0.04","0.54","8","0.55","10","0.00",
="04524U","台光電永豐52售07","0","0","0","--","--","--","--"," ","0.00","0.34","10","0.35","10","0.00",
="04525U","台光電永豐53售02","0","0","0","--","--","--","--"," ","0.00","0.21","10","0.22","10","0.00",
="04526U","奇鋐永豐53售02","46,000","5","28,320","0.58","0.70","0.58","0.70","+","0.01","0.70","10","0.71","10","0.00",
="045277","台達電統一49購05","0","0","0","--","--","--","--"," ","0.00","4.42","10","4.52","10","893.00",
="045279","鴻海統一4C購06","1,000","1","560","0.56","0.56","0.56","0.56","X","0.00","0.53","10","0.54","10","221.00",
="04527U","健策永豐52售04","0","0","0","--","--","--","--"," ","0.00","0.12","10","0.13","10","0.00",
="045280","鴻海統一56購03","280,000","3","128,000","0.45","0.46","0.45","0.46","+","0.03","0.45","10","0.46","10","221.00",
="045282","台積電統一49購11","0","0","0","--","--","--","--"," ","0.00","1.17","10","1.18","10","1,340.00",
="045283","台積電統一4C購05","150,000","7","114,300","0.67","0.78","0.67","0.78","X","0.00","0.75","10","0.76","10","1,340.00",
="045284","台積電統一4C購06","0","0","0","--","--","--","--"," ","0.00","0.92","10","0.93","10","1,340.00",
="045285","台積電統一57購08","0","0","0","--","--","--","--"," ","0.00","1.18","10","1.19","10","1,340.00",
="04528U","貿聯永豐53售01","0","0","0","--","--","--","--"," ","0.00","0.26","10","0.27","10","0.00",
="045290","聯發科統一49購05","10,000","1","3,200","0.32","0.32","0.32","0.32","X","0.00","0.30","10","0.32","10","1,375.00",
="045291","聯發科統一4C購04","16,000","3","9,150","0.57","0.58","0.57","0.57","-","0.03","0.54","10","0.55","10","1,375.00",
="045292","聯發科統一57購04","144,000","6","65,330","0.46","0.46","0.44","0.44","-","0.04","0.43","10","0.44","10","1,375.00",
="04529U","精成科永豐51售04","0","0","0","--","--","--","--"," ","0.00","0.41","499","0.42","10","0.00",
="045303","辛耘統一4C購01","0","0","0","--","--","--","--"," ","0.00","0.06","10","0.11","10","388.00",
="04530U","元日2X凱基57售03","0","0","0","--","--","--","--"," ","0.00","0.45","10","0.46","50","0.00",
="045310","亞翔統一56購01","209,000","17","184,370","0.88","0.90","0.87","0.88"," ","0.00","0.88","10","0.89","10","358.50",
="045311","亞翔統一57購01","0","0","0","--","--","--","--"," ","0.00","1.04","10","1.05","10","358.50",
="04531U","致茂凱基51售02","0","0","0","--","--","--","--"," ","0.00","0.23","10","0.24","50","0.00",
="04532U","台光電凱基51售10","0","0","0","--","--","--","--"," ","0.00","0.21","100","0.22","10","0.00",
="04533U","漢唐凱基51售06","0","0","0","--","--","--","--"," ","0.00","0.14","100","0.24","10","0.00",
="04534U","全新凱基51售02","20,000","1","4,400","0.22","0.22","0.22","0.22","X","0.00","0.24","100","0.25","50","0.00",
="04535U","嘉澤凱基51售05","0","0","0","--","--","--","--"," ","0.00","0.51","100","0.52","10","0.00",
="04536U","世芯凱基51售21","0","0","0","--","--","--","--"," ","0.00","0.94","100","0.95","10","0.00",
="04537U","富世達凱基51售05","0","0","0","--","--","--","--"," ","0.00","0.40","100","0.41","50","0.00",
="04538U","臺股指凱基51售22","0","0","0","--","--","--","--"," ","0.00","0.24","100","0.25","10","0.00",
="04539U","臺股指凱基51售23","333,000","7","96,910","0.31","0.31","0.29","0.29","-","0.07","0.29","10","0.35","3","0.00",
="04540U","台積電富邦53售04","2,000","2","570","0.29","0.29","0.28","0.28","X","0.00","0.25","30","0.26","10","0.00",
="045416","台積電凱基56購07","0","0","0","--","--","--","--"," ","0.00","3.52","100","3.62","10","1,340.00",
="04541U","T50正2國票51售03","623,000","8","685,410","1.07","1.12","1.07","1.12","-","0.07","1.06","25","1.10","10","0.00",
="04542U","T50正2國票52售02","10,000","1","10,700","1.07","1.07","1.07","1.07","-","0.05","0.95","55","0.97","10","0.00",
="04543U","台積電國泰52售05","40,000","5","19,490","0.51","0.51","0.47","0.47","-","0.10","0.20","50","--","0","0.00",
="04544U","貿聯國泰52售05","0","0","0","--","--","--","--"," ","0.00","--","0","0.79","200","0.00",
="04545U","精成科國泰52售03","0","0","0","--","--","--","--"," ","0.00","0.32","499","--","0","0.00",
="04546U","川湖元大51售08","0","0","0","--","--","--","--"," ","0.00","0.56","25","0.57","10","0.00",
="04547U","台積電元大51售75","983,000","23","452,750","0.47","0.48","0.44","0.44","-","0.10","0.41","36","0.51","30","0.00",
="04548U","漢唐元大51售08","66,000","5","30,350","0.49","0.50","0.45","0.45","-","0.01","0.45","25","0.46","10","0.00",
="04549U","南亞科元大51售16","50,000","1","2,000","0.04","0.04","0.04","0.04","-","0.01","0.04","25","0.14","10","0.00",
="04550U","全新元大51售02","0","0","0","--","--","--","--"," ","0.00","0.48","499","0.49","206","0.00",
="04551U","貿聯元大51售12","0","0","0","--","--","--","--"," ","0.00","1.03","499","1.05","200","0.00",
="04552U","台泥群益51售01","1,000","1","800","0.80","0.80","0.80","0.80","X","0.00","0.79","10","0.89","10","0.00",
="04553U","川湖群益52售02","18,000","2","11,970","0.68","0.68","0.65","0.65","-","0.01","0.65","10","0.75","10","0.00",
="04554U","台積電群益51售20","10,000","1","4,400","0.44","0.44","0.44","0.44","X","0.00","0.11","30","--","0","0.00",
="04555U","台積電群益51售21","290,000","14","155,020","0.55","0.56","0.51","0.52","-","0.12","0.53","10","--","0","0.00",
="04556U","矽統群益51售01","0","0","0","--","--","--","--"," ","0.00","0.44","25","0.45","10","0.00",
="04557U","台光電群益51售15","87,000","5","53,470","0.64","0.64","0.48","0.48","-","0.20","0.45","9","--","0","0.00",
="045586","台積電統一52購01","353,000","8","368,140","1.02","1.06","1.02","1.04","+","0.10","1.02","10","1.09","109","1,340.00",
="045587","台積電統一57購09","32,000","7","288,100","8.85","9.10","8.85","9.00","+","0.60","8.95","10","9.00","10","1,340.00",
="04558U","正崴群益51售02","0","0","0","--","--","--","--"," ","0.00","--","0","3.17","10","0.00",
="045591","矽統統一49購02","0","0","0","--","--","--","--"," ","0.00","--","0","0.01","499","58.60",
="045592","矽統統一52購01","42,000","2","5,900","0.14","0.15","0.14","0.15","-","0.01","0.14","10","0.15","10","58.60",
="045593","矽統統一52購02","0","0","0","--","--","--","--"," ","0.00","0.08","10","0.10","10","58.60",
="045595","聯發科統一53購02","23,000","1","13,340","0.58","0.58","0.58","0.58","X","0.00","0.56","10","0.57","10","1,375.00",
="04559U","正崴群益54售02","0","0","0","--","--","--","--"," ","0.00","1.97","10","2.07","10","0.00",
="045604","世芯統一49購01","0","0","0","--","--","--","--"," ","0.00","1.18","10","1.22","10","3,700.00",
="045605","世芯統一4C購01","38,000","4","40,890","1.08","1.08","1.05","1.05","-","0.06","0.99","10","1.00","10","3,700.00",
="045606","正文統一4C購02","0","0","0","--","--","--","--"," ","0.00","--","0","--","0","25.35",
="045609","亞翔統一4A購01","63,000","4","35,640","0.56","0.57","0.56","0.57","X","0.00","0.58","10","0.59","10","358.50",
="04560U","新日興群益53售03","0","0","0","--","--","--","--"," ","0.00","--","0","--","0","0.00",
="045610","亞翔統一4C購01","40,000","2","28,600","0.71","0.72","0.71","0.72"," ","0.00","0.70","10","0.71","10","358.50",
="045611","亞翔統一4C購02","0","0","0","--","--","--","--"," ","0.00","0.89","10","0.90","10","358.50",
="045612","亞翔統一57購02","0","0","0","--","--","--","--"," ","0.00","0.92","10","0.93","10","358.50",
="045617","昇陽半統一4C購02","994,000","11","474,050","0.45","0.49","0.43","0.43","-","0.03","0.42","10","0.43","5","179.50",
="04561U","健策群益51售02","0","0","0","--","--","--","--"," ","0.00","0.06","10","0.16","10","0.00",
="04562U","聯茂群益51售02","0","0","0","--","--","--","--"," ","0.00","0.08","11","--","0","0.00",
="04563U","臺股指群益51售15","0","0","0","--","--","--","--"," ","0.00","0.15","499","--","0","0.00",
="04564U","臺股指群益51售16","0","0","0","--","--","--","--"," ","0.00","0.14","499","0.15","499","0.00",
="045658","元債2X元富58購01","0","0","0","--","--","--","--"," ","0.00","0.28","25","0.29","25","7.35",
="04565U","臺股指群益51售17","0","0","0","--","--","--","--"," ","0.00","0.35","499","0.36","499","0.00",
="04566U","臺股指群益51售18","5,000","1","1,000","0.20","0.20","0.20","0.20"," ","0.00","0.16","499","0.23","60","0.00",
="04567U","臺股指群益51售19","30,000","1","6,900","0.23","0.23","0.23","0.23","X","0.00","0.23","499","0.33","10","0.00",
="04568U","臺股指群益51售20","0","0","0","--","--","--","--"," ","0.00","0.32","499","--","0","0.00",
="04569U","臺股指群益51售21","197,000","8","51,040","0.26","0.27","0.24","0.25","-","0.04","0.25","499","0.26","499","0.00",
="045701","T50正2統一52購01","6,000","2","4,300","0.70","0.72","0.70","0.72","+","0.14","0.64","10","0.74","10","302.45",
="045702","和大統一4C購01","0","0","0","--","--","--","--"," ","0.00","0.16","10","0.17","10","65.30",
="045703","中砂統一4A購02","3,000","1","330","0.11","0.11","0.11","0.11","X","0.00","0.10","10","0.11","10","339.00",
="045707","金寶統一4C購01","0","0","0","--","--","--","--"," ","0.00","0.04","10","0.10","10","19.60",
="045708","台積電統一52購02","522,000","7","599,270","1.12","1.16","1.12","1.14","+","0.11","1.13","10","1.14","1","1,340.00",
="04570U","世芯富邦54售06","0","0","0","--","--","--","--"," ","0.00","0.58","10","0.59","10","0.00",
="045715","矽統統一52購03","116,000","8","24,570","0.21","0.22","0.19","0.20"," ","0.00","0.19","30","0.20","8","58.60",
="045716","矽統統一58購01","0","0","0","--","--","--","--"," ","0.00","0.23","10","0.24","10","58.60",
="04571U","台積電中信53售04","105,000","3","32,500","0.32","0.32","0.30","0.30","-","0.05","0.30","100","0.31","155","0.00",
="045723","威盛統一52購01","0","0","0","--","--","--","--"," ","0.00","0.01","10","0.10","60","59.50",
="045726","瑞軒統一4C購01","0","0","0","--","--","--","--"," ","0.00","--","0","--","0","13.55",
="045728","潤泰全統一4C購01","0","0","0","--","--","--","--"," ","0.00","--","0","--","0","52.30",
="045729","建漢統一52購01","0","0","0","--","--","--","--"," ","0.00","0.12","10","0.13","10","24.10",
="04572U","台積電中信54售05","0","0","0","--","--","--","--"," ","0.00","0.23","100","0.24","100","0.00",
="045732","創意統一52購01","177,000","4","60,080","0.33","0.34","0.33","0.34","+","0.03","0.33","50","0.34","10","1,315.00",
="045736","達麗統一52購01","0","0","0","--","--","--","--"," ","0.00","0.12","10","0.13","10","50.10",
="045737","達麗統一52購02","0","0","0","--","--","--","--"," ","0.00","0.10","10","0.11","10","50.10",
="04573U","世芯中信51售05","0","0","0","--","--","--","--"," ","0.00","0.63","30","0.65","30","0.00",
="04574U","臺股指中信53售13","4,000","4","790","0.20","0.20","0.19","0.19","-","0.02","0.18","499","0.19","100","0.00",
="04575U","臺股指中信54售05","2,870,000","38","1,564,180","0.56","0.57","0.53","0.54","-","0.05","0.53","615","0.54","100","0.00",
="04576U","台灣50永豐53售06","0","0","0","--","--","--","--"," ","0.00","0.13","499","0.14","10","0.00",
="045776","台積電凱基58購01","12,000","3","40,200","3.35","3.35","3.35","3.35","+","0.28","3.34","30","3.44","10","1,340.00",
="045777","台積電凱基58購02","13,000","4","38,330","2.87","2.96","2.87","2.96","+","0.24","2.83","36","2.93","10","1,340.00",
="045778","台積電凱基58購03","0","0","0","--","--","--","--"," ","0.00","2.37","100","2.42","10","1,340.00",
="045779","台積電凱基58購04","20,000","1","41,400","2.07","2.07","2.07","2.07","X","0.00","2.01","100","2.11","10","1,340.00",
="04577U","台積電永豐51售11","24,000","4","11,020","0.46","0.46","0.45","0.45","-","0.12","0.17","58","--","0","0.00",
="04578U","健鼎永豐51售01","7,000","1","2,380","0.34","0.34","0.34","0.34","-","0.01","0.33","499","0.34","10","0.00",
="04579U","台灣50元富51售11","785,000","10","533,380","0.74","0.74","0.65","0.67","X","0.00","0.65","25","0.66","25","0.00",
="04580U","大立光元富51售02","0","0","0","--","--","--","--"," ","0.00","1.71","25","1.75","25","0.00",
="04581U","世芯國泰53售03","120,000","1","121,200","1.01","1.01","1.01","1.01","+","0.06","1.06","10","1.16","10","0.00",
="04582P","台積電統一4C售10","100,000","1","2,000","0.02","0.02","0.02","0.02"," ","0.00","0.01","509","0.03","10","0.00",
="04582U","世芯國泰53售04","0","0","0","--","--","--","--"," ","0.00","0.99","10","1.09","10","0.00",
="04583U","台達電國票51售03","0","0","0","--","--","--","--"," ","0.00","0.04","29","0.11","4","0.00",
="04584U","台達電國票52售01","20,000","2","1,000","0.05","0.05","0.05","0.05","X","0.00","0.03","25","0.05","10","0.00",
="04585U","世芯國票51售06","28,000","3","55,940","1.92","2.03","1.92","2.03","+","0.26","2.01","25","2.02","10","0.00",
="04586U","世芯國票53售02","6,000","1","11,220","1.87","1.87","1.87","1.87","X","0.00","1.88","25","1.89","10","0.00",
="04587U","和椿國票52售03","0","0","0","--","--","--","--"," ","0.00","1.36","25","1.37","10","0.00",
="045882","台積電永豐4A購01","0","0","0","--","--","--","--"," ","0.00","--","0","--","0","1,340.00",
="045883","台積電永豐4A購02","0","0","0","--","--","--","--"," ","0.00","--","0","--","0","1,340.00",
="04588U","臺股指國票52售05","30,000","3","29,300","0.98","0.98","0.97","0.97","X","0.00","0.89","5","0.97","10","0.00",
="045895","元債2X元富58購02","0","0","0","--","--","--","--"," ","0.00","0.26","25","0.27","25","7.35",
="04589U","FBNQ2X凱基51售02","605,000","6","326,700","0.54","0.54","0.54","0.54","-","0.04","0.54","10","0.55","50","0.00",
="04590U","川湖凱基51售09","0","0","0","--","--","--","--"," ","0.00","0.47","100","0.48","10","0.00",
="04591U","台積電凱基53售24","0","0","0","--","--","--","--"," ","0.00","0.16","100","0.26","10","0.00",
="04592U","京元電凱基51售03","0","0","0","--","--","--","--"," ","0.00","0.03","100","0.10","10","0.00",
="04593U","國泰金凱基51售01","0","0","0","--","--","--","--"," ","0.00","0.72","100","0.73","10","0.00",
="04594U","奇鋐凱基51售11","35,000","3","17,550","0.44","0.55","0.44","0.55"," ","0.00","0.55","100","0.57","10","0.00",
="04595U","健策凱基51售04","0","0","0","--","--","--","--"," ","0.00","0.04","100","--","0","0.00",
="045963","台達電統一52購01","0","0","0","--","--","--","--"," ","0.00","2.48","10","2.57","10","893.00",
="045966","矽統統一58購02","0","0","0","--","--","--","--"," ","0.00","0.19","10","0.20","10","58.60",
="045968","盟立統一52購01","2,000","2","410","0.20","0.21","0.20","0.21","X","0.00","0.19","10","0.20","10","72.30",
="04596U","精成科凱基51售08","0","0","0","--","--","--","--"," ","0.00","0.44","100","0.45","10","0.00",
="045979","景碩統一4C購01","30,000","2","7,500","0.26","0.26","0.23","0.23","+","0.01","0.22","10","0.23","10","111.50",
="04597U","羅昇凱基51售01","0","0","0","--","--","--","--"," ","0.00","0.87","10","0.88","10","0.00",
="045986","達麗統一58購01","0","0","0","--","--","--","--"," ","0.00","0.23","10","0.24","10","50.10",
="045989","矽力統一4A購01","0","0","0","--","--","--","--"," ","0.00","--","0","0.01","10","273.00",
="04598U","臺股指凱基51售25","0","0","0","--","--","--","--"," ","0.00","0.48","100","0.49","10","0.00",
="045992","緯穎統一52購01","46,000","5","46,500","1.02","1.02","1.00","1.00","+","0.02","0.98","10","1.00","10","3,140.00",
="04599U","台灣50元大51售14","0","0","0","--","--","--","--"," ","0.00","0.28","499","0.29","10","0.00",
="04600U","台灣50元大53售04","0","0","0","--","--","--","--"," ","0.00","0.27","6","0.35","10","0.00",
="04601U","上銀元大51售05","0","0","0","--","--","--","--"," ","0.00","1.39","499","1.40","200","0.00",
="04602U","台積電元大51售76","0","0","0","--","--","--","--"," ","0.00","--","0","--","0","0.00",
="04603U","台積電元大51售77","284,000","4","141,880","0.50","0.50","0.49","0.49","-","0.08","0.44","34","--","0","0.00",
="04604P","欣巴巴群益49售01","0","0","0","--","--","--","--"," ","0.00","--","0","1.71","10","0.00",
="04604U","世芯元大51售47","141,000","3","185,010","1.30","1.37","1.30","1.37","+","0.04","0.58","34","--","0","0.00",
="04605U","致茂群益52售04","0","0","0","--","--","--","--"," ","0.00","0.24","100","0.26","100","0.00",
="04606U","台光電群益54售04","132,000","3","27,280","0.24","0.24","0.20","0.22","-","0.03","0.11","90","--","0","0.00",
="04607U","漢唐群益52售03","0","0","0","--","--","--","--"," ","0.00","0.01","998","--","0","0.00",
="04608U","聯鈞群益51售03","205,000","3","56,350","0.30","0.30","0.25","0.25","-","0.07","0.15","30","--","0","0.00",
="04609U","嘉澤群益51售01","0","0","0","--","--","--","--"," ","0.00","0.25","40","--","0","0.00",
="04610U","世芯群益53售02","0","0","0","--","--","--","--"," ","0.00","--","0","--","0","0.00",
="04611U","富世達群益51售06","0","0","0","--","--","--","--"," ","0.00","0.01","499","--","0","0.00",
="04612U","台達電富邦51售04","0","0","0","--","--","--","--"," ","0.00","0.04","30","0.05","10","0.00",
="04613U","台達電富邦53售02","0","0","0","--","--","--","--"," ","0.00","0.07","30","0.08","10","0.00",
="046146","中華統一4C購01","0","0","0","--","--","--","--"," ","0.00","0.01","509","0.10","10","63.40",
="046147","光寶科統一52購01","219,000","14","189,060","0.87","0.94","0.82","0.87","-","0.04","0.86","45","0.88","12","183.00",
="04614U","臺股指富邦51售14","507,000","9","165,430","0.35","0.35","0.32","0.32","-","0.06","0.32","499","0.33","100","0.00",
="046154","海悅統一4C購01","0","0","0","--","--","--","--"," ","0.00","--","0","--","0","89.00",
="046155","海悅統一52購01","0","0","0","--","--","--","--"," ","0.00","--","0","--","0","89.00",
="046158","技嘉統一52購01","0","0","0","--","--","--","--"," ","0.00","0.29","10","0.34","10","283.00",
="04615U","臺股指富邦51售15","80,000","3","29,200","0.38","0.38","0.35","0.35","-","0.06","0.35","499","0.36","100","0.00",
="046165","零壹統一4C購01","7,000","1","1,750","0.25","0.25","0.25","0.25"," ","0.00","0.24","10","0.25","10","125.00",
="046166","德律統一53購01","24,000","1","14,640","0.61","0.61","0.61","0.61","+","0.01","0.60","10","0.61","10","189.00",
="046169","世芯統一58購01","291,000","8","414,580","1.48","1.48","1.40","1.40","-","0.08","1.40","10","1.41","10","3,700.00",
="04616U","國企2X元富51售01","539,000","7","476,100","0.89","0.90","0.87","0.90","+","0.06","0.89","25","0.90","25","0.00",
="046170","貿聯統一4C購01","0","0","0","--","--","--","--"," ","0.00","3.60","10","3.69","10","1,085.00",
="046173","精銳統一52購01","0","0","0","--","--","--","--"," ","0.00","1.58","10","1.62","10","695.00",
="046177","達麗統一4C購01","0","0","0","--","--","--","--"," ","0.00","0.03","10","0.04","10","50.10",
="046179","瑞祺統一52購01","0","0","0","--","--","--","--"," ","0.00","0.04","10","0.10","10","86.90",
="04617U","中502X元富51售01","8,000","1","5,280","0.66","0.66","0.66","0.66","-","0.01","0.73","25","0.74","25","0.00",
="046180","鼎基統一4C購01","0","0","0","--","--","--","--"," ","0.00","0.01","509","0.10","10","102.50",
="04618U","世芯元富51售16","0","0","0","--","--","--","--"," ","0.00","0.91","25","0.92","25","0.00",
="04619U","神達元富51售06","0","0","0","--","--","--","--"," ","0.00","0.27","25","0.28","25","0.00",
="04620U","和椿元富51售04","0","0","0","--","--","--","--"," ","0.00","1.02","25","1.04","25","0.00",
="04621U","緯穎元富51售10","0","0","0","--","--","--","--"," ","0.00","0.33","25","0.34","25","0.00",
="04622U","全新國票51售02","63,000","3","42,870","0.67","0.70","0.67","0.68","X","0.00","0.70","25","0.71","10","0.00",
="04623U","全新國票52售01","0","0","0","--","--","--","--"," ","0.00","0.64","25","0.65","10","0.00",
="04624U","全新國票53售01","0","0","0","--","--","--","--"," ","0.00","0.45","25","0.46","10","0.00",
="04625U","神達國票52售02","12,000","1","9,240","0.77","0.77","0.77","0.77","X","0.00","0.75","25","0.76","10","0.00",
="04626U","精成科國票52售02","51,000","10","40,730","0.79","0.82","0.79","0.80","+","0.11","0.81","25","0.82","10","0.00",
="04627U","矽統國泰52售02","2,000","2","1,600","0.79","0.81","0.79","0.81","+","0.07","0.80","499","0.82","100","0.00",
="04628U","台積電凱基53售26","0","0","0","--","--","--","--"," ","0.00","0.21","100","0.31","10","0.00",
="04629U","矽統凱基51售05","10,000","1","10,500","1.05","1.05","1.05","1.05","X","0.00","1.05","20","--","0","0.00",
="04630U","台光電凱基54售05","372,000","19","179,900","0.52","0.53","0.43","0.45","-","0.12","0.45","100","0.46","1","0.00",
="04631U","健鼎凱基51售04","0","0","0","--","--","--","--"," ","0.00","0.61","10","0.62","10","0.00",
="04632U","緯創凱基51售03","219,000","14","145,790","0.66","0.71","0.62","0.71","-","0.01","0.67","100","0.70","10","0.00",
="04633U","世芯凱基51售22","6,000","1","10,800","1.80","1.80","1.80","1.80","X","0.00","1.82","100","1.83","10","0.00",
="04634U","神達凱基51售11","0","0","0","--","--","--","--"," ","0.00","0.66","100","0.67","30","0.00",
="04635U","台灣50群益51售05","0","0","0","--","--","--","--"," ","0.00","0.11","100","0.12","100","0.00",
="04636U","台灣50群益51售06","30,000","3","7,800","0.26","0.26","0.26","0.26","-","0.10","0.25","100","0.26","100","0.00",
="04637U","T50正2群益51售06","0","0","0","--","--","--","--"," ","0.00","0.46","25","0.47","10","0.00",
="046383","元債2X永豐4B購01","0","0","0","--","--","--","--"," ","0.00","0.05","499","0.06","10","7.35",
="04638U","大立光群益53售02","0","0","0","--","--","--","--"," ","0.00","1.07","10","1.17","10","0.00",
="04639P","台積電統一49售14","0","0","0","--","--","--","--"," ","0.00","--","0","0.01","10","0.00",
="04639U","世芯群益53售03","5,000","1","7,700","1.54","1.54","1.54","1.54","X","0.00","0.77","2","--","0","0.00",
="04640P","台積電統一4C售11","0","0","0","--","--","--","--"," ","0.00","0.04","10","0.05","10","0.00",
="04640U","和椿群益51售02","0","0","0","--","--","--","--"," ","0.00","0.44","5","--","0","0.00",
="04641P","聯發科統一4C售06","150,000","3","18,000","0.12","0.12","0.12","0.12","+","0.01","0.12","10","0.13","10","0.00",
="04641U","川湖永豐51售03","0","0","0","--","--","--","--"," ","0.00","0.32","499","0.33","10","0.00",
="046425","亞力統一4A購01","0","0","0","--","--","--","--"," ","0.00","--","0","0.01","10","102.50",
="046427","川湖統一4A購01","0","0","0","--","--","--","--"," ","0.00","3.90","10","3.91","10","3,220.00",
="046429","鴻海統一58購01","0","0","0","--","--","--","--"," ","0.00","0.38","10","0.39","10","221.00",
="04642U","迅得永豐51售02","28,000","2","15,050","0.53","0.56","0.53","0.56","X","0.00","0.56","499","0.57","10","0.00",
="046431","台積電統一4A購05","0","0","0","--","--","--","--"," ","0.00","1.02","10","1.12","10","1,340.00",
="046432","台積電統一52購03","0","0","0","--","--","--","--"," ","0.00","1.23","10","1.24","10","1,340.00",
="046433","台積電統一52購04","20,000","2","37,100","1.86","1.86","1.85","1.85","+","0.12","1.92","10","1.94","10","1,340.00",
="046437","海悅統一58購01","0","0","0","--","--","--","--"," ","0.00","0.06","10","0.07","10","89.00",
="046439","英業達統一4C購01","0","0","0","--","--","--","--"," ","0.00","0.15","20","0.19","30","45.00",
="04643U","滬深2X元大51售06","20,000","1","9,200","0.46","0.46","0.46","0.46","+","0.02","0.44","250","0.45","100","0.00",
="046440","金像電統一4A購01","0","0","0","--","--","--","--"," ","0.00","2.57","10","2.62","10","455.00",
="046444","威盛統一58購01","0","0","0","--","--","--","--"," ","0.00","0.08","10","0.09","10","59.50",
="046445","建準統一52購01","90,000","3","73,170","0.80","0.83","0.74","0.74","-","0.04","0.73","10","0.74","10","129.00",
="04644U","川湖元大51售12","22,000","1","15,620","0.71","0.71","0.71","0.71","-","0.02","0.74","25","0.75","10","0.00",
="046450","奇鋐統一52購01","0","0","0","--","--","--","--"," ","0.00","1.13","10","1.22","10","1,015.00",
="046452","益登統一4A購01","45,000","6","2,700","0.05","0.08","0.05","0.08","+","0.07","0.05","75","0.10","20","42.55",
="046454","緯創統一4C購01","7,000","3","3,310","0.47","0.48","0.47","0.48","X","0.00","0.45","100","0.46","20","122.50",
="04645U","台積電元大51售78","0","0","0","--","--","--","--"," ","0.00","0.03","499","0.08","20","0.00",
="046462","勤誠統一52購01","0","0","0","--","--","--","--"," ","0.00","2.29","10","2.32","10","600.00",
="04646U","台積電元大51售79","904,000","10","383,780","0.44","0.45","0.41","0.42","-","0.08","0.31","51","--","0","0.00",
="04647U","國泰金元大51售02","0","0","0","--","--","--","--"," ","0.00","0.22","499","0.23","200","0.00",
="04648U","國泰金元大51售03","0","0","0","--","--","--","--"," ","0.00","0.81","499","0.82","200","0.00",
="04649U","連加元大51售09","0","0","0","--","--","--","--"," ","0.00","1.37","499","1.38","200","0.00",
="04650U","台灣50台新51售02","0","0","0","--","--","--","--"," ","0.00","0.12","20","0.13","10","0.00",
="04651U","台灣50永豐51售07","5,000","3","240","0.05","0.05","0.04","0.04","-","0.03","0.03","10","0.04","10","0.00",
="04652U","T50正2永豐51售04","20,000","2","9,300","0.47","0.47","0.46","0.46","-","0.08","0.42","10","0.43","10","0.00",
="04653U","華城永豐51售04","2,000","2","1,870","0.93","0.94","0.93","0.94","X","0.00","0.92","10","0.93","10","0.00",
="04654U","神達永豐53售04","0","0","0","--","--","--","--"," ","0.00","0.95","10","0.96","10","0.00",
="04655U","穎崴永豐53售02","1,000","1","140","0.14","0.14","0.14","0.14","+","0.02","0.10","30","0.14","15","0.00",
="04656U","T50正2凱基51售09","210,000","8","121,820","0.60","0.60","0.56","0.57","-","0.09","0.56","100","0.57","9","0.00",
="04657U","滬深2X凱基51售08","226,000","5","97,820","0.43","0.47","0.39","0.47","+","0.03","0.47","10","0.48","50","0.00",
="04658U","台泥凱基51售04","161,000","25","147,200","0.93","0.95","0.89","0.90","+","0.15","0.91","100","0.93","10","0.00",
="04659U","上銀凱基51售05","6,000","2","9,170","1.52","1.57","1.52","1.57","+","0.05","1.56","100","1.57","10","0.00",
="046602","亞力統一4B購01","0","0","0","--","--","--","--"," ","0.00","--","0","0.01","10","102.50",
="046603","台積電統一4A購06","48,000","2","136,760","2.83","2.87","2.83","2.87","+","0.24","2.87","10","2.91","10","1,340.00",
="046604","台積電統一4B購01","4,000","4","7,420","1.81","1.89","1.81","1.89","+","0.19","1.87","10","1.89","9","1,340.00",
="046605","台積電統一4C購09","0","0","0","--","--","--","--"," ","0.00","2.72","10","2.77","10","1,340.00",
="046606","勤誠統一52購02","0","0","0","--","--","--","--"," ","0.00","2.63","10","2.69","10","600.00",
="046609","台積電永豐4C購01","0","0","0","--","--","--","--"," ","0.00","--","0","--","0","1,340.00",
="04660U","台達電凱基51售08","0","0","0","--","--","--","--"," ","0.00","0.03","10","0.13","10","0.00",
="046610","台積電永豐4C購02","200,000","2","669,000","3.32","3.37","3.32","3.37","X","0.00","--","0","--","0","1,340.00",
="04661U","台積電凱基51售28","0","0","0","--","--","--","--"," ","0.00","0.05","100","0.15","10","0.00",
="04662U","金像電凱基51售08","80,000","1","9,600","0.12","0.12","0.12","0.12","-","0.01","0.12","100","0.22","10","0.00",
="04663U","瑞昱凱基51售01","26,000","3","34,320","1.33","1.33","1.30","1.30","-","0.06","1.32","10","1.35","10","0.00",
="04664U","全新凱基53售01","10,000","1","7,200","0.72","0.72","0.72","0.72","+","0.03","0.78","100","0.79","10","0.00",
="04665U","貿聯凱基51售10","0","0","0","--","--","--","--"," ","0.00","0.21","10","0.22","30","0.00",
="04666U","金像電富邦51售04","0","0","0","--","--","--","--"," ","0.00","0.15","100","0.16","28","0.00",
="04667U","臺股指富邦51售16","0","0","0","--","--","--","--"," ","0.00","0.23","499","0.24","100","0.00",
="04668P","FBNQ2X元富49售01","0","0","0","--","--","--","--"," ","0.00","--","0","0.10","10","0.00",
="04668U","臺股指富邦53售11","0","0","0","--","--","--","--"," ","0.00","0.52","499","0.53","100","0.00",
="046696","元債2X元富52購01","0","0","0","--","--","--","--"," ","0.00","0.03","25","0.10","10","7.35",
="04669U","台積電群益51售24","28,000","4","16,680","0.61","0.61","0.57","0.57","-","0.34","0.56","2","--","0","0.00",
="04670U","聯發科群益51售13","58,000","1","107,300","1.85","1.85","1.85","1.85","+","0.10","0.03","333","--","0","0.00",
="046716","鴻海統一4A購03","0","0","0","--","--","--","--"," ","0.00","0.61","168","0.71","168","221.00",
="046719","台積電統一4A購07","99,000","5","178,170","1.78","1.84","1.78","1.81","+","0.14","1.80","10","1.81","1","1,340.00",
="04671U","緯創群益53售03","9,000","4","3,650","0.40","0.42","0.39","0.42","X","0.00","0.19","16","--","0","0.00",
="046720","台積電統一58購01","174,000","8","254,060","1.42","1.49","1.42","1.47","+","0.11","1.44","10","1.45","10","1,340.00",
="046721","威盛統一4C購01","0","0","0","--","--","--","--"," ","0.00","0.04","10","0.10","17","59.50",
="046723","玉晶光統一4C購03","4,000","2","1,280","0.32","0.32","0.32","0.32"," ","0.00","0.32","10","0.33","10","443.50",
="046724","世芯統一4C購02","1,000","1","1,780","1.78","1.78","1.78","1.78","-","0.12","1.75","10","1.79","10","3,700.00",
="04672U","保瑞元富51售03","0","0","0","--","--","--","--"," ","0.00","3.60","2","--","0","0.00",
="04673U","臺股指元富51售22","110,000","6","72,900","0.67","0.67","0.65","0.66","-","0.10","0.65","25","0.66","25","0.00",
="04674U","臺股指元富51售23","856,000","10","618,920","0.74","0.76","0.69","0.69","-","0.11","0.69","25","0.70","25","0.00",
="04675U","神達國泰53售04","0","0","0","--","--","--","--"," ","0.00","0.60","499","0.64","499","0.00",
="04676U","台灣50國票51售04","0","0","0","--","--","--","--"," ","0.00","0.70","25","0.71","10","0.00",
="04677U","台灣50國票53售02","0","0","0","--","--","--","--"," ","0.00","0.51","25","0.61","10","0.00",
="04678U","昆盈國票51售02","1,000","1","1,360","1.36","1.36","1.36","1.36","X","0.00","1.41","25","1.42","10","0.00",
="04679U","神達國票51售04","0","0","0","--","--","--","--"," ","0.00","0.53","25","0.54","10","0.00",
="04680U","臺股指國票53售02","0","0","0","--","--","--","--"," ","0.00","1.14","499","1.15","499","0.00",
="04681U","川湖元大51售13","0","0","0","--","--","--","--"," ","0.00","0.72","25","0.74","10","0.00",
="04682U","南亞科元大51售18","19,000","7","1,530","0.08","0.09","0.08","0.08"," ","0.00","0.07","25","0.08","110","0.00",
="04683U","智原元大51售16","278,000","3","489,310","1.76","1.79","1.76","1.79","-","0.22","1.80","400","1.81","200","0.00",
="04684U","貿聯元大51售14","0","0","0","--","--","--","--"," ","0.00","0.62","499","0.63","200","0.00",
="04685U","神達元大51售18","45,000","4","26,700","0.59","0.61","0.57","0.60","-","0.06","0.58","499","0.59","200","0.00",
="04686U","鴻海中信54售02","30,000","2","13,800","0.46","0.46","0.46","0.46","X","0.00","0.46","10","0.47","10","0.00",
="046872","台積電永豐58購01","0","0","0","--","--","--","--"," ","0.00","1.80","2","--","0","1,340.00",
="04687U","台積電中信54售06","463,000","10","320,640","0.72","0.72","0.68","0.68","-","0.11","0.69","10","0.70","10","0.00",
="04688U","聯發科中信54售01","0","0","0","--","--","--","--"," ","0.00","1.52","10","1.54","10","0.00",
="046897","中砂統一52購01","67,000","5","26,780","0.38","0.42","0.37","0.40","+","0.04","0.38","10","0.39","10","339.00",
="04689U","長榮中信54售01","10,000","1","17,900","1.79","1.79","1.79","1.79","+","0.02","1.81","10","1.83","10","0.00",
="046900","台積電統一52購05","82,000","4","111,180","1.32","1.38","1.32","1.38","+","0.15","1.33","10","1.35","10","1,340.00",
="046902","智原統一52購01","111,000","4","7,680","0.06","0.08","0.06","0.08","+","0.04","0.08","40","0.09","2","174.00",
="046903","欣興統一52購01","30,000","1","7,200","0.24","0.24","0.24","0.24","+","0.04","0.22","5","0.27","210","159.00",
="046905","愛普統一4C購01","433,000","8","76,550","0.18","0.19","0.17","0.19","-","0.01","0.18","10","0.19","10","344.00",
="046906","晶心科統一52購01","129,000","5","33,190","0.24","0.26","0.24","0.26","X","0.00","0.24","10","0.25","10","325.50",
="046907","世紀鋼統一52購01","0","0","0","--","--","--","--"," ","0.00","0.17","10","0.18","10","171.50",
="04690U","川湖元富51售04","0","0","0","--","--","--","--"," ","0.00","0.29","25","0.30","25","0.00",
="04691U","台達電元富51售04","0","0","0","--","--","--","--"," ","0.00","0.03","100","0.09","10","0.00",
="04692U","智邦元富51售05","0","0","0","--","--","--","--"," ","0.00","0.40","25","0.41","25","0.00",
="04693U","台光電元富51售06","0","0","0","--","--","--","--"," ","0.00","0.30","25","0.31","25","0.00",
="04694U","智原元富51售06","0","0","0","--","--","--","--"," ","0.00","1.47","25","1.49","25","0.00",
="04695U","台灣50國票53售03","0","0","0","--","--","--","--"," ","0.00","0.64","25","0.65","10","0.00",
="04696U","台灣50國泰53售02","0","0","0","--","--","--","--"," ","0.00","0.44","499","--","0","0.00",
="04697U","川湖國泰53售01","20,000","3","8,150","0.39","0.43","0.39","0.43","X","0.00","0.40","499","0.41","100","0.00",
="04698U","智邦國泰53售01","0","0","0","--","--","--","--"," ","0.00","0.31","499","0.36","499","0.00",
="04699U","台積電台新51售04","0","0","0","--","--","--","--"," ","0.00","0.24","20","0.25","10","0.00",
="04700U","台灣50永豐51售09","0","0","0","--","--","--","--"," ","0.00","0.24","10","0.25","10","0.00",
="04701U","香港2X永豐53售01","3,000","1","3,930","1.31","1.31","1.31","1.31","X","0.00","1.30","499","1.31","10","0.00",
="04702U","鴻海永豐51售05","0","0","0","--","--","--","--"," ","0.00","0.10","499","0.11","10","0.00",
="04703U","智原永豐53售02","3,000","1","3,600","1.20","1.20","1.20","1.20"," ","0.00","1.11","499","1.12","10","0.00",
="04704U","創意永豐53售02","0","0","0","--","--","--","--"," ","0.00","0.62","499","0.63","10","0.00",
="04705U","世芯永豐51售10","0","0","0","--","--","--","--"," ","0.00","1.89","499","1.90","10","0.00",
="047062","元債2X元富58購03","0","0","0","--","--","--","--"," ","0.00","0.25","25","0.26","25","7.35",
="04706U","台玻富邦53售01","131,000","5","29,010","0.21","0.23","0.21","0.23","+","0.02","0.23","30","0.24","45","0.00",
="04707U","台積電富邦53售05","11,000","4","5,320","0.51","0.51","0.47","0.47","-","0.10","0.46","32","0.47","10","0.00",
="04708U","智原富邦51售02","45,000","1","36,450","0.81","0.81","0.81","0.81","-","0.11","0.84","30","0.85","10","0.00",
="04709U","台灣50元大51售17","0","0","0","--","--","--","--"," ","0.00","0.55","499","0.56","10","0.00",
="047101","川湖統一58購01","0","0","0","--","--","--","--"," ","0.00","1.93","10","2.02","10","3,220.00",
="047102","鴻海統一58購02","3,001,000","26","3,029,620","1.01","1.02","1.00","1.00","+","0.05","1.00","10","1.01","10","221.00",
="047104","技嘉統一4C購01","0","0","0","--","--","--","--"," ","0.00","0.64","10","0.66","10","283.00",
="047105","毅嘉統一51購01","0","0","0","--","--","--","--"," ","0.00","0.98","10","1.02","10","53.50",
="047107","大立光統一4C購01","120,000","1","13,200","0.11","0.11","0.11","0.11","X","0.00","0.11","10","0.12","10","2,360.00",
="047108","聯陽統一4C購01","5,000","1","950","0.19","0.19","0.19","0.19","X","0.00","0.19","22","0.20","10","135.00",
="04710U","上証2X元大51售03","21,000","2","8,050","0.38","0.45","0.38","0.45","+","0.05","0.43","250","0.44","100","0.00",
="047110","亞光統一58購01","31,000","3","27,040","0.88","0.88","0.84","0.84","-","0.05","0.84","10","0.85","10","161.50",
="047113","智原統一4B購01","0","0","0","--","--","--","--"," ","0.00","--","0","0.06","46","174.00",
="047115","華晶科統一51購01","0","0","0","--","--","--","--"," ","0.00","1.11","20","1.16","10","52.80",
="047118","新日興統一51購01","482,000","5","208,590","0.46","0.46","0.43","0.43","-","0.02","0.41","10","0.42","10","237.00",
="04711U","國企2X元大51售02","270,000","15","338,700","1.21","1.28","1.21","1.27","+","0.06","1.27","250","1.28","100","0.00",
="047120","上緯控統一4C購01","12,000","3","4,080","0.34","0.34","0.34","0.34","-","0.01","0.31","10","0.33","10","114.50",
="047122","樺漢統一4C購01","0","0","0","--","--","--","--"," ","0.00","0.26","10","0.27","10","299.00",
="04712U","FBNQ2X元大51售04","344,000","12","272,160","0.79","0.80","0.79","0.80","-","0.05","0.79","256","0.80","100","0.00",
="04713U","FBNQ2X元大53售03","13,000","2","9,650","0.75","0.75","0.74","0.74","-","0.05","0.74","250","0.75","100","0.00",
="04714U","川湖元大51售14","950,000","4","159,500","0.17","0.17","0.16","0.17","+","0.03","0.17","49","0.18","200","0.00",
="04715U","台積電元大51售80","630,000","12","37,110","0.06","0.06","0.05","0.05","-","0.03","0.05","945","0.06","499","0.00",
="04716U","智原元大51售18","0","0","0","--","--","--","--"," ","0.00","1.20","499","1.21","200","0.00",
="04717U","健策元大51售03","0","0","0","--","--","--","--"," ","0.00","0.20","50","0.29","10","0.00",
="04718U","精成科元大51售13","0","0","0","--","--","--","--"," ","0.00","0.69","499","0.70","200","0.00",
="04719U","飛捷元大51售06","0","0","0","--","--","--","--"," ","0.00","1.13","499","1.15","200","0.00",
="04720U","川湖凱基51售10","2,000","1","1,400","0.70","0.70","0.70","0.70","+","0.03","0.69","100","0.71","10","0.00",
="04721U","台積電凱基53售30","0","0","0","--","--","--","--"," ","0.00","0.23","100","0.33","10","0.00",
="04722U","旺宏凱基51售02","21,000","3","5,200","0.19","0.30","0.19","0.30","+","0.05","0.19","11","0.29","10","0.00",
="04723U","智邦凱基51售06","0","0","0","--","--","--","--"," ","0.00","0.05","100","0.15","10","0.00",
="047243","士電統一51購01","0","0","0","--","--","--","--"," ","0.00","0.10","10","0.11","10","183.00",
="047244","亞力統一4C購01","0","0","0","--","--","--","--"," ","0.00","0.04","10","0.05","10","102.50",
="047245","大山統一52購01","0","0","0","--","--","--","--"," ","0.00","0.16","10","0.17","10","48.05",
="047246","上銀統一4C購01","0","0","0","--","--","--","--"," ","0.00","0.19","115","0.20","30","217.50",
="047249","華通統一4B購01","3,000","1","1,200","0.40","0.40","0.40","0.40","+","0.01","0.24","10","0.34","10","77.00",
="04724U","聯發科凱基51售16","50,000","7","78,380","1.56","1.62","1.56","1.62","+","0.11","1.65","100","1.66","10","0.00",
="047250","華泰統一4C購01","30,000","2","8,700","0.29","0.29","0.29","0.29","X","0.00","0.28","10","0.29","10","47.70",
="047251","海悅統一4B購02","0","0","0","--","--","--","--"," ","0.00","--","0","0.16","2","89.00",
="047253","大同統一4C購01","0","0","0","--","--","--","--"," ","0.00","0.13","10","0.14","10","39.85",
="047254","微星統一51購01","0","0","0","--","--","--","--"," ","0.00","0.03","10","0.10","135","119.50",
="047255","偉詮電統一4C購01","0","0","0","--","--","--","--"," ","0.00","0.20","10","0.21","10","56.00",
="047257","京元電統一4C購01","48,000","4","26,400","0.55","0.55","0.55","0.55","-","0.15","0.54","10","0.55","5","167.00",
="047259","全新統一4C購01","101,000","2","36,400","0.40","0.40","0.35","0.35","-","0.06","0.35","10","0.36","10","160.00",
="04725U","智原凱基51售08","0","0","0","--","--","--","--"," ","0.00","1.53","10","1.54","10","0.00",
="047260","德律統一4C購03","0","0","0","--","--","--","--"," ","0.00","0.79","10","0.82","10","189.00",
="047262","蔚華科統一4C購01","20,000","1","1,800","0.09","0.09","0.09","0.09","X","0.00","0.08","10","0.10","10","57.50",
="047265","華擎統一4C購01","0","0","0","--","--","--","--"," ","0.00","0.86","10","0.87","10","278.00",
="047267","鈺邦統一4C購01","728,000","23","399,730","0.58","0.58","0.45","0.55","-","0.04","0.50","10","0.51","10","198.50",
="047268","鈺邦統一52購01","401,000","13","203,560","0.54","0.54","0.44","0.49","-","0.07","0.48","10","0.49","10","198.50",
="047269","台虹統一4B購01","0","0","0","--","--","--","--"," ","0.00","0.58","10","0.60","10","63.30",
="04726U","臺股指凱基53售13","55,000","6","50,100","0.93","0.93","0.88","0.89","-","0.13","0.89","95","0.90","10","0.00",
="047270","世紀鋼統一4C購01","0","0","0","--","--","--","--"," ","0.00","0.06","10","0.07","10","171.50",
="047271","世紀鋼統一4C購02","0","0","0","--","--","--","--"," ","0.00","0.11","10","0.12","10","171.50",
="04727U","神達群益53售04","5,000","1","1,300","0.26","0.26","0.26","0.26","X","0.00","0.27","10","0.30","6","0.00",
="04728U","上証2X永豐53售02","0","0","0","--","--","--","--"," ","0.00","0.43","499","0.44","10","0.00",
="04729U","華碩永豐51售02","0","0","0","--","--","--","--"," ","0.00","0.77","499","0.78","10","0.00",
="04730U","亞翔永豐51售04","0","0","0","--","--","--","--"," ","0.00","0.52","499","0.53","10","0.00",
="04731U","南電永豐51售09","530,000","6","232,100","0.39","0.45","0.39","0.45","-","0.09","0.46","10","0.47","10","0.00",
="04732U","台灣50凱基53售06","0","0","0","--","--","--","--"," ","0.00","0.42","100","0.43","10","0.00",
="04733U","國企2X凱基51售03","20,000","1","16,400","0.82","0.82","0.82","0.82","X","0.00","0.81","10","0.82","30","0.00",
="04734U","FBNQ2X凱基51售03","664,000","7","491,360","0.74","0.74","0.74","0.74","-","0.05","0.73","10","0.74","50","0.00",
="04735U","南亞凱基51售03","0","0","0","--","--","--","--"," ","0.00","0.38","10","0.48","10","0.00",
="047367","台積電凱基58購05","55,000","2","110,450","1.99","2.01","1.99","2.01","X","0.00","2.03","50","2.13","10","1,340.00",
="047368","台積電凱基58購06","0","0","0","--","--","--","--"," ","0.00","2.16","100","2.26","10","1,340.00",
="04736U","台玻凱基51售06","0","0","0","--","--","--","--"," ","0.00","0.23","10","0.33","10","0.00",
="04737U","台積電凱基53售31","0","0","0","--","--","--","--"," ","0.00","0.22","100","0.32","10","0.00",
="04738U","可成凱基51售01","0","0","0","--","--","--","--"," ","0.00","1.23","10","1.25","10","0.00",
="04739U","信邦凱基51售01","25,000","1","31,750","1.27","1.27","1.27","1.27","-","0.02","1.27","10","1.37","10","0.00",
="04740P","上証2X群益4A售02","0","0","0","--","--","--","--"," ","0.00","--","0","--","0","0.00",
="04740U","健策凱基51售06","0","0","0","--","--","--","--"," ","0.00","0.15","100","--","0","0.00",
="04741P","滬深2X群益4A售02","0","0","0","--","--","--","--"," ","0.00","--","0","--","0","0.00",
="04741U","南電凱基51售11","349,000","13","368,680","0.99","1.17","0.97","1.17","-","0.02","1.17","100","1.18","10","0.00",
="047428","南亞科統一4C購01","10,000","9","11,300","1.33","1.33","1.00","1.33","+","0.02","1.04","2","1.31","3","81.00",
="047429","精銳統一51購01","0","0","0","--","--","--","--"," ","0.00","0.95","10","0.96","10","695.00",
="04742P","FBNQ2X群益4A售01","0","0","0","--","--","--","--"," ","0.00","--","0","--","0","0.00",
="04742U","南電凱基53售04","0","0","0","--","--","--","--"," ","0.00","1.22","100","1.23","10","0.00",
="047430","嘉聯益統一4C購01","277,000","8","27,030","0.09","0.10","0.09","0.10","+","0.03","0.07","30","0.10","10","16.00",
="047439","台積電凱基58購07","10,000","2","23,000","2.30","2.30","2.30","2.30","+","0.15","2.28","44","2.38","40","1,340.00",
="04743U","昇貿元富51售02","392,000","4","120,420","0.31","0.33","0.30","0.32","+","0.03","0.33","25","0.35","25","0.00",
="047440","台積電凱基58購08","0","0","0","--","--","--","--"," ","0.00","2.16","100","2.26","10","1,340.00",
="047441","台積電凱基58購09","31,000","2","68,930","2.21","2.23","2.21","2.23","X","0.00","2.19","100","2.29","10","1,340.00",
="04744P","台積電群益4A售04","0","0","0","--","--","--","--"," ","0.00","--","0","--","0","0.00",
="04744U","南電元富51售06","203,000","6","119,720","0.56","0.63","0.56","0.63","-","0.05","0.67","25","0.68","25","0.00",
="04745P","台積電群益4A售05","0","0","0","--","--","--","--"," ","0.00","--","0","--","0","0.00",
="04745U","臺股指元富51售24","2,355,000","27","1,798,710","0.79","0.81","0.72","0.75","-","0.12","0.74","25","0.75","24","0.00",
="04746U","滬深2X國泰53售01","5,000","2","2,080","0.41","0.42","0.41","0.42","+","0.05","0.40","499","0.41","100","0.00",
="04747U","台積電國泰53售01","0","0","0","--","--","--","--"," ","0.00","0.11","5","--","0","0.00",
="04748U","智邦國泰53售02","0","0","0","--","--","--","--"," ","0.00","0.37","499","0.42","499","0.00",
="047495","鴻海元富4B購01","589,000","8","418,020","0.69","0.73","0.68","0.71","+","0.12","0.71","25","0.72","25","221.00",
="047496","台積電元富4B購01","0","0","0","--","--","--","--"," ","0.00","0.02","30","--","0","1,340.00",
="04749U","台光電國泰53售02","1,005,000","10","299,350","0.34","0.34","0.26","0.27","X","0.00","0.28","499","0.29","100","0.00",
="047500","大立光元富52購01","0","0","0","--","--","--","--"," ","0.00","0.28","25","0.29","25","2,360.00",
="04750U","健策國泰53售01","0","0","0","--","--","--","--"," ","0.00","0.10","499","--","0","0.00",
="04751U","南電國泰53售02","553,000","6","243,540","0.38","0.45","0.38","0.45"," ","0.00","0.47","499","0.49","100","0.00",
="04752U","台玻群益53售03","0","0","0","--","--","--","--"," ","0.00","0.21","25","0.31","10","0.00",
="04753U","台達電群益51售10","0","0","0","--","--","--","--"," ","0.00","0.01","998","0.10","90","0.00",
="04754U","旺宏群益55售02","1,142,000","23","577,800","0.52","0.55","0.46","0.51","-","0.07","0.55","1","--","0","0.00",
="04755U","台光電群益51售16","0","0","0","--","--","--","--"," ","0.00","--","0","--","0","0.00",
="04756U","聯發科群益53售02","76,000","2","60,240","0.79","0.81","0.79","0.81","+","0.06","0.34","29","--","0","0.00",
="047573","大同統一4C購02","0","0","0","--","--","--","--"," ","0.00","0.07","10","0.17","10","39.85",
="047575","亞光統一4C購01","30,000","2","21,000","0.70","0.70","0.70","0.70"," ","0.00","0.66","10","0.67","10","161.50",
="047576","亞光統一52購01","176,000","2","103,940","0.61","0.61","0.59","0.59","-","0.03","0.58","10","0.59","10","161.50",
="047577","亞光統一58購02","172,000","2","116,950","0.68","0.68","0.67","0.67","-","0.02","0.66","30","0.67","10","161.50",
="047579","龍德船統一4C購02","521,000","12","231,660","0.49","0.49","0.39","0.41","-","0.11","0.40","10","0.41","10","151.50",
="04757U","智原群益55售01","66,000","2","138,600","2.10","2.10","2.10","2.10","-","0.17","2.10","10","2.20","10","0.00",
="04758U","T50正2富邦55售01","0","0","0","--","--","--","--"," ","0.00","0.56","100","0.57","98","0.00",
="04759U","華城元大51售17","6,000","2","15,720","2.62","2.62","2.62","2.62","-","0.01","2.61","300","2.63","100","0.00",
="04760U","鴻海元大51售37","299,000","12","170,900","0.60","0.60","0.55","0.55","-","0.10","0.55","499","0.56","200","0.00",
="04761U","台積電元大51售81","1,188,000","52","615,480","0.48","0.54","0.48","0.50","-","0.10","0.49","10","0.52","40","0.00",
="04762U","神達元大51售20","64,000","6","35,900","0.54","0.57","0.54","0.55","-","0.08","0.52","499","0.53","200","0.00",
="04763U","南電元大51售14","0","0","0","--","--","--","--"," ","0.00","0.75","499","0.76","200","0.00",
="04764U","南電元大51售15","0","0","0","--","--","--","--"," ","0.00","0.73","499","0.83","10","0.00",
="04765P","中502X元富4A售02","0","0","0","--","--","--","--"," ","0.00","--","0","0.10","10","0.00",
="04765U","南電元大51售16","110,000","8","104,120","0.92","1.07","0.89","1.07","+","0.08","1.01","499","1.11","10","0.00",
="04766U","臺股指元大51售32","0","0","0","--","--","--","--"," ","0.00","0.41","100","0.46","10","0.00",
="04767U","臺股指元大51售33","80,000","1","32,000","0.40","0.40","0.40","0.40","-","0.04","0.37","100","0.40","1","0.00",
="047687","美債2X元大4B購01","0","0","0","--","--","--","--"," ","0.00","--","0","0.05","130","7.33",
="04768U","臺股指元大51售34","3,000","1","1,080","0.36","0.36","0.36","0.36","-","0.05","0.35","100","0.36","10","0.00",
="04769U","南電統一51售05","0","0","0","--","--","--","--"," ","0.00","0.21","10","0.22","10","0.00",
="04770U","南電統一53售02","2,385,000","37","479,100","0.19","0.23","0.19","0.23","+","0.01","0.21","10","0.22","10","0.00",
="04771U","台灣50中信53售02","0","0","0","--","--","--","--"," ","0.00","0.26","499","0.27","100","0.00",
="047725","和大統一52購01","200,000","2","20,000","0.10","0.10","0.10","0.10","-","0.01","0.10","10","0.11","10","65.30",
="047726","中砂統一4B購01","0","0","0","--","--","--","--"," ","0.00","0.15","12","0.16","10","339.00",
="047728","皇翔統一4C購01","0","0","0","--","--","--","--"," ","0.00","0.04","10","0.10","10","43.20",
="04772U","T50正2中信53售03","332,000","17","270,280","0.82","0.82","0.77","0.78","-","0.08","0.78","301","0.79","300","0.00",
="047730","德律統一54購01","399,000","3","186,930","0.47","0.47","0.46","0.46","-","0.05","0.46","10","0.47","10","189.00",
="047731","昇貿統一4C購01","16,000","4","26,430","1.57","1.75","1.57","1.75","-","0.02","1.52","10","1.62","10","114.00",
="047733","穎崴統一58購01","221,000","12","241,710","1.10","1.11","1.05","1.08","+","0.01","1.06","10","1.07","10","2,015.00",
="04773U","南電中信51售03","204,000","9","50,200","0.23","0.31","0.23","0.31"," ","0.00","0.31","499","0.32","30","0.00",
="04774U","台灣50富邦53售06","0","0","0","--","--","--","--"," ","0.00","0.32","100","0.35","98","0.00",
="04775U","台灣50富邦54售04","0","0","0","--","--","--","--"," ","0.00","0.28","100","0.29","98","0.00",
="047763","T50反1元富4B購01","0","0","0","--","--","--","--"," ","0.00","0.07","15","0.10","10","18.29",
="04776U","台灣50富邦56售03","0","0","0","--","--","--","--"," ","0.00","0.33","100","0.34","98","0.00",
="04777U","台玻富邦51售02","0","0","0","--","--","--","--"," ","0.00","0.35","30","0.36","10","0.00",
="04778U","台光電富邦51售04","20,000","2","1,600","0.08","0.08","0.08","0.08","-","0.02","0.07","100","0.08","28","0.00",
="04779U","南電富邦51售03","0","0","0","--","--","--","--"," ","0.00","0.27","30","0.28","10","0.00",
="04780U","台灣50元富51售13","6,000","1","3,660","0.61","0.61","0.61","0.61","X","0.00","0.54","25","0.55","25","0.00",
="04781U","台灣50元富51售14","22,000","4","14,680","0.70","0.70","0.63","0.63","-","0.16","0.61","25","0.62","25","0.00",
="047826","台積電群益4A購01","21,000","3","31,710","1.45","1.57","1.45","1.57","X","0.00","1.45","80","--","0","1,340.00",
="047827","台積電群益4C購01","0","0","0","--","--","--","--"," ","0.00","--","0","--","0","1,340.00",
="04782U","T50正2元富54售04","27,000","11","19,810","0.76","0.76","0.71","0.72","-","0.08","0.71","27","0.72","25","0.00",
="04783U","台玻元富51售03","0","0","0","--","--","--","--"," ","0.00","1.16","25","1.17","25","0.00",
="047846","元債2X凱基4B購01","0","0","0","--","--","--","--"," ","0.00","--","0","0.10","10","7.35",
="04784U","鴻海元富51售07","0","0","0","--","--","--","--"," ","0.00","0.44","25","0.45","25","0.00",
="04785U","祥碩元富51售04","0","0","0","--","--","--","--"," ","0.00","2.98","25","3.01","25","0.00",
="04786U","聯茂元富51售03","80,000","1","53,600","0.67","0.67","0.67","0.67"," ","0.00","0.71","25","0.72","25","0.00",
="04787U","台玻國票53售02","20,000","2","8,700","0.43","0.44","0.43","0.44","+","0.03","0.44","25","0.47","10","0.00",
="04788U","智原國票53售02","20,000","1","18,800","0.94","0.94","0.94","0.94","X","0.00","0.99","25","1.00","10","0.00",
="04789U","貿聯國票53售01","0","0","0","--","--","--","--"," ","0.00","0.48","25","0.50","10","0.00",
="04790U","智邦永豐53售02","18,000","1","5,760","0.32","0.32","0.32","0.32","-","0.03","0.31","10","0.32","10","0.00",
="04791U","奇鋐永豐51售06","38,000","3","16,760","0.42","0.46","0.42","0.46","-","0.02","0.49","10","0.50","10","0.00",
="04792U","AES永豐53售03","0","0","0","--","--","--","--"," ","0.00","0.68","10","0.69","10","0.00",
="04793U","中502X元大53售03","0","0","0","--","--","--","--"," ","0.00","0.76","100","0.77","50","0.00",
="047944","愛山林統一4C購01","0","0","0","--","--","--","--"," ","0.00","0.01","10","0.10","10","81.70",
="047949","元債2X群益58購01","0","0","0","--","--","--","--"," ","0.00","0.12","25","0.13","10","7.35",
="04794U","FB越南元大53售04","270,000","4","149,000","0.56","0.56","0.54","0.55","+","0.06","0.54","100","0.55","50","0.00",
="04795U","鴻海元大51售39","250,000","5","22,100","0.09","0.10","0.08","0.08","X","0.00","0.08","499","0.09","200","0.00",
="04796U","漢唐元大51售14","0","0","0","--","--","--","--"," ","0.00","0.51","499","0.52","10","0.00",
="04797U","大立光元大51售15","3,000","1","3,690","1.23","1.23","1.23","1.23","+","0.07","1.18","499","1.20","200","0.00",
="04798U","智原元大51售19","278,000","3","453,880","1.63","1.65","1.62","1.62","-","0.18","1.66","400","1.67","200","0.00",
="04799U","貿聯元大51售15","77,000","1","66,220","0.86","0.86","0.86","0.86","+","0.07","0.87","512","0.89","200","0.00",
="04800U","台塑凱基51售07","0","0","0","--","--","--","--"," ","0.00","1.73","10","1.74","10","0.00",
="04801U","台玻凱基51售08","0","0","0","--","--","--","--"," ","0.00","1.04","10","1.05","10","0.00",
="048029","元債2X凱基54購01","0","0","0","--","--","--","--"," ","0.00","0.03","499","0.13","10","7.35",
="04802U","鴻海凱基51售15","0","0","0","--","--","--","--"," ","0.00","0.36","100","0.46","10","0.00",
="04803U","台積電凱基51售32","0","0","0","--","--","--","--"," ","0.00","0.30","100","0.40","10","0.00",
="04804U","智邦凱基51售07","2,000","1","960","0.48","0.48","0.48","0.48","-","0.05","0.47","100","0.48","40","0.00",
="04805U","聯發科凱基53售03","76,000","2","63,320","0.82","0.84","0.82","0.84","+","0.07","0.88","100","0.89","10","0.00",
="048064","亞力統一52購01","4,000","1","440","0.11","0.11","0.11","0.11","X","0.00","0.10","10","0.11","10","102.50",
="048065","和大統一4B購01","0","0","0","--","--","--","--"," ","0.00","0.06","10","0.07","10","65.30",
="048066","金像電統一4C購01","25,000","1","42,750","1.71","1.71","1.71","1.71","+","0.07","1.67","10","1.68","10","455.00",
="048067","威盛統一54購01","0","0","0","--","--","--","--"," ","0.00","0.03","10","0.10","10","59.50",
="048068","京元電統一4C購02","0","0","0","--","--","--","--"," ","0.00","0.53","10","0.54","1","167.00",
="048069","聯發科統一4C購05","0","0","0","--","--","--","--"," ","0.00","0.14","10","0.15","10","1,375.00",
="04806U","長榮凱基51售16","0","0","0","--","--","--","--"," ","0.00","1.72","390","--","0","0.00",
="048071","奇鋐統一4C購01","48,000","2","51,980","1.11","1.11","0.98","0.98","X","0.00","0.98","90","--","0","1,015.00",
="048072","益登統一51購01","382,000","63","144,110","0.28","0.41","0.28","0.41","+","0.13","0.41","3","--","0","42.55",
="048073","蔚華科統一52購01","40,000","1","3,600","0.09","0.09","0.09","0.09","X","0.00","0.09","10","0.10","10","57.50",
="048075","辛耘統一4C購02","0","0","0","--","--","--","--"," ","0.00","0.05","10","0.06","10","388.00",
="048076","辛耘統一58購01","3,000","1","630","0.21","0.21","0.21","0.21","X","0.00","0.20","10","0.21","10","388.00",
="048078","正文統一4C購03","0","0","0","--","--","--","--"," ","0.00","0.01","10","0.10","10","25.35",
="048079","十銓統一52購01","67,000","5","8,310","0.10","0.13","0.10","0.13"," ","0.00","0.11","51","0.13","10","88.50",
="04807U","亞翔凱基51售08","6,000","2","6,720","1.12","1.12","1.12","1.12","X","0.00","1.06","100","1.07","10","0.00",
="048080","超眾統一54購01","65,000","4","9,650","0.14","0.15","0.14","0.15"," ","0.00","0.14","10","0.15","20","157.50",
="048081","超眾統一56購01","0","0","0","--","--","--","--"," ","0.00","0.13","10","0.14","10","157.50",
="048082","超眾統一58購01","60,000","1","11,400","0.19","0.19","0.19","0.19"," ","0.00","0.18","10","0.19","10","157.50",
="04808U","臺股指凱基51售29","27,000","3","12,850","0.50","0.50","0.45","0.45","-","0.09","0.46","100","0.47","10","0.00",
="04809U","南亞群益51售03","0","0","0","--","--","--","--"," ","0.00","0.62","10","--","0","0.00",
="04810U","台積電群益51售29","471,000","7","241,020","0.52","0.52","0.46","0.47","-","0.13","0.42","3","--","0","0.00",
="04811U","台光電群益51售17","0","0","0","--","--","--","--"," ","0.00","0.13","30","--","0","0.00",
="04812U","AES群益51售03","0","0","0","--","--","--","--"," ","0.00","0.86","100","0.87","100","0.00",
="04813U","南電群益51售05","0","0","0","--","--","--","--"," ","0.00","0.37","100","0.38","100","0.00",
="04814U","T50正2中信57售01","75,000","6","41,740","0.57","0.58","0.55","0.55","-","0.04","0.54","101","0.55","100","0.00",
="04815U","臺股指中信54售06","1,000","1","380","0.38","0.38","0.38","0.38","X","0.00","0.37","499","0.38","100","0.00",
="04816U","金像電永豐52售06","0","0","0","--","--","--","--"," ","0.00","0.41","10","0.42","10","0.00",
="04817U","欣興永豐52售01","30,000","2","11,200","0.37","0.38","0.37","0.38","X","0.00","0.40","499","0.41","10","0.00",
="04818U","台塑統一52售02","50,000","4","38,900","0.77","0.79","0.77","0.79","-","0.01","0.79","10","0.80","10","0.00",
="04819U","南亞統一52售02","20,000","2","10,300","0.48","0.55","0.48","0.55","-","0.02","0.59","10","0.60","10","0.00",
="04820U","台化統一52售02","0","0","0","--","--","--","--"," ","0.00","0.50","10","0.51","10","0.00",
="04821U","台玻統一52售03","10,000","1","2,500","0.25","0.25","0.25","0.25","X","0.00","0.25","10","0.27","10","0.00",
="048227","新日興元富52購01","20,000","1","14,800","0.74","0.74","0.74","0.74","+","0.06","0.30","33","--","0","237.00",
="04822U","南電統一53售03","0","0","0","--","--","--","--"," ","0.00","0.34","10","0.35","10","0.00",
="04823U","台灣50元富52售02","9,000","1","2,880","0.32","0.32","0.32","0.32","X","0.00","0.30","25","0.31","25","0.00",
="048247","川湖統一54購01","3,000","1","4,980","1.66","1.66","1.66","1.66","X","0.00","1.64","10","1.73","10","3,220.00",
="048248","台積電統一4A購08","0","0","0","--","--","--","--"," ","0.00","0.99","10","1.00","10","1,340.00",
="04824U","台灣50元富52售03","25,000","2","9,650","0.41","0.41","0.38","0.38","-","0.09","0.35","28","0.36","25","0.00",
="048252","融程電統一52購01","133,000","7","57,450","0.44","0.46","0.43","0.45","-","0.02","0.44","10","0.45","10","184.00",
="048254","精銳統一54購01","19,000","2","15,750","0.83","0.83","0.81","0.81","-","0.01","0.81","10","0.82","10","695.00",
="04825U","宏達電元富52售01","647,000","22","159,500","0.24","0.26","0.24","0.25","-","0.02","0.25","75","0.26","25","0.00",
="04826U","AES元富52售03","0","0","0","--","--","--","--"," ","0.00","1.17","25","1.18","25","0.00",
="04827U","漢唐國泰53售01","60,000","2","32,850","0.55","0.55","0.52","0.52","+","0.03","0.48","499","0.49","499","0.00",
="04828U","台塑國票52售02","0","0","0","--","--","--","--"," ","0.00","1.92","25","1.93","10","0.00",
="04829U","穎崴國票53售03","990,000","12","93,500","0.09","0.10","0.08","0.09","-","0.01","0.09","25","0.10","10","0.00",
="04830U","AES國票52售02","0","0","0","--","--","--","--"," ","0.00","1.50","25","1.51","10","0.00",
="04831U","AES群益52售03","1,000","1","1,730","1.73","1.73","1.73","1.73","X","0.00","1.73","100","1.75","100","0.00",
="04832U","台灣50凱基53售07","150,000","14","79,100","0.54","0.55","0.51","0.51","X","0.00","0.50","5","1.00","300","0.00",
="04833U","T50正2凱基54售02","0","0","0","--","--","--","--"," ","0.00","0.51","100","0.52","10","0.00",
="04834U","華城凱基52售03","117,000","3","228,170","1.99","2.01","1.93","1.93"," ","0.00","1.99","10","2.09","10","0.00",
="04835U","聯電凱基52售01","6,000","3","9,020","1.61","1.61","1.43","1.43","-","0.25","1.52","10","1.62","10","0.00",
="04836U","鴻海凱基56售02","23,000","1","18,630","0.81","0.81","0.81","0.81","-","0.08","0.78","499","0.79","499","0.00",
="048375","鴻海元富4B購02","803,000","61","1,472,010","1.61","1.97","1.61","1.92","+","0.38","1.88","25","1.92","25","221.00",
="048376","台積電元富4B購02","53,000","11","238,940","3.98","4.60","3.98","4.42","+","0.90","2.02","1","--","0","1,340.00",
="048377","台積電元富52購01","0","0","0","--","--","--","--"," ","0.00","2.22","30","--","0","1,340.00",
="04837U","智原凱基52售04","0","0","0","--","--","--","--"," ","0.00","1.40","10","1.41","10","0.00",
="04838U","世芯凱基53售07","0","0","0","--","--","--","--"," ","0.00","1.18","100","1.20","10","0.00",
="04839P","台積電凱基56售08","121,000","12","52,010","0.47","0.47","0.41","0.41","-","0.07","0.42","100","0.49","1","0.00",
="04839U","AES凱基52售02","25,000","2","28,250","1.13","1.13","1.13","1.13","+","0.02","1.13","100","1.15","10","0.00",
="04840U","南電凱基53售05","0","0","0","--","--","--","--"," ","0.00","0.54","100","--","0","0.00",
="04841U","元債2X元大53售07","0","0","0","--","--","--","--"," ","0.00","0.48","250","0.49","100","0.00",
="04842U","元債2X元大54售03","0","0","0","--","--","--","--"," ","0.00","0.24","250","0.25","100","0.00",
="04843U","台塑元大52售03","3,000","1","7,620","2.54","2.54","2.54","2.54","X","0.00","2.65","300","2.66","100","0.00",
="04844U","鴻海元大52售10","80,000","3","27,300","0.36","0.36","0.33","0.33","-","0.05","0.32","499","0.33","200","0.00",
="04845U","亞翔元大52售03","0","0","0","--","--","--","--"," ","0.00","1.06","499","1.07","200","0.00",
="048466","台灣50元富58購01","0","0","0","--","--","--","--"," ","0.00","6.60","25","6.65","25","58.45",
="04846U","南電元大52售02","0","0","0","--","--","--","--"," ","0.00","0.73","499","0.74","200","0.00",
="048473","川湖元富58購03","0","0","0","--","--","--","--"," ","0.00","4.89","25","4.99","10","3,220.00",
="048474","鴻海元富58購01","6,000","1","11,280","1.88","1.88","1.88","1.88","X","0.00","1.87","25","1.88","25","221.00",
="048475","台積電元富58購01","11,000","1","30,690","2.79","2.79","2.79","2.79","X","0.00","1.09","30","--","0","1,340.00",
="048478","創意元富58購01","27,000","2","35,830","1.33","1.33","1.31","1.31","+","0.09","1.31","25","1.38","8","1,315.00",
="048479","世芯元富58購01","58,000","2","129,880","2.36","2.36","2.22","2.22","-","0.21","2.22","25","2.23","25","3,700.00",
="04847U","南亞中信52售02","32,000","8","17,590","0.61","0.71","0.53","0.71","+","0.02","0.72","10","0.73","11","0.00",
="048481","材料元富4B購01","10,000","1","600","0.06","0.06","0.06","0.06"," ","0.00","0.05","25","0.10","10","66.40",
="04848U","南電統一52售03","415,000","6","20,760","0.06","0.06","0.05","0.05"," ","0.00","0.04","10","0.05","10","0.00",
="048499","美債2X群益58購01","0","0","0","--","--","--","--"," ","0.00","0.16","10","0.26","10","7.33",
="04849U","南亞元富52售03","5,000","5","5,100","0.97","1.07","0.97","1.07","+","0.04","1.09","25","1.10","25","0.00",
="04850U","國巨元富52售02","9,000","1","2,790","0.31","0.31","0.31","0.31","+","0.07","0.50","25","0.51","25","0.00",
="048510","士電統一58購01","0","0","0","--","--","--","--"," ","0.00","0.32","10","0.33","10","183.00",
="048514","皇昌統一52購01","0","0","0","--","--","--","--"," ","0.00","0.99","10","1.00","10","72.70",
="048515","皇昌統一52購02","0","0","0","--","--","--","--"," ","0.00","0.68","10","0.69","10","72.70",
="048519","碩天統一49購02","0","0","0","--","--","--","--"," ","0.00","--","0","0.01","10","217.00",
="04851U","台積電元富52售06","12,000","2","5,200","0.44","0.44","0.42","0.42","X","0.00","0.08","21","--","0","0.00",
="048520","碩天統一4C購01","0","0","0","--","--","--","--"," ","0.00","0.04","10","0.05","10","217.00",
="048522","十銓統一4B購03","0","0","0","--","--","--","--"," ","0.00","0.01","509","0.02","10","88.50",
="04852U","台積電元富52售07","0","0","0","--","--","--","--"," ","0.00","0.17","10","--","0","0.00",
="04853U","智邦元富52售01","80,000","1","60,000","0.75","0.75","0.75","0.75","-","0.04","0.72","25","0.74","25","0.00",
="04854U","健策元富52售02","200,000","1","20,000","0.10","0.10","0.10","0.10","-","0.02","0.10","524","0.11","25","0.00",
="04855U","南亞國票53售05","1,000","1","860","0.86","0.86","0.86","0.86","+","0.02","0.86","25","0.87","10","0.00",
="04856U","南亞國票53售06","4,000","1","4,880","1.22","1.22","1.22","1.22","X","0.00","1.23","25","1.24","10","0.00",
="04857P","滬深2X富邦4A售02","0","0","0","--","--","--","--"," ","0.00","--","0","--","0","0.00",
="04857U","南亞國票56售01","20,000","2","14,200","0.70","0.72","0.70","0.72","-","0.05","0.76","25","0.77","10","0.00",
="04858U","中砂國票53售01","0","0","0","--","--","--","--"," ","0.00","1.01","25","1.02","10","0.00",
="048593","華航元富4B購01","0","0","0","--","--","--","--"," ","0.00","0.11","25","0.12","25","20.95",
="048596","超眾元富58購01","1,051,000","34","483,230","0.55","0.55","0.45","0.45","-","0.06","0.44","20","0.65","3","157.50",
="04859U","漢唐國票53售01","200,000","1","68,000","0.34","0.34","0.34","0.34","X","0.00","0.33","25","0.34","10","0.00",
="04860U","同欣電國票53售01","0","0","0","--","--","--","--"," ","0.00","0.44","25","0.45","10","0.00",
="04861U","連加國票53售02","0","0","0","--","--","--","--"," ","0.00","1.32","25","1.33","10","0.00",
="048627","愛山林統一4C購02","0","0","0","--","--","--","--"," ","0.00","0.04","10","0.12","1","81.70",
="04862U","台玻國泰53售03","0","0","0","--","--","--","--"," ","0.00","0.51","499","--","0","0.00",
="048632","台虹統一4C購01","365,000","11","101,420","0.26","0.30","0.26","0.27"," ","0.00","0.25","110","0.26","10","63.30",
="04863U","台積電國泰53售02","0","0","0","--","--","--","--"," ","0.00","0.14","71","--","0","0.00",
="04864U","台灣50永豐52售06","72,000","5","25,200","0.39","0.39","0.34","0.35","-","0.10","0.33","10","0.34","10","0.00",
="04865U","台塑凱基52售01","0","0","0","--","--","--","--"," ","0.00","3.65","10","3.66","10","0.00",
="048660","元債2X群益4A購01","0","0","0","--","--","--","--"," ","0.00","--","0","--","0","7.35",
="048661","美債2X群益4A購01","0","0","0","--","--","--","--"," ","0.00","--","0","0.10","10","7.33",
="04866U","台化凱基52售02","59,000","3","110,280","1.88","1.92","1.82","1.92","-","0.01","1.93","10","1.95","10","0.00",
="048677","美債2X凱基4B購01","0","0","0","--","--","--","--"," ","0.00","--","0","0.04","198","7.33",
="04867U","華新凱基52售02","40,000","4","44,280","1.12","1.12","1.10","1.11","-","0.01","1.12","100","1.13","10","0.00",
="04868U","仁寶凱基52售01","7,000","2","5,840","0.82","0.87","0.82","0.87","-","0.09","0.93","10","0.94","10","0.00",
="04869U","南電凱基52售02","0","0","0","--","--","--","--"," ","0.00","1.34","100","1.35","10","0.00",
="048703","元債2X富邦4B購01","0","0","0","--","--","--","--"," ","0.00","0.03","100","0.04","100","0.00",
="04870U","T50正2元大52售03","0","0","0","--","--","--","--"," ","0.00","0.34","100","0.35","10","0.00",
="04871U","滬深2X元大54售04","0","0","0","--","--","--","--"," ","0.00","0.43","499","0.44","100","0.00",
="04872U","漢唐元大52售03","0","0","0","--","--","--","--"," ","0.00","0.48","499","0.49","10","0.00",
="04873U","智原元大52售01","0","0","0","--","--","--","--"," ","0.00","0.47","499","0.48","200","0.00",
="04874U","貿聯元大52售02","0","0","0","--","--","--","--"," ","0.00","0.93","499","0.94","200","0.00",
="048758","美債2X元富58購01","0","0","0","--","--","--","--"," ","0.00","0.08","50","0.11","66","7.33",
="04875U","AES元大52售02","1,000","1","940","0.94","0.94","0.94","0.94","X","0.00","0.98","499","0.99","200","0.00",
="048763","長榮元富56購01","0","0","0","--","--","--","--"," ","0.00","0.80","25","0.81","25","182.00",
="048767","十銓元富52購01","165,000","13","31,100","0.18","0.20","0.18","0.20","-","0.01","0.19","25","0.24","10","88.50",
="048769","緯穎元富52購01","11,000","3","33,820","3.80","3.80","3.00","3.00","-","0.04","3.00","26","3.06","25","3,140.00",
="04876U","南電元大52售04","0","0","0","--","--","--","--"," ","0.00","0.75","499","0.85","10","0.00",
="048778","台新金統一49購01","0","0","0","--","--","--","--"," ","0.00","0.04","10","0.10","10","17.65",
="04877U","臺股指元大52售11","0","0","0","--","--","--","--"," ","0.00","0.58","100","0.59","10","0.00",
="048780","大立光統一49購02","0","0","0","--","--","--","--"," ","0.00","--","0","--","0","2,360.00",
="048784","材料統一52購01","30,000","1","7,500","0.25","0.25","0.25","0.25"," ","0.00","0.24","148","0.25","10","66.40",
="048785","祥碩統一52購01","0","0","0","--","--","--","--"," ","0.00","0.15","10","0.16","10","1,525.00",
="048786","矽力統一4C購01","0","0","0","--","--","--","--"," ","0.00","0.01","10","0.02","10","273.00",
="048787","矽力統一4C購02","0","0","0","--","--","--","--"," ","0.00","--","0","0.01","10","273.00",
="048788","晶心科統一4C購01","2,000","1","420","0.21","0.21","0.21","0.21","X","0.00","0.20","10","0.21","10","325.50",
="048789","晶心科統一4C購02","0","0","0","--","--","--","--"," ","0.00","0.13","10","0.14","10","325.50",
="04878U","臺股指元大52售12","265,000","7","151,300","0.59","0.59","0.56","0.56","-","0.11","0.56","100","0.57","10","0.00",
="048793","美債2X凱基4A購01","0","0","0","--","--","--","--"," ","0.00","--","0","0.02","150","7.33",
="04879U","台塑群益54售01","0","0","0","--","--","--","--"," ","0.00","0.97","100","0.99","100","0.00",
="04880U","世芯群益52售06","5,000","1","7,000","1.40","1.40","1.40","1.40","X","0.00","0.65","2","--","0","0.00",
="04881U","穎崴群益56售01","300,000","7","36,000","0.12","0.12","0.12","0.12","-","0.01","0.12","100","0.14","100","0.00",
="048829","滬深2X群益49購01","0","0","0","--","--","--","--"," ","0.00","0.29","499","--","0","19.04",
="04882U","南電群益54售01","6,000","2","2,360","0.36","0.40","0.36","0.40","+","0.02","0.40","25","0.41","10","0.00",
="048832","美債2X群益4A購02","0","0","0","--","--","--","--"," ","0.00","--","0","0.10","10","7.33",
="048834","SGBR2X群益49購01","0","0","0","--","--","--","--"," ","0.00","--","0","0.51","101","10.98",
="04883U","台塑中信52售03","20,000","2","15,800","0.77","0.81","0.77","0.81","-","0.02","0.80","10","0.81","10","0.00",
="04884U","台達電中信52售01","510,000","5","40,810","0.08","0.09","0.08","0.09"," ","0.00","0.08","10","0.09","10","0.00",
="04885U","臺股指中信55售02","111,000","4","53,380","0.49","0.49","0.47","0.49","-","0.05","0.48","499","0.49","100","0.00",
="04886U","台灣50永豐54售02","0","0","0","--","--","--","--"," ","0.00","0.17","499","0.18","10","0.00",
="048873","滬深2X凱基49購01","10,000","1","6,600","0.66","0.66","0.66","0.66","X","0.00","0.44","100","0.54","10","19.04",
="04887U","光寶科永豐53售03","590,000","8","52,900","0.09","0.10","0.07","0.08","-","0.01","0.08","10","0.09","20","0.00",
="04888U","世芯永豐52售07","0","0","0","--","--","--","--"," ","0.00","2.37","499","2.38","10","0.00",
="048892","精英統一4C購01","0","0","0","--","--","--","--"," ","0.00","0.06","50","0.10","10","21.50",
="048895","微星統一53購01","0","0","0","--","--","--","--"," ","0.00","0.05","20","0.10","10","119.50",
="048897","慧洋統一4C購01","0","0","0","--","--","--","--"," ","0.00","0.10","10","0.11","10","58.40",
="048898","健和興統一51購01","0","0","0","--","--","--","--"," ","0.00","0.03","10","0.10","10","53.70",
="04889U","緯穎永豐52售03","10,000","1","7,600","0.76","0.76","0.76","0.76","+","0.03","0.77","499","0.78","10","0.00",
="048901","緯創統一49購01","0","0","0","--","--","--","--"," ","0.00","0.62","10","0.63","10","122.50",
="048903","群創統一4C購01","0","0","0","--","--","--","--"," ","0.00","0.12","10","0.13","10","14.15",
="048905","華擎統一53購01","20,000","2","13,900","0.70","0.70","0.69","0.69","X","0.00","0.68","20","0.69","10","278.00",
="04890U","台化元富52售01","0","0","0","--","--","--","--"," ","0.00","1.73","25","1.74","25","0.00",
="048910","采鈺統一51購01","50,000","1","10,000","0.20","0.20","0.20","0.20","-","0.02","0.21","18","0.22","10","305.50",
="048911","台虹統一53購01","98,000","3","16,680","0.19","0.19","0.17","0.17","-","0.01","0.16","10","0.17","10","63.30",
="04891U","台玻元富52售04","0","0","0","--","--","--","--"," ","0.00","3.01","25","3.03","25","0.00",
="04892U","台達電元富52售02","70,000","8","7,000","0.10","0.10","0.10","0.10"," ","0.00","0.07","75","0.10","10","0.00",
="04893U","金像電元富52售02","10,000","1","2,800","0.28","0.28","0.28","0.28","X","0.00","0.29","25","0.30","25","0.00",
="048944","美債2X群益4A購03","0","0","0","--","--","--","--"," ","0.00","--","0","0.01","35","7.33",
="04894U","台光電元富52售01","0","0","0","--","--","--","--"," ","0.00","0.57","25","0.58","25","0.00",
="04895U","奇鋐元富52售01","0","0","0","--","--","--","--"," ","0.00","1.11","25","1.13","25","0.00",
="04896U","緯穎元富52售04","10,000","2","9,600","0.96","0.96","0.96","0.96","X","0.00","0.96","25","0.97","25","0.00",
="04897U","臺股指元富57售01","0","0","0","--","--","--","--"," ","0.00","0.76","25","0.77","25","0.00",
="048981","元債2X元富58購04","0","0","0","--","--","--","--"," ","0.00","0.22","25","0.23","25","7.35",
="048982","元日2X元富53購01","0","0","0","--","--","--","--"," ","0.00","0.10","25","0.11","25","5.87",
="048987","華碩元富58購01","20,000","8","80,390","3.98","4.05","3.93","4.05","+","0.10","2.53","20","--","0","684.00",
="04898U","臺股指元富57售02","80,000","3","66,300","0.83","0.83","0.82","0.82","-","0.07","0.81","25","0.82","25","0.00",
="048992","群創元富58購01","18,000","2","26,640","1.48","1.48","1.48","1.48","X","0.00","1.57","25","1.58","25","14.15",
="04899U","台塑國票53售04","0","0","0","--","--","--","--"," ","0.00","2.52","25","2.53","10","0.00",
="04900U","華城國票53售02","241,000","5","275,420","1.14","1.18","1.12","1.12","-","0.03","1.13","25","1.14","10","0.00",
="04901U","光寶科國票53售02","0","0","0","--","--","--","--"," ","0.00","0.11","25","0.12","10","0.00",
="04902U","鴻海國票53售04","0","0","0","--","--","--","--"," ","0.00","0.14","25","0.15","10","0.00",
="04903U","日月光國票53售02","2,000","1","840","0.42","0.42","0.42","0.42","X","0.00","0.44","25","0.46","10","0.00",
="04904U","中磊國票53售01","5,000","1","3,050","0.61","0.61","0.61","0.61","X","0.00","0.60","25","0.61","10","0.00",
="04905U","力成國票53售01","107,000","3","40,680","0.39","0.39","0.38","0.38","-","0.01","0.38","25","0.39","10","0.00",
="04906U","南電國票53售02","0","0","0","--","--","--","--"," ","0.00","0.39","25","0.42","10","0.00",
="04907U","菱光國票52售02","0","0","0","--","--","--","--"," ","0.00","1.30","25","1.31","10","0.00",
="04908P","滬深2X群益4A售09","0","0","0","--","--","--","--"," ","0.00","--","0","--","0","0.00",
="04908U","智邦國泰53售03","44,000","1","31,240","0.71","0.71","0.71","0.71","-","0.02","0.68","499","0.73","499","0.00",
="04909P","滬深2X群益4A售10","0","0","0","--","--","--","--"," ","0.00","--","0","--","0","0.00",
="04909U","愛普國泰54售01","0","0","0","--","--","--","--"," ","0.00","1.12","10","1.14","10","0.00",
="04910P","滬深2X群益4A售11","0","0","0","--","--","--","--"," ","0.00","--","0","--","0","0.00",
="04910U","T50正2凱基52售04","0","0","0","--","--","--","--"," ","0.00","0.41","100","0.42","10","0.00",
="04911U","滬深2X凱基54售06","0","0","0","--","--","--","--"," ","0.00","0.25","10","0.26","50","0.00",
="049120","滬深2X元富58購01","17,000","3","93,950","5.90","5.90","5.50","5.50"," ","0.00","5.50","25","5.60","25","19.04",
="049126","瑞祺元富53購01","0","0","0","--","--","--","--"," ","0.00","0.11","25","--","0","86.90",
="049127","世紀鋼元富53購01","0","0","0","--","--","--","--"," ","0.00","0.35","25","0.36","25","171.50",
="04912P","臺股指群益4A售02","0","0","0","--","--","--","--"," ","0.00","--","0","--","0","0.00",
="04912U","台玻凱基52售01","22,000","1","42,680","1.94","1.94","1.94","1.94","-","0.19","2.14","10","2.15","10","0.00",
="04913U","華通凱基52售02","0","0","0","--","--","--","--"," ","0.00","0.59","10","0.60","30","0.00",
="04914U","鴻海凱基54售11","0","0","0","--","--","--","--"," ","0.00","0.20","100","0.21","30","0.00",
="04915U","智邦凱基52售04","51,000","2","17,080","0.33","0.34","0.33","0.34","-","0.04","0.32","100","0.33","50","0.00",
="04916U","漢唐凱基52售02","0","0","0","--","--","--","--"," ","0.00","1.63","100","1.73","10","0.00",
="049173","辛耘元富59購01","27,000","10","92,180","3.30","3.44","3.30","3.44","X","0.00","3.25","25","3.26","10","388.00",
="049174","材料元富53購01","235,000","5","134,600","0.57","0.59","0.57","0.57","-","0.01","0.56","25","0.57","25","66.40",
="04917U","華擎凱基52售02","0","0","0","--","--","--","--"," ","0.00","1.18","10","1.20","10","0.00",
="04918U","世芯凱基52售08","22,000","5","37,390","1.68","1.75","1.68","1.75","+","0.10","1.73","100","1.76","10","0.00",
="04919U","貿聯凱基52售03","55,000","3","58,560","0.99","1.13","0.99","1.13","+","0.06","1.14","100","1.24","10","0.00",
="04920U","神達凱基52售03","0","0","0","--","--","--","--"," ","0.00","0.65","100","0.66","30","0.00",
="049211","美債2X群益4B購01","0","0","0","--","--","--","--"," ","0.00","--","0","0.10","10","7.33",
="04921U","臺股指凱基52售11","1,289,000","29","966,060","0.77","0.78","0.70","0.72","-","0.11","0.72","100","0.73","10","0.00",
="04922P","滬深2X凱基4A售01","0","0","0","--","--","--","--"," ","0.00","--","0","0.10","10","0.00",
="04922U","T50正2元大52售04","130,000","5","74,100","0.57","0.58","0.56","0.58","-","0.07","0.56","100","0.57","10","0.00",
="04923U","智邦元大52售02","5,000","1","6,850","1.37","1.37","1.37","1.37","-","0.09","1.27","10","--","0","0.00",
="04924U","技嘉元大52售02","0","0","0","--","--","--","--"," ","0.00","1.03","499","1.04","200","0.00",
="04925U","欣興元大52售02","90,000","6","71,450","0.81","0.81","0.78","0.80","-","0.08","0.83","499","0.84","200","0.00",
="04926U","嘉澤元大52售04","50,000","1","29,000","0.58","0.58","0.58","0.58","+","0.02","0.57","499","0.58","200","0.00",
="04927U","國巨群益58售01","0","0","0","--","--","--","--"," ","0.00","0.52","10","1.00","10","0.00",
="04928U","台積電群益54售17","4,000","2","1,000","0.25","0.25","0.25","0.25","X","0.00","0.07","29","--","0","0.00",
="04929U","智邦群益52售04","58,000","1","73,080","1.26","1.26","1.26","1.26","-","0.10","0.06","18","--","0","0.00",
="04930U","台光電群益52售05","50,000","3","19,100","0.41","0.41","0.35","0.35","-","0.10","0.20","50","--","0","0.00",
="049317","華通元富53購02","273,000","5","88,580","0.34","0.34","0.32","0.32","-","0.05","0.32","25","0.33","25","77.00",
="049318","華通元富53購03","163,000","9","37,300","0.25","0.25","0.21","0.21","-","0.04","0.21","25","0.22","25","77.00",
="04931U","健策群益56售01","11,000","2","1,970","0.18","0.18","0.17","0.17","-","0.02","0.17","10","0.20","10","0.00",
="049321","玉晶光元富51購01","30,000","3","2,800","0.08","0.10","0.08","0.10"," ","0.00","0.09","10","0.10","10","443.50",
="04932U","南電群益55售02","80,000","2","12,400","0.14","0.18","0.14","0.18","X","0.00","0.17","25","0.18","10","0.00",
="04933U","智邦富邦54售01","0","0","0","--","--","--","--"," ","0.00","0.26","10","0.27","10","0.00",
="04934U","日月光富邦52售01","0","0","0","--","--","--","--"," ","0.00","0.28","30","0.29","10","0.00",
="04935U","香港2X元富53售01","11,000","2","8,260","0.74","0.80","0.74","0.80","+","0.05","0.78","25","0.79","25","0.00",
="04936U","楠梓電元富52售02","209,000","15","108,320","0.50","0.56","0.50","0.56","+","0.14","0.40","6","0.60","4","0.00",
="04937U","道瓊銀國票58售01","0","0","0","--","--","--","--"," ","0.00","0.28","25","0.29","10","0.00",
="04938U","定穎控國票53售01","287,000","17","214,110","0.73","0.79","0.73","0.79","+","0.05","0.78","25","0.79","10","0.00",
="04939U","南寶國票52售02","0","0","0","--","--","--","--"," ","0.00","1.05","25","1.06","10","0.00",
="04940U","聯茂國票53售01","0","0","0","--","--","--","--"," ","0.00","0.59","25","0.60","10","0.00",
="04941U","川湖國泰53售02","83,000","4","44,990","0.57","0.57","0.53","0.53","-","0.01","0.54","499","0.55","100","0.00",
="049420","美費半元富59購01","14,000","5","41,420","2.96","2.96","2.95","2.96","+","0.11","2.96","25","2.97","25","49.19",
="049426","聯發科元富54購01","1,000","1","420","0.42","0.42","0.42","0.42","X","0.00","0.40","25","0.41","25","1,375.00",
="049427","聯發科元富57購04","5,000","1","2,700","0.54","0.54","0.54","0.54","-","0.04","0.52","25","0.53","25","1,375.00",
="049429","陽明元富59購02","5,000","1","6,200","1.24","1.24","1.24","1.24","-","0.04","1.22","25","1.23","25","55.20",
="04942U","鴻海國泰54售02","0","0","0","--","--","--","--"," ","0.00","0.38","499","0.39","100","0.00",
="04943U","台積電國泰53售03","15,000","1","5,700","0.38","0.38","0.38","0.38","X","0.00","0.01","200","--","0","0.00",
="04944U","川湖統一52售05","0","0","0","--","--","--","--"," ","0.00","0.22","10","0.23","10","0.00",
="04945U","台達電統一52售02","0","0","0","--","--","--","--"," ","0.00","0.11","10","0.12","10","0.00",
="04946U","智邦統一52售01","0","0","0","--","--","--","--"," ","0.00","0.36","10","0.37","10","0.00",
="04947U","台光電統一52售02","3,000","1","750","0.25","0.25","0.25","0.25","X","0.00","0.25","10","0.26","10","0.00",
="04948U","奇鋐統一52售05","0","0","0","--","--","--","--"," ","0.00","0.40","10","0.41","10","0.00",
="04949U","T50反1永豐52售02","0","0","0","--","--","--","--"," ","0.00","2.06","499","2.07","10","0.00",
="04950U","台積電永豐52售04","0","0","0","--","--","--","--"," ","0.00","--","0","--","0","0.00",
="04951U","鴻海凱基52售05","0","0","0","--","--","--","--"," ","0.00","0.06","100","0.10","10","0.00",
="04952U","智邦凱基52售05","26,000","2","31,890","1.23","1.23","1.20","1.20","-","0.11","1.18","105","1.20","10","0.00",
="04953U","微星凱基52售02","0","0","0","--","--","--","--"," ","0.00","2.50","100","2.53","10","0.00",
="04954P","嘉澤群益4A售01","0","0","0","--","--","--","--"," ","0.00","--","0","0.42","10","0.00",
="04954U","漢唐凱基52售03","4,000","2","1,300","0.34","0.34","0.32","0.32","+","0.01","0.29","100","0.39","10","0.00",
="04955U","日月光凱基52售01","0","0","0","--","--","--","--"," ","0.00","0.51","100","0.52","10","0.00",
="04956U","中磊凱基52售01","26,000","1","18,980","0.73","0.73","0.73","0.73","X","0.00","0.68","100","0.70","10","0.00",
="04957U","連加凱基52售03","70,000","1","144,200","2.06","2.06","2.06","2.06","X","0.00","2.10","10","2.11","10","0.00",
="049584","萬海元富59購01","0","0","0","--","--","--","--"," ","0.00","1.34","25","1.35","25","77.90",
="04958U","南電凱基54售01","28,000","4","29,600","0.95","1.13","0.95","1.13","X","0.00","1.12","10","1.13","10","0.00",
="04959U","臺股指凱基56售09","266,000","18","233,730","0.89","0.90","0.84","0.86","-","0.08","0.85","100","0.86","10","0.00",
="04960U","臺股指凱基56售10","35,000","2","33,600","0.96","0.96","0.96","0.96","-","0.07","0.92","100","0.93","10","0.00",
="04961U","上証2X元大53售02","0","0","0","--","--","--","--"," ","0.00","0.27","499","0.28","100","0.00",
="04962U","台達電元大52售01","123,000","5","25,800","0.20","0.22","0.20","0.22","+","0.02","0.21","499","0.22","200","0.00",
="04963U","台積電元大52售15","40,000","1","7,200","0.18","0.18","0.18","0.18","X","0.00","--","0","0.26","9","0.00",
="04964U","台光電元大52售02","180,000","3","194,430","1.15","1.15","0.96","0.96","-","0.16","0.97","499","1.00","200","0.00",
="04965U","台光電元大52售03","72,000","2","36,880","0.54","0.54","0.44","0.44","-","0.12","0.45","499","0.47","200","0.00",
="049664","元債2X元大4C購02","0","0","0","--","--","--","--"," ","0.00","--","0","0.03","200","7.35",
="04966U","日月光元大52售01","0","0","0","--","--","--","--"," ","0.00","0.29","499","0.30","200","0.00",
="04967U","日月光元大52售02","0","0","0","--","--","--","--"," ","0.00","0.41","499","0.42","200","0.00",
="04968U","日月光元大52售03","0","0","0","--","--","--","--"," ","0.00","0.41","499","0.42","200","0.00",
="04969U","華新群益54售01","0","0","0","--","--","--","--"," ","0.00","0.64","10","0.74","10","0.00",
="049708","美債2X元富4B購01","0","0","0","--","--","--","--"," ","0.00","--","0","0.10","25","7.33",
="049709","美時元富59購01","0","0","0","--","--","--","--"," ","0.00","0.39","25","0.40","25","192.00",
="04970U","定穎控群益56售01","50,000","3","43,440","0.81","0.87","0.81","0.87","X","0.00","0.87","25","0.90","10","0.00",
="04971U","愛普群益52售04","0","0","0","--","--","--","--"," ","0.00","--","0","--","0","0.00",
="04972U","T50正2中信56售04","5,000","3","3,800","0.78","0.78","0.74","0.74","X","0.00","0.74","100","0.75","100","0.00",
="04973U","臺股指中信55售03","5,000","1","2,350","0.47","0.47","0.47","0.47","X","0.00","0.46","499","0.47","100","0.00",
="04974U","臺股指中信55售04","0","0","0","--","--","--","--"," ","0.00","0.29","499","0.30","100","0.00",
="04975U","臺股指中信55售05","0","0","0","--","--","--","--"," ","0.00","0.57","499","0.58","100","0.00",
="049762","元債2X凱基4C購01","0","0","0","--","--","--","--"," ","0.00","--","0","0.03","110","7.35",
="04976U","台灣50永豐55售02","20,000","1","8,400","0.42","0.42","0.42","0.42","-","0.08","0.41","499","0.42","10","0.00",
="04977U","致茂永豐53售01","4,000","2","1,580","0.41","0.41","0.38","0.38","X","0.00","0.38","10","0.39","10","0.00",
="04978U","昇陽半永豐53售03","0","0","0","--","--","--","--"," ","0.00","0.62","10","0.63","10","0.00",
="04979U","鴻海元富52售08","0","0","0","--","--","--","--"," ","0.00","0.59","25","0.60","25","0.00",
="04980U","鴻海元富52售09","0","0","0","--","--","--","--"," ","0.00","0.63","25","0.64","25","0.00",
="04981U","牧德元富52售03","0","0","0","--","--","--","--"," ","0.00","0.61","25","--","0","0.00",
="04982U","長榮國票53售02","5,000","1","6,350","1.27","1.27","1.27","1.27","+","0.02","1.27","25","1.28","10","0.00",
="04983U","jpp國票53售02","1,000","1","360","0.36","0.36","0.36","0.36","X","0.00","0.36","25","0.38","10","0.00",
="04984U","亞光國泰53售01","0","0","0","--","--","--","--"," ","0.00","0.82","499","0.83","100","0.00",
="049852","藍天統一51購01","0","0","0","--","--","--","--"," ","0.00","0.06","10","0.10","10","41.45",
="049854","金像電統一53購01","0","0","0","--","--","--","--"," ","0.00","2.12","10","2.17","10","455.00",
="049858","台光電統一53購01","10,000","1","43,200","4.32","4.32","4.32","4.32","X","0.00","4.24","10","4.29","10","1,345.00",
="04985U","台塑凱基54售03","0","0","0","--","--","--","--"," ","0.00","0.70","10","0.71","30","0.00",
="049863","盟立統一53購01","0","0","0","--","--","--","--"," ","0.00","0.14","10","0.15","10","72.30",
="049865","皇昌統一51購01","0","0","0","--","--","--","--"," ","0.00","0.47","10","0.48","10","72.70",
="049866","皇昌統一53購01","0","0","0","--","--","--","--"," ","0.00","0.51","10","0.52","10","72.70",
="04986U","鴻海凱基56售04","3,000","1","1,470","0.49","0.49","0.49","0.49","X","0.00","0.46","499","0.47","499","0.00",
="049872","晟銘電統一4C購01","20,000","2","7,300","0.37","0.37","0.36","0.36","X","0.00","0.34","10","0.35","10","121.00",
="049873","晟銘電統一51購01","40,000","1","10,400","0.26","0.26","0.26","0.26","X","0.00","0.24","10","0.25","10","121.00",
="049874","晟銘電統一59購01","10,000","1","5,100","0.51","0.51","0.51","0.51","X","0.00","0.50","10","0.51","10","121.00",
="049875","晟銘電統一59購02","220,000","2","68,000","0.31","0.31","0.30","0.30","-","0.01","0.29","10","0.30","10","121.00",
="049876","晟銘電統一59購03","0","0","0","--","--","--","--"," ","0.00","0.41","10","0.42","10","121.00",
="049877","晟銘電統一59購04","0","0","0","--","--","--","--"," ","0.00","0.40","10","0.41","10","121.00",
="049878","晟銘電統一59購05","0","0","0","--","--","--","--"," ","0.00","0.41","10","0.42","10","121.00",
="04987U","廣宇凱基52售03","35,000","1","13,650","0.39","0.39","0.39","0.39","+","0.01","0.38","10","0.39","30","0.00",
="049881","智原統一59購01","206,000","30","44,980","0.21","0.23","0.20","0.21"," ","0.00","0.14","40","0.21","100","174.00",
="049887","材料統一59購01","120,000","3","22,800","0.19","0.19","0.19","0.19","+","0.01","0.18","10","0.19","10","66.40",
="04988U","金像電凱基52售04","0","0","0","--","--","--","--"," ","0.00","0.76","100","0.86","10","0.00",
="049891","達興統一53購01","0","0","0","--","--","--","--"," ","0.00","1.65","10","1.66","10","399.00",
="049896","瑞祺統一53購01","0","0","0","--","--","--","--"," ","0.00","0.03","10","0.04","10","86.90",
="049897","晶心科統一55購01","0","0","0","--","--","--","--"," ","0.00","0.20","10","0.21","10","325.50",
="049898","永道統一53購01","0","0","0","--","--","--","--"," ","0.00","0.05","10","0.06","10","141.50",
="04989U","晟銘電凱基52售04","223,000","4","256,020","1.14","1.20","1.14","1.20","+","0.04","1.22","499","--","0","0.00",
="04990U","南寶凱基52售04","7,000","2","9,890","1.41","1.42","1.41","1.42","X","0.00","1.36","10","1.46","10","0.00",
="04991U","道瓊銅元大52售01","0","0","0","--","--","--","--"," ","0.00","0.69","499","0.70","100","0.00",
="04992U","台玻元大52售08","0","0","0","--","--","--","--"," ","0.00","1.48","499","1.49","200","0.00",
="04993U","南電元大52售08","40,000","1","17,200","0.43","0.43","0.43","0.43","-","0.12","0.54","499","0.55","200","0.00",
="049943","龍德船元富51購01","514,000","31","347,630","0.76","0.77","0.64","0.67","-","0.16","0.66","25","0.67","25","151.50",
="049944","健和興統一51購02","0","0","0","--","--","--","--"," ","0.00","0.01","10","0.10","10","53.70",
="049945","龍德船統一55購01","816,000","20","256,090","0.33","0.33","0.30","0.32","-","0.04","0.31","10","0.32","10","151.50",
="04994U","臺股指元大52售16","323,000","4","210,250","0.67","0.67","0.65","0.65","-","0.11","0.64","20","0.67","10","0.00",
="04995U","臺股指元大52售17","0","0","0","--","--","--","--"," ","0.00","0.45","499","0.46","10","0.00",
="04996U","臺股指元大52售18","0","0","0","--","--","--","--"," ","0.00","0.14","100","0.15","10","0.00",
="04997U","台灣50群益53售04","0","0","0","--","--","--","--"," ","0.00","0.06","7","0.51","10","0.00",
="049981","元債2X群益4B購01","0","0","0","--","--","--","--"," ","0.00","--","0","--","0","7.35",
="04998U","台灣50群益55售01","10,000","1","5,300","0.53","0.53","0.53","0.53","X","0.00","0.52","100","0.53","100","0.00",
="04999U","鴻海群益54售06","0","0","0","--","--","--","--"," ","0.00","0.41","100","0.42","100","0.00",
="05000U","智邦群益58售01","67,000","1","91,790","1.37","1.37","1.37","1.37","-","0.07","1.37","2","--","0","0.00",
="05001U","群光群益53售01","0","0","0","--","--","--","--"," ","0.00","0.89","100","0.91","100","0.00",
="05002U","可成群益53售01","0","0","0","--","--","--","--"," ","0.00","0.01","100","--","0","0.00",
="05003U","南電群益52售02","0","0","0","--","--","--","--"," ","0.00","0.46","25","0.47","10","0.00",
="05004U","道瓊指中信56售01","0","0","0","--","--","--","--"," ","0.00","0.43","499","0.44","100","0.00",
="05005U","神達中信56售02","111,000","5","56,720","0.52","0.52","0.51","0.51","-","0.04","0.52","10","0.53","10","0.00",
="05006U","台達電永豐53售02","227,000","9","29,300","0.12","0.13","0.12","0.13","+","0.01","0.12","210","0.13","11","0.00",
="050078","鴻海永豐4C購01","0","0","0","--","--","--","--"," ","0.00","5.60","499","5.75","10","221.00",
="05007U","香港2X元富52售02","0","0","0","--","--","--","--"," ","0.00","0.83","25","0.84","25","0.00",
="05008U","川湖元富52售03","0","0","0","--","--","--","--"," ","0.00","1.17","25","1.20","25","0.00",
="050094","川湖元富4C購01","0","0","0","--","--","--","--"," ","0.00","7.00","25","7.50","10","3,220.00",
="05009U","智邦元富52售03","0","0","0","--","--","--","--"," ","0.00","1.22","25","1.24","25","0.00",
="05010U","光寶科富邦52售02","0","0","0","--","--","--","--"," ","0.00","0.11","30","0.12","10","0.00",
="05011U","台達電富邦52售02","151,000","8","19,640","0.13","0.14","0.13","0.14"," ","0.00","0.13","30","0.14","9","0.00",
="050124","T50正2統一51購01","0","0","0","--","--","--","--"," ","0.00","1.39","10","1.40","10","302.45",
="050125","矽力統一51購01","0","0","0","--","--","--","--"," ","0.00","0.03","10","0.10","10","273.00",
="050129","元債2X凱基4A購02","0","0","0","--","--","--","--"," ","0.00","--","0","--","0","7.35",
="05012U","台灣50凱基54售08","0","0","0","--","--","--","--"," ","0.00","0.42","100","0.43","10","0.00",
="05013U","SGBR2X凱基52售01","0","0","0","--","--","--","--"," ","0.00","1.25","100","1.26","50","0.00",
="05014U","大成鋼凱基52售04","48,000","2","75,150","1.55","1.58","1.55","1.58","-","0.06","1.65","10","1.66","10","0.00",
="05015U","川湖凱基52售04","0","0","0","--","--","--","--"," ","0.00","0.86","100","0.89","10","0.00",
="05016U","光寶科凱基52售03","0","0","0","--","--","--","--"," ","0.00","0.10","100","0.11","50","0.00",
="05017P","建準統一4C售02","0","0","0","--","--","--","--"," ","0.00","0.10","10","0.20","10","0.00",
="05017U","鴻海凱基54售12","0","0","0","--","--","--","--"," ","0.00","0.54","499","0.55","499","0.00",
="05018U","健策凱基52售01","83,000","3","9,860","0.12","0.12","0.11","0.11","-","0.02","0.11","100","0.12","50","0.00",
="05019U","臺股指凱基52售14","0","0","0","--","--","--","--"," ","0.00","0.44","100","0.45","10","0.00",
="050200","元債2X群益4B購02","0","0","0","--","--","--","--"," ","0.00","--","0","--","0","7.35",
="05020U","臺股指凱基52售15","293,000","11","148,100","0.51","0.53","0.47","0.48","-","0.09","0.47","100","0.48","10","0.00",
="05021U","臺股指凱基52售16","11,000","2","7,800","0.70","0.71","0.70","0.71","X","0.00","0.69","100","0.70","10","0.00",
="05022U","台灣50國票53售04","0","0","0","--","--","--","--"," ","0.00","0.77","25","0.78","10","0.00",
="05023U","T50正2國票53售01","3,000","2","2,450","0.83","0.83","0.81","0.81","-","0.08","0.77","25","0.80","10","0.00",
="05024U","台達電國票52售02","0","0","0","--","--","--","--"," ","0.00","0.39","25","0.40","10","0.00",
="05025U","智邦國票53售02","0","0","0","--","--","--","--"," ","0.00","0.47","25","0.49","10","0.00",
="05026U","金像電國票53售03","375,000","7","135,750","0.37","0.38","0.35","0.35","X","0.00","0.36","25","0.37","10","0.00",
="050275","SGBR2X元富4C購01","0","0","0","--","--","--","--"," ","0.00","0.21","25","0.22","25","10.98",
="050276","聯發科元富57購05","130,000","7","137,800","1.06","1.07","1.05","1.05","-","0.05","1.02","25","1.04","25","1,375.00",
="050277","聯發科元富57購06","44,000","7","53,090","1.21","1.22","1.20","1.21","-","0.05","1.18","14","1.19","25","1,375.00",
="05027U","長榮太國票52售02","27,000","2","29,030","1.07","1.09","1.07","1.09","+","0.16","1.08","25","1.09","10","0.00",
="05028U","臺股指國票52售06","1,000","1","1,020","1.02","1.02","1.02","1.02","-","0.13","1.01","499","1.11","10","0.00",
="05029U","臺股指國票53售06","313,000","12","398,320","1.30","1.34","1.18","1.22","-","0.17","1.22","499","1.32","10","0.00",
="050305","洋華統一53購01","10,000","1","2,300","0.23","0.23","0.23","0.23","X","0.00","0.23","10","0.24","10","52.50",
="050306","雷虎統一53購01","2,000","1","6,000","3.00","3.00","3.00","3.00","X","0.00","2.83","1","3.24","8","148.50",
="050308","雷虎統一59購01","8,000","3","21,880","2.76","2.76","2.71","2.71","-","0.12","2.71","1","--","0","148.50",
="050309","雷虎統一59購02","0","0","0","--","--","--","--"," ","0.00","2.41","5","--","0","148.50",
="05030U","台達電元大52售02","228,000","21","94,520","0.41","0.45","0.40","0.45","+","0.03","0.44","25","0.45","10","0.00",
="050315","雷虎統一59購03","80,000","41","156,290","2.11","2.11","1.86","2.03","-","0.15","1.90","5","2.03","5","148.50",
="05031U","智邦元大52售04","0","0","0","--","--","--","--"," ","0.00","0.01","499","--","0","0.00",
="05032U","智邦元大52售05","195,000","7","291,150","1.52","1.54","1.45","1.45","-","0.13","1.43","10","1.51","20","0.00",
="05033U","穎崴元大52售02","0","0","0","--","--","--","--"," ","0.00","0.11","519","0.21","10","0.00",
="050345","元債2X富邦4C購01","0","0","0","--","--","--","--"," ","0.00","--","0","0.06","100","0.00",
="05034U","連加元大52售02","0","0","0","--","--","--","--"," ","0.00","1.73","450","1.74","150","0.00",
="05035U","台塑化統一54售01","0","0","0","--","--","--","--"," ","0.00","0.67","10","0.68","10","0.00",
="05036U","T50正2群益52售02","785,000","11","586,890","0.79","0.79","0.73","0.73","-","0.11","0.72","25","0.73","10","0.00",
="05037U","T50正2群益53售02","20,000","4","16,700","0.86","0.86","0.81","0.82","-","0.13","0.81","25","0.82","10","0.00",
="050383","佳能統一53購01","0","0","0","--","--","--","--"," ","0.00","2.14","10","2.20","10","88.80",
="05038U","台塑群益52售04","0","0","0","--","--","--","--"," ","0.00","0.86","100","0.88","100","0.00",
="05039U","大成鋼群益53售02","0","0","0","--","--","--","--"," ","0.00","1.27","10","1.37","10","0.00",
="05040U","鴻海群益54售07","0","0","0","--","--","--","--"," ","0.00","0.48","100","0.49","100","0.00",
="05041U","建準群益54售01","0","0","0","--","--","--","--"," ","0.00","0.10","100","--","0","0.00",
="05042U","長榮群益52售04","0","0","0","--","--","--","--"," ","0.00","1.55","100","1.57","100","0.00",
="05043U","晟銘電群益52售05","0","0","0","--","--","--","--"," ","0.00","2.51","100","2.55","100","0.00",
="05044U","牧德群益54售01","0","0","0","--","--","--","--"," ","0.00","--","0","--","0","0.00",
="05045U","jpp群益56售01","0","0","0","--","--","--","--"," ","0.00","--","0","--","0","0.00",
="05046U","鴻海中信55售02","0","0","0","--","--","--","--"," ","0.00","0.41","10","0.42","10","0.00",
="05047U","台光電國票53售01","165,000","8","59,950","0.43","0.43","0.34","0.37","X","0.00","0.37","25","0.38","10","0.00",
="05048U","長榮太國票53售02","1,000","1","1,310","1.31","1.31","1.31","1.31","+","0.11","1.37","25","1.38","10","0.00",
="05049U","長榮太國票56售02","0","0","0","--","--","--","--"," ","0.00","1.60","25","1.62","10","0.00",
="05050U","昇陽半國票53售01","193,000","11","111,580","0.61","0.62","0.56","0.62","+","0.01","0.61","25","0.62","10","0.00",
="05051U","光寶科永豐52售02","20,000","4","3,250","0.18","0.18","0.15","0.16","-","0.01","0.16","10","0.17","15","0.00",
="050527","立積統一57購01","186,000","4","82,260","0.45","0.45","0.43","0.43","-","0.03","0.43","10","0.44","10","151.50",
="050528","立積統一59購01","445,000","3","169,100","0.38","0.38","0.38","0.38","-","0.03","0.36","10","0.37","10","151.50",
="05052U","長榮太永豐52售01","52,000","5","35,300","0.65","0.69","0.65","0.69","+","0.10","0.68","10","0.69","10","0.00",
="05053U","創意永豐53售03","1,000","1","3,000","3.00","3.00","3.00","3.00","X","0.00","2.91","499","2.94","10","0.00",
="05054U","精成科永豐53售03","121,000","2","75,180","0.58","0.63","0.58","0.63","X","0.00","0.63","10","0.64","10","0.00",
="05055U","昇陽半永豐52售03","0","0","0","--","--","--","--"," ","0.00","0.65","499","0.66","10","0.00",
="05056U","鴻海富邦52售03","0","0","0","--","--","--","--"," ","0.00","0.19","30","0.20","10","0.00",
="05057U","台積電富邦52售06","0","0","0","--","--","--","--"," ","0.00","0.25","30","0.26","10","0.00",
="05058U","台光電富邦53售03","1,000,000","13","304,940","0.33","0.33","0.28","0.30","-","0.04","0.29","100","0.39","28","0.00",
="05059U","T50正2元富52售02","0","0","0","--","--","--","--"," ","0.00","0.42","25","0.43","25","0.00",
="05060U","T50正2元富52售03","0","0","0","--","--","--","--"," ","0.00","0.59","25","0.60","25","0.00",
="05061U","亞光元富52售03","0","0","0","--","--","--","--"," ","0.00","1.38","25","1.39","25","0.00",
="05062U","神達元富52售05","15,000","2","6,700","0.45","0.45","0.44","0.44","X","0.00","0.42","25","0.43","25","0.00",
="05063U","智伸科元富52售02","99,000","7","246,310","2.41","2.51","2.41","2.49","+","0.27","1.39","7","--","0","0.00",
="050643","T50反1中信53購01","1,814,000","180","145,960","0.09","0.09","0.08","0.08","-","0.01","0.07","2,259","0.08","10","0.00",
="05064P","台積電元富4A售04","0","0","0","--","--","--","--"," ","0.00","--","0","0.05","120","0.00",
="05064U","昇陽半元富52售03","0","0","0","--","--","--","--"," ","0.00","1.45","25","1.46","125","0.00",
="050657","正崴統一52購01","0","0","0","--","--","--","--"," ","0.00","0.07","10","0.10","10","48.80",
="05065U","台達電國泰53售03","952,000","7","126,460","0.13","0.14","0.13","0.14","-","0.01","0.13","10","0.14","10","0.00",
="05066U","台灣50元大52售04","0","0","0","--","--","--","--"," ","0.00","0.30","100","0.40","10","0.00",
="050679","T50正2元富51購01","20,000","4","52,650","2.58","2.68","2.58","2.68","+","0.20","2.69","25","2.74","25","302.45",
="05067U","台灣50元大52售05","0","0","0","--","--","--","--"," ","0.00","0.22","100","0.32","10","0.00",
="05068U","聯發科元大52售13","569,000","11","653,910","1.10","1.21","1.10","1.21","+","0.10","1.20","25","1.21","9","0.00",
="050691","龍德船元富55購01","490,000","13","403,700","0.86","0.86","0.82","0.82","-","0.13","0.80","28","0.81","25","151.50",
="05069U","亞光元大52售02","0","0","0","--","--","--","--"," ","0.00","1.22","499","1.23","200","0.00",
="05070U","嘉澤元大52售05","130,000","3","104,850","0.78","0.81","0.78","0.81","+","0.04","0.79","499","0.80","200","0.00",
="05071U","T50正2凱基52售05","512,000","7","307,980","0.61","0.61","0.56","0.58","-","0.08","0.56","100","0.57","10","0.00",
="05072U","東陽凱基52售01","882,000","7","1,436,110","1.59","1.64","1.59","1.64","+","0.04","1.65","10","1.67","10","0.00",
="05073U","台達電凱基52售05","302,000","3","77,540","0.25","0.27","0.25","0.27","+","0.02","0.27","100","0.37","10","0.00",
="05074P","台積電元富4A售05","0","0","0","--","--","--","--"," ","0.00","--","0","--","0","0.00",
="05074U","鴻海凱基52售06","0","0","0","--","--","--","--"," ","0.00","0.12","100","0.13","30","0.00",
="05075U","建準凱基52售03","50,000","3","45,560","0.86","0.96","0.86","0.96","-","0.02","0.96","100","0.98","10","0.00",
="05076U","長榮太凱基52售06","0","0","0","--","--","--","--"," ","0.00","0.96","10","0.97","10","0.00",
="05077U","精成科凱基52售01","0","0","0","--","--","--","--"," ","0.00","1.24","100","1.26","10","0.00",
="05078U","穎崴凱基52售03","0","0","0","--","--","--","--"," ","0.00","0.10","100","0.11","30","0.00",
="05079U","富世達凱基52售02","24,000","3","34,160","1.43","1.43","1.35","1.43","-","0.15","1.43","80","1.45","30","0.00",
="05080U","川湖群益52售03","0","0","0","--","--","--","--"," ","0.00","1.05","10","1.15","10","0.00",
="05081U","光寶科群益53售02","255,000","6","43,950","0.18","0.18","0.17","0.17"," ","0.00","0.17","25","0.18","75","0.00",
="05082U","智邦群益52售07","67,000","1","98,490","1.47","1.47","1.47","1.47","-","0.10","0.77","12","--","0","0.00",
="050834","所羅門統一53購01","4,000","1","1,160","0.29","0.29","0.29","0.29","X","0.00","0.28","15","0.29","10","144.50",
="050835","所羅門統一59購01","46,000","3","20,700","0.45","0.45","0.45","0.45","-","0.01","0.44","214","0.45","10","144.50",
="050836","所羅門統一59購02","5,000","1","2,150","0.43","0.43","0.43","0.43","X","0.00","0.41","10","0.42","10","144.50",
="050837","所羅門統一59購03","45,000","2","15,300","0.34","0.34","0.34","0.34","-","0.01","0.33","13","0.34","10","144.50",
="050838","緯穎統一51購01","0","0","0","--","--","--","--"," ","0.00","1.18","10","1.21","10","3,140.00",
="05083U","漢翔群益54售01","55,000","3","11,300","0.20","0.21","0.20","0.21","+","0.03","0.21","10","0.31","10","0.00",
="05084U","晟銘電群益52售06","62,000","1","88,660","1.43","1.43","1.43","1.43","+","0.07","1.43","100","1.45","100","0.00",
="05085U","健策群益56售02","1,133,000","9","174,150","0.16","0.16","0.15","0.15","-","0.02","0.14","10","0.16","650","0.00",
="05086U","富世達群益52售06","0","0","0","--","--","--","--"," ","0.00","0.74","13","1.28","10","0.00",
="05087U","臺股指中信56售02","1,642,000","57","982,270","0.63","0.63","0.57","0.58","-","0.06","0.58","514","0.59","100","0.00",
="05088U","鴻海永豐52售06","0","0","0","--","--","--","--"," ","0.00","0.46","10","0.47","10","0.00",
="05089U","T50正2富邦54售01","0","0","0","--","--","--","--"," ","0.00","0.65","100","0.66","98","0.00",
="05090U","川湖富邦52售03","0","0","0","--","--","--","--"," ","0.00","0.38","100","0.39","28","0.00",
="05091U","南電富邦53售02","27,000","5","6,940","0.25","0.28","0.24","0.28","-","0.01","0.29","30","0.30","10","0.00",
="050926","世芯元富59購01","0","0","0","--","--","--","--"," ","0.00","2.73","26","2.78","25","3,700.00",
="05092U","臺股指富邦52售14","100,000","1","59,000","0.59","0.59","0.59","0.59","X","0.00","0.54","499","0.55","100","0.00",
="050932","T50反1富邦4C購01","0","0","0","--","--","--","--"," ","0.00","--","0","0.01","211","0.00",
="05093U","臺股指富邦53售12","0","0","0","--","--","--","--"," ","0.00","0.52","499","0.53","100","0.00",
="05094U","臺股指富邦54售07","0","0","0","--","--","--","--"," ","0.00","0.58","499","0.59","100","0.00",
="05095U","川湖凱基52售06","90,000","2","93,600","1.04","1.04","1.04","1.04","-","0.03","1.06","100","1.09","10","0.00",
="05096U","光寶科凱基52售04","262,000","13","92,820","0.36","0.40","0.30","0.35","+","0.06","0.35","100","0.41","3","0.00",
="050976","緯穎元富51購01","0","0","0","--","--","--","--"," ","0.00","3.63","25","3.71","25","3,140.00",
="05097U","智邦凱基52售08","134,000","7","185,690","1.38","1.41","1.36","1.36","-","0.14","1.36","100","1.38","10","0.00",
="05098U","台光電凱基52售06","217,000","3","123,190","0.67","0.67","0.52","0.52","-","0.16","0.57","100","0.58","10","0.00",
="05099U","嘉澤凱基52售02","31,000","5","36,050","1.14","1.17","1.13","1.17","+","0.05","1.16","100","1.17","10","0.00",
="05100U","台塑元富52售04","0","0","0","--","--","--","--"," ","0.00","0.92","25","0.93","25","0.00",
="05101U","鴻海元富52售11","80,000","1","55,200","0.69","0.69","0.69","0.69","X","0.00","0.65","25","0.66","25","0.00",
="05102U","漢唐元富52售02","30,000","1","27,000","0.90","0.90","0.90","0.90","X","0.00","0.47","30","--","0","0.00",
="05103U","宏致元富52售03","0","0","0","--","--","--","--"," ","0.00","0.90","25","0.91","25","0.00",
="05104U","訊芯元富52售02","0","0","0","--","--","--","--"," ","0.00","1.00","25","1.01","25","0.00",
="05105U","AES元富52售04","10,000","1","19,400","1.94","1.94","1.94","1.94","-","0.07","2.03","25","2.05","25","0.00",
="05106U","鴻海群益54售08","0","0","0","--","--","--","--"," ","0.00","0.97","100","0.98","100","0.00",
="05107U","台積電群益52售06","2,346,000","21","1,914,360","0.84","0.84","0.76","0.78","-","0.19","0.75","10","--","0","0.00",
="05108U","台積電群益52售07","67,000","1","49,580","0.74","0.74","0.74","0.74","X","0.00","0.25","10","--","0","0.00",
="05109U","漢唐群益53售03","0","0","0","--","--","--","--"," ","0.00","0.42","20","--","0","0.00",
="05110U","亞光群益54售01","0","0","0","--","--","--","--"," ","0.00","1.63","100","1.65","100","0.00",
="05111U","神達群益52售04","3,000","1","2,970","0.99","0.99","0.99","0.99","-","0.07","0.96","10","1.06","10","0.00",
="05112U","精成科群益52售04","219,000","7","255,850","1.11","1.31","1.11","1.31","+","0.14","0.18","55","--","0","0.00",
="05113U","嘉澤國票53售01","0","0","0","--","--","--","--"," ","0.00","0.57","25","0.59","10","0.00",
="051140","建漢統一59購01","0","0","0","--","--","--","--"," ","0.00","0.13","10","0.16","10","24.10",
="051141","達興統一4C購01","2,000","1","2,720","1.36","1.36","1.36","1.36","+","0.15","1.34","10","1.37","10","399.00",
="051142","永道統一53購02","0","0","0","--","--","--","--"," ","0.00","0.03","10","0.10","10","141.50",
="05114U","上証2X元大52售03","20,000","1","8,600","0.43","0.43","0.43","0.43","X","0.00","0.50","250","0.51","100","0.00",
="05115U","日本2X元大53售01","5,000","1","2,700","0.54","0.54","0.54","0.54","-","0.01","0.53","250","0.54","100","0.00",
="05116U","奇鋐元大52售01","500,000","8","622,600","1.19","1.39","1.18","1.38","+","0.01","1.38","399","1.41","200","0.00",
="05117U","健策元大52售02","133,000","6","31,090","0.23","0.24","0.23","0.24","-","0.03","0.24","499","0.25","200","0.00",
="05118U","訊芯元大52售05","0","0","0","--","--","--","--"," ","0.00","1.33","499","1.34","10","0.00",
="05119U","金像電中信56售01","3,000","2","2,150","0.71","0.73","0.71","0.73","-","0.03","0.72","10","0.73","10","0.00",
="05120U","台光電中信52售02","74,000","2","69,210","0.94","0.94","0.93","0.93","-","0.02","0.82","10","0.83","10","0.00",
="051216","元債2X元大4C購03","0","0","0","--","--","--","--"," ","0.00","--","0","0.05","50","7.35",
="05121U","漢唐中信52售02","0","0","0","--","--","--","--"," ","0.00","1.05","10","1.15","10","0.00",
="05122U","奇鋐中信52售02","300,000","9","362,490","1.14","1.33","1.12","1.33","-","0.02","1.32","10","1.33","10","0.00",
="05123U","奇鋐永豐52售03","55,000","10","62,200","1.10","1.27","1.09","1.27","+","0.10","1.26","501","1.27","10","0.00",
="05124U","金像電富邦53售04","0","0","0","--","--","--","--"," ","0.00","0.40","100","0.41","28","0.00",
="05125U","南亞凱基53售04","77,000","4","80,260","1.00","1.08","1.00","1.08","+","0.01","1.12","11","1.13","30","0.00",
="05126U","南亞凱基53售05","26,000","1","27,040","1.04","1.04","1.04","1.04","-","0.10","1.18","10","1.19","10","0.00",
="05127U","鴻海凱基56售06","0","0","0","--","--","--","--"," ","0.00","1.41","499","1.42","499","0.00",
="05128U","群光凱基53售01","0","0","0","--","--","--","--"," ","0.00","1.06","10","1.07","10","0.00",
="05129U","奇鋐凱基53售05","58,000","2","70,460","1.11","1.30","1.11","1.30","-","0.03","0.66","15","--","0","0.00",
="05130U","訊芯凱基53售03","0","0","0","--","--","--","--"," ","0.00","1.27","10","1.37","10","0.00",
="051311","鴻海元富53購01","36,000","14","139,970","3.80","3.93","3.80","3.93","+","0.30","3.90","25","3.93","25","221.00",
="05131U","台玻國票53售04","0","0","0","--","--","--","--"," ","0.00","1.27","25","1.28","10","0.00",
="05132U","定穎控國票53售05","8,000","1","11,760","1.47","1.47","1.47","1.47","-","0.01","1.54","25","1.56","10","0.00",
="05133U","立積國票52售03","0","0","0","--","--","--","--"," ","0.00","1.60","25","1.62","10","0.00",
="05134U","和椿國票52售05","34,000","3","69,270","2.01","2.04","2.01","2.04","+","0.09","2.02","25","2.04","10","0.00",
="05135U","臺股指國票52售07","312,000","4","324,260","1.04","1.04","1.02","1.02","-","0.09","0.97","549","1.50","20","0.00",
="05136U","臺股指國票53售07","1,000","1","830","0.83","0.83","0.83","0.83","-","0.08","0.81","499","0.83","499","0.00",
="05137U","定穎控國泰53售02","0","0","0","--","--","--","--"," ","0.00","1.31","499","1.35","101","0.00",
="05138U","台灣50元富52售04","942,000","32","1,022,430","1.14","1.15","1.03","1.04","-","0.25","1.03","27","1.04","25","0.00",
="05139U","SGBR2X元富52售03","200,000","1","308,000","1.54","1.54","1.54","1.54","X","0.00","1.53","25","1.54","25","0.00",
="05140U","鴻海元富52售15","0","0","0","--","--","--","--"," ","0.00","0.99","25","1.00","25","0.00",
="051414","新日興統一57購01","40,000","1","22,000","0.55","0.55","0.55","0.55","X","0.00","0.51","10","0.52","10","237.00",
="051415","達興統一53購02","1,525,000","44","2,138,580","1.34","1.50","1.34","1.46","+","0.13","1.45","10","1.46","10","399.00",
="051416","迎廣統一59購01","0","0","0","--","--","--","--"," ","0.00","0.52","10","0.53","10","85.80",
="051417","迎廣統一59購02","0","0","0","--","--","--","--"," ","0.00","0.33","10","0.34","10","85.80",
="051418","迎廣統一59購03","0","0","0","--","--","--","--"," ","0.00","0.31","10","0.32","10","85.80",
="05141U","健鼎元富52售03","0","0","0","--","--","--","--"," ","0.00","1.90","25","1.91","25","0.00",
="05142U","定穎控元富52售04","180,000","4","194,900","1.01","1.09","1.01","1.09","+","0.03","1.09","25","1.10","25","0.00",
="05143U","台塑群益58售01","0","0","0","--","--","--","--"," ","0.00","1.86","100","1.88","100","0.00",
="05144U","川湖群益54售06","0","0","0","--","--","--","--"," ","0.00","1.45","10","1.55","10","0.00",
="05145U","光寶科群益58售01","0","0","0","--","--","--","--"," ","0.00","--","0","1.34","10","0.00",
="05146U","鴻海群益54售09","0","0","0","--","--","--","--"," ","0.00","0.71","100","0.72","100","0.00",
="05147U","台積電群益52售08","173,000","21","131,450","0.80","0.81","0.75","0.75","-","0.15","0.68","5","1.03","10","0.00",
="05148U","智邦群益59售01","9,000","2","5,850","0.65","0.65","0.65","0.65","-","0.02","0.45","22","--","0","0.00",
="05149U","金像電群益53售04","0","0","0","--","--","--","--"," ","0.00","0.82","10","0.92","10","0.00",
="05150U","漢唐群益54售02","13,000","3","16,480","1.27","1.29","1.24","1.24","X","0.00","1.17","5","--","0","0.00",
="051515","元債2X群益4B購03","0","0","0","--","--","--","--"," ","0.00","--","0","--","0","7.35",
="05151U","京元電群益52售04","4,000","1","3,720","0.93","0.93","0.93","0.93","+","0.08","0.98","10","1.08","10","0.00",
="05152U","京元電群益53售02","5,000","1","1,700","0.34","0.34","0.34","0.34","+","0.02","0.35","10","0.45","10","0.00",
="05153U","嘉澤群益58售01","65,000","1","104,000","1.60","1.60","1.60","1.60","+","0.05","0.96","10","--","0","0.00",
="05154U","台灣50元大55售02","285,000","9","97,440","0.35","0.36","0.33","0.33","-","0.06","0.32","150","0.33","10","0.00",
="05155U","T50正2元大53售02","688,000","7","342,370","0.51","0.51","0.48","0.48","-","0.05","0.48","101","0.49","10","0.00",
="051565","鴻海元富56購01","62,000","30","574,400","9.05","9.35","9.05","9.30","+","0.65","9.25","25","9.30","25","221.00",
="051567","順德元富4A購01","0","0","0","--","--","--","--"," ","0.00","--","0","0.10","25","81.90",
="05156P","台積電統一4A售10","0","0","0","--","--","--","--"," ","0.00","0.01","10","0.02","10","0.00",
="05156U","T50正2元大55售01","200,000","2","117,000","0.59","0.59","0.58","0.58","-","0.06","0.56","100","0.57","10","0.00",
="05157U","南亞元大53售01","76,000","4","124,740","1.64","1.74","1.64","1.74","-","0.01","1.75","450","1.76","200","0.00",
="05158U","金像電元大53售02","0","0","0","--","--","--","--"," ","0.00","1.31","499","1.32","200","0.00",
="051593","弘憶股統一59購01","18,000","3","2,880","0.16","0.16","0.16","0.16","X","0.00","0.15","12","0.16","10","44.10",
="051594","弘憶股統一59購02","0","0","0","--","--","--","--"," ","0.00","0.17","10","0.18","10","44.10",
="051595","弘憶股統一59購03","5,000","1","900","0.18","0.18","0.18","0.18","X","0.00","0.17","13","0.18","10","44.10",
="051598","世紀鋼統一55購02","0","0","0","--","--","--","--"," ","0.00","0.14","10","0.15","10","171.50",
="05159U","定穎控元大53售02","10,000","1","12,600","1.26","1.26","1.26","1.26","+","0.01","1.27","499","1.28","200","0.00",
="05160P","台積電永豐49售10","0","0","0","--","--","--","--"," ","0.00","--","0","--","0","0.00",
="05160U","南亞中信52售04","0","0","0","--","--","--","--"," ","0.00","2.00","499","2.02","10","0.00",
="051613","滬深2X元富59購01","0","0","0","--","--","--","--"," ","0.00","6.75","25","6.85","25","19.04",
="05161P","台積電永豐49售11","0","0","0","--","--","--","--"," ","0.00","--","0","--","0","0.00",
="05161U","鴻海中信56售01","147,000","7","88,360","0.61","0.61","0.58","0.59","-","0.03","0.58","10","0.59","10","0.00",
="05162U","台玻群益53售06","17,000","4","12,650","0.71","0.76","0.71","0.76","+","0.06","0.76","100","0.79","100","0.00",
="05163U","鴻海群益52售10","0","0","0","--","--","--","--"," ","0.00","0.61","100","0.62","100","0.00",
="05164U","京元電群益53售05","30,000","1","21,600","0.72","0.72","0.72","0.72","+","0.03","0.74","10","0.77","10","0.00",
="05165U","奇鋐群益56售07","0","0","0","--","--","--","--"," ","0.00","1.08","1","--","0","0.00",
="05166U","健鼎群益56售01","0","0","0","--","--","--","--"," ","0.00","1.44","10","1.54","10","0.00",
="05167U","臺股指群益52售10","0","0","0","--","--","--","--"," ","0.00","0.42","499","0.43","499","0.00",
="05168U","創意元富52售03","78,000","1","57,720","0.74","0.74","0.74","0.74","-","0.09","0.75","25","0.76","25","0.00",
="051699","臺股指富邦4C購01","6,561,000","153","598,100","0.07","0.10","0.07","0.09","+","0.02","0.09","452","0.10","1,351","0.00",
="05169U","臺股指元富55售05","10,000","1","10,400","1.04","1.04","1.04","1.04","-","0.10","1.04","25","1.05","25","0.00",
="05170U","金像電國泰54售01","0","0","0","--","--","--","--"," ","0.00","0.94","499","0.95","100","0.00",
="05171U","緯穎國泰54售01","1,000","1","960","0.96","0.96","0.96","0.96","+","0.01","0.96","10","0.97","10","0.00",
="05172U","台灣50凱基53售08","69,000","8","87,590","1.30","1.30","1.23","1.25","-","0.15","1.18","1","--","0","0.00",
="05173U","T50正2凱基55售02","0","0","0","--","--","--","--"," ","0.00","0.81","100","0.82","10","0.00",
="05174U","SGBR2X凱基53售04","0","0","0","--","--","--","--"," ","0.00","1.66","100","1.67","50","0.00",
="051750","大成鋼元富49購01","0","0","0","--","--","--","--"," ","0.00","0.58","25","0.68","10","37.90",
="051757","欣興元富49購01","0","0","0","--","--","--","--"," ","0.00","--","0","0.10","25","159.00",
="05175U","台達電凱基53售02","150,000","3","61,700","0.38","0.42","0.38","0.42","+","0.01","0.42","100","0.52","10","0.00",
="051760","雷虎元富49購02","0","0","0","--","--","--","--"," ","0.00","--","0","--","0","148.50",
="051763","長華元富49購01","0","0","0","--","--","--","--"," ","0.00","--","0","0.05","12","40.60",
="05176U","鴻海凱基54售14","0","0","0","--","--","--","--"," ","0.00","0.54","499","0.55","499","0.00",
="051775","達麗統一53購01","0","0","0","--","--","--","--"," ","0.00","0.76","10","0.77","10","50.10",
="051776","元晶統一53購01","0","0","0","--","--","--","--"," ","0.00","0.07","10","0.10","10","15.30",
="05177U","金像電凱基53售02","0","0","0","--","--","--","--"," ","0.00","1.69","100","1.79","10","0.00",
="05178U","京元電凱基53售05","0","0","0","--","--","--","--"," ","0.00","1.10","100","1.13","10","0.00",
="051799","T50反1凱基49購02","0","0","0","--","--","--","--"," ","0.00","--","0","0.15","20","18.29",
="05179P","臺股指凱基49售08","0","0","0","--","--","--","--"," ","0.00","--","0","--","0","0.00",
="05179U","亞光凱基53售02","0","0","0","--","--","--","--"," ","0.00","1.28","499","1.29","40","0.00",
="051807","威盛凱基49購01","0","0","0","--","--","--","--"," ","0.00","--","0","--","0","59.50",
="05180P","臺股指凱基49售09","0","0","0","--","--","--","--"," ","0.00","--","0","--","0","0.00",
="05180U","台灣50元大53售06","0","0","0","--","--","--","--"," ","0.00","0.37","100","0.47","10","0.00",
="05181U","佳能元大53售02","229,000","9","151,870","0.69","0.69","0.60","0.64","-","0.09","0.64","499","0.66","200","0.00",
="05182U","台光電元大53售06","573,000","24","626,530","1.12","1.14","0.97","1.02","-","0.14","1.02","499","1.04","220","0.00",
="05183U","精成科元大53售04","0","0","0","--","--","--","--"," ","0.00","0.71","499","0.72","200","0.00",
="05184U","臺股指元大53售12","0","0","0","--","--","--","--"," ","0.00","0.43","499","0.44","10","0.00",
="05185U","臺股指元大53售13","218,000","4","156,960","0.72","0.72","0.72","0.72","-","0.08","0.72","100","0.77","10","0.00",
="05186U","台灣50中信58售02","326,000","6","172,790","0.54","0.54","0.50","0.52","-","0.04","0.50","102","0.51","100","0.00",
="05187U","台化中信52售02","29,000","1","18,270","0.63","0.63","0.63","0.63","-","0.05","0.66","10","0.67","10","0.00",
="05188U","京元電中信56售01","0","0","0","--","--","--","--"," ","0.00","0.42","10","0.43","10","0.00",
="05189U","世芯永豐52售09","0","0","0","--","--","--","--"," ","0.00","1.56","499","1.57","10","0.00",
="05190U","臺股指永豐54售01","25,000","3","13,000","0.52","0.52","0.52","0.52","-","0.04","0.49","499","0.50","10","0.00",
="05191U","A50正2凱基54售01","311,000","10","130,990","0.39","0.45","0.37","0.43","+","0.03","0.43","20","0.45","144","0.00",
="05192U","道瓊銅凱基56售01","0","0","0","--","--","--","--"," ","0.00","0.44","10","0.45","50","0.00",
="051933","潤隆統一4C購01","0","0","0","--","--","--","--"," ","0.00","0.03","10","0.10","10","30.85",
="051934","長榮統一4C購02","60,000","2","13,800","0.23","0.23","0.23","0.23"," ","0.00","0.23","80","--","0","182.00",
="051935","長榮統一53購01","0","0","0","--","--","--","--"," ","0.00","0.32","10","0.33","10","182.00",
="051936","萬海統一49購03","0","0","0","--","--","--","--"," ","0.00","--","0","--","0","77.90",
="051937","萬海統一59購01","0","0","0","--","--","--","--"," ","0.00","0.25","10","0.26","10","77.90",
="051938","京鼎統一49購03","0","0","0","--","--","--","--"," ","0.00","--","0","0.01","10","306.00",
="051939","洋華統一55購01","0","0","0","--","--","--","--"," ","0.00","0.14","10","0.15","10","52.50",
="05193U","台玻凱基53售03","94,000","7","171,380","1.67","1.85","1.67","1.85","+","0.10","1.85","10","1.86","10","0.00",
="051940","貿聯統一49購02","0","0","0","--","--","--","--"," ","0.00","3.96","10","3.97","10","1,085.00",
="05194U","鴻海凱基53售08","63,000","7","113,970","1.85","1.85","1.77","1.77","-","0.21","1.76","499","1.77","499","0.00",
="05195U","鴻海凱基53售09","0","0","0","--","--","--","--"," ","0.00","1.47","499","1.48","499","0.00",
="051968","台光電元大49購03","0","0","0","--","--","--","--"," ","0.00","46.80","10","--","0","1,345.00",
="05196U","鴻海凱基53售10","0","0","0","--","--","--","--"," ","0.00","1.06","499","1.07","499","0.00",
="05197U","奇鋐凱基53售08","76,000","2","114,760","1.51","1.51","1.51","1.51","-","0.19","1.69","100","1.71","10","0.00",
="05198U","jpp凱基53售02","0","0","0","--","--","--","--"," ","0.00","0.57","10","0.67","10","0.00",
="051996","元金2X元富49購01","0","0","0","--","--","--","--"," ","0.00","2.73","25","2.83","10","70.40",
="05199U","緯穎凱基53售06","51,000","2","66,550","1.30","1.31","1.30","1.31","+","0.10","1.31","100","1.32","10","0.00",
="052000","台積電元富49購06","0","0","0","--","--","--","--"," ","0.00","--","0","--","0","1,340.00",
="052003","長榮元富49購02","0","0","0","--","--","--","--"," ","0.00","--","0","0.10","25","182.00",
="052005","慧洋元富49購01","0","0","0","--","--","--","--"," ","0.00","--","0","0.10","10","58.40",
="05200U","臺股指凱基53售16","20,000","3","11,300","0.60","0.60","0.55","0.55","-","0.10","0.56","100","0.57","10","0.00",
="052010","采鈺元富49購01","10,000","1","200","0.02","0.02","0.02","0.02","X","0.00","0.02","25","0.12","10","305.50",
="05201U","臺股指凱基53售17","50,000","1","18,500","0.37","0.37","0.37","0.37","X","0.00","0.36","100","0.37","10","0.00",
="05202U","S&P正2國票54售01","199,000","2","86,560","0.44","0.44","0.43","0.43","-","0.02","0.42","25","0.43","10","0.00",
="05203U","楠梓電國票53售03","502,000","12","302,970","0.57","0.65","0.57","0.65","+","0.10","0.68","25","0.69","10","0.00",
="05204U","京元電國票52售02","0","0","0","--","--","--","--"," ","0.00","0.82","25","0.83","10","0.00",
="052053","T50反1富邦49購02","0","0","0","--","--","--","--"," ","0.00","--","0","0.01","5,004","0.00",
="052054","T50反1富邦49購03","0","0","0","--","--","--","--"," ","0.00","--","0","0.01","1,000","0.00",
="05205U","迅得國票52售02","0","0","0","--","--","--","--"," ","0.00","1.11","25","1.12","10","0.00",
="05206U","奇鋐國泰54售01","0","0","0","--","--","--","--"," ","0.00","1.05","499","1.07","499","0.00",
="052072","鴻海永豐49購04","0","0","0","--","--","--","--"," ","0.00","0.18","499","0.28","10","221.00",
="052076","景碩永豐49購01","0","0","0","--","--","--","--"," ","0.00","--","0","0.10","10","111.50",
="05207U","創意群益56售01","0","0","0","--","--","--","--"," ","0.00","0.29","4","--","0","0.00",
="05208U","台玻富邦52售03","0","0","0","--","--","--","--"," ","0.00","0.75","30","0.76","10","0.00",
="05209U","鴻海富邦52售06","47,000","2","15,610","0.34","0.34","0.33","0.33","X","0.00","0.31","30","0.32","10","0.00",
="052108","創意群益49購01","0","0","0","--","--","--","--"," ","0.00","1.59","1","1.60","10","1,315.00",
="05210U","台灣50元大53售08","60,000","3","33,600","0.58","0.58","0.54","0.54","-","0.11","0.53","100","0.54","10","0.00",
="052117","藍天統一53購01","0","0","0","--","--","--","--"," ","0.00","0.07","10","0.10","10","41.45",
="052118","全新統一53購01","172,000","2","51,570","0.30","0.30","0.27","0.27","-","0.03","0.26","10","0.27","10","160.00",
="052119","萬海統一49購04","0","0","0","--","--","--","--"," ","0.00","--","0","0.01","10","77.90",
="05211U","台塑元大53售01","0","0","0","--","--","--","--"," ","0.00","1.02","499","1.03","200","0.00",
="052122","創意統一59購01","1,043,000","22","437,390","0.41","0.42","0.41","0.42","+","0.02","0.41","10","0.42","10","1,315.00",
="052123","十銓統一4C購03","54,000","5","4,020","0.07","0.08","0.07","0.08","-","0.05","0.08","10","0.13","259","88.50",
="052124","迎廣統一4C購01","0","0","0","--","--","--","--"," ","0.00","0.08","10","0.09","10","85.80",
="052125","長華統一49購01","0","0","0","--","--","--","--"," ","0.00","--","0","0.10","10","40.60",
="05212U","鴻海元大53售06","0","0","0","--","--","--","--"," ","0.00","0.57","499","0.58","200","0.00",
="05213U","鴻海元大53售07","324,000","8","394,600","1.24","1.24","1.16","1.17","-","0.13","1.17","499","1.18","200","0.00",
="05214U","臺股指元大55售05","160,000","3","132,200","0.85","0.85","0.81","0.81","-","0.11","0.81","100","0.82","10","0.00",
="05215U","臺股指元大59售02","56,000","6","48,490","0.88","0.88","0.85","0.85","-","0.06","0.85","100","0.86","10","0.00",
="05216U","京元電元富52售02","0","0","0","--","--","--","--"," ","0.00","0.53","25","0.54","25","0.00",
="05217U","緯穎永豐53售03","1,000","1","1,770","1.77","1.77","1.77","1.77","+","0.10","1.77","10","1.78","10","0.00",
="05218U","台塑中信52售05","0","0","0","--","--","--","--"," ","0.00","0.92","499","0.93","10","0.00",
="05219U","臺股指中信55售06","580,000","4","545,400","0.96","0.96","0.93","0.93","-","0.08","0.93","499","0.94","100","0.00",
="052200","上証2X元富49購02","0","0","0","--","--","--","--"," ","0.00","0.10","50","--","0","47.20",
="052201","上証2X元富49購03","0","0","0","--","--","--","--"," ","0.00","--","0","--","0","47.20",
="052205","國企2X元富49購01","0","0","0","--","--","--","--"," ","0.00","0.03","50","--","0","11.65",
="05220U","台灣50富邦54售05","484,000","16","821,240","1.78","1.78","1.68","1.68","-","0.23","1.66","100","1.67","98","0.00",
="052216","創意元富49購01","0","0","0","--","--","--","--"," ","0.00","0.13","25","0.23","10","1,315.00",
="052217","洋華元富49購01","0","0","0","--","--","--","--"," ","0.00","--","0","0.10","10","52.50",
="05221U","奇鋐富邦55售04","54,000","4","44,280","0.81","0.84","0.81","0.82","-","0.05","0.88","10","0.89","10","0.00",
="05222U","臺股指富邦52售16","413,000","17","325,560","0.82","0.83","0.77","0.79","-","0.10","0.78","499","0.79","100","0.00",
="05223U","臺股指富邦55售03","0","0","0","--","--","--","--"," ","0.00","0.88","499","0.89","100","0.00",
="05224U","臺股指富邦58售01","214,000","8","244,610","1.16","1.16","1.12","1.12","-","0.10","1.12","499","1.13","100","0.00",
="05225U","宇隆凱基53售01","0","0","0","--","--","--","--"," ","0.00","1.47","10","1.49","10","0.00",
="052263","道瓊銀元富49購02","41,000","2","2,060","0.05","0.06","0.05","0.06","X","0.00","0.07","25","0.17","10","36.75",
="052264","FB越南元富49購01","0","0","0","--","--","--","--"," ","0.00","0.80","25","0.90","10","15.73",
="052266","台化元富49購01","0","0","0","--","--","--","--"," ","0.00","--","0","0.08","5","28.95",
="05226U","台積電凱基55售05","0","0","0","--","--","--","--"," ","0.00","0.77","100","0.87","10","0.00",
="052271","宏達電元富49購01","20,000","2","204,100","10.30","10.30","10.20","10.20","+","0.45","9.65","25","10.30","1","64.60",
="052274","萬海元富49購02","0","0","0","--","--","--","--"," ","0.00","--","0","0.08","35","77.90",
="052276","晶相光元富49購01","0","0","0","--","--","--","--"," ","0.00","--","0","0.10","25","66.00",
="05227U","漢翔凱基54售01","20,000","2","3,400","0.17","0.17","0.17","0.17","+","0.02","0.17","30","0.18","40","0.00",
="05228U","創意凱基56售03","98,000","3","66,020","0.69","0.69","0.66","0.66","X","0.00","0.67","10","0.69","10","0.00",
="05229U","辛耘凱基53售02","0","0","0","--","--","--","--"," ","0.00","1.35","10","1.45","10","0.00",
="05230U","臻鼎凱基53售03","0","0","0","--","--","--","--"," ","0.00","1.43","100","1.44","10","0.00",
="05231U","臺股指凱基58售03","10,000","1","9,100","0.91","0.91","0.91","0.91","-","0.06","0.89","100","0.90","10","0.00",
="052323","威盛統一49購01","0","0","0","--","--","--","--"," ","0.00","--","0","0.01","10","59.50",
="052324","威盛統一4C購02","0","0","0","--","--","--","--"," ","0.00","--","0","--","0","59.50",
="052325","萬海統一49購05","0","0","0","--","--","--","--"," ","0.00","--","0","0.01","1,551","77.90",
="052326","萬海統一49購06","0","0","0","--","--","--","--"," ","0.00","--","0","--","0","77.90",
="052327","萬海統一49購07","0","0","0","--","--","--","--"," ","0.00","--","0","0.01","10","77.90",
="052328","奇鋐統一4C購02","514,000","8","663,580","1.30","1.34","1.13","1.13","-","0.06","1.12","10","1.13","10","1,015.00",
="052329","玉晶光統一4C購04","0","0","0","--","--","--","--"," ","0.00","0.08","10","0.09","10","443.50",
="05232P","台積電元富5B售02","103,000","5","131,780","1.30","1.30","1.26","1.26","-","0.19","1.26","3","--","0","0.00",
="05232U","南亞群益52售03","20,000","1","39,800","1.99","1.99","1.99","1.99"," ","0.00","1.20","8","--","0","0.00",
="052330","世芯統一49購02","0","0","0","--","--","--","--"," ","0.00","1.48","10","1.50","10","3,700.00",
="05233U","台玻群益54售01","2,000","2","4,720","2.38","2.38","2.34","2.34","+","0.09","2.41","25","2.46","10","0.00",
="05234U","台積電群益54售20","703,000","10","416,670","0.61","0.61","0.55","0.55","-","0.14","0.18","55","--","0","0.00",
="05235U","台積電群益54售21","87,000","3","39,750","0.48","0.48","0.45","0.45","X","0.00","0.14","30","--","0","0.00",
="052365","台積電群益49購04","0","0","0","--","--","--","--"," ","0.00","--","0","--","0","1,340.00",
="05236U","奇鋐群益54售14","118,000","12","133,300","1.11","1.23","1.11","1.23","+","0.01","1.21","3","--","0","0.00",
="05237U","緯穎群益54售08","46,000","4","131,060","2.84","2.87","2.84","2.84","-","0.02","1.78","5","--","0","0.00",
="05238U","臺股指群益52售16","200,000","1","72,000","0.36","0.36","0.36","0.36","X","0.00","0.36","499","0.37","499","0.00",
="052398","台灣50元大49購01","14,000","2","43,920","3.06","3.33","3.06","3.33","+","0.59","3.32","499","3.42","10","58.45",
="05239U","臺股指群益52售17","0","0","0","--","--","--","--"," ","0.00","0.39","499","0.49","10","0.00",
="05240U","臺股指群益52售18","0","0","0","--","--","--","--"," ","0.00","0.38","499","--","0","0.00",
="052419","大立光元大49購01","0","0","0","--","--","--","--"," ","0.00","0.02","499","0.12","10","2,360.00",
="05241U","臺股指群益52售19","89,000","6","45,270","0.53","0.53","0.49","0.49","-","0.09","0.50","499","0.60","10","0.00",
="05242U","臺股指群益52售20","80,000","2","30,800","0.40","0.40","0.37","0.37","-","0.06","0.37","459","0.41","40","0.00",
="05243U","臺股指群益52售21","100,000","1","47,000","0.47","0.47","0.47","0.47","-","0.09","0.48","499","0.58","10","0.00",
="05244U","臺股指群益52售22","81,000","15","50,990","0.66","0.66","0.60","0.61","-","0.10","0.62","499","0.63","499","0.00",
="052452","上証2X元富4A購01","10,000","1","200","0.02","0.02","0.02","0.02","X","0.00","0.03","25","0.10","10","47.20",
="052454","滬深2X元富4A購01","62,000","5","90,720","1.53","1.53","1.41","1.41","-","0.13","--","0","--","0","19.04",
="052458","中鴻元富4A購01","0","0","0","--","--","--","--"," ","0.00","--","0","0.10","25","15.90",
="05245U","FBNQ2X元大53售04","182,000","9","296,780","1.63","1.64","1.63","1.64","-","0.07","1.63","250","1.64","100","0.00",
="052461","長榮元富51購01","2,000","1","980","0.49","0.49","0.49","0.49","X","0.00","0.48","25","0.49","25","182.00",
="052462","長榮元富54購01","0","0","0","--","--","--","--"," ","0.00","0.34","25","0.35","25","182.00",
="052464","世芯元富4A購01","0","0","0","--","--","--","--"," ","0.00","2.74","25","2.80","25","3,700.00",
="052465","四維航元富4A購01","0","0","0","--","--","--","--"," ","0.00","--","0","0.10","10","17.00",
="052467","宏全元富4A購01","0","0","0","--","--","--","--"," ","0.00","--","0","0.10","25","129.00",
="05246U","台玻元大53售02","11,000","2","24,710","2.24","2.31","2.24","2.31","+","0.09","2.32","350","2.33","200","0.00",
="05247U","華碩元大53售02","4,000","2","4,840","1.20","1.22","1.20","1.22","-","0.05","1.21","25","1.22","10","0.00",
="05248U","金像電元大53售05","96,000","11","157,660","1.62","1.68","1.62","1.64","-","0.09","1.66","450","1.67","200","0.00",
="05249U","世芯元大53售07","5,000","1","10,750","2.15","2.15","2.15","2.15","+","0.20","0.45","22","--","0","0.00",
="052504","十銓永豐4A購01","0","0","0","--","--","--","--"," ","0.00","--","0","0.10","10","88.50",
="05250U","臻鼎永豐52售04","1,000","1","760","0.76","0.76","0.76","0.76","X","0.00","0.76","11","0.77","10","0.00",
="052512","士紙統一54購01","0","0","0","--","--","--","--"," ","0.00","0.22","10","0.23","10","53.10",
="052513","台亞統一52購01","1,764,000","62","201,720","0.08","0.13","0.08","0.13"," ","0.00","0.12","371","0.13","50","27.80",
="052514","偉詮電統一52購01","0","0","0","--","--","--","--"," ","0.00","0.12","160","0.13","10","56.00",
="052515","宏達電統一54購01","580,000","13","379,070","0.65","0.66","0.63","0.63","-","0.01","0.63","10","0.64","10","64.60",
="052516","長榮太統一56購01","20,000","2","19,700","0.98","0.99","0.98","0.99","-","0.07","0.95","20","1.28","3","168.50",
="052517","奇鋐統一5A購01","353,000","13","268,280","0.81","0.81","0.74","0.74"," ","0.00","0.74","13","0.75","10","1,015.00",
="052518","貿聯統一52購01","15,000","2","37,300","2.54","2.54","2.38","2.38","-","0.08","2.29","10","2.34","10","1,085.00",
="05251U","jpp永豐53售04","1,000","1","510","0.51","0.51","0.51","0.51","-","0.01","0.52","10","0.53","10","0.00",
="052520","上証2X群益4A購01","0","0","0","--","--","--","--"," ","0.00","--","0","--","0","47.20",
="052522","滬深2X群益4A購01","0","0","0","--","--","--","--"," ","0.00","--","0","--","0","19.04",
="052524","中502X群益4A購01","0","0","0","--","--","--","--"," ","0.00","1.10","25","1.11","10","13.10",
="05252U","臺股指永豐53售07","0","0","0","--","--","--","--"," ","0.00","0.42","499","0.43","10","0.00",
="052532","台積電群益4A購02","2,000","2","2,140","1.04","1.10","1.04","1.10","+","0.20","1.15","499","1.20","1","1,340.00",
="052533","台積電群益4A購03","0","0","0","--","--","--","--"," ","0.00","0.89","499","--","0","1,340.00",
="05253U","台灣50凱基54售10","115,000","6","141,780","1.21","1.25","1.21","1.23","-","0.18","1.21","101","1.22","10","0.00",
="05254U","鴻海凱基53售12","0","0","0","--","--","--","--"," ","0.00","0.52","499","0.53","499","0.00",
="05255U","台積電凱基53售33","0","0","0","--","--","--","--"," ","0.00","0.59","100","0.69","10","0.00",
="05256U","台積電凱基53售34","116,000","9","85,010","0.75","0.75","0.71","0.71","-","0.12","0.71","100","0.81","10","0.00",
="05257U","金像電凱基53售05","5,000","2","7,770","1.53","1.59","1.53","1.59","-","0.04","1.58","100","1.68","10","0.00",
="05258U","漢唐凱基53售05","0","0","0","--","--","--","--"," ","0.00","1.90","100","2.00","10","0.00",
="052594","台光電元大4A購01","0","0","0","--","--","--","--"," ","0.00","6.20","150","--","0","1,345.00",
="05259U","世芯凱基53售09","59,000","5","133,540","2.16","2.27","2.16","2.27","+","0.13","2.25","100","2.28","10","0.00",
="052604","亞光元大4A購01","0","0","0","--","--","--","--"," ","0.00","0.52","499","0.54","10","161.50",
="052605","京鼎元大4A購01","0","0","0","--","--","--","--"," ","0.00","--","0","0.10","10","306.00",
="05260U","緯穎凱基54售10","10,000","2","27,710","2.77","2.78","2.77","2.78","X","0.00","2.78","100","2.79","10","0.00",
="05261U","臺股指凱基56售11","3,000","1","2,940","0.98","0.98","0.98","0.98","X","0.00","0.95","100","0.96","10","0.00",
="05262U","華碩富邦52售02","0","0","0","--","--","--","--"," ","0.00","0.47","30","0.48","10","0.00",
="05263U","台灣50台新52售01","0","0","0","--","--","--","--"," ","0.00","1.36","10","1.38","10","0.00",
="052641","滬深2X中信4A購01","10,000","1","100","0.01","0.01","0.01","0.01","X","0.00","--","0","0.01","40","0.00",
="05264U","香港2X國票53售01","900,000","14","1,492,310","1.61","1.78","1.61","1.76","+","0.09","1.77","25","1.78","10","0.00",
="05265U","元金2X國票54售04","151,000","3","50,340","0.33","0.34","0.33","0.34","-","0.04","0.33","45","0.34","10","0.00",
="05266U","金像電國票53售05","5,000","1","5,000","1.00","1.00","1.00","1.00","-","0.08","0.99","25","1.00","10","0.00",
="05267P","臺股指富邦4B售02","0","0","0","--","--","--","--"," ","0.00","--","0","0.07","98","0.00",
="05267U","達邁國票53售04","1,000","1","1,160","1.16","1.16","1.16","1.16","X","0.00","1.19","25","1.21","10","0.00",
="052687","國化元富4A購01","0","0","0","--","--","--","--"," ","0.00","0.05","10","0.15","10","49.05",
="05268U","貿聯國票53售03","20,000","1","13,000","0.65","0.65","0.65","0.65","X","0.00","0.64","25","0.66","10","0.00",
="052694","萬海元富4A購01","0","0","0","--","--","--","--"," ","0.00","--","0","0.10","25","77.90",
="05269U","緯穎國票53售03","0","0","0","--","--","--","--"," ","0.00","1.21","25","1.22","10","0.00",
="052702","富邦媒元富4A購01","0","0","0","--","--","--","--"," ","0.00","--","0","0.01","30","243.00",
="052707","元金2X國票4A購01","0","0","0","--","--","--","--"," ","0.00","--","0","--","0","70.40",
="05270U","電子類國票53售01","1,660,000","22","1,933,720","1.19","1.21","1.10","1.12","-","0.17","1.12","499","1.14","499","0.00",
="05271U","電子類國票53售02","100,000","14","114,160","1.16","1.17","1.07","1.09","-","0.19","1.09","499","1.10","499","0.00",
="05272U","電子類國票53售03","26,000","3","26,860","1.08","1.08","1.00","1.00","-","0.19","1.02","499","1.03","499","0.00",
="052735","滬深2X統一51購01","3,000","1","1,350","0.45","0.45","0.45","0.45","X","0.00","0.44","10","0.45","10","19.04",
="052736","中鋼統一4A購01","0","0","0","--","--","--","--"," ","0.00","--","0","--","0","19.45",
="052737","第一銅統一4A購02","0","0","0","--","--","--","--"," ","0.00","--","0","0.02","499","33.95",
="052738","中鴻統一51購01","0","0","0","--","--","--","--"," ","0.00","0.02","10","0.10","10","15.90",
="05273U","金融類國票53售02","10,000","1","15,600","1.56","1.56","1.56","1.56","-","0.03","1.57","499","1.58","499","0.00",
="052740","矽統統一4A購01","0","0","0","--","--","--","--"," ","0.00","--","0","0.01","10","58.60",
="052741","矽統統一5A購01","6,000","2","1,620","0.27","0.27","0.27","0.27"," ","0.00","0.26","10","0.27","11","58.60",
="052743","文曄統一4A購01","72,000","8","31,380","0.44","0.44","0.43","0.43","-","0.02","0.43","10","0.44","10","137.50",
="052744","欣興統一4A購01","0","0","0","--","--","--","--"," ","0.00","0.10","10","0.11","10","159.00",
="052748","邁達特統一51購01","247,000","3","57,640","0.24","0.24","0.23","0.23","-","0.01","0.22","10","0.23","10","51.40",
="052749","昇陽半統一4C購03","11,000","2","11,780","1.07","1.08","1.07","1.08"," ","0.00","1.01","10","1.03","10","179.50",
="05274U","台灣50元大54售06","342,000","12","278,860","0.85","0.86","0.80","0.80","-","0.13","0.79","100","0.80","10","0.00",
="05275U","元黃金元大54售01","0","0","0","--","--","--","--"," ","0.00","0.19","400","0.20","100","0.00",
="05276U","南亞元大53售04","1,000","1","1,790","1.79","1.79","1.79","1.79","X","0.00","1.80","450","1.81","200","0.00",
="052777","臺股指凱基4A購02","0","0","0","--","--","--","--"," ","0.00","--","0","--","0","0.00",
="05277U","台玻元大53售03","2,000","2","2,060","1.02","1.04","1.02","1.04","+","0.04","1.05","499","1.06","201","0.00",
="052784","上証2X群益4C購01","25,000","1","10,250","0.41","0.41","0.41","0.41","X","0.00","0.03","15","--","0","47.20",
="052785","滬深2X群益4C購01","116,000","7","35,860","0.33","0.33","0.30","0.30","-","0.04","0.30","1","--","0","19.04",
="052786","國企2X群益4A購01","0","0","0","--","--","--","--"," ","0.00","0.10","10","0.20","10","11.65",
="052788","台玻群益4A購01","0","0","0","--","--","--","--"," ","0.00","0.01","30","2.49","112","25.95",
="052789","華紙群益4A購01","0","0","0","--","--","--","--"," ","0.00","--","0","--","0","12.20",
="05278U","楠梓電元大53售01","37,000","5","19,420","0.51","0.55","0.50","0.55","+","0.07","0.01","499","0.56","5","0.00",
="052793","鴻海群益4A購01","0","0","0","--","--","--","--"," ","0.00","--","0","0.25","10","221.00",
="052794","鴻海群益58購01","13,000","5","88,200","6.75","6.95","6.75","6.95","X","0.00","6.85","100","6.90","100","221.00",
="052795","鴻海群益5A購01","0","0","0","--","--","--","--"," ","0.00","5.90","100","5.95","100","221.00",
="052798","聯發科群益4A購01","50,000","1","5,500","0.11","0.11","0.11","0.11","X","0.00","--","0","--","0","1,375.00",
="05279U","創意元大53售04","0","0","0","--","--","--","--"," ","0.00","0.50","25","0.51","10","0.00",
="052801","鉅祥群益4A購01","169,000","2","49,330","0.37","0.37","0.29","0.29","-","0.13","0.27","25","0.28","10","108.50",
="05280U","昇陽半元大53售02","86,000","4","55,380","0.65","0.65","0.63","0.63","-","0.04","0.69","499","0.70","200","0.00",
="052811","乙盛群益4A購01","0","0","0","--","--","--","--"," ","0.00","0.07","2","0.91","10","73.80",
="052817","昇陽半群益4A購01","0","0","0","--","--","--","--"," ","0.00","0.36","499","0.41","5","179.50",
="05281U","臻鼎群益56售01","0","0","0","--","--","--","--"," ","0.00","2.06","10","2.16","10","0.00",
="052822","道瓊反元大4A購01","0","0","0","--","--","--","--"," ","0.00","--","0","0.04","73","5.81",
="052827","旺宏元大4A購01","0","0","0","--","--","--","--"," ","0.00","--","0","0.10","10","26.75",
="05282U","亞翔國泰53售03","0","0","0","--","--","--","--"," ","0.00","0.75","499","0.76","100","0.00",
="052839","京鼎元大4A購02","0","0","0","--","--","--","--"," ","0.00","--","0","0.10","10","306.00",
="05283U","精成科國泰53售03","42,000","1","38,220","0.91","0.91","0.91","0.91","X","0.00","0.91","499","0.92","499","0.00",
="052846","長華元大4A購01","0","0","0","--","--","--","--"," ","0.00","--","0","0.09","43","40.60",
="05284U","台達電中信55售01","382,000","17","184,930","0.48","0.50","0.48","0.50","+","0.02","0.49","10","0.50","10","0.00",
="05285U","聯茂永豐52售02","37,000","3","24,700","0.68","0.70","0.65","0.70","-","0.01","0.70","9","0.71","10","0.00",
="05286U","川湖富邦53售02","0","0","0","--","--","--","--"," ","0.00","0.72","100","0.73","28","0.00",
="05287U","金像電富邦52售03","0","0","0","--","--","--","--"," ","0.00","0.71","100","0.72","28","0.00",
="05288U","臺股指元大53售16","0","0","0","--","--","--","--"," ","0.00","0.53","100","0.54","10","0.00",
="05289U","臺股指元大55售08","0","0","0","--","--","--","--"," ","0.00","0.74","499","0.75","10","0.00",
="05290P","臺股指凱基4B售02","0","0","0","--","--","--","--"," ","0.00","--","0","0.02","10","0.00",
="05290U","華通群益58售01","0","0","0","--","--","--","--"," ","0.00","1.93","100","1.94","100","0.00",
="052917","滬深2X凱基4B購01","0","0","0","--","--","--","--"," ","0.00","0.30","100","0.31","50","19.04",
="05291U","漢唐群益54售03","30,000","1","43,200","1.44","1.44","1.44","1.44"," ","0.00","1.44","30","--","0","0.00",
="05292U","新日興群益52售02","0","0","0","--","--","--","--"," ","0.00","--","0","--","0","0.00",
="05293U","世芯群益52售12","6,000","1","19,500","3.25","3.25","3.25","3.25","X","0.00","1.71","30","--","0","0.00",
="05294U","貿聯群益56售01","0","0","0","--","--","--","--"," ","0.00","--","0","--","0","0.00",
="05295U","穎崴群益54售04","0","0","0","--","--","--","--"," ","0.00","0.14","25","0.16","10","0.00",
="05296U","緯穎群益54售10","35,000","4","108,460","3.06","3.11","3.06","3.11","+","0.01","1.91","5","--","0","0.00",
="052979","滬深2X元富4A購02","0","0","0","--","--","--","--"," ","0.00","0.33","25","0.34","25","19.04",
="05297U","台積電凱基54售15","43,000","12","28,540","0.68","0.68","0.65","0.66","-","0.10","0.66","89","0.67","10","0.00",
="052984","國企2X元富4A購01","0","0","0","--","--","--","--"," ","0.00","1.17","25","1.27","10","11.65",
="052987","中502X元富4A購01","0","0","0","--","--","--","--"," ","0.00","0.81","25","0.91","10","13.10",
="05298U","台光電凱基53售05","68,000","5","103,300","1.57","1.57","1.40","1.40","-","0.21","1.43","100","1.45","10","0.00",
="052990","中鋼元富4A購01","0","0","0","--","--","--","--"," ","0.00","--","0","0.10","10","19.45",
="052995","智伸科元富4A購01","0","0","0","--","--","--","--"," ","0.00","0.19","25","0.20","25","139.50",
="052998","迅得元富4A購01","0","0","0","--","--","--","--"," ","0.00","0.57","25","0.59","25","176.00",
="05299P","台灣50富邦4B售01","0","0","0","--","--","--","--"," ","0.00","--","0","0.05","98","0.00",
="05299U","台光電凱基53售10","95,000","3","159,700","1.82","1.82","1.56","1.56","-","0.30","1.66","100","1.68","10","0.00",
="053000","達發元富4A購01","0","0","0","--","--","--","--"," ","0.00","--","0","0.10","10","537.00",
="053002","來億元富4A購01","0","0","0","--","--","--","--"," ","0.00","--","0","0.10","10","224.00",
="053004","裕慶元富4A購01","0","0","0","--","--","--","--"," ","0.00","--","0","0.10","10","183.00",
="053005","億豐元富4A購01","0","0","0","--","--","--","--"," ","0.00","0.01","25","0.10","10","442.00",
="053006","宇隆統一54購01","2,000","2","1,600","0.80","0.80","0.80","0.80","-","0.04","0.79","10","0.81","10","217.00",
="053008","新巨統一54購01","0","0","0","--","--","--","--"," ","0.00","0.10","10","0.11","10","51.30",
="053009","智伸科統一54購01","0","0","0","--","--","--","--"," ","0.00","0.37","10","0.38","10","139.50",
="05300U","台光電凱基53售11","54,000","7","96,420","1.82","1.82","1.60","1.60","-","0.30","1.66","100","1.68","10","0.00",
="053010","大銀統一4C購01","464,000","3","175,420","0.35","0.38","0.35","0.38","+","0.03","0.35","10","0.36","10","120.00",
="053011","大銀統一54購01","641,000","5","231,910","0.36","0.37","0.35","0.37","+","0.02","0.35","10","0.36","10","120.00",
="053012","迅得統一54購01","10,000","1","4,700","0.47","0.47","0.47","0.47","X","0.00","0.46","20","0.47","10","176.00",
="053013","迅得統一56購01","0","0","0","--","--","--","--"," ","0.00","0.33","10","0.34","10","176.00",
="053016","來億統一54購01","0","0","0","--","--","--","--"," ","0.00","0.06","10","0.10","10","224.00",
="053017","昇陽半統一4C購04","0","0","0","--","--","--","--"," ","0.00","1.34","10","1.35","10","179.50",
="05301U","漢唐凱基54售05","60,000","3","124,530","2.10","2.10","2.07","2.08","+","0.05","2.01","100","2.11","10","0.00",
="05302U","漢唐凱基54售06","10,000","2","27,250","2.68","2.77","2.68","2.77","X","0.00","2.63","100","2.73","10","0.00",
="053032","藍天元大4A購01","0","0","0","--","--","--","--"," ","0.00","--","0","0.10","10","41.45",
="05303U","漢唐凱基54售07","14,000","7","29,450","2.05","2.21","2.04","2.08","+","0.05","2.00","100","2.10","10","0.00",
="053049","定穎控元大4A購01","1,000","1","120","0.12","0.12","0.12","0.12"," ","0.00","0.10","10","0.12","1","90.10",
="05304U","電子類凱基53售02","652,000","10","429,420","0.68","0.68","0.62","0.62","-","0.13","0.62","10","0.63","10","0.00",
="05305U","T50正2中信62售01","1,812,000","11","1,475,910","0.83","0.83","0.81","0.81","-","0.04","0.80","100","0.81","100","0.00",
="053068","元債2X富邦51購01","0","0","0","--","--","--","--"," ","0.00","0.12","100","0.13","100","0.00",
="05306U","台積電中信58售03","1,000","1","1,000","1.00","1.00","1.00","1.00","-","0.08","0.99","10","1.01","10","0.00",
="05307U","臺股指中信55售07","251,000","10","198,010","0.81","0.81","0.78","0.78","-","0.07","0.78","499","0.79","100","0.00",
="053081","訊芯第一4A購01","0","0","0","--","--","--","--"," ","0.00","--","0","0.05","10","164.50",
="05308U","臺股指永豐55售02","20,000","1","21,800","1.09","1.09","1.09","1.09","X","0.00","1.04","10","1.05","10","0.00",
="05309U","鴻海凱基53售16","55,000","2","48,250","0.90","0.90","0.85","0.85","-","0.08","0.83","499","0.84","499","0.00",
="053103","滬深2X統一52購01","0","0","0","--","--","--","--"," ","0.00","0.36","10","0.37","10","19.04",
="053105","宏達電統一4A購01","1,362,000","11","182,960","0.14","0.14","0.11","0.11","-","0.04","0.11","589","0.13","30","64.60",
="053106","宏達電統一5A購01","259,000","22","104,770","0.42","0.42","0.40","0.41"," ","0.00","0.40","20","0.41","28","64.60",
="053107","矽力統一54購01","0","0","0","--","--","--","--"," ","0.00","0.04","10","0.10","110","273.00",
="053109","迅得統一4A購01","0","0","0","--","--","--","--"," ","0.00","0.01","10","0.02","10","176.00",
="05310U","台積電凱基53售36","5,000","1","3,100","0.62","0.62","0.62","0.62","X","0.00","0.61","100","0.71","10","0.00",
="053110","迅得統一4A購02","20,000","11","1,000","0.05","0.05","0.05","0.05","X","0.00","0.01","10","0.02","10","176.00",
="053111","台塑化統一4A購01","0","0","0","--","--","--","--"," ","0.00","--","0","--","0","39.25",
="05311U","緯穎凱基53售07","54,000","3","144,440","2.63","2.71","2.63","2.65"," ","0.00","2.67","100","2.68","10","0.00",
="053123","威盛凱基4A購01","0","0","0","--","--","--","--"," ","0.00","--","0","--","0","59.50",
="053126","大立光凱基4A購01","0","0","0","--","--","--","--"," ","0.00","0.07","100","0.17","10","2,360.00",
="05312U","台灣50元富52售05","0","0","0","--","--","--","--"," ","0.00","0.21","25","0.22","25","0.00",
="05313U","台灣50元富52售06","2,000","1","580","0.29","0.29","0.29","0.29","X","0.00","0.28","25","0.29","25","0.00",
="053142","滬深2X群益4A購03","0","0","0","--","--","--","--"," ","0.00","--","0","--","0","19.04",
="05314U","T50正2元富52售04","100,000","1","88,000","0.88","0.88","0.88","0.88","X","0.00","0.82","25","0.83","25","0.00",
="05315U","鴻海元富52售17","92,000","2","100,480","1.10","1.10","1.04","1.04","-","0.15","1.02","25","1.03","25","0.00",
="05316U","金像電元富52售05","0","0","0","--","--","--","--"," ","0.00","0.94","25","0.95","25","0.00",
="05317U","宏達電元富52售05","355,000","12","172,520","0.49","0.51","0.48","0.51","-","0.01","0.50","35","0.51","25","0.00",
="05318U","達興元富52售01","65,000","2","58,350","0.90","0.90","0.89","0.89","-","0.14","0.91","25","0.92","10","0.00",
="053190","上証2X元富4A購02","0","0","0","--","--","--","--"," ","0.00","--","0","0.10","25","47.20",
="053192","滬深2X元富4A購03","0","0","0","--","--","--","--"," ","0.00","0.04","25","0.10","10","19.04",
="053199","中502X元富4A購03","0","0","0","--","--","--","--"," ","0.00","0.01","25","0.11","10","13.10",
="05319U","臺股指群益52售23","427,000","34","409,380","0.99","0.99","0.92","0.94","-","0.11","0.94","489","0.95","531","0.00",
="053200","川湖元富4A購01","0","0","0","--","--","--","--"," ","0.00","17.30","25","18.30","10","3,220.00",
="053203","聯發科元富54購02","19,000","2","14,620","0.77","0.77","0.76","0.76","-","0.04","0.73","25","0.74","25","1,375.00",
="053205","奇鋐元富4A購01","0","0","0","--","--","--","--"," ","0.00","5.15","25","5.40","25","1,015.00",
="05320U","元金2X元大53售02","600,000","5","152,990","0.25","0.26","0.25","0.26","-","0.04","0.24","250","0.25","100","0.00",
="053210","亞翔元富4A購01","0","0","0","--","--","--","--"," ","0.00","5.80","25","5.90","25","358.50",
="053213","滬深2X富邦4A購01","0","0","0","--","--","--","--"," ","0.00","--","0","--","0","0.00",
="05321U","南亞元大53售07","0","0","0","--","--","--","--"," ","0.00","2.00","400","2.01","200","0.00",
="05322U","華碩元大53售03","10,000","1","11,100","1.11","1.11","1.11","1.11","-","0.02","1.11","25","1.12","10","0.00",
="05323U","世芯元大53售08","6,000","1","13,320","2.22","2.22","2.22","2.22","X","0.00","--","0","--","0","0.00",
="053247","盟立元大4A購01","0","0","0","--","--","--","--"," ","0.00","0.02","499","0.12","12","72.30",
="05324U","宏達電中信52售01","164,000","12","89,830","0.53","0.57","0.53","0.57","+","0.01","0.56","10","0.57","10","0.00",
="053251","萬海元大4A購01","0","0","0","--","--","--","--"," ","0.00","--","0","0.10","10","77.90",
="053254","貿聯元大4A購01","0","0","0","--","--","--","--"," ","0.00","23.40","50","--","0","1,085.00",
="053259","訊芯元大4A購01","0","0","0","--","--","--","--"," ","0.00","--","0","0.09","73","164.50",
="05325U","元金2X永豐52售01","12,000","2","5,560","0.46","0.48","0.46","0.48","-","0.08","0.46","499","0.47","10","0.00",
="053268","國企2X永豐4A購01","0","0","0","--","--","--","--"," ","0.00","0.13","499","0.15","10","11.65",
="05326U","神達永豐52售05","0","0","0","--","--","--","--"," ","0.00","1.24","10","1.25","10","0.00",
="05327U","全新國泰53售04","190,000","4","140,970","0.74","0.78","0.74","0.78","X","0.00","0.77","499","0.78","91","0.00",
="05328U","穎崴國泰53售02","290,000","24","74,510","0.26","0.28","0.24","0.27","-","0.01","0.26","499","0.27","170","0.00",
="05329P","宏達電國票4B售02","0","0","0","--","--","--","--"," ","0.00","--","0","--","0","0.00",
="05329U","T50正2凱基53售04","3,182,000","24","2,955,970","0.96","0.96","0.89","0.91","-","0.10","0.90","106","0.91","10","0.00",
="053307","創意凱基4A購01","0","0","0","--","--","--","--"," ","0.00","0.24","100","0.28","10","1,315.00",
="05330U","上証2X凱基54售01","148,000","6","90,240","0.63","0.69","0.57","0.69","+","0.05","0.67","10","0.68","50","0.00",
="05331U","美指2X凱基54售01","0","0","0","--","--","--","--"," ","0.00","0.57","10","0.58","50","0.00",
="053321","上証2X群益4A購03","0","0","0","--","--","--","--"," ","0.00","--","0","--","0","47.20",
="053322","上証2X群益4A購04","0","0","0","--","--","--","--"," ","0.00","--","0","--","0","47.20",
="053327","國企2X群益4A購02","0","0","0","--","--","--","--"," ","0.00","0.01","10","0.11","10","11.65",
="05332U","南亞凱基53售08","0","0","0","--","--","--","--"," ","0.00","2.25","10","2.26","10","0.00",
="05333U","允強凱基53售02","25,000","2","43,500","1.74","1.74","1.74","1.74","-","0.01","1.77","10","1.78","10","0.00",
="05334U","台積電凱基54售17","2,000","1","1,080","0.54","0.54","0.54","0.54","-","0.08","0.53","100","0.63","10","0.00",
="053350","滬深2X統一4A購01","0","0","0","--","--","--","--"," ","0.00","0.04","10","0.05","10","19.04",
="053351","滬深2X統一4A購02","0","0","0","--","--","--","--"," ","0.00","0.01","10","0.02","10","19.04",
="053352","滬深2X統一52購02","0","0","0","--","--","--","--"," ","0.00","0.35","10","0.36","10","19.04",
="053354","華城統一4A購01","0","0","0","--","--","--","--"," ","0.00","0.06","10","0.07","10","586.00",
="053355","華城統一4C購01","10,000","1","2,400","0.24","0.24","0.24","0.24","X","0.00","0.23","10","0.24","10","586.00",
="053356","華城統一56購01","20,000","1","5,200","0.26","0.26","0.26","0.26","X","0.00","0.26","71","0.27","10","586.00",
="053357","華城統一5A購01","60,000","5","31,700","0.52","0.54","0.52","0.53"," ","0.00","0.52","12","0.53","10","586.00",
="053358","華城統一5A購02","0","0","0","--","--","--","--"," ","0.00","0.53","10","0.54","10","586.00",
="053359","致茂統一4A購01","0","0","0","--","--","--","--"," ","0.00","1.30","10","1.31","10","614.00",
="05335U","達興凱基53售05","20,000","2","18,400","0.96","0.96","0.88","0.88","-","0.14","0.90","10","0.91","20","0.00",
="053360","怡利電統一5A購01","0","0","0","--","--","--","--"," ","0.00","0.12","10","0.13","10","48.60",
="053363","嘉澤統一4A購01","0","0","0","--","--","--","--"," ","0.00","0.08","10","0.09","10","1,605.00",
="053365","定穎控統一5A購01","49,000","10","30,300","0.65","0.65","0.61","0.61","-","0.02","0.60","20","0.61","10","90.10",
="053367","矽力統一4A購02","0","0","0","--","--","--","--"," ","0.00","--","0","--","0","273.00",
="053368","迅得統一4C購01","0","0","0","--","--","--","--"," ","0.00","0.17","10","0.18","10","176.00",
="053369","迅得統一53購01","0","0","0","--","--","--","--"," ","0.00","0.23","10","0.24","10","176.00",
="05336U","台積電群益58售03","0","0","0","--","--","--","--"," ","0.00","--","0","--","0","0.00",
="05337U","金像電群益54售02","100,000","1","109,000","1.09","1.09","1.09","1.09","X","0.00","1.10","10","1.20","10","0.00",
="05338U","宏達電群益52售05","23,000","5","22,690","0.97","1.03","0.96","1.03"," ","0.00","1.02","10","1.12","10","0.00",
="05339U","達興群益58售01","0","0","0","--","--","--","--"," ","0.00","0.11","90","1.32","10","0.00",
="053409","貿聯元大4A購02","0","0","0","--","--","--","--"," ","0.00","11.50","50","--","0","1,085.00",
="05340U","T50正2元大53售04","0","0","0","--","--","--","--"," ","0.00","0.87","100","0.88","10","0.00",
="053417","訊芯元大4A購02","0","0","0","--","--","--","--"," ","0.00","--","0","0.08","49","164.50",
="05341U","T50正2元大54售02","15,000","1","13,050","0.87","0.87","0.87","0.87","X","0.00","0.82","100","0.83","10","0.00",
="053425","鴻海元富4A購02","27,000","1","13,500","0.50","0.50","0.50","0.50","X","0.00","0.51","25","0.52","25","221.00",
="053426","台積電元富5A購01","1,000","1","2,570","2.57","2.57","2.57","2.57","X","0.00","1.21","30","--","0","1,340.00",
="05342U","T50正2元大55售03","309,000","7","135,960","0.44","0.44","0.44","0.44","X","0.00","0.43","100","0.44","2","0.00",
="053432","致伸元富4A購01","0","0","0","--","--","--","--"," ","0.00","0.02","25","0.12","10","78.60",
="053433","十銓元富51購01","390,000","14","49,120","0.13","0.14","0.12","0.14","-","0.10","0.13","25","0.22","20","88.50",
="053434","祥碩元富4A購01","0","0","0","--","--","--","--"," ","0.00","--","0","0.10","25","1,525.00",
="053435","百和元富4A購01","0","0","0","--","--","--","--"," ","0.00","--","0","0.10","25","55.50",
="05343U","智邦元大53售04","2,114,000","19","4,519,730","2.12","2.14","2.06","2.14","-","0.06","2.14","200","--","0","0.00",
="053441","台積電永豐4A購03","0","0","0","--","--","--","--"," ","0.00","--","0","1.30","5","1,340.00",
="05344U","金像電元大53售06","6,000","5","11,350","1.88","1.92","1.88","1.92","-","0.05","1.92","400","1.93","200","0.00",
="05345U","聯發科元大53售04","92,000","2","74,380","0.80","0.86","0.80","0.86","+","0.10","0.87","25","0.88","10","0.00",
="053464","台光電凱基4A購01","0","0","0","--","--","--","--"," ","0.00","19.30","100","--","0","1,345.00",
="05346U","T50正2元富52售05","0","0","0","--","--","--","--"," ","0.00","0.51","25","0.52","25","0.00",
="053473","訊芯凱基4A購01","0","0","0","--","--","--","--"," ","0.00","--","0","0.05","100","164.50",
="05347U","南亞國票53售08","0","0","0","--","--","--","--"," ","0.00","0.84","25","0.85","10","0.00",
="053483","毅嘉元富4A購01","220,000","3","90,000","0.40","0.41","0.40","0.41","-","0.05","0.34","25","0.35","25","53.50",
="053487","昇陽半元富4A購01","0","0","0","--","--","--","--"," ","0.00","0.45","25","0.47","25","179.50",
="05348U","川湖國票53售05","83,000","6","48,520","0.59","0.60","0.57","0.60","+","0.01","0.59","25","0.60","10","0.00",
="05349U","漢唐國票53售04","5,000","1","4,250","0.85","0.85","0.85","0.85","+","0.03","0.82","25","0.84","10","0.00",
="05350U","宏達電國票52售02","55,000","6","50,140","0.90","0.94","0.90","0.94","-","0.01","0.92","25","0.93","10","0.00",
="053512","國企2X富邦4A購01","0","0","0","--","--","--","--"," ","0.00","0.04","100","--","0","0.00",
="053514","台灣50群益4A購01","0","0","0","--","--","--","--"," ","0.00","1.26","25","2.00","10","58.45",
="05351U","欣興國票53售02","70,000","4","22,400","0.31","0.33","0.31","0.31","-","0.06","0.33","25","0.34","10","0.00",
="053523","萬海群益4A購01","0","0","0","--","--","--","--"," ","0.00","--","0","0.16","10","77.90",
="05352U","訊芯國票53售04","0","0","0","--","--","--","--"," ","0.00","0.82","25","0.84","10","0.00",
="05353U","南電國票53售04","4,000","1","2,240","0.56","0.56","0.56","0.56","X","0.00","0.55","25","0.56","10","0.00",
="05354U","元黃金元大53售04","234,000","9","145,400","0.62","0.63","0.62","0.62","-","0.11","0.62","250","0.63","100","0.00",
="053551","華城元大4A購01","0","0","0","--","--","--","--"," ","0.00","0.11","499","0.12","10","586.00",
="053556","鴻海元大4A購01","389,000","4","448,610","1.09","1.31","1.09","1.18","+","0.20","1.23","499","1.26","10","221.00",
="05355U","川湖元大53售04","279,000","6","397,510","1.46","1.46","1.41","1.44","+","0.01","1.46","25","1.48","10","0.00",
="053565","宏達電元大4A購01","507,000","9","303,310","0.63","0.67","0.56","0.56","-","0.06","0.55","499","0.56","10","64.60",
="053568","陽明元大4A購01","0","0","0","--","--","--","--"," ","0.00","0.01","499","0.11","10","55.20",
="05356U","臺股指元大53售18","30,000","2","20,800","0.70","0.70","0.69","0.69","X","0.00","0.70","100","0.71","10","0.00",
="053576","矽力元大4A購01","0","0","0","--","--","--","--"," ","0.00","--","0","0.01","1","273.00",
="05357U","臺股指元大55售11","4,000","2","3,740","0.95","0.95","0.92","0.92","X","0.00","0.92","100","0.93","10","0.00",
="053584","毅嘉統一54購01","85,000","4","40,300","0.48","0.48","0.47","0.48","-","0.04","0.48","20","0.49","10","53.50",
="053585","怡利電統一5A購02","0","0","0","--","--","--","--"," ","0.00","0.14","10","0.15","10","48.60",
="053587","大立光統一4A購02","0","0","0","--","--","--","--"," ","0.00","0.07","10","0.08","10","2,360.00",
="05358U","臺股指元大56售08","242,000","13","213,790","0.92","0.92","0.87","0.89","-","0.07","0.88","100","0.89","10","0.00",
="053590","京鼎統一4A購01","0","0","0","--","--","--","--"," ","0.00","--","0","0.01","10","306.00",
="053593","矽力統一4A購03","0","0","0","--","--","--","--"," ","0.00","--","0","0.01","10","273.00",
="053594","訊芯統一5A購01","0","0","0","--","--","--","--"," ","0.00","0.30","10","0.31","10","164.50",
="053595","訊芯統一5A購02","0","0","0","--","--","--","--"," ","0.00","0.25","10","0.26","10","164.50",
="053596","百和統一4A購01","0","0","0","--","--","--","--"," ","0.00","--","0","0.01","10","55.50",
="05359U","T50正2凱基53售05","0","0","0","--","--","--","--"," ","0.00","0.62","100","0.63","10","0.00",
="053605","欣興兆豐4A購01","36,000","2","40,680","1.15","1.15","1.03","1.03","+","0.04","1.01","10","1.12","12","159.00",
="053606","中磊兆豐4A購01","400,000","4","120,000","0.30","0.30","0.30","0.30","+","0.05","0.30","10","0.35","10","105.50",
="053608","緯穎兆豐4A購01","0","0","0","--","--","--","--"," ","0.00","--","0","--","0","3,140.00",
="05360U","台積電凱基53售38","0","0","0","--","--","--","--"," ","0.00","0.81","100","0.91","10","0.00",
="05361U","新日興凱基53售06","312,000","16","199,560","0.62","0.67","0.62","0.67","+","0.01","0.64","10","0.74","10","0.00",
="053627","台灣50凱基4A購01","0","0","0","--","--","--","--"," ","0.00","1.21","100","--","0","58.45",
="05362U","台積電群益57售08","80,000","4","14,700","0.20","0.20","0.18","0.18","-","0.04","0.07","142","--","0","0.00",
="05363U","台泥國票53售01","0","0","0","--","--","--","--"," ","0.00","0.87","25","0.89","10","0.00",
="05364P","台積電元富4B售03","0","0","0","--","--","--","--"," ","0.00","--","0","--","0","0.00",
="05364U","建準國票53售02","50,000","1","60,500","1.21","1.21","1.21","1.21","-","0.01","1.29","25","1.30","10","0.00",
="053654","元債2X永豐4A購03","0","0","0","--","--","--","--"," ","0.00","--","0","0.10","10","7.35",
="05365U","宏達電國票53售03","167,000","17","239,340","1.43","1.49","1.42","1.47"," ","0.00","1.45","25","1.46","10","0.00",
="053664","滬深2X元富5A購01","77,000","1","141,680","1.84","1.84","1.84","1.84","X","0.00","1.70","25","1.71","25","19.04",
="053666","華城元富5A購01","2,000","1","1,780","0.89","0.89","0.89","0.89","X","0.00","0.87","25","0.88","25","586.00",
="053667","台光電元富4A購01","0","0","0","--","--","--","--"," ","0.00","25.60","25","26.00","25","1,345.00",
="05366U","宏達電國票58售02","0","0","0","--","--","--","--"," ","0.00","1.48","25","1.49","10","0.00",
="053671","欣興元富4A購01","60,000","2","26,500","0.44","0.45","0.44","0.45","+","0.07","0.37","25","0.38","25","159.00",
="053673","矽力元富4A購01","0","0","0","--","--","--","--"," ","0.00","--","0","0.10","25","273.00",
="053679","華城元大4A購02","0","0","0","--","--","--","--"," ","0.00","0.07","499","0.08","10","586.00",
="05367U","帆宣國票53售03","1,000","1","1,090","1.09","1.09","1.09","1.09","+","0.02","1.07","25","1.09","10","0.00",
="05368U","聯電中信52售02","0","0","0","--","--","--","--"," ","0.00","0.44","499","0.45","10","0.00",
="053696","天鈺元大4A購01","0","0","0","--","--","--","--"," ","0.00","--","0","0.10","10","173.50",
="053697","中租元大4A購01","0","0","0","--","--","--","--"," ","0.00","--","0","0.10","10","118.00",
="05369U","臺股指中信55售08","76,000","28","25,790","0.35","0.35","0.33","0.34","-","0.03","0.33","515","0.34","110","0.00",
="053703","上証2X富邦4A購01","0","0","0","--","--","--","--"," ","0.00","--","0","--","0","0.00",
="053706","臺股指富邦4A購01","0","0","0","--","--","--","--"," ","0.00","--","0","0.01","96","0.00",
="05370U","台灣50永豐53售09","0","0","0","--","--","--","--"," ","0.00","1.47","10","1.48","10","0.00",
="053710","中502X群益4A購02","0","0","0","--","--","--","--"," ","0.00","0.53","25","0.54","10","13.10",
="05371P","T50正2富邦4B售02","495,000","5","30,200","0.07","0.07","0.06","0.06","-","0.02","0.05","510","0.07","498","0.00",
="05371U","台積電凱基54售18","0","0","0","--","--","--","--"," ","0.00","0.77","100","0.87","10","0.00",
="053729","滬深2X統一52購03","0","0","0","--","--","--","--"," ","0.00","0.75","10","0.76","10","19.04",
="05372U","昇陽半凱基53售04","11,000","4","7,680","0.65","0.72","0.65","0.72"," ","0.00","0.72","10","0.73","10","0.00",
="053730","鴻海統一51購03","1,800,000","37","912,540","0.48","0.52","0.48","0.52","+","0.07","0.51","10","0.52","10","221.00",
="053732","世芯統一4A購01","0","0","0","--","--","--","--"," ","0.00","1.83","10","1.84","10","3,700.00",
="053733","智伸科統一54購02","0","0","0","--","--","--","--"," ","0.00","0.29","10","0.30","10","139.50",
="053734","訊芯統一4A購01","0","0","0","--","--","--","--"," ","0.00","--","0","0.01","10","164.50",
="053735","南電統一4A購01","0","0","0","--","--","--","--"," ","0.00","1.87","10","1.88","10","234.50",
="05373U","臺股指凱基53售20","45,000","5","40,360","0.96","0.96","0.88","0.92","-","0.09","0.90","100","0.91","10","0.00",
="05374U","臺股指凱基55售12","20,000","2","21,400","1.10","1.10","1.04","1.04","-","0.13","1.06","100","1.07","10","0.00",
="05375U","滬深2X元富52售03","10,000","1","9,500","0.95","0.95","0.95","0.95","-","0.06","1.00","25","1.10","10","0.00",
="05376U","台塑元富52售06","0","0","0","--","--","--","--"," ","0.00","0.50","25","0.51","25","0.00",
="05377U","臻鼎元富52售03","0","0","0","--","--","--","--"," ","0.00","0.84","25","0.85","25","0.00",
="05378U","臻鼎元富52售04","180,000","2","174,250","0.94","0.99","0.94","0.99","+","0.02","0.98","25","0.99","25","0.00",
="053790","京鼎凱基4A購01","0","0","0","--","--","--","--"," ","0.00","--","0","0.02","10","306.00",
="053794","天鈺凱基4A購01","0","0","0","--","--","--","--"," ","0.00","--","0","--","0","173.50",
="053795","中租凱基4A購01","0","0","0","--","--","--","--"," ","0.00","--","0","--","0","118.00",
="05379U","臺股指元大52售21","0","0","0","--","--","--","--"," ","0.00","0.52","100","0.53","10","0.00",
="05380U","群臺2X群益52售01","0","0","0","--","--","--","--"," ","0.00","0.06","7","2.16","10","0.00",
="05381U","川湖群益56售02","0","0","0","--","--","--","--"," ","0.00","0.53","10","0.63","10","0.00",
="05382U","台積電群益57售09","13,000","4","4,150","0.33","0.33","0.31","0.31","-","0.05","0.30","420","--","0","0.00",
="05383U","欣興群益53售03","5,000","1","1,850","0.37","0.37","0.37","0.37","X","0.00","0.38","100","0.39","100","0.00",
="053840","川湖元富4A購02","0","0","0","--","--","--","--"," ","0.00","16.50","25","17.50","10","3,220.00",
="053845","威盛元富4A購01","0","0","0","--","--","--","--"," ","0.00","--","0","0.10","25","59.50",
="05384U","南電群益57售02","0","0","0","--","--","--","--"," ","0.00","0.33","25","0.34","10","0.00",
="053850","中租元富4A購01","0","0","0","--","--","--","--"," ","0.00","--","0","0.10","25","118.00",
="053854","滬深2X群益4A購04","0","0","0","--","--","--","--"," ","0.00","0.01","499","--","0","19.04",
="053855","滬深2X群益4A購05","0","0","0","--","--","--","--"," ","0.00","--","0","--","0","19.04",
="053856","滬深2X群益4A購06","0","0","0","--","--","--","--"," ","0.00","--","0","--","0","19.04",
="053857","滬深2X群益4A購07","0","0","0","--","--","--","--"," ","0.00","--","0","--","0","19.04",
="053858","滬深2X群益4A購08","0","0","0","--","--","--","--"," ","0.00","--","0","--","0","19.04",
="05385U","南亞統一54售01","0","0","0","--","--","--","--"," ","0.00","0.62","10","0.63","10","0.00",
="053861","台積電群益4A購06","0","0","0","--","--","--","--"," ","0.00","--","0","--","0","1,340.00",
="053862","華碩群益4A購01","0","0","0","--","--","--","--"," ","0.00","--","0","--","0","684.00",
="053868","聯發科群益4A購02","0","0","0","--","--","--","--"," ","0.00","--","0","0.14","10","1,375.00",
="053869","聯發科群益4A購03","0","0","0","--","--","--","--"," ","0.00","--","0","--","0","1,375.00",
="05386U","台達電統一54售02","0","0","0","--","--","--","--"," ","0.00","0.24","10","0.25","10","0.00",
="053879","臺股指群益4A購01","2,000","1","220","0.11","0.11","0.11","0.11","X","0.00","0.11","499","0.12","499","0.00",
="05387U","世芯統一54售02","75,000","2","58,500","0.78","0.78","0.78","0.78","X","0.00","0.79","10","0.80","10","0.00",
="05388U","智邦統一54售03","0","0","0","--","--","--","--"," ","0.00","0.47","10","0.48","10","0.00",
="05389U","金像電統一54售04","1,000","1","530","0.53","0.53","0.53","0.53","-","0.05","0.53","10","0.54","11","0.00",
="05390U","奇鋐統一54售02","0","0","0","--","--","--","--"," ","0.00","0.54","10","0.55","10","0.00",
="05391U","臻鼎統一53售01","0","0","0","--","--","--","--"," ","0.00","0.57","10","0.58","10","0.00",
="05392U","緯穎統一58售03","2,000","1","1,100","0.55","0.55","0.55","0.55","X","0.00","0.55","10","0.56","10","0.00",
="053932","FB上証統一52購01","0","0","0","--","--","--","--"," ","0.00","0.69","10","0.70","10","36.14",
="053934","滬深2X統一4A購03","0","0","0","--","--","--","--"," ","0.00","0.16","10","0.17","10","19.04",
="053935","台塑統一4A購01","0","0","0","--","--","--","--"," ","0.00","--","0","0.19","8","38.60",
="053936","華城統一4A購02","0","0","0","--","--","--","--"," ","0.00","0.01","10","0.02","10","586.00",
="053937","台光電統一4A購01","0","0","0","--","--","--","--"," ","0.00","5.35","10","5.65","10","1,345.00",
="053939","萬海統一4A購01","0","0","0","--","--","--","--"," ","0.00","0.02","10","0.03","10","77.90",
="05393U","川湖凱基53售03","0","0","0","--","--","--","--"," ","0.00","0.62","100","0.64","10","0.00",
="053940","訊芯統一4A購02","0","0","0","--","--","--","--"," ","0.00","--","0","0.01","10","164.50",
="053944","南港兆豐4A購01","0","0","0","--","--","--","--"," ","0.00","--","0","--","0","41.15",
="05394U","欣興凱基53售02","0","0","0","--","--","--","--"," ","0.00","0.54","100","0.55","10","0.00",
="053951","美利達兆豐4A購01","0","0","0","--","--","--","--"," ","0.00","--","0","--","0","108.00",
="053957","香港2X永豐4A購01","3,000","2","1,930","0.71","0.71","0.61","0.61","X","0.00","0.59","10","0.62","10","18.02",
="05395U","帆宣凱基53售02","131,000","2","120,450","0.91","0.95","0.91","0.95","X","0.00","0.92","10","0.94","10","0.00",
="05396U","廣宇元富52售02","0","0","0","--","--","--","--"," ","0.00","0.85","25","0.86","25","0.00",
="05397U","群創元富52售04","45,000","3","21,950","0.50","0.50","0.47","0.47","-","0.02","0.46","25","0.47","25","0.00",
="05398U","廣宇國票52售02","6,000","1","9,180","1.53","1.53","1.53","1.53","-","0.03","1.55","25","1.56","10","0.00",
="053993","深中小統一52購01","0","0","0","--","--","--","--"," ","0.00","0.79","10","0.80","10","15.68",
="053994","建準統一4A購01","10,000","1","4,900","0.49","0.49","0.49","0.49","X","0.00","0.38","10","0.39","10","129.00",
="053995","緯創統一4A購01","380,000","34","90,700","0.21","0.25","0.21","0.25","+","0.08","0.19","10","0.20","10","122.50",
="05399U","奇鋐國票53售03","1,000","1","880","0.88","0.88","0.88","0.88","X","0.00","0.87","25","0.88","10","0.00",
="054006","元上證元富4A購01","0","0","0","--","--","--","--"," ","0.00","0.06","25","0.10","10","33.28",
="054009","中50元富4A購01","360,000","3","197,850","0.58","0.58","0.49","0.49","-","0.16","0.49","25","0.50","25","26.30",
="05400U","富世達國票53售02","96,000","15","80,240","0.87","0.87","0.81","0.85","-","0.09","0.84","25","0.85","9","0.00",
="054012","上銀元富4A購01","0","0","0","--","--","--","--"," ","0.00","0.01","30","0.08","100","217.50",
="054018","皇昌元富4A購01","0","0","0","--","--","--","--"," ","0.00","0.32","25","0.33","25","72.70",
="054019","皇昌元富53購01","0","0","0","--","--","--","--"," ","0.00","0.66","25","0.67","25","72.70",
="05401U","台灣50群益52售06","10,000","1","4,400","0.44","0.44","0.44","0.44","X","0.00","0.44","100","0.45","100","0.00",
="054021","日月光元富5A購01","2,000","1","4,880","2.44","2.44","2.44","2.44","+","0.19","2.38","25","2.40","25","174.50",
="054024","迎廣元富4A購01","0","0","0","--","--","--","--"," ","0.00","--","0","0.04","70","85.80",
="054025","晶心科元富4A購01","0","0","0","--","--","--","--"," ","0.00","--","0","0.10","25","325.50",
="054026","力智元富4A購01","0","0","0","--","--","--","--"," ","0.00","--","0","0.03","20","214.00",
="054029","汎銓元富4A購01","0","0","0","--","--","--","--"," ","0.00","--","0","0.10","10","177.00",
="05402U","台灣50群益52售07","0","0","0","--","--","--","--"," ","0.00","0.39","100","0.40","100","0.00",
="05403U","台積電群益56售05","39,000","6","23,390","0.63","0.63","0.59","0.59","X","0.00","0.55","2","--","0","0.00",
="054041","致茂元大4A購01","578,000","3","879,610","1.51","1.71","1.51","1.71","+","0.38","1.53","499","1.58","10","614.00",
="05404U","昇陽半群益52售05","0","0","0","--","--","--","--"," ","0.00","0.38","10","0.48","10","0.00",
="054053","嘉澤元大4A購01","0","0","0","--","--","--","--"," ","0.00","--","0","0.10","10","1,605.00",
="054058","矽力元大4A購02","0","0","0","--","--","--","--"," ","0.00","--","0","0.10","10","273.00",
="05405U","滬深2X永豐53售06","0","0","0","--","--","--","--"," ","0.00","1.30","499","1.31","10","0.00",
="05406P","臺股指富邦4B售03","0","0","0","--","--","--","--"," ","0.00","0.01","80","0.03","100","0.00",
="05406U","滬深2X中信56售01","0","0","0","--","--","--","--"," ","0.00","0.73","499","0.74","100","0.00",
="05407U","國巨中信55售01","166,000","10","80,280","0.49","0.50","0.47","0.50","+","0.01","0.49","10","0.50","10","0.00",
="054086","元債2X富邦51購02","0","0","0","--","--","--","--"," ","0.00","0.26","100","0.27","100","0.00",
="054087","SGBR2X富邦4A購01","0","0","0","--","--","--","--"," ","0.00","--","0","0.04","10","0.00",
="05408U","臻鼎中信56售01","0","0","0","--","--","--","--"," ","0.00","1.60","499","1.61","10","0.00",
="05409U","奇鋐凱基56售04","26,000","1","37,440","1.44","1.44","1.44","1.44","-","0.09","1.54","100","1.56","10","0.00",
="054106","香港2X群益4A購01","0","0","0","--","--","--","--"," ","0.00","0.26","10","0.36","10","18.02",
="054107","A50正2群益4A購01","4,000","1","200","0.05","0.05","0.05","0.05","-","0.01","0.04","5","--","0","32.79",
="05410U","世紀鋼凱基53售05","21,000","2","45,580","2.08","2.18","2.08","2.18","+","0.03","2.18","10","2.20","10","0.00",
="054114","台積電群益4A購07","0","0","0","--","--","--","--"," ","0.00","--","0","--","0","1,340.00",
="05411U","滬深2X元富53售04","0","0","0","--","--","--","--"," ","0.00","1.43","25","1.53","10","0.00",
="054125","萬海群益4A購02","0","0","0","--","--","--","--"," ","0.00","--","0","0.15","10","77.90",
="05412U","台塑元富53售01","0","0","0","--","--","--","--"," ","0.00","1.05","25","1.06","25","0.00",
="05413P","鴻準統一4B售05","0","0","0","--","--","--","--"," ","0.00","0.56","10","0.66","10","0.00",
="05413U","廣宇國票54售01","0","0","0","--","--","--","--"," ","0.00","1.98","25","1.99","10","0.00",
="05414U","佳能國票53售02","215,000","3","124,200","0.57","0.58","0.57","0.58","-","0.06","0.53","25","0.54","10","0.00",
="05415U","台灣50元大53售10","15,000","9","13,780","0.95","0.96","0.88","0.88","-","0.17","0.87","100","0.88","9","0.00",
="05416U","台灣50元大53售11","0","0","0","--","--","--","--"," ","0.00","0.56","499","0.57","10","0.00",
="05417U","台灣50元大53售12","1,087,000","9","685,500","0.65","0.65","0.61","0.62","-","0.12","0.61","100","0.62","10","0.00",
="054187","滬深2X元富4A購04","0","0","0","--","--","--","--"," ","0.00","0.08","25","0.10","10","19.04",
="054188","日本2X元富4A購01","0","0","0","--","--","--","--"," ","0.00","0.77","25","0.87","10","66.80",
="05418U","川湖群益55售01","0","0","0","--","--","--","--"," ","0.00","0.53","10","0.63","10","0.00",
="054191","致茂元富4A購01","6,000","2","17,250","2.81","2.94","2.81","2.94","X","0.00","2.81","25","2.91","10","614.00",
="054198","奇鋐元富4A購02","290,000","27","916,400","3.46","3.46","2.68","2.68","+","0.02","2.58","25","2.68","10","1,015.00",
="05419U","臻鼎群益54售01","0","0","0","--","--","--","--"," ","0.00","0.91","10","1.01","10","0.00",
="054204","訊芯元富4A購01","0","0","0","--","--","--","--"," ","0.00","--","0","0.10","10","164.50",
="054205","緯穎元富4A購01","0","0","0","--","--","--","--"," ","0.00","2.34","25","2.40","25","3,140.00",
="054206","元上證凱基4A購01","0","0","0","--","--","--","--"," ","0.00","0.10","100","--","0","33.28",
="05420U","台灣50國泰53售03","25,000","5","10,750","0.45","0.45","0.41","0.41","X","0.00","0.40","504","0.41","100","0.00",
="054216","鴻海凱基4A購01","607,000","55","293,910","0.50","0.58","0.42","0.50","+","0.14","0.48","499","0.50","43","221.00",
="05421U","中砂國泰53售03","0","0","0","--","--","--","--"," ","0.00","0.98","499","0.99","100","0.00",
="05422U","亞光國泰53售07","59,000","5","75,820","1.28","1.32","1.28","1.32","+","0.01","1.32","499","1.34","100","0.00",
="05423U","南亞元富53售01","10,000","1","19,000","1.90","1.90","1.90","1.90","X","0.00","1.96","25","1.97","25","0.00",
="054245","台灣50富邦4A購01","0","0","0","--","--","--","--"," ","0.00","0.78","100","0.79","98","0.00",
="054246","T50反1富邦51購01","1,000","1","40","0.04","0.04","0.04","0.04","X","0.00","0.02","354","0.04","932","0.00",
="054247","T50反1富邦54購01","250,000","4","10,000","0.04","0.04","0.04","0.04","X","0.00","0.03","265","0.04","100","0.00",
="054248","臺指反富邦4A購01","0","0","0","--","--","--","--"," ","0.00","--","0","0.03","10","0.00",
="05424U","強茂元富53售03","26,000","4","34,120","1.32","1.32","1.28","1.28","+","0.03","1.28","25","1.29","25","0.00",
="05425U","精成科元富53售02","0","0","0","--","--","--","--"," ","0.00","0.69","25","0.70","25","0.00",
="054268","台積電元大4A購01","0","0","0","--","--","--","--"," ","0.00","--","0","--","0","1,340.00",
="054269","致茂元大4A購02","0","0","0","--","--","--","--"," ","0.00","6.20","150","--","0","614.00",
="05426U","鈺邦元富53售05","122,000","16","127,920","0.99","1.18","0.99","1.07","+","0.10","1.07","25","1.08","25","0.00",
="05427U","臺股指元富55售06","199,000","20","228,950","1.19","1.21","1.12","1.13","-","0.13","1.14","25","1.15","25","0.00",
="054287","宏致元大4A購01","0","0","0","--","--","--","--"," ","0.00","0.42","499","0.43","10","73.30",
="05428U","滬深2X凱基53售03","0","0","0","--","--","--","--"," ","0.00","1.22","10","1.23","50","0.00",
="054298","香港2X統一52購01","0","0","0","--","--","--","--"," ","0.00","0.69","10","0.70","10","18.02",
="05429U","長榮太凱基53售03","2,000","2","3,720","1.86","1.86","1.86","1.86","+","0.14","1.86","100","1.87","10","0.00",
="054300","中砂統一4C購01","0","0","0","--","--","--","--"," ","0.00","0.08","10","0.09","10","339.00",
="054302","上銀統一4A購01","0","0","0","--","--","--","--"," ","0.00","--","0","0.01","560","217.50",
="054303","上銀統一4A購02","0","0","0","--","--","--","--"," ","0.00","0.01","10","0.02","10","217.50",
="054305","世芯統一4C購03","0","0","0","--","--","--","--"," ","0.00","1.55","10","1.56","10","3,700.00",
="054306","大銀統一4C購02","60,000","2","17,800","0.30","0.30","0.28","0.28"," ","0.00","0.27","10","0.28","10","120.00",
="05430U","長榮太凱基53售04","0","0","0","--","--","--","--"," ","0.00","1.95","10","1.96","10","0.00",
="054319","台積電群益4A購08","0","0","0","--","--","--","--"," ","0.00","--","0","--","0","1,340.00",
="05431U","群創凱基53售02","66,000","4","39,160","0.58","0.61","0.58","0.58","+","0.02","0.56","499","--","0","0.00",
="05432U","臻鼎凱基53售07","26,000","1","45,500","1.75","1.75","1.75","1.75","X","0.00","1.87","100","1.89","10","0.00",
="05433U","鈺邦凱基54售04","18,000","3","14,500","0.85","0.85","0.77","0.77","X","0.00","0.81","10","0.82","30","0.00",
="05434U","鈺邦凱基54售05","0","0","0","--","--","--","--"," ","0.00","0.83","10","0.84","30","0.00",
="054356","臺股指群益4C購01","355,000","10","343,980","0.95","1.00","0.95","1.00","+","0.10","0.99","499","1.00","499","0.00",
="05435U","台達電富邦54售03","0","0","0","--","--","--","--"," ","0.00","0.35","30","0.36","10","0.00",
="054364","中砂統一4A購03","0","0","0","--","--","--","--"," ","0.00","0.05","10","0.06","10","339.00",
="054365","上銀統一4A購03","10,000","1","200","0.02","0.02","0.02","0.02","-","0.01","0.02","50","0.03","150","217.50",
="054366","建準統一54購01","20,000","2","9,100","0.46","0.46","0.45","0.45","-","0.02","0.43","10","0.44","10","129.00",
="054367","大立光統一5A購01","0","0","0","--","--","--","--"," ","0.00","0.43","10","0.44","10","2,360.00",
="054368","亞光統一4C購02","0","0","0","--","--","--","--"," ","0.00","0.85","12","0.86","10","161.50",
="05436U","鴻海富邦53售06","0","0","0","--","--","--","--"," ","0.00","0.60","30","0.61","10","0.00",
="054370","采鈺統一4A購01","59,000","1","1,180","0.02","0.02","0.02","0.02","-","0.02","0.02","10","0.03","10","305.50",
="054371","來億統一54購02","0","0","0","--","--","--","--"," ","0.00","0.05","10","0.10","10","224.00",
="054372","台灣50凱基4A購02","0","0","0","--","--","--","--"," ","0.00","0.40","100","0.41","10","58.45",
="054375","元日2X凱基4A購01","0","0","0","--","--","--","--"," ","0.00","--","0","0.10","10","5.87",
="05437U","大成鋼國票53售03","0","0","0","--","--","--","--"," ","0.00","1.72","25","1.73","10","0.00",
="054381","致茂凱基4A購01","121,000","16","143,420","1.16","1.33","1.02","1.26","+","0.30","1.13","10","1.17","10","614.00",
="05438U","牧德國票53售03","0","0","0","--","--","--","--"," ","0.00","1.52","25","1.54","10","0.00",
="05439U","健策國票53售02","451,000","16","341,820","0.81","0.81","0.72","0.77","-","0.06","0.76","25","0.77","10","0.00",
="05440U","神達國票53售05","30,000","8","45,390","1.50","1.54","1.48","1.48","-","0.10","1.48","25","1.49","10","0.00",
="054413","奇鋐永豐4A購01","55,000","3","43,050","0.78","0.81","0.78","0.81","+","0.20","0.63","10","0.67","10","1,015.00",
="054417","上証2X元富4A購03","0","0","0","--","--","--","--"," ","0.00","0.40","25","0.41","25","47.20",
="054419","深中小元富4A購01","0","0","0","--","--","--","--"," ","0.00","0.01","25","0.10","10","15.68",
="05441U","臻鼎國票53售04","0","0","0","--","--","--","--"," ","0.00","2.13","25","2.14","10","0.00",
="054420","A50正2元富4A購01","0","0","0","--","--","--","--"," ","0.00","0.20","25","0.21","25","32.79",
="054429","迅得元富4A購02","0","0","0","--","--","--","--"," ","0.00","0.16","25","0.17","25","176.00",
="05442U","眾達國票53售02","10,000","1","9,200","0.92","0.92","0.92","0.92","X","0.00","0.91","25","0.92","10","0.00",
="054438","台積電群益4A購09","0","0","0","--","--","--","--"," ","0.00","--","0","--","0","1,340.00",
="05443U","鈺邦國票53售03","20,000","1","22,000","1.10","1.10","1.10","1.10"," ","0.00","1.22","25","1.23","10","0.00",
="05444U","滬深2X元大53售09","116,000","5","227,360","1.92","2.01","1.80","2.01","+","0.14","1.97","250","1.98","100","0.00",
="05445U","滬深2X元大54售06","15,000","1","21,750","1.45","1.45","1.45","1.45","X","0.00","1.61","499","1.62","100","0.00",
="054464","上銀元大4A購01","0","0","0","--","--","--","--"," ","0.00","--","0","0.01","6","217.50",
="05446U","滬深2X元大55售05","11,000","2","14,780","1.35","1.35","1.34","1.34","+","0.09","1.31","250","1.32","100","0.00",
="054476","毅嘉元大4A購01","3,000","3","1,400","0.49","0.49","0.45","0.46","-","0.06","0.46","499","0.48","10","53.50",
="05447U","中502X元大53售04","36,000","1","44,280","1.23","1.23","1.23","1.23","X","0.00","1.24","100","1.25","50","0.00",
="054488","嘉澤元大4A購02","20,000","1","2,200","0.11","0.11","0.11","0.11","-","0.04","0.10","499","0.11","10","1,605.00",
="05448U","金像電元大53售10","0","0","0","--","--","--","--"," ","0.00","1.74","400","1.75","200","0.00",
="05449P","T50正2元富4B售01","17,000","2","4,550","0.27","0.27","0.26","0.26","-","0.04","0.25","25","0.26","25","0.00",
="05449U","漢唐元大53售13","143,000","6","203,030","1.45","1.45","1.36","1.36","+","0.04","1.34","25","1.35","10","0.00",
="05450U","奇鋐元大53售09","275,000","3","485,050","1.72","1.78","1.72","1.77","-","0.11","1.89","400","1.92","200","0.00",
="05451U","所羅門群益53售01","0","0","0","--","--","--","--"," ","0.00","1.36","30","--","0","0.00",
="05452P","鴻海統一4B售03","0","0","0","--","--","--","--"," ","0.00","0.08","313","0.09","10","0.00",
="05452U","昆盈群益53售01","0","0","0","--","--","--","--"," ","0.00","2.44","10","2.54","10","0.00",
="05453U","奇鋐群益54售15","0","0","0","--","--","--","--"," ","0.00","0.10","100","--","0","0.00",
="05454U","世紀鋼群益53售03","0","0","0","--","--","--","--"," ","0.00","2.02","100","2.12","100","0.00",
="05455U","滬深2X永豐53售08","0","0","0","--","--","--","--"," ","0.00","1.44","499","1.45","10","0.00",
="054561","台灣50富邦4A購02","0","0","0","--","--","--","--"," ","0.00","2.02","100","2.04","10","0.00",
="054562","台灣50富邦51購01","60,000","3","99,000","1.53","1.69","1.53","1.69","+","0.17","1.79","100","1.81","98","0.00",
="054567","中砂統一54購01","146,000","4","26,400","0.18","0.20","0.18","0.20","+","0.03","0.18","10","0.19","10","339.00",
="054568","金寶統一4A購01","0","0","0","--","--","--","--"," ","0.00","--","0","0.01","10","19.60",
="054569","所羅門統一53購02","0","0","0","--","--","--","--"," ","0.00","0.33","10","0.34","10","144.50",
="05456U","臻鼎永豐53售04","0","0","0","--","--","--","--"," ","0.00","1.45","499","1.46","10","0.00",
="054570","致茂統一4A購02","0","0","0","--","--","--","--"," ","0.00","1.03","10","1.05","10","614.00",
="054571","億光統一4A購01","0","0","0","--","--","--","--"," ","0.00","--","0","--","0","63.10",
="054572","建準統一4A購02","248,000","3","104,800","0.40","0.44","0.40","0.44","+","0.05","0.32","10","0.33","10","129.00",
="054573","建準統一4C購01","45,000","4","27,650","0.63","0.63","0.55","0.55","-","0.03","0.53","11","0.54","10","129.00",
="054574","京元電統一4A購01","0","0","0","--","--","--","--"," ","0.00","0.61","10","0.62","10","167.00",
="054575","零壹統一4C購02","0","0","0","--","--","--","--"," ","0.00","0.54","10","0.57","10","125.00",
="054576","晶技統一4C購01","0","0","0","--","--","--","--"," ","0.00","0.07","110","0.08","10","93.00",
="054577","智易統一4C購01","0","0","0","--","--","--","--"," ","0.00","1.27","10","1.37","10","223.00",
="054578","大銀統一53購01","0","0","0","--","--","--","--"," ","0.00","0.29","10","0.30","10","120.00",
="054579","大銀統一54購02","0","0","0","--","--","--","--"," ","0.00","0.22","10","0.23","10","120.00",
="05457U","台灣50富邦53售07","60,000","3","32,100","0.56","0.56","0.51","0.51","-","0.10","0.51","100","0.52","98","0.00",
="054580","亞翔統一4A購02","0","0","0","--","--","--","--"," ","0.00","0.95","10","0.96","10","358.50",
="05458U","光寶科富邦53售02","166,000","8","41,010","0.26","0.26","0.24","0.25","-","0.01","0.25","30","0.26","10","0.00",
="054591","台積電群益4A購10","0","0","0","--","--","--","--"," ","0.00","3.48","499","3.58","10","1,340.00",
="054592","台積電群益4A購11","39,000","3","64,120","1.57","1.65","1.57","1.65","+","0.67","0.10","100","--","0","1,340.00",
="054593","台積電群益4A購12","0","0","0","--","--","--","--"," ","0.00","--","0","--","0","1,340.00",
="05459U","台達電富邦53售06","30,000","8","10,480","0.33","0.37","0.33","0.36","+","0.01","0.35","30","0.36","10","0.00",
="05460U","南電富邦53售03","50,000","2","26,000","0.52","0.52","0.52","0.52","X","0.00","0.51","30","0.52","10","0.00",
="05461P","臺股指凱基4B售03","0","0","0","--","--","--","--"," ","0.00","--","0","0.02","10","0.00",
="05461U","毅嘉元富53售03","87,000","1","100,050","1.15","1.15","1.15","1.15","X","0.00","1.13","25","1.14","25","0.00",
="05462U","昇貿元富53售06","479,000","6","513,450","1.02","1.10","1.02","1.10","+","0.06","1.08","25","1.10","25","0.00",
="05463U","鈞興元富53售02","0","0","0","--","--","--","--"," ","0.00","1.78","25","1.80","25","0.00",
="054641","美時元富5A購01","0","0","0","--","--","--","--"," ","0.00","0.65","25","0.66","25","192.00",
="054646","京元電元富4A購01","67,000","8","82,880","1.30","1.37","1.11","1.20","-","0.23","1.14","25","1.24","10","167.00",
="054648","長榮元富4A購01","0","0","0","--","--","--","--"," ","0.00","0.07","25","0.10","10","182.00",
="05464U","昇貿群益54售04","0","0","0","--","--","--","--"," ","0.00","0.74","5","--","0","0.00",
="054651","零壹元富4A購01","220,000","2","43,800","0.20","0.20","0.19","0.19","-","0.01","0.19","25","0.29","10","125.00",
="054654","世芯元富4C購01","0","0","0","--","--","--","--"," ","0.00","3.06","25","3.12","25","3,700.00",
="05465U","達邁群益56售01","10,000","1","9,200","0.92","0.92","0.92","0.92","X","0.00","0.94","10","1.04","10","0.00",
="05466U","滬深2X凱基54售08","0","0","0","--","--","--","--"," ","0.00","1.83","10","1.84","50","0.00",
="054674","宏達電元大4A購02","617,000","11","211,640","0.36","0.36","0.32","0.32","-","0.02","0.31","499","0.32","10","64.60",
="05467U","中502X凱基53售04","0","0","0","--","--","--","--"," ","0.00","1.01","10","1.02","50","0.00",
="05468U","奇鋐凱基54售06","30,000","2","48,200","1.49","1.63","1.49","1.63","+","0.04","1.63","100","1.65","10","0.00",
="054693","深中小凱基4A購01","0","0","0","--","--","--","--"," ","0.00","0.14","10","0.24","10","15.68",
="054698","上銀凱基4A購01","0","0","0","--","--","--","--"," ","0.00","--","0","0.10","17","217.50",
="05469U","奇鋐凱基54售07","49,000","3","63,230","1.27","1.31","1.27","1.31","-","0.07","1.39","100","1.41","10","0.00",
="054705","萬海凱基4A購01","0","0","0","--","--","--","--"," ","0.00","0.03","100","0.13","10","77.90",
="05470U","臻鼎凱基54售07","51,000","2","42,810","0.81","0.87","0.81","0.87","-","0.06","0.87","100","0.88","10","0.00",
="054716","台積電統一4A購09","398,000","4","225,880","0.56","0.58","0.56","0.58","+","0.14","0.54","10","0.55","10","1,340.00",
="054717","台積電統一51購01","40,000","1","14,000","0.35","0.35","0.35","0.35","+","0.05","0.36","10","0.37","10","1,340.00",
="054718","台積電統一51購02","560,000","4","273,200","0.48","0.51","0.48","0.51","+","0.09","0.48","10","0.49","10","1,340.00",
="054719","矽統統一54購01","0","0","0","--","--","--","--"," ","0.00","0.15","10","0.16","10","58.60",
="05471U","南電凱基53售08","5,000","1","5,500","1.10","1.10","1.10","1.10","X","0.00","1.08","100","1.09","10","0.00",
="054720","大銀統一4A購01","0","0","0","--","--","--","--"," ","0.00","--","0","0.01","10","120.00",
="054721","雲豹統一54購01","80,000","1","5,600","0.07","0.07","0.07","0.07","X","0.00","0.07","10","0.10","10","119.00",
="054722","雲豹統一56購01","0","0","0","--","--","--","--"," ","0.00","0.10","10","0.11","10","119.00",
="054723","雲豹統一5A購01","0","0","0","--","--","--","--"," ","0.00","0.09","10","0.10","10","119.00",
="05472U","FB越南元大53售06","0","0","0","--","--","--","--"," ","0.00","0.99","100","1.00","50","0.00",
="05473U","大成鋼元大53售03","0","0","0","--","--","--","--"," ","0.00","1.42","499","1.43","200","0.00",
="054745","臺股指富邦4A購02","0","0","0","--","--","--","--"," ","0.00","0.03","499","0.04","100","0.00",
="054746","臺股指富邦51購01","39,000","1","5,850","0.15","0.15","0.15","0.15","X","0.00","0.17","499","0.18","100","0.00",
="05474U","臺股指元大53售20","20,000","1","14,000","0.70","0.70","0.70","0.70","-","0.09","0.66","10","0.70","10","0.00",
="05475U","臺股指元大53售21","1,000","1","960","0.96","0.96","0.96","0.96","-","0.04","0.90","100","0.91","10","0.00",
="05476U","臺股指元大53售22","1,027,000","10","714,140","0.70","0.71","0.65","0.66","-","0.10","0.66","130","0.71","10","0.00",
="054770","台灣50凱基4A購03","0","0","0","--","--","--","--"," ","0.00","1.22","100","1.23","10","58.45",
="05477U","臺股指元大54售18","265,000","3","172,100","0.65","0.65","0.64","0.64","-","0.05","0.62","100","0.63","10","0.00",
="054785","聯發科凱基4A購02","0","0","0","--","--","--","--"," ","0.00","0.01","100","0.11","12","1,375.00",
="054786","宏達電凱基4A購01","0","0","0","--","--","--","--"," ","0.00","0.46","100","0.56","10","64.60",
="05478U","臺股指元大56售10","72,000","5","60,350","0.84","0.84","0.81","0.81","-","0.08","0.81","100","0.82","10","0.00",
="05479U","臺股指元大56售11","478,000","25","327,910","0.70","0.71","0.67","0.68","-","0.05","0.68","110","0.69","10","0.00",
="05480U","漢翔永豐53售01","226,000","9","180,540","0.76","0.81","0.76","0.81","+","0.12","0.81","10","0.82","10","0.00",
="05481U","FB越南凱基54售02","8,000","3","5,980","0.75","0.75","0.74","0.74","+","0.05","0.73","59","0.74","50","0.00",
="05482U","鴻海凱基55售05","50,000","5","52,660","1.07","1.07","1.02","1.05","-","0.07","1.02","499","1.03","499","0.00",
="05483U","台積電凱基55售06","19,000","2","6,640","0.36","0.36","0.34","0.34","X","0.00","0.34","100","0.44","10","0.00",
="05484U","漢翔凱基54售05","17,000","2","28,900","1.70","1.70","1.70","1.70","X","0.00","1.70","10","1.71","10","0.00",
="05485U","漢翔凱基54售06","21,000","3","37,180","1.73","1.80","1.73","1.80","+","0.19","1.82","10","1.83","10","0.00",
="054862","威盛元大4A購01","0","0","0","--","--","--","--"," ","0.00","--","0","0.10","10","59.50",
="054867","宏達電元大4A購03","310,000","12","152,690","0.53","0.54","0.47","0.49","-","0.02","0.48","499","0.49","9","64.60",
="05486U","臺股指凱基54售16","23,000","7","21,740","0.98","0.98","0.92","0.95","-","0.11","0.93","100","0.94","10","0.00",
="05487U","臺股指凱基56售13","40,000","2","36,300","0.93","0.93","0.90","0.90","X","0.00","0.89","100","0.90","10","0.00",
="054887","台灣50元富4A購01","0","0","0","--","--","--","--"," ","0.00","0.47","25","0.48","25","58.45",
="05488U","T50正2富邦55售02","10,000","1","6,300","0.63","0.63","0.63","0.63","-","0.05","0.60","100","0.61","98","0.00",
="054896","台積電元富4A購03","820,000","27","474,850","0.48","0.65","0.48","0.64","+","0.29","0.58","10","0.64","50","1,340.00",
="054897","所羅門元富5A購01","32,000","2","22,420","0.71","0.71","0.70","0.70","-","0.01","0.70","25","0.71","25","144.50",
="054898","矽統元富4A購01","0","0","0","--","--","--","--"," ","0.00","--","0","0.10","25","58.60",
="05489U","台光電富邦54售02","112,000","13","68,000","0.67","0.67","0.57","0.60","-","0.09","0.60","100","0.61","28","0.00",
="054902","國泰金元富5A購01","75,000","3","121,760","1.62","1.63","1.62","1.62","+","0.02","1.61","25","1.63","25","66.20",
="054903","玉晶光元富51購02","0","0","0","--","--","--","--"," ","0.00","0.36","25","0.37","25","443.50",
="054906","台積電群益4A購13","0","0","0","--","--","--","--"," ","0.00","--","0","--","0","1,340.00",
="05490U","漢唐富邦56售01","4,000","2","4,800","1.23","1.23","1.19","1.19","X","0.00","1.17","10","1.18","10","0.00",
="05491U","南電富邦53售05","46,000","2","24,660","0.53","0.54","0.53","0.54","X","0.00","0.60","30","0.61","10","0.00",
="054922","雲豹群益4A購01","0","0","0","--","--","--","--"," ","0.00","--","0","--","0","119.00",
="05492U","滬深2X國票54售02","0","0","0","--","--","--","--"," ","0.00","0.80","25","0.81","10","0.00",
="054932","T50反1中信4A購01","94,000","6","14,850","0.17","0.17","0.15","0.15","-","0.04","0.15","100","0.16","100","0.00",
="05493U","所羅門國票53售02","0","0","0","--","--","--","--"," ","0.00","1.86","25","1.87","10","0.00",
="05494U","中砂國泰54售01","10,000","1","11,900","1.19","1.19","1.19","1.19","X","0.00","1.23","499","1.24","100","0.00",
="054959","三陽兆豐4A購01","0","0","0","--","--","--","--"," ","0.00","0.10","10","0.11","10","62.20",
="05495U","南電國泰55售01","15,000","4","16,610","1.07","1.21","1.07","1.21","+","0.02","1.24","499","1.26","100","0.00",
="054968","瑞軒元富4A購01","0","0","0","--","--","--","--"," ","0.00","--","0","0.10","10","13.55",
="05496U","華通元富53售05","5,000","1","7,850","1.57","1.57","1.57","1.57","-","0.04","1.71","25","1.72","25","0.00",
="054973","健策元富4A購01","0","0","0","--","--","--","--"," ","0.00","2.71","25","2.81","10","2,355.00",
="05497U","欣興元富53售02","52,000","4","63,220","1.16","1.23","1.16","1.23","-","0.03","1.24","25","1.25","25","0.00",
="054985","雲豹元富4A購01","0","0","0","--","--","--","--"," ","0.00","--","0","0.10","10","119.00",
="05498U","臻鼎元富53售04","30,000","2","66,400","2.23","2.23","2.18","2.18","X","0.00","2.27","25","2.29","25","0.00",
="05499U","南電元富53售05","89,000","13","92,100","1.00","1.18","0.98","1.18","+","0.03","1.17","25","1.18","25","0.00",
="05500U","奇鋐群益59售01","0","0","0","--","--","--","--"," ","0.00","0.68","14","--","0","0.00",
="05501U","臻鼎群益55售02","67,000","1","130,650","1.95","1.95","1.95","1.95","X","0.00","2.02","10","2.12","10","0.00",
="05502U","南電群益53售06","0","0","0","--","--","--","--"," ","0.00","--","0","1.22","10","0.00",
="055031","元債2X凱基4C購02","0","0","0","--","--","--","--"," ","0.00","0.01","998","0.11","10","7.35",
="055037","威盛凱基4A購02","0","0","0","--","--","--","--"," ","0.00","--","0","0.02","10","59.50",
="055038","毅嘉凱基4A購01","9,000","2","7,050","0.81","0.81","0.78","0.78","-","0.12","0.77","100","0.80","10","53.50",
="05503U","臺股指富邦53售13","111,000","10","85,770","0.80","0.80","0.75","0.77","-","0.08","0.76","499","0.77","99","0.00",
="055040","嘉澤凱基4A購01","0","0","0","--","--","--","--"," ","0.00","--","0","0.10","10","1,605.00",
="05504U","臺股指富邦5C售01","5,000","1","4,150","0.83","0.83","0.83","0.83","X","0.00","0.80","499","0.81","100","0.00",
="055052","台積電統一5A購01","47,000","1","31,020","0.66","0.66","0.66","0.66","X","0.00","0.65","10","0.66","10","1,340.00",
="055053","友訊統一4A購01","0","0","0","--","--","--","--"," ","0.00","0.01","509","0.03","10","17.80",
="055054","威盛統一4A購01","0","0","0","--","--","--","--"," ","0.00","--","0","0.01","10","59.50",
="055055","中信金統一4A購01","10,000","1","5,800","0.58","0.58","0.58","0.58","-","0.01","0.57","10","0.58","10","43.25",
="055056","大立光統一4A購03","0","0","0","--","--","--","--"," ","0.00","0.09","10","0.10","10","2,360.00",
="05505U","漢翔中信53售02","204,000","4","111,260","0.54","0.58","0.54","0.58","+","0.05","0.57","10","0.58","10","0.00",
="055061","台積電群益4A購14","0","0","0","--","--","--","--"," ","0.00","--","0","--","0","1,340.00",
="055062","台積電群益4A購15","0","0","0","--","--","--","--"," ","0.00","--","0","--","0","1,340.00",
="055067","威盛群益4A購01","0","0","0","--","--","--","--"," ","0.00","--","0","--","0","59.50",
="055068","威盛群益4A購02","0","0","0","--","--","--","--"," ","0.00","--","0","--","0","59.50",
="05506U","長榮太中信53售02","38,000","1","63,080","1.66","1.66","1.66","1.66","X","0.00","1.73","499","1.74","10","0.00",
="05507U","川湖永豐54售02","0","0","0","--","--","--","--"," ","0.00","1.14","499","1.15","10","0.00",
="05508U","世芯永豐53售08","0","0","0","--","--","--","--"," ","0.00","3.00","499","3.01","10","0.00",
="05509U","精成科永豐53售05","9,000","2","10,400","1.14","1.28","1.14","1.28","+","0.18","1.26","10","1.28","10","0.00",
="05510U","T50正2凱基55售04","9,000","3","4,950","0.57","0.57","0.53","0.53","-","0.06","0.53","100","0.54","10","0.00",
="055117","大銀元大4A購01","0","0","0","--","--","--","--"," ","0.00","--","0","0.10","10","120.00",
="05511U","滬深2X凱基54售10","0","0","0","--","--","--","--"," ","0.00","0.64","10","0.65","50","0.00",
="05512U","鴻海凱基55售07","0","0","0","--","--","--","--"," ","0.00","0.97","499","0.98","499","0.00",
="05513U","台積電凱基55售07","0","0","0","--","--","--","--"," ","0.00","0.46","100","0.56","10","0.00",
="055143","元債2X富邦4A購01","0","0","0","--","--","--","--"," ","0.00","0.01","100","0.04","98","0.00",
="05514U","京元電凱基54售03","51,000","2","61,220","1.18","1.22","1.18","1.22","+","0.07","1.26","100","1.27","10","0.00",
="05515U","漢翔凱基54售07","22,000","3","37,190","1.70","1.70","1.69","1.69","+","0.07","1.72","100","1.73","10","0.00",
="055163","川湖元富4A購03","0","0","0","--","--","--","--"," ","0.00","6.25","25","6.75","10","3,220.00",
="055167","矽統元富4A購02","0","0","0","--","--","--","--"," ","0.00","--","0","0.10","25","58.60",
="05516U","貿聯凱基54售06","26,000","1","40,820","1.57","1.57","1.57","1.57","-","0.10","1.75","100","1.85","10","0.00",
="055170","聯發科元富4B購01","0","0","0","--","--","--","--"," ","0.00","0.99","25","1.09","10","1,375.00",
="05517U","精成科凱基54售03","119,000","5","226,550","1.86","2.07","1.86","2.07","+","0.17","2.02","100","2.05","10","0.00",
="05518U","南電凱基54售04","25,000","6","48,910","1.90","2.08","1.87","2.08"," ","0.00","2.10","100","2.11","10","0.00",
="05519U","南電凱基54售05","14,000","7","25,460","1.84","1.84","1.80","1.82","-","0.11","2.01","100","2.02","10","0.00",
="055201","鴻海統一4A購04","0","0","0","--","--","--","--"," ","0.00","0.10","10","0.11","10","221.00",
="055203","一詮統一58購01","0","0","0","--","--","--","--"," ","0.00","0.20","10","0.21","10","82.30",
="055204","一詮統一5A購01","0","0","0","--","--","--","--"," ","0.00","0.18","10","0.19","10","82.30",
="055205","長榮航統一4A購01","0","0","0","--","--","--","--"," ","0.00","0.16","10","0.17","10","38.85",
="055206","創意統一4A購01","0","0","0","--","--","--","--"," ","0.00","0.12","10","0.13","10","1,315.00",
="05520U","漢翔元富53售03","35,000","5","51,100","1.54","1.54","1.41","1.41","X","0.00","1.44","25","1.45","25","0.00",
="05521U","神達元富53售05","2,000","1","2,460","1.23","1.23","1.23","1.23","-","0.12","1.25","25","1.26","25","0.00",
="05522P","臺股指群益4B售05","0","0","0","--","--","--","--"," ","0.00","--","0","--","0","0.00",
="05522U","穎崴元富53售01","192,000","7","94,330","0.50","0.50","0.46","0.47","-","0.03","0.46","25","0.47","5","0.00",
="055233","威盛凱基4A購03","0","0","0","--","--","--","--"," ","0.00","--","0","0.02","10","59.50",
="055235","聯發科凱基4A購03","0","0","0","--","--","--","--"," ","0.00","0.14","100","0.15","10","1,375.00",
="05523P","臺股指群益4B售06","0","0","0","--","--","--","--"," ","0.00","0.15","499","0.16","499","0.00",
="05523U","南電元富53售08","13,000","7","22,020","1.64","1.88","1.60","1.88","+","0.03","1.88","25","1.89","25","0.00",
="055248","矽力凱基4A購01","0","0","0","--","--","--","--"," ","0.00","--","0","0.10","10","273.00",
="05524P","臺股指群益4B售07","0","0","0","--","--","--","--"," ","0.00","0.05","499","--","0","0.00",
="05524U","臺股指元富56售11","0","0","0","--","--","--","--"," ","0.00","0.83","25","0.84","25","0.00",
="055254","元債2X群益4C購01","0","0","0","--","--","--","--"," ","0.00","0.19","25","0.20","10","7.35",
="05525P","臺股指群益4B售08","499,000","2","89,820","0.18","0.18","0.18","0.18","-","0.02","0.17","499","0.18","499","0.00",
="05525U","臺股指元富56售12","0","0","0","--","--","--","--"," ","0.00","0.88","25","0.89","25","0.00",
="05526U","臺股指元富56售13","87,000","8","73,060","0.84","0.86","0.81","0.82","-","0.06","0.81","25","0.82","25","0.00",
="05527U","漢唐國泰54售03","5,000","1","8,750","1.75","1.75","1.75","1.75","+","0.06","1.13","8","1.80","6","0.00",
="05528U","香港2X元大53售03","2,000","1","1,400","0.70","0.70","0.70","0.70","+","0.07","0.67","250","0.68","100","0.00",
="055292","鴻海元大4A購02","0","0","0","--","--","--","--"," ","0.00","0.01","499","0.11","10","221.00",
="05529U","漢翔元大54售05","2,000","2","2,150","1.06","1.09","1.06","1.09","+","0.13","1.12","499","1.14","200","0.00",
="05530U","T50正2中信59售01","1,009,000","7","1,039,550","1.06","1.08","1.01","1.08","-","0.01","1.07","499","1.08","100","0.00",
="05531U","漢唐中信53售02","23,000","1","49,910","2.17","2.17","2.17","2.17","X","0.00","2.18","10","2.19","10","0.00",
="05532U","京元電中信56售02","0","0","0","--","--","--","--"," ","0.00","0.65","499","0.66","10","0.00",
="05533U","亞光富邦53售04","47,000","1","28,200","0.60","0.60","0.60","0.60","X","0.00","0.62","100","0.63","28","0.00",
="05534U","昇陽半富邦53售03","196,000","4","97,080","0.48","0.50","0.48","0.50","X","0.00","0.50","100","0.51","28","0.00",
="055352","一詮元富5A購01","0","0","0","--","--","--","--"," ","0.00","0.22","25","0.23","25","82.30",
="05535P","臺股指凱基4B售04","0","0","0","--","--","--","--"," ","0.00","--","0","0.02","10","0.00",
="05535U","臺股指富邦57售01","0","0","0","--","--","--","--"," ","0.00","1.11","499","1.12","100","0.00",
="05536P","臺股指凱基4B售05","0","0","0","--","--","--","--"," ","0.00","0.02","100","0.03","10","0.00",
="05536U","臺股指富邦59售02","7,000","2","6,950","1.00","1.00","0.99","0.99","X","0.00","0.98","499","0.99","100","0.00",
="055376","京元電凱基49購01","0","0","0","--","--","--","--"," ","0.00","0.62","100","--","0","167.00",
="055379","一詮凱基49購01","0","0","0","--","--","--","--"," ","0.00","--","0","0.02","10","82.30",
="05537U","滬深2X凱基55售04","44,000","4","45,580","1.06","1.13","0.97","1.13","+","0.04","1.09","10","1.10","50","0.00",
="05538U","鴻海凱基55售09","0","0","0","--","--","--","--"," ","0.00","0.86","499","0.87","499","0.00",
="055398","志聖統一4C購01","70,000","1","14,700","0.21","0.21","0.21","0.21","X","0.00","0.20","10","0.21","10","197.00",
="055399","志聖統一54購01","230,000","9","87,220","0.37","0.40","0.36","0.36"," ","0.00","0.36","10","0.37","10","197.00",
="05539U","台積電凱基55售09","40,000","4","28,550","0.77","0.77","0.70","0.71","-","0.16","0.72","100","0.82","10","0.00",
="055400","一詮統一4A購03","0","0","0","--","--","--","--"," ","0.00","--","0","--","0","82.30",
="055401","一詮統一4A購04","0","0","0","--","--","--","--"," ","0.00","--","0","0.01","10","82.30",
="055402","一詮統一4C購01","0","0","0","--","--","--","--"," ","0.00","--","0","0.01","10","82.30",
="055403","一詮統一53購01","0","0","0","--","--","--","--"," ","0.00","0.05","120","0.08","10","82.30",
="055404","長榮統一4A購01","0","0","0","--","--","--","--"," ","0.00","0.06","10","0.07","10","182.00",
="055405","貿聯統一4A購01","0","0","0","--","--","--","--"," ","0.00","2.42","10","2.43","10","1,085.00",
="05540U","精成科凱基54售05","30,000","3","37,220","1.23","1.33","1.23","1.33","X","0.00","1.35","100","1.36","10","0.00",
="05541U","龍德船凱基54售03","57,000","6","85,900","1.47","1.56","1.47","1.56","+","0.16","1.55","100","1.65","10","0.00",
="05542U","臺股指凱基56售14","0","0","0","--","--","--","--"," ","0.00","0.95","100","0.96","10","0.00",
="055437","台積電群益54購01","15,000","6","42,570","2.74","2.89","2.74","2.85","+","0.26","1.35","7","2.89","10","1,340.00",
="055438","台積電群益54購02","338,000","19","782,420","2.24","2.40","2.24","2.39","+","0.32","2.20","2","2.39","1","1,340.00",
="055439","台積電群益54購03","0","0","0","--","--","--","--"," ","0.00","--","0","--","0","1,340.00",
="05543U","臺股指凱基5C售01","262,000","12","258,460","0.99","1.00","0.96","0.98","-","0.05","0.96","100","0.97","10","0.00",
="055440","台積電群益54購04","0","0","0","--","--","--","--"," ","0.00","--","0","--","0","1,340.00",
="055441","台積電群益54購05","0","0","0","--","--","--","--"," ","0.00","0.01","100","--","0","1,340.00",
="05544U","貿聯元大54售14","25,000","2","22,550","0.89","0.92","0.89","0.92","X","0.00","0.92","499","0.93","200","0.00",
="05545U","電子類元大53售02","414,000","12","264,950","0.65","0.65","0.60","0.61","-","0.15","0.61","101","0.62","10","0.00",
="055461","健策群益4A購01","0","0","0","--","--","--","--"," ","0.00","0.21","10","1.48","10","2,355.00",
="055463","材料群益49購01","0","0","0","--","--","--","--"," ","0.00","--","0","--","0","66.40",
="05546U","金融類元大53售02","5,000","1","4,300","0.86","0.86","0.86","0.86","-","0.02","0.87","100","0.88","10","0.00",
="055479","台積電元大51購01","111,000","14","623,950","5.50","5.90","5.40","5.90","+","0.90","5.70","2","6.05","1","1,340.00",
="05547U","滬深2X元富53售08","0","0","0","--","--","--","--"," ","0.00","1.98","25","2.08","10","0.00",
="055482","威盛元大49購03","0","0","0","--","--","--","--"," ","0.00","--","0","0.10","10","59.50",
="055489","一詮元大49購02","0","0","0","--","--","--","--"," ","0.00","--","0","0.10","10","82.30",
="05548U","京元電元富53售02","0","0","0","--","--","--","--"," ","0.00","1.38","25","1.39","25","0.00",
="05549U","川湖國票54售01","0","0","0","--","--","--","--"," ","0.00","0.91","25","0.92","10","0.00",
="05550U","華通國票54售01","0","0","0","--","--","--","--"," ","0.00","1.63","25","1.64","10","0.00",
="055514","元黃金國票49購01","1,000","1","4,010","4.01","4.01","4.01","4.01","X","0.00","4.01","24","4.09","10","40.68",
="05551U","金像電國票54售01","0","0","0","--","--","--","--"," ","0.00","1.77","25","1.78","10","0.00",
="05552U","佳能國票54售01","20,000","2","14,200","0.74","0.74","0.68","0.68","X","0.00","0.69","25","0.70","10","0.00",
="05553U","台光電國票54售01","43,000","13","29,850","0.73","0.76","0.64","0.67","-","0.11","0.67","24","0.68","10","0.00",
="055540","元債2X統一4A購01","0","0","0","--","--","--","--"," ","0.00","0.02","499","0.03","499","7.35",
="055541","台積電統一51購03","20,000","2","60,100","3.02","3.02","2.99","2.99","+","0.26","2.98","10","--","0","1,340.00",
="055542","智邦統一4A購01","20,000","1","32,000","1.60","1.60","1.60","1.60","X","0.00","1.57","10","1.62","10","1,005.00",
="055543","志聖統一4A購01","0","0","0","--","--","--","--"," ","0.00","0.03","10","0.04","10","197.00",
="055544","志聖統一54購02","101,000","2","33,330","0.33","0.33","0.33","0.33","X","0.00","0.29","10","0.30","10","197.00",
="055545","零壹統一4A購01","0","0","0","--","--","--","--"," ","0.00","0.06","10","0.07","10","125.00",
="055546","崇越統一4A購01","0","0","0","--","--","--","--"," ","0.00","0.03","10","0.04","10","302.50",
="055547","訊芯統一4A購03","0","0","0","--","--","--","--"," ","0.00","--","0","--","0","164.50",
="05554U","奇鋐國票54售01","0","0","0","--","--","--","--"," ","0.00","0.93","25","0.94","10","0.00",
="05555U","龍德船國票53售02","30,000","8","64,610","2.10","2.22","2.10","2.22","+","0.26","2.17","25","2.18","10","0.00",
="055565","滬深2X元富4A購05","0","0","0","--","--","--","--"," ","0.00","0.32","25","--","0","19.04",
="055568","聯發科元富5A購01","240,000","19","153,660","0.65","0.65","0.63","0.63","-","0.04","0.63","1","0.72","10","1,375.00",
="05556U","鴻海凱基55售11","46,000","2","43,990","0.97","0.97","0.94","0.94","-","0.12","0.92","499","0.93","499","0.00",
="055570","長榮元富4B購02","0","0","0","--","--","--","--"," ","0.00","0.05","25","0.10","10","182.00",
="05557U","台積電凱基54售20","0","0","0","--","--","--","--"," ","0.00","0.32","100","0.42","10","0.00",
="055583","鴻海凱基4A購02","0","0","0","--","--","--","--"," ","0.00","0.02","100","0.12","25","221.00",
="05558U","佳能凱基54售03","64,000","7","48,540","0.78","0.82","0.71","0.73","-","0.09","0.74","100","0.75","30","0.00",
="05559U","奇鋐凱基55售05","46,000","2","50,360","1.04","1.16","1.04","1.16","+","0.01","1.16","100","1.17","10","0.00",
="055609","臺股指凱基49購07","0","0","0","--","--","--","--"," ","0.00","--","0","--","0","0.00",
="05560U","緯創凱基54售06","20,000","1","9,600","0.48","0.48","0.48","0.48","-","0.06","0.51","100","0.52","10","0.00",
="05561U","電子類凱基54售02","20,000","4","18,000","0.93","0.93","0.87","0.87","-","0.14","0.86","10","0.87","10","0.00",
="05562U","京元電統一53售01","0","0","0","--","--","--","--"," ","0.00","0.41","10","0.42","10","0.00",
="05563U","台灣50元富53售04","90,000","3","39,900","0.46","0.46","0.43","0.43","-","0.14","0.41","25","0.42","25","0.00",
="055641","台灣50群益49購02","0","0","0","--","--","--","--"," ","0.00","0.58","25","--","0","58.45",
="055648","廣宇群益4A購01","0","0","0","--","--","--","--"," ","0.00","--","0","1.74","10","54.10",
="05564U","為升元富54售01","112,000","11","100,700","0.94","0.96","0.88","0.89","-","0.03","0.89","28","0.90","25","0.00",
="055650","台積電群益4A購16","0","0","0","--","--","--","--"," ","0.00","--","0","--","0","1,340.00",
="055656","興勤群益4A購01","359,000","2","63,530","0.17","0.22","0.17","0.22","+","0.03","0.22","50","--","0","160.50",
="05565U","世芯元富53售08","61,000","6","99,240","1.60","1.64","1.60","1.64","+","0.07","1.66","25","1.67","25","0.00",
="055662","宏盛群益4A購01","0","0","0","--","--","--","--"," ","0.00","0.02","10","0.12","10","21.70",
="05566U","緯穎元富53售08","9,000","1","6,660","0.74","0.74","0.74","0.74","X","0.00","0.74","25","0.75","25","0.00",
="055670","信邦群益4A購01","20,000","1","1,000","0.05","0.05","0.05","0.05","X","0.00","--","0","0.13","10","236.50",
="05567U","技嘉國票53售01","0","0","0","--","--","--","--"," ","0.00","1.14","25","1.15","10","0.00",
="05568U","德律國票54售02","0","0","0","--","--","--","--"," ","0.00","1.47","25","1.49","10","0.00",
="055690","T50反1富邦4A購01","0","0","0","--","--","--","--"," ","0.00","--","0","0.03","100","0.00",
="05569U","T50正2元大53售07","0","0","0","--","--","--","--"," ","0.00","0.46","499","0.47","10","0.00",
="05570U","T50正2元大54售03","0","0","0","--","--","--","--"," ","0.00","0.59","499","0.60","10","0.00",
="05571U","臺股指元大55售13","0","0","0","--","--","--","--"," ","0.00","0.66","100","0.67","10","0.00",
="05572U","臺股指元大55售14","25,000","5","16,000","0.66","0.66","0.62","0.62","-","0.08","0.63","100","0.64","20","0.00",
="055733","威盛元大49購04","0","0","0","--","--","--","--"," ","0.00","--","0","0.10","10","59.50",
="05573U","臺股指元大55售15","0","0","0","--","--","--","--"," ","0.00","0.54","499","0.55","10","0.00",
="05574U","臺股指元大55售16","382,000","22","278,970","0.75","0.75","0.70","0.72","-","0.05","0.72","100","0.73","30","0.00",
="055752","訊芯元大49購02","0","0","0","--","--","--","--"," ","0.00","--","0","0.10","10","164.50",
="05575U","台達電群益57售01","0","0","0","--","--","--","--"," ","0.00","0.44","10","0.52","10","0.00",
="05576U","鴻海群益53售16","0","0","0","--","--","--","--"," ","0.00","0.71","100","0.72","100","0.00",
="055772","和大統一4A購01","0","0","0","--","--","--","--"," ","0.00","0.15","10","0.16","10","65.30",
="055773","華泰統一4A購01","0","0","0","--","--","--","--"," ","0.00","0.18","10","0.19","10","47.70",
="055774","華航統一4A購01","0","0","0","--","--","--","--"," ","0.00","0.03","10","0.04","10","20.95",
="055775","亞光統一4A購01","0","0","0","--","--","--","--"," ","0.00","0.84","10","0.85","10","161.50",
="055776","訊芯統一4A購04","0","0","0","--","--","--","--"," ","0.00","--","0","0.01","10","164.50",
="055777","天虹統一4C購01","0","0","0","--","--","--","--"," ","0.00","0.08","10","0.18","10","252.50",
="055778","天虹統一53購01","0","0","0","--","--","--","--"," ","0.00","0.15","10","0.16","10","252.50",
="05577U","台積電群益5B售02","110,000","3","46,200","0.42","0.42","0.42","0.42","-","0.05","0.22","45","--","0","0.00",
="05578U","金像電群益53售08","160,000","4","201,500","1.26","1.27","1.24","1.27","-","0.05","1.27","10","1.37","10","0.00",
="05579U","佳能群益55售02","0","0","0","--","--","--","--"," ","0.00","0.16","62","0.38","10","0.00",
="055800","台灣50群益4A購02","6,000","1","5,580","0.93","0.93","0.93","0.93","X","0.00","0.93","25","0.94","10","58.45",
="055809","楠梓電群益4A購01","0","0","0","--","--","--","--"," ","0.00","--","0","5.85","10","103.50",
="05580U","台光電群益53售05","20,000","1","9,600","0.48","0.48","0.48","0.48","X","0.00","0.29","30","--","0","0.00",
="055812","技嘉群益4C購01","0","0","0","--","--","--","--"," ","0.00","0.56","10","0.66","10","283.00",
="055817","志聖群益4A購01","110,000","11","35,900","0.32","0.35","0.32","0.35","X","0.00","0.03","10","--","0","197.00",
="05581U","京元電群益54售05","0","0","0","--","--","--","--"," ","0.00","1.14","10","1.24","10","0.00",
="05582U","奇鋐群益56售08","0","0","0","--","--","--","--"," ","0.00","0.27","3","--","0","0.00",
="055834","滬深2X凱基4A購02","0","0","0","--","--","--","--"," ","0.00","0.28","100","0.29","50","19.04",
="05583U","台灣50元富53售06","310,000","4","403,000","1.36","1.36","1.26","1.30","-","0.34","1.26","25","1.27","25","0.00",
="05584U","滬深2X國票54售03","0","0","0","--","--","--","--"," ","0.00","1.61","25","1.62","10","0.00",
="05585U","義隆國票53售02","0","0","0","--","--","--","--"," ","0.00","1.20","25","1.21","10","0.00",
="05586U","世芯國票53售07","5,000","1","11,100","2.22","2.22","2.22","2.22","+","0.11","2.23","25","2.24","10","0.00",
="05587U","緯穎國票54售02","8,000","1","6,240","0.78","0.78","0.78","0.78","-","0.01","0.78","25","0.79","10","0.00",
="05588U","T50正2凱基54售05","0","0","0","--","--","--","--"," ","0.00","0.68","100","0.69","10","0.00",
="05589U","FBNQ2X凱基55售01","8,000","2","5,280","0.66","0.66","0.66","0.66","-","0.03","0.65","10","0.66","45","0.00",
="05590U","鴻海凱基55售13","3,000","1","1,950","0.65","0.65","0.65","0.65","-","0.11","0.63","499","0.64","499","0.00",
="055912","天虹元富4A購01","0","0","0","--","--","--","--"," ","0.00","--","0","0.10","25","252.50",
="055919","元債2X元大54購01","0","0","0","--","--","--","--"," ","0.00","0.29","100","0.30","50","7.35",
="05591U","廣宇凱基54售02","0","0","0","--","--","--","--"," ","0.00","1.54","10","1.55","10","0.00",
="055921","美債2X元大49購02","0","0","0","--","--","--","--"," ","0.00","--","0","0.10","20","7.33",
="055922","美債2X元大4C購01","0","0","0","--","--","--","--"," ","0.00","0.18","499","0.19","50","7.33",
="05592U","技嘉凱基54售01","0","0","0","--","--","--","--"," ","0.00","1.22","100","1.23","10","0.00",
="055934","威盛元大49購05","0","0","0","--","--","--","--"," ","0.00","--","0","0.10","10","59.50",
="05593U","世芯凱基54售10","6,000","1","22,680","3.78","3.78","3.78","3.78","X","0.00","3.81","100","3.83","10","0.00",
="05594U","世芯凱基57售01","6,000","1","17,760","2.96","2.96","2.96","2.96","X","0.00","2.98","10","3.00","10","0.00",
="055951","訊芯元大49購03","0","0","0","--","--","--","--"," ","0.00","--","0","0.10","10","164.50",
="05595U","臺股指凱基55售14","0","0","0","--","--","--","--"," ","0.00","0.62","100","0.63","10","0.00",
="05596U","臺股指凱基55售15","0","0","0","--","--","--","--"," ","0.00","0.52","100","0.53","10","0.00",
="05597U","漢唐統一55售04","0","0","0","--","--","--","--"," ","0.00","0.67","10","0.68","10","0.00",
="05598U","神達統一55售02","41,000","3","22,230","0.55","0.55","0.52","0.53","-","0.03","0.53","10","0.54","10","0.00",
="055991","鴻海永豐49購05","0","0","0","--","--","--","--"," ","0.00","0.02","499","0.12","10","221.00",
="055992","鴻海永豐4A購01","0","0","0","--","--","--","--"," ","0.00","0.67","10","0.71","10","221.00",
="055996","未來車元富4A購01","0","0","0","--","--","--","--"," ","0.00","1.34","25","1.35","25","35.49",
="055998","川湖元富4A購04","0","0","0","--","--","--","--"," ","0.00","52.50","25","57.50","10","3,220.00",
="05599U","臻鼎統一55售01","0","0","0","--","--","--","--"," ","0.00","0.71","10","0.72","10","0.00",
="056000","台達電元富49購01","0","0","0","--","--","--","--"," ","0.00","14.90","25","15.90","10","893.00",
="056003","台光電元富4A購02","0","0","0","--","--","--","--"," ","0.00","14.30","25","14.60","25","1,345.00",
="056005","奇鋐元富4A購03","0","0","0","--","--","--","--"," ","0.00","2.98","25","3.08","10","1,015.00",
="056007","宏致元富4A購01","0","0","0","--","--","--","--"," ","0.00","0.92","25","0.93","25","73.30",
="056008","世芯元富4A購02","0","0","0","--","--","--","--"," ","0.00","5.10","25","5.20","25","3,700.00",
="05600U","滬深2X元大53售12","8,000","2","18,300","2.22","2.40","2.22","2.40","X","0.00","2.42","250","2.43","100","0.00",
="056010","臻鼎元富4A購01","0","0","0","--","--","--","--"," ","0.00","4.00","25","4.10","10","171.50",
="056013","文曄統一4A購02","48,000","1","15,360","0.32","0.32","0.32","0.32","-","0.01","0.31","10","0.32","10","137.50",
="056014","緯創統一4A購02","160,000","3","44,000","0.26","0.28","0.26","0.28","+","0.06","0.23","10","0.24","10","122.50",
="056015","玉晶光統一4A購01","3,000","1","180","0.06","0.06","0.06","0.06"," ","0.00","0.05","10","0.06","10","443.50",
="056017","天虹統一4A購01","0","0","0","--","--","--","--"," ","0.00","--","0","0.01","10","252.50",
="05601U","鴻海元大54售29","0","0","0","--","--","--","--"," ","0.00","0.88","499","0.89","200","0.00",
="056020","元債2X凱基54購02","0","0","0","--","--","--","--"," ","0.00","0.47","499","0.48","499","7.35",
="056021","美債2X凱基4A購02","0","0","0","--","--","--","--"," ","0.00","0.03","10","0.13","10","7.33",
="056028","威盛凱基49購02","0","0","0","--","--","--","--"," ","0.00","--","0","--","0","59.50",
="05602U","鴻海元大54售30","210,000","2","236,900","1.13","1.13","1.09","1.09","-","0.09","1.07","499","1.08","200","0.00",
="05603U","京元電元大54售17","0","0","0","--","--","--","--"," ","0.00","1.29","499","1.30","200","0.00",
="056047","元債2X富邦4A購02","100,000","1","17,000","0.17","0.17","0.17","0.17"," ","0.00","0.16","100","0.17","100","0.00",
="056049","萬海富邦4A購01","0","0","0","--","--","--","--"," ","0.00","0.01","100","0.03","28","0.00",
="05604U","材料元大54售05","0","0","0","--","--","--","--"," ","0.00","1.53","499","1.54","200","0.00",
="056050","緯創富邦4A購01","0","0","0","--","--","--","--"," ","0.00","0.17","30","0.18","10","0.00",
="05605U","臺股指元大59售03","50,000","1","55,500","1.11","1.11","1.11","1.11","X","0.00","1.09","100","1.10","10","0.00",
="05606U","廣宇群益54售03","0","0","0","--","--","--","--"," ","0.00","1.18","10","1.28","10","0.00",
="05607U","奇鋐群益53售08","67,000","1","65,660","0.98","0.98","0.98","0.98","-","0.13","0.58","17","--","0","0.00",
="056089","台積電元大54購01","0","0","0","--","--","--","--"," ","0.00","0.69","10","--","0","1,340.00",
="05608U","緯穎群益57售01","5,000","1","3,100","0.62","0.62","0.62","0.62","-","0.02","0.34","5","--","0","0.00",
="056096","威盛元大49購06","0","0","0","--","--","--","--"," ","0.00","--","0","0.10","10","59.50",
="05609U","川湖統一55售02","100,000","1","78,000","0.78","0.78","0.78","0.78","+","0.05","0.79","10","0.80","10","0.00",
="05610U","滬深2X永豐54售04","20,000","2","17,400","0.86","0.88","0.86","0.88","X","0.00","0.85","499","0.86","10","0.00",
="05611U","臺指2X中信59售01","23,000","3","20,360","0.89","0.89","0.88","0.89","X","0.00","0.88","499","0.89","100","0.00",
="05612U","群高息中信59售01","0","0","0","--","--","--","--"," ","0.00","1.49","499","1.50","100","0.00",
="056138","台積電元富5B購01","4,000","2","66,700","16.50","17.20","16.50","17.20","+","2.40","6.55","1","--","0","1,340.00",
="05613U","緯穎中信59售02","0","0","0","--","--","--","--"," ","0.00","1.01","10","1.02","10","0.00",
="056141","拓凱元富4A購01","0","0","0","--","--","--","--"," ","0.00","0.07","25","0.10","10","191.50",
="056142","佳必琪元富4A購01","0","0","0","--","--","--","--"," ","0.00","0.13","25","0.14","25","160.00",
="056148","鴻準統一4A購01","23,000","4","1,150","0.05","0.05","0.05","0.05","+","0.01","0.05","78","0.13","40","70.70",
="056149","萬海統一4A購02","0","0","0","--","--","--","--"," ","0.00","0.01","10","0.02","10","77.90",
="05614U","台積電富邦55售09","12,000","2","3,720","0.31","0.31","0.31","0.31","X","0.00","0.30","33","0.31","10","0.00",
="056150","智原統一4A購01","0","0","0","--","--","--","--"," ","0.00","--","0","0.01","10","174.00",
="05615U","滬深2X凱基54售12","0","0","0","--","--","--","--"," ","0.00","2.25","10","2.26","50","0.00",
="056160","元債2X凱基49購02","0","0","0","--","--","--","--"," ","0.00","0.01","499","--","0","7.35",
="056161","元日2X凱基4A購02","0","0","0","--","--","--","--"," ","0.00","0.04","4","0.11","10","5.87",
="05616U","鴻海凱基55售15","21,000","1","16,800","0.80","0.80","0.80","0.80","-","0.10","0.78","499","0.79","499","0.00",
="05617U","義隆凱基54售03","0","0","0","--","--","--","--"," ","0.00","1.60","10","1.61","10","0.00",
="05618U","德律凱基54售04","0","0","0","--","--","--","--"," ","0.00","1.35","100","1.36","10","0.00",
="05619U","世芯凱基54售11","6,000","1","22,980","3.83","3.83","3.83","3.83","X","0.00","3.85","100","3.88","10","0.00",
="056208","元債2X群益4C購02","0","0","0","--","--","--","--"," ","0.00","0.16","25","0.17","10","7.35",
="056209","美債2X群益4A購04","0","0","0","--","--","--","--"," ","0.00","0.10","10","0.20","10","7.33",
="05620U","世芯凱基55售04","26,000","2","67,620","2.57","2.61","2.57","2.61","+","0.19","2.59","100","2.61","10","0.00",
="05621U","富世達凱基54售07","0","0","0","--","--","--","--"," ","0.00","1.24","100","1.25","30","0.00",
="05622U","威盛元富53售02","0","0","0","--","--","--","--"," ","0.00","2.19","25","2.20","25","0.00",
="05623U","華晶科元富53售03","0","0","0","--","--","--","--"," ","0.00","0.88","25","0.89","25","0.00",
="05624U","聯鈞元富53售02","28,000","4","14,650","0.53","0.53","0.50","0.53","-","0.08","0.50","25","0.51","25","0.00",
="05625U","立積元富53售02","0","0","0","--","--","--","--"," ","0.00","2.40","25","2.42","10","0.00",
="05626U","鈺邦元富53售06","42,000","6","21,850","0.52","0.63","0.51","0.62","+","0.13","0.57","25","0.58","25","0.00",
="056271","臺股指元大4A購03","0","0","0","--","--","--","--"," ","0.00","0.22","100","0.32","10","0.00",
="05627U","富世達元富53售02","0","0","0","--","--","--","--"," ","0.00","2.78","25","2.82","25","0.00",
="056289","台積電統一55購01","0","0","0","--","--","--","--"," ","0.00","6.85","10","6.90","10","1,340.00",
="05628U","昇陽半元富53售01","3,000","1","6,600","2.20","2.20","2.20","2.20","-","0.07","2.29","25","2.32","25","0.00",
="056290","鴻準統一4A購02","0","0","0","--","--","--","--"," ","0.00","--","0","0.01","10","70.70",
="056291","鴻準統一51購01","25,000","1","3,500","0.14","0.14","0.14","0.14","X","0.00","0.14","10","0.15","10","70.70",
="056292","智原統一4B購02","0","0","0","--","--","--","--"," ","0.00","--","0","0.01","10","174.00",
="056293","群創統一4B購01","10,000","1","500","0.05","0.05","0.05","0.05","+","0.01","0.05","20","0.08","105","14.15",
="056294","世芯統一4B購01","0","0","0","--","--","--","--"," ","0.00","1.34","10","1.35","10","3,700.00",
="056295","佳必琪統一4A購02","30,000","1","1,200","0.04","0.04","0.04","0.04","X","0.00","0.03","499","0.04","499","160.00",
="05629U","世芯國票54售02","5,000","1","10,950","2.19","2.19","2.19","2.19","X","0.00","2.21","25","2.22","10","0.00",
="056301","美時永豐4B購01","0","0","0","--","--","--","--"," ","0.00","0.01","10","0.03","20","192.00",
="05630U","世芯國票54售03","6,000","1","14,340","2.39","2.39","2.39","2.39","X","0.00","2.41","25","2.42","10","0.00",
="056318","T50反1元富55購01","88,000","2","7,920","0.09","0.09","0.09","0.09","X","0.00","0.08","110","0.10","10","18.29",
="05631U","華城國泰54售01","15,000","1","30,000","2.00","2.00","2.00","2.00","X","0.00","1.96","499","1.97","499","0.00",
="056321","威盛元富4B購01","0","0","0","--","--","--","--"," ","0.00","--","0","0.10","25","59.50",
="05632U","聯發科國泰54售03","0","0","0","--","--","--","--"," ","0.00","1.44","499","1.47","499","0.00",
="056331","世芯元富4B購01","0","0","0","--","--","--","--"," ","0.00","6.45","25","6.65","25","3,700.00",
="056335","世紀鋼元富4B購01","0","0","0","--","--","--","--"," ","0.00","0.05","25","0.10","10","171.50",
="056339","元債2X凱基4C購03","0","0","0","--","--","--","--"," ","0.00","0.11","499","0.12","499","7.35",
="05633U","道瓊銀元大54售02","13,000","7","10,550","0.81","0.82","0.81","0.81","-","0.04","0.80","252","0.81","100","0.00",
="056340","美債2X凱基4B購02","0","0","0","--","--","--","--"," ","0.00","0.04","10","0.14","10","7.33",
="056345","廣宇凱基4B購01","6,000","1","7,860","1.31","1.31","1.31","1.31","X","0.00","1.28","100","1.38","10","54.10",
="05634U","廣宇元大54售05","0","0","0","--","--","--","--"," ","0.00","1.86","400","1.87","200","0.00",
="056355","嘉澤凱基4A購02","0","0","0","--","--","--","--"," ","0.00","0.01","100","0.11","10","1,605.00",
="056358","貿聯凱基4A購01","0","0","0","--","--","--","--"," ","0.00","7.80","100","8.30","10","1,085.00",
="05635U","T50正2群益53售04","0","0","0","--","--","--","--"," ","0.00","0.13","3","1.09","10","0.00",
="056362","臺股指凱基4A購04","0","0","0","--","--","--","--"," ","0.00","--","0","--","0","0.00",
="056368","台灣50元大4A購01","100,000","1","107,000","1.07","1.07","1.07","1.07","+","0.31","1.25","100","1.35","10","58.45",
="05636U","台達電群益54售02","130,000","13","33,840","0.26","0.28","0.26","0.28","+","0.02","0.09","111","0.28","1","0.00",
="05637U","技嘉群益53售02","0","0","0","--","--","--","--"," ","0.00","0.16","6","1.69","10","0.00",
="056386","創意元大4B購01","0","0","0","--","--","--","--"," ","0.00","0.05","499","0.06","10","1,315.00",
="05638U","慧洋群益54售01","0","0","0","--","--","--","--"," ","0.00","1.18","10","1.28","10","0.00",
="056394","乙盛元大4B購01","25,000","3","2,520","0.10","0.11","0.10","0.11","-","0.02","0.09","499","0.10","10","73.80",
="05639U","世芯群益53售05","0","0","0","--","--","--","--"," ","0.00","--","0","--","0","0.00",
="056404","世紀鋼元大4B購01","0","0","0","--","--","--","--"," ","0.00","0.04","499","0.08","100","171.50",
="056407","元債2X群益51購01","0","0","0","--","--","--","--"," ","0.00","0.03","25","0.04","10","7.35",
="056408","美債2X群益4B購02","0","0","0","--","--","--","--"," ","0.00","0.06","10","0.16","10","7.33",
="05640U","貿聯群益54售03","67,000","1","48,910","0.73","0.73","0.73","0.73","X","0.00","--","0","--","0","0.00",
="05641U","神達群益54售07","0","0","0","--","--","--","--"," ","0.00","0.80","10","0.90","10","0.00",
="056427","慧洋群益4A購01","0","0","0","--","--","--","--"," ","0.00","--","0","--","0","58.40",
="05642U","創意中信57售01","0","0","0","--","--","--","--"," ","0.00","0.73","499","0.74","10","0.00",
="056439","台積電統一5B購01","1,000","1","1,100","1.10","1.10","1.10","1.10","+","0.08","1.10","10","1.11","10","1,340.00",
="05643U","緯穎中信57售01","0","0","0","--","--","--","--"," ","0.00","1.56","499","1.57","10","0.00",
="056440","鴻準統一4B購02","0","0","0","--","--","--","--"," ","0.00","0.05","10","0.06","10","70.70",
="056441","志聖統一4B購01","15,000","1","1,950","0.13","0.13","0.13","0.13","X","0.00","0.12","10","0.13","10","197.00",
="056442","大立光統一4B購02","0","0","0","--","--","--","--"," ","0.00","0.36","10","0.37","10","2,360.00",
="056443","智原統一4B購03","25,000","1","5,500","0.22","0.22","0.22","0.22","-","0.06","--","0","0.22","10","174.00",
="056444","嘉澤統一4B購01","0","0","0","--","--","--","--"," ","0.00","0.04","10","0.05","209","1,605.00",
="056445","世芯統一53購01","7,000","2","15,150","2.17","2.17","2.15","2.15","-","0.05","2.11","10","2.13","10","3,700.00",
="056446","崇越統一4A購02","0","0","0","--","--","--","--"," ","0.00","0.14","10","0.15","10","302.50",
="056447","潤泰新統一4B購01","0","0","0","--","--","--","--"," ","0.00","--","0","0.01","50","29.80",
="056449","臺指反中信4B購01","10,000","1","200","0.02","0.02","0.02","0.02","X","0.00","--","0","0.02","10","0.00",
="05644U","台達電永豐54售03","35,000","3","16,900","0.48","0.52","0.47","0.52","X","0.00","0.51","10","0.52","10","0.00",
="056459","美債2X元富51購01","0","0","0","--","--","--","--"," ","0.00","0.17","25","0.18","25","7.33",
="05645U","皇昌永豐53售02","26,000","2","24,920","0.94","0.97","0.94","0.97","-","0.02","0.96","499","0.97","10","0.00",
="056466","鴻準元富4B購01","0","0","0","--","--","--","--"," ","0.00","0.01","25","0.10","10","70.70",
="056468","嘉澤元富4A購01","0","0","0","--","--","--","--"," ","0.00","--","0","0.10","25","1,605.00",
="05646U","台達電凱基54售05","0","0","0","--","--","--","--"," ","0.00","0.32","100","0.42","10","0.00",
="05647U","華邦電凱基54售03","3,218,000","96","930,290","0.31","0.31","0.27","0.30","-","0.07","0.28","22","0.30","1","0.00",
="05648U","毅嘉凱基54售01","0","0","0","--","--","--","--"," ","0.00","1.06","100","1.07","30","0.00",
="05649U","貿聯統一55售02","60,000","1","34,800","0.58","0.58","0.58","0.58","+","0.01","0.61","10","0.62","10","0.00",
="056507","川湖凱基4B購01","0","0","0","--","--","--","--"," ","0.00","9.85","100","10.70","10","3,220.00",
="05650U","達興元富53售03","166,000","36","368,740","2.35","2.36","2.06","2.14","-","0.29","2.14","47","2.24","10","0.00",
="05651U","台虹國票54售03","15,000","2","17,800","1.17","1.22","1.17","1.22"," ","0.00","1.22","25","1.23","10","0.00",
="056520","材料凱基4A購01","0","0","0","--","--","--","--"," ","0.00","--","0","0.10","10","66.40",
="056525","世紀鋼凱基4B購01","0","0","0","--","--","--","--"," ","0.00","0.01","100","0.09","499","171.50",
="056526","T50反1永豐4A購01","0","0","0","--","--","--","--"," ","0.00","--","0","0.03","10","18.29",
="05652U","漢唐國泰54售06","42,000","2","52,880","1.26","1.26","1.24","1.24","X","0.00","1.20","3","--","0","0.00",
="05653U","元債2X元大58售02","130,000","2","127,700","0.98","0.99","0.98","0.99"," ","0.00","0.98","250","0.99","100","0.00",
="056547","台灣50元大4A購02","0","0","0","--","--","--","--"," ","0.00","0.77","499","0.87","10","58.45",
="056548","台灣50元大4A購03","1,000","1","1,830","1.83","1.83","1.83","1.83","+","0.69","1.79","499","1.89","10","58.45",
="05654U","毅嘉元大55售01","1,000","1","780","0.78","0.78","0.78","0.78","X","0.00","0.77","499","0.78","199","0.00",
="056555","台玻元大4B購01","5,000","3","5,400","1.17","1.17","1.01","1.01","-","0.21","1.01","499","1.02","10","25.95",
="05655U","強茂元大54售07","0","0","0","--","--","--","--"," ","0.00","1.29","499","1.30","200","0.00",
="056564","鴻準元大4B購01","0","0","0","--","--","--","--"," ","0.00","--","0","0.06","5","70.70",
="05656U","皇昌元大54售02","5,000","2","6,880","1.37","1.38","1.37","1.38","-","0.06","1.42","499","1.43","150","0.00",
="05657U","長榮太元大54售07","79,000","1","135,090","1.71","1.71","1.71","1.71","+","0.08","1.76","450","1.77","200","0.00",
="05658U","臻鼎元大54售10","0","0","0","--","--","--","--"," ","0.00","1.56","499","1.57","200","0.00",
="05659U","台灣50群益53售06","0","0","0","--","--","--","--"," ","0.00","0.47","100","0.48","100","0.00",
="056606","萬海群益4A購03","0","0","0","--","--","--","--"," ","0.00","--","0","0.01","115","77.90",
="05660U","台灣50群益53售07","567,000","18","357,400","0.67","0.67","0.60","0.60","-","0.14","0.60","100","0.62","100","0.00",
="056611","乙盛群益4B購01","1,000","1","660","0.66","0.66","0.66","0.66","-","0.11","--","0","0.71","10","73.80",
="05661U","T50正2群益53售05","3,000","1","4,320","1.44","1.44","1.44","1.44","-","0.06","1.35","25","1.36","10","0.00",
="056620","臺股指富邦4B購01","0","0","0","--","--","--","--"," ","0.00","0.29","499","0.30","100","0.00",
="056621","世紀鋼第一4B購01","0","0","0","--","--","--","--"," ","0.00","0.08","10","0.09","10","171.50",
="056624","聯發科永豐4B購01","0","0","0","--","--","--","--"," ","0.00","0.07","499","0.08","10","1,375.00",
="056627","奇鋐永豐4B購01","6,000","2","15,980","2.70","2.70","2.48","2.48","+","0.23","2.24","10","2.34","10","1,015.00",
="05662U","鴻海群益53售19","0","0","0","--","--","--","--"," ","0.00","0.48","100","0.49","100","0.00",
="056632","元日2X元富5B購01","0","0","0","--","--","--","--"," ","0.00","0.66","25","0.67","25","5.87",
="056639","嘉澤元富4B購01","0","0","0","--","--","--","--"," ","0.00","0.14","25","0.15","25","1,605.00",
="05663P","台灣50富邦4B售03","0","0","0","--","--","--","--"," ","0.00","--","0","0.04","98","0.00",
="05663U","聯鈞群益53售01","558,000","21","236,630","0.50","0.50","0.39","0.40","-","0.12","0.39","2","0.41","10","0.00",
="056641","世芯元富4B購02","0","0","0","--","--","--","--"," ","0.00","2.90","25","2.99","25","3,700.00",
="056642","嘉澤統一4B購02","0","0","0","--","--","--","--"," ","0.00","0.01","10","0.02","10","1,605.00",
="056643","定穎控統一4B購01","0","0","0","--","--","--","--"," ","0.00","0.72","10","0.76","10","90.10",
="056644","緯穎統一4A購01","10,000","1","24,000","2.40","2.40","2.40","2.40","X","0.00","2.40","10","2.41","10","3,140.00",
="05664U","聯鈞群益53售02","633,000","35","481,050","0.79","0.80","0.71","0.74","X","0.00","0.60","50","--","0","0.00",
="05665U","世芯群益53售06","0","0","0","--","--","--","--"," ","0.00","1.51","5","--","0","0.00",
="05666U","元債2X中信57售01","0","0","0","--","--","--","--"," ","0.00","0.84","499","0.85","100","0.00",
="05667U","華邦電中信53售02","1,839,000","73","515,220","0.32","0.32","0.26","0.29","-","0.03","0.27","115","0.28","20","0.00",
="056682","台玻元大4B購02","0","0","0","--","--","--","--"," ","0.00","1.03","499","1.04","10","25.95",
="05668U","臺股指中信56售05","190,000","10","138,500","0.73","0.73","0.72","0.73","-","0.04","0.72","499","0.73","100","0.00",
="05669U","T50正2永豐56售01","0","0","0","--","--","--","--"," ","0.00","0.55","499","0.56","10","0.00",
="05670U","台積電永豐56售04","21,000","1","14,490","0.69","0.69","0.69","0.69","-","0.17","0.01","499","--","0","0.00",
="05671U","南亞科元富53售06","5,000","1","1,750","0.35","0.35","0.35","0.35","+","0.03","0.15","66","--","0","0.00",
="056724","川湖群益4A購01","0","0","0","--","--","--","--"," ","0.00","4.30","1","--","0","3,220.00",
="05672U","京元電元富53售04","0","0","0","--","--","--","--"," ","0.00","1.34","25","1.35","25","0.00",
="05673U","緯創元富53售03","4,000","1","3,680","0.92","0.92","0.92","0.92","-","0.04","0.92","25","0.93","25","0.00",
="056747","美債2X凱基4C購01","0","0","0","--","--","--","--"," ","0.00","0.10","10","0.11","50","7.33",
="05674U","牧德元富53售02","0","0","0","--","--","--","--"," ","0.00","2.13","25","2.14","25","0.00",
="056755","鴻海凱基4A購03","0","0","0","--","--","--","--"," ","0.00","0.01","100","--","0","221.00",
="056758","萬海凱基4A購02","0","0","0","--","--","--","--"," ","0.00","--","0","0.10","10","77.90",
="05675U","辛耘元富53售04","20,000","1","22,000","1.10","1.10","1.10","1.10","X","0.00","1.14","25","1.15","25","0.00",
="05676U","世芯元富53售09","2,000","1","3,440","1.72","1.72","1.72","1.72","+","0.03","1.82","25","1.83","25","0.00",
="05677U","T50正2凱基54售06","8,000","3","12,540","1.60","1.60","1.52","1.52","-","0.17","1.52","100","1.53","10","0.00",
="05678U","元債2X凱基58售02","0","0","0","--","--","--","--"," ","0.00","0.91","499","0.92","499","0.00",
="05679U","鴻海凱基55售17","0","0","0","--","--","--","--"," ","0.00","0.43","499","0.44","499","0.00",
="056802","旺宏兆豐4B購01","11,000","2","14,210","1.21","1.30","1.21","1.30","+","0.22","1.15","10","1.40","10","26.75",
="05680U","華邦電凱基54售05","452,000","26","234,570","0.52","0.55","0.48","0.49","-","0.15","0.48","100","0.49","29","0.00",
="056811","元債2X元富4B購02","0","0","0","--","--","--","--"," ","0.00","0.08","25","0.10","10","7.35",
="056812","元債2X元富5B購01","0","0","0","--","--","--","--"," ","0.00","0.75","25","0.76","25","7.35",
="056818","聯電元富51購01","13,000","2","4,580","0.35","0.36","0.35","0.36","+","0.03","0.35","25","0.36","25","43.90",
="05681U","華邦電凱基54售06","2,054,000","53","332,590","0.18","0.18","0.15","0.16","-","0.05","0.15","125","0.17","45","0.00",
="056821","鴻海元富5B購01","20,000","5","63,350","3.16","3.21","3.16","3.16","+","0.13","3.17","25","3.19","25","221.00",
="056826","緯創元富4B購01","2,000","2","1,900","0.92","0.98","0.92","0.98","X","0.00","0.87","25","0.89","25","122.50",
="056828","萬海統一4B購02","0","0","0","--","--","--","--"," ","0.00","--","0","0.01","10","77.90",
="056829","緯創統一4B購01","100,000","5","24,000","0.23","0.25","0.23","0.25","X","0.00","0.22","10","0.23","10","122.50",
="05682U","強茂凱基54售05","51,000","3","77,330","1.50","1.52","1.50","1.51","+","0.06","1.50","100","1.51","17","0.00",
="056830","玉晶光統一4B購02","0","0","0","--","--","--","--"," ","0.00","0.16","10","0.17","10","443.50",
="056831","南電統一4B購01","10,000","1","24,000","2.40","2.40","2.40","2.40","+","0.38","2.21","10","2.22","10","234.50",
="05683U","牧德凱基54售05","0","0","0","--","--","--","--"," ","0.00","2.24","10","2.25","10","0.00",
="056848","啟碁第一4B購01","100,000","10","29,000","0.29","0.29","0.29","0.29","X","0.00","0.29","10","0.30","10","121.00",
="05684P","臺股指元大4B售04","0","0","0","--","--","--","--"," ","0.00","0.02","629","0.12","10","0.00",
="05684U","京元電國票53售04","0","0","0","--","--","--","--"," ","0.00","1.51","25","1.52","10","0.00",
="05685P","臺股指元大4B售05","0","0","0","--","--","--","--"," ","0.00","0.07","100","0.17","10","0.00",
="05685U","宏致國票53售02","0","0","0","--","--","--","--"," ","0.00","1.84","25","1.85","10","0.00",
="05686P","大同統一49售03","0","0","0","--","--","--","--"," ","0.00","0.14","10","0.15","10","0.00",
="05686U","世芯國票54售04","6,000","1","12,120","2.02","2.02","2.02","2.02","X","0.00","2.03","25","2.04","10","0.00",
="056879","金寶元大4B購01","0","0","0","--","--","--","--"," ","0.00","--","0","0.10","10","19.60",
="05687U","佳必琪國票53售01","0","0","0","--","--","--","--"," ","0.00","1.39","25","1.40","10","0.00",
="056882","台積電元大4A購02","0","0","0","--","--","--","--"," ","0.00","--","0","--","0","1,340.00",
="05688U","臺股指國票53售08","8,000","2","12,230","1.56","1.56","1.51","1.51","X","0.00","1.51","499","1.52","499","0.00",
="05689U","臺股指國票53售09","20,000","2","35,800","1.81","1.81","1.77","1.77","X","0.00","1.80","499","1.81","499","0.00",
="05690U","臺股指國票54售02","2,000","1","3,280","1.64","1.64","1.64","1.64","X","0.00","1.60","499","1.61","499","0.00",
="056918","滬深2X群益4B購01","0","0","0","--","--","--","--"," ","0.00","0.07","6","--","0","19.04",
="056919","美債2X群益4C購01","0","0","0","--","--","--","--"," ","0.00","0.07","10","0.17","10","7.33",
="05691U","臺股指國票54售03","0","0","0","--","--","--","--"," ","0.00","1.43","499","1.44","499","0.00",
="056921","中石化群益4A購01","0","0","0","--","--","--","--"," ","0.00","--","0","0.20","41","7.26",
="056926","台積電群益4B購01","0","0","0","--","--","--","--"," ","0.00","--","0","2.02","10","1,340.00",
="05692U","臺股指國票55售01","1,000","1","2,800","2.80","2.80","2.80","2.80","-","0.17","2.68","499","2.69","499","0.00",
="05693P","臺股指凱基4A售06","0","0","0","--","--","--","--"," ","0.00","0.03","100","0.04","10","0.00",
="05693U","台達電國泰55售01","15,000","2","9,300","0.62","0.62","0.62","0.62","+","0.01","0.62","10","0.63","10","0.00",
="05694P","臺股指凱基4B售08","0","0","0","--","--","--","--"," ","0.00","0.02","100","0.03","10","0.00",
="05694U","T50正2元大54售04","9,000","1","14,040","1.56","1.56","1.56","1.56","X","0.00","1.53","499","1.54","10","0.00",
="056956","元債2X永豐53購01","0","0","0","--","--","--","--"," ","0.00","0.22","499","0.23","10","7.35",
="05695U","達興元大54售07","0","0","0","--","--","--","--"," ","0.00","2.19","300","2.20","200","0.00",
="05696U","臺股指元大53售24","0","0","0","--","--","--","--"," ","0.00","0.87","100","0.88","10","0.00",
="056971","美債2X元富4B購02","0","0","0","--","--","--","--"," ","0.00","0.07","25","0.10","10","7.33",
="056977","英業達元富4A購01","0","0","0","--","--","--","--"," ","0.00","0.02","25","0.10","17","45.00",
="056979","技嘉元富4B購01","0","0","0","--","--","--","--"," ","0.00","0.10","25","0.11","25","283.00",
="05697U","臺股指元大53售25","0","0","0","--","--","--","--"," ","0.00","0.61","499","0.62","10","0.00",
="056982","世芯元富4B購03","0","0","0","--","--","--","--"," ","0.00","1.84","25","1.89","25","3,700.00",
="05698U","T50正2群益53售06","141,000","7","108,770","0.78","0.78","0.76","0.76","X","0.00","0.76","25","0.77","10","0.00",
="05699U","華邦電群益59售02","929,000","106","568,340","0.67","0.67","0.58","0.59","-","0.11","0.58","23","0.66","1","0.00",
="057009","聯電統一4A購01","10,000","1","1,800","0.18","0.18","0.18","0.18","X","0.00","0.16","108","0.17","108","43.90",
="05700U","京元電群益53售08","32,000","3","47,920","1.46","1.54","1.46","1.51"," ","0.00","1.55","10","1.65","10","0.00",
="057010","聯電統一4B購01","20,000","2","4,000","0.20","0.20","0.20","0.20","+","0.04","0.17","10","0.18","10","43.90",
="057011","金寶統一4B購01","0","0","0","--","--","--","--"," ","0.00","--","0","0.01","10","19.60",
="057012","鴻海統一4A購05","716,000","7","268,400","0.36","0.41","0.36","0.40","+","0.08","0.40","10","0.41","10","221.00",
="057013","英業達統一4B購01","0","0","0","--","--","--","--"," ","0.00","0.05","10","0.06","10","45.00",
="057014","英業達統一4B購02","0","0","0","--","--","--","--"," ","0.00","0.08","10","0.09","10","45.00",
="057016","技嘉統一4A購01","0","0","0","--","--","--","--"," ","0.00","0.01","10","0.02","10","283.00",
="057017","技嘉統一4B購01","0","0","0","--","--","--","--"," ","0.00","0.16","10","0.17","10","283.00",
="057018","技嘉統一4B購02","0","0","0","--","--","--","--"," ","0.00","0.13","10","0.14","10","283.00",
="057019","微星統一4A購01","0","0","0","--","--","--","--"," ","0.00","--","0","0.01","40","119.50",
="05701U","南亞科永豐53售01","4,000","1","1,360","0.34","0.34","0.34","0.34","-","0.02","0.32","10","0.33","10","0.00",
="057020","微星統一4B購01","0","0","0","--","--","--","--"," ","0.00","--","0","--","0","119.50",
="057021","長榮統一4A購02","0","0","0","--","--","--","--"," ","0.00","0.09","10","0.10","10","182.00",
="057022","長榮統一4B購02","0","0","0","--","--","--","--"," ","0.00","0.01","10","0.02","10","182.00",
="057023","陽明統一4A購01","0","0","0","--","--","--","--"," ","0.00","--","0","0.01","10","55.20",
="057024","緯創統一4B購02","419,000","5","144,340","0.31","0.35","0.31","0.34","X","0.00","0.30","10","0.31","10","122.50",
="05702U","川湖國泰54售03","80,000","2","98,400","1.23","1.23","1.23","1.23","+","0.02","1.21","499","1.23","100","0.00",
="057034","滬深2X凱基4A購03","0","0","0","--","--","--","--"," ","0.00","0.52","100","0.62","10","19.04",
="057035","美債2X凱基4C購02","0","0","0","--","--","--","--"," ","0.00","0.04","10","0.14","10","7.33",
="057038","金寶凱基4B購01","0","0","0","--","--","--","--"," ","0.00","--","0","0.02","50","19.60",
="05703U","台灣50富邦56售04","5,000","1","3,900","0.78","0.78","0.78","0.78","-","0.10","0.77","100","0.78","98","0.00",
="057042","威盛凱基4A購04","0","0","0","--","--","--","--"," ","0.00","--","0","--","0","59.50",
="05704U","台灣50富邦56售05","0","0","0","--","--","--","--"," ","0.00","0.86","100","0.87","98","0.00",
="05705U","光寶科富邦53售04","80,000","3","24,300","0.31","0.31","0.30","0.30"," ","0.00","0.30","30","0.31","10","0.00",
="057066","金寶元大4B購02","0","0","0","--","--","--","--"," ","0.00","--","0","0.05","260","19.60",
="057069","台積電元大4A購03","0","0","0","--","--","--","--"," ","0.00","--","0","--","0","1,340.00",
="05706U","台達電富邦53售07","11,000","2","6,890","0.61","0.64","0.61","0.64","X","0.00","0.64","30","0.65","10","0.00",
="057072","威盛元大4B購01","0","0","0","--","--","--","--"," ","0.00","--","0","0.10","10","59.50",
="05707U","日月光富邦53售01","0","0","0","--","--","--","--"," ","0.00","0.64","30","0.65","10","0.00",
="057085","創意元大4B購02","14,000","2","3,920","0.28","0.28","0.28","0.28","+","0.04","0.27","25","0.28","10","1,315.00",
="05708U","台積電中信59售01","42,000","3","66,360","1.58","1.58","1.58","1.58","-","0.05","1.57","10","1.58","10","0.00",
="057090","世芯元大4A購01","60,000","1","73,800","1.23","1.23","1.23","1.23","-","0.22","0.01","499","--","0","3,700.00",
="05709U","嘉澤中信53售01","0","0","0","--","--","--","--"," ","0.00","0.57","499","0.58","10","0.00",
="057108","台達電群益4B購01","0","0","0","--","--","--","--"," ","0.00","8.75","30","--","0","893.00",
="05710U","中砂元富53售02","0","0","0","--","--","--","--"," ","0.00","1.78","25","1.79","25","0.00",
="05711U","京元電元富53售06","86,000","2","91,510","1.06","1.13","1.06","1.13","+","0.05","1.14","25","1.15","25","0.00",
="05712U","日月光元富53售02","107,000","3","134,360","1.25","1.28","1.25","1.28","-","0.13","1.27","25","1.28","25","0.00",
="05713U","臺股指元富53售01","117,000","9","107,370","0.95","0.95","0.89","0.91","-","0.09","0.91","25","0.92","25","0.00",
="05714U","T50正2國票53售03","143,000","3","169,960","1.22","1.22","1.16","1.16","-","0.12","1.16","25","1.17","10","0.00",
="05715U","T50正2國票54售02","0","0","0","--","--","--","--"," ","0.00","1.24","25","1.25","10","0.00",
="05716U","FBNQ2X國票53售01","2,000","2","2,780","1.39","1.39","1.39","1.39","X","0.00","1.39","25","1.40","10","0.00",
="057176","志聖凱基4B購01","44,000","6","9,290","0.18","0.25","0.18","0.20","X","0.00","0.18","100","0.26","1","197.00",
="05717U","群臺2X國票53售02","68,000","5","116,110","1.75","1.75","1.69","1.72","-","0.16","1.71","25","1.72","10","0.00",
="05718U","台達電國票53售04","25,000","4","27,000","1.02","1.11","1.02","1.11","X","0.00","1.07","25","1.08","10","0.00",
="05719U","鴻海國票54售03","0","0","0","--","--","--","--"," ","0.00","0.84","25","0.85","10","0.00",
="057208","世芯永豐4B購01","0","0","0","--","--","--","--"," ","0.00","3.36","499","3.46","10","3,700.00",
="057209","世芯永豐4B購02","0","0","0","--","--","--","--"," ","0.00","2.03","499","2.04","10","3,700.00",
="05720U","宏達電國票56售02","0","0","0","--","--","--","--"," ","0.00","2.10","25","2.11","10","0.00",
="057216","川湖統一4B購01","0","0","0","--","--","--","--"," ","0.00","3.13","10","3.16","10","3,220.00",
="057217","金寶統一51購01","0","0","0","--","--","--","--"," ","0.00","0.03","10","0.04","10","19.60",
="057218","廣宇統一53購01","51,000","5","26,530","0.53","0.53","0.51","0.52"," ","0.00","0.51","10","0.52","15","54.10",
="057219","正崴統一4C購01","0","0","0","--","--","--","--"," ","0.00","0.02","10","0.03","10","48.80",
="05721U","漢翔國票54售02","48,000","4","62,710","1.26","1.35","1.26","1.35","+","0.13","1.34","25","1.35","10","0.00",
="057220","正崴統一55購01","0","0","0","--","--","--","--"," ","0.00","0.10","10","0.11","10","48.80",
="057221","建準統一4A購03","10,000","1","8,200","0.82","0.82","0.82","0.82","X","0.00","0.64","10","0.65","10","129.00",
="057222","京元電統一4B購01","380,000","13","196,130","0.52","0.54","0.50","0.50","-","0.06","0.50","10","0.51","10","167.00",
="057224","聯陽統一4A購01","0","0","0","--","--","--","--"," ","0.00","0.03","10","0.04","10","135.00",
="057225","智原統一4C購02","0","0","0","--","--","--","--"," ","0.00","0.02","10","0.11","10","174.00",
="057226","華擎統一4A購01","0","0","0","--","--","--","--"," ","0.00","--","0","--","0","278.00",
="057227","智易統一4C購02","40,000","1","30,000","0.75","0.75","0.75","0.75","X","0.00","0.72","10","0.74","10","223.00",
="057228","健策統一4A購01","30,000","2","35,400","1.18","1.18","1.18","1.18","X","0.00","1.19","10","1.20","10","2,355.00",
="057229","世芯統一4B購02","0","0","0","--","--","--","--"," ","0.00","1.15","10","1.16","10","3,700.00",
="05722U","台灣50凱基55售05","196,000","7","301,030","1.56","1.56","1.45","1.45","-","0.38","1.45","100","1.46","10","0.00",
="057230","貿聯統一4B購02","4,000","3","11,710","3.16","3.16","2.82","2.82","-","0.18","2.77","10","2.82","8","1,085.00",
="057231","新唐統一4A購01","0","0","0","--","--","--","--"," ","0.00","--","0","0.01","18","64.60",
="057232","華孚統一4C購01","1,113,000","16","218,930","0.20","0.30","0.19","0.29","+","0.08","0.25","2","0.29","10","68.70",
="057233","啟碁統一4A購01","0","0","0","--","--","--","--"," ","0.00","0.04","10","0.05","10","121.00",
="057234","訊芯統一4B購01","0","0","0","--","--","--","--"," ","0.00","--","0","0.01","769","164.50",
="057235","緯穎統一4B購01","0","0","0","--","--","--","--"," ","0.00","1.43","10","1.44","10","3,140.00",
="057236","采鈺統一4B購01","1,784,000","16","338,720","0.18","0.21","0.18","0.18","-","0.07","0.17","11","0.18","4","305.50",
="057237","波力統一55購02","0","0","0","--","--","--","--"," ","0.00","0.12","10","0.13","10","176.50",
="05723U","T50正2凱基54售08","0","0","0","--","--","--","--"," ","0.00","1.55","100","1.56","10","0.00",
="057243","矽統元富4B購01","7,000","2","310","0.04","0.07","0.04","0.07","+","0.01","0.04","25","0.07","99","58.60",
="057246","建漢元富4A購01","0","0","0","--","--","--","--"," ","0.00","--","0","0.10","25","24.10",
="05724U","京元電凱基53售08","25,000","1","43,000","1.72","1.72","1.72","1.72","-","0.02","1.83","100","1.85","10","0.00",
="05725U","漢翔凱基53售09","5,000","4","7,610","1.45","1.55","1.45","1.54","+","0.16","1.55","10","1.56","10","0.00",
="057265","宏達電國票4B購01","48,000","2","102,890","2.31","2.31","2.14","2.14","-","0.04","2.16","25","2.17","10","64.60",
="05726U","定穎控凱基55售01","0","0","0","--","--","--","--"," ","0.00","1.42","10","1.43","50","0.00",
="057276","滬深2X富邦4B購01","0","0","0","--","--","--","--"," ","0.00","0.13","100","0.14","98","0.00",
="05727U","臺股指凱基54售17","19,000","1","30,970","1.63","1.63","1.63","1.63","X","0.00","1.57","100","1.58","10","0.00",
="057282","亞光富邦4B購01","0","0","0","--","--","--","--"," ","0.00","1.16","30","1.20","10","0.00",
="05728U","臺股指凱基54售18","139,000","11","116,820","0.88","0.88","0.82","0.82","-","0.08","0.81","100","0.82","10","0.00",
="05729U","台積電台新53售01","83,000","10","381,720","4.47","4.61","4.47","4.51","-","1.04","4.50","10","4.51","10","0.00",
="05730U","華邦電群益59售03","689,000","40","520,760","0.76","0.80","0.73","0.74","-","0.16","0.73","10","0.83","10","0.00",
="057313","世芯元大4A購02","0","0","0","--","--","--","--"," ","0.00","--","0","--","0","3,700.00",
="05731U","南亞科群益53售05","1,226,000","49","759,900","0.64","0.67","0.57","0.63","-","0.03","0.57","4","0.67","71","0.00",
="057323","天虹元大4A購01","0","0","0","--","--","--","--"," ","0.00","--","0","0.10","10","252.50",
="057324","臺股指元大4A購04","0","0","0","--","--","--","--"," ","0.00","--","0","0.10","10","0.00",
="05732U","聯發科群益53售04","79,000","2","131,140","1.66","1.66","1.66","1.66","+","0.07","0.19","52","--","0","0.00",
="05733U","緯創群益53售08","0","0","0","--","--","--","--"," ","0.00","0.56","1","--","0","0.00",
="05734U","世芯群益53售07","0","0","0","--","--","--","--"," ","0.00","--","0","--","0","0.00",
="05735U","台灣50元大54售07","0","0","0","--","--","--","--"," ","0.00","0.54","499","0.55","10","0.00",
="05736U","T50正2元大56售01","0","0","0","--","--","--","--"," ","0.00","1.06","499","1.07","10","0.00",
="057378","川湖統一51購02","0","0","0","--","--","--","--"," ","0.00","3.21","10","3.22","10","3,220.00",
="057379","廣宇統一4A購01","0","0","0","--","--","--","--"," ","0.00","1.28","10","1.29","10","54.10",
="05737U","T50正2元大57售01","21,000","1","19,950","0.95","0.95","0.95","0.95","X","0.00","0.94","499","0.95","10","0.00",
="057380","英業達統一53購01","32,000","4","4,870","0.15","0.16","0.15","0.15","X","0.00","0.15","15","0.16","15","45.00",
="057382","正崴統一4B購01","0","0","0","--","--","--","--"," ","0.00","--","0","0.02","100","48.80",
="057383","文曄統一4C購01","224,000","7","131,160","0.59","0.59","0.58","0.58","+","0.02","0.58","10","0.59","10","137.50",
="057385","緯創統一4B購03","478,000","26","25,600","0.05","0.06","0.05","0.05"," ","0.00","0.04","10","0.05","10","122.50",
="057386","緯創統一53購01","477,000","18","96,890","0.21","0.22","0.20","0.20","+","0.01","0.19","15","0.20","10","122.50",
="057387","神達統一4A購01","0","0","0","--","--","--","--"," ","0.00","2.08","10","2.09","10","90.00",
="057388","神達統一4B購01","0","0","0","--","--","--","--"," ","0.00","1.35","10","1.36","10","90.00",
="057389","神達統一4B購02","53,000","7","91,430","1.77","1.85","1.72","1.75","+","0.11","1.78","10","1.83","10","90.00",
="05738U","T50正2元大61售01","47,000","5","48,600","1.05","1.05","1.03","1.03","X","0.00","1.01","100","1.02","10","0.00",
="057390","神達統一53購01","0","0","0","--","--","--","--"," ","0.00","1.54","10","1.57","10","90.00",
="057391","立積統一4B購01","0","0","0","--","--","--","--"," ","0.00","0.05","10","0.06","10","151.50",
="057392","立積統一4B購02","5,000","2","720","0.15","0.15","0.14","0.14","-","0.05","0.14","10","0.15","10","151.50",
="057393","立積統一4C購01","0","0","0","--","--","--","--"," ","0.00","0.09","10","0.10","10","151.50",
="057394","立積統一53購01","30,000","1","5,700","0.19","0.19","0.19","0.19","X","0.00","0.19","10","0.20","10","151.50",
="057395","祥碩統一4B購01","0","0","0","--","--","--","--"," ","0.00","0.04","10","0.05","10","1,525.00",
="057396","力成統一4B購01","1,000","1","460","0.46","0.46","0.46","0.46","-","0.01","0.45","10","0.47","10","150.50",
="057398","波力統一4B購01","0","0","0","--","--","--","--"," ","0.00","--","0","0.01","10","176.50",
="05739U","道瓊銀元大53售03","0","0","0","--","--","--","--"," ","0.00","0.85","250","0.86","100","0.00",
="05740U","大成鋼元大54售09","0","0","0","--","--","--","--"," ","0.00","1.53","499","1.54","200","0.00",
="057410","長榮元富4B購03","0","0","0","--","--","--","--"," ","0.00","0.06","25","0.10","10","182.00",
="057415","世芯元富4B購04","0","0","0","--","--","--","--"," ","0.00","2.22","25","2.28","25","3,700.00",
="057416","貿聯元富4B購01","0","0","0","--","--","--","--"," ","0.00","5.60","25","5.90","25","1,085.00",
="057418","立積元富4B購01","0","0","0","--","--","--","--"," ","0.00","0.38","25","0.39","25","151.50",
="057419","緯穎元富4B購01","0","0","0","--","--","--","--"," ","0.00","2.32","25","2.38","25","3,140.00",
="05741U","楠梓電元大54售07","0","0","0","--","--","--","--"," ","0.00","0.03","333","--","0","0.00",
="057426","漢唐兆豐4B購01","0","0","0","--","--","--","--"," ","0.00","--","0","--","0","987.00",
="05742U","聯發科元大54售10","279,000","2","460,110","1.62","1.65","1.62","1.65","+","0.09","1.67","450","1.68","10","0.00",
="057431","臻鼎兆豐4B購01","0","0","0","--","--","--","--"," ","0.00","3.21","1","--","0","171.50",
="057435","台積電中信4B購01","5,000","5","300","0.06","0.06","0.06","0.06","+","0.01","0.06","100","0.07","100","0.00",
="05743U","宏達電元大54售09","0","0","0","--","--","--","--"," ","0.00","1.64","450","1.65","200","0.00",
="057445","元債2X永豐4B購02","0","0","0","--","--","--","--"," ","0.00","0.11","499","0.12","10","7.35",
="05744U","宏達電元大55售02","216,000","3","244,080","1.13","1.13","1.13","1.13","-","0.01","1.14","499","1.15","200","0.00",
="057457","世芯永豐4A購01","0","0","0","--","--","--","--"," ","0.00","2.93","499","--","0","3,700.00",
="057458","世芯永豐4A購02","0","0","0","--","--","--","--"," ","0.00","1.88","499","1.98","10","3,700.00",
="05745U","定穎控元大54售05","2,000","1","2,340","1.17","1.17","1.17","1.17","+","0.03","1.17","499","1.18","200","0.00",
="05746U","定穎控元大54售06","0","0","0","--","--","--","--"," ","0.00","1.57","499","1.58","200","0.00",
="057474","宏達電國票51購01","137,000","12","744,800","5.40","5.60","5.35","5.60","+","0.30","5.35","25","5.65","10","64.60",
="05747U","臺股指元大53售26","31,000","4","26,380","0.87","0.88","0.83","0.83","-","0.10","0.83","100","0.84","10","0.00",
="05748U","台灣50富邦59售02","0","0","0","--","--","--","--"," ","0.00","0.93","100","0.94","98","0.00",
="05749U","臺股指富邦57售02","0","0","0","--","--","--","--"," ","0.00","1.01","499","1.02","100","0.00",
="05750U","光寶科中信53售02","180,000","15","56,500","0.33","0.34","0.28","0.31","-","0.08","0.31","10","0.32","10","0.00",
="057519","臺股指凱基4A購05","0","0","0","--","--","--","--"," ","0.00","--","0","--","0","0.00",
="05751U","緯創中信53售01","0","0","0","--","--","--","--"," ","0.00","0.82","10","0.84","10","0.00",
="057525","台玻元大4A購01","0","0","0","--","--","--","--"," ","0.00","0.35","499","--","0","25.95",
="057526","上銀元大4B購01","0","0","0","--","--","--","--"," ","0.00","--","0","0.10","10","217.50",
="057529","川湖元大4A購01","0","0","0","--","--","--","--"," ","0.00","4.58","25","--","0","3,220.00",
="05752U","佳能永豐53售05","23,000","5","18,250","0.78","0.81","0.78","0.81","X","0.00","0.76","499","0.77","10","0.00",
="057532","金寶元大4A購01","0","0","0","--","--","--","--"," ","0.00","--","0","0.01","10","19.60",
="05753U","緯穎永豐53售04","0","0","0","--","--","--","--"," ","0.00","1.82","499","1.83","10","0.00",
="057544","京元電元大4A購01","371,000","12","44,710","0.17","0.17","0.11","0.11","-","0.06","0.11","499","0.12","110","167.00",
="05754U","台灣50元富53售08","679,000","7","1,150,510","1.80","1.80","1.68","1.68","-","0.32","1.63","25","1.64","25","0.00",
="057556","迅得元大4B購01","0","0","0","--","--","--","--"," ","0.00","0.01","499","0.11","10","176.00",
="05755U","宏達電元富53售05","0","0","0","--","--","--","--"," ","0.00","1.05","25","1.06","25","0.00",
="05756U","宏達電元富53售06","0","0","0","--","--","--","--"," ","0.00","0.99","25","1.00","25","0.00",
="057573","華通群益4B購01","0","0","0","--","--","--","--"," ","0.00","--","0","1.04","10","77.00",
="057574","台積電群益4B購02","0","0","0","--","--","--","--"," ","0.00","--","0","--","0","1,340.00",
="05757U","宏達電元富53售07","0","0","0","--","--","--","--"," ","0.00","0.87","25","0.88","25","0.00",
="057580","京元電群益4A購01","280,000","3","31,500","0.15","0.15","0.10","0.10","-","0.05","--","0","--","0","167.00",
="05758U","定穎控元富53售05","0","0","0","--","--","--","--"," ","0.00","1.82","25","1.83","25","0.00",
="05759U","緯穎元富53售10","0","0","0","--","--","--","--"," ","0.00","1.22","25","1.23","25","0.00",
="05760U","宏達電國票53售04","3,000","1","5,700","1.90","1.90","1.90","1.90","+","0.01","1.90","25","1.91","10","0.00",
="05761U","宏達電國票54售04","0","0","0","--","--","--","--"," ","0.00","2.12","25","2.13","10","0.00",
="057628","台玻凱基4B購01","0","0","0","--","--","--","--"," ","0.00","--","0","4.09","19","25.95",
="05762U","宏達電國票55售03","0","0","0","--","--","--","--"," ","0.00","1.81","25","1.82","10","0.00",
="05763U","達邁國票54售02","0","0","0","--","--","--","--"," ","0.00","0.96","25","0.98","10","0.00",
="05764U","上銀元大54售04","0","0","0","--","--","--","--"," ","0.00","1.32","499","1.33","200","0.00",
="057654","世紀鋼兆豐4B購01","311,000","5","78,060","0.25","0.26","0.25","0.25","X","0.00","0.23","10","0.26","69","171.50",
="05765U","宏達電元大54售11","6,000","2","5,640","0.94","0.94","0.94","0.94","-","0.03","0.97","499","0.98","200","0.00",
="057661","皇昌元富4B購01","0","0","0","--","--","--","--"," ","0.00","0.09","25","0.10","25","72.70",
="057663","大立光元富4B購01","100,000","1","50,000","0.50","0.50","0.50","0.50","-","0.04","0.47","25","0.50","25","2,360.00",
="057664","緯創元富4B購02","10,000","1","1,700","0.17","0.17","0.17","0.17","X","0.00","0.14","10","0.16","25","122.50",
="057668","世紀鋼元富4B購02","0","0","0","--","--","--","--"," ","0.00","0.32","25","0.33","25","171.50",
="057669","光寶科統一4B購01","1,000","1","2,050","2.05","2.05","2.05","2.05","-","0.17","2.14","10","2.20","10","183.00",
="05766U","宏達電元大54售12","136,000","6","264,300","1.92","1.97","1.92","1.97","+","0.01","1.96","400","1.97","200","0.00",
="057670","華碩統一4B購01","0","0","0","--","--","--","--"," ","0.00","0.30","10","0.31","10","684.00",
="057671","華碩統一4B購02","1,000","1","290","0.29","0.29","0.29","0.29","X","0.00","0.30","10","0.31","10","684.00",
="057672","奇鋐統一4B購01","56,000","7","68,040","1.28","1.28","1.09","1.11","-","0.13","1.09","10","1.10","10","1,015.00",
="057673","建漢統一4B購02","0","0","0","--","--","--","--"," ","0.00","--","0","--","0","24.10",
="057674","景碩統一51購02","111,000","3","35,470","0.32","0.32","0.31","0.31"," ","0.00","0.28","10","0.29","10","111.50",
="057675","神達統一4C購01","509,000","2","453,010","0.89","0.89","0.89","0.89","+","0.13","0.83","10","0.89","10","90.00",
="057676","神達統一55購01","759,000","32","502,870","0.67","0.68","0.63","0.66","+","0.04","0.66","20","0.72","10","90.00",
="057678","立積統一4C購02","0","0","0","--","--","--","--"," ","0.00","0.15","10","0.16","10","151.50",
="057679","世紀鋼統一4B購01","0","0","0","--","--","--","--"," ","0.00","0.13","10","0.14","10","171.50",
="05767U","世芯元大54售21","0","0","0","--","--","--","--"," ","0.00","--","0","--","0","0.00",
="057687","精金國票4B購01","0","0","0","--","--","--","--"," ","0.00","--","0","--","0","6.47",
="057688","精金國票5B購01","0","0","0","--","--","--","--"," ","0.00","0.32","125","0.33","10","6.47",
="05768U","世芯元大54售22","0","0","0","--","--","--","--"," ","0.00","--","0","--","0","0.00",
="057696","台灣50富邦4B購02","198,000","2","34,660","0.17","0.18","0.17","0.18","+","0.06","0.21","100","0.22","98","0.00",
="057697","T50正2富邦4B購01","200,000","2","86,000","0.43","0.43","0.43","0.43","X","0.00","0.42","100","0.43","98","0.00",
="05769U","世芯元大54售23","0","0","0","--","--","--","--"," ","0.00","--","0","--","0","0.00",
="057709","上銀元大4B購02","11,000","4","2,130","0.19","0.20","0.19","0.20","-","0.01","0.18","499","0.19","10","217.50",
="05770P","臺股指富邦4C售02","0","0","0","--","--","--","--"," ","0.00","0.02","99","0.07","98","0.00",
="05770U","采鈺元大54售08","102,000","3","117,530","1.15","1.16","1.15","1.16","X","0.00","1.17","499","1.18","200","0.00",
="057711","金寶元大4A購02","0","0","0","--","--","--","--"," ","0.00","--","0","0.10","16","19.60",
="05771U","臺股指元大59售05","0","0","0","--","--","--","--"," ","0.00","1.23","100","1.24","10","0.00",
="057722","京元電元大4A購02","32,000","2","21,140","0.66","0.67","0.66","0.67","-","0.06","0.61","499","0.64","10","167.00",
="05772U","T50正2凱基54售09","0","0","0","--","--","--","--"," ","0.00","1.14","100","1.15","10","0.00",
="05773U","台達電凱基53售07","0","0","0","--","--","--","--"," ","0.00","0.93","100","1.03","10","0.00",
="05774U","國巨凱基53售02","0","0","0","--","--","--","--"," ","0.00","0.68","499","0.69","40","0.00",
="057754","台積電群益4B購03","0","0","0","--","--","--","--"," ","0.00","--","0","--","0","1,340.00",
="05775U","宏達電凱基53售06","0","0","0","--","--","--","--"," ","0.00","1.02","100","1.03","30","0.00",
="057766","陽明群益4A購01","0","0","0","--","--","--","--"," ","0.00","--","0","0.10","10","55.20",
="05776P","世芯群益4C售01","0","0","0","--","--","--","--"," ","0.00","--","0","--","0","0.00",
="05776U","宏達電凱基57售02","0","0","0","--","--","--","--"," ","0.00","1.09","100","1.10","50","0.00",
="05777U","定穎控凱基54售03","0","0","0","--","--","--","--"," ","0.00","1.22","100","1.23","50","0.00",
="057789","東元兆豐4B購01","0","0","0","--","--","--","--"," ","0.00","6.35","10","--","0","94.00",
="05778U","台積電群益53售07","1,054,000","34","1,247,070","1.24","1.24","1.16","1.16","-","0.19","1.16","10","--","0","0.00",
="057793","貿聯兆豐4B購01","0","0","0","--","--","--","--"," ","0.00","6.00","10","--","0","1,085.00",
="057794","鴻準統一4B購03","0","0","0","--","--","--","--"," ","0.00","0.01","10","0.02","10","70.70",
="057795","鴻準統一4B購04","0","0","0","--","--","--","--"," ","0.00","0.02","10","0.03","10","70.70",
="057796","鴻準統一51購02","0","0","0","--","--","--","--"," ","0.00","0.08","10","0.09","10","70.70",
="057797","鴻準統一55購01","0","0","0","--","--","--","--"," ","0.00","0.15","10","0.19","5","70.70",
="057798","智伸科統一4A購01","999,000","3","109,890","0.11","0.11","0.11","0.11","X","0.00","0.09","10","0.10","10","139.50",
="057799","中租統一4B購01","567,000","6","90,450","0.15","0.16","0.15","0.16","X","0.00","0.17","10","0.18","10","118.00",
="05779P","臺股指群益4C售02","75,000","2","3,750","0.05","0.05","0.05","0.05","-","0.01","0.04","499","0.05","499","0.00",
="05779U","宏達電群益57售01","0","0","0","--","--","--","--"," ","0.00","1.79","10","1.89","10","0.00",
="05780U","漢翔群益53售06","0","0","0","--","--","--","--"," ","0.00","1.39","10","1.49","10","0.00",
="057810","鴻準元富4B購02","0","0","0","--","--","--","--"," ","0.00","--","0","0.10","25","70.70",
="057812","潤泰全元富4B購01","0","0","0","--","--","--","--"," ","0.00","--","0","0.10","25","52.30",
="05781U","臺股指群益54售21","0","0","0","--","--","--","--"," ","0.00","0.57","499","0.58","499","0.00",
="05782U","臺股指群益54售22","0","0","0","--","--","--","--"," ","0.00","0.63","499","0.64","499","0.00",
="057835","台灣50凱基4A購04","0","0","0","--","--","--","--"," ","0.00","0.04","100","--","0","58.45",
="057836","T50正2凱基4A購01","0","0","0","--","--","--","--"," ","0.00","0.20","10","--","0","302.45",
="05783U","臺股指群益54售23","0","0","0","--","--","--","--"," ","0.00","0.67","499","0.77","10","0.00",
="05784U","臺股指群益54售24","0","0","0","--","--","--","--"," ","0.00","0.64","499","0.65","499","0.00",
="057854","萬海凱基4A購03","0","0","0","--","--","--","--"," ","0.00","0.01","100","0.11","10","77.90",
="05785U","臺股指群益54售25","0","0","0","--","--","--","--"," ","0.00","0.82","499","0.83","499","0.00",
="05786U","臺股指群益54售26","54,000","7","65,940","1.23","1.25","1.17","1.19","-","0.12","1.18","504","1.19","499","0.00",
="057874","正崴富邦4B購01","0","0","0","--","--","--","--"," ","0.00","0.01","100","0.03","10","0.00",
="05787U","臺股指群益57售05","0","0","0","--","--","--","--"," ","0.00","1.03","499","1.04","499","0.00",
="057885","元債2X國票4B購01","0","0","0","--","--","--","--"," ","0.00","0.03","25","0.04","10","7.35",
="05788U","臺股指群益57售06","3,000","1","1,950","0.65","0.65","0.65","0.65","-","0.05","0.64","499","0.65","499","0.00",
="05789U","臺股指中信56售06","5,000","3","4,850","0.98","0.99","0.96","0.96","-","0.07","0.95","499","0.96","100","0.00",
="05790U","台灣50永豐55售04","16,000","8","17,210","1.14","1.14","1.04","1.04","X","0.00","1.04","499","1.05","10","0.00",
="057918","鴻海元大55購01","854,000","11","410,350","0.48","0.49","0.48","0.48","+","0.04","0.48","494","0.49","13","221.00",
="05791P","臺股指元大4A售09","0","0","0","--","--","--","--"," ","0.00","--","0","0.10","10","0.00",
="05791U","光寶科永豐54售02","27,000","5","24,140","0.89","0.90","0.89","0.90","-","0.09","0.90","10","0.91","10","0.00",
="057922","台積電元大55購01","1,623,000","44","1,390,350","0.76","0.88","0.76","0.88","+","0.13","0.86","20","0.90","11","1,340.00",
="057925","鴻準元大4A購01","0","0","0","--","--","--","--"," ","0.00","--","0","0.02","15","70.70",
="05792U","台達電永豐53售05","0","0","0","--","--","--","--"," ","0.00","1.06","499","1.07","10","0.00",
="057932","長榮航元大4B購01","0","0","0","--","--","--","--"," ","0.00","0.07","499","0.08","10","38.85",
="05793U","鴻海永豐53售05","21,000","1","19,950","0.95","0.95","0.95","0.95","-","0.09","0.92","10","0.93","10","0.00",
="057941","世芯元大4B購01","0","0","0","--","--","--","--"," ","0.00","0.98","10","--","0","3,700.00",
="057947","神達元大4B購01","152,000","18","467,270","3.15","3.31","2.94","3.01","+","0.17","3.09","250","3.13","10","90.00",
="05794U","華邦電永豐54售03","1,495,000","18","671,700","0.48","0.48","0.43","0.43","-","0.10","0.42","10","0.52","10","0.00",
="05795U","台光電永豐53售05","20,000","1","27,400","1.37","1.37","1.37","1.37","X","0.00","1.20","499","1.23","10","0.00",
="057963","鴻準群益4A購01","0","0","0","--","--","--","--"," ","0.00","--","0","--","0","70.70",
="05796U","元黃金凱基53售02","0","0","0","--","--","--","--"," ","0.00","0.64","100","0.65","50","0.00",
="05797U","上銀凱基54售02","0","0","0","--","--","--","--"," ","0.00","0.73","10","0.74","10","0.00",
="05798U","光寶科凱基54售05","79,000","20","65,260","0.84","0.86","0.78","0.82","+","0.02","0.82","90","0.83","10","0.00",
="05799U","光寶科凱基54售06","0","0","0","--","--","--","--"," ","0.00","0.79","100","0.80","10","0.00",
="05800U","采鈺凱基54售06","0","0","0","--","--","--","--"," ","0.00","0.52","10","0.53","50","0.00",
="05801U","臺股指凱基5A售03","79,000","13","129,760","1.68","1.68","1.60","1.63","-","0.10","1.62","100","1.63","10","0.00",
="05802U","台積電國泰54售05","17,000","4","14,590","0.87","0.87","0.84","0.84","X","0.00","0.82","5","--","0","0.00",
="058033","神達凱基4B購01","306,000","15","519,680","1.74","1.87","1.67","1.80","+","0.23","1.76","100","1.77","10","90.00",
="05803U","台積電國泰54售06","0","0","0","--","--","--","--"," ","0.00","0.28","9","--","0","0.00",
="058040","金寶統一53購01","0","0","0","--","--","--","--"," ","0.00","0.12","10","0.13","10","19.60",
="058041","鴻準統一4C購02","0","0","0","--","--","--","--"," ","0.00","0.01","10","0.02","10","70.70",
="058042","神達統一4A購02","0","0","0","--","--","--","--"," ","0.00","1.20","10","1.30","10","90.00",
="058043","神達統一4B購03","174,000","2","114,180","0.66","0.66","0.65","0.65","+","0.02","0.64","10","0.65","10","90.00",
="05804U","臺股指國泰53售04","0","0","0","--","--","--","--"," ","0.00","0.88","499","0.89","100","0.00",
="058058","宏達電國票5B購01","2,000","1","11,000","5.50","5.50","5.50","5.50","-","0.15","5.50","25","5.55","10","64.60",
="05805U","臺股指國泰53售05","0","0","0","--","--","--","--"," ","0.00","1.17","499","1.18","100","0.00",
="05806U","臺股指國泰55售01","0","0","0","--","--","--","--"," ","0.00","0.80","499","0.81","100","0.00",
="058073","元上證元富4B購01","0","0","0","--","--","--","--"," ","0.00","1.06","25","1.07","25","33.28",
="058075","元金2X元富4B購01","0","0","0","--","--","--","--"," ","0.00","12.80","25","13.80","25","70.40",
="058076","中50元富4B購01","0","0","0","--","--","--","--"," ","0.00","0.14","3","--","0","26.30",
="05807U","台灣50群益53售10","0","0","0","--","--","--","--"," ","0.00","0.12","18","1.16","10","0.00",
="058080","寶齡元富4B購01","0","0","0","--","--","--","--"," ","0.00","0.01","85","0.08","498","69.50",
="05808U","台灣50群益53售11","120,000","4","234,400","1.98","1.98","1.93","1.93","-","0.40","1.84","100","1.85","100","0.00",
="05809U","台灣50群益53售12","0","0","0","--","--","--","--"," ","0.00","0.13","3","1.07","10","0.00",
="058100","正崴元大4B購01","0","0","0","--","--","--","--"," ","0.00","--","0","0.10","10","48.80",
="058104","長榮航元大4B購02","18,000","1","22,680","1.26","1.26","1.26","1.26","+","0.02","1.22","499","1.24","10","38.85",
="05810U","台灣50群益53售13","88,000","8","123,910","1.46","1.47","1.34","1.37","X","0.00","1.36","100","1.37","100","0.00",
="058117","神達元大4B購02","776,000","12","1,242,340","1.59","1.64","1.52","1.54","+","0.06","1.59","499","1.60","10","90.00",
="05811U","T50正2群益54售01","5,000","1","5,300","1.06","1.06","1.06","1.06","X","0.00","1.01","25","1.02","10","0.00",
="058127","聯電群益4A購01","0","0","0","--","--","--","--"," ","0.00","0.01","20","0.44","10","43.90",
="05812U","光寶科群益53售06","14,000","1","11,760","0.84","0.84","0.84","0.84","X","0.00","0.85","100","0.86","100","0.00",
="058131","台積電群益4B購04","0","0","0","--","--","--","--"," ","0.00","--","0","--","0","1,340.00",
="05813U","台達電群益55售01","0","0","0","--","--","--","--"," ","0.00","0.08","57","--","0","0.00",
="05814U","國巨群益57售01","203,000","7","74,080","0.36","0.37","0.36","0.36"," ","0.00","0.37","25","0.38","10","0.00",
="058150","富邦金群益4B購01","0","0","0","--","--","--","--"," ","0.00","0.01","1","--","0","88.40",
="05815U","宏達電群益53售05","5,000","1","11,550","2.31","2.31","2.31","2.31","X","0.00","2.37","10","2.47","10","0.00",
="05816U","滬深2X元大56售05","68,000","2","100,660","1.54","1.54","1.47","1.47","-","0.11","1.59","499","1.60","100","0.00",
="05817U","台達電元大54售14","9,000","2","11,470","1.28","1.28","1.27","1.27","+","0.03","1.27","25","1.28","10","0.00",
="058184","緯創富邦4B購01","0","0","0","--","--","--","--"," ","0.00","0.15","30","0.16","10","0.00",
="05818U","台光電元大54售17","20,000","1","45,600","2.28","2.28","2.28","2.28","-","0.20","2.25","300","2.28","100","0.00",
="058195","世芯永豐52購01","1,000","1","3,560","3.56","3.56","3.56","3.56","-","0.19","3.26","499","3.28","10","3,700.00",
="058196","世芯永豐52購02","0","0","0","--","--","--","--"," ","0.00","4.43","499","4.46","10","3,700.00",
="05819U","台光電元大54售18","35,000","6","53,750","1.57","1.57","1.50","1.53","-","0.12","1.53","454","1.56","200","0.00",
="058205","金寶元富4B購01","1,000","1","100","0.10","0.10","0.10","0.10","+","0.02","0.07","25","0.10","10","19.60",
="058207","仁寶元富4B購01","31,000","2","4,940","0.14","0.16","0.14","0.16","+","0.05","0.11","25","0.12","25","31.40",
="05820U","緯穎元大54售24","13,000","1","25,350","1.95","1.95","1.95","1.95","-","0.01","1.97","400","1.98","200","0.00",
="058210","技嘉元富4A購03","0","0","0","--","--","--","--"," ","0.00","0.38","25","0.39","25","283.00",
="058215","嘉澤元富4B購02","0","0","0","--","--","--","--"," ","0.00","0.27","25","0.28","25","1,605.00",
="058216","世芯元富4B購05","0","0","0","--","--","--","--"," ","0.00","1.66","25","1.68","25","3,700.00",
="05821U","台灣50元富53售09","1,568,000","16","3,469,920","2.32","2.32","2.13","2.13","-","0.39","2.11","25","2.12","25","0.00",
="058221","保瑞元富4A購01","0","0","0","--","--","--","--"," ","0.00","0.29","25","0.30","25","693.00",
="058223","緯穎元富4B購02","0","0","0","--","--","--","--"," ","0.00","1.43","25","1.44","25","3,140.00",
="058228","美時統一4B購01","0","0","0","--","--","--","--"," ","0.00","0.02","10","0.03","10","192.00",
="058229","仁寶統一4B購01","0","0","0","--","--","--","--"," ","0.00","0.03","10","0.04","10","31.40",
="05822U","T50正2元富53售03","7,000","2","6,430","0.92","0.92","0.91","0.91","X","0.00","0.89","25","0.90","25","0.00",
="058230","漢唐統一4B購01","0","0","0","--","--","--","--"," ","0.00","4.55","10","4.60","10","987.00",
="058232","日電貿統一52購01","0","0","0","--","--","--","--"," ","0.00","0.45","10","0.46","10","74.80",
="058233","康舒統一4B購01","98,000","5","7,120","0.07","0.13","0.06","0.06"," ","0.00","0.06","10","0.07","10","30.10",
="058234","東哥統一4B購01","0","0","0","--","--","--","--"," ","0.00","0.14","10","0.15","10","217.00",
="05823U","上銀元富53售02","0","0","0","--","--","--","--"," ","0.00","1.08","25","1.09","25","0.00",
="05824U","台達電元富53售01","0","0","0","--","--","--","--"," ","0.00","0.06","76","--","0","0.00",
="05825P","台積電凱基4A售11","0","0","0","--","--","--","--"," ","0.00","--","0","0.10","10","0.00",
="05825U","楠梓電元富53售02","81,000","2","92,460","1.13","1.16","1.13","1.16","X","0.00","0.08","157","--","0","0.00",
="058266","元債2X元大51購01","0","0","0","--","--","--","--"," ","0.00","0.45","100","0.46","50","7.35",
="058267","元債2X元大53購01","0","0","0","--","--","--","--"," ","0.00","0.23","100","0.24","50","7.35",
="058269","美債2X元大51購01","0","0","0","--","--","--","--"," ","0.00","0.16","100","0.17","50","7.33",
="05826U","世芯元富53售10","0","0","0","--","--","--","--"," ","0.00","1.35","25","1.36","25","0.00",
="05827U","神達元富53售08","0","0","0","--","--","--","--"," ","0.00","0.96","25","0.97","25","0.00",
="05828U","材料元富53售06","0","0","0","--","--","--","--"," ","0.00","1.29","25","1.30","25","0.00",
="05829U","臺股指元富54售03","226,000","12","280,130","1.27","1.27","1.22","1.22","-","0.10","1.21","25","1.22","25","0.00",
="05830U","楠梓電國票54售03","0","0","0","--","--","--","--"," ","0.00","1.13","25","1.14","10","0.00",
="058318","鴻海群益55購01","70,000","2","40,100","0.58","0.58","0.57","0.57","+","0.06","0.56","100","0.57","100","221.00",
="05831P","亞光群益53售01","0","0","0","--","--","--","--"," ","0.00","0.11","25","0.12","10","0.00",
="05831U","台積電國票53售04","383,000","5","264,360","0.72","0.72","0.69","0.69","-","0.16","0.67","25","0.71","10","0.00",
="058322","台積電群益4B購05","25,000","2","29,500","1.18","1.18","1.18","1.18","X","0.00","--","0","--","0","1,340.00",
="058323","台積電群益4B購06","64,000","4","68,720","1.00","1.08","1.00","1.08","+","0.22","0.09","111","--","0","1,340.00",
="05832U","台積電國票53售05","0","0","0","--","--","--","--"," ","0.00","0.58","25","0.61","10","0.00",
="058332","緯創群益4A購01","35,000","2","18,550","0.53","0.53","0.53","0.53","X","0.00","0.10","30","0.59","10","122.50",
="05833U","台積電國票54售05","419,000","6","319,490","0.81","0.81","0.76","0.76","-","0.14","0.75","25","0.79","10","0.00",
="05834U","毅嘉國票53售03","2,000","1","3,920","1.96","1.96","1.96","1.96","X","0.00","1.96","25","1.97","10","0.00",
="05835U","萬海國票54售01","0","0","0","--","--","--","--"," ","0.00","1.46","25","1.47","10","0.00",
="05836U","偉訓國票53售02","0","0","0","--","--","--","--"," ","0.00","1.40","25","1.41","10","0.00",
="058370","宏達電國票55購01","60,000","3","414,000","6.90","6.90","6.90","6.90","-","0.10","6.75","3","8.50","1","64.60",
="058371","宏達電國票5B購02","0","0","0","--","--","--","--"," ","0.00","5.65","25","6.15","10","64.60",
="058377","精金國票51購01","5,000","1","350","0.07","0.07","0.07","0.07","X","0.00","0.06","25","0.07","10","6.47",
="058378","精金國票55購01","17,000","1","2,210","0.13","0.13","0.13","0.13"," ","0.00","0.13","25","0.14","10","6.47",
="05837U","臺股指國票53售10","121,000","12","213,550","1.84","1.84","1.71","1.77","-","0.18","1.76","499","1.77","499","0.00",
="05838U","T50正2中信63售01","52,000","2","66,620","1.31","1.31","1.28","1.28","-","0.08","1.27","499","1.28","100","0.00",
="05839U","台達電中信59售03","29,000","4","35,330","1.20","1.22","1.20","1.22","+","0.01","1.22","10","1.24","10","0.00",
="058404","長榮航元富4B購01","0","0","0","--","--","--","--"," ","0.00","0.44","25","0.45","25","38.85",
="05840U","華碩中信59售02","4,000","2","5,100","1.28","1.28","1.27","1.27","X","0.00","1.27","499","1.28","10","0.00",
="05841U","臺股指中信56售08","43,000","6","53,200","1.26","1.26","1.23","1.23","-","0.07","1.22","505","1.23","100","0.00",
="058424","金寶統一55購01","0","0","0","--","--","--","--"," ","0.00","0.11","10","0.12","10","19.60",
="058425","台積電統一4B購02","40,000","1","39,600","0.99","0.99","0.99","0.99","X","0.00","0.95","10","0.96","10","1,340.00",
="058426","鴻準統一53購01","0","0","0","--","--","--","--"," ","0.00","0.10","10","0.11","10","70.70",
="058427","鴻準統一57購01","0","0","0","--","--","--","--"," ","0.00","0.15","10","0.16","10","70.70",
="058428","長榮統一4B購03","34,000","2","3,400","0.10","0.10","0.10","0.10","-","0.01","0.10","10","0.11","10","182.00",
="058429","日電貿統一55購01","0","0","0","--","--","--","--"," ","0.00","0.58","10","0.59","10","74.80",
="05842U","國巨永豐54售01","6,000","2","4,110","0.68","0.69","0.68","0.69","X","0.00","0.70","10","0.71","10","0.00",
="058430","景碩統一4B購01","689,000","13","292,130","0.40","0.44","0.38","0.38","-","0.04","0.37","10","0.38","10","111.50",
="058431","新唐統一4B購01","0","0","0","--","--","--","--"," ","0.00","0.01","10","0.02","10","64.60",
="058433","元晶統一53購02","518,000","4","57,020","0.11","0.12","0.11","0.12"," ","0.00","0.10","10","0.11","10","15.30",
="058434","緯穎統一53購01","0","0","0","--","--","--","--"," ","0.00","0.68","10","0.69","10","3,140.00",
="058438","台積電永豐53購01","131,000","12","1,684,800","12.50","13.70","12.50","13.70","+","2.50","2.50","1","20.00","1","1,340.00",
="05843U","台積電永豐53售07","29,000","3","32,880","1.17","1.17","1.10","1.10","-","0.24","0.44","22","--","0","0.00",
="05844P","台積電統一4C售12","0","0","0","--","--","--","--"," ","0.00","0.13","10","0.14","10","0.00",
="05844U","金像電永豐54售01","0","0","0","--","--","--","--"," ","0.00","1.25","499","1.26","10","0.00",
="058451","世芯永豐4C購01","1,000","1","3,560","3.56","3.56","3.56","3.56","-","0.22","3.25","499","3.27","10","3,700.00",
="05845P","智邦統一4A售02","0","0","0","--","--","--","--"," ","0.00","--","0","0.39","22","0.00",
="05845U","滬深2X凱基56售04","0","0","0","--","--","--","--"," ","0.00","1.80","10","1.81","50","0.00",
="05846U","台光電凱基53售17","0","0","0","--","--","--","--"," ","0.00","0.79","100","0.80","10","0.00",
="05847U","昇陽半凱基53售05","119,000","2","108,890","0.94","0.94","0.91","0.91","X","0.00","0.99","10","1.00","10","0.00",
="05848U","台灣50元富53售11","310,000","2","608,500","2.11","2.11","1.92","1.92","-","0.40","1.93","25","1.94","25","0.00",
="058490","元債2X凱基51購01","0","0","0","--","--","--","--"," ","0.00","0.23","499","0.24","499","7.35",
="058491","元債2X凱基53購01","800,000","3","96,000","0.12","0.12","0.12","0.12","X","0.00","0.12","198","0.13","499","7.35",
="05849U","FBNQ2X元富53售04","15,000","1","12,750","0.85","0.85","0.85","0.85","X","0.00","0.84","25","0.85","25","0.00",
="05850U","鴻海元富53售12","8,000","1","12,480","1.56","1.56","1.56","1.56","X","0.00","1.53","25","1.54","25","0.00",
="058510","長榮航凱基4B購01","0","0","0","--","--","--","--"," ","0.00","0.06","100","0.16","10","38.85",
="058512","創意凱基4B購01","200,000","3","31,000","0.15","0.16","0.15","0.16","X","0.00","0.16","100","0.17","10","1,315.00",
="058513","世芯凱基4A購01","0","0","0","--","--","--","--"," ","0.00","1.50","100","1.53","10","3,700.00",
="05851U","富世達元富53售04","4,000","3","5,740","1.48","1.48","1.36","1.36","X","0.00","1.42","25","1.44","25","0.00",
="05852U","臺股指元富53售02","312,000","30","357,930","1.18","1.18","1.10","1.13","-","0.10","1.12","25","1.13","22","0.00",
="058537","技嘉元大4B購01","885,000","4","495,600","0.56","0.56","0.56","0.56","X","0.00","0.54","499","0.55","10","283.00",
="05853U","元黃金國票53售01","9,000","6","15,030","1.67","1.70","1.65","1.70","X","0.00","1.67","25","1.68","10","0.00",
="05854U","川湖國票54售03","71,000","4","84,450","1.19","1.22","1.18","1.22","+","0.01","1.21","25","1.22","10","0.00",
="058550","緯創元大4A購01","0","0","0","--","--","--","--"," ","0.00","0.02","499","0.12","10","122.50",
="05855U","精成科國票54售03","3,000","2","5,770","1.91","1.95","1.91","1.95","X","0.00","1.96","25","1.97","10","0.00",
="058564","元債2X群益4A購02","0","0","0","--","--","--","--"," ","0.00","0.08","25","0.09","10","7.35",
="058565","美債2X群益4B購03","0","0","0","--","--","--","--"," ","0.00","0.15","10","0.25","10","7.33",
="05856U","台灣50國泰54售01","60,000","3","55,800","0.95","0.95","0.91","0.91","X","0.00","0.90","499","0.91","100","0.00",
="058576","台積電群益4B購07","0","0","0","--","--","--","--"," ","0.00","--","0","--","0","1,340.00",
="058579","鴻準群益4B購01","0","0","0","--","--","--","--"," ","0.00","--","0","0.11","10","70.70",
="05857P","台積電凱基4B售01","0","0","0","--","--","--","--"," ","0.00","--","0","0.10","10","0.00",
="05857U","智邦國泰54售02","17,000","3","28,520","1.66","1.70","1.66","1.70","-","0.04","1.68","499","1.70","100","0.00",
="05858U","T50正2群益53售07","310,000","8","334,800","1.11","1.11","1.05","1.05","-","0.11","1.06","25","1.07","10","0.00",
="05859U","楠梓電群益53售03","30,000","1","41,400","1.38","1.38","1.38","1.38","+","0.19","0.79","12","--","0","0.00",
="058608","臺股指群益4B購01","0","0","0","--","--","--","--"," ","0.00","2.59","499","2.60","499","0.00",
="058609","臺股指群益4B購02","0","0","0","--","--","--","--"," ","0.00","1.51","499","1.52","499","0.00",
="05860U","台積電群益55售05","0","0","0","--","--","--","--"," ","0.00","0.50","2","1.23","10","0.00",
="058610","臺股指群益4B購03","0","0","0","--","--","--","--"," ","0.00","0.68","499","0.69","499","0.00",
="058611","臺股指群益4B購04","0","0","0","--","--","--","--"," ","0.00","0.32","499","0.33","499","0.00",
="05861U","萬海群益53售03","0","0","0","--","--","--","--"," ","0.00","0.84","10","0.94","10","0.00",
="058620","美時永豐4B購02","0","0","0","--","--","--","--"," ","0.00","0.02","10","0.03","10","192.00",
="058626","金寶統一4B購02","0","0","0","--","--","--","--"," ","0.00","0.01","10","0.02","10","19.60",
="058627","皇昌統一55購01","0","0","0","--","--","--","--"," ","0.00","0.37","10","0.38","10","72.70",
="058628","華航統一4B購01","10,000","1","100","0.01","0.01","0.01","0.01"," ","0.00","0.01","289","0.02","10","20.95",
="058629","長榮航統一4B購01","0","0","0","--","--","--","--"," ","0.00","0.07","10","0.08","10","38.85",
="05862U","世芯群益53售09","0","0","0","--","--","--","--"," ","0.00","--","0","--","0","0.00",
="058630","新日興統一4B購01","74,000","7","48,810","0.66","0.67","0.60","0.60","-","0.04","0.63","10","0.64","10","237.00",
="058631","迅得統一4B購01","2,000","1","200","0.10","0.10","0.10","0.10"," ","0.00","0.05","10","0.06","10","176.00",
="058634","美債2X凱基4A購03","0","0","0","--","--","--","--"," ","0.00","0.02","10","0.12","10","7.33",
="05863U","神達群益53售08","10,000","1","22,700","2.27","2.27","2.27","2.27","-","0.12","2.21","10","2.31","10","0.00",
="05864U","材料群益53售04","0","0","0","--","--","--","--"," ","0.00","1.80","10","1.90","10","0.00",
="05865U","臺股指群益59售09","6,000","2","4,070","0.68","0.68","0.67","0.67","-","0.04","0.66","499","0.67","499","0.00",
="058664","臺股指凱基4B購06","19,000","2","2,310","0.12","0.15","0.12","0.15","X","0.00","0.14","100","0.15","10","0.00",
="058665","臺股指凱基4B購07","0","0","0","--","--","--","--"," ","0.00","0.52","100","0.53","10","0.00",
="05866U","T50正2富邦57售01","0","0","0","--","--","--","--"," ","0.00","1.03","100","1.04","28","0.00",
="058671","鴻準元富4B購03","0","0","0","--","--","--","--"," ","0.00","0.01","25","0.10","10","70.70",
="058674","嘉澤元富4B購03","0","0","0","--","--","--","--"," ","0.00","0.30","25","0.31","25","1,605.00",
="058675","緯穎元富53購01","0","0","0","--","--","--","--"," ","0.00","1.39","25","1.40","25","3,140.00",
="058678","振樺電元富4B購01","0","0","0","--","--","--","--"," ","0.00","0.06","25","0.10","160","229.50",
="058679","億豐元富4B購01","27,000","1","36,720","1.36","1.36","1.36","1.36","X","0.00","1.19","25","1.24","10","442.00",
="05867U","臺股指富邦53售14","10,000","1","11,200","1.12","1.12","1.12","1.12","-","0.11","1.09","499","1.10","100","0.00",
="05868U","臺股指富邦53售15","2,487,000","38","3,283,720","1.37","1.37","1.28","1.31","-","0.13","1.30","499","1.31","100","0.00",
="05869U","台灣50元大54售08","0","0","0","--","--","--","--"," ","0.00","0.95","499","0.96","10","0.00",
="05870U","台灣50元大55售04","700,000","5","658,000","0.97","0.97","0.91","0.94","X","0.00","0.91","100","0.92","10","0.00",
="058717","元債2X群益4A購03","0","0","0","--","--","--","--"," ","0.00","0.07","25","0.08","10","7.35",
="058718","元債2X群益4B購04","0","0","0","--","--","--","--"," ","0.00","0.11","25","0.12","10","7.35",
="058719","元債2X群益4B購05","0","0","0","--","--","--","--"," ","0.00","0.05","25","0.06","10","7.35",
="05871U","T50正2元大53售09","20,000","2","21,900","1.10","1.10","1.09","1.09","X","0.00","1.04","499","1.05","10","0.00",
="058723","華城群益4A購01","0","0","0","--","--","--","--"," ","0.00","0.39","499","0.49","10","586.00",
="05872U","國企2X元大53售03","0","0","0","--","--","--","--"," ","0.00","2.02","499","2.03","100","0.00",
="05873U","國企2X元大54售02","0","0","0","--","--","--","--"," ","0.00","1.61","499","1.62","100","0.00",
="05874U","台達電元大54售18","200,000","1","164,000","0.82","0.82","0.82","0.82","X","0.00","0.82","499","0.83","10","0.00",
="05875U","台達電元大54售19","883,000","18","1,119,720","1.24","1.31","1.24","1.29","+","0.02","1.29","25","1.30","10","0.00",
="05876U","金像電元大54售13","0","0","0","--","--","--","--"," ","0.00","1.27","499","1.28","200","0.00",
="058772","技嘉元大4B購02","50,000","4","143,400","2.85","2.91","2.79","2.79","-","0.07","2.76","300","2.82","10","283.00",
="058778","聯發科元大4A購01","0","0","0","--","--","--","--"," ","0.00","0.04","499","0.06","10","1,375.00",
="05877U","華邦電中信53售05","6,328,000","104","3,863,060","0.64","0.66","0.57","0.58","-","0.16","0.57","10","0.58","10","0.00",
="058783","陽明元大4B購01","0","0","0","--","--","--","--"," ","0.00","--","0","0.10","10","55.20",
="058785","大立光元大4A購01","0","0","0","--","--","--","--"," ","0.00","0.51","499","0.53","10","2,360.00",
="058787","緯創元大4A購02","5,000","1","4,650","0.93","0.93","0.93","0.93","X","0.00","0.88","499","0.93","10","122.50",
="05878U","南亞科中信53售03","256,000","11","197,590","0.70","0.80","0.70","0.73"," ","0.00","0.72","10","0.82","10","0.00",
="05879U","力成中信53售01","0","0","0","--","--","--","--"," ","0.00","0.79","499","0.81","10","0.00",
="058809","台灣50兆豐4B購01","9,000","9","13,420","1.40","1.58","1.40","1.58","+","0.22","1.61","10","1.63","10","58.45",
="05880P","臺股指元大4C售02","20,000","1","1,600","0.08","0.08","0.08","0.08","-","0.01","0.07","100","0.17","10","0.00",
="05880U","國企2X凱基54售02","0","0","0","--","--","--","--"," ","0.00","1.83","10","1.84","50","0.00",
="058815","美時永豐4B購03","0","0","0","--","--","--","--"," ","0.00","0.01","10","0.03","10","192.00",
="05881U","道瓊銀凱基54售03","0","0","0","--","--","--","--"," ","0.00","0.77","10","0.78","50","0.00",
="05882U","川湖凱基54售05","22,000","4","21,810","1.00","1.01","0.98","1.01","+","0.14","1.00","100","1.01","9","0.00",
="058834","中興電統一4B購02","65,000","4","11,100","0.17","0.18","0.17","0.18","-","0.02","0.17","15","0.18","10","159.00",
="058835","皇昌統一53購02","0","0","0","--","--","--","--"," ","0.00","0.27","10","0.28","10","72.70",
="058836","智原統一4B購04","513,000","33","21,070","0.03","0.05","0.03","0.03","+","0.01","0.03","288","0.04","795","174.00",
="058837","貿聯統一4C購02","0","0","0","--","--","--","--"," ","0.00","1.98","10","2.08","10","1,085.00",
="058838","迅得統一55購01","0","0","0","--","--","--","--"," ","0.00","0.20","10","0.21","10","176.00",
="05883U","台達電凱基54售06","1,000","1","860","0.86","0.86","0.86","0.86","X","0.00","0.86","100","0.96","10","0.00",
="058841","元日2X凱基53購01","0","0","0","--","--","--","--"," ","0.00","0.12","100","0.13","50","5.87",
="05884U","神達凱基53售07","10,000","1","9,200","0.92","0.92","0.92","0.92","X","0.00","0.94","100","0.95","30","0.00",
="058852","台積電凱基53購01","0","0","0","--","--","--","--"," ","0.00","1.07","100","1.08","10","1,340.00",
="058857","長榮航凱基4A購01","0","0","0","--","--","--","--"," ","0.00","0.01","100","0.11","10","38.85",
="05885U","臺股指凱基53售23","1,534,000","16","2,188,920","1.48","1.48","1.38","1.42","X","0.00","1.40","100","1.41","10","0.00",
="058866","世芯凱基4B購01","0","0","0","--","--","--","--"," ","0.00","2.84","100","2.92","10","3,700.00",
="05886U","臺股指凱基59售08","100,000","1","96,000","0.96","0.96","0.96","0.96","-","0.03","0.92","100","0.93","10","0.00",
="058874","T50正2元大4B購01","0","0","0","--","--","--","--"," ","0.00","1.58","100","1.68","10","302.45",
="058875","T50正2元大4C購01","0","0","0","--","--","--","--"," ","0.00","1.77","499","1.87","10","302.45",
="05887U","鈺邦統一54售01","0","0","0","--","--","--","--"," ","0.00","0.57","10","0.58","10","0.00",
="05888U","台灣50元富53售13","113,000","5","299,000","2.71","2.71","2.48","2.48","-","0.47","2.50","25","2.51","25","0.00",
="05889U","FBNQ2X元富53售05","0","0","0","--","--","--","--"," ","0.00","0.99","25","1.00","25","0.00",
="058900","陽明元大4B購02","0","0","0","--","--","--","--"," ","0.00","--","0","0.10","10","55.20",
="058905","欣興元大4B購01","345,000","12","265,270","0.75","0.78","0.69","0.69","-","0.01","0.69","499","0.70","10","159.00",
="058907","創意元大4A購01","0","0","0","--","--","--","--"," ","0.00","0.24","25","0.25","10","1,315.00",
="05890U","國巨元富53售05","355,000","17","282,510","0.79","0.82","0.76","0.82","-","0.01","0.81","25","0.82","25","0.00",
="058919","美債2X群益4A購05","0","0","0","--","--","--","--"," ","0.00","0.02","10","0.12","10","7.33",
="05891U","南亞科元富53售08","773,000","46","594,320","0.72","0.79","0.72","0.72","-","0.02","0.71","6","0.75","65","0.00",
="058920","元日2X群益53購01","0","0","0","--","--","--","--"," ","0.00","0.72","10","0.82","10","5.87",
="058923","華城群益4A購02","0","0","0","--","--","--","--"," ","0.00","--","0","0.61","10","586.00",
="05892U","南亞科永豐53售02","134,000","11","151,600","1.13","1.15","1.07","1.07","-","0.01","0.93","115","1.14","6","0.00",
="05893U","金像電國票54售02","0","0","0","--","--","--","--"," ","0.00","1.20","25","1.21","10","0.00",
="05894U","貿聯國票54售01","12,000","3","12,010","1.00","1.01","0.98","1.01","X","0.00","1.00","25","1.01","10","0.00",
="05895U","天虹國票53售02","0","0","0","--","--","--","--"," ","0.00","1.37","25","1.38","10","0.00",
="058961","亞力元富4B購01","0","0","0","--","--","--","--"," ","0.00","0.27","25","0.37","25","102.50",
="058964","長榮元富4B購04","0","0","0","--","--","--","--"," ","0.00","0.02","25","0.10","10","182.00",
="058966","世芯元富52購01","0","0","0","--","--","--","--"," ","0.00","3.94","25","4.04","25","3,700.00",
="058967","中租元富4B購01","0","0","0","--","--","--","--"," ","0.00","0.35","25","0.36","25","118.00",
="058968","南電元富4B購01","0","0","0","--","--","--","--"," ","0.00","8.20","25","--","0","234.50",
="058969","寶成元富4B購01","0","0","0","--","--","--","--"," ","0.00","0.01","25","0.10","10","28.90",
="05896U","華城群益53售04","0","0","0","--","--","--","--"," ","0.00","2.00","10","2.10","10","0.00",
="058970","元日2X國票51購01","0","0","0","--","--","--","--"," ","0.00","0.13","25","0.14","10","5.87",
="058971","元日2X國票55購01","0","0","0","--","--","--","--"," ","0.00","0.15","25","0.16","10","5.87",
="05897U","川湖群益57售04","0","0","0","--","--","--","--"," ","0.00","2.12","10","2.22","10","0.00",
="05898U","國巨群益53售07","0","0","0","--","--","--","--"," ","0.00","0.62","100","0.63","100","0.00",
="05899U","智邦群益53售08","0","0","0","--","--","--","--"," ","0.00","--","0","--","0","0.00",
="05900U","台光電群益55售02","0","0","0","--","--","--","--"," ","0.00","--","0","--","0","0.00",
="059016","臺股指富邦52購01","2,000","1","1,660","0.83","0.83","0.83","0.83","X","0.00","0.85","499","0.86","100","0.00",
="05901U","精成科群益58售02","0","0","0","--","--","--","--"," ","0.00","--","0","--","0","0.00",
="05902U","富世達群益53售05","1,000","1","2,070","2.07","2.07","2.07","2.07","-","0.11","1.37","5","--","0","0.00",
="059038","世芯永豐55購01","0","0","0","--","--","--","--"," ","0.00","3.82","10","3.86","10","3,700.00",
="059039","世芯永豐5B購01","22,000","3","126,500","5.75","5.75","5.75","5.75","-","0.05","5.50","10","5.55","10","3,700.00",
="05903U","臺股指群益56售03","0","0","0","--","--","--","--"," ","0.00","1.02","499","1.03","499","0.00",
="059046","友訊統一4B購01","0","0","0","--","--","--","--"," ","0.00","0.02","10","0.03","10","17.80",
="059047","矽統統一4B購01","160,000","2","12,800","0.08","0.08","0.08","0.08","-","0.01","0.07","10","0.08","10","58.60",
="059048","長榮統一4A購03","0","0","0","--","--","--","--"," ","0.00","--","0","--","0","182.00",
="059049","長榮統一4B購04","0","0","0","--","--","--","--"," ","0.00","0.08","10","0.09","10","182.00",
="05904U","臺股指群益56售04","6,000","2","4,170","0.70","0.70","0.69","0.69","-","0.04","0.66","499","0.67","499","0.00",
="059050","長榮統一4B購05","10,000","1","100","0.01","0.01","0.01","0.01"," ","0.00","0.01","189","0.02","90","182.00",
="059051","長榮統一4B購06","0","0","0","--","--","--","--"," ","0.00","0.04","10","0.05","10","182.00",
="059052","長榮統一4B購07","0","0","0","--","--","--","--"," ","0.00","0.01","10","0.02","10","182.00",
="059053","陽明統一4B購04","0","0","0","--","--","--","--"," ","0.00","0.06","10","0.07","10","55.20",
="059054","陽明統一4B購05","0","0","0","--","--","--","--"," ","0.00","0.02","10","0.03","10","55.20",
="059055","全漢統一53購01","0","0","0","--","--","--","--"," ","0.00","0.18","10","0.19","10","54.80",
="059056","全漢統一55購01","0","0","0","--","--","--","--"," ","0.00","0.17","10","0.18","10","54.80",
="059057","康舒統一53購01","0","0","0","--","--","--","--"," ","0.00","0.33","10","0.34","10","30.10",
="059058","元黃金國票4B購01","0","0","0","--","--","--","--"," ","0.00","2.67","25","2.76","1","40.68",
="05905P","台積電凱基4A售12","0","0","0","--","--","--","--"," ","0.00","--","0","0.10","10","0.00",
="05905U","台光電元大54售20","0","0","0","--","--","--","--"," ","0.00","1.71","400","1.72","200","0.00",
="05906P","台積電凱基4A售13","0","0","0","--","--","--","--"," ","0.00","--","0","0.10","10","0.00",
="05906U","精成科元大54售14","23,000","1","20,700","0.90","0.90","0.90","0.90","X","0.00","0.89","499","0.90","200","0.00",
="05907U","台達電統一55售02","0","0","0","--","--","--","--"," ","0.00","0.50","10","0.51","10","0.00",
="059080","華城元富4B購01","40,000","1","26,400","0.66","0.66","0.66","0.66","X","0.00","0.67","25","0.68","25","586.00",
="059081","友訊元富4B購01","0","0","0","--","--","--","--"," ","0.00","0.07","25","0.10","10","17.80",
="059089","全漢元富4B購01","0","0","0","--","--","--","--"," ","0.00","0.13","25","0.14","25","54.80",
="05908U","鴻海統一55售03","0","0","0","--","--","--","--"," ","0.00","0.57","10","0.58","10","0.00",
="059094","嘉澤元富4B購04","0","0","0","--","--","--","--"," ","0.00","0.13","25","0.14","25","1,605.00",
="059095","嘉澤元富4B購05","100,000","1","7,000","0.07","0.07","0.07","0.07","X","0.00","0.08","25","0.10","10","1,605.00",
="05909P","臺股指凱基4C售01","0","0","0","--","--","--","--"," ","0.00","0.05","100","0.06","10","0.00",
="05909U","台積電統一55售02","1,000","1","490","0.49","0.49","0.49","0.49","X","0.00","0.48","10","0.49","10","0.00",
="059104","T50正2凱基4C購01","0","0","0","--","--","--","--"," ","0.00","--","0","5.50","6","302.45",
="05910U","華邦電統一53售04","846,000","36","388,680","0.48","0.49","0.43","0.45","-","0.08","0.44","10","0.45","10","0.00",
="059113","台積電凱基5B購01","158,000","9","494,110","3.02","3.14","3.02","3.14","X","0.00","3.09","100","3.19","10","1,340.00",
="05911U","南亞科統一53售03","154,000","10","94,980","0.60","0.65","0.56","0.65","+","0.04","0.59","10","0.60","10","0.00",
="059125","欣興凱基4B購01","366,000","8","128,880","0.34","0.38","0.34","0.34","+","0.03","0.31","100","0.41","10","159.00",
="05912U","南亞科統一55售02","6,000","4","2,280","0.37","0.39","0.37","0.38","+","0.01","0.37","21","0.38","10","0.00",
="059138","國企2X群益4B購01","0","0","0","--","--","--","--"," ","0.00","1.43","10","1.53","10","11.65",
="059139","元日2X群益53購02","0","0","0","--","--","--","--"," ","0.00","0.72","10","0.82","10","5.87",
="05913U","聯發科統一55售03","11,000","1","7,920","0.72","0.72","0.72","0.72","X","0.00","0.73","10","0.74","10","0.00",
="059148","陽明群益4B購01","0","0","0","--","--","--","--"," ","0.00","--","0","0.10","20","55.20",
="05914U","FBNQ2X元富53售06","12,000","1","15,000","1.25","1.25","1.25","1.25","-","0.03","1.24","25","1.25","25","0.00",
="05915U","台積電元富53售14","0","0","0","--","--","--","--"," ","0.00","--","0","--","0","0.00",
="059166","美時元大4A購01","0","0","0","--","--","--","--"," ","0.00","--","0","0.10","10","192.00",
="05916U","台積電元富53售15","0","0","0","--","--","--","--"," ","0.00","0.10","25","--","0","0.00",
="05917U","台積電元富53售16","45,000","8","55,510","1.27","1.27","1.19","1.21","-","0.18","1.14","3","--","0","0.00",
="059188","凱基金元大4B購01","0","0","0","--","--","--","--"," ","0.00","0.17","499","0.18","10","15.00",
="05918U","南亞科元富53售10","26,000","6","23,570","0.84","0.93","0.84","0.84","-","0.02","0.83","1","--","0","0.00",
="059197","祥碩元大4B購01","0","0","0","--","--","--","--"," ","0.00","0.10","499","0.11","10","1,525.00",
="05919U","力成元富53售02","2,000","1","3,720","1.86","1.86","1.86","1.86","-","0.01","1.88","25","1.90","25","0.00",
="059200","緯穎元大4A購01","0","0","0","--","--","--","--"," ","0.00","8.25","100","--","0","3,140.00",
="05920U","臺股指元富53售03","0","0","0","--","--","--","--"," ","0.00","0.71","25","0.72","25","0.00",
="059213","鴻海富邦49購02","1,000","1","740","0.74","0.74","0.74","0.74","+","0.05","0.76","30","0.81","10","0.00",
="059216","萬海富邦4B購01","0","0","0","--","--","--","--"," ","0.00","0.01","100","0.03","28","0.00",
="05921U","FBNQ2X凱基53售02","2,000","2","2,800","1.40","1.40","1.40","1.40","-","0.06","1.39","10","1.40","50","0.00",
="059222","可成元富4B購01","155,000","4","60,710","0.39","0.40","0.39","0.40"," ","0.00","0.38","25","0.39","25","189.00",
="05922U","華城凱基53售04","1,000","1","1,140","1.14","1.14","1.14","1.14","X","0.00","1.13","10","1.23","10","0.00",
="059239","金像電兆豐4B購01","0","0","0","--","--","--","--"," ","0.00","10.20","10","--","0","455.00",
="05923U","金像電凱基53售11","0","0","0","--","--","--","--"," ","0.00","1.00","100","1.10","10","0.00",
="059240","深中小凱基4B購01","60,000","1","43,800","0.73","0.73","0.73","0.73","-","0.01","0.66","10","0.67","50","15.68",
="059244","川湖凱基4A購01","0","0","0","--","--","--","--"," ","0.00","9.20","100","9.70","10","3,220.00",
="059245","鴻海凱基58購01","6,000","4","15,900","2.64","2.68","2.64","2.64","X","0.00","2.66","499","2.67","499","221.00",
="059247","台積電凱基53購02","0","0","0","--","--","--","--"," ","0.00","1.77","100","1.87","10","1,340.00",
="05924U","南亞科凱基53售07","63,000","11","50,790","0.80","0.84","0.79","0.79","-","0.02","0.79","10","0.89","10","0.00",
="059254","長榮航凱基4B購02","104,000","5","102,680","0.95","1.00","0.95","0.99","+","0.02","0.98","100","1.01","1","38.85",
="05925U","南亞科凱基53售08","40,000","5","30,800","0.76","0.78","0.76","0.77"," ","0.00","0.76","10","0.86","10","0.00",
="059263","臺股指凱基49購11","0","0","0","--","--","--","--"," ","0.00","2.72","100","--","0","0.00",
="059264","臺股指凱基49購12","0","0","0","--","--","--","--"," ","0.00","2.62","100","--","0","0.00",
="059265","臺股指凱基49購13","0","0","0","--","--","--","--"," ","0.00","1.77","100","--","0","0.00",
="05926U","天虹凱基53售02","0","0","0","--","--","--","--"," ","0.00","1.02","10","1.03","30","0.00",
="05927U","臺股指凱基56售16","30,000","3","31,800","1.06","1.06","1.06","1.06","-","0.07","1.02","100","1.03","10","0.00",
="059289","台光電統一4B購01","0","0","0","--","--","--","--"," ","0.00","5.60","10","5.65","10","1,345.00",
="05928U","FBNQ2X永豐53售01","0","0","0","--","--","--","--"," ","0.00","1.26","499","1.27","10","0.00",
="059290","陽明統一4B購06","0","0","0","--","--","--","--"," ","0.00","0.01","10","0.02","10","55.20",
="059299","台灣50群益4B購01","0","0","0","--","--","--","--"," ","0.00","1.81","25","1.82","10","58.45",
="05929P","金像電群益4C售01","0","0","0","--","--","--","--"," ","0.00","--","0","0.01","1","0.00",
="05929U","台積電永豐56售06","285,000","19","209,920","0.79","0.79","0.71","0.72","-","0.09","0.70","35","--","0","0.00",
="059302","元債2X群益4B購06","0","0","0","--","--","--","--"," ","0.00","0.20","25","0.21","10","7.35",
="05930U","南亞科永豐53售03","5,000","1","8,450","1.69","1.69","1.69","1.69","-","0.01","1.01","9","1.84","3","0.00",
="059319","全新群益49購01","0","0","0","--","--","--","--"," ","0.00","--","0","--","0","160.00",
="05931P","SGBR2X元富4C售02","0","0","0","--","--","--","--"," ","0.00","2.34","25","2.35","25","0.00",
="05931U","宏達電永豐56售03","0","0","0","--","--","--","--"," ","0.00","2.23","499","2.24","10","0.00",
="059324","欣興群益4B購01","791,000","16","463,130","0.65","0.65","0.56","0.56","+","0.03","0.54","100","0.55","100","159.00",
="059326","創意群益4B購01","110,000","2","11,000","0.10","0.10","0.10","0.10","+","0.02","0.01","30","--","0","1,315.00",
="05932U","華邦電元大54售06","246,000","22","454,570","1.83","1.94","1.76","1.79","-","0.27","1.77","350","1.79","200","0.00",
="059337","元日2X元大49購01","360,000","3","7,210","0.03","0.03","0.02","0.02","X","0.00","0.01","112","0.07","101","5.87",
="059338","元日2X元大4A購01","20,000","1","1,000","0.05","0.05","0.05","0.05","X","0.00","0.05","100","0.06","100","5.87",
="059339","元日2X元大4B購01","299,000","1","20,930","0.07","0.07","0.07","0.07","X","0.00","0.06","100","0.07","100","5.87",
="05933U","南亞科元大54售12","146,000","18","169,010","1.18","1.19","1.12","1.13","-","0.01","1.13","10","1.40","5","0.00",
="05934U","臻鼎元大54售15","0","0","0","--","--","--","--"," ","0.00","1.62","499","1.63","200","0.00",
="05935U","臺股指元大53售28","1,000","1","1,090","1.09","1.09","1.09","1.09","X","0.00","1.09","499","1.10","10","0.00",
="059369","欣興元大4B購02","424,000","18","170,440","0.39","0.44","0.37","0.37"," ","0.00","0.36","499","0.37","10","159.00",
="05936U","臺股指元大54售21","7,000","2","8,920","1.28","1.28","1.26","1.26","X","0.00","1.23","499","1.24","10","0.00",
="059374","祥碩元大4B購02","0","0","0","--","--","--","--"," ","0.00","0.04","499","0.14","10","1,525.00",
="059378","緯穎元大4A購02","0","0","0","--","--","--","--"," ","0.00","1.61","450","1.65","10","3,140.00",
="05937U","臺股指元大54售22","216,000","20","220,870","1.04","1.06","0.99","1.01","-","0.09","1.01","100","1.02","10","0.00",
="05938U","臺股指元大55售17","80,000","9","115,720","1.48","1.48","1.42","1.43","-","0.12","1.43","100","1.44","10","0.00",
="059396","中華統一4B購01","678,000","2","20,340","0.03","0.03","0.03","0.03","X","0.00","0.03","10","0.04","10","63.40",
="059397","宇隆統一53購01","48,000","1","24,960","0.52","0.52","0.52","0.52","-","0.06","0.51","10","0.52","10","217.00",
="059398","金像電統一4B購01","8,000","1","31,840","3.98","3.98","3.98","3.98","X","0.00","3.88","10","3.89","10","455.00",
="059399","台光電統一4A購02","0","0","0","--","--","--","--"," ","0.00","7.85","10","7.90","10","1,345.00",
="05939U","臺股指元大56售16","59,000","7","71,300","1.23","1.24","1.19","1.20","-","0.09","1.20","100","1.21","10","0.00",
="059400","台光電統一4B購02","0","0","0","--","--","--","--"," ","0.00","4.86","10","4.92","10","1,345.00",
="059401","正崴統一55購02","0","0","0","--","--","--","--"," ","0.00","--","0","--","0","48.80",
="059402","鉅祥統一53購01","426,000","8","288,170","0.68","0.68","0.65","0.65","-","0.07","0.65","10","0.66","10","108.50",
="059403","全漢統一53購02","0","0","0","--","--","--","--"," ","0.00","0.21","10","0.22","10","54.80",
="059404","碩天統一4A購01","0","0","0","--","--","--","--"," ","0.00","--","0","--","0","217.00",
="059405","貿聯統一4B購03","0","0","0","--","--","--","--"," ","0.00","1.62","10","1.66","10","1,085.00",
="059406","貿聯統一53購01","11,000","1","17,820","1.62","1.62","1.62","1.62","X","0.00","1.48","10","1.51","10","1,085.00",
="059407","永崴控統一55購01","0","0","0","--","--","--","--"," ","0.00","0.05","10","0.10","14","34.30",
="05940U","台達電國票53售06","5,000","1","9,000","1.80","1.80","1.80","1.80","X","0.00","1.78","25","1.79","10","0.00",
="059416","台積電群益4B購08","0","0","0","--","--","--","--"," ","0.00","--","0","--","0","1,340.00",
="059417","台積電群益4B購09","0","0","0","--","--","--","--"," ","0.00","--","0","--","0","1,340.00",
="05941U","華邦電國票54售06","0","0","0","--","--","--","--"," ","0.00","0.59","25","0.60","10","0.00",
="059422","萬海群益4A購04","0","0","0","--","--","--","--"," ","0.00","0.01","499","--","0","77.90",
="059426","偉訓群益4B購01","0","0","0","--","--","--","--"," ","0.00","--","0","1.41","10","97.50",
="05942U","南亞科國票54售05","61,000","3","83,160","1.36","1.39","1.35","1.35","+","0.05","1.23","25","1.26","10","0.00",
="059433","保瑞群益49購01","0","0","0","--","--","--","--"," ","0.00","--","0","--","0","693.00",
="059436","元債2X富邦4B購02","0","0","0","--","--","--","--"," ","0.00","0.61","100","0.62","100","0.00",
="05943U","南亞科國票54售06","1,000","1","1,360","1.36","1.36","1.36","1.36","+","0.12","1.26","25","1.28","10","0.00",
="059449","緯穎富邦4B購01","0","0","0","--","--","--","--"," ","0.00","1.69","30","1.74","10","0.00",
="05944U","南亞科國票54售07","27,000","3","34,920","1.30","1.30","1.28","1.28","+","0.05","1.22","25","1.24","10","0.00",
="059451","美費半元富4B購01","0","0","0","--","--","--","--"," ","0.00","2.65","25","2.75","25","49.19",
="059452","士電元富4B購01","5,000","1","1,900","0.38","0.38","0.38","0.38","-","0.01","0.37","25","0.38","25","183.00",
="059458","宇隆元富4B購01","0","0","0","--","--","--","--"," ","0.00","0.32","25","0.33","25","217.00",
="05945U","達興國票53售03","0","0","0","--","--","--","--"," ","0.00","1.68","25","1.69","10","0.00",
="059462","長榮元富4B購05","0","0","0","--","--","--","--"," ","0.00","0.09","25","0.10","25","182.00",
="059464","景碩元富4B購01","371,000","3","592,190","1.63","1.69","1.45","1.45","X","0.00","1.38","25","1.45","10","111.50",
="059466","緯穎元富4A購02","3,000","1","5,220","1.74","1.74","1.74","1.74","-","0.05","1.68","25","1.71","25","3,140.00",
="05946U","達興國票54售03","0","0","0","--","--","--","--"," ","0.00","1.72","25","1.73","10","0.00",
="05947U","仁寶群益53售03","0","0","0","--","--","--","--"," ","0.00","0.11","10","1.22","10","0.00",
="05948U","金像電群益59售01","0","0","0","--","--","--","--"," ","0.00","0.76","10","0.86","10","0.00",
="05949U","南亞科群益53售09","0","0","0","--","--","--","--"," ","0.00","0.66","9","--","0","0.00",
="05950U","聯發科群益53售06","10,000","2","26,400","2.64","2.64","2.64","2.64","+","0.13","1.41","10","--","0","0.00",
="059515","台灣50凱基49購02","0","0","0","--","--","--","--"," ","0.00","3.25","100","--","0","58.45",
="059516","道瓊反凱基4B購01","10,000","1","400","0.04","0.04","0.04","0.04","X","0.00","0.04","90","--","0","5.81",
="059517","元日2X凱基4A購03","0","0","0","--","--","--","--"," ","0.00","0.06","100","0.07","50","5.87",
="05951U","漢翔群益53售07","0","0","0","--","--","--","--"," ","0.00","1.28","10","1.38","10","0.00",
="059523","鴻海凱基55購01","0","0","0","--","--","--","--"," ","0.00","0.60","499","0.61","499","221.00",
="059524","台積電凱基53購03","0","0","0","--","--","--","--"," ","0.00","3.04","100","3.14","10","1,340.00",
="059525","台積電凱基53購04","0","0","0","--","--","--","--"," ","0.00","2.14","100","2.24","10","1,340.00",
="05952U","至上群益53售02","15,000","1","24,450","1.63","1.63","1.63","1.63","+","0.10","1.65","10","1.75","10","0.00",
="05953U","臺股指群益53售18","15,000","1","10,350","0.69","0.69","0.69","0.69","X","0.00","0.67","499","0.68","499","0.00",
="059546","元債2X元大49購03","0","0","0","--","--","--","--"," ","0.00","--","0","0.10","10","7.35",
="059548","美債2X元大4B購02","0","0","0","--","--","--","--"," ","0.00","0.26","499","0.27","50","7.33",
="05954U","臺股指群益53售19","0","0","0","--","--","--","--"," ","0.00","0.56","499","0.57","499","0.00",
="05955U","臺股指群益53售20","0","0","0","--","--","--","--"," ","0.00","0.56","499","0.66","10","0.00",
="059565","漢唐元大4B購01","0","0","0","--","--","--","--"," ","0.00","19.40","50","--","0","987.00",
="05956U","臺股指群益53售21","0","0","0","--","--","--","--"," ","0.00","0.64","499","0.74","10","0.00",
="059578","欣興元大4B購03","1,183,000","16","248,360","0.23","0.23","0.19","0.19","+","0.01","0.18","499","0.19","20","159.00",
="05957U","臺股指群益53售22","0","0","0","--","--","--","--"," ","0.00","0.86","499","0.87","499","0.00",
="05958U","臺股指群益53售23","0","0","0","--","--","--","--"," ","0.00","0.66","499","0.67","499","0.00",
="059592","臺股指元大4B購01","27,000","3","15,550","0.56","0.63","0.56","0.60","X","0.00","0.59","499","0.69","10","0.00",
="059593","臺股指元大4B購02","0","0","0","--","--","--","--"," ","0.00","0.79","100","0.89","10","0.00",
="059594","臺股指元大4B購03","0","0","0","--","--","--","--"," ","0.00","1.76","499","1.86","10","0.00",
="059599","宇隆統一4B購01","0","0","0","--","--","--","--"," ","0.00","0.36","10","0.37","10","217.00",
="05959U","臺股指群益53售24","0","0","0","--","--","--","--"," ","0.00","0.78","499","0.79","499","0.00",
="059600","台積電統一5B購02","392,000","16","305,020","0.76","0.79","0.76","0.78","+","0.04","0.77","10","0.78","8","1,340.00",
="059601","大同統一4B購01","0","0","0","--","--","--","--"," ","0.00","0.05","10","0.06","10","39.85",
="059602","正崴統一4A購01","0","0","0","--","--","--","--"," ","0.00","--","0","--","0","48.80",
="059603","一詮統一4B購01","0","0","0","--","--","--","--"," ","0.00","0.03","10","0.04","10","82.30",
="059604","神基統一4B購01","0","0","0","--","--","--","--"," ","0.00","1.67","10","1.70","10","163.50",
="059605","華擎統一49購01","0","0","0","--","--","--","--"," ","0.00","0.14","10","0.24","10","278.00",
="059606","碩天統一53購01","0","0","0","--","--","--","--"," ","0.00","0.07","10","0.10","10","217.00",
="059607","振樺電統一4B購01","0","0","0","--","--","--","--"," ","0.00","0.03","10","0.04","10","229.50",
="059608","振樺電統一53購01","0","0","0","--","--","--","--"," ","0.00","0.30","10","0.31","10","229.50",
="059609","振樺電統一55購01","0","0","0","--","--","--","--"," ","0.00","0.22","10","0.23","10","229.50",
="05960U","臺股指群益53售25","0","0","0","--","--","--","--"," ","0.00","0.77","499","0.78","499","0.00",
="059610","世紀鋼統一4B購02","8,000","1","1,680","0.21","0.21","0.21","0.21","X","0.00","0.18","10","0.19","10","171.50",
="059618","一詮元富4B購01","0","0","0","--","--","--","--"," ","0.00","--","0","0.10","10","82.30",
="05961U","臺股指群益53售26","116,000","6","81,790","0.73","0.73","0.69","0.70","-","0.08","0.70","499","0.71","499","0.00",
="059621","碩天元富4B購01","0","0","0","--","--","--","--"," ","0.00","0.02","25","0.10","10","217.00",
="059622","世芯元富55購01","0","0","0","--","--","--","--"," ","0.00","2.55","25","2.60","25","3,700.00",
="059623","世芯元富5B購01","0","0","0","--","--","--","--"," ","0.00","3.90","25","3.95","25","3,700.00",
="05962P","金寶群益4C售01","20,000","2","53,300","2.65","2.68","2.65","2.68","-","0.02","2.67","25","2.73","10","0.00",
="05962U","臺股指群益5B售04","0","0","0","--","--","--","--"," ","0.00","1.21","499","1.22","499","0.00",
="05963U","臺股指群益5B售05","1,000","1","1,470","1.47","1.47","1.47","1.47","X","0.00","1.49","499","1.50","499","0.00",
="059646","台積電永豐4B購01","110,000","4","88,000","0.80","0.80","0.80","0.80","+","0.23","0.11","90","--","0","1,340.00",
="059647","台積電永豐4B購02","265,000","2","377,000","1.42","1.52","1.42","1.52","+","0.43","0.19","52","--","0","1,340.00",
="05964U","電子類群益53售02","0","0","0","--","--","--","--"," ","0.00","0.87","499","0.88","499","0.00",
="05965U","電子類群益53售03","7,000","4","9,290","1.36","1.36","1.26","1.31","-","0.15","1.28","499","1.29","499","0.00",
="059668","元債2X凱基49購03","80,000","1","1,600","0.02","0.02","0.02","0.02","X","0.00","0.02","499","--","0","7.35",
="05966U","台灣50中信59售01","0","0","0","--","--","--","--"," ","0.00","1.52","499","1.53","100","0.00",
="05967U","國巨中信59售03","0","0","0","--","--","--","--"," ","0.00","0.70","499","0.71","10","0.00",
="059688","創意凱基4B購02","0","0","0","--","--","--","--"," ","0.00","0.18","100","0.19","30","1,315.00",
="05968U","華邦電中信53售07","194,000","9","164,860","0.87","0.90","0.82","0.82","-","0.19","0.80","10","0.81","10","0.00",
="059695","臺股指凱基4B購09","1,000","1","1,080","1.08","1.08","1.08","1.08","X","0.00","1.10","100","1.11","10","0.00",
="05969U","臺股指中信59售01","0","0","0","--","--","--","--"," ","0.00","1.20","499","1.21","100","0.00",
="059704","聯發科富邦49購02","0","0","0","--","--","--","--"," ","0.00","--","0","0.03","10","0.00",
="059706","緯創富邦4B購02","0","0","0","--","--","--","--"," ","0.00","0.14","30","0.15","10","0.00",
="059707","台灣50群益4B購02","0","0","0","--","--","--","--"," ","0.00","1.69","25","1.70","10","58.45",
="059708","元日2X群益53購03","0","0","0","--","--","--","--"," ","0.00","0.72","10","0.82","10","5.87",
="05970U","台灣50凱基55售06","0","0","0","--","--","--","--"," ","0.00","0.61","100","0.62","10","0.00",
="05971U","光寶科凱基55售02","42,000","3","73,500","1.72","1.77","1.68","1.68","X","0.00","1.70","100","1.71","10","0.00",
="059723","大立光群益49購01","0","0","0","--","--","--","--"," ","0.00","--","0","--","0","2,360.00",
="05972U","光寶科凱基55售03","2,000","1","3,100","1.55","1.55","1.55","1.55","X","0.00","1.55","100","1.56","10","0.00",
="05973U","聯發科凱基54售08","7,000","1","21,070","3.01","3.01","3.01","3.01","X","0.00","3.13","100","3.14","10","0.00",
="05974U","欣興凱基53售04","8,000","2","16,680","2.11","2.11","2.06","2.06","-","0.17","2.17","100","2.19","10","0.00",
="05975U","貿聯凱基53售05","0","0","0","--","--","--","--"," ","0.00","0.96","10","0.97","10","0.00",
="059762","欣興元大4B購04","1,895,000","19","789,980","0.41","0.45","0.39","0.39"," ","0.00","0.38","499","0.39","10","159.00",
="05976U","達興凱基53售09","0","0","0","--","--","--","--"," ","0.00","1.59","10","1.60","10","0.00",
="05977U","臺股指凱基5B售03","0","0","0","--","--","--","--"," ","0.00","1.51","100","1.52","10","0.00",
="05978U","台灣50元大53售13","0","0","0","--","--","--","--"," ","0.00","1.13","499","1.14","10","0.00",
="05979U","SGBR2X元大54售02","0","0","0","--","--","--","--"," ","0.00","1.79","499","1.80","100","0.00",
="05980U","光寶科元大54售13","0","0","0","--","--","--","--"," ","0.00","1.17","499","1.18","200","0.00",
="059812","世芯永豐49購01","0","0","0","--","--","--","--"," ","0.00","5.85","499","--","0","3,700.00",
="059816","台光電富邦4B購01","0","0","0","--","--","--","--"," ","0.00","12.20","30","12.60","10","0.00",
="05981P","美債2X元大4B售03","0","0","0","--","--","--","--"," ","0.00","0.48","499","0.49","50","0.00",
="05981U","台積電元大54售34","0","0","0","--","--","--","--"," ","0.00","0.13","19","--","0","0.00",
="059820","台灣50凱基4A購05","0","0","0","--","--","--","--"," ","0.00","3.07","100","3.17","10","58.45",
="059825","聯電凱基49購02","10,000","1","600","0.06","0.06","0.06","0.06","X","0.00","0.04","10","0.14","10","43.90",
="059828","台積電凱基5B購02","0","0","0","--","--","--","--"," ","0.00","3.16","100","3.26","10","1,340.00",
="05982U","台積電元大54售35","108,000","7","161,900","1.51","1.51","1.49","1.49","-","0.16","1.50","1","--","0","0.00",
="05983U","台光電元大54售24","3,000","1","4,260","1.42","1.42","1.42","1.42","X","0.00","1.44","499","1.45","200","0.00",
="05984U","鴻海富邦53售09","0","0","0","--","--","--","--"," ","0.00","0.83","30","0.84","10","0.00",
="059853","鴻準統一4B購06","0","0","0","--","--","--","--"," ","0.00","0.06","10","0.07","10","70.70",
="059854","鴻準統一4B購07","0","0","0","--","--","--","--"," ","0.00","0.12","10","0.13","10","70.70",
="059855","正崴統一4C購02","0","0","0","--","--","--","--"," ","0.00","0.01","10","0.02","10","48.80",
="059856","全訊統一53購01","20,000","2","8,500","0.44","0.44","0.41","0.41","-","0.06","0.39","10","0.41","10","140.00",
="059857","振樺電統一4B購02","0","0","0","--","--","--","--"," ","0.00","0.04","10","0.05","10","229.50",
="059859","滬深2X元富4B購01","2,000","1","6,040","3.02","3.02","3.02","3.02","X","0.00","0.14","3","--","0","19.04",
="05985U","鴻海富邦55售03","0","0","0","--","--","--","--"," ","0.00","0.80","30","0.81","10","0.00",
="059860","美債2X元富4B購03","0","0","0","--","--","--","--"," ","0.00","0.09","25","0.10","25","7.33",
="05986U","臺股指富邦54售09","18,000","8","20,330","1.15","1.15","1.08","1.08","-","0.12","1.08","499","1.09","100","0.00",
="059874","元債2X群益4B購07","0","0","0","--","--","--","--"," ","0.00","0.31","25","0.32","10","7.35",
="05987U","力積電永豐54售02","42,000","6","31,000","0.80","0.80","0.72","0.72","-","0.15","0.71","14","0.72","10","0.00",
="059882","中華群益4B購01","0","0","0","--","--","--","--"," ","0.00","0.12","10","0.22","10","63.40",
="05988P","陽明統一4C售03","20,000","1","10,600","0.53","0.53","0.53","0.53"," ","0.00","0.53","10","0.54","10","0.00",
="05988U","台灣50元富53售15","0","0","0","--","--","--","--"," ","0.00","1.23","25","1.24","25","0.00",
="059890","鴻準群益4B購02","0","0","0","--","--","--","--"," ","0.00","0.40","10","0.50","10","70.70",
="059891","鴻準群益4B購03","100,000","1","6,000","0.06","0.06","0.06","0.06","-","0.01","0.06","10","0.16","10","70.70",
="05989U","T50正2元富53售04","0","0","0","--","--","--","--"," ","0.00","1.11","25","1.12","25","0.00",
="059900","可成群益4B購01","10,000","1","3,800","0.38","0.38","0.38","0.38","-","0.02","0.37","10","0.47","10","189.00",
="05990U","T50正2元富53售05","0","0","0","--","--","--","--"," ","0.00","1.25","25","1.26","25","0.00",
="059916","創意群益4A購01","0","0","0","--","--","--","--"," ","0.00","--","0","--","0","1,315.00",
="05991U","國巨元富53售07","0","0","0","--","--","--","--"," ","0.00","1.80","25","1.82","25","0.00",
="05992U","力積電元富53售03","107,000","15","153,350","1.63","1.63","1.40","1.40","-","0.40","1.36","5","1.40","25","0.00",
="05993P","電子類凱基4A售01","0","0","0","--","--","--","--"," ","0.00","--","0","0.10","10","0.00",
="05993U","臺股指元富54售04","0","0","0","--","--","--","--"," ","0.00","0.94","25","0.95","25","0.00",
="05994U","為升群益53售03","1,000","1","1,320","1.32","1.32","1.32","1.32","+","0.11","0.31","1","--","0","0.00",
="05995P","創意元富4C售06","0","0","0","--","--","--","--"," ","0.00","0.22","25","0.23","25","0.00",
="05995U","眾達群益53售02","0","0","0","--","--","--","--"," ","0.00","--","0","--","0","0.00",
="05996U","華邦電國泰54售10","176,000","9","163,720","0.95","1.00","0.92","0.92","-","0.24","0.91","499","0.92","50","0.00",
="059971","鴻準元大4B購02","5,000","1","1,200","0.24","0.24","0.24","0.24","X","0.00","0.21","499","0.22","10","70.70",
="05997U","華邦電國泰54售11","1,523,000","25","1,298,000","0.89","0.90","0.83","0.83","-","0.23","0.82","499","0.84","100","0.00",
="05998U","華晶科永豐53售01","0","0","0","--","--","--","--"," ","0.00","1.15","499","1.16","10","0.00",
="059997","祥碩元大4A購01","360,000","1","36,000","0.10","0.10","0.10","0.10","X","0.00","0.10","499","0.11","10","1,525.00",
="05999U","台灣50元富53售17","0","0","0","--","--","--","--"," ","0.00","1.67","25","1.68","25","0.00",
="060008","T50正2永豐4C購01","0","0","0","--","--","--","--"," ","0.00","3.93","10","3.97","10","302.45",
="06000U","台灣50元富53售18","56,000","3","174,840","3.14","3.14","3.04","3.04","-","0.67","2.99","25","3.00","25","0.00",
="060012","台積電永豐4C購03","442,000","25","907,570","2.03","2.12","2.03","2.12","+","0.34","2.06","50","--","0","1,340.00",
="060017","東陽統一4B購01","0","0","0","--","--","--","--"," ","0.00","--","0","0.01","10","94.10",
="060018","智邦統一51購01","0","0","0","--","--","--","--"," ","0.00","1.61","10","1.65","10","1,005.00",
="060019","正崴統一54購01","0","0","0","--","--","--","--"," ","0.00","0.05","10","0.06","10","48.80",
="06001U","台亞元富53售06","0","0","0","--","--","--","--"," ","0.00","1.58","25","1.59","25","0.00",
="060024","T50正2元富51購02","0","0","0","--","--","--","--"," ","0.00","2.72","25","2.77","25","302.45",
="060025","A50正2元富4C購01","0","0","0","--","--","--","--"," ","0.00","0.11","11","--","0","32.79",
="060026","正崴元富4C購01","0","0","0","--","--","--","--"," ","0.00","--","0","0.10","25","48.80",
="06002U","力積電元富53售05","4,000","3","5,640","1.44","1.44","1.40","1.40","-","0.48","1.39","3","1.40","25","0.00",
="06003U","旺宏統一54售02","3,000","3","3,390","1.13","1.14","1.12","1.14","-","0.17","1.13","13","1.14","10","0.00",
="06004U","華邦電統一54售01","27,000","4","21,650","0.80","0.81","0.80","0.80","-","0.36","0.79","10","0.80","10","0.00",
="060051","台積電凱基4A購09","0","0","0","--","--","--","--"," ","0.00","0.34","100","0.44","10","1,340.00",
="06005U","台達電中信59售04","3,000","2","3,750","1.25","1.25","1.25","1.25","-","0.27","1.15","499","1.25","10","0.00",
="060068","元日2X國票4A購01","0","0","0","--","--","--","--"," ","0.00","0.01","25","0.02","10","5.87",
="060069","元日2X國票4C購01","0","0","0","--","--","--","--"," ","0.00","0.09","25","0.10","10","5.87",
="06006U","台積電中信59售04","0","0","0","--","--","--","--"," ","0.00","1.17","499","1.27","10","0.00",
="06007U","華邦電中信53售09","2,000","1","1,740","0.87","0.87","0.87","0.87","-","1.18","0.86","499","0.87","8","0.00",
="060082","台積電國票4A購01","0","0","0","--","--","--","--"," ","0.00","0.08","25","0.09","10","1,340.00",
="06008U","華邦電中信54售01","19,000","5","22,200","1.20","1.21","1.14","1.14","-","0.91","1.12","499","1.13","10","0.00",
="06009U","力積電中信53售04","0","0","0","--","--","--","--"," ","0.00","0.41","100","1.16","10","0.00",
="060104","鴻海富邦4A購01","50,000","3","70,460","1.37","1.41","1.37","1.41","X","0.00","1.42","30","1.46","10","0.00",
="06010U","華邦電凱基53售07","291,000","12","382,900","1.42","1.42","1.30","1.30","-","0.33","1.30","100","1.31","10","0.00",
="060116","創意富邦4A購01","0","0","0","--","--","--","--"," ","0.00","0.69","30","0.73","10","0.00",
="06011U","力積電凱基53售04","0","0","0","--","--","--","--"," ","0.00","0.10","100","1.76","10","0.00",
="060125","鴻準群益4C購01","0","0","0","--","--","--","--"," ","0.00","0.07","10","0.17","10","70.70",
="060129","可成群益4B購02","0","0","0","--","--","--","--"," ","0.00","0.02","5","0.37","10","189.00",
="06012U","旺宏國票53售05","0","0","0","--","--","--","--"," ","0.00","1.94","25","1.95","10","0.00",
="06013U","旺宏國票54售03","0","0","0","--","--","--","--"," ","0.00","2.09","25","2.10","10","0.00",
="06014U","華邦電國票54售08","3,000","3","2,950","1.04","1.04","0.95","0.95","+","0.36","0.94","25","0.95","10","0.00",
="06015U","華邦電國票54售09","0","0","0","--","--","--","--"," ","0.00","1.09","25","1.10","10","0.00",
="060161","鴻準元大4C購01","0","0","0","--","--","--","--"," ","0.00","0.21","499","0.22","10","70.70",
="06016U","晶豪科國票53售03","93,000","8","165,470","1.84","1.84","1.76","1.76","+","0.66","1.74","25","1.75","10","0.00",
="06017U","電子類國票53售05","0","0","0","--","--","--","--"," ","0.00","1.72","499","1.73","499","0.00",
="06018U","T50正2元大56售03","0","0","0","--","--","--","--"," ","0.00","1.00","499","1.01","10","0.00",
="060192","日月光元大4B購01","0","0","0","--","--","--","--"," ","0.00","0.30","499","0.31","10","174.50",
="060194","祥碩元大4B購03","0","0","0","--","--","--","--"," ","0.00","0.03","499","0.12","27","1,525.00",
="06019U","台積電元大54售38","0","0","0","--","--","--","--"," ","0.00","--","0","--","0","0.00",
="060202","美債2X永豐4C購01","0","0","0","--","--","--","--"," ","0.00","0.03","10","0.07","10","7.33",
="060208","世芯永豐5C購01","0","0","0","--","--","--","--"," ","0.00","5.10","10","5.15","10","3,700.00",
="06020U","台積電元大54售39","0","0","0","--","--","--","--"," ","0.00","--","0","--","0","0.00",
="060218","台積電凱基4C購03","0","0","0","--","--","--","--"," ","0.00","1.61","100","1.71","10","1,340.00",
="06021U","奇鋐元大54售27","0","0","0","--","--","--","--"," ","0.00","1.61","450","1.63","200","0.00",
="060220","鴻準凱基4C購01","0","0","0","--","--","--","--"," ","0.00","0.12","100","0.14","50","70.70",
="060224","正崴凱基4A購01","0","0","0","--","--","--","--"," ","0.00","--","0","0.02","10","48.80",
="060225","漢唐凱基4C購01","0","0","0","--","--","--","--"," ","0.00","21.50","10","--","0","987.00",
="06022U","台灣50群益53售14","83,000","7","151,350","1.83","1.83","1.82","1.82","-","1.10","1.80","100","1.81","100","0.00",
="060236","祥碩凱基4B購01","0","0","0","--","--","--","--"," ","0.00","0.09","100","0.73","100","1,525.00",
="06023U","佳能群益55售04","1,000","1","860","0.86","0.86","0.86","0.86","-","0.06","0.89","10","0.99","10","0.00",
="060247","聯電元富4A購01","28,000","3","7,400","0.26","0.30","0.26","0.30","+","0.06","0.27","25","0.28","25","43.90",
="060249","長榮航元富4A購01","0","0","0","--","--","--","--"," ","0.00","0.02","25","0.10","10","38.85",
="06024U","裕民群益53售03","0","0","0","--","--","--","--"," ","0.00","2.17","10","2.27","10","0.00",
="06025U","力積電群益53售04","0","0","0","--","--","--","--"," ","0.00","0.81","50","--","0","0.00",
="06026U","臺股指群益53售27","1,996,000","4","1,696,600","0.85","0.85","0.85","0.85","-","0.08","0.85","499","0.86","499","0.00",
="060283","長榮富邦4B購01","1,000","1","610","0.61","0.61","0.61","0.61","-","0.03","0.59","10","0.60","10","0.00",
="060284","聯詠富邦4A購01","0","0","0","--","--","--","--"," ","0.00","6.70","30","6.95","10","0.00",
="060298","中華群益4C購01","165,000","1","8,250","0.05","0.05","0.05","0.05","X","0.00","0.06","10","0.16","10","63.40",
="060306","友訊群益54購01","134,000","3","39,360","0.30","0.30","0.29","0.29","X","0.00","0.29","25","0.30","10","17.80",
="060308","智邦群益4A購01","0","0","0","--","--","--","--"," ","0.00","--","0","--","0","1,005.00",
="060313","一詮群益4B購01","0","0","0","--","--","--","--"," ","0.00","--","0","0.11","10","82.30",
="060322","台灣50元大4A購04","0","0","0","--","--","--","--"," ","0.00","3.06","499","3.16","10","58.45",
="060323","元債2X元大4B購02","0","0","0","--","--","--","--"," ","0.00","--","0","0.05","50","7.35",
="060324","元債2X元大56購01","0","0","0","--","--","--","--"," ","0.00","0.52","100","0.53","50","7.35",
="060325","元債2X元大57購01","0","0","0","--","--","--","--"," ","0.00","0.31","100","0.32","50","7.35",
="060326","元日2X元大53購01","1,428,000","4","599,760","0.42","0.42","0.42","0.42","+","0.01","0.41","100","0.42","100","5.87",
="060327","元日2X元大56購01","20,000","1","4,800","0.24","0.24","0.24","0.24"," ","0.00","0.24","100","0.25","100","5.87",
="060345","鴻準元大4B購03","0","0","0","--","--","--","--"," ","0.00","0.11","499","0.12","10","70.70",
="06034P","臺股指群益4A售06","0","0","0","--","--","--","--"," ","0.00","0.01","499","--","0","0.00",
="06035P","臺股指群益4A售07","0","0","0","--","--","--","--"," ","0.00","--","0","--","0","0.00",
="060360","國泰金元大4C購01","369,000","8","258,570","0.68","0.71","0.68","0.71","+","0.01","0.70","499","0.71","10","66.20",
="06036P","臺股指群益4A售08","180,000","4","7,200","0.04","0.04","0.04","0.04","-","0.02","0.03","639","0.04","499","0.00",
="060378","緯穎元大4A購03","0","0","0","--","--","--","--"," ","0.00","3.36","250","--","0","3,140.00",
="06037P","臺股指群益54售03","0","0","0","--","--","--","--"," ","0.00","0.45","499","0.46","499","0.00",
="06038P","臺股指群益54售04","10,000","1","4,000","0.40","0.40","0.40","0.40","X","0.00","0.38","499","0.39","499","0.00",
="060395","臺股指元大4A購05","0","0","0","--","--","--","--"," ","0.00","1.50","499","1.60","10","0.00",
="060396","臺股指元大4A購06","0","0","0","--","--","--","--"," ","0.00","1.97","499","2.07","10","0.00",
="060397","臺股指元大4A購07","0","0","0","--","--","--","--"," ","0.00","2.23","499","2.33","10","0.00",
="060398","臺股指元大4A購08","0","0","0","--","--","--","--"," ","0.00","2.10","100","2.20","10","0.00",
="06039P","臺股指群益54售05","51,000","4","16,880","0.34","0.34","0.33","0.33","-","0.04","0.32","499","0.33","499","0.00",
="060402","元日2X永豐4C購01","33,000","3","2,670","0.09","0.09","0.08","0.09","X","0.00","0.08","11","0.09","10","5.87",
="060405","台積電永豐4C購04","165,000","2","342,410","2.05","2.09","2.05","2.09","+","0.37","0.55","18","--","0","1,340.00",
="060416","嘉澤永豐4C購01","2,000","1","240","0.12","0.12","0.12","0.12","-","0.02","0.11","10","0.12","10","1,605.00",
="060428","玉晶光元富4C購01","0","0","0","--","--","--","--"," ","0.00","0.57","25","0.67","10","443.50",
="060429","貿聯元富54購01","0","0","0","--","--","--","--"," ","0.00","2.60","25","2.70","10","1,085.00",
="060443","台積電群益4C購02","0","0","0","--","--","--","--"," ","0.00","0.10","100","--","0","1,340.00",
="060444","友訊群益4A購01","0","0","0","--","--","--","--"," ","0.00","--","0","0.10","10","17.80",
="060445","鴻準群益4C購02","0","0","0","--","--","--","--"," ","0.00","0.43","10","0.53","10","70.70",
="060450","可成群益4B購03","0","0","0","--","--","--","--"," ","0.00","0.24","10","0.34","10","189.00",
="060468","台灣50中信4A購01","0","0","0","--","--","--","--"," ","0.00","2.92","499","2.95","10","0.00",
="060469","鴻海中信4A購01","0","0","0","--","--","--","--"," ","0.00","1.10","499","1.13","10","0.00",
="060470","鴻海中信4C購01","13,000","2","4,710","0.37","0.37","0.36","0.36","X","0.00","0.35","10","0.36","10","0.00",
="060472","台積電中信4C購01","121,000","3","91,590","0.75","0.79","0.75","0.79","X","0.00","0.74","499","0.77","30","0.00",
="060476","長榮中信4A購01","0","0","0","--","--","--","--"," ","0.00","0.05","499","0.06","10","0.00",
="060491","T50正2國票4A購01","5,000","1","1,250","0.25","0.25","0.25","0.25","+","0.10","0.24","25","0.25","10","302.45",
="060511","元債2X凱基56購01","0","0","0","--","--","--","--"," ","0.00","0.20","499","0.21","499","7.35",
="060517","台積電凱基4A購10","0","0","0","--","--","--","--"," ","0.00","2.34","43","2.44","10","1,340.00",
="060518","台積電凱基4C購04","65,000","4","159,700","2.35","2.52","2.35","2.52","+","0.43","2.46","100","2.56","10","1,340.00",
="060519","漢唐凱基4C購02","0","0","0","--","--","--","--"," ","0.00","11.60","10","12.60","10","987.00",
="060536","臺股指凱基4A購07","0","0","0","--","--","--","--"," ","0.00","2.49","100","--","0","0.00",
="060537","臺股指凱基4A購08","0","0","0","--","--","--","--"," ","0.00","2.82","100","--","0","0.00",
="060538","臺股指凱基4A購09","0","0","0","--","--","--","--"," ","0.00","2.06","100","--","0","0.00",
="060539","臺股指凱基4A購10","0","0","0","--","--","--","--"," ","0.00","0.99","100","--","0","0.00",
="060579","鴻準元大4B購04","0","0","0","--","--","--","--"," ","0.00","0.16","499","0.17","10","70.70",
="060588","可成元大4A購01","0","0","0","--","--","--","--"," ","0.00","--","0","0.10","10","189.00",
="060590","長榮元大4B購01","0","0","0","--","--","--","--"," ","0.00","0.10","499","0.11","10","182.00",
="060592","大立光元大4B購01","0","0","0","--","--","--","--"," ","0.00","--","0","0.10","10","2,360.00",
="060606","緯穎元大4A購04","0","0","0","--","--","--","--"," ","0.00","2.82","250","--","0","3,140.00",
="060609","華邦電兆豐4C購01","2,000","2","17,600","8.65","8.95","8.65","8.95","+","1.05","8.85","10","--","0","36.45",
="060636","臺指反中信4A購01","225,000","2","24,750","0.11","0.11","0.11","0.11","-","0.04","0.10","301","0.11","100","0.00",
="060644","聯發科中信4A購01","0","0","0","--","--","--","--"," ","0.00","0.01","499","0.02","10","0.00",
="060667","鴻準凱基4B購01","0","0","0","--","--","--","--"," ","0.00","0.11","100","0.13","10","70.70",
="06067P","聯發科群益4C售01","0","0","0","--","--","--","--"," ","0.00","--","0","--","0","0.00",
="060683","緯穎凱基4A購01","0","0","0","--","--","--","--"," ","0.00","3.07","100","--","0","3,140.00",
="060687","台積電永豐4C購05","0","0","0","--","--","--","--"," ","0.00","--","0","--","0","1,340.00",
="060702","台積電統一58購02","300,000","5","312,890","1.02","1.05","1.02","1.05","+","0.11","1.01","10","1.02","10","1,340.00",
="060703","智邦統一54購01","417,000","15","250,370","0.60","0.61","0.60","0.60"," ","0.00","0.60","100","0.61","10","1,005.00",
="060704","奇鋐統一4B購02","0","0","0","--","--","--","--"," ","0.00","1.32","10","1.33","10","1,015.00",
="060705","欣巴巴統一54購01","0","0","0","--","--","--","--"," ","0.00","0.05","10","0.08","20","61.90",
="060707","元債2X群益4C購03","0","0","0","--","--","--","--"," ","0.00","0.10","25","0.11","10","7.35",
="06070P","台光電統一4A售03","0","0","0","--","--","--","--"," ","0.00","--","0","0.01","1,266","0.00",
="060712","台積電群益4C購03","0","0","0","--","--","--","--"," ","0.00","--","0","--","0","1,340.00",
="060715","鴻準群益4A購02","0","0","0","--","--","--","--"," ","0.00","--","0","0.11","10","70.70",
="060729","嘉澤群益4A購02","0","0","0","--","--","--","--"," ","0.00","--","0","--","0","1,605.00",
="06072P","神達統一4C售04","0","0","0","--","--","--","--"," ","0.00","0.10","10","0.11","10","0.00",
="060748","中華元大4C購01","0","0","0","--","--","--","--"," ","0.00","0.10","499","0.11","10","63.40",
="060765","鉅祥元大4B購01","33,000","2","37,290","1.13","1.13","1.13","1.13","-","0.16","1.13","499","1.18","10","108.50",
="060767","長榮元大4B購02","0","0","0","--","--","--","--"," ","0.00","0.07","499","0.08","10","182.00",
="06077P","神達元富4C售03","0","0","0","--","--","--","--"," ","0.00","0.18","25","0.19","25","0.00",
="060788","緯穎元大4C購01","0","0","0","--","--","--","--"," ","0.00","1.71","450","1.74","10","3,140.00",
="060815","乙盛元富4A購01","3,000","1","810","0.27","0.27","0.27","0.27","-","0.06","0.26","27","0.27","25","73.80",
="060823","南亞科兆豐4C購01","0","0","0","--","--","--","--"," ","0.00","11.30","10","--","0","81.00",
="060845","長榮航統一4B購02","0","0","0","--","--","--","--"," ","0.00","0.07","10","0.08","10","38.85",
="060849","美時永豐4C購01","0","0","0","--","--","--","--"," ","0.00","0.10","499","0.11","10","192.00",
="060850","鴻海永豐4A購02","0","0","0","--","--","--","--"," ","0.00","0.16","499","0.26","10","221.00",
="060851","台積電永豐51購01","528,000","5","793,740","1.47","1.54","1.47","1.50","+","0.27","0.25","40","--","0","1,340.00",
="060870","台灣50中信4C購01","11,000","11","3,290","0.30","0.30","0.29","0.29","X","0.00","0.30","499","0.31","100","0.00",
="060872","元債2X中信4C購01","0","0","0","--","--","--","--"," ","0.00","0.03","499","0.04","10","0.00",
="060894","材料中信4A購01","0","0","0","--","--","--","--"," ","0.00","--","0","0.01","20","0.00",
="060898","臺指反國票4A購01","0","0","0","--","--","--","--"," ","0.00","--","0","0.01","50","2.96",
="060930","友訊凱基4A購01","0","0","0","--","--","--","--"," ","0.00","--","0","0.02","10","17.80",
="060934","鉅祥凱基4B購01","286,000","14","85,190","0.37","0.37","0.28","0.28","-","0.05","0.29","100","0.32","10","108.50",
="060936","長榮凱基4B購05","0","0","0","--","--","--","--"," ","0.00","0.05","100","0.15","10","182.00",
="060962","台積電元富56購01","0","0","0","--","--","--","--"," ","0.00","--","0","--","0","1,340.00",
="060963","台積電元富5C購01","0","0","0","--","--","--","--"," ","0.00","1.51","20","--","0","1,340.00",
="060964","台積電元富5C購02","19,000","14","498,100","25.70","26.90","25.70","26.90","+","2.40","26.00","1","--","0","1,340.00",
="060966","台光電元富4A購03","0","0","0","--","--","--","--"," ","0.00","19.10","25","19.40","25","1,345.00",
="060973","奇鋐元富4A購04","70,000","5","63,900","1.02","1.02","0.76","0.80","+","0.14","0.61","25","0.71","10","1,015.00",
="060985","台積電元富4A購01","0","0","0","--","--","--","--"," ","0.00","--","0","--","0","1,340.00",
="060986","技嘉元富4A購01","0","0","0","--","--","--","--"," ","0.00","--","0","0.10","10","283.00",
="060992","可成群益4C購01","0","0","0","--","--","--","--"," ","0.00","0.17","10","0.27","10","189.00",
="060999","元大金群益4A購01","0","0","0","--","--","--","--"," ","0.00","--","0","--","0","35.10",
="061023","中華元大4C購02","0","0","0","--","--","--","--"," ","0.00","0.10","499","0.11","10","63.40",
="061028","智邦元大4C購01","0","0","0","--","--","--","--"," ","0.00","0.97","10","--","0","1,005.00",
="061036","京元電元大4C購01","532,000","20","575,130","1.15","1.15","1.03","1.07","-","0.10","1.04","102","1.06","10","167.00",
="061038","可成元大4B購01","0","0","0","--","--","--","--"," ","0.00","--","0","--","0","189.00",
="061058","緯穎元大4C購02","0","0","0","--","--","--","--"," ","0.00","2.11","350","2.15","10","3,140.00",
="061063","大立光富邦4B購01","0","0","0","--","--","--","--"," ","0.00","0.03","10","0.12","10","0.00",
="061068","川湖統一4B購02","0","0","0","--","--","--","--"," ","0.00","2.72","10","2.82","10","3,220.00",
="061069","長榮航統一4C購01","0","0","0","--","--","--","--"," ","0.00","0.09","10","0.10","10","38.85",
="061070","緯穎統一4B購02","22,000","4","24,350","1.08","1.11","1.08","1.11","-","0.10","1.12","10","1.22","10","3,140.00",
="061071","T50正2中信4C購01","862,000","6","324,720","0.35","0.40","0.35","0.40","+","0.12","0.39","499","0.40","100","0.00",
="061072","臺指反中信4C購01","0","0","0","--","--","--","--"," ","0.00","0.03","100","0.04","10","0.00",
="061076","世芯中信4C購01","0","0","0","--","--","--","--"," ","0.00","3.68","499","3.78","10","0.00",
="061079","明泰兆豐4C購01","196,000","22","105,850","0.44","0.60","0.40","0.60","+","0.38","0.56","20","0.60","210","32.20",
="061116","凱美國票4A購01","0","0","0","--","--","--","--"," ","0.00","--","0","1.12","60","73.00",
="061118","嘉澤國票4A購01","0","0","0","--","--","--","--"," ","0.00","0.01","25","0.02","10","1,605.00",
="061120","A50正2元富4C購02","0","0","0","--","--","--","--"," ","0.00","0.09","5","--","0","32.79",
="061121","元債2X元富5C購01","0","0","0","--","--","--","--"," ","0.00","0.71","25","0.72","25","7.35",
="061127","川湖元富4A購05","0","0","0","--","--","--","--"," ","0.00","6.70","25","7.20","10","3,220.00",
="061128","川湖元富4A購06","0","0","0","--","--","--","--"," ","0.00","5.30","25","5.80","10","3,220.00",
="061135","技嘉元富51購01","4,000","1","1,960","0.49","0.49","0.49","0.49","+","0.03","0.47","25","0.48","25","283.00",
="061157","中磊元富4C購01","0","0","0","--","--","--","--"," ","0.00","0.16","25","0.17","25","105.50",
="061158","康舒元富4C購01","89,000","8","26,550","0.30","0.31","0.28","0.28","+","0.02","0.27","25","0.28","25","30.10",
="061170","臺指反群益4C購01","0","0","0","--","--","--","--"," ","0.00","0.01","524","0.02","10","2.96",
="061171","元債2X群益4C購04","0","0","0","--","--","--","--"," ","0.00","0.11","25","0.12","10","7.35",
="061177","台積電群益4B購10","0","0","0","--","--","--","--"," ","0.00","--","0","--","0","1,340.00",
="061180","瑞昱群益4C購01","1,000","1","540","0.54","0.54","0.54","0.54","+","0.01","0.52","10","0.56","1","540.00",
="061183","可成群益4A購01","0","0","0","--","--","--","--"," ","0.00","--","0","0.11","10","189.00",
="061186","長榮群益4C購01","0","0","0","--","--","--","--"," ","0.00","0.09","100","0.10","100","182.00",
="061196","中磊群益4A購01","0","0","0","--","--","--","--"," ","0.00","--","0","--","0","105.50",
="061232","世芯元大4C購01","60,000","2","162,500","2.71","2.71","2.70","2.70","-","0.22","1.42","7","--","0","3,700.00",
="061236","晶碩元大4C購01","400,000","1","40,000","0.10","0.10","0.10","0.10"," ","0.00","0.10","499","0.11","10","316.00",
="061246","臺指反凱基4A購01","0","0","0","--","--","--","--"," ","0.00","--","0","--","0","2.96",
="061255","台積電凱基4A購14","0","0","0","--","--","--","--"," ","0.00","0.74","100","0.84","10","1,340.00",
="061261","長榮凱基4A購01","0","0","0","--","--","--","--"," ","0.00","--","0","0.12","120","182.00",
="061265","元大金凱基4A購01","0","0","0","--","--","--","--"," ","0.00","0.47","10","0.57","10","35.10",
="061272","保瑞凱基4A購01","0","0","0","--","--","--","--"," ","0.00","--","0","0.10","10","693.00",
="061273","緯穎凱基4B購02","1,000","1","1,700","1.70","1.70","1.70","1.70","X","0.00","1.67","100","1.70","10","3,140.00",
="061282","矽統永豐4A購01","0","0","0","--","--","--","--"," ","0.00","--","0","0.03","10","58.60",
="061283","矽統永豐4A購02","20,000","1","400","0.02","0.02","0.02","0.02","-","0.01","0.01","10","0.03","2","58.60",
="061288","長榮永豐4C購01","47,000","2","16,920","0.36","0.36","0.36","0.36","-","0.01","0.35","499","0.36","10","182.00",
="061302","智原中信4A購01","0","0","0","--","--","--","--"," ","0.00","--","0","--","0","0.00",
="061306","緯穎中信4A購01","0","0","0","--","--","--","--"," ","0.00","1.22","499","1.23","10","0.00",
="061318","川湖統一56購01","2,000","1","2,760","1.38","1.38","1.38","1.38","+","0.02","1.32","10","1.35","10","3,220.00",
="061319","智邦統一4C購02","0","0","0","--","--","--","--"," ","0.00","0.90","10","0.93","10","1,005.00",
="061320","正崴統一4C購03","0","0","0","--","--","--","--"," ","0.00","0.03","10","0.04","10","48.80",
="061321","貿聯統一4C購03","12,000","1","13,320","1.11","1.11","1.11","1.11","X","0.00","1.03","10","1.06","10","1,085.00",
="061325","元債2X凱基5C購01","0","0","0","--","--","--","--"," ","0.00","0.57","499","0.58","499","7.35",
="061337","陽明凱基4C購01","0","0","0","--","--","--","--"," ","0.00","0.01","599","0.11","10","55.20",
="06133P","臺股指群益4C售04","0","0","0","--","--","--","--"," ","0.00","0.05","499","--","0","0.00",
="061345","世芯凱基4A購02","0","0","0","--","--","--","--"," ","0.00","1.70","100","1.80","10","3,700.00",
="06134P","臺股指群益56售02","11,000","2","5,490","0.50","0.50","0.49","0.49","-","0.04","0.49","499","0.50","499","0.00",
="061357","川湖國票4A購02","0","0","0","--","--","--","--"," ","0.00","8.75","25","9.10","10","3,220.00",
="061379","貿聯兆豐4C購01","0","0","0","--","--","--","--"," ","0.00","2.56","10","--","0","1,085.00",
="061388","華新群益4A購01","0","0","0","--","--","--","--"," ","0.00","0.01","499","--","0","24.05",
="061391","台積電群益4C購04","0","0","0","--","--","--","--"," ","0.00","0.01","100","--","0","1,340.00",
="061405","華擎群益4C購01","0","0","0","--","--","--","--"," ","0.00","0.41","25","0.42","10","278.00",
="061411","世芯群益4A購01","0","0","0","--","--","--","--"," ","0.00","0.78","499","0.88","10","3,700.00",
="061425","華新科元富4A購01","53,000","3","5,860","0.11","0.12","0.11","0.12","-","0.04","0.08","25","0.10","10","99.90",
="061429","建漢元富4A購02","0","0","0","--","--","--","--"," ","0.00","--","0","0.10","25","24.10",
="061431","緯創元富5C購01","68,000","6","496,650","7.10","7.40","7.10","7.10","X","0.00","7.05","25","7.10","25","122.50",
="061453","川湖元大4B購01","0","0","0","--","--","--","--"," ","0.00","3.57","200","--","0","3,220.00",
="061466","可成元大4C購01","826,000","18","248,820","0.30","0.31","0.29","0.31"," ","0.00","0.30","3","--","0","189.00",
="06149P","聯發科富邦4A售01","0","0","0","--","--","--","--"," ","0.00","--","0","0.03","10","0.00",
="061504","鴻海元富4C購02","1,918,000","71","1,836,850","0.85","0.99","0.84","0.97","+","0.18","0.96","75","0.97","15","221.00",
="061505","威盛元富4C購01","0","0","0","--","--","--","--"," ","0.00","0.02","25","0.10","10","59.50",
="061510","祥碩元富4A購02","0","0","0","--","--","--","--"," ","0.00","0.03","25","0.10","10","1,525.00",
="061511","祥碩元富4A購03","0","0","0","--","--","--","--"," ","0.00","--","0","0.10","25","1,525.00",
="061513","樺漢元富4C購01","130,000","2","42,900","0.33","0.33","0.33","0.33","-","0.01","0.32","25","0.33","25","299.00",
="061518","牧德統一54購01","100,000","1","61,000","0.61","0.61","0.61","0.61","-","0.02","0.60","10","0.61","10","544.00",
="061519","牧德統一56購01","193,000","2","120,590","0.63","0.63","0.62","0.62","-","0.02","0.60","110","0.61","10","544.00",
="061520","天虹統一54購01","21,000","2","2,520","0.12","0.12","0.12","0.12"," ","0.00","0.10","20","0.12","10","252.50",
="061531","智原中信4A購02","0","0","0","--","--","--","--"," ","0.00","0.50","499","0.51","10","0.00",
="061539","緯穎中信4B購01","0","0","0","--","--","--","--"," ","0.00","0.28","499","0.29","10","0.00",
="061543","正崴永豐4C購01","0","0","0","--","--","--","--"," ","0.00","0.01","499","0.03","10","48.80",
="06154P","臺股指中信4B售03","0","0","0","--","--","--","--"," ","0.00","0.09","499","0.10","100","0.00",
="06155P","臺股指中信4B售04","0","0","0","--","--","--","--"," ","0.00","--","0","0.02","10","0.00",
="061563","皇昌凱基4A購01","0","0","0","--","--","--","--"," ","0.00","0.47","10","0.57","10","72.70",
="061625","川湖元大4B購02","0","0","0","--","--","--","--"," ","0.00","3.85","200","--","0","3,220.00",
="061632","大同元大4A購01","0","0","0","--","--","--","--"," ","0.00","0.01","499","0.11","10","39.85",
="061641","大立光元大4A購02","0","0","0","--","--","--","--"," ","0.00","--","0","0.10","10","2,360.00",
="061664","中砂群益4C購01","0","0","0","--","--","--","--"," ","0.00","--","0","0.81","10","339.00",
="061674","台積電群益5B購01","0","0","0","--","--","--","--"," ","0.00","1.12","8","2.80","10","1,340.00",
="061680","仲琦群益4C購01","529,000","14","57,990","0.13","0.13","0.10","0.11","X","0.00","0.10","25","0.11","10","24.35",
="061681","飛宏群益4A購01","0","0","0","--","--","--","--"," ","0.00","--","0","0.01","300","24.95",
="061683","鉅祥群益4C購01","11,000","2","13,760","1.27","1.27","1.06","1.06","X","0.00","--","0","1.16","10","108.50",
="061684","長榮群益4A購01","0","0","0","--","--","--","--"," ","0.00","0.01","25","0.03","10","182.00",
="061696","祥碩群益4A購01","0","0","0","--","--","--","--"," ","0.00","--","0","0.08","10","1,525.00",
="06170P","緯創元富4C售01","0","0","0","--","--","--","--"," ","0.00","0.08","25","0.10","10","0.00",
="061722","正崴永豐4A購01","0","0","0","--","--","--","--"," ","0.00","0.01","499","0.11","10","48.80",
="061733","長榮統一4C購03","0","0","0","--","--","--","--"," ","0.00","0.12","10","0.13","10","182.00",
="061734","陽明統一4C購01","0","0","0","--","--","--","--"," ","0.00","0.02","10","0.03","10","55.20",
="061735","牧德統一53購01","10,000","1","4,700","0.47","0.47","0.47","0.47","-","0.01","0.46","10","0.47","10","544.00",
="061747","台灣50元富4C購01","62,000","5","387,100","5.85","6.45","5.85","6.45","+","1.20","6.55","25","6.60","25","58.45",
="061748","台塑元富4C購01","0","0","0","--","--","--","--"," ","0.00","0.46","25","0.56","10","38.60",
="061760","漢唐元富4C購01","0","0","0","--","--","--","--"," ","0.00","--","0","--","0","987.00",
="061766","創意元富4C購05","94,000","4","253,940","2.60","2.78","2.60","2.78","+","0.14","2.78","25","3.50","1","1,315.00",
="061773","元黃金國票4C購01","11,000","6","31,940","2.90","2.98","2.86","2.86","+","0.28","2.92","25","2.93","10","40.68",
="06177P","台積電凱基5C售02","197,000","11","224,340","1.16","1.16","1.11","1.11","-","0.12","1.12","100","1.22","10","0.00",
="061812","緯創凱基4A購01","0","0","0","--","--","--","--"," ","0.00","0.01","100","0.11","10","122.50",
="061820","祥碩凱基4C購01","0","0","0","--","--","--","--"," ","0.00","0.13","100","0.15","50","1,525.00",
="061826","緯穎凱基4A購02","0","0","0","--","--","--","--"," ","0.00","0.17","100","0.27","10","3,140.00",
="06182P","臺股指凱基4C售02","0","0","0","--","--","--","--"," ","0.00","0.32","100","0.33","10","0.00",
="061833","國企2X群益4A購03","0","0","0","--","--","--","--"," ","0.00","1.85","10","1.95","10","11.65",
="061856","世芯群益4C購02","0","0","0","--","--","--","--"," ","0.00","0.44","22","1.23","10","3,700.00",
="061870","元債2X元大4B購03","0","0","0","--","--","--","--"," ","0.00","--","0","0.05","50","7.35",
="061871","元債2X元大55購01","0","0","0","--","--","--","--"," ","0.00","0.39","100","0.40","50","7.35",
="061872","美債2X元大53購01","0","0","0","--","--","--","--"," ","0.00","0.14","499","0.15","50","7.33",
="061873","美債2X元大55購01","0","0","0","--","--","--","--"," ","0.00","0.15","100","0.16","50","7.33",
="061894","陽明元大4A購02","0","0","0","--","--","--","--"," ","0.00","--","0","0.10","10","55.20",
="061895","華航元大4C購01","0","0","0","--","--","--","--"," ","0.00","0.06","499","0.07","10","20.95",
="061896","萬海元大4B購01","0","0","0","--","--","--","--"," ","0.00","0.10","499","0.11","10","77.90",
="061901","大立光元大4A購03","0","0","0","--","--","--","--"," ","0.00","0.02","499","0.12","10","2,360.00",
="061908","乙盛元大4A購01","157,000","9","59,190","0.40","0.42","0.33","0.36","-","0.07","0.33","499","0.34","10","73.80",
="061930","雲豹兆豐4C購01","0","0","0","--","--","--","--"," ","0.00","0.05","10","0.06","10","119.00",
="061931","陽明統一4C購02","0","0","0","--","--","--","--"," ","0.00","--","0","--","0","55.20",
="06193P","聚陽群益4A售01","0","0","0","--","--","--","--"," ","0.00","--","0","0.15","10","0.00",
="061957","國企2X凱基4A購01","6,000","2","10,380","1.73","1.73","1.73","1.73","-","0.26","1.73","95","1.83","10","11.65",
="061958","元債2X凱基4B購02","0","0","0","--","--","--","--"," ","0.00","--","0","0.10","10","7.35",
="061973","長榮凱基4A購02","0","0","0","--","--","--","--"," ","0.00","--","0","--","0","182.00",
="06197P","英業達群益4C售01","3,000","1","1,620","0.54","0.54","0.54","0.54","X","0.00","0.50","5","0.95","10","0.00",
="061981","牧德凱基4A購01","0","0","0","--","--","--","--"," ","0.00","0.65","100","0.75","10","544.00",
="06198P","致茂群益4A售01","0","0","0","--","--","--","--"," ","0.00","--","0","0.02","50","0.00",
="061994","滬深2X元富4C購01","47,000","4","62,850","1.40","1.40","1.30","1.30","-","0.07","0.15","66","1.33","15","19.04",
="062003","明泰元富4C購01","0","0","0","--","--","--","--"," ","0.00","0.44","5","--","0","32.20",
="062007","辛耘元富4C購01","491,000","7","129,250","0.26","0.28","0.25","0.26","+","0.07","0.23","25","0.24","25","388.00",
="06203P","蔚華科群益4C售01","0","0","0","--","--","--","--"," ","0.00","0.67","25","0.68","10","0.00",
="062058","創意群益4C購01","0","0","0","--","--","--","--"," ","0.00","0.07","30","--","0","1,315.00",
="06205P","日月光群益4A售01","0","0","0","--","--","--","--"," ","0.00","0.03","10","0.13","10","0.00",
="062067","波力群益4A購01","0","0","0","--","--","--","--"," ","0.00","--","0","--","0","176.50",
="062077","仁寶元大4C購01","52,000","1","3,120","0.06","0.06","0.06","0.06","X","0.00","0.04","499","0.14","10","31.40",
="062079","智邦元大4A購01","109,000","11","277,200","2.45","2.60","2.45","2.52","+","0.30","0.26","76","--","0","1,005.00",
="062086","聯發科元大4B購01","0","0","0","--","--","--","--"," ","0.00","0.10","499","0.11","10","1,375.00",
="062088","全新元大4C購01","492,000","9","95,330","0.23","0.23","0.18","0.19","-","0.07","0.19","40","0.20","10","160.00",
="062093","陽明元大4A購03","0","0","0","--","--","--","--"," ","0.00","--","0","0.10","10","55.20",
="062094","華航元大4A購01","0","0","0","--","--","--","--"," ","0.00","--","0","0.10","10","20.95",
="062095","華航元大4C購02","0","0","0","--","--","--","--"," ","0.00","0.02","499","0.12","10","20.95",
="062096","萬海元大4B購02","21,000","2","32,870","1.67","1.67","1.56","1.56","-","0.15","1.53","450","1.54","30","77.90",
="062118","中興電兆豐4C購01","11,000","2","5,620","0.52","0.52","0.51","0.51","-","0.05","0.50","10","0.51","10","159.00",
="062143","T50反1富邦4C購02","0","0","0","--","--","--","--"," ","0.00","--","0","0.03","100","0.00",
="062155","T50反1中信4A購02","0","0","0","--","--","--","--"," ","0.00","--","0","0.02","10","0.00",
="062156","T50反1中信4C購01","0","0","0","--","--","--","--"," ","0.00","0.14","499","0.15","100","0.00",
="062161","金像電中信4A購01","0","0","0","--","--","--","--"," ","0.00","3.64","499","3.66","10","0.00",
="062197","世芯永豐4A購03","3,000","1","2,700","0.90","0.90","0.90","0.90","-","0.17","0.75","499","0.85","10","3,700.00",
="062211","T50反1元富4C購01","5,000","1","1,650","0.33","0.33","0.33","0.33","X","0.00","0.30","25","0.31","25","18.29",
="062212","T50反1元富4C購02","0","0","0","--","--","--","--"," ","0.00","0.01","524","0.10","10","18.29",
="062213","T50反1元富5C購01","18,000","2","8,740","0.48","0.49","0.48","0.49","-","0.03","0.48","25","0.49","25","18.29",
="062228","創意元富4C購07","2,000","2","1,670","0.83","0.84","0.83","0.84","+","0.04","0.83","25","--","0","1,315.00",
="062232","保瑞元富4C購01","10,000","2","21,500","2.11","2.19","2.11","2.19","X","0.00","2.15","25","2.25","10","693.00",
="062235","T50反1凱基4A購01","0","0","0","--","--","--","--"," ","0.00","--","0","0.01","30","18.29",
="062243","鴻準凱基4B購02","0","0","0","--","--","--","--"," ","0.00","0.03","100","0.13","10","70.70",
="062256","亞光凱基4A購01","0","0","0","--","--","--","--"," ","0.00","1.08","499","2.00","10","161.50",
="062275","T50反1群益4A購01","0","0","0","--","--","--","--"," ","0.00","--","0","--","0","18.29",
="062276","T50反1群益4C購01","0","0","0","--","--","--","--"," ","0.00","--","0","--","0","18.29",
="062307","臺股指群益4A購03","30,000","1","47,700","1.59","1.59","1.59","1.59","X","0.00","1.52","499","1.53","499","0.00",
="062308","臺股指群益4A購04","0","0","0","--","--","--","--"," ","0.00","0.53","499","0.54","499","0.00",
="062309","臺股指群益4A購05","0","0","0","--","--","--","--"," ","0.00","--","0","--","0","0.00",
="062310","臺股指群益54購01","4,000","3","7,320","1.79","1.90","1.79","1.90","+","0.18","1.85","499","1.86","499","0.00",
="062311","臺股指群益54購02","0","0","0","--","--","--","--"," ","0.00","1.20","499","1.21","499","0.00",
="062327","智邦元大4A購02","0","0","0","--","--","--","--"," ","0.00","--","0","--","0","1,005.00",
="062334","全新元大4C購02","1,000","1","180","0.18","0.18","0.18","0.18","X","0.00","0.17","599","0.18","10","160.00",
="06233P","T50正2中信4A售01","0","0","0","--","--","--","--"," ","0.00","--","0","0.02","10","0.00",
="062343","智原元大4A購01","0","0","0","--","--","--","--"," ","0.00","--","0","0.10","10","174.00",
="062353","乙盛元大4B購02","56,000","5","58,790","1.12","1.12","1.01","1.01","-","0.11","0.97","499","0.99","10","73.80",
="062356","達發元大4C購01","0","0","0","--","--","--","--"," ","0.00","0.06","499","0.07","10","537.00",
="062386","台積電凱基4A購01","0","0","0","--","--","--","--"," ","0.00","28.30","10","--","0","1,340.00",
="062393","神達凱基4A購01","310,000","4","31,670","0.09","0.12","0.09","0.12"," ","0.00","0.10","190","0.12","93","90.00",
="062407","鴻海中信4A購02","210,000","3","75,700","0.36","0.37","0.36","0.37","X","0.00","0.36","100","0.37","10","0.00",
="062408","台積電中信4C購02","153,000","4","129,110","0.83","0.87","0.83","0.87","X","0.00","0.82","499","0.84","100","0.00",
="062411","聯發科中信4C購01","0","0","0","--","--","--","--"," ","0.00","0.21","499","0.22","10","0.00",
="062412","長榮中信4C購01","0","0","0","--","--","--","--"," ","0.00","0.02","10","0.03","10","0.00",
="062419","矽統永豐4C購01","30,000","1","2,400","0.08","0.08","0.08","0.08","-","0.01","0.07","10","0.08","10","58.60",
="062423","皇昌永豐4A購01","0","0","0","--","--","--","--"," ","0.00","0.10","10","0.19","1","72.70",
="062429","緯創永豐4C購01","60,000","4","268,600","4.27","4.58","4.27","4.58","X","0.00","4.15","499","4.25","10","122.50",
="062434","神達永豐4A購01","20,000","1","1,400","0.07","0.07","0.07","0.07","-","0.02","0.08","10","0.10","10","90.00",
="062451","鴻海群益5C購01","40,000","7","45,240","1.12","1.16","1.12","1.16","+","0.10","1.16","40","1.18","10","221.00",
="062452","鴻海群益5C購02","0","0","0","--","--","--","--"," ","0.00","0.97","100","0.98","100","221.00",
="062453","鴻海群益5C購03","60,000","5","52,720","0.88","0.88","0.87","0.88","+","0.05","0.88","100","0.89","100","221.00",
="062456","台積電群益58購01","1,000","1","1,520","1.52","1.52","1.52","1.52","+","0.14","0.76","43","1.60","1","1,340.00",
="062457","台積電群益58購02","10,000","1","19,200","1.92","1.92","1.92","1.92","+","0.23","0.75","13","--","0","1,340.00",
="062461","凌陽群益52購01","76,000","6","13,470","0.22","0.22","0.17","0.17","-","0.02","0.17","50","0.22","19","23.65",
="062468","陽明群益4C購01","0","0","0","--","--","--","--"," ","0.00","0.05","100","0.06","100","55.20",
="062473","景碩群益4A購01","0","0","0","--","--","--","--"," ","0.00","0.06","186","--","0","111.50",
="062478","台塑化群益4A購01","4,000","1","200","0.05","0.05","0.05","0.05","-","0.01","0.05","499","0.86","90","39.25",
="062484","台光電統一4C購01","0","0","0","--","--","--","--"," ","0.00","3.17","10","3.22","10","1,345.00",
="062485","神達統一4C購02","0","0","0","--","--","--","--"," ","0.00","0.33","10","0.34","10","90.00",
="062486","神達統一4C購03","5,000","4","2,520","0.52","0.52","0.50","0.50","+","0.05","0.51","10","0.52","10","90.00",
="062487","神達統一52購01","610,000","19","253,900","0.42","0.43","0.40","0.40","+","0.01","0.41","10","0.42","10","90.00",
="062488","神達統一53購02","159,000","7","62,420","0.40","0.40","0.37","0.38","+","0.02","0.39","10","0.40","10","90.00",
="062489","神達統一54購01","2,000","1","1,360","0.68","0.68","0.68","0.68","X","0.00","0.66","10","0.67","10","90.00",
="062490","神達統一58購01","0","0","0","--","--","--","--"," ","0.00","0.79","10","0.80","10","90.00",
="062491","神達統一5C購01","167,000","11","128,340","0.77","0.79","0.75","0.78","+","0.04","0.77","10","0.78","10","90.00",
="062492","材料統一56購01","54,000","2","10,260","0.19","0.19","0.19","0.19","+","0.01","0.18","11","0.19","10","66.40",
="062499","金像電元富4C購01","0","0","0","--","--","--","--"," ","0.00","8.45","25","8.95","10","455.00",
="062501","聯發科元富4A購01","0","0","0","--","--","--","--"," ","0.00","0.69","25","0.79","10","1,375.00",
="062502","聯發科元富4A購02","0","0","0","--","--","--","--"," ","0.00","0.44","25","0.46","25","1,375.00",
="062510","神達元富4C購01","796,000","27","845,250","1.02","1.09","0.95","1.00","+","0.12","1.02","25","1.03","25","90.00",
="062511","神達元富4C購02","207,000","29","197,260","0.92","0.99","0.87","0.90","+","0.03","0.92","25","0.93","25","90.00",
="062514","精誠元富4C購01","10,000","1","1,800","0.18","0.18","0.18","0.18","X","0.00","0.10","100","0.18","25","122.50",
="06251P","世芯群益4C售04","200,000","3","102,000","0.51","0.51","0.51","0.51","X","0.00","0.51","50","--","0","0.00",
="06253P","T50正2元大4B售02","79,000","6","5,650","0.08","0.16","0.07","0.16","+","0.06","0.07","205","0.17","10","0.00",
="06256P","台塑元富4C售02","0","0","0","--","--","--","--"," ","0.00","0.46","25","0.47","25","0.00",
="062571","台積電元大4C購01","0","0","0","--","--","--","--"," ","0.00","--","0","--","0","1,340.00",
="062572","智邦元大4B購01","9,000","2","17,640","1.96","1.96","1.96","1.96","X","0.00","--","0","--","0","1,005.00",
="062573","智邦元大4C購02","861,000","9","656,410","0.76","0.80","0.76","0.76","+","0.03","0.51","2","--","0","1,005.00",
="062587","凱基金元大4B購02","0","0","0","--","--","--","--"," ","0.00","--","0","0.10","10","15.00",
="062595","神達元大4B購03","1,139,000","21","558,330","0.50","0.55","0.47","0.49","+","0.05","0.50","499","0.51","10","90.00",
="062630","亞光中信4A購01","260,000","1","36,400","0.14","0.14","0.14","0.14","-","0.03","0.14","10","0.19","10","0.00",
="06263P","臺股指中信4A售03","20,000","1","1,400","0.07","0.07","0.07","0.07","X","0.00","0.06","499","0.07","100","0.00",
="06264P","臺股指中信4A售04","0","0","0","--","--","--","--"," ","0.00","--","0","0.10","100","0.00",
="062681","聯發科統一4C購07","2,000","1","500","0.25","0.25","0.25","0.25","-","0.07","0.24","499","0.25","499","1,375.00",
="062682","富邦金統一4C購01","0","0","0","--","--","--","--"," ","0.00","0.16","10","0.17","10","88.40",
="062683","神達統一4C購05","50,000","2","27,700","0.55","0.56","0.55","0.56","+","0.06","0.53","10","0.54","10","90.00",
="062684","緯穎統一52購02","50,000","1","34,000","0.68","0.68","0.68","0.68","-","0.01","0.67","16","0.69","10","3,140.00",
="062687","台積電永豐54購01","81,000","5","594,950","6.95","7.70","6.95","7.70","+","1.75","1.21","8","8.00","2","1,340.00",
="062693","聯發科永豐4A購01","0","0","0","--","--","--","--"," ","0.00","--","0","0.03","10","1,375.00",
="062700","神達永豐4B購01","367,000","23","321,240","0.92","0.96","0.84","0.86","+","0.05","0.89","10","0.90","10","90.00",
="062701","神達永豐4C購01","33,000","5","25,520","0.80","0.80","0.76","0.80","+","0.12","0.77","10","0.78","10","90.00",
="062713","台化元富4C購01","23,000","1","9,200","0.40","0.40","0.40","0.40","X","0.00","0.40","25","0.41","25","28.95",
="062723","大同元富4C購01","0","0","0","--","--","--","--"," ","0.00","0.36","25","0.37","25","39.85",
="062727","亞光元富4C購01","0","0","0","--","--","--","--"," ","0.00","0.94","25","0.97","25","161.50",
="062728","亞光元富4C購02","31,000","4","18,180","0.60","0.60","0.57","0.58","-","0.06","0.57","25","0.58","25","161.50",
="062734","力積電元富4C購01","3,000","3","17,800","6.10","6.10","5.85","5.85","+","1.73","5.85","1","6.20","1","23.45",
="062749","大立光富邦4B購02","2,065,000","25","987,700","0.51","0.51","0.46","0.48","-","0.02","0.47","10","0.48","90","0.00",
="062757","臺指反群益4C購02","0","0","0","--","--","--","--"," ","0.00","0.01","998","0.11","10","2.96",
="062771","亞光群益4A購01","169,000","4","42,450","0.26","0.26","0.25","0.25","-","0.06","0.01","529","0.35","10","161.50",
="062773","偉訓群益4A購01","0","0","0","--","--","--","--"," ","0.00","--","0","0.62","10","97.50",
="062776","嘉澤群益4B購01","0","0","0","--","--","--","--"," ","0.00","0.01","30","--","0","1,605.00",
="062790","臺股指群益4C購03","0","0","0","--","--","--","--"," ","0.00","0.84","499","0.85","499","0.00",
="062791","臺股指群益56購01","0","0","0","--","--","--","--"," ","0.00","2.19","499","2.20","499","0.00",
="062795","臺指反元大4A購01","0","0","0","--","--","--","--"," ","0.00","--","0","0.10","10","2.96",
="062804","台積電元大4A購04","0","0","0","--","--","--","--"," ","0.00","--","0","--","0","1,340.00",
="062805","智邦元大4B購02","483,000","6","263,840","0.54","0.59","0.54","0.59","+","0.07","0.09","111","--","0","1,005.00",
="06280P","台塑群益4B售01","0","0","0","--","--","--","--"," ","0.00","0.14","100","0.15","100","0.00",
="062811","全新元大4A購01","0","0","0","--","--","--","--"," ","0.00","0.02","499","0.12","10","160.00",
="062812","華航元大4B購01","0","0","0","--","--","--","--"," ","0.00","0.13","499","0.14","10","20.95",
="062824","神達元大4B購04","152,000","5","82,940","0.52","0.57","0.52","0.56","+","0.05","0.56","499","0.58","10","90.00",
="062830","達發元大4A購01","0","0","0","--","--","--","--"," ","0.00","--","0","0.10","10","537.00",
="062840","所羅門中信4A購01","0","0","0","--","--","--","--"," ","0.00","--","0","0.05","10","0.00",
="062848","臺股指中信4B購01","2,000","2","1,260","0.61","0.65","0.61","0.65","X","0.00","0.61","499","0.62","100","0.00",
="062849","臺股指中信4B購02","0","0","0","--","--","--","--"," ","0.00","--","0","0.01","1,516","0.00",
="062857","創意永豐4C購01","18,000","5","6,270","0.34","0.35","0.34","0.35","+","0.03","0.34","10","0.35","10","1,315.00",
="062859","世芯永豐4B購03","0","0","0","--","--","--","--"," ","0.00","0.96","10","0.97","10","3,700.00",
="062860","世芯永豐53購01","0","0","0","--","--","--","--"," ","0.00","2.28","10","2.29","10","3,700.00",
="062865","金像電統一4A購02","0","0","0","--","--","--","--"," ","0.00","3.11","10","3.21","10","455.00",
="062866","台光電統一4C購02","0","0","0","--","--","--","--"," ","0.00","3.39","10","3.40","10","1,345.00",
="062867","聯發科統一4C購08","1,431,000","5","445,120","0.32","0.32","0.30","0.30","-","0.04","0.28","10","0.29","10","1,375.00",
="062868","聯發科統一5C購01","0","0","0","--","--","--","--"," ","0.00","0.63","10","0.64","10","1,375.00",
="062869","亞光統一4C購03","1,417,000","14","414,110","0.31","0.31","0.28","0.28","-","0.03","0.28","10","0.29","10","161.50",
="062870","亞光統一54購01","684,000","12","241,180","0.36","0.36","0.34","0.35","-","0.01","0.34","209","0.35","10","161.50",
="062871","創意統一58購01","0","0","0","--","--","--","--"," ","0.00","0.34","10","0.35","10","1,315.00",
="062881","台積電元富4C購01","0","0","0","--","--","--","--"," ","0.00","0.10","11","--","0","1,340.00",
="062882","智邦元富4A購01","0","0","0","--","--","--","--"," ","0.00","0.68","25","0.72","25","1,005.00",
="062883","金像電元富4C購02","0","0","0","--","--","--","--"," ","0.00","3.90","25","4.00","10","455.00",
="062885","台光電元富4A購04","0","0","0","--","--","--","--"," ","0.00","11.70","25","12.10","25","1,345.00",
="062886","台光電元富4A購05","0","0","0","--","--","--","--"," ","0.00","13.70","25","14.10","25","1,345.00",
="062888","富邦金元富4C購01","37,000","2","69,730","1.87","1.89","1.87","1.89","X","0.00","1.76","25","1.86","10","88.40",
="062889","國泰金元富4C購01","52,000","2","35,110","0.68","0.68","0.67","0.67","X","0.00","0.66","25","0.68","25","66.20",
="062890","亞光元富4A購01","20,000","2","6,600","0.33","0.33","0.33","0.33","-","0.07","0.31","25","0.32","25","161.50",
="062891","創意元富5C購01","815,000","12","1,015,570","1.22","1.25","1.22","1.24","+","0.09","1.23","25","1.24","24","1,315.00",
="062892","群創元富4C購01","5,000","1","1,500","0.30","0.30","0.30","0.30","-","0.01","0.29","25","0.30","25","14.15",
="062907","台積電凱基5C購01","0","0","0","--","--","--","--"," ","0.00","1.80","100","1.90","10","1,340.00",
="062908","智邦凱基4A購01","1,000","1","2,290","2.29","2.29","2.29","2.29","+","0.37","2.21","100","--","0","1,005.00",
="062917","長榮凱基4A購03","0","0","0","--","--","--","--"," ","0.00","--","0","0.10","10","182.00",
="062918","陽明凱基4A購01","0","0","0","--","--","--","--"," ","0.00","--","0","0.10","10","55.20",
="062945","台塑元大4C購01","83,000","1","118,690","1.43","1.43","1.43","1.43","+","0.08","1.34","499","1.35","10","38.60",
="06294P","世芯統一4A售02","0","0","0","--","--","--","--"," ","0.00","0.03","10","0.04","10","0.00",
="062957","仁寶元大4A購01","1,604,000","10","252,550","0.16","0.17","0.13","0.13","+","0.01","0.12","499","0.13","10","31.40",
="062960","台積電元大4A購05","2,823,000","13","235,570","0.07","0.09","0.07","0.09","X","0.00","--","0","--","0","1,340.00",
="062967","正崴元大4B購02","0","0","0","--","--","--","--"," ","0.00","0.04","499","0.14","10","48.80",
="062977","華航元大4B購02","0","0","0","--","--","--","--"," ","0.00","0.17","499","0.18","10","20.95",
="062994","達發元大4A購02","0","0","0","--","--","--","--"," ","0.00","--","0","0.10","10","537.00",
="063010","聯發科群益4C購02","0","0","0","--","--","--","--"," ","0.00","--","0","--","0","1,375.00",
="063027","南電群益4C購01","0","0","0","--","--","--","--"," ","0.00","--","0","--","0","234.50",
="063048","臺股指富邦4A購03","0","0","0","--","--","--","--"," ","0.00","--","0","0.03","100","0.00",
="063074","上銀統一54購01","0","0","0","--","--","--","--"," ","0.00","0.11","50","0.12","10","217.50",
="063075","鴻海統一4C購07","121,000","2","95,290","0.76","0.79","0.76","0.79","X","0.00","0.79","10","0.80","10","221.00",
="063076","鴻海統一5C購01","0","0","0","--","--","--","--"," ","0.00","0.70","10","0.71","10","221.00",
="063077","精銳統一54購02","0","0","0","--","--","--","--"," ","0.00","0.27","10","0.28","10","695.00",
="063078","精銳統一56購01","0","0","0","--","--","--","--"," ","0.00","0.18","10","0.19","60","695.00",
="063079","緯穎統一54購01","127,000","8","69,850","0.55","0.55","0.55","0.55"," ","0.00","0.54","10","0.59","164","3,140.00",
="063087","亞光國票4A購01","750,000","3","100,500","0.14","0.14","0.13","0.13","-","0.04","0.13","25","0.14","10","161.50",
="063102","台積電中信4A購01","0","0","0","--","--","--","--"," ","0.00","0.23","499","0.24","100","0.00",
="063111","緯穎中信4C購01","35,000","4","11,200","0.32","0.33","0.31","0.33","+","0.01","0.31","10","0.32","10","0.00",
="063122","台積電凱基4B購02","0","0","0","--","--","--","--"," ","0.00","0.85","100","0.95","10","1,340.00",
="063123","台積電凱基53購05","0","0","0","--","--","--","--"," ","0.00","18.00","100","19.00","10","1,340.00",
="063132","華航凱基4B購01","0","0","0","--","--","--","--"," ","0.00","0.02","100","0.12","10","20.95",
="063134","大立光凱基4A購02","0","0","0","--","--","--","--"," ","0.00","--","0","0.10","10","2,360.00",
="063136","緯創凱基4A購02","0","0","0","--","--","--","--"," ","0.00","0.82","100","0.85","10","122.50",
="063142","達發凱基4A購01","0","0","0","--","--","--","--"," ","0.00","--","0","0.10","10","537.00",
="063148","元債2X元富5C購02","0","0","0","--","--","--","--"," ","0.00","0.87","25","0.88","25","7.35",
="063153","鴻海元富4C購03","0","0","0","--","--","--","--"," ","0.00","3.70","25","3.80","25","221.00",
="063159","亞光元富4A購02","650,000","2","201,500","0.31","0.31","0.31","0.31","X","0.00","0.31","25","0.32","25","161.50",
="063160","亞光元富51購01","13,000","4","6,100","0.48","0.49","0.46","0.47","-","0.04","0.45","25","0.46","25","161.50",
="063161","智原元富4A購01","0","0","0","--","--","--","--"," ","0.00","--","0","0.10","25","174.00",
="063164","緯創元富4C購02","0","0","0","--","--","--","--"," ","0.00","6.40","25","6.60","25","122.50",
="063166","創意元富4C購08","0","0","0","--","--","--","--"," ","0.00","0.37","25","--","0","1,315.00",
="063172","世芯元富4C購02","0","0","0","--","--","--","--"," ","0.00","0.46","25","0.47","25","3,700.00",
="063173","世芯元富56購02","2,000","1","2,520","1.26","1.26","1.26","1.26","-","0.12","1.27","25","1.28","25","3,700.00",
="063174","世芯元富5C購01","0","0","0","--","--","--","--"," ","0.00","2.18","25","2.19","25","3,700.00",
="063182","聯電群益4A購02","0","0","0","--","--","--","--"," ","0.00","0.35","499","0.45","10","43.90",
="063189","南亞科群益4C購01","0","0","0","--","--","--","--"," ","0.00","--","0","--","0","81.00",
="063201","世芯群益4C購03","0","0","0","--","--","--","--"," ","0.00","--","0","--","0","3,700.00",
="063202","世芯群益53購01","0","0","0","--","--","--","--"," ","0.00","--","0","--","0","3,700.00",
="063214","S&P反1元大56購01","52,000","6","8,320","0.16","0.16","0.16","0.16"," ","0.00","0.15","111","0.16","10","4.41",
="063216","道瓊反元大56購01","5,000","1","950","0.19","0.19","0.19","0.19","X","0.00","0.18","100","0.19","10","5.81",
="063250","智原元大4B購01","0","0","0","--","--","--","--"," ","0.00","0.07","499","0.08","10","174.00",
="063269","上銀元富4C購01","0","0","0","--","--","--","--"," ","0.00","0.11","25","0.12","25","217.50",
="063270","鴻準元富4C購01","131,000","5","45,420","0.36","0.36","0.33","0.34","-","0.01","0.33","25","0.34","24","70.70",
="063271","陽明元富4C購01","0","0","0","--","--","--","--"," ","0.00","0.14","25","0.15","25","55.20",
="063273","祥碩元富4A購04","0","0","0","--","--","--","--"," ","0.00","--","0","0.10","25","1,525.00",
="063275","上銀統一4C購02","0","0","0","--","--","--","--"," ","0.00","0.02","10","0.03","10","217.50",
="063276","上銀統一4C購03","0","0","0","--","--","--","--"," ","0.00","0.03","40","0.04","10","217.50",
="063277","上銀統一52購01","0","0","0","--","--","--","--"," ","0.00","0.10","10","0.11","49","217.50",
="063278","鴻海統一4C購08","35,000","8","31,200","0.87","0.92","0.87","0.92","X","0.00","0.90","10","0.91","10","221.00",
="063279","大立光統一4C購02","20,000","2","2,600","0.13","0.13","0.13","0.13"," ","0.00","0.12","10","0.13","10","2,360.00",
="063280","大立光統一5C購01","0","0","0","--","--","--","--"," ","0.00","0.48","10","0.49","10","2,360.00",
="063281","世芯統一4C購04","183,000","3","112,120","0.64","0.64","0.60","0.60","-","0.02","0.58","10","0.59","10","3,700.00",
="063282","世芯統一52購01","189,000","6","135,830","0.72","0.72","0.65","0.65","-","0.05","0.65","10","0.66","10","3,700.00",
="063283","世芯統一58購02","544,000","7","559,760","1.05","1.05","0.99","0.99","-","0.06","0.99","40","1.00","10","3,700.00",
="063284","世芯統一5C購01","20,000","3","26,800","1.34","1.34","1.34","1.34","-","0.02","1.26","10","1.27","10","3,700.00",
="063285","道瓊2X中信4A購01","0","0","0","--","--","--","--"," ","0.00","0.13","499","0.14","100","0.00",
="063289","華碩中信4A購01","0","0","0","--","--","--","--"," ","0.00","1.78","499","1.79","10","0.00",
="063294","聯詠中信4A購01","18,000","1","12,060","0.67","0.67","0.67","0.67","X","0.00","0.65","499","0.66","10","0.00",
="063296","臺股指中信4A購01","1,000","1","210","0.21","0.21","0.21","0.21","X","0.00","0.21","499","0.22","100","0.00",
="063297","臺股指中信4A購02","894,000","4","169,860","0.19","0.19","0.19","0.19","+","0.05","0.20","499","0.21","100","0.00",
="063301","鴻海永豐4A購03","0","0","0","--","--","--","--"," ","0.00","1.03","499","1.13","10","221.00",
="063309","世芯永豐4A購04","0","0","0","--","--","--","--"," ","0.00","0.09","499","0.10","10","3,700.00",
="063310","世芯永豐4C購02","10,000","1","6,100","0.61","0.61","0.61","0.61","-","0.10","0.52","10","0.53","10","3,700.00",
="063311","世芯永豐4C購03","53,000","3","52,810","0.99","1.01","0.99","0.99","-","0.17","0.92","499","0.93","10","3,700.00",
="063336","美德醫國票4B購01","0","0","0","--","--","--","--"," ","0.00","0.02","25","0.03","10","4.79",
="063338","T50正2凱基4B購01","0","0","0","--","--","--","--"," ","0.00","2.36","10","--","0","302.45",
="06333P","台灣50中信4A售02","0","0","0","--","--","--","--"," ","0.00","--","0","0.02","10","0.00",
="063346","台積電凱基4C購05","320,000","16","301,720","0.91","1.00","0.90","1.00","+","0.21","0.96","100","--","0","1,340.00",
="06334P","T50正2中信4A售02","0","0","0","--","--","--","--"," ","0.00","--","0","0.02","10","0.00",
="063363","世芯凱基4C購01","0","0","0","--","--","--","--"," ","0.00","0.35","100","0.36","50","3,700.00",
="063364","世芯凱基4C購02","90,000","3","51,600","0.59","0.59","0.54","0.54","-","0.06","0.53","100","0.54","30","3,700.00",
="063370","臺股指凱基4C購03","0","0","0","--","--","--","--"," ","0.00","2.37","100","2.38","10","0.00",
="063392","聯電群益4C購01","0","0","0","--","--","--","--"," ","0.00","0.06","166","--","0","43.90",
="063408","世芯群益4C購05","0","0","0","--","--","--","--"," ","0.00","--","0","--","0","3,700.00",
="063417","訊芯群益4C購01","208,000","5","89,890","0.42","0.44","0.42","0.43","+","0.02","0.18","55","--","0","164.50",
="063482","台塑富邦4A購01","0","0","0","--","--","--","--"," ","0.00","0.45","30","0.51","10","0.00",
="063496","金像電兆豐4C購01","180,000","3","1,222,400","6.80","6.80","6.75","6.75","X","0.00","6.75","10","--","0","455.00",
="063497","緯創兆豐4C購01","1,107,000","31","1,129,320","1.01","1.10","0.98","0.98","+","0.06","0.95","10","0.96","10","122.50",
="063500","緯穎兆豐4C購01","1,018,000","7","1,629,250","1.61","1.64","1.60","1.60","+","0.02","0.66","30","--","0","3,140.00",
="063502","台積電統一4C購13","100,000","2","99,000","0.99","0.99","0.99","0.99","+","0.14","0.95","10","0.96","10","1,340.00",
="063503","台積電統一5C購01","523,000","10","329,910","0.60","0.64","0.60","0.63","+","0.04","0.62","10","0.70","4","1,340.00",
="063507","國巨中信4A購01","392,000","15","244,580","0.61","0.66","0.57","0.59","-","0.02","0.57","10","0.59","10","0.00",
="063545","T50反1元富4C購03","0","0","0","--","--","--","--"," ","0.00","0.01","300","0.08","100","18.29",
="063546","FBNQ2X元富4C購01","0","0","0","--","--","--","--"," ","0.00","2.66","25","2.67","25","159.20",
="063547","FBNQ2X元富4C購02","0","0","0","--","--","--","--"," ","0.00","4.97","25","4.99","25","159.20",
="063552","潤泰全元富4C購01","0","0","0","--","--","--","--"," ","0.00","0.03","25","0.10","10","52.30",
="063555","臺股指元富4B購01","0","0","0","--","--","--","--"," ","0.00","0.20","25","0.21","25","0.00",
="063556","美債2X永豐4B購01","0","0","0","--","--","--","--"," ","0.00","0.20","499","0.21","10","7.33",
="063558","中502X永豐4C購01","0","0","0","--","--","--","--"," ","0.00","1.79","10","1.83","10","13.10",
="063561","鴻海永豐4B購01","41,000","2","39,460","0.96","0.97","0.96","0.97","X","0.00","0.96","499","0.97","10","221.00",
="063569","世芯永豐5A購01","41,000","5","114,110","2.82","2.82","2.77","2.81","-","0.20","2.71","10","2.72","10","3,700.00",
="063588","台積電凱基4C購06","48,000","2","93,120","1.91","2.03","1.91","2.03","+","0.36","1.96","100","2.06","10","1,340.00",
="063590","聯發科凱基4A購04","0","0","0","--","--","--","--"," ","0.00","--","0","0.10","10","1,375.00",
="063598","臻鼎凱基4A購01","160,000","8","187,600","1.30","1.36","1.12","1.12","-","0.06","0.87","100","0.97","10","171.50",
="063612","台積電群益5C購01","14,000","4","43,470","3.03","3.14","3.03","3.13","+","0.27","1.64","6","--","0","1,340.00",
="063613","台積電群益5C購02","0","0","0","--","--","--","--"," ","0.00","1.01","1","--","0","1,340.00",
="06363P","美指2X國票4C售01","0","0","0","--","--","--","--"," ","0.00","1.04","25","1.05","10","0.00",
="063693","京元電永豐4C購01","0","0","0","--","--","--","--"," ","0.00","1.86","10","1.93","15","167.00",
="063695","全新永豐4C購01","0","0","0","--","--","--","--"," ","0.00","0.66","499","0.67","10","160.00",
="063697","陽明永豐4C購01","0","0","0","--","--","--","--"," ","0.00","0.06","10","0.07","10","55.20",
="063699","緯創永豐4C購02","0","0","0","--","--","--","--"," ","0.00","1.14","10","1.17","10","122.50",
="063700","世芯永豐54購01","67,000","9","115,960","1.80","1.80","1.65","1.65","-","0.14","1.64","10","1.66","10","3,700.00",
="063702","中磊永豐4C購01","38,000","1","10,640","0.28","0.28","0.28","0.28","X","0.00","0.27","10","0.28","10","105.50",
="063703","啟碁永豐4C購01","0","0","0","--","--","--","--"," ","0.00","0.23","10","0.24","10","121.00",
="063708","宇隆統一56購01","21,000","1","9,240","0.44","0.44","0.44","0.44","+","0.01","0.40","10","0.41","10","217.00",
="063709","昆盈統一54購01","0","0","0","--","--","--","--"," ","0.00","0.32","10","0.33","10","42.60",
="063710","昆盈統一54購02","2,000","1","480","0.24","0.24","0.24","0.24","X","0.00","0.24","10","0.25","10","42.60",
="063711","長榮統一4C購04","0","0","0","--","--","--","--"," ","0.00","0.28","10","0.29","10","182.00",
="063712","長榮統一5C購01","1,000","1","360","0.36","0.36","0.36","0.36","-","0.02","0.36","11","0.37","10","182.00",
="063713","精銳統一52購02","0","0","0","--","--","--","--"," ","0.00","0.15","10","0.16","10","695.00",
="063714","中磊統一4C購01","0","0","0","--","--","--","--"," ","0.00","0.09","10","0.10","10","105.50",
="063715","啟碁統一4C購01","0","0","0","--","--","--","--"," ","0.00","0.12","10","0.13","10","121.00",
="063716","啟碁統一54購01","130,000","1","40,300","0.31","0.31","0.31","0.31","+","0.01","0.30","10","0.31","10","121.00",
="06371P","世芯國票49售02","0","0","0","--","--","--","--"," ","0.00","--","0","--","0","0.00",
="063725","世芯中信4A購01","0","0","0","--","--","--","--"," ","0.00","0.08","499","0.09","10","0.00",
="063729","元黃金國票4C購02","0","0","0","--","--","--","--"," ","0.00","8.15","25","8.20","1","40.68",
="063731","道瓊銅國票4C購01","0","0","0","--","--","--","--"," ","0.00","0.99","25","1.00","10","25.59",
="063750","鈞興國票4A購01","0","0","0","--","--","--","--"," ","0.00","--","0","0.02","20","178.50",
="063759","元債2X元富5C購03","0","0","0","--","--","--","--"," ","0.00","0.91","25","0.92","25","7.35",
="063760","元日2X元富5C購01","21,000","2","17,650","0.85","0.85","0.84","0.84","+","0.01","0.83","25","0.84","25","5.87",
="063767","台積電元富4C購02","0","0","0","--","--","--","--"," ","0.00","1.13","30","--","0","1,340.00",
="063768","友訊元富4C購01","0","0","0","--","--","--","--"," ","0.00","0.06","25","0.10","10","17.80",
="06376P","台灣50富邦49售02","0","0","0","--","--","--","--"," ","0.00","--","0","0.01","299","0.00",
="063777","鈞興元富4C購01","21,000","2","2,520","0.12","0.12","0.12","0.12"," ","0.00","0.11","50","0.12","25","178.50",
="063781","精銳元富4C購01","0","0","0","--","--","--","--"," ","0.00","0.18","25","0.20","25","695.00",
="06378P","臺股指元富4B售03","116,000","14","23,180","0.21","0.21","0.18","0.19","-","0.05","0.18","35","0.19","25","0.00",
="063795","FBNQ2X凱基4C購01","0","0","0","--","--","--","--"," ","0.00","1.24","100","1.25","50","159.20",
="06379P","臺股指元富4B售04","2,000","1","320","0.16","0.16","0.16","0.16","X","0.00","0.15","25","0.16","25","0.00",
="063802","台積電凱基4C購07","0","0","0","--","--","--","--"," ","0.00","9.40","100","9.90","10","1,340.00",
="06381P","台積電凱基4C售09","433,000","3","69,670","0.18","0.18","0.15","0.15","-","0.09","0.16","100","0.26","10","0.00",
="063826","臺股指凱基4B購11","2,000","1","140","0.07","0.07","0.07","0.07","X","0.00","0.07","100","0.08","10","0.00",
="063840","台積電群益5C購03","29,000","3","76,210","2.62","2.65","2.62","2.65","+","0.21","1.20","28","--","0","1,340.00",
="063841","台積電群益5C購04","122,000","8","247,340","1.96","2.07","1.96","2.03","-","0.85","1.95","1","2.80","1","1,340.00",
="063851","世芯群益4B購01","1,000","1","540","0.54","0.54","0.54","0.54","X","0.00","0.18","1","--","0","3,700.00",
="063852","世芯群益4C購06","0","0","0","--","--","--","--"," ","0.00","--","0","--","0","3,700.00",
="063866","台塑元大4A購01","0","0","0","--","--","--","--"," ","0.00","0.14","499","0.15","10","38.60",
="063886","智原元大4A購02","0","0","0","--","--","--","--"," ","0.00","--","0","0.10","30","174.00",
="063899","晶碩元大4A購01","2,000","2","250","0.13","0.13","0.12","0.12","-","0.02","0.12","499","0.13","10","316.00",
="06389P","臺股指元大49售20","0","0","0","--","--","--","--"," ","0.00","--","0","0.10","10","0.00",
="063900","達發元大4B購01","0","0","0","--","--","--","--"," ","0.00","0.16","499","0.17","10","537.00",
="063909","聯電統一4C購01","153,000","8","63,700","0.40","0.44","0.40","0.44","+","0.04","0.44","40","0.46","5","43.90",
="063910","國巨統一4C購01","83,000","10","89,380","1.09","1.17","1.04","1.05","-","0.06","1.04","10","1.10","30","176.00",
="063911","金像電統一4C購02","0","0","0","--","--","--","--"," ","0.00","2.19","10","2.20","10","455.00",
="063912","台光電統一4C購03","0","0","0","--","--","--","--"," ","0.00","3.36","10","3.37","10","1,345.00",
="063913","采鈺統一4C購01","305,000","2","115,900","0.38","0.38","0.38","0.38","X","0.00","0.39","10","0.40","10","305.50",
="063915","臺指反中信4C購02","2,591,000","9","464,500","0.18","0.18","0.16","0.18","X","0.00","0.16","300","0.17","100","0.00",
="063917","鴻海中信4C購02","0","0","0","--","--","--","--"," ","0.00","0.44","499","0.45","100","0.00",
="063919","材料中信49購02","0","0","0","--","--","--","--"," ","0.00","--","0","0.02","10","0.00",
="063926","道瓊銀國票4A購01","42,000","5","95,500","2.27","2.38","2.22","2.38","+","0.21","2.28","25","2.38","9","36.75",
="063932","台積電國票4C購01","0","0","0","--","--","--","--"," ","0.00","0.82","25","0.83","10","1,340.00",
="06393P","智邦群益4A售02","0","0","0","--","--","--","--"," ","0.00","--","0","--","0","0.00",
="063950","上銀永豐4A購01","0","0","0","--","--","--","--"," ","0.00","0.04","499","0.05","10","217.50",
="063951","英業達永豐4C購01","7,000","1","2,520","0.36","0.36","0.36","0.36","+","0.03","0.34","10","0.35","10","45.00",
="063953","威盛永豐4C購01","0","0","0","--","--","--","--"," ","0.00","0.09","499","0.10","10","59.50",
="063954","友達永豐4C購01","207,000","4","69,270","0.34","0.34","0.31","0.31","X","0.00","0.30","10","0.31","15","13.70",
="063958","晟銘電永豐49購01","0","0","0","--","--","--","--"," ","0.00","--","0","0.05","10","121.00",
="063960","聯詠永豐4A購01","0","0","0","--","--","--","--"," ","0.00","0.07","10","0.08","10","443.00",
="063962","群創永豐4C購01","0","0","0","--","--","--","--"," ","0.00","0.63","499","0.64","10","14.15",
="063963","世芯永豐56購01","376,000","23","885,040","2.49","2.49","2.29","2.32","-","0.14","2.29","10","2.33","10","3,700.00",
="063967","世紀鋼永豐4C購01","0","0","0","--","--","--","--"," ","0.00","1.18","499","1.19","10","171.50",
="063968","中興電富邦49購01","3,000","2","960","0.32","0.32","0.32","0.32","X","0.00","0.32","27","0.33","1","0.00",
="063970","川湖富邦49購01","0","0","0","--","--","--","--"," ","0.00","3.92","30","--","0","0.00",
="063975","碩天富邦4A購01","0","0","0","--","--","--","--"," ","0.00","--","0","0.03","10","0.00",
="063977","致新富邦4A購01","0","0","0","--","--","--","--"," ","0.00","0.04","30","0.05","10","0.00",
="063978","上銀兆豐4C購01","0","0","0","--","--","--","--"," ","0.00","0.11","60","0.12","10","217.50",
="063980","美利達兆豐4C購01","0","0","0","--","--","--","--"," ","0.00","0.09","10","0.10","10","108.00",
="063981","T50反1元富4C購04","0","0","0","--","--","--","--"," ","0.00","0.01","604","0.10","25","18.29",
="063986","華碩元富4C購01","21,000","1","34,020","1.62","1.62","1.62","1.62","+","0.01","1.63","25","1.65","30","684.00",
="063989","金像電元富49購01","0","0","0","--","--","--","--"," ","0.00","7.45","25","7.95","10","455.00",
="063990","美律元富4C購01","156,000","4","88,400","0.56","0.60","0.56","0.60","X","0.00","0.60","25","0.61","25","104.00",
="063991","聯發科元富49購01","0","0","0","--","--","--","--"," ","0.00","0.47","25","0.57","10","1,375.00",
="063995","智易元富4C購01","0","0","0","--","--","--","--"," ","0.00","3.46","25","3.50","25","223.00",
="063996","啟碁元富4C購01","0","0","0","--","--","--","--"," ","0.00","0.27","25","0.28","25","121.00",
="063998","達發元富4C購01","0","0","0","--","--","--","--"," ","0.00","0.23","25","0.24","25","537.00",
="063999","臺股指元富4B購02","7,000","5","3,840","0.56","0.56","0.54","0.54","+","0.04","0.61","25","0.62","25","0.00",
="064014","元債2X凱基5C購02","0","0","0","--","--","--","--"," ","0.00","0.84","499","0.85","499","7.35",
="064017","上銀凱基4A購02","0","0","0","--","--","--","--"," ","0.00","--","0","0.10","10","217.50",
="064020","台積電凱基4C購08","30,000","1","420,000","14.00","14.00","14.00","14.00","X","0.00","14.70","100","14.80","10","1,340.00",
="064035","中磊凱基49購01","0","0","0","--","--","--","--"," ","0.00","--","0","0.02","10","105.50",
="064037","達發凱基49購01","0","0","0","--","--","--","--"," ","0.00","--","0","0.10","10","537.00",
="064040","道瓊銅元大4A購01","0","0","0","--","--","--","--"," ","0.00","0.40","499","0.50","100","25.59",
="064041","道瓊2X元大49購01","0","0","0","--","--","--","--"," ","0.00","0.25","100","0.35","10","28.27",
="064067","智原元大4A購03","0","0","0","--","--","--","--"," ","0.00","0.01","499","0.11","10","174.00",
="064073","緯創元大4B購01","116,000","7","54,230","0.47","0.53","0.45","0.47","+","0.04","0.46","499","0.47","10","122.50",
="064090","臺股指元大49購19","0","0","0","--","--","--","--"," ","0.00","2.13","499","2.23","10","0.00",
="064092","臺指反群益52購01","0","0","0","--","--","--","--"," ","0.00","0.03","400","0.13","10","2.96",
="064097","華新群益49購01","0","0","0","--","--","--","--"," ","0.00","--","0","0.01","1,028","24.05",
="064115","盟立群益4C購01","181,000","4","17,330","0.11","0.11","0.09","0.09"," ","0.00","0.01","30","--","0","72.30",
="064118","陽明群益4C購02","0","0","0","--","--","--","--"," ","0.00","0.12","100","0.13","100","55.20",
="064119","陽明群益4C購03","0","0","0","--","--","--","--"," ","0.00","0.06","100","0.07","100","55.20",
="06412P","友訊群益4C售01","0","0","0","--","--","--","--"," ","0.00","0.89","10","0.99","10","0.00",
="064130","精銳群益4A購01","0","0","0","--","--","--","--"," ","0.00","--","0","--","0","695.00",
="064139","矽創群益4C購01","360,000","14","231,270","0.67","0.67","0.63","0.65","-","0.18","0.66","25","0.67","10","225.00",
="064153","臺股指富邦49購07","0","0","0","--","--","--","--"," ","0.00","0.49","499","--","0","0.00",
="064166","上銀元富4C購02","0","0","0","--","--","--","--"," ","0.00","0.16","25","0.17","25","217.50",
="064167","上銀元富4C購03","0","0","0","--","--","--","--"," ","0.00","0.03","25","0.10","10","217.50",
="064168","廣宇元富4C購01","0","0","0","--","--","--","--"," ","0.00","2.65","25","2.71","25","54.10",
="064173","台積電元富4C購03","0","0","0","--","--","--","--"," ","0.00","--","0","--","0","1,340.00",
="064177","上銀統一4B購01","0","0","0","--","--","--","--"," ","0.00","--","0","--","0","217.50",
="064178","上銀統一54購02","0","0","0","--","--","--","--"," ","0.00","0.07","10","0.16","10","217.50",
="064179","長榮航統一4C購02","0","0","0","--","--","--","--"," ","0.00","0.07","10","0.08","10","38.85",
="064180","晟銘電統一58購01","0","0","0","--","--","--","--"," ","0.00","0.29","10","0.30","10","121.00",
="064181","嘉晶統一54購01","263,000","26","125,900","0.46","0.58","0.42","0.58","+","0.13","0.56","2","0.58","76","55.80",
="064182","上証2X中信4C購01","0","0","0","--","--","--","--"," ","0.00","0.34","100","0.35","100","0.00",
="064183","美時中信49購01","0","0","0","--","--","--","--"," ","0.00","0.03","499","0.04","10","0.00",
="064186","大同中信4A購01","67,000","3","57,730","0.86","0.89","0.85","0.89","-","0.02","0.88","499","0.89","10","0.00",
="064188","慧洋中信49購01","0","0","0","--","--","--","--"," ","0.00","0.08","499","0.09","10","0.00",
="064189","穎崴中信49購02","0","0","0","--","--","--","--"," ","0.00","2.04","10","2.06","10","0.00",
="06418P","台積電凱基4A售15","0","0","0","--","--","--","--"," ","0.00","--","0","0.10","10","0.00",
="064190","臺股指中信4B購05","100,000","1","13,000","0.13","0.13","0.13","0.13","X","0.00","0.15","499","0.16","100","0.00",
="064191","臺股指中信4B購06","0","0","0","--","--","--","--"," ","0.00","--","0","0.01","2,078","0.00",
="064192","S&P正2國票4C購01","0","0","0","--","--","--","--"," ","0.00","0.42","25","0.43","10","110.95",
="064193","道瓊銅國票53購01","0","0","0","--","--","--","--"," ","0.00","1.12","25","1.13","10","25.59",
="064203","世芯國票49購03","0","0","0","--","--","--","--"," ","0.00","0.01","25","0.02","10","3,700.00",
="064207","上銀永豐49購01","0","0","0","--","--","--","--"," ","0.00","--","0","0.10","10","217.50",
="064208","聯電永豐4C購01","44,000","2","29,720","0.67","0.68","0.67","0.68","X","0.00","0.68","4","0.69","10","43.90",
="064210","愛山林永豐49購01","0","0","0","--","--","--","--"," ","0.00","--","0","0.10","10","81.70",
="064213","台航永豐49購01","0","0","0","--","--","--","--"," ","0.00","--","0","0.10","10","26.85",
="064216","世芯永豐4B購04","162,000","4","114,680","0.81","0.81","0.69","0.69","-","0.22","0.67","10","0.77","10","3,700.00",
="064217","日月光永豐4C購01","734,000","28","472,020","0.68","0.68","0.62","0.62"," ","0.00","0.62","10","0.63","10","174.50",
="064223","訊芯永豐4C購01","5,000","5","250","0.05","0.05","0.05","0.05"," ","0.00","0.04","10","0.05","10","164.50",
="06422P","臺股指凱基49售26","0","0","0","--","--","--","--"," ","0.00","--","0","--","0","0.00",
="064233","元債2X群益4C購05","0","0","0","--","--","--","--"," ","0.00","0.35","25","0.36","10","7.35",
="064234","台塑群益49購01","0","0","0","--","--","--","--"," ","0.00","--","0","--","0","38.60",
="064237","上銀群益4C購01","0","0","0","--","--","--","--"," ","0.00","0.09","100","0.10","100","217.50",
="064239","宇隆群益49購02","0","0","0","--","--","--","--"," ","0.00","--","0","--","0","217.00",
="064254","世芯群益4C購07","0","0","0","--","--","--","--"," ","0.00","0.63","10","--","0","3,700.00",
="064258","泰金寶群益4A購01","0","0","0","--","--","--","--"," ","0.00","--","0","0.01","100","6.02",
="064260","T50反1元大4A購01","0","0","0","--","--","--","--"," ","0.00","--","0","0.10","10","18.29",
="064261","T50反1元大4A購02","0","0","0","--","--","--","--"," ","0.00","0.01","100","0.10","10","18.29",
="064262","T50反1元大4B購01","0","0","0","--","--","--","--"," ","0.00","--","0","0.10","10","18.29",
="064263","T50反1元大4C購01","0","0","0","--","--","--","--"," ","0.00","0.01","100","0.11","10","18.29",
="064268","上銀元大49購02","0","0","0","--","--","--","--"," ","0.00","--","0","0.10","10","217.50",
="06427P","T50反1元富4C售05","1,000","1","1,410","1.41","1.41","1.41","1.41","X","0.00","1.46","25","1.47","25","0.00",
="064284","聯發科元大49購01","0","0","0","--","--","--","--"," ","0.00","--","0","0.10","10","1,375.00",
="064285","聯發科元大4B購02","10,000","1","800","0.08","0.08","0.08","0.08","-","0.03","0.08","140","0.09","10","1,375.00",
="064286","聯發科元大4C購01","1,023,000","22","159,170","0.17","0.17","0.15","0.15","-","0.04","0.14","519","0.15","30","1,375.00",
="064293","智原元大4B購02","0","0","0","--","--","--","--"," ","0.00","0.01","499","0.11","10","174.00",
="064303","神達元大4A購01","137,000","9","129,530","0.97","1.10","0.89","0.92","+","0.07","0.97","499","0.99","10","90.00",
="06430P","台積電凱基4C售11","0","0","0","--","--","--","--"," ","0.00","0.01","168","0.10","10","0.00",
="064316","臺指反凱基51購01","0","0","0","--","--","--","--"," ","0.00","0.03","100","0.13","10","2.96",
="064319","台塑凱基49購02","0","0","0","--","--","--","--"," ","0.00","0.06","10","0.16","10","38.60",
="064324","上銀凱基49購02","0","0","0","--","--","--","--"," ","0.00","--","0","--","0","217.50",
="064326","台積電凱基4C購10","0","0","0","--","--","--","--"," ","0.00","19.50","100","20.50","10","1,340.00",
="064327","友訊凱基4C購01","0","0","0","--","--","--","--"," ","0.00","0.05","10","0.07","50","17.80",
="064331","昆盈凱基4A購01","0","0","0","--","--","--","--"," ","0.00","0.02","90","0.08","19","42.60",
="064340","智原凱基4A購01","0","0","0","--","--","--","--"," ","0.00","0.01","100","0.11","10","174.00",
="064350","臺股指凱基49購27","0","0","0","--","--","--","--"," ","0.00","2.27","100","--","0","0.00",
="064356","盟立國票49購01","0","0","0","--","--","--","--"," ","0.00","--","0","0.02","225","72.30",
="064361","第一銅永豐49購01","0","0","0","--","--","--","--"," ","0.00","--","0","0.10","10","33.95",
="064362","新光鋼永豐49購01","0","0","0","--","--","--","--"," ","0.00","0.01","499","0.11","10","42.30",
="064367","興勤永豐49購01","0","0","0","--","--","--","--"," ","0.00","0.04","10","--","0","160.50",
="064369","國建永豐49購01","0","0","0","--","--","--","--"," ","0.00","--","0","0.10","10","22.80",
="064370","皇昌永豐49購01","0","0","0","--","--","--","--"," ","0.00","0.41","499","0.51","10","72.70",
="064371","漢唐兆豐4C購01","0","0","0","--","--","--","--"," ","0.00","9.90","10","--","0","987.00",
="064373","道瓊銀元富4C購01","0","0","0","--","--","--","--"," ","0.00","4.22","25","4.24","25","36.75",
="064374","FANG+元富4C購01","10,000","1","20,500","2.05","2.05","2.05","2.05","X","0.00","2.04","25","2.05","25","118.00",
="064377","台塑元富4C購03","0","0","0","--","--","--","--"," ","0.00","1.23","25","1.33","10","38.60",
="064382","鴻海富邦4A購02","0","0","0","--","--","--","--"," ","0.00","2.74","30","2.78","10","0.00",
="064383","台積電富邦4A購01","57,000","3","160,170","2.81","2.81","2.81","2.81","+","0.57","3.04","30","3.12","10","0.00",
="064384","南亞科富邦49購01","0","0","0","--","--","--","--"," ","0.00","7.20","10","--","0","0.00",
="064386","聯發科富邦4A購02","38,000","1","14,060","0.37","0.37","0.37","0.37","X","0.00","0.33","30","0.34","10","0.00",
="064388","神達富邦4A購01","10,000","1","13,400","1.34","1.34","1.34","1.34","+","0.05","1.40","30","1.44","10","0.00",
="064389","臻鼎富邦49購01","935,000","15","321,200","0.43","0.43","0.32","0.32","X","0.00","0.36","10","--","0","0.00",
="064396","聯發科國泰4C購01","0","0","0","--","--","--","--"," ","0.00","0.61","499","0.63","499","1,375.00",
="064404","盟立統一4C購01","0","0","0","--","--","--","--"," ","0.00","0.12","10","0.13","10","72.30",
="064405","神達統一56購01","39,000","3","26,330","0.67","0.69","0.67","0.67","+","0.02","0.67","10","0.68","10","90.00",
="064406","T50反1凱基4A購02","0","0","0","--","--","--","--"," ","0.00","--","0","0.02","10","18.29",
="064407","T50反1凱基4C購01","0","0","0","--","--","--","--"," ","0.00","0.04","100","0.05","10","18.29",
="06440P","臺股指元大49售21","0","0","0","--","--","--","--"," ","0.00","--","0","0.10","10","0.00",
="064415","智邦凱基49購01","0","0","0","--","--","--","--"," ","0.00","2.00","100","2.10","10","1,005.00",
="064420","陽明凱基49購02","0","0","0","--","--","--","--"," ","0.00","--","0","0.10","10","55.20",
="064426","祥碩凱基4C購02","0","0","0","--","--","--","--"," ","0.00","0.03","100","0.13","10","1,525.00",
="064438","臺股指凱基4A購11","4,000","1","1,920","0.48","0.48","0.48","0.48","X","0.00","0.47","100","0.48","10","0.00",
="064443","上銀元大49購03","0","0","0","--","--","--","--"," ","0.00","--","0","0.10","10","217.50",
="064444","上銀元大4A購02","0","0","0","--","--","--","--"," ","0.00","--","0","0.10","10","217.50",
="064449","聯發科元大49購02","15,000","1","900","0.06","0.06","0.06","0.06","-","0.08","0.05","25","0.15","10","1,375.00",
="064450","聯發科元大4C購02","0","0","0","--","--","--","--"," ","0.00","0.30","25","0.31","10","1,375.00",
="064454","新日興元大49購02","0","0","0","--","--","--","--"," ","0.00","--","0","--","0","237.00",
="064464","神達元大4A購02","321,000","11","268,880","0.82","1.00","0.81","0.88","+","0.09","0.89","499","0.92","10","90.00",
="064471","愛普元大4A購01","0","0","0","--","--","--","--"," ","0.00","0.06","50","0.25","1","344.00",
="064474","臺股指元大4C購04","0","0","0","--","--","--","--"," ","0.00","0.42","100","0.52","10","0.00",
="064475","臺股指元大4C購05","0","0","0","--","--","--","--"," ","0.00","1.40","100","1.50","10","0.00",
="064483","華新群益49購02","0","0","0","--","--","--","--"," ","0.00","--","0","0.21","10","24.05",
="064484","上銀群益4C購02","0","0","0","--","--","--","--"," ","0.00","0.03","100","0.04","100","217.50",
="064496","盟立群益49購01","0","0","0","--","--","--","--"," ","0.00","--","0","--","0","72.30",
="064527","瑞昱永豐49購01","0","0","0","--","--","--","--"," ","0.00","0.08","499","0.18","10","540.00",
="064531","玉晶光永豐4C購01","2,000","1","340","0.17","0.17","0.17","0.17","+","0.01","0.16","10","0.17","10","443.50",
="064532","融程電永豐49購01","0","0","0","--","--","--","--"," ","0.00","0.86","10","0.92","10","184.00",
="064538","永道永豐49購01","0","0","0","--","--","--","--"," ","0.00","--","0","0.03","10","141.50",
="064541","鴻海富邦4C購01","125,000","5","117,910","0.93","0.95","0.93","0.95","X","0.00","0.93","30","0.94","10","0.00",
="064542","廣宇富邦4A購01","0","0","0","--","--","--","--"," ","0.00","0.41","30","0.43","10","0.00",
="064543","台積電富邦4C購01","0","0","0","--","--","--","--"," ","0.00","2.00","30","2.04","10","0.00",
="064544","聯發科富邦4C購01","0","0","0","--","--","--","--"," ","0.00","0.12","30","0.13","10","0.00",
="064547","迅得富邦4A購01","0","0","0","--","--","--","--"," ","0.00","--","0","0.05","99","0.00",
="064548","緯穎富邦4A購01","0","0","0","--","--","--","--"," ","0.00","0.30","30","0.32","10","0.00",
="064549","南電富邦49購01","0","0","0","--","--","--","--"," ","0.00","5.30","30","5.80","10","0.00",
="06454P","台積電元富4C售04","0","0","0","--","--","--","--"," ","0.00","0.01","30","--","0","0.00",
="064559","海悅國票49購02","0","0","0","--","--","--","--"," ","0.00","--","0","--","0","89.00",
="06455P","臺股指中信49售09","0","0","0","--","--","--","--"," ","0.00","--","0","--","0","0.00",
="06456P","臺股指中信49售10","0","0","0","--","--","--","--"," ","0.00","--","0","0.06","379","0.00",
="064570","景碩國票49購01","0","0","0","--","--","--","--"," ","0.00","--","0","0.02","100","111.50",
="064577","上銀元富4C購04","0","0","0","--","--","--","--"," ","0.00","0.01","524","0.10","10","217.50",
="06457P","臺股指中信49售11","0","0","0","--","--","--","--"," ","0.00","--","0","0.10","300","0.00",
="064580","景碩元富4C購01","588,000","14","568,940","0.96","1.02","0.88","0.88","-","0.11","0.87","25","0.88","25","111.50",
="064583","達發元富49購01","0","0","0","--","--","--","--"," ","0.00","--","0","0.10","10","537.00",
="064584","致新元富4C購01","359,000","16","371,250","1.02","1.07","1.01","1.03","+","0.06","1.03","25","1.04","25","236.00",
="064587","T50反1中信4C購02","39,000","3","390","0.01","0.01","0.01","0.01"," ","0.00","--","0","0.01","1,545","0.00",
="06458P","臺股指中信49售12","0","0","0","--","--","--","--"," ","0.00","--","0","0.10","100","0.00",
="064597","臺股指中信49購07","1,000","1","660","0.66","0.66","0.66","0.66","+","0.06","0.70","499","--","0","0.00",
="064600","臺股指中信49購08","0","0","0","--","--","--","--"," ","0.00","0.97","499","--","0","0.00",
="064608","鴻海凱基5C購01","31,000","8","45,600","1.44","1.49","1.44","1.48","X","0.00","1.47","499","1.48","250","221.00",
="064618","全新凱基4C購01","160,000","5","38,600","0.27","0.27","0.22","0.22","-","0.05","0.21","100","0.22","10","160.00",
="064620","大立光凱基49購01","0","0","0","--","--","--","--"," ","0.00","--","0","--","0","2,360.00",
="064622","欣興凱基4C購01","11,000","2","5,050","0.45","0.46","0.45","0.46","+","0.08","0.32","100","0.42","10","159.00",
="064623","新日興凱基49購01","0","0","0","--","--","--","--"," ","0.00","0.97","10","1.07","10","237.00",
="064631","臺股指凱基4C購04","0","0","0","--","--","--","--"," ","0.00","0.56","100","0.57","10","0.00",
="064632","廣宇統一4C購01","0","0","0","--","--","--","--"," ","0.00","0.77","10","0.78","10","54.10",
="064633","廣宇統一4C購02","3,000","1","1,620","0.54","0.54","0.54","0.54","X","0.00","0.51","10","0.52","10","54.10",
="064634","廣宇統一54購01","0","0","0","--","--","--","--"," ","0.00","0.59","15","0.60","10","54.10",
="064635","威盛統一4C購03","0","0","0","--","--","--","--"," ","0.00","0.03","10","0.04","10","59.50",
="064636","晟銘電統一4C購02","0","0","0","--","--","--","--"," ","0.00","0.19","10","0.20","10","121.00",
="064637","玉晶光統一4C購05","0","0","0","--","--","--","--"," ","0.00","0.22","10","0.23","10","443.50",
="064638","玉晶光統一54購01","0","0","0","--","--","--","--"," ","0.00","0.30","10","0.31","10","443.50",
="06463P","臺股指凱基49售28","0","0","0","--","--","--","--"," ","0.00","--","0","--","0","0.00",
="064640","玉晶光統一56購01","0","0","0","--","--","--","--"," ","0.00","0.26","10","0.27","10","443.50",
="064641","東哥統一4C購01","15,000","2","6,350","0.43","0.43","0.42","0.42","-","0.01","0.41","10","0.42","10","217.00",
="064646","緯創元富4A購01","0","0","0","--","--","--","--"," ","0.00","0.58","25","0.59","25","122.50",
="06464P","臺股指凱基49售29","0","0","0","--","--","--","--"," ","0.00","--","0","--","0","0.00",
="064652","鴻海國泰4C購01","0","0","0","--","--","--","--"," ","0.00","2.01","499","2.04","150","221.00",
="064661","元債2X元大4A購02","0","0","0","--","--","--","--"," ","0.00","0.37","100","0.40","50","7.35",
="064662","元債2X元大4C購04","1,196,000","5","609,960","0.51","0.51","0.51","0.51","X","0.00","0.50","100","0.51","50","7.35",
="064663","元債2X元大53購02","0","0","0","--","--","--","--"," ","0.00","0.86","100","0.87","50","7.35",
="064664","元債2X元大54購02","0","0","0","--","--","--","--"," ","0.00","0.73","100","0.74","50","7.35",
="064668","上銀元大4A購03","0","0","0","--","--","--","--"," ","0.00","--","0","0.10","10","217.50",
="064671","台積電元大49購05","0","0","0","--","--","--","--"," ","0.00","--","0","0.10","10","1,340.00",
="064672","台積電元大4A購06","603,000","25","556,680","0.87","0.98","0.86","0.98","+","0.24","0.01","499","0.99","50","1,340.00",
="064680","聯發科元大49購03","0","0","0","--","--","--","--"," ","0.00","--","0","0.10","10","1,375.00",
="064702","愛普元大4A購02","58,000","1","63,800","1.10","1.10","1.10","1.10"," ","0.00","0.10","100","--","0","344.00",
="064703","愛普元大4C購01","10,000","1","9,600","0.96","0.96","0.96","0.96","-","0.07","0.11","90","--","0","344.00",
="064706","上銀群益4A購01","0","0","0","--","--","--","--"," ","0.00","--","0","--","0","217.50",
="064735","創意元富4B購01","0","0","0","--","--","--","--"," ","0.00","0.02","25","0.05","30","1,315.00",
="064745","臺股指富邦4A購04","0","0","0","--","--","--","--"," ","0.00","--","0","0.03","20","0.00",
="064746","T50正2中信4A購03","0","0","0","--","--","--","--"," ","0.00","0.41","499","0.42","100","0.00",
="06474P","智邦群益4C售01","0","0","0","--","--","--","--"," ","0.00","0.02","2","0.12","207","0.00",
="064751","世芯中信4A購02","268,000","3","10,720","0.04","0.04","0.04","0.04","X","0.00","0.02","499","0.03","10","0.00",
="064752","材料中信4A購02","0","0","0","--","--","--","--"," ","0.00","--","0","--","0","0.00",
="064767","元債2X元富61購01","0","0","0","--","--","--","--"," ","0.00","1.03","25","1.04","25","7.35",
="064769","美債2X元富57購01","0","0","0","--","--","--","--"," ","0.00","0.85","25","0.86","25","7.33",
="064775","鴻海元富51購02","13,000","13","37,820","2.78","2.92","2.78","2.92","+","0.32","2.88","25","2.92","25","221.00",
="064777","立隆電元富4A購01","0","0","0","--","--","--","--"," ","0.00","0.02","25","0.12","10","89.40",
="064778","陽明元富51購01","0","0","0","--","--","--","--"," ","0.00","0.18","25","0.19","25","55.20",
="064782","FBNQ2X元大4A購01","0","0","0","--","--","--","--"," ","0.00","0.39","499","0.40","50","159.20",
="064783","元日2X元大51購01","2,294,000","6","871,720","0.38","0.38","0.38","0.38","+","0.01","0.37","100","0.38","100","5.87",
="064784","元日2X元大51購02","0","0","0","--","--","--","--"," ","0.00","0.55","100","0.56","100","5.87",
="064785","元金2X元大4A購01","0","0","0","--","--","--","--"," ","0.00","6.65","499","--","0","70.40",
="064791","鴻海元大4B購01","9,000","7","14,360","1.56","1.64","1.56","1.64","+","0.22","1.60","499","1.65","10","221.00",
="064797","金像電元大4B購01","0","0","0","--","--","--","--"," ","0.00","3.29","250","3.36","10","455.00",
="064799","聯發科元大4A購02","0","0","0","--","--","--","--"," ","0.00","--","0","0.10","10","1,375.00",
="064806","晟銘電元大4A購01","0","0","0","--","--","--","--"," ","0.00","--","0","0.10","10","121.00",
="064824","愛普元大4B購01","525,000","19","318,370","0.65","0.66","0.57","0.65","-","0.06","0.67","1","--","0","344.00",
="064826","愛普元大4B購02","503,000","4","40,240","0.08","0.08","0.08","0.08","-","0.01","0.08","499","0.09","10","344.00",
="064827","台塑統一51購01","18,000","3","6,300","0.35","0.35","0.35","0.35","+","0.02","0.32","10","0.33","10","38.60",
="064828","華城統一55購01","0","0","0","--","--","--","--"," ","0.00","0.67","10","0.68","10","586.00",
="064829","華新統一51購01","160,000","7","21,150","0.14","0.14","0.11","0.13","-","0.01","0.12","110","0.13","12","24.05",
="064830","台光電統一4C購04","0","0","0","--","--","--","--"," ","0.00","3.70","10","3.80","10","1,345.00",
="064832","敦泰統一51購01","0","0","0","--","--","--","--"," ","0.00","0.08","10","0.09","10","67.40",
="064833","波力統一51購02","0","0","0","--","--","--","--"," ","0.00","0.06","10","0.07","10","176.50",
="064835","第一銅永豐4A購01","0","0","0","--","--","--","--"," ","0.00","--","0","0.01","5","33.95",
="064836","裕隆永豐4A購01","0","0","0","--","--","--","--"," ","0.00","--","0","0.10","10","35.05",
="064838","佳世達永豐51購01","225,000","17","97,420","0.43","0.54","0.40","0.50","+","0.15","0.42","5","0.50","18","30.00",
="064839","金像電永豐51購01","0","0","0","--","--","--","--"," ","0.00","4.30","499","4.40","10","455.00",
="064841","台光電永豐4A購01","0","0","0","--","--","--","--"," ","0.00","9.40","499","--","0","1,345.00",
="064842","立隆電永豐4A購01","0","0","0","--","--","--","--"," ","0.00","0.91","499","1.01","10","89.40",
="064843","華建永豐4A購01","0","0","0","--","--","--","--"," ","0.00","--","0","0.09","5","29.90",
="064844","皇翔永豐4A購01","0","0","0","--","--","--","--"," ","0.00","--","0","0.10","10","43.20",
="064846","虹堡永豐4A購01","100,000","2","1,000","0.01","0.01","0.01","0.01","X","0.00","--","0","0.01","15","78.20",
="064847","采鈺永豐4A購01","0","0","0","--","--","--","--"," ","0.00","0.02","10","0.12","10","305.50",
="064848","宏全永豐4A購01","0","0","0","--","--","--","--"," ","0.00","--","0","0.10","10","129.00",
="064860","緯穎國泰4C購01","0","0","0","--","--","--","--"," ","0.00","1.07","10","1.08","10","3,140.00",
="064862","元債2X群益51購02","0","0","0","--","--","--","--"," ","0.00","0.15","25","0.16","10","7.35",
="064880","晟銘電群益4B購01","100,000","1","2,000","0.02","0.02","0.02","0.02","-","0.01","0.01","25","0.03","10","121.00",
="064890","世芯群益4B購02","0","0","0","--","--","--","--"," ","0.00","0.22","30","0.64","10","3,700.00",
="064903","元債2X凱基4B購03","0","0","0","--","--","--","--"," ","0.00","0.37","499","0.38","499","7.35",
="064904","元債2X凱基52購01","0","0","0","--","--","--","--"," ","0.00","0.51","499","0.52","499","7.35",
="064910","智邦凱基4C購01","45,000","3","100,550","2.19","2.24","2.19","2.24","+","0.04","2.19","100","2.24","10","1,005.00",
="064939","潤隆永豐4A購01","0","0","0","--","--","--","--"," ","0.00","0.01","499","0.11","10","30.85",
="064941","三陽永豐4A購01","0","0","0","--","--","--","--"," ","0.00","0.03","499","0.13","10","62.20",
="064943","台達電永豐4A購01","1,000","1","16,700","16.70","16.70","16.70","16.70","X","0.00","16.20","499","--","0","893.00",
="064944","國巨永豐4A購01","0","0","0","--","--","--","--"," ","0.00","1.83","499","1.93","10","176.00",
="064947","立隆電永豐4A購02","0","0","0","--","--","--","--"," ","0.00","0.56","499","0.66","10","89.40",
="064948","一詮永豐51購01","0","0","0","--","--","--","--"," ","0.00","0.12","10","0.13","10","82.30",
="064949","愛山林永豐4C購01","400,000","2","56,000","0.14","0.14","0.14","0.14","X","0.00","0.14","400","0.20","99","81.70",
="064953","長榮永豐4B購01","0","0","0","--","--","--","--"," ","0.00","--","0","0.10","10","182.00",
="064955","緯創永豐4A購01","0","0","0","--","--","--","--"," ","0.00","0.53","10","0.63","10","122.50",
="064956","世芯永豐51購01","0","0","0","--","--","--","--"," ","0.00","0.67","10","0.69","10","3,700.00",
="064959","凌華永豐4A購01","0","0","0","--","--","--","--"," ","0.00","0.01","10","0.11","10","62.40",
="064960","帆宣永豐4B購01","0","0","0","--","--","--","--"," ","0.00","5.85","499","6.30","10","255.00",
="064961","洋基永豐4A購01","10,000","1","1,100","0.11","0.11","0.11","0.11","X","0.00","0.01","10","0.11","10","449.00",
="064974","緯穎國泰4C購02","0","0","0","--","--","--","--"," ","0.00","0.74","10","0.75","10","3,140.00",
="064976","滬深2X富邦4A購03","40,000","1","1,600","0.04","0.04","0.04","0.04","X","0.00","0.04","100","--","0","0.00",
="064979","智原富邦4B購01","0","0","0","--","--","--","--"," ","0.00","--","0","0.03","10","0.00",
="064982","劍麟元富51購01","234,000","19","295,640","1.70","1.70","1.18","1.20","-","0.56","1.33","25","1.36","25","108.50",
="064983","楠梓電元富4A購01","0","0","0","--","--","--","--"," ","0.00","--","0","--","0","103.50",
="064984","楠梓電元富4A購02","0","0","0","--","--","--","--"," ","0.00","--","0","--","0","103.50",
="064985","佳世達元富4A購01","0","0","0","--","--","--","--"," ","0.00","--","0","0.04","11","30.00",
="064987","長榮元富61購01","2,000","1","1,840","0.92","0.92","0.92","0.92","X","0.00","0.91","25","0.92","25","182.00",
="064989","昇貿元富4A購01","0","0","0","--","--","--","--"," ","0.00","7.15","25","7.45","25","114.00",
="064991","宏致元富4A購02","0","0","0","--","--","--","--"," ","0.00","2.85","25","2.93","25","73.30",
="064993","時碩元富4A購01","0","0","0","--","--","--","--"," ","0.00","--","0","0.10","25","55.70",
="064994","億豐元富51購01","0","0","0","--","--","--","--"," ","0.00","3.12","25","3.21","10","442.00",
="064996","世紀鋼元富51購01","2,000","1","2,360","1.18","1.18","1.18","1.18","-","0.03","1.13","25","1.14","25","171.50",
="064998","威盛兆豐51購01","230,000","21","11,500","0.05","0.05","0.05","0.05","-","0.01","0.04","10","0.05","10","59.50",
="065001","士電國票4B購01","0","0","0","--","--","--","--"," ","0.00","0.02","25","0.12","10","183.00",
="06500P","FBNQ2X元富51售01","0","0","0","--","--","--","--"," ","0.00","0.62","25","0.63","25","0.00",
="065019","瀚宇博國票4B購01","0","0","0","--","--","--","--"," ","0.00","--","0","--","0","104.00",
="065023","上証2X元大4A購01","0","0","0","--","--","--","--"," ","0.00","0.73","100","0.83","10","47.20",
="065025","滬深2X元大4A購01","0","0","0","--","--","--","--"," ","0.00","0.32","250","0.33","250","19.04",
="065040","金像電元大4C購01","1,000","1","3,940","3.94","3.94","3.94","3.94","X","0.00","3.71","200","3.78","10","455.00",
="065065","啟碁元大51購01","10,000","1","1,400","0.14","0.14","0.14","0.14","-","0.01","0.13","499","0.14","10","121.00",
="065073","華城統一51購01","0","0","0","--","--","--","--"," ","0.00","0.35","10","0.36","10","586.00",
="065074","漢翔統一51購01","29,000","3","32,980","1.14","1.14","1.06","1.06","-","0.19","1.05","12","1.06","10","62.60",
="065075","晶心科統一57購01","500,000","2","135,000","0.27","0.27","0.27","0.27","X","0.00","0.25","10","0.26","10","325.50",
="065076","東哥統一55購01","2,000","1","1,260","0.63","0.63","0.63","0.63","-","0.03","0.61","10","0.62","10","217.00",
="065088","世紀鋼統一51購01","0","0","0","--","--","--","--"," ","0.00","0.38","10","0.39","10","171.50",
="065104","高股息中信4A購01","0","0","0","--","--","--","--"," ","0.00","0.07","30","0.27","59","0.00",
="065111","台積電中信4C購03","0","0","0","--","--","--","--"," ","0.00","0.39","499","0.40","100","0.00",
="065114","長榮中信4A購02","0","0","0","--","--","--","--"," ","0.00","0.06","499","0.07","10","0.00",
="065120","元債2X群益51購03","0","0","0","--","--","--","--"," ","0.00","0.36","25","0.37","10","7.35",
="065121","美債2X群益51購01","0","0","0","--","--","--","--"," ","0.00","0.35","10","0.45","10","7.33",
="065122","台達化群益4A購01","0","0","0","--","--","--","--"," ","0.00","--","0","--","0","10.80",
="065145","華新科群益4A購01","0","0","0","--","--","--","--"," ","0.00","--","0","--","0","99.90",
="065163","彩晶群益4B購01","20,000","2","1,800","0.09","0.09","0.09","0.09","+","0.01","--","0","--","0","8.04",
="065169","潤泰新群益4B購01","1,000","1","250","0.25","0.25","0.25","0.25","X","0.00","--","0","0.22","1","29.80",
="065173","美債2X凱基57購01","15,000","4","7,350","0.49","0.49","0.49","0.49"," ","0.00","0.49","10","0.50","50","7.33",
="065175","元日2X凱基51購01","0","0","0","--","--","--","--"," ","0.00","0.46","100","0.47","50","5.87",
="065179","川湖凱基4B購02","0","0","0","--","--","--","--"," ","0.00","8.65","100","9.15","10","3,220.00",
="065182","金寶凱基4A購01","0","0","0","--","--","--","--"," ","0.00","--","0","0.10","10","19.60",
="065184","鴻海凱基4B購04","25,000","2","21,000","0.84","0.84","0.84","0.84","+","0.14","0.83","499","0.84","499","221.00",
="065199","世芯凱基4C購03","0","0","0","--","--","--","--"," ","0.00","1.01","100","1.02","10","3,700.00",
="065221","滬深2X凱基4B購02","265,000","14","122,230","0.49","0.60","0.41","0.41","-","0.07","0.44","100","0.45","50","19.04",
="065223","道瓊銅凱基51購01","10,000","1","5,600","0.56","0.56","0.56","0.56","X","0.00","0.55","130","--","0","25.59",
="065233","一詮凱基4B購01","0","0","0","--","--","--","--"," ","0.00","0.01","100","0.11","10","82.30",
="065234","華新科凱基4A購01","0","0","0","--","--","--","--"," ","0.00","0.03","10","0.13","10","99.90",
="065238","日電貿凱基4A購01","0","0","0","--","--","--","--"," ","0.00","0.67","10","0.77","10","74.80",
="065239","世芯凱基4A購03","0","0","0","--","--","--","--"," ","0.00","0.03","100","0.13","10","3,700.00",
="065246","潤泰新凱基4B購01","0","0","0","--","--","--","--"," ","0.00","--","0","0.10","20","29.80",
="065249","裕隆元富4A購01","0","0","0","--","--","--","--"," ","0.00","--","0","0.09","9","35.05",
="065250","裕隆元富51購01","10,000","1","500","0.05","0.05","0.05","0.05"," ","0.00","0.05","45","0.10","57","35.05",
="065252","京元電元富51購01","0","0","0","--","--","--","--"," ","0.00","4.58","25","4.68","10","167.00",
="065254","華航元富51購01","0","0","0","--","--","--","--"," ","0.00","0.10","25","0.11","25","20.95",
="065256","亞航元富51購01","24,000","10","43,230","2.76","2.76","1.53","1.53","-","1.23","1.53","20","1.76","25","55.20",
="065258","奇鋐元富4A購05","0","0","0","--","--","--","--"," ","0.00","6.15","25","6.40","25","1,015.00",
="065259","奇鋐元富4A購06","0","0","0","--","--","--","--"," ","0.00","4.02","25","4.12","10","1,015.00",
="065260","十銓元富51購02","17,000","8","24,070","1.32","1.50","1.32","1.50","-","0.20","1.50","58","1.68","21","88.50",
="065261","矽力元富51購01","0","0","0","--","--","--","--"," ","0.00","0.04","25","--","0","273.00",
="065262","瑞祺元富54購01","0","0","0","--","--","--","--"," ","0.00","0.50","25","--","0","86.90",
="065263","元晶元富54購01","1,000","1","400","0.40","0.40","0.40","0.40","-","0.01","0.38","25","0.39","25","15.30",
="065266","長華元富51購01","25,000","2","30,400","1.22","1.22","1.21","1.21","X","0.00","1.21","25","1.22","25","40.60",
="065267","東哥元富55購01","16,000","2","23,310","1.45","1.46","1.45","1.46","-","0.04","1.42","25","1.43","25","217.00",
="065268","元債2X永豐54購01","50,000","1","26,000","0.52","0.52","0.52","0.52","-","0.01","0.52","10","0.53","10","7.35",
="065273","威盛永豐4A購01","0","0","0","--","--","--","--"," ","0.00","--","0","0.10","10","59.50",
="065274","偉詮電永豐4A購01","0","0","0","--","--","--","--"," ","0.00","--","0","0.02","70","56.00",
="065275","華新科永豐4A購01","0","0","0","--","--","--","--"," ","0.00","0.02","10","0.04","10","99.90",
="065276","華新科永豐51購01","1,137,000","105","913,950","1.05","1.09","0.71","0.79","-","0.29","0.80","10","0.81","20","99.90",
="065279","玉晶光永豐4A購01","0","0","0","--","--","--","--"," ","0.00","0.01","499","0.11","10","443.50",
="065280","碩天永豐4A購01","0","0","0","--","--","--","--"," ","0.00","--","0","0.10","10","217.00",
="065281","炎洲永豐4A購01","0","0","0","--","--","--","--"," ","0.00","--","0","0.10","10","14.05",
="065282","東科永豐4A購01","0","0","0","--","--","--","--"," ","0.00","--","0","0.03","10","112.50",
="065283","彩晶永豐4A購01","0","0","0","--","--","--","--"," ","0.00","0.01","10","0.05","50","8.04",
="065286","鼎基永豐4A購01","0","0","0","--","--","--","--"," ","0.00","--","0","0.03","10","102.50",
="065287","潤泰新永豐4A購01","0","0","0","--","--","--","--"," ","0.00","--","0","0.02","10","29.80",
="065288","台塑統一4B購01","216,000","2","106,920","0.49","0.50","0.49","0.50","X","0.00","0.50","10","0.51","10","38.60",
="065289","台塑統一51購02","0","0","0","--","--","--","--"," ","0.00","0.47","10","0.57","10","38.60",
="065290","士電統一55購01","0","0","0","--","--","--","--"," ","0.00","0.29","10","0.30","10","183.00",
="065291","華城統一51購02","48,000","19","24,750","0.52","0.52","0.51","0.51"," ","0.00","0.50","12","0.51","10","586.00",
="065292","川湖統一4C購01","0","0","0","--","--","--","--"," ","0.00","3.12","10","3.22","10","3,220.00",
="065293","川湖統一54購02","0","0","0","--","--","--","--"," ","0.00","2.90","10","3.00","10","3,220.00",
="065294","聯電統一4C購02","683,000","22","388,830","0.54","0.61","0.54","0.61","+","0.07","0.56","66","0.57","66","43.90",
="065295","聯電統一51購01","145,000","7","81,310","0.55","0.59","0.54","0.55","X","0.00","0.54","10","0.55","4","43.90",
="065296","台達電統一4C購01","0","0","0","--","--","--","--"," ","0.00","5.25","10","5.30","10","893.00",
="065297","鴻海統一51購04","80,000","5","85,800","1.04","1.08","1.04","1.08","X","0.00","1.07","10","1.08","10","221.00",
="065298","鴻海統一53購10","343,000","9","318,760","0.91","0.96","0.91","0.95","+","0.08","0.94","168","0.95","164","221.00",
="065299","鴻海統一57購04","115,000","5","111,970","0.96","0.99","0.96","0.98","+","0.05","0.97","10","0.98","10","221.00",
="065300","國巨統一51購02","22,000","4","29,230","1.34","1.35","1.31","1.31","-","0.09","1.31","1","1.45","10","176.00",
="065301","鴻準統一51購03","78,000","6","16,370","0.21","0.22","0.18","0.18","-","0.03","0.18","15","0.22","36","70.70",
="065302","英業達統一51購01","520,000","5","63,400","0.13","0.13","0.12","0.12"," ","0.00","0.12","10","0.13","10","45.00",
="065303","燿華統一4B購02","280,000","4","8,400","0.03","0.03","0.03","0.03","-","0.01","0.02","597","0.04","209","27.50",
="065304","金像電統一51購01","2,000","1","5,720","2.86","2.86","2.86","2.86","X","0.00","2.80","10","2.82","10","455.00",
="065305","技嘉統一51購01","0","0","0","--","--","--","--"," ","0.00","0.50","10","0.51","10","283.00",
="065306","漢唐統一51購01","0","0","0","--","--","--","--"," ","0.00","2.52","10","2.53","10","987.00",
="065307","京元電統一51購01","10,000","1","15,700","1.57","1.57","1.57","1.57","-","0.06","1.53","10","1.54","10","167.00",
="065308","全新統一51購01","177,000","7","48,860","0.29","0.29","0.24","0.24","-","0.06","0.24","10","0.25","10","160.00",
="065309","華新科統一55購01","1,558,000","184","923,780","0.76","0.76","0.51","0.67","-","0.05","0.59","6","0.65","10","99.90",
="065310","怡利電統一55購01","1,000","1","330","0.33","0.33","0.33","0.33","-","0.02","0.32","10","0.33","10","48.60",
="065311","國建統一51購01","288,000","4","84,240","0.28","0.30","0.28","0.30","+","0.02","0.29","10","0.30","10","22.80",
="065312","凱基金統一51購01","75,000","1","10,500","0.14","0.14","0.14","0.14","-","0.01","0.13","42","0.14","10","15.00",
="065313","玉山金統一51購01","40,000","4","49,000","1.23","1.23","1.22","1.23","-","0.08","1.22","10","1.23","10","33.15",
="065314","元大金統一51購01","2,000","1","1,100","0.55","0.55","0.55","0.55","X","0.00","0.56","10","0.57","10","35.10",
="065315","智原統一51購01","0","0","0","--","--","--","--"," ","0.00","0.06","10","0.07","10","174.00",
="065316","緯創統一51購01","474,000","23","292,690","0.61","0.65","0.59","0.59","+","0.02","0.58","10","0.59","10","122.50",
="065320","新日興統一51購02","121,000","9","59,400","0.50","0.52","0.47","0.47","-","0.02","0.47","10","0.48","10","237.00",
="065321","玉晶光統一51購01","0","0","0","--","--","--","--"," ","0.00","0.12","10","0.13","10","443.50",
="065322","玉晶光統一51購02","0","0","0","--","--","--","--"," ","0.00","0.19","10","0.20","10","443.50",
="065323","融程電統一55購01","6,000","1","4,980","0.83","0.83","0.83","0.83","-","0.01","0.80","10","0.82","10","184.00",
="065324","嘉澤統一51購01","0","0","0","--","--","--","--"," ","0.00","0.17","10","0.18","10","1,605.00",
="065325","碩天統一51購01","0","0","0","--","--","--","--"," ","0.00","0.01","10","0.02","10","217.00",
="065327","世芯統一51購01","84,000","2","65,020","0.77","0.78","0.77","0.78","-","0.03","0.73","10","0.74","10","3,700.00",
="065328","貿聯統一51購01","0","0","0","--","--","--","--"," ","0.00","2.10","10","2.11","10","1,085.00",
="065329","神達統一4C購06","20,000","1","18,800","0.94","0.94","0.94","0.94","X","0.00","0.90","10","0.93","10","90.00",
="065330","台耀統一55購01","18,000","1","9,540","0.53","0.53","0.53","0.53","-","0.01","0.53","10","0.54","10","65.10",
="065331","台耀統一55購02","0","0","0","--","--","--","--"," ","0.00","0.52","10","0.53","10","65.10",
="065332","虹堡統一55購01","10,000","1","3,500","0.35","0.35","0.35","0.35","X","0.00","0.35","11","0.36","10","78.20",
="065333","帆宣統一55購01","40,000","3","55,000","1.39","1.39","1.37","1.37"," ","0.00","1.33","10","1.35","10","255.00",
="065334","帆宣統一55購02","20,000","1","22,400","1.12","1.12","1.12","1.12","-","0.02","1.11","10","1.13","10","255.00",
="065335","保瑞統一51購02","1,988,000","4","636,160","0.32","0.32","0.32","0.32","X","0.00","0.34","10","0.35","10","693.00",
="065336","晶心科統一51購01","0","0","0","--","--","--","--"," ","0.00","0.08","10","0.09","10","325.50",
="065337","緯穎統一51購02","0","0","0","--","--","--","--"," ","0.00","0.60","10","0.61","10","3,140.00",
="065338","采鈺統一55購01","105,000","5","41,450","0.41","0.41","0.39","0.40","-","0.03","0.40","10","0.41","10","305.50",
="065339","南電統一55購01","210,000","9","316,300","1.48","1.56","1.41","1.41","-","0.04","1.41","10","1.43","10","234.50",
="065340","東哥統一55購02","0","0","0","--","--","--","--"," ","0.00","0.72","10","0.73","10","217.00",
="065347","元日2X群益4C購01","160,000","3","133,700","0.84","0.84","0.83","0.83","X","0.00","0.83","10","0.93","10","5.87",
="065360","佳世達群益4B購01","2,000","2","100","0.05","0.05","0.05","0.05","-","0.05","--","0","0.14","1","30.00",
="065382","訊連群益4B購01","0","0","0","--","--","--","--"," ","0.00","0.01","30","0.19","10","97.60",
="06538P","臺股指元大4B售06","0","0","0","--","--","--","--"," ","0.00","0.04","100","0.14","10","0.00",
="06539P","臺股指元大4C售07","0","0","0","--","--","--","--"," ","0.00","0.04","100","0.14","10","0.00",
="065402","台灣50元大4B購01","0","0","0","--","--","--","--"," ","0.00","2.30","100","2.40","10","58.45",
="065404","T50反1元大4C購02","0","0","0","--","--","--","--"," ","0.00","--","0","0.10","10","18.29",
="065412","台塑元大4B購01","0","0","0","--","--","--","--"," ","0.00","1.22","499","1.24","10","38.60",
="065413","台塑元大4C購02","194,000","6","275,410","1.40","1.43","1.40","1.40","+","0.05","1.32","499","1.34","10","38.60",
="065414","台塑元大51購01","307,000","5","275,750","0.92","0.92","0.86","0.86","-","0.01","0.85","499","0.86","10","38.60",
="065415","和大元大4A購01","0","0","0","--","--","--","--"," ","0.00","0.02","499","0.12","10","65.30",
="065424","金像電元大4C購02","0","0","0","--","--","--","--"," ","0.00","5.15","150","5.25","10","455.00",
="065447","啟碁元大51購02","0","0","0","--","--","--","--"," ","0.00","0.32","499","0.33","10","121.00",
="065454","臺股指元大4A購10","0","0","0","--","--","--","--"," ","0.00","0.43","499","0.53","10","0.00",
="065455","臺股指元大4C購06","0","0","0","--","--","--","--"," ","0.00","0.60","499","0.70","10","0.00",
="065460","三陽國票4A購01","0","0","0","--","--","--","--"," ","0.00","--","0","--","0","62.20",
="065462","台亞國票4A購01","0","0","0","--","--","--","--"," ","0.00","--","0","--","0","27.80",
="065466","華新科國票51購01","1,978,000","126","1,790,060","1.15","1.15","0.79","0.84","-","0.41","0.82","35","0.84","10","99.90",
="065468","愛山林國票4A購01","0","0","0","--","--","--","--"," ","0.00","0.01","25","0.04","10","81.70",
="065469","潤弘國票4B購01","10,000","1","6,300","0.63","0.63","0.63","0.63","X","0.00","0.60","25","0.63","10","153.50",
="065470","長榮國票4A購01","0","0","0","--","--","--","--"," ","0.00","0.04","25","0.05","10","182.00",
="065481","精成科國票4A購01","0","0","0","--","--","--","--"," ","0.00","13.60","25","14.60","10","125.50",
="065482","帆宣國票4B購01","10,000","1","46,700","4.67","4.67","4.67","4.67","+","0.11","4.45","25","4.55","10","255.00",
="065486","東哥國票4B購01","0","0","0","--","--","--","--"," ","0.00","0.53","25","0.56","10","217.00",
="065487","東哥國票51購01","11,000","1","11,000","1.00","1.00","1.00","1.00","-","0.11","1.00","25","1.01","10","217.00",
="065499","長榮鋼永豐4A購01","0","0","0","--","--","--","--"," ","0.00","0.03","499","0.06","10","94.10",
="065501","聯發科永豐4C購01","27,000","1","14,310","0.53","0.53","0.53","0.53","X","0.00","0.48","10","0.49","10","1,375.00",
="065503","陽明永豐51購01","0","0","0","--","--","--","--"," ","0.00","0.16","10","0.17","10","55.20",
="065504","長榮航永豐4B購01","0","0","0","--","--","--","--"," ","0.00","0.16","10","0.17","10","38.85",
="065509","訊芯永豐51購01","10,000","1","2,200","0.22","0.22","0.22","0.22","X","0.00","0.20","10","0.21","10","164.50",
="06550P","台積電元富51售03","0","0","0","--","--","--","--"," ","0.00","0.03","30","--","0","0.00",
="065515","長榮鋼統一51購01","0","0","0","--","--","--","--"," ","0.00","0.31","10","0.32","10","94.10",
="065516","長榮鋼統一51購02","221,000","5","79,560","0.36","0.36","0.36","0.36"," ","0.00","0.36","10","0.37","10","94.10",
="065517","光寶科統一51購01","12,000","3","27,820","2.30","2.32","2.30","2.32","-","0.10","2.33","10","2.34","10","183.00",
="065518","台光電統一51購01","5,000","1","14,100","2.82","2.82","2.82","2.82","+","0.23","2.81","10","2.82","5","1,345.00",
="065519","漢唐統一51購02","0","0","0","--","--","--","--"," ","0.00","3.71","10","3.81","10","987.00",
="065520","京元電統一4C購03","2,000","2","3,190","1.63","1.63","1.56","1.56","-","0.06","1.56","10","1.57","10","167.00",
="065521","陽明統一53購01","0","0","0","--","--","--","--"," ","0.00","0.16","10","0.17","10","55.20",
="065522","華航統一51購01","10,000","1","100","0.01","0.01","0.01","0.01"," ","0.00","0.01","989","0.02","20","20.95",
="065523","長榮航統一51購01","0","0","0","--","--","--","--"," ","0.00","0.16","10","0.17","10","38.85",
="065524","雄獅統一51購01","19,000","1","13,870","0.73","0.73","0.73","0.73","-","0.04","0.70","10","0.71","10","158.50",
="065525","欣興統一51購01","617,000","30","247,680","0.42","0.44","0.37","0.38","+","0.01","0.38","5","0.40","5","159.00",
="065526","建漢統一51購01","0","0","0","--","--","--","--"," ","0.00","0.12","10","0.13","10","24.10",
="065527","精成科統一55購01","1,000","1","2,440","2.44","2.44","2.44","2.44","-","0.12","2.34","10","2.41","10","125.50",
="065528","樺漢統一51購01","27,000","2","8,640","0.32","0.32","0.32","0.32","X","0.00","0.31","10","0.32","10","299.00",
="065529","矽力統一51購02","101,000","3","3,030","0.03","0.03","0.03","0.03"," ","0.00","0.02","210","0.03","9","273.00",
="065530","泓德統一51購01","0","0","0","--","--","--","--"," ","0.00","0.01","509","0.02","10","125.50",
="065531","南電統一51購01","16,000","2","38,960","2.48","2.48","2.36","2.36","+","0.18","2.17","10","2.18","10","234.50",
="065532","鈺齊統一51購01","0","0","0","--","--","--","--"," ","0.00","0.12","10","0.13","10","101.50",
="065533","世紀鋼統一4C購03","0","0","0","--","--","--","--"," ","0.00","--","0","--","0","171.50",
="065539","玉晶光富邦4A購01","0","0","0","--","--","--","--"," ","0.00","0.33","10","0.34","10","0.00",
="065541","迅得富邦4A購02","0","0","0","--","--","--","--"," ","0.00","--","0","--","0","0.00",
="065546","大立光國泰51購01","52,000","1","48,880","0.94","0.94","0.94","0.94","-","0.03","0.29","34","0.94","499","2,360.00",
="065551","川湖元富51購01","0","0","0","--","--","--","--"," ","0.00","3.32","25","3.42","10","3,220.00",
="065554","國巨元富51購01","33,000","7","124,690","3.87","3.93","3.65","3.66","-","0.07","3.65","25","3.83","4","176.00",
="065561","漢唐元富4A購01","0","0","0","--","--","--","--"," ","0.00","--","0","--","0","987.00",
="065573","皇昌元富4B購02","0","0","0","--","--","--","--"," ","0.00","0.71","25","0.72","25","72.70",
="065574","長榮元富51購02","0","0","0","--","--","--","--"," ","0.00","0.47","25","0.48","25","182.00",
="065576","大立光元富51購01","0","0","0","--","--","--","--"," ","0.00","0.26","25","0.27","25","2,360.00",
="065577","世芯元富51購01","0","0","0","--","--","--","--"," ","0.00","1.41","25","1.43","25","3,700.00",
="065582","泓德元富4A購01","0","0","0","--","--","--","--"," ","0.00","--","0","0.10","25","125.50",
="065586","道瓊銀國票51購01","103,000","12","309,580","3.09","3.10","2.93","3.10","+","0.18","3.08","25","--","0","36.75",
="065652","台灣50凱基4B購01","0","0","0","--","--","--","--"," ","0.00","2.47","100","2.49","10","58.45",
="065653","T50反1凱基51購01","0","0","0","--","--","--","--"," ","0.00","0.02","100","0.03","10","18.29",
="065657","中砂凱基4C購01","0","0","0","--","--","--","--"," ","0.00","1.29","100","1.31","10","339.00",
="065666","所羅門凱基4B購01","0","0","0","--","--","--","--"," ","0.00","--","0","0.06","51","144.50",
="065670","陽明凱基4C購02","0","0","0","--","--","--","--"," ","0.00","0.02","100","0.12","10","55.20",
="065691","泰金寶凱基4B購01","0","0","0","--","--","--","--"," ","0.00","--","0","0.02","50","6.02",
="065696","台塑元大4B購02","0","0","0","--","--","--","--"," ","0.00","0.22","499","0.23","10","38.60",
="065697","台塑元大4C購03","6,000","3","4,710","0.84","0.84","0.75","0.75","-","0.01","0.75","499","0.76","10","38.60",
="065699","台塑元大51購02","4,000","1","3,680","0.92","0.92","0.92","0.92","X","0.00","0.85","499","0.86","10","38.60",
="065709","廣宇元大51購01","15,000","2","25,150","1.71","1.71","1.66","1.66","-","0.01","1.66","450","1.67","10","54.10",
="065717","所羅門元大4A購01","0","0","0","--","--","--","--"," ","0.00","--","0","0.06","5","144.50",
="065719","所羅門元大4B購01","0","0","0","--","--","--","--"," ","0.00","--","0","0.03","10","144.50",
="065720","所羅門元大51購01","0","0","0","--","--","--","--"," ","0.00","0.08","499","0.09","10","144.50",
="065722","金像電元大4A購01","0","0","0","--","--","--","--"," ","0.00","27.10","50","27.70","10","455.00",
="065732","偉訓元大4B購01","11,000","2","1,120","0.10","0.12","0.10","0.12","X","0.00","0.09","509","0.10","10","97.50",
="065757","神達元大4A購03","419,000","15","264,170","0.69","0.78","0.59","0.64","+","0.08","0.67","499","0.69","10","90.00",
="065781","台積電富邦4B購01","0","0","0","--","--","--","--"," ","0.00","1.56","30","1.59","10","0.00",
="065785","台積電富邦4C購02","0","0","0","--","--","--","--"," ","0.00","1.39","30","1.42","10","0.00",
="065788","台積電富邦51購01","0","0","0","--","--","--","--"," ","0.00","1.38","30","1.40","10","0.00",
="065790","所羅門富邦4A購01","0","0","0","--","--","--","--"," ","0.00","--","0","0.03","10","0.00",
="065793","緯穎富邦4A購02","0","0","0","--","--","--","--"," ","0.00","0.38","30","0.39","10","0.00",
="065797","聯發科國泰4C購02","0","0","0","--","--","--","--"," ","0.00","0.56","499","0.66","100","1,375.00",
="065821","南亞統一51購01","5,000","5","5,820","1.30","1.35","1.01","1.01","X","0.00","1.00","10","1.01","8","39.80",
="065822","台化統一51購01","297,000","3","178,150","0.60","0.60","0.59","0.59","+","0.01","0.57","10","0.58","10","28.95",
="065823","中興電統一51購01","0","0","0","--","--","--","--"," ","0.00","0.20","10","0.21","10","159.00",
="065824","大亞統一51購01","0","0","0","--","--","--","--"," ","0.00","0.13","10","0.14","10","39.85",
="065825","上銀統一53購01","0","0","0","--","--","--","--"," ","0.00","0.08","10","0.09","10","217.50",
="065826","國巨統一51購03","45,000","6","45,790","1.05","1.05","1.00","1.00","-","0.01","1.00","10","1.01","10","176.00",
="065827","台積電統一51購04","0","0","0","--","--","--","--"," ","0.00","1.76","10","1.78","10","1,340.00",
="065828","宏碁統一51購01","0","0","0","--","--","--","--"," ","0.00","0.04","40","0.05","10","31.20",
="065829","所羅門統一51購01","0","0","0","--","--","--","--"," ","0.00","0.16","10","0.17","10","144.50",
="065830","致茂統一51購01","2,000","2","2,440","1.20","1.24","1.20","1.24","+","0.13","1.16","10","1.17","10","614.00",
="065831","瑞昱統一51購01","0","0","0","--","--","--","--"," ","0.00","0.23","20","0.24","10","540.00",
="065832","台光電統一54購01","5,000","1","17,050","3.41","3.41","3.41","3.41","X","0.00","3.36","10","3.41","10","1,345.00",
="065833","全新統一51購02","4,000","2","870","0.22","0.22","0.21","0.21","X","0.00","0.20","10","0.21","10","160.00",
="065834","長榮航統一53購01","0","0","0","--","--","--","--"," ","0.00","0.13","10","0.14","10","38.85",
="065835","聯詠統一51購01","1,443,000","18","243,440","0.15","0.18","0.15","0.17","+","0.02","0.15","10","0.16","10","443.00",
="065836","健鼎統一4C購01","0","0","0","--","--","--","--"," ","0.00","1.65","10","1.68","10","309.50",
="065837","玉晶光統一51購03","0","0","0","--","--","--","--"," ","0.00","0.16","10","0.17","10","443.50",
="065838","敦泰統一51購02","20,000","1","3,400","0.17","0.17","0.17","0.17","X","0.00","0.17","10","0.18","10","67.40",
="065839","辛耘統一51購02","0","0","0","--","--","--","--"," ","0.00","0.39","10","0.40","10","388.00",
="065840","精成科統一51購01","0","0","0","--","--","--","--"," ","0.00","2.43","10","2.50","10","125.50",
="065841","精成科統一51購02","8,000","2","19,640","2.50","2.50","2.38","2.38","-","0.25","2.34","10","2.35","10","125.50",
="065842","精成科統一51購03","0","0","0","--","--","--","--"," ","0.00","1.87","10","1.88","10","125.50",
="065843","同欣電統一51購02","348,000","3","59,160","0.17","0.17","0.17","0.17","-","0.03","0.17","10","0.18","10","120.50",
="065844","泓德統一51購02","0","0","0","--","--","--","--"," ","0.00","0.05","10","0.06","10","125.50",
="065845","泓德統一55購01","0","0","0","--","--","--","--"," ","0.00","0.15","10","0.16","10","125.50",
="065846","南電統一51購02","0","0","0","--","--","--","--"," ","0.00","2.18","10","2.19","10","234.50",
="065847","勤誠統一51購02","0","0","0","--","--","--","--"," ","0.00","2.59","10","2.60","10","600.00",
="065848","世紀鋼統一55購03","55,000","1","31,900","0.58","0.58","0.58","0.58"," ","0.00","0.56","10","0.57","10","171.50",
="065853","T50反1永豐4B購01","0","0","0","--","--","--","--"," ","0.00","--","0","--","0","18.29",
="065855","上銀永豐4B購01","0","0","0","--","--","--","--"," ","0.00","0.13","499","0.14","10","217.50",
="065856","上銀永豐51購01","30,000","1","6,300","0.21","0.21","0.21","0.21","X","0.00","0.20","10","0.21","10","217.50",
="065864","所羅門永豐4C購01","0","0","0","--","--","--","--"," ","0.00","0.08","499","0.09","10","144.50",
="065865","陽明永豐51購02","0","0","0","--","--","--","--"," ","0.00","0.41","499","0.42","10","55.20",
="065868","晟銘電永豐4A購01","0","0","0","--","--","--","--"," ","0.00","--","0","0.08","10","121.00",
="065871","訊芯永豐51購02","0","0","0","--","--","--","--"," ","0.00","0.13","10","0.14","10","164.50",
="065882","道瓊銀凱基4B購01","0","0","0","--","--","--","--"," ","0.00","1.81","10","1.91","10","36.75",
="065883","道瓊銅凱基4C購01","40,000","1","26,000","0.65","0.65","0.65","0.65","-","0.03","0.66","100","0.67","10","25.59",
="065887","和大凱基4A購01","0","0","0","--","--","--","--"," ","0.00","0.02","100","--","0","65.30",
="065889","上銀凱基4C購01","0","0","0","--","--","--","--"," ","0.00","0.03","100","0.13","10","217.50",
="065890","中華凱基4C購01","100,000","1","14,000","0.14","0.14","0.14","0.14","-","0.02","0.14","10","0.15","50","63.40",
="065912","科妍元富51購01","16,000","7","7,150","0.45","0.46","0.44","0.46","+","0.07","0.30","4","0.41","10","94.00",
="065919","漢唐元富51購01","0","0","0","--","--","--","--"," ","0.00","--","0","--","0","987.00",
="065922","全新元富51購01","40,000","3","33,100","0.84","0.84","0.82","0.82","-","0.16","0.79","25","0.81","25","160.00",
="065927","奇鋐元富4A購07","0","0","0","--","--","--","--"," ","0.00","7.40","25","7.65","25","1,015.00",
="065928","欣興元富51購01","81,000","7","74,000","1.00","1.00","0.89","0.89","+","0.06","0.85","25","0.86","25","159.00",
="065930","揚明光元富51購01","221,000","23","203,830","0.93","1.10","0.86","0.86","-","0.07","0.85","25","0.86","25","62.10",
="065932","世芯元富51購02","0","0","0","--","--","--","--"," ","0.00","1.16","25","1.18","25","3,700.00",
="065934","貿聯元富51購01","0","0","0","--","--","--","--"," ","0.00","5.45","25","5.65","25","1,085.00",
="065939","訊芯元富51購01","110,000","3","14,800","0.14","0.14","0.13","0.13"," ","0.00","0.11","25","0.12","25","164.50",
="065940","伊雲谷元富51購01","65,000","3","2,700","0.05","0.05","0.04","0.04","-","0.01","0.04","45","0.06","18","76.70",
="065946","臺股指元富56購01","171,000","4","131,070","0.75","0.77","0.75","0.77","X","0.00","0.77","27","0.78","25","0.00",
="065961","所羅門元大4A購02","0","0","0","--","--","--","--"," ","0.00","--","0","0.10","10","144.50",
="065970","一詮元大51購01","0","0","0","--","--","--","--"," ","0.00","0.04","499","0.14","10","82.30",
="065971","陽明元大4A購04","0","0","0","--","--","--","--"," ","0.00","--","0","0.10","10","55.20",
="065978","群創元大4A購01","0","0","0","--","--","--","--"," ","0.00","--","0","0.10","10","14.15",
="065981","神達元大4A購04","0","0","0","--","--","--","--"," ","0.00","3.51","250","--","0","90.00",
="065988","泰金寶元大4A購01","0","0","0","--","--","--","--"," ","0.00","--","0","0.10","10","6.02",
="065989","SGBR2X群益51購01","0","0","0","--","--","--","--"," ","0.00","0.03","145","0.04","10","10.98",
="06598P","健策群益4B售01","0","0","0","--","--","--","--"," ","0.00","--","0","1.00","20","0.00",
="066001","國巨群益4B購01","0","0","0","--","--","--","--"," ","0.00","0.79","30","1.36","5","176.00",
="066046","精成科群益51購01","0","0","0","--","--","--","--"," ","0.00","--","0","12.40","10","125.50",
="066053","直得元富51購01","0","0","0","--","--","--","--"," ","0.00","0.11","25","0.12","25","81.30",
="066054","鴻海元富51購03","1,000","1","3,210","3.21","3.21","3.21","3.21","X","0.00","3.21","25","3.30","25","221.00",
="066057","華晶科元富4A購01","1,000","1","1,540","1.54","1.54","1.54","1.54","X","0.00","1.35","25","1.45","10","52.80",
="066058","華晶科元富51購01","14,000","3","29,600","2.10","2.20","2.10","2.20","-","0.04","2.09","25","2.11","25","52.80",
="066063","材料元富4A購01","0","0","0","--","--","--","--"," ","0.00","--","0","0.10","25","66.40",
="066076","菱光元富4A購01","0","0","0","--","--","--","--"," ","0.00","0.18","25","0.19","25","60.90",
="066077","菱光元富51購01","281,000","28","166,030","0.55","0.68","0.54","0.62","+","0.11","0.61","25","0.62","19","60.90",
="066080","和大富邦4B購01","0","0","0","--","--","--","--"," ","0.00","0.08","10","0.10","10","0.00",
="066083","台積電富邦4B購02","0","0","0","--","--","--","--"," ","0.00","1.07","30","1.12","10","0.00",
="066084","台積電富邦51購02","0","0","0","--","--","--","--"," ","0.00","1.15","30","1.17","10","0.00",
="066085","台積電富邦51購03","0","0","0","--","--","--","--"," ","0.00","1.04","30","1.06","10","0.00",
="066086","欣興富邦4A購01","0","0","0","--","--","--","--"," ","0.00","0.43","30","0.60","10","0.00",
="066097","鴻海凱基5C購02","7,000","1","14,490","2.07","2.07","2.07","2.07","X","0.00","2.06","499","2.07","499","221.00",
="066105","聯發科凱基4C購05","0","0","0","--","--","--","--"," ","0.00","0.07","100","0.10","10","1,375.00",
="066119","台塑統一51購03","32,000","2","17,900","0.56","0.56","0.55","0.55","+","0.02","0.51","12","0.52","10","38.60",
="066120","南亞統一51購02","10,000","2","13,340","1.39","1.39","1.32","1.32","+","0.12","1.15","10","1.16","10","39.80",
="066121","台化統一51購02","172,000","1","87,720","0.51","0.51","0.51","0.51","X","0.00","0.48","10","0.49","10","28.95",
="066123","和大統一51購01","100,000","3","16,000","0.16","0.16","0.16","0.16","X","0.00","0.16","10","0.17","10","65.30",
="066124","直得統一4C購01","0","0","0","--","--","--","--"," ","0.00","0.02","10","0.03","10","81.30",
="066125","直得統一51購01","0","0","0","--","--","--","--"," ","0.00","0.06","10","0.07","10","81.30",
="066126","直得統一51購02","0","0","0","--","--","--","--"," ","0.00","0.04","10","0.05","10","81.30",
="066127","直得統一53購01","0","0","0","--","--","--","--"," ","0.00","0.10","10","0.11","10","81.30",
="066128","直得統一55購01","0","0","0","--","--","--","--"," ","0.00","0.33","10","0.34","10","81.30",
="066129","直得統一59購01","0","0","0","--","--","--","--"," ","0.00","0.23","10","0.24","10","81.30",
="066130","直得統一61購01","0","0","0","--","--","--","--"," ","0.00","0.23","10","0.24","10","81.30",
="066132","為升統一51購01","502,000","25","372,080","0.81","0.81","0.66","0.76","-","0.24","0.77","10","0.79","10","130.00",
="066133","國巨統一51購04","265,000","18","243,570","0.93","0.95","0.90","0.91","-","0.04","0.91","15","0.92","22","176.00",
="066134","華碩統一4B購03","100,000","2","39,000","0.38","0.40","0.38","0.40","X","0.00","0.40","10","0.41","10","684.00",
="066135","所羅門統一51購02","0","0","0","--","--","--","--"," ","0.00","0.21","10","0.22","10","144.50",
="066136","所羅門統一51購03","0","0","0","--","--","--","--"," ","0.00","0.20","108","0.21","108","144.50",
="066137","所羅門統一51購04","0","0","0","--","--","--","--"," ","0.00","0.21","10","0.22","10","144.50",
="066138","所羅門統一53購03","0","0","0","--","--","--","--"," ","0.00","0.20","108","0.21","108","144.50",
="066139","所羅門統一57購01","0","0","0","--","--","--","--"," ","0.00","0.29","10","0.30","10","144.50",
="066140","技嘉統一4B購03","0","0","0","--","--","--","--"," ","0.00","0.51","10","0.52","10","283.00",
="066141","聯發科統一61購01","267,000","21","151,370","0.57","0.57","0.56","0.56","-","0.03","0.55","10","0.56","10","1,375.00",
="066142","中信金統一4B購01","247,000","1","170,430","0.69","0.69","0.69","0.69","-","0.02","0.70","10","0.71","10","43.25",
="066143","大立光統一55購01","0","0","0","--","--","--","--"," ","0.00","0.19","10","0.20","10","2,360.00",
="066144","華晶科統一51購02","0","0","0","--","--","--","--"," ","0.00","0.86","10","0.87","10","52.80",
="066145","華晶科統一51購03","72,000","6","58,180","0.83","0.84","0.78","0.78","-","0.06","0.78","10","0.79","10","52.80",
="066146","華晶科統一51購04","0","0","0","--","--","--","--"," ","0.00","0.91","10","0.94","10","52.80",
="066147","華晶科統一51購05","0","0","0","--","--","--","--"," ","0.00","1.15","10","1.17","10","52.80",
="066148","華晶科統一54購01","0","0","0","--","--","--","--"," ","0.00","1.13","10","1.17","10","52.80",
="066149","華晶科統一55購01","0","0","0","--","--","--","--"," ","0.00","0.91","2","0.92","10","52.80",
="066150","華擎統一51購01","0","0","0","--","--","--","--"," ","0.00","0.34","10","0.35","10","278.00",
="066151","嘉澤統一51購02","0","0","0","--","--","--","--"," ","0.00","0.43","10","0.44","10","1,605.00",
="066152","嘉澤統一57購01","0","0","0","--","--","--","--"," ","0.00","0.38","10","0.39","10","1,605.00",
="066153","精成科統一51購04","2,000","1","4,240","2.12","2.12","2.12","2.12","X","0.00","2.11","2","2.14","10","125.50",
="066154","同欣電統一51購03","101,000","1","14,140","0.14","0.14","0.14","0.14","-","0.02","0.14","10","0.15","10","120.50",
="066155","緯穎統一51購03","0","0","0","--","--","--","--"," ","0.00","0.64","10","0.65","10","3,140.00",
="066158","洋基統一51購01","299,000","8","182,780","0.60","0.63","0.60","0.63","+","0.04","0.61","10","0.62","10","449.00",
="066160","泓德統一51購03","0","0","0","--","--","--","--"," ","0.00","0.08","10","0.09","10","125.50",
="066170","泓德統一55購02","0","0","0","--","--","--","--"," ","0.00","0.14","10","0.15","10","125.50",
="066180","台塑永豐4A購01","0","0","0","--","--","--","--"," ","0.00","0.31","10","0.41","10","38.60",
="066188","技嘉永豐4A購01","0","0","0","--","--","--","--"," ","0.00","0.41","499","0.51","10","283.00",
="066193","華晶科永豐4A購01","19,000","2","34,880","1.85","1.85","1.82","1.82","-","0.29","1.53","10","1.63","10","52.80",
="066194","緯創永豐4B購01","51,000","6","293,000","6.00","6.00","5.35","5.35","X","0.00","5.15","10","5.35","10","122.50",
="066197","精成科永豐51購01","1,000","1","8,300","8.30","8.30","8.30","8.30","+","0.25","6.95","499","7.05","10","125.50",
="066202","元債2X群益51購04","0","0","0","--","--","--","--"," ","0.00","0.38","25","0.39","10","7.35",
="066213","台光電群益51購01","17,000","17","70,340","3.95","4.32","3.95","4.32","+","0.46","--","0","4.15","10","1,345.00",
="066220","世芯群益51購01","5,000","1","4,600","0.92","0.92","0.92","0.92","+","0.02","0.53","18","0.96","5","3,700.00",
="066258","和大元大51購01","0","0","0","--","--","--","--"," ","0.00","0.22","499","0.23","10","65.30",
="066263","華通元大51購01","4,000","1","7,800","1.95","1.95","1.95","1.95","-","0.16","1.76","400","1.77","10","77.00",
="066265","台積電元大4B購01","62,000","3","24,800","0.40","0.40","0.40","0.40","X","0.00","--","0","2.57","4","1,340.00",
="066276","陽明元大4A購05","0","0","0","--","--","--","--"," ","0.00","--","0","0.10","10","55.20",
="06627P","鴻海統一53售11","5,000","1","1,250","0.25","0.25","0.25","0.25","X","0.00","0.25","10","0.26","10","0.00",
="066281","世芯元大4A購03","80,000","6","40,300","0.53","0.53","0.48","0.50","-","0.12","0.01","499","--","0","3,700.00",
="066289","精成科元大4A購01","0","0","0","--","--","--","--"," ","0.00","6.90","100","--","0","125.50",
="06628P","台積電統一4B售03","0","0","0","--","--","--","--"," ","0.00","0.02","10","0.03","10","0.00",
="066290","精成科元大51購01","0","0","0","--","--","--","--"," ","0.00","8.05","100","8.20","10","125.50",
="066297","矽力元大4C購01","0","0","0","--","--","--","--"," ","0.00","0.02","499","0.12","10","273.00",
="06629P","台積電統一51售06","90,000","3","10,500","0.12","0.12","0.11","0.11","-","0.04","0.11","10","0.12","10","0.00",
="066307","台灣50中信4A購03","0","0","0","--","--","--","--"," ","0.00","--","0","0.02","10","0.00",
="066309","台積電中信4B購02","100,000","1","12,000","0.12","0.12","0.12","0.12","X","0.00","0.11","499","0.12","300","0.00",
="066312","臺股指中信4B購07","0","0","0","--","--","--","--"," ","0.00","--","0","0.01","180","0.00",
="066313","台灣50永豐51購01","0","0","0","--","--","--","--"," ","0.00","13.00","499","13.30","10","58.45",
="066316","鴻海永豐4B購02","0","0","0","--","--","--","--"," ","0.00","1.33","10","1.43","10","221.00",
="066317","鴻海永豐4B購03","401,000","16","156,020","0.38","0.44","0.38","0.42","+","0.10","0.40","10","0.41","10","221.00",
="066318","華碩永豐4A購01","0","0","0","--","--","--","--"," ","0.00","0.34","499","0.42","10","684.00",
="06631P","聯發科統一51售01","2,000","1","760","0.38","0.38","0.38","0.38","+","0.03","0.40","499","0.41","499","0.00",
="066320","京元電永豐4A購01","0","0","0","--","--","--","--"," ","0.00","4.62","499","4.72","10","167.00",
="066321","全新永豐4A購01","0","0","0","--","--","--","--"," ","0.00","0.66","499","0.76","10","160.00",
="066323","奇鋐永豐4A購02","1,000","1","11,600","11.60","11.60","11.60","11.60","X","0.00","10.00","10","10.60","10","1,015.00",
="066327","健策永豐4A購01","0","0","0","--","--","--","--"," ","0.00","7.25","499","--","0","2,355.00",
="066328","日月光永豐4A購01","1,000","1","470","0.47","0.47","0.47","0.47","X","0.00","0.43","10","0.53","10","174.50",
="066329","訊芯永豐54購01","50,000","1","7,500","0.15","0.15","0.15","0.15","X","0.00","0.13","10","0.14","10","164.50",
="06632P","滬深2X元大4A售03","0","0","0","--","--","--","--"," ","0.00","--","0","0.05","50","0.00",
="066338","同欣電兆豐4A購01","0","0","0","--","--","--","--"," ","0.00","--","0","--","0","120.50",
="066342","國巨富邦4A購01","130,000","10","89,800","0.69","0.74","0.63","0.65","-","0.35","0.61","30","0.63","10","0.00",
="066344","聯發科富邦4B購01","370,000","6","100,100","0.30","0.30","0.26","0.26","-","0.05","0.25","30","0.26","10","0.00",
="066345","聯發科富邦51購01","1,030,000","18","556,960","0.56","0.56","0.54","0.54","X","0.00","0.54","7","0.63","10","0.00",
="066356","漢唐元富51購02","0","0","0","--","--","--","--"," ","0.00","--","0","--","0","987.00",
="066357","南亞科元富4A購01","0","0","0","--","--","--","--"," ","0.00","--","0","--","0","81.00",
="066358","聯發科元富4A購03","0","0","0","--","--","--","--"," ","0.00","0.21","25","0.22","25","1,375.00",
="066359","聯發科元富4A購04","0","0","0","--","--","--","--"," ","0.00","0.09","25","0.10","25","1,375.00",
="066360","聯發科元富4A購05","0","0","0","--","--","--","--"," ","0.00","0.07","25","0.10","10","1,375.00",
="066362","晟銘電元富51購01","4,000","1","1,360","0.34","0.34","0.34","0.34","X","0.00","0.34","25","0.35","25","121.00",
="066364","玉晶光元富51購03","0","0","0","--","--","--","--"," ","0.00","0.41","25","0.42","25","443.50",
="066365","世芯元富51購03","0","0","0","--","--","--","--"," ","0.00","1.02","25","1.03","25","3,700.00",
="066368","臻鼎元富51購01","0","0","0","--","--","--","--"," ","0.00","3.57","25","3.67","10","171.50",
="066370","洋基元富51購01","20,000","2","17,900","0.89","0.90","0.89","0.90","+","0.07","0.87","25","0.97","10","449.00",
="066372","臺股指元富4A購01","1,000","1","1,220","1.22","1.22","1.22","1.22","+","0.09","1.35","25","1.36","25","0.00",
="06638P","美費半群益4B售01","0","0","0","--","--","--","--"," ","0.00","0.07","25","0.08","10","0.00",
="066396","台積電國票4A購02","0","0","0","--","--","--","--"," ","0.00","0.02","25","0.03","10","1,340.00",
="066404","晟銘電國票4A購01","0","0","0","--","--","--","--"," ","0.00","0.01","25","0.02","10","121.00",
="066405","晟銘電國票4A購02","0","0","0","--","--","--","--"," ","0.00","0.01","25","0.02","10","121.00",
="066406","晟銘電國票4B購01","0","0","0","--","--","--","--"," ","0.00","0.03","25","0.04","10","121.00",
="066417","南亞統一4C購01","7,000","3","10,500","1.47","1.59","1.47","1.56","+","0.22","1.22","10","1.23","10","39.80",
="066418","中砂統一51購01","40,000","2","20,400","0.51","0.51","0.51","0.51","X","0.00","0.48","10","0.49","10","339.00",
="066419","直得統一57購01","0","0","0","--","--","--","--"," ","0.00","0.19","10","0.20","10","81.30",
="066420","鴻海統一61購01","40,000","1","33,200","0.83","0.83","0.83","0.83","X","0.00","0.84","10","0.85","10","221.00",
="066421","國巨統一51購05","306,000","23","295,570","0.94","1.02","0.94","0.95","-","0.01","0.94","9","0.96","10","176.00",
="066422","台積電統一51購05","749,000","12","742,150","0.98","1.03","0.98","1.00","+","0.12","0.98","10","0.99","10","1,340.00",
="066423","台積電統一61購01","90,000","5","60,600","0.65","0.68","0.65","0.68","+","0.06","0.67","10","0.68","10","1,340.00",
="066424","英業達統一4B購03","0","0","0","--","--","--","--"," ","0.00","0.12","10","0.13","10","45.00",
="066425","漢唐統一51購03","0","0","0","--","--","--","--"," ","0.00","--","0","--","0","987.00",
="066426","聯發科統一53購03","237,000","6","46,380","0.20","0.20","0.19","0.19","-","0.03","0.18","10","0.19","10","1,375.00",
="066427","全新統一53購02","147,000","3","51,930","0.36","0.36","0.35","0.35","-","0.03","0.32","10","0.33","10","160.00",
="066428","智原統一4C購03","0","0","0","--","--","--","--"," ","0.00","0.05","10","0.06","10","174.00",
="066429","嘉澤統一57購02","0","0","0","--","--","--","--"," ","0.00","0.32","10","0.33","10","1,605.00",
="066430","世芯統一51購02","80,000","4","51,400","0.66","0.66","0.62","0.62","-","0.04","0.61","10","0.62","10","3,700.00",
="066432","日月光統一51購01","0","0","0","--","--","--","--"," ","0.00","0.29","10","0.30","10","174.50",
="066433","日月光統一51購02","63,000","2","27,990","0.45","0.45","0.42","0.42","+","0.01","0.42","10","0.43","10","174.50",
="066434","日月光統一57購01","539,000","7","285,070","0.54","0.54","0.52","0.52","+","0.04","0.52","10","0.53","10","174.50",
="066435","日月光統一61購01","218,000","8","130,240","0.60","0.61","0.59","0.60","+","0.01","0.59","10","0.60","10","174.50",
="066436","祥碩統一53購01","399,000","2","43,890","0.11","0.11","0.11","0.11","+","0.01","0.10","30","0.11","10","1,525.00",
="066437","台塑化統一4C購01","10,000","1","5,100","0.51","0.51","0.51","0.51","X","0.00","0.51","10","0.52","10","39.25",
="066438","鼎基統一53購01","0","0","0","--","--","--","--"," ","0.00","0.09","10","0.10","10","102.50",
="066439","洋基統一51購02","53,000","4","28,840","0.53","0.56","0.53","0.56","+","0.03","0.54","10","0.55","10","449.00",
="066440","洋基統一57購01","0","0","0","--","--","--","--"," ","0.00","0.62","10","0.63","10","449.00",
="066441","泓德統一51購04","3,000","1","60","0.02","0.02","0.02","0.02","X","0.00","0.02","110","0.03","10","125.50",
="066442","南電統一51購03","20,000","3","39,150","2.02","2.05","1.74","1.74","-","0.04","1.74","10","1.75","10","234.50",
="066447","滬深2X元大4A購02","0","0","0","--","--","--","--"," ","0.00","2.02","499","2.12","10","19.04",
="066448","滬深2X元大4B購01","0","0","0","--","--","--","--"," ","0.00","1.46","499","1.56","10","19.04",
="066452","華通元大51購02","545,000","35","753,530","1.44","1.47","1.25","1.25","-","0.16","1.24","499","1.25","10","77.00",
="066456","台積電元大4B購02","849,000","10","90,210","0.09","0.12","0.09","0.12","+","0.05","0.05","15","--","0","1,340.00",
="066460","所羅門元大4C購01","0","0","0","--","--","--","--"," ","0.00","0.18","499","0.19","10","144.50",
="066474","晟銘電元大4B購01","0","0","0","--","--","--","--"," ","0.00","--","0","0.06","10","121.00",
="066483","世芯元大4A購04","122,000","4","33,540","0.31","0.31","0.27","0.27","-","0.14","0.01","499","--","0","3,700.00",
="066484","材料元大4B購01","0","0","0","--","--","--","--"," ","0.00","0.02","499","0.12","10","66.40",
="066485","和椿元大4A購01","330,000","6","25,300","0.08","0.08","0.06","0.06","-","0.03","0.06","499","0.07","10","122.50",
="066486","啟碁元大4C購01","0","0","0","--","--","--","--"," ","0.00","0.09","499","0.10","10","121.00",
="066489","元債2X群益51購05","40,000","2","20,400","0.51","0.51","0.51","0.51","X","0.00","0.51","25","0.52","10","7.35",
="066491","中興電群益4A購01","0","0","0","--","--","--","--"," ","0.00","--","0","--","0","159.00",
="066498","鴻海群益51購02","525,000","4","346,900","0.66","0.70","0.66","0.70","+","0.11","0.70","100","0.71","100","221.00",
="06649P","臺股指凱基4A售12","30,000","1","600","0.02","0.02","0.02","0.02","-","0.01","0.02","69","0.05","40","0.00",
="066503","台積電群益4A購17","0","0","0","--","--","--","--"," ","0.00","--","0","--","0","1,340.00",
="066504","台積電群益51購01","0","0","0","--","--","--","--"," ","0.00","--","0","--","0","1,340.00",
="066507","聯發科群益4B購01","0","0","0","--","--","--","--"," ","0.00","--","0","0.13","10","1,375.00",
="066508","聯發科群益51購01","0","0","0","--","--","--","--"," ","0.00","--","0","--","0","1,375.00",
="066521","同欣電群益4A購01","0","0","0","--","--","--","--"," ","0.00","--","0","--","0","120.50",
="066524","緯穎群益4A購01","0","0","0","--","--","--","--"," ","0.00","0.20","499","--","0","3,140.00",
="066526","菱光群益4B購01","65,000","9","14,610","0.20","0.31","0.20","0.31","+","0.08","0.30","2","0.31","9","60.90",
="066531","台塑凱基51購01","1,000","1","1,370","1.37","1.37","1.37","1.37","X","0.00","1.28","10","1.38","10","38.60",
="066538","台積電凱基54購05","10,000","1","15,200","1.52","1.52","1.52","1.52","X","0.00","1.49","100","1.59","10","1,340.00",
="066574","美債2X元富57購02","10,000","1","9,400","0.94","0.94","0.94","0.94","X","0.00","0.94","25","0.95","25","7.33",
="066578","所羅門元富57購01","33,000","2","26,770","0.83","0.83","0.81","0.81","-","0.02","0.81","25","0.82","25","144.50",
="06658P","世芯國票4A售02","0","0","0","--","--","--","--"," ","0.00","0.02","25","0.05","10","0.00",
="066591","微星國票4A購01","0","0","0","--","--","--","--"," ","0.00","--","0","--","0","119.50",
="066593","長榮國票4A購02","0","0","0","--","--","--","--"," ","0.00","0.08","25","0.09","10","182.00",
="066600","世芯國票4A購01","0","0","0","--","--","--","--"," ","0.00","0.23","25","0.24","10","3,700.00",
="066624","景碩富邦4A購01","0","0","0","--","--","--","--"," ","0.00","0.04","10","--","0","0.00",
="066627","矽力富邦4A購01","0","0","0","--","--","--","--"," ","0.00","0.25","10","0.26","10","0.00",
="066629","南電富邦4A購01","7,000","4","26,130","4.02","4.02","3.27","3.27","+","0.03","2.97","30","3.07","10","0.00",
="066630","元債2X永豐61購01","40,000","2","24,400","0.61","0.61","0.61","0.61"," ","0.00","0.60","25","0.61","10","7.35",
="066633","台積電永豐4A購04","0","0","0","--","--","--","--"," ","0.00","--","0","--","0","1,340.00",
="066635","技嘉永豐51購01","0","0","0","--","--","--","--"," ","0.00","5.65","499","5.70","10","283.00",
="06663P","聯發科富邦51售02","0","0","0","--","--","--","--"," ","0.00","0.41","30","0.42","10","0.00",
="066640","世芯永豐4A購05","5,000","1","7,050","1.41","1.41","1.41","1.41","X","0.00","1.42","10","1.52","10","3,700.00",
="066641","訊芯永豐4B購01","250,000","2","17,500","0.07","0.07","0.07","0.07"," ","0.00","0.05","10","0.06","10","164.50",
="066643","力智永豐4A購01","0","0","0","--","--","--","--"," ","0.00","0.01","499","0.04","10","214.00",
="066644","中興電統一4C購01","0","0","0","--","--","--","--"," ","0.00","0.34","10","0.35","10","159.00",
="066645","華碩統一59購01","160,000","4","97,600","0.61","0.61","0.61","0.61","+","0.02","0.60","10","0.61","10","684.00",
="066646","南亞科統一51購01","0","0","0","--","--","--","--"," ","0.00","7.70","10","7.75","10","81.00",
="066647","聯發科統一51購02","0","0","0","--","--","--","--"," ","0.00","0.15","10","0.16","10","1,375.00",
="066648","聯發科統一51購03","0","0","0","--","--","--","--"," ","0.00","0.22","499","0.23","499","1,375.00",
="066649","皇昌統一51購02","0","0","0","--","--","--","--"," ","0.00","0.26","10","0.27","10","72.70",
="06664P","聯發科富邦51售03","0","0","0","--","--","--","--"," ","0.00","0.34","30","0.35","11","0.00",
="066650","日電貿統一51購01","10,000","1","4,900","0.49","0.49","0.49","0.49","X","0.00","0.48","10","0.49","10","74.80",
="066651","景碩統一51購03","392,000","7","129,100","0.33","0.37","0.30","0.30","-","0.03","0.30","10","0.31","10","111.50",
="066652","辛耘統一51購03","20,000","1","6,400","0.32","0.32","0.32","0.32","X","0.00","0.28","10","0.29","10","388.00",
="066653","健策統一51購01","0","0","0","--","--","--","--"," ","0.00","1.60","10","1.63","10","2,355.00",
="066654","祥碩統一59購01","0","0","0","--","--","--","--"," ","0.00","0.30","10","0.31","10","1,525.00",
="066655","盛群統一51購01","0","0","0","--","--","--","--"," ","0.00","0.10","10","0.11","10","41.55",
="066656","盛群統一53購01","10,000","2","1,700","0.17","0.17","0.17","0.17"," ","0.00","0.15","10","0.16","10","41.55",
="066657","緯穎統一51購04","34,000","3","13,760","0.41","0.41","0.40","0.41","+","0.01","0.40","10","0.41","10","3,140.00",
="066658","永道統一51購01","0","0","0","--","--","--","--"," ","0.00","0.01","509","0.02","10","141.50",
="066659","臺股指統一51購01","0","0","0","--","--","--","--"," ","0.00","0.61","10","0.71","10","0.00",
="066666","滬深2X凱基4A購04","0","0","0","--","--","--","--"," ","0.00","2.16","100","2.26","10","19.04",
="066667","元債2X凱基4B購04","0","0","0","--","--","--","--"," ","0.00","0.45","499","0.46","499","7.35",
="066675","台積電凱基4B購03","10,000","1","10,200","1.02","1.02","1.02","1.02","X","0.00","0.97","100","1.07","10","1,340.00",
="066681","聯發科凱基4A購05","0","0","0","--","--","--","--"," ","0.00","--","0","--","0","1,375.00",
="066682","聯發科凱基51購01","0","0","0","--","--","--","--"," ","0.00","0.09","100","0.10","10","1,375.00",
="06668P","美費半凱基4B售01","15,000","1","1,500","0.10","0.10","0.10","0.10","X","0.00","0.10","100","0.11","50","0.00",
="066695","世芯凱基4A購04","0","0","0","--","--","--","--"," ","0.00","0.48","100","0.58","10","3,700.00",
="06669P","台積電凱基4B售04","5,000","1","500","0.10","0.10","0.10","0.10","-","0.03","0.08","649","0.10","10","0.00",
="066719","致茂群益4B購01","0","0","0","--","--","--","--"," ","0.00","--","0","2.50","10","614.00",
="066726","大立光群益57購01","414,000","2","289,520","0.68","0.70","0.68","0.70","-","0.02","0.69","100","0.73","100","2,360.00",
="066738","元債2X元大4A購03","0","0","0","--","--","--","--"," ","0.00","0.08","100","0.10","50","7.35",
="066739","元債2X元大58購01","1,000","1","1,250","1.25","1.25","1.25","1.25","-","0.01","1.25","100","1.26","50","7.35",
="066740","元債2X元大59購01","0","0","0","--","--","--","--"," ","0.00","1.00","100","1.01","50","7.35",
="066742","元債2X元大5A購01","0","0","0","--","--","--","--"," ","0.00","0.84","499","0.85","50","7.35",
="066746","上銀元大4A購04","0","0","0","--","--","--","--"," ","0.00","--","0","0.10","15","217.50",
="066752","台積電元大51購02","887,000","16","411,260","0.44","0.48","0.43","0.48","+","0.10","0.49","10","0.50","122","1,340.00",
="066756","所羅門元大4C購02","0","0","0","--","--","--","--"," ","0.00","0.31","499","0.32","10","144.50",
="066765","聯發科元大4A購03","0","0","0","--","--","--","--"," ","0.00","--","0","0.07","25","1,375.00",
="066775","世芯元大4B購02","52,000","6","29,780","0.60","0.60","0.50","0.50","-","0.09","0.01","499","1.00","8","3,700.00",
="066779","啟碁元大4C購02","30,000","2","7,300","0.24","0.25","0.24","0.25","-","0.01","0.24","499","0.25","10","121.00",
="066781","緯穎元大4B購01","338,000","11","106,460","0.32","0.33","0.29","0.31"," ","0.00","0.30","499","0.31","10","3,140.00",
="066789","元債2X永豐54購02","0","0","0","--","--","--","--"," ","0.00","0.74","10","0.75","10","7.35",
="066791","大同永豐51購01","1,497,000","152","329,340","0.22","0.22","0.22","0.22","-","0.02","0.24","10","0.25","10","39.85",
="066792","聯發科永豐54購01","384,000","13","307,490","0.80","0.82","0.77","0.77","-","0.12","0.76","15","0.77","9","1,375.00",
="066793","皇昌永豐4A購02","0","0","0","--","--","--","--"," ","0.00","0.03","10","0.13","10","72.70",
="066794","奇鋐永豐4C購01","0","0","0","--","--","--","--"," ","0.00","4.86","499","4.96","10","1,015.00",
="066795","玉晶光永豐51購01","0","0","0","--","--","--","--"," ","0.00","0.43","10","0.44","10","443.50",
="066796","貿聯永豐51購01","0","0","0","--","--","--","--"," ","0.00","3.41","499","3.51","10","1,085.00",
="066801","皇昌國票4A購01","0","0","0","--","--","--","--"," ","0.00","0.22","25","0.23","10","72.70",
="066804","中興電統一51購02","10,000","1","3,500","0.35","0.35","0.35","0.35","X","0.00","0.34","10","0.35","10","159.00",
="066805","和大統一55購01","0","0","0","--","--","--","--"," ","0.00","0.35","10","0.36","10","65.30",
="066806","華通統一51購01","791,000","18","430,930","0.59","0.59","0.50","0.50","-","0.06","0.49","41","0.50","10","77.00",
="066807","友訊統一55購01","0","0","0","--","--","--","--"," ","0.00","0.22","10","0.23","10","17.80",
="066808","金像電統一51購02","0","0","0","--","--","--","--"," ","0.00","2.80","10","2.83","10","455.00",
="066809","群光統一51購01","0","0","0","--","--","--","--"," ","0.00","0.15","10","0.16","10","140.00",
="066810","和碩統一51購01","0","0","0","--","--","--","--"," ","0.00","0.05","10","0.06","10","71.10",
="066812","穎崴統一51購01","64,000","8","138,700","2.22","2.22","2.13","2.15"," ","0.00","2.13","10","2.16","10","2,015.00",
="066813","洋基統一51購03","0","0","0","--","--","--","--"," ","0.00","0.41","10","0.42","10","449.00",
="066815","元債2X凱基57購01","0","0","0","--","--","--","--"," ","0.00","1.13","499","1.14","499","7.35",
="066816","元債2X凱基59購01","0","0","0","--","--","--","--"," ","0.00","0.92","499","0.93","499","7.35",
="066820","華通凱基51購01","193,000","14","245,930","1.32","1.35","1.16","1.16","-","0.15","0.41","24","1.14","10","77.00",
="066822","台積電凱基4C購12","51,000","4","58,950","1.16","1.19","1.13","1.13","X","0.00","1.12","100","1.22","10","1,340.00",
="066852","元債2X元富61購02","0","0","0","--","--","--","--"," ","0.00","1.10","25","1.11","25","7.35",
="066858","鴻海元富4A購03","0","0","0","--","--","--","--"," ","0.00","2.53","25","2.61","25","221.00",
="066870","聯發科元富4A購06","0","0","0","--","--","--","--"," ","0.00","--","0","0.10","25","1,375.00",
="066871","聯發科元富54購03","0","0","0","--","--","--","--"," ","0.00","0.72","25","0.73","25","1,375.00",
="066872","聯發科元富5A購02","13,000","2","41,900","3.23","3.23","3.20","3.20","-","0.32","3.06","25","3.16","10","1,375.00",
="066885","一詮元富51購01","0","0","0","--","--","--","--"," ","0.00","0.16","25","0.17","25","82.30",
="066894","道瓊反群益53購01","0","0","0","--","--","--","--"," ","0.00","0.31","25","0.32","10","5.81",
="066895","FBNQ2X群益51購01","23,000","9","18,800","0.82","0.83","0.81","0.81","+","0.02","0.82","25","0.83","10","159.20",
="066896","元債2X群益51購06","0","0","0","--","--","--","--"," ","0.00","0.57","25","0.58","10","7.35",
="066901","大亞群益4B購01","0","0","0","--","--","--","--"," ","0.00","0.01","30","0.25","10","39.85",
="066904","劍麟群益4B購01","0","0","0","--","--","--","--"," ","0.00","1.05","2","--","0","108.50",
="066915","國產群益4C購01","0","0","0","--","--","--","--"," ","0.00","0.10","10","0.20","10","35.90",
="066918","文曄群益4A購01","0","0","0","--","--","--","--"," ","0.00","--","0","--","0","137.50",
="066919","晶技群益4C購01","89,000","8","35,710","0.41","0.41","0.37","0.37","-","0.13","0.37","9","0.47","10","93.00",
="066920","健鼎群益4B購01","0","0","0","--","--","--","--"," ","0.00","--","0","3.17","10","309.50",
="066921","景碩群益51購01","49,000","2","25,770","0.52","0.53","0.52","0.53","+","0.01","0.22","45","--","0","111.50",
="066926","和碩群益51購01","0","0","0","--","--","--","--"," ","0.00","0.06","10","0.16","10","71.10",
="066935","裕慶群益51購01","105,000","6","37,120","0.38","0.38","0.35","0.35","+","0.01","0.34","25","0.35","10","183.00",
="066942","聯詠富邦4B購01","0","0","0","--","--","--","--"," ","0.00","0.18","30","0.19","10","0.00",
="066944","日電貿富邦4A購01","0","0","0","--","--","--","--"," ","0.00","0.93","30","0.96","10","0.00",
="066946","T50反1元大4C購03","0","0","0","--","--","--","--"," ","0.00","0.02","100","0.12","10","18.29",
="066948","美債2X元大4A購01","0","0","0","--","--","--","--"," ","0.00","0.42","100","0.43","50","7.33",
="066949","美債2X元大57購01","6,000","3","5,110","0.85","0.86","0.85","0.86","+","0.02","0.85","100","0.86","50","7.33",
="066954","上銀元大4A購05","0","0","0","--","--","--","--"," ","0.00","--","0","0.10","10","217.50",
="066962","京元電元大4B購01","0","0","0","--","--","--","--"," ","0.00","1.35","499","1.39","10","167.00",
="066971","緯創元大4B購02","0","0","0","--","--","--","--"," ","0.00","0.39","499","0.40","10","122.50",
="066974","世芯元大4B購03","49,000","6","27,410","0.59","0.59","0.50","0.50","-","0.15","0.01","499","--","0","3,700.00",
="066980","啟碁元大4A購01","100,000","1","27,000","0.27","0.27","0.27","0.27"," ","0.00","0.26","599","0.28","10","121.00",
="066982","臺股指元大4B購07","0","0","0","--","--","--","--"," ","0.00","1.84","100","1.94","10","0.00",
="066988","元金2X凱基51購01","0","0","0","--","--","--","--"," ","0.00","3.17","100","3.27","10","70.40",
="066996","台積電凱基4B購05","70,000","1","51,100","0.73","0.73","0.73","0.73","X","0.00","0.73","100","0.83","10","1,340.00",
="066999","致茂凱基4A購02","0","0","0","--","--","--","--"," ","0.00","6.35","10","--","0","614.00",
="067001","技嘉凱基4B購01","40,000","2","29,200","0.72","0.74","0.72","0.74","+","0.03","0.72","100","0.73","10","283.00",
="067013","啟碁凱基4C購01","36,000","2","20,520","0.57","0.57","0.57","0.57","X","0.00","0.58","100","--","0","121.00",
="067018","臺股指凱基4C購05","0","0","0","--","--","--","--"," ","0.00","2.76","100","2.77","10","0.00",
="067019","台塑統一51購04","9,000","6","9,060","1.02","1.03","0.98","0.98"," ","0.00","0.97","10","0.98","10","38.60",
="067020","一詮統一57購01","0","0","0","--","--","--","--"," ","0.00","0.24","10","0.25","10","82.30",
="067021","長榮統一51購01","70,000","2","27,300","0.39","0.39","0.39","0.39","-","0.01","0.38","10","0.39","10","182.00",
="067022","陽明統一51購01","0","0","0","--","--","--","--"," ","0.00","0.32","10","0.33","10","55.20",
="067023","萬海統一51購01","0","0","0","--","--","--","--"," ","0.00","0.40","10","0.41","10","77.90",
="067024","大立光統一51購03","0","0","0","--","--","--","--"," ","0.00","0.18","10","0.19","10","2,360.00",
="067025","奇鋐統一51購01","29,000","5","68,990","2.41","2.41","2.31","2.31","+","0.01","2.29","10","2.33","10","1,015.00",
="067026","景碩統一53購01","315,000","6","178,010","0.55","0.59","0.55","0.59","+","0.04","0.52","10","0.53","10","111.50",
="067027","新唐統一55購01","3,000","1","450","0.15","0.15","0.15","0.15","-","0.01","0.14","15","0.15","10","64.60",
="067028","保瑞統一55購01","41,000","2","20,910","0.51","0.51","0.51","0.51","X","0.00","0.51","10","0.52","10","693.00",
="067029","永道統一51購02","0","0","0","--","--","--","--"," ","0.00","0.01","10","0.02","10","141.50",
="06702P","臺股指元大4B售08","100,000","1","11,000","0.11","0.11","0.11","0.11","-","0.02","0.09","100","0.11","100","0.00",
="067030","永道統一53購03","0","0","0","--","--","--","--"," ","0.00","0.05","10","0.06","10","141.50",
="067035","元債2X永豐51購01","353,000","8","155,330","0.45","0.45","0.44","0.44"," ","0.00","0.44","11","0.45","10","7.35",
="067037","鴻準永豐51購01","0","0","0","--","--","--","--"," ","0.00","4.83","10","4.93","10","70.70",
="067038","京元電永豐51購01","0","0","0","--","--","--","--"," ","0.00","25.30","10","26.30","10","167.00",
="067039","聯發科永豐4A購02","0","0","0","--","--","--","--"," ","0.00","0.03","10","0.05","10","1,375.00",
="067040","陽明永豐4B購01","0","0","0","--","--","--","--"," ","0.00","1.31","10","1.33","10","55.20",
="067045","景碩永豐51購01","82,000","4","78,720","0.96","0.96","0.96","0.96","+","0.09","0.90","499","0.92","10","111.50",
="067046","緯創永豐4A購02","0","0","0","--","--","--","--"," ","0.00","1.47","499","1.57","10","122.50",
="067052","永道永豐51購01","0","0","0","--","--","--","--"," ","0.00","0.02","10","0.03","10","141.50",
="067055","元債2X群益51購07","0","0","0","--","--","--","--"," ","0.00","0.60","25","0.61","10","7.35",
="067059","鴻海群益5C購04","50,000","4","78,550","1.58","1.58","1.57","1.57","X","0.00","1.59","101","1.60","100","221.00",
="067060","鴻海群益61購01","133,000","5","175,110","1.32","1.32","1.30","1.32","+","0.11","1.31","100","1.32","102","221.00",
="067063","所羅門群益4B購01","0","0","0","--","--","--","--"," ","0.00","--","0","--","0","144.50",
="067065","聯發科群益4B購02","0","0","0","--","--","--","--"," ","0.00","--","0","0.12","10","1,375.00",
="067077","景碩群益51購02","102,000","2","39,500","0.39","0.39","0.38","0.38","-","0.01","0.16","2","--","0","111.50",
="067086","光寶科兆豐51購01","0","0","0","--","--","--","--"," ","0.00","5.85","10","--","0","183.00",
="067087","台積電兆豐4B購01","0","0","0","--","--","--","--"," ","0.00","0.76","10","0.79","10","1,340.00",
="067088","南亞科兆豐51購01","0","0","0","--","--","--","--"," ","0.00","15.70","10","--","0","81.00",
="067090","和碩兆豐51購01","0","0","0","--","--","--","--"," ","0.00","0.25","10","0.26","10","71.10",
="067092","力積電兆豐4B購01","9,000","9","30,090","3.00","3.55","3.00","3.50","+","0.99","3.55","5","--","0","23.45",
="067095","世紀鋼兆豐51購01","71,000","3","86,020","1.22","1.22","1.16","1.16","+","0.02","1.12","10","1.14","10","171.50",
="067097","華城元富51購01","16,000","2","25,220","1.58","1.58","1.57","1.57","X","0.00","1.52","25","1.62","10","586.00",
="067098","直得元富4A購01","0","0","0","--","--","--","--"," ","0.00","--","0","0.10","25","81.30",
="067099","宇隆元富4A購01","0","0","0","--","--","--","--"," ","0.00","--","0","0.10","75","217.00",
="067112","滬深2X國票4B購01","50,000","4","14,800","0.30","0.30","0.29","0.29","-","0.04","0.28","25","0.29","10","19.04",
="06712P","台灣50永豐4A售01","0","0","0","--","--","--","--"," ","0.00","0.02","199","--","0","0.00",
="067141","台積電元大4B購03","300,000","3","135,000","0.45","0.45","0.45","0.45","X","0.00","--","0","--","0","1,340.00",
="067142","台積電元大4B購04","0","0","0","--","--","--","--"," ","0.00","--","0","--","0","1,340.00",
="067143","台積電元大4B購05","68,000","3","56,430","0.82","0.83","0.82","0.83","+","0.15","0.01","499","--","0","1,340.00",
="067144","智邦元大4A購03","238,000","6","569,640","2.33","2.48","2.33","2.48","+","0.37","0.15","133","--","0","1,005.00",
="06714P","台積電永豐51售02","0","0","0","--","--","--","--"," ","0.00","0.04","20","--","0","0.00",
="067158","聯發科元大51購01","41,000","3","3,690","0.09","0.09","0.09","0.09","-","0.01","0.07","499","0.08","10","1,375.00",
="067163","大立光元大4A購04","0","0","0","--","--","--","--"," ","0.00","--","0","0.10","10","2,360.00",
="067171","神達元大51購01","105,000","19","390,290","3.87","3.87","3.65","3.74","+","0.27","3.81","200","3.84","10","90.00",
="067172","材料元大4B購02","30,000","1","2,100","0.07","0.07","0.07","0.07"," ","0.00","0.07","499","0.08","10","66.40",
="067173","啟碁元大4A購02","0","0","0","--","--","--","--"," ","0.00","0.03","499","0.13","10","121.00",
="067178","臺股指元大4C購08","0","0","0","--","--","--","--"," ","0.00","0.10","499","0.20","10","0.00",
="06717P","金像電群益4B售01","0","0","0","--","--","--","--"," ","0.00","--","0","0.01","200","0.00",
="067180","聯電富邦4B購01","51,000","4","42,850","0.82","0.95","0.82","0.95","X","0.00","0.86","30","0.92","10","0.00",
="067181","聯電富邦4B購02","311,000","2","100,000","0.32","0.36","0.32","0.36","X","0.00","0.33","30","0.34","10","0.00",
="067183","鴻海富邦4B購01","0","0","0","--","--","--","--"," ","0.00","1.81","30","1.87","10","0.00",
="067184","鴻海富邦4B購02","149,000","5","163,140","1.10","1.14","1.09","1.11","+","0.10","1.12","30","1.13","10","0.00",
="067187","元債2X富邦4B購03","1,000","1","1,390","1.39","1.39","1.39","1.39","-","0.01","1.39","100","1.40","100","0.00",
="067188","達興統一51購01","0","0","0","--","--","--","--"," ","0.00","2.57","10","2.67","10","399.00",
="067189","達興統一53購03","0","0","0","--","--","--","--"," ","0.00","2.74","10","2.84","10","399.00",
="06718P","瑞昱群益51售01","0","0","0","--","--","--","--"," ","0.00","0.23","10","0.33","10","0.00",
="067190","達興統一55購01","0","0","0","--","--","--","--"," ","0.00","2.30","10","2.35","10","399.00",
="067192","元黃金凱基4B購01","0","0","0","--","--","--","--"," ","0.00","3.42","10","3.44","50","40.68",
="067222","上証2X永豐51購01","400,000","2","1,062,000","2.58","2.68","2.58","2.68","+","0.19","0.24","41","--","0","47.20",
="067223","元債2X永豐59購01","0","0","0","--","--","--","--"," ","0.00","1.21","10","1.22","10","7.35",
="067224","台積電永豐51購03","2,000","2","40,800","20.40","20.40","20.40","20.40","+","4.00","2.74","3","--","0","1,340.00",
="067227","長榮航永豐51購01","0","0","0","--","--","--","--"," ","0.00","1.60","499","1.61","10","38.85",
="067229","景碩永豐51購02","24,000","7","104,620","4.34","4.39","4.00","4.00","-","0.12","3.86","10","3.93","10","111.50",
="067234","道瓊銀元富51購01","0","0","0","--","--","--","--"," ","0.00","2.52","25","2.62","25","36.75",
="067235","中砂元富51購01","106,000","7","212,500","1.93","2.15","1.91","1.97","+","0.16","1.97","25","1.98","25","339.00",
="067239","長榮元富51購03","0","0","0","--","--","--","--"," ","0.00","0.75","25","0.76","25","182.00",
="067245","亞翔元富4A購02","0","0","0","--","--","--","--"," ","0.00","5.60","25","5.75","25","358.50",
="067280","香港2X群益4A購02","0","0","0","--","--","--","--"," ","0.00","3.92","10","4.02","10","18.02",
="067311","臺股指群益4A購09","50,000","1","88,000","1.76","1.76","1.76","1.76","X","0.00","1.83","499","1.84","499","0.00",
="067312","臺股指群益4A購10","0","0","0","--","--","--","--"," ","0.00","2.00","499","2.01","499","0.00",
="067318","台塑元大4A購03","0","0","0","--","--","--","--"," ","0.00","2.16","350","2.21","10","38.60",
="067326","鴻海元大4A購03","91,000","2","50,740","0.54","0.62","0.54","0.62","X","0.00","0.61","499","0.62","10","221.00",
="067346","欣興元大4B購05","110,000","2","90,200","0.82","0.82","0.82","0.82","+","0.07","0.77","499","0.87","10","159.00",
="067348","緯創元大4B購03","162,000","5","93,540","0.57","0.62","0.57","0.57","+","0.05","0.54","499","0.56","10","122.50",
="067353","世芯元大51購01","415,000","5","658,450","1.63","1.63","1.57","1.57","-","0.18","0.63","31","--","0","3,700.00",
="06735P","台塑元大4A售02","0","0","0","--","--","--","--"," ","0.00","--","0","0.10","10","0.00",
="067367","臺股指元大4C購09","0","0","0","--","--","--","--"," ","0.00","1.16","100","1.26","10","0.00",
="067378","鴻海富邦4B購03","0","0","0","--","--","--","--"," ","0.00","2.25","30","2.30","10","0.00",
="067389","台塑元富51購01","0","0","0","--","--","--","--"," ","0.00","0.76","25","0.77","25","38.60",
="067390","科妍元富51購02","67,000","4","18,700","0.30","0.30","0.26","0.26","X","0.00","0.25","25","0.26","25","94.00",
="067392","國巨元富51購02","154,000","3","1,078,850","7.00","7.25","7.00","7.10","-","0.45","7.05","1","7.20","2","176.00",
="067398","奇鋐元富4A購08","0","0","0","--","--","--","--"," ","0.00","12.10","25","12.60","25","1,015.00",
="067399","世芯元富51購04","0","0","0","--","--","--","--"," ","0.00","1.55","25","1.56","25","3,700.00",
="067403","惠特元富4A購01","0","0","0","--","--","--","--"," ","0.00","--","0","0.09","145","79.70",
="067404","惠特元富51購01","867,000","35","94,720","0.10","0.13","0.10","0.11","+","0.01","0.10","25","0.11","25","79.70",
="067405","台塑統一51購05","280,000","2","240,800","0.86","0.86","0.86","0.86","+","0.05","0.82","10","0.83","10","38.60",
="067406","台塑統一51購06","20,000","2","10,000","0.51","0.51","0.49","0.49"," ","0.00","0.48","10","0.49","10","38.60",
="067407","台化統一4C購01","0","0","0","--","--","--","--"," ","0.00","0.39","10","0.40","10","28.95",
="067408","台化統一51購03","41,000","2","30,130","0.73","0.74","0.73","0.74","+","0.05","0.70","10","0.71","10","28.95",
="067409","鴻海統一51購05","98,000","12","142,900","1.42","1.50","1.42","1.48","+","0.09","1.47","10","1.48","10","221.00",
="067410","台積電統一51購07","90,000","6","106,800","1.16","1.21","1.15","1.18","+","0.13","1.16","10","1.17","10","1,340.00",
="067411","奇鋐統一51購02","0","0","0","--","--","--","--"," ","0.00","2.79","10","2.89","10","1,015.00",
="067412","達興統一51購02","0","0","0","--","--","--","--"," ","0.00","3.40","10","3.48","10","399.00",
="067413","台塑化統一51購01","40,000","2","17,000","0.43","0.43","0.41","0.41"," ","0.00","0.43","10","0.44","10","39.25",
="067414","永道統一51購03","0","0","0","--","--","--","--"," ","0.00","0.02","10","0.03","10","141.50",
="067417","台灣50永豐4B購01","0","0","0","--","--","--","--"," ","0.00","39.20","10","40.00","10","58.45",
="067422","潤泰全永豐51購01","129,000","1","7,740","0.06","0.06","0.06","0.06","X","0.00","0.06","10","0.07","10","52.30",
="067423","奇鋐永豐51購01","0","0","0","--","--","--","--"," ","0.00","4.29","10","4.39","10","1,015.00",
="067426","玉晶光永豐4B購01","21,000","4","28,270","1.34","1.40","1.34","1.40","+","0.01","1.35","499","1.45","10","443.50",
="067427","嘉澤永豐4B購01","0","0","0","--","--","--","--"," ","0.00","3.40","499","3.47","10","1,605.00",
="067429","神達永豐51購01","2,000","2","5,590","2.68","2.91","2.68","2.91","+","0.31","2.72","10","2.82","10","90.00",
="067433","永道永豐4A購01","0","0","0","--","--","--","--"," ","0.00","--","0","0.03","10","141.50",
="067456","台灣50凱基4B購02","0","0","0","--","--","--","--"," ","0.00","0.26","10","0.27","10","58.45",
="067457","台塑凱基4B購01","0","0","0","--","--","--","--"," ","0.00","0.83","10","0.93","10","38.60",
="067489","臺股指凱基4A購13","0","0","0","--","--","--","--"," ","0.00","2.59","100","--","0","0.00",
="067490","臺股指凱基4B購13","0","0","0","--","--","--","--"," ","0.00","0.30","100","0.31","10","0.00",
="067491","滬深2X元大4C購01","0","0","0","--","--","--","--"," ","0.00","2.20","499","2.30","10","19.04",
="067492","滬深2X元大51購01","13,000","2","18,520","1.44","1.44","1.42","1.42","-","0.13","1.46","250","1.47","250","19.04",
="067494","元油反元大4A購01","0","0","0","--","--","--","--"," ","0.00","0.15","100","0.21","10","6.75",
="067498","台塑元大4A購04","0","0","0","--","--","--","--"," ","0.00","0.28","499","0.29","10","38.60",
="067504","鴻海元大4A購04","11,000","2","21,960","1.96","2.00","1.96","2.00","X","0.00","2.02","400","2.05","10","221.00",
="067514","大立光元大4A購05","0","0","0","--","--","--","--"," ","0.00","0.12","499","0.13","10","2,360.00",
="067517","奇鋐元大4B購01","0","0","0","--","--","--","--"," ","0.00","7.70","100","--","0","1,015.00",
="067521","欣興元大4B購06","4,000","2","1,120","0.28","0.28","0.28","0.28","X","0.00","0.24","499","0.30","50","159.00",
="067524","臻鼎元大4A購01","0","0","0","--","--","--","--"," ","0.00","2.29","300","--","0","171.50",
="06753P","道瓊指國票4A售01","0","0","0","--","--","--","--"," ","0.00","0.02","25","0.05","10","0.00",
="067563","大成鋼兆豐4A購01","0","0","0","--","--","--","--"," ","0.00","0.71","10","0.74","10","37.90",
="067574","精成科富邦4A購01","0","0","0","--","--","--","--"," ","0.00","4.80","10","4.90","10","0.00",
="06757P","臺股指群益4A售11","0","0","0","--","--","--","--"," ","0.00","--","0","0.01","100","0.00",
="067589","元債2X元富61購03","16,000","3","18,960","1.18","1.20","1.18","1.19"," ","0.00","1.19","25","1.20","25","7.35",
="06758P","臺股指群益4A售12","0","0","0","--","--","--","--"," ","0.00","--","0","--","0","0.00",
="067595","台塑元富51購02","11,000","2","11,150","1.00","1.05","1.00","1.05","X","0.00","0.92","25","0.93","25","38.60",
="067609","台塑化元富4A購01","0","0","0","--","--","--","--"," ","0.00","0.08","30","2.09","1","39.25",
="067610","台塑化元富51購01","0","0","0","--","--","--","--"," ","0.00","0.27","5","--","0","39.25",
="067612","台塑中信4A購01","35,000","7","13,330","0.42","0.46","0.36","0.36","-","0.05","0.32","10","0.37","10","0.00",
="067615","台塑統一51購07","0","0","0","--","--","--","--"," ","0.00","0.32","10","0.33","10","38.60",
="067616","台塑統一61購01","68,000","3","30,120","0.45","0.45","0.44","0.44","X","0.00","0.44","10","0.45","20","38.60",
="067617","南亞統一51購03","3,000","1","2,700","0.90","0.90","0.90","0.90","+","0.12","0.71","10","0.72","10","39.80",
="067618","南亞統一51購04","53,000","2","65,880","1.26","1.26","1.08","1.08","-","0.02","1.06","10","1.08","10","39.80",
="067619","南亞統一51購05","147,000","13","179,710","1.32","1.49","1.17","1.17","-","0.07","1.12","10","1.13","10","39.80",
="067620","南亞統一53購01","1,252,000","42","1,180,290","0.88","1.00","0.81","0.81","-","0.04","0.78","10","0.79","10","39.80",
="067621","台化統一51購04","20,000","2","11,000","0.56","0.56","0.54","0.54","-","0.01","0.53","10","0.54","10","28.95",
="067622","宇隆統一51購01","0","0","0","--","--","--","--"," ","0.00","0.31","10","0.32","10","217.00",
="067627","鴻海統一51購06","113,000","3","173,660","1.52","1.54","1.52","1.54","+","0.06","1.55","168","1.57","168","221.00",
="067629","台積電統一51購08","138,000","3","136,400","0.97","0.99","0.97","0.99","+","0.13","0.98","10","0.99","10","1,340.00",
="067630","台積電統一57購10","58,000","2","64,960","1.12","1.12","1.12","1.12","+","0.09","1.10","10","1.11","10","1,340.00",
="067631","金像電統一51購03","0","0","0","--","--","--","--"," ","0.00","4.08","10","4.13","10","455.00",
="067632","大立光統一51購04","21,000","1","6,720","0.32","0.32","0.32","0.32","-","0.01","0.31","10","0.32","10","2,360.00",
="067633","奇鋐統一4C購03","0","0","0","--","--","--","--"," ","0.00","3.08","10","3.09","10","1,015.00",
="067634","中磊統一51購01","0","0","0","--","--","--","--"," ","0.00","0.11","10","0.12","10","105.50",
="067635","鈺邦統一51購01","5,000","1","10,200","2.04","2.04","2.04","2.04","-","0.10","1.98","10","2.08","10","198.50",
="067636","台塑化統一51購02","0","0","0","--","--","--","--"," ","0.00","0.41","10","0.42","10","39.25",
="067637","台塑化統一51購03","2,000","1","1,260","0.63","0.63","0.63","0.63","-","0.01","0.63","10","0.64","10","39.25",
="067638","來億統一51購01","0","0","0","--","--","--","--"," ","0.00","0.01","509","0.02","10","224.00",
="067639","來億統一51購02","0","0","0","--","--","--","--"," ","0.00","--","0","--","0","224.00",
="067640","來億統一55購01","0","0","0","--","--","--","--"," ","0.00","0.03","10","0.10","10","224.00",
="067641","來億統一57購01","0","0","0","--","--","--","--"," ","0.00","0.06","10","0.07","10","224.00",
="067642","世紀鋼統一51購02","404,000","7","174,890","0.42","0.45","0.41","0.41","-","0.01","0.40","20","0.41","10","171.50",
="067644","台塑永豐51購01","150,000","7","387,940","2.69","2.79","2.52","2.52","-","0.07","2.56","10","2.58","10","38.60",
="067646","南亞永豐4A購01","2,000","2","12,650","6.85","6.85","5.80","5.80","+","0.65","5.25","499","5.30","10","39.80",
="067648","技嘉永豐4B購01","0","0","0","--","--","--","--"," ","0.00","2.40","499","2.45","10","283.00",
="06764P","臺股指元大4A售11","0","0","0","--","--","--","--"," ","0.00","--","0","0.10","10","0.00",
="067657","祥碩永豐4A購01","0","0","0","--","--","--","--"," ","0.00","--","0","0.09","10","1,525.00",
="067659","臺股指永豐4B購04","0","0","0","--","--","--","--"," ","0.00","0.53","499","0.54","10","0.00",
="06765P","臺股指元大4A售12","0","0","0","--","--","--","--"," ","0.00","--","0","0.10","10","0.00",
="067660","臺股指永豐4B購05","0","0","0","--","--","--","--"," ","0.00","0.73","499","0.74","10","0.00",
="067661","臺股指永豐4B購06","0","0","0","--","--","--","--"," ","0.00","2.47","499","2.48","10","0.00",
="067662","滬深2X凱基4C購01","0","0","0","--","--","--","--"," ","0.00","2.59","100","2.60","50","19.04",
="067663","滬深2X凱基51購01","0","0","0","--","--","--","--"," ","0.00","1.50","100","1.51","50","19.04",
="067664","元油反凱基4A購01","0","0","0","--","--","--","--"," ","0.00","0.33","100","0.43","10","6.75",
="067665","台塑凱基4B購02","0","0","0","--","--","--","--"," ","0.00","0.11","10","0.21","10","38.60",
="067683","臻鼎凱基4A購02","0","0","0","--","--","--","--"," ","0.00","3.56","100","3.66","10","171.50",
="067691","S&P反1元大4A購01","0","0","0","--","--","--","--"," ","0.00","--","0","0.10","10","4.41",
="067692","S&P反1元大51購01","0","0","0","--","--","--","--"," ","0.00","0.01","599","0.04","15","4.41",
="067693","元金反元大4A購01","0","0","0","--","--","--","--"," ","0.00","--","0","0.01","1,029","6.80",
="067695","FB越南元大4A購01","0","0","0","--","--","--","--"," ","0.00","2.74","100","2.84","10","15.73",
="067704","鴻海元大4A購05","0","0","0","--","--","--","--"," ","0.00","1.44","499","1.47","10","221.00",
="067707","台積電元大4A購07","80,000","1","104,000","1.30","1.30","1.30","1.30","X","0.00","--","0","--","0","1,340.00",
="067713","聯發科元大4B購03","301,000","2","74,250","0.25","0.25","0.24","0.24","-","0.04","0.22","25","0.23","10","1,375.00",
="067720","奇鋐元大4B購02","0","0","0","--","--","--","--"," ","0.00","8.15","100","--","0","1,015.00",
="067735","台化群益4B購01","60,000","9","37,900","0.63","0.64","0.62","0.63","X","0.00","0.62","65","0.65","10","28.95",
="067737","中鋼群益4B購01","0","0","0","--","--","--","--"," ","0.00","0.06","100","0.07","100","19.45",
="067738","友達群益4B購01","110,000","3","6,800","0.06","0.07","0.06","0.07","X","0.00","--","0","0.15","10","13.70",
="067759","台塑統一51購08","245,000","12","495,520","2.01","2.08","1.94","1.95","-","0.01","1.94","10","1.95","10","38.60",
="067760","川湖統一51購03","0","0","0","--","--","--","--"," ","0.00","3.56","10","3.59","10","3,220.00",
="067761","金像電統一4B購02","0","0","0","--","--","--","--"," ","0.00","4.68","10","4.78","10","455.00",
="067762","技嘉統一51購02","44,000","2","32,120","0.73","0.73","0.73","0.73","+","0.01","0.71","10","0.72","10","283.00",
="067763","南亞科統一4B購01","0","0","0","--","--","--","--"," ","0.00","6.90","10","7.40","10","81.00",
="067764","南亞科統一51購02","0","0","0","--","--","--","--"," ","0.00","5.75","10","6.00","10","81.00",
="067765","京元電統一51購02","4,000","3","5,640","1.46","1.46","1.35","1.37","-","0.06","1.34","10","1.36","10","167.00",
="067766","飛宏統一4C購01","0","0","0","--","--","--","--"," ","0.00","0.03","10","0.04","10","24.95",
="067767","神基統一4B購02","0","0","0","--","--","--","--"," ","0.00","1.15","10","1.25","10","163.50",
="067768","神基統一51購01","0","0","0","--","--","--","--"," ","0.00","1.08","10","1.10","10","163.50",
="067769","奇鋐統一4B購03","0","0","0","--","--","--","--"," ","0.00","3.72","10","3.82","10","1,015.00",
="067770","世芯統一4C購05","5,000","4","4,320","0.92","0.92","0.84","0.84","-","0.12","0.84","10","0.85","10","3,700.00",
="067771","來億統一51購03","0","0","0","--","--","--","--"," ","0.00","0.01","10","0.02","10","224.00",
="067772","來億統一53購01","0","0","0","--","--","--","--"," ","0.00","0.01","10","0.02","10","224.00",
="067779","科妍國票4A購01","0","0","0","--","--","--","--"," ","0.00","--","0","--","0","94.00",
="067787","香港2X元富51購01","1,000","1","2,610","2.61","2.61","2.61","2.61","X","0.00","0.25","4","--","0","18.02",
="06778P","台積電凱基5B售03","0","0","0","--","--","--","--"," ","0.00","3.19","100","3.29","10","0.00",
="067790","國巨元富51購03","16,000","9","89,150","5.50","5.80","5.40","5.40","-","0.35","5.30","25","5.40","2","176.00",
="067792","皇昌元富51購01","0","0","0","--","--","--","--"," ","0.00","0.98","25","0.99","25","72.70",
="067794","神基元富4A購01","0","0","0","--","--","--","--"," ","0.00","1.78","25","1.88","10","163.50",
="067797","玉晶光元富4A購01","0","0","0","--","--","--","--"," ","0.00","0.10","25","0.11","25","443.50",
="067807","日月光元富51購01","58,000","2","81,740","1.41","1.41","1.37","1.37","+","0.11","1.31","25","1.33","25","174.50",
="067808","材料元富51購01","0","0","0","--","--","--","--"," ","0.00","0.10","25","0.11","25","66.40",
="067810","台塑化元富51購02","85,000","1","60,350","0.71","0.71","0.71","0.71","+","0.05","0.70","25","0.71","25","39.25",
="067813","永道元富4A購01","0","0","0","--","--","--","--"," ","0.00","--","0","0.10","25","141.50",
="067814","中鴻永豐4A購01","0","0","0","--","--","--","--"," ","0.00","0.02","10","0.05","10","15.90",
="067815","川湖永豐4A購01","0","0","0","--","--","--","--"," ","0.00","19.70","10","20.70","10","3,220.00",
="067820","鴻準永豐4B購01","0","0","0","--","--","--","--"," ","0.00","0.36","10","0.37","10","70.70",
="067831","世紀鋼永豐4B購01","0","0","0","--","--","--","--"," ","0.00","4.50","10","4.60","10","171.50",
="067834","S&P反1凱基51購01","0","0","0","--","--","--","--"," ","0.00","0.02","499","0.10","60","4.41",
="067859","迅得凱基4B購01","0","0","0","--","--","--","--"," ","0.00","0.02","100","0.07","10","176.00",
="067870","台塑群益4B購02","50,000","2","31,500","0.63","0.63","0.63","0.63","+","0.04","0.58","10","0.68","10","38.60",
="067884","訊芯群益4B購01","0","0","0","--","--","--","--"," ","0.00","--","0","0.11","10","164.50",
="067886","穎崴群益4B購01","35,000","7","198,150","5.50","5.85","5.30","5.65","+","0.15","5.55","10","6.05","10","2,015.00",
="067888","巨大群益51購01","0","0","0","--","--","--","--"," ","0.00","--","0","0.13","10","101.00",
="067892","T50正2元大4A購01","0","0","0","--","--","--","--"," ","0.00","1.44","499","1.54","10","302.45",
="067893","T50正2元大4C購02","0","0","0","--","--","--","--"," ","0.00","1.79","499","--","0","302.45",
="067894","滬深2X元大55購01","0","0","0","--","--","--","--"," ","0.00","4.61","250","4.62","250","19.04",
="067895","滬深2X元大56購01","0","0","0","--","--","--","--"," ","0.00","4.30","250","4.31","250","19.04",
="067896","滬深2X元大57購01","10,000","6","41,390","4.36","4.36","3.98","4.00","-","0.23","4.04","250","4.05","250","19.04",
="067897","元債2X元大61購01","7,000","1","7,210","1.03","1.03","1.03","1.03","-","0.01","1.03","100","1.04","50","7.35",
="067898","美債2X元大61購01","25,000","5","23,750","0.95","0.95","0.95","0.95"," ","0.00","0.95","100","0.96","50","7.33",
="067912","聯發科元大4B購04","23,000","4","3,250","0.15","0.15","0.14","0.14","-","0.03","0.12","499","0.13","10","1,375.00",
="067920","奇鋐元大4B購03","0","0","0","--","--","--","--"," ","0.00","7.45","100","--","0","1,015.00",
="067930","臺股指元大4B購09","0","0","0","--","--","--","--"," ","0.00","0.36","499","0.46","10","0.00",
="067931","臺股指元大4C購10","200,000","35","317,500","1.55","1.62","1.53","1.62","+","0.14","1.62","100","1.72","10","0.00",
="067936","穎崴富邦4A購01","0","0","0","--","--","--","--"," ","0.00","1.19","10","1.29","10","0.00",
="067947","國巨永豐4B購01","0","0","0","--","--","--","--"," ","0.00","4.16","10","5.30","5","176.00",
="067950","金像電永豐4B購01","0","0","0","--","--","--","--"," ","0.00","81.50","499","86.50","10","455.00",
="067951","佳能永豐4A購01","0","0","0","--","--","--","--"," ","0.00","7.60","10","7.85","10","88.80",
="067956","玉晶光永豐4B購02","145,000","9","63,520","0.46","0.46","0.40","0.43","+","0.01","0.41","10","0.42","10","443.50",
="067958","創意永豐4A購01","26,000","3","116,420","4.27","4.54","4.27","4.54","X","0.00","4.40","499","4.50","10","1,315.00",
="067959","創意永豐4B購01","2,000","1","1,700","0.85","0.85","0.85","0.85","X","0.00","0.84","10","0.87","10","1,315.00",
="067961","創意永豐4C購02","45,000","2","73,000","1.64","1.64","1.62","1.62","X","0.00","1.59","10","1.62","10","1,315.00",
="067962","創意永豐51購01","10,000","1","11,800","1.18","1.18","1.18","1.18","X","0.00","1.20","499","1.22","10","1,315.00",
="067964","辛耘永豐4B購01","12,000","3","8,310","0.69","0.72","0.69","0.72","+","0.16","0.64","10","0.66","10","388.00",
="067971","台塑統一51購10","0","0","0","--","--","--","--"," ","0.00","0.49","10","0.50","10","38.60",
="067972","南亞統一51購06","628,000","20","675,140","0.97","1.12","0.88","0.88","-","0.05","0.85","10","0.86","10","39.80",
="067974","台化統一51購05","15,000","2","5,950","0.40","0.40","0.39","0.39","X","0.00","0.38","10","0.39","5","28.95",
="067975","中砂統一4C購02","714,000","20","557,950","0.73","0.81","0.73","0.78","+","0.08","0.74","10","0.75","10","339.00",
="067976","光寶科統一4C購01","20,000","6","53,580","2.57","2.82","2.57","2.61","-","0.10","2.61","10","2.62","10","183.00",
="067977","台達電統一51購01","0","0","0","--","--","--","--"," ","0.00","4.16","10","4.21","10","893.00",
="067978","鴻海統一4C購09","40,000","1","60,400","1.51","1.51","1.51","1.51","X","0.00","1.49","10","1.50","10","221.00",
="067979","致茂統一51購02","0","0","0","--","--","--","--"," ","0.00","1.66","10","1.69","10","614.00",
="067980","佳能統一51購01","0","0","0","--","--","--","--"," ","0.00","1.64","10","1.68","10","88.80",
="067981","聯發科統一4C購09","270,000","9","70,220","0.26","0.27","0.24","0.24","-","0.05","0.23","10","0.24","8","1,375.00",
="067982","鉅祥統一54購01","3,000","1","3,270","1.09","1.09","1.09","1.09","+","0.03","1.04","3","1.06","10","108.50",
="067983","神基統一4C購01","0","0","0","--","--","--","--"," ","0.00","1.53","10","1.56","10","163.50",
="067984","創意統一51購02","0","0","0","--","--","--","--"," ","0.00","0.39","10","0.40","10","1,315.00",
="067985","辛耘統一51購04","20,000","1","8,400","0.42","0.42","0.42","0.42","X","0.00","0.38","10","0.39","10","388.00",
="067986","祥碩統一51購01","0","0","0","--","--","--","--"," ","0.00","0.07","100","--","0","1,525.00",
="067987","保瑞統一51購03","38,000","1","15,200","0.40","0.40","0.40","0.40"," ","0.00","0.40","10","0.41","10","693.00",
="067993","台灣50群益51購01","73,000","11","63,100","0.73","0.90","0.73","0.90","+","0.20","0.87","100","0.88","100","58.45",
="068012","世芯群益51購02","0","0","0","--","--","--","--"," ","0.00","--","0","1.14","10","3,700.00",
="068020","中興電元大4A購01","20,000","1","2,200","0.11","0.11","0.11","0.11","X","0.00","0.10","499","0.11","10","159.00",
="068021","中興電元大4B購01","0","0","0","--","--","--","--"," ","0.00","0.22","499","0.23","10","159.00",
="06802P","臺股指富邦4B售04","0","0","0","--","--","--","--"," ","0.00","--","0","0.03","100","0.00",
="068031","聯發科元大4B購05","0","0","0","--","--","--","--"," ","0.00","0.12","499","0.13","10","1,375.00",
="06803P","鴻海國票4A售02","0","0","0","--","--","--","--"," ","0.00","--","0","0.01","300","0.00",
="068042","創意元大4B購03","80,000","1","13,600","0.17","0.17","0.17","0.17","+","0.03","0.16","499","0.17","10","1,315.00",
="068054","T50正2凱基4A購03","0","0","0","--","--","--","--"," ","0.00","1.85","10","1.86","10","302.45",
="068055","滬深2X凱基55購01","0","0","0","--","--","--","--"," ","0.00","3.66","100","--","0","19.04",
="068056","滬深2X凱基56購01","501,000","5","1,979,740","3.88","4.14","3.74","3.76","-","0.22","3.79","100","3.80","50","19.04",
="068057","元債2X凱基5C購03","0","0","0","--","--","--","--"," ","0.00","0.87","499","0.88","499","7.35",
="068058","美債2X凱基5C購01","3,000","2","2,710","0.91","0.91","0.90","0.90","-","0.01","0.90","10","0.91","50","7.33",
="068059","元日2X凱基59購01","0","0","0","--","--","--","--"," ","0.00","0.45","100","0.46","50","5.87",
="068060","道瓊銅凱基4B購01","0","0","0","--","--","--","--"," ","0.00","0.06","100","0.07","10","25.59",
="068075","大立光凱基56購01","33,000","3","28,150","0.85","0.89","0.85","0.89","X","0.00","0.87","100","0.89","10","2,360.00",
="068078","智原凱基4A購02","0","0","0","--","--","--","--"," ","0.00","--","0","0.10","10","174.00",
="068081","創意凱基4C購01","0","0","0","--","--","--","--"," ","0.00","0.73","100","0.75","10","1,315.00",
="068082","日月光凱基4B購01","432,000","8","174,130","0.45","0.45","0.38","0.39","-","0.02","0.39","100","0.40","10","174.50",
="068115","創意元富51購01","0","0","0","--","--","--","--"," ","0.00","2.60","25","--","0","1,315.00",
="068122","富世達元富51購01","0","0","0","--","--","--","--"," ","0.00","4.24","25","4.34","10","1,010.00",
="068130","華城兆豐4A購01","0","0","0","--","--","--","--"," ","0.00","0.76","10","--","0","586.00",
="068132","力積電兆豐4B購02","351,000","17","514,400","1.33","1.84","1.33","1.72","+","0.69","1.85","20","--","0","23.45",
="068135","微星富邦4A購01","0","0","0","--","--","--","--"," ","0.00","--","0","0.05","10","0.00",
="068136","台光電富邦4A購01","0","0","0","--","--","--","--"," ","0.00","7.80","30","--","0","0.00",
="068137","飛宏富邦4A購01","0","0","0","--","--","--","--"," ","0.00","--","0","0.01","100","0.00",
="068138","瑞軒富邦4A購01","0","0","0","--","--","--","--"," ","0.00","--","0","--","0","0.00",
="068139","美食富邦4B購01","0","0","0","--","--","--","--"," ","0.00","--","0","0.10","10","0.00",
="06813P","T50正2永豐51售01","0","0","0","--","--","--","--"," ","0.00","0.26","10","0.27","10","0.00",
="068141","德律富邦4A購01","0","0","0","--","--","--","--"," ","0.00","1.92","30","--","0","0.00",
="068143","嘉澤富邦4A購01","0","0","0","--","--","--","--"," ","0.00","0.23","10","0.24","10","0.00",
="068144","辛耘富邦4C購01","622,000","24","139,760","0.20","0.25","0.20","0.23","+","0.04","0.21","30","0.22","10","0.00",
="068145","日月光富邦4A購01","11,000","1","4,840","0.44","0.44","0.44","0.44","X","0.00","0.40","30","0.41","10","0.00",
="068148","台塑統一52購01","55,000","4","7,760","0.16","0.16","0.14","0.14","X","0.00","0.14","10","0.15","10","38.60",
="068149","台塑統一54購01","31,000","2","11,160","0.36","0.36","0.36","0.36","-","0.01","0.36","5","0.37","10","38.60",
="06814P","臺股指永豐4B售01","0","0","0","--","--","--","--"," ","0.00","0.06","499","0.08","10","0.00",
="068150","南亞統一52購01","1,783,000","57","991,180","0.56","0.65","0.50","0.50","-","0.04","0.48","10","0.49","10","39.80",
="068151","台化統一52購01","0","0","0","--","--","--","--"," ","0.00","0.30","10","0.31","10","28.95",
="068152","宇隆統一52購01","0","0","0","--","--","--","--"," ","0.00","0.36","10","0.37","10","217.00",
="068153","光寶科統一54購01","43,000","3","86,760","2.02","2.04","2.00","2.04","-","0.07","2.04","10","2.08","10","183.00",
="068154","友訊統一52購01","70,000","1","12,600","0.18","0.18","0.18","0.18","X","0.00","0.17","10","0.18","10","17.80",
="068155","南亞科統一52購01","0","0","0","--","--","--","--"," ","0.00","4.93","10","4.94","10","81.00",
="068156","立隆電統一51購01","1,143,000","18","249,090","0.22","0.23","0.21","0.22","-","0.02","0.21","10","0.22","10","89.40",
="068157","立隆電統一52購01","7,000","7","2,610","0.39","0.39","0.36","0.36","-","0.03","0.34","10","0.35","10","89.40",
="068158","立隆電統一55購01","340,000","3","122,700","0.37","0.37","0.36","0.36","-","0.03","0.36","10","0.37","10","89.40",
="068159","神基統一52購01","0","0","0","--","--","--","--"," ","0.00","0.96","10","0.97","10","163.50",
="06815P","臺股指永豐4B售02","0","0","0","--","--","--","--"," ","0.00","0.17","10","0.18","10","0.00",
="068160","奇鋐統一4C購04","0","0","0","--","--","--","--"," ","0.00","2.61","10","2.71","10","1,015.00",
="068161","奇鋐統一55購01","63,000","3","137,460","2.28","2.32","2.15","2.15","-","0.03","2.17","10","2.20","10","1,015.00",
="068164","創意統一52購02","20,000","2","8,600","0.43","0.43","0.43","0.43","X","0.00","0.42","10","0.43","10","1,315.00",
="068165","創意統一52購03","317,000","4","102,270","0.32","0.35","0.32","0.35","+","0.03","0.34","10","0.35","10","1,315.00",
="068166","力積電統一52購01","971,000","35","688,380","0.63","0.85","0.63","0.83","+","0.30","0.85","10","0.93","2","23.45",
="068167","力積電統一55購01","2,285,000","37","2,038,560","0.84","1.02","0.84","0.97","+","0.20","0.97","10","--","0","23.45",
="068168","富世達統一52購01","130,000","14","137,960","1.03","1.10","1.03","1.04","+","0.09","1.03","10","1.04","10","1,010.00",
="068169","富世達統一54購01","10,000","1","19,900","1.99","1.99","1.99","1.99","X","0.00","1.93","10","1.97","10","1,010.00",
="06816P","臺股指永豐4B售03","0","0","0","--","--","--","--"," ","0.00","0.01","10","0.03","10","0.00",
="068170","富世達統一54購02","0","0","0","--","--","--","--"," ","0.00","1.79","10","1.83","10","1,010.00",
="068171","富世達統一5A購01","0","0","0","--","--","--","--"," ","0.00","1.71","10","1.75","10","1,010.00",
="068172","富世達統一62購01","308,000","12","296,400","0.95","0.99","0.95","0.99","+","0.08","0.96","10","0.97","10","1,010.00",
="068173","富世達統一62購02","326,000","7","291,960","0.89","0.91","0.89","0.91","+","0.06","0.90","10","--","0","1,010.00",
="068174","鈺齊統一52購01","0","0","0","--","--","--","--"," ","0.00","0.11","10","0.12","10","101.50",
="068176","道瓊銅永豐4B購01","0","0","0","--","--","--","--"," ","0.00","0.20","10","0.21","10","25.59",
="068177","鴻海永豐4A購04","0","0","0","--","--","--","--"," ","0.00","1.57","499","1.67","10","221.00",
="068186","緯創永豐4C購03","13,000","3","82,700","6.15","6.85","6.15","6.30","X","0.00","5.80","10","6.00","10","122.50",
="068192","泰金寶永豐4C購01","0","0","0","--","--","--","--"," ","0.00","0.02","10","--","0","6.02",
="068194","鴻海元富52購01","0","0","0","--","--","--","--"," ","0.00","3.97","25","4.07","25","221.00",
="068195","鴻海元富52購02","0","0","0","--","--","--","--"," ","0.00","3.85","25","3.95","25","221.00",
="068203","亞翔元富4B購01","0","0","0","--","--","--","--"," ","0.00","2.57","25","2.60","25","358.50",
="068210","元債2X群益52購01","0","0","0","--","--","--","--"," ","0.00","0.45","25","0.46","10","7.35",
="068211","元日2X群益51購01","1,000","1","870","0.87","0.87","0.87","0.87","X","0.00","0.86","10","0.96","10","5.87",
="068213","中興電群益4B購01","0","0","0","--","--","--","--"," ","0.00","0.48","499","0.58","10","159.00",
="068219","台積電群益4C購05","0","0","0","--","--","--","--"," ","0.00","0.01","100","--","0","1,340.00",
="068220","威盛群益4A購03","0","0","0","--","--","--","--"," ","0.00","--","0","--","0","59.50",
="068231","富世達群益4A購01","0","0","0","--","--","--","--"," ","0.00","--","0","--","0","1,010.00",
="068232","永道群益4A購01","0","0","0","--","--","--","--"," ","0.00","--","0","--","0","141.50",
="068233","臺指反國票4A購02","0","0","0","--","--","--","--"," ","0.00","--","0","0.02","2","2.96",
="068234","臺指反國票52購01","1,000","1","50","0.05","0.05","0.05","0.05","X","0.00","0.03","1","0.06","10","2.96",
="068238","國巨國票4A購01","0","0","0","--","--","--","--"," ","0.00","4.74","25","--","0","176.00",
="068248","大立光國票4A購01","0","0","0","--","--","--","--"," ","0.00","0.01","25","0.02","10","2,360.00",
="068250","德律國票4B購01","0","0","0","--","--","--","--"," ","0.00","2.23","25","2.34","10","189.00",
="068251","緯創國票4A購01","0","0","0","--","--","--","--"," ","0.00","0.05","25","0.06","10","122.50",
="068254","神達國票4A購01","0","0","0","--","--","--","--"," ","0.00","4.92","25","5.10","10","90.00",
="068262","鈺齊國票4A購01","0","0","0","--","--","--","--"," ","0.00","0.01","25","0.02","10","101.50",
="068263","台灣50凱基52購01","35,000","5","62,400","1.74","1.83","1.74","1.77","+","0.30","1.82","100","1.84","10","58.45",
="068265","台泥凱基4A購01","0","0","0","--","--","--","--"," ","0.00","--","0","0.10","10","23.75",
="068273","台積電凱基4A購16","0","0","0","--","--","--","--"," ","0.00","0.68","100","0.78","10","1,340.00",
="068276","南亞科凱基4A購01","0","0","0","--","--","--","--"," ","0.00","24.40","10","--","0","81.00",
="068281","緯創凱基4C購01","53,000","2","51,810","0.99","0.99","0.97","0.97","X","0.00","0.92","100","0.94","10","122.50",
="068282","緯創凱基4C購02","200,000","1","82,000","0.41","0.41","0.41","0.41","X","0.00","0.38","100","0.40","10","122.50",
="068285","世芯凱基4C購04","10,000","1","22,300","2.23","2.23","2.23","2.23","-","0.21","2.20","100","2.23","10","3,700.00",
="068297","中興電元大4B購02","0","0","0","--","--","--","--"," ","0.00","0.42","499","0.43","10","159.00",
="068301","鴻海元大4B購02","0","0","0","--","--","--","--"," ","0.00","1.23","499","1.26","10","221.00",
="068304","台積電元大51購03","399,000","6","165,470","0.40","0.43","0.40","0.43","+","0.09","0.01","499","--","0","1,340.00",
="068314","長榮航元大4A購01","0","0","0","--","--","--","--"," ","0.00","--","0","0.10","10","38.85",
="068336","美債2X永豐54購01","0","0","0","--","--","--","--"," ","0.00","0.70","10","0.71","10","7.33",
="06833P","台塑統一51售09","14,000","2","4,060","0.29","0.29","0.29","0.29","-","0.01","0.29","10","0.30","10","0.00",
="068340","大成鋼永豐4A購01","0","0","0","--","--","--","--"," ","0.00","1.53","499","1.63","10","37.90",
="068341","宇隆永豐4B購01","10,000","1","2,000","0.20","0.20","0.20","0.20","X","0.00","0.19","20","0.20","10","217.00",
="068343","立隆電永豐4B購01","2,174,000","19","268,840","0.15","0.15","0.11","0.12","-","0.07","0.11","10","0.12","10","89.40",
="068344","長榮永豐54購01","6,000","1","7,380","1.23","1.23","1.23","1.23","-","0.07","1.23","10","1.24","10","182.00",
="068347","偉訓永豐4B購01","0","0","0","--","--","--","--"," ","0.00","0.79","499","0.81","10","97.50",
="06834P","南亞科統一51售03","0","0","0","--","--","--","--"," ","0.00","0.02","50","0.03","265","0.00",
="068350","材料永豐4A購01","0","0","0","--","--","--","--"," ","0.00","--","0","0.09","60","66.40",
="068351","精成科永豐4A購01","0","0","0","--","--","--","--"," ","0.00","8.15","499","--","0","125.50",
="068353","力積電永豐4C購01","1,350,000","79","1,111,240","0.66","1.15","0.59","0.90","+","0.42","0.90","4","1.15","60","23.45",
="068356","國企2X富邦4B購01","0","0","0","--","--","--","--"," ","0.00","1.58","100","1.62","10","0.00",
="068358","上銀富邦4C購01","0","0","0","--","--","--","--"," ","0.00","0.13","45","0.14","10","0.00",
="068359","威盛富邦4C購01","0","0","0","--","--","--","--"," ","0.00","0.05","30","0.06","10","0.00",
="068360","皇昌富邦4A購01","0","0","0","--","--","--","--"," ","0.00","0.51","10","--","0","0.00",
="068362","德律富邦4A購02","0","0","0","--","--","--","--"," ","0.00","1.90","30","--","0","0.00",
="068363","文曄富邦4A購01","0","0","0","--","--","--","--"," ","0.00","0.66","30","--","0","0.00",
="068365","創意富邦4C購01","20,000","3","8,400","0.42","0.42","0.42","0.42","+","0.04","0.42","30","0.43","10","0.00",
="068367","創意富邦4C購02","95,000","5","29,320","0.28","0.32","0.28","0.31","+","0.02","0.30","30","0.31","10","0.00",
="068371","達興富邦4A購01","0","0","0","--","--","--","--"," ","0.00","3.32","10","--","0","0.00",
="068373","力積電富邦4A購01","418,000","11","389,060","0.71","1.15","0.71","0.95","+","0.41","1.11","30","--","0","0.00",
="068374","台虹富邦4A購01","0","0","0","--","--","--","--"," ","0.00","1.13","30","--","0","0.00",
="068375","臺股指富邦4C購03","0","0","0","--","--","--","--"," ","0.00","0.83","499","0.84","100","0.00",
="068376","臺股指富邦4C購04","0","0","0","--","--","--","--"," ","0.00","0.25","499","0.26","100","0.00",
="068377","華新統一52購01","208,000","21","54,420","0.29","0.29","0.24","0.24","-","0.03","0.24","67","0.26","3","24.05",
="068378","大成鋼統一52購01","41,000","2","14,800","0.36","0.40","0.36","0.40","-","0.02","0.36","20","0.40","19","37.90",
="068379","聯電統一51購02","745,000","22","429,690","0.55","0.61","0.55","0.60","+","0.05","0.56","66","0.57","66","43.90",
="068380","華通統一52購01","15,000","4","7,600","0.54","0.54","0.49","0.49","-","0.05","0.48","10","0.49","1","77.00",
="068381","鴻海統一62購01","15,000","2","11,450","0.76","0.77","0.76","0.77","+","0.05","0.76","10","0.77","10","221.00",
="068382","台積電統一62購01","0","0","0","--","--","--","--"," ","0.00","0.67","10","0.68","10","1,340.00",
="068383","台積電統一62購02","0","0","0","--","--","--","--"," ","0.00","0.87","10","0.88","10","1,340.00",
="068384","佳能統一58購01","66,000","6","92,000","1.35","1.44","1.35","1.38","+","0.11","1.34","10","1.39","10","88.80",
="068385","南亞科統一52購02","0","0","0","--","--","--","--"," ","0.00","4.51","10","4.52","10","81.00",
="068386","聯發科統一62購01","530,000","9","229,430","0.46","0.46","0.43","0.44","-","0.03","0.43","30","0.44","10","1,375.00",
="068387","立隆電統一52購02","0","0","0","--","--","--","--"," ","0.00","0.23","10","0.24","10","89.40",
="068388","長榮統一62購01","65,000","4","30,600","0.47","0.48","0.47","0.47","-","0.02","0.47","31","0.48","25","182.00",
="068390","陽明統一52購01","0","0","0","--","--","--","--"," ","0.00","0.37","10","0.38","10","55.20",
="068391","陽明統一62購01","0","0","0","--","--","--","--"," ","0.00","0.41","10","0.42","10","55.20",
="068392","大立光統一4A購04","0","0","0","--","--","--","--"," ","0.00","0.01","10","0.02","10","2,360.00",
="068393","大立光統一62購01","0","0","0","--","--","--","--"," ","0.00","0.31","10","0.32","10","2,360.00",
="068394","創意統一56購01","0","0","0","--","--","--","--"," ","0.00","0.65","10","0.66","10","1,315.00",
="068395","群創統一51購01","0","0","0","--","--","--","--"," ","0.00","0.47","10","0.57","10","14.15",
="068396","嘉澤統一51購03","550,000","6","77,900","0.15","0.15","0.13","0.13","-","0.02","0.13","20","0.14","10","1,605.00",
="068397","牧德統一52購01","0","0","0","--","--","--","--"," ","0.00","1.18","10","1.21","10","544.00",
="068398","日月光統一52購01","52,000","1","20,800","0.40","0.40","0.40","0.40","+","0.04","0.38","10","0.39","10","174.50",
="068399","達興統一54購01","0","0","0","--","--","--","--"," ","0.00","1.77","10","1.87","10","399.00",
="068400","啟碁統一52購01","60,000","1","12,600","0.21","0.21","0.21","0.21","X","0.00","0.21","10","0.22","10","121.00",
="068401","訊芯統一54購01","200,000","2","20,000","0.10","0.10","0.10","0.10","+","0.02","0.08","10","0.09","10","164.50",
="068402","鼎基統一54購01","0","0","0","--","--","--","--"," ","0.00","0.18","10","0.19","10","102.50",
="068403","力積電統一52購02","225,000","13","160,200","0.69","0.83","0.69","0.76","X","0.00","0.79","10","--","0","23.45",
="068404","力積電統一54購01","153,000","14","68,480","0.40","0.49","0.40","0.49","+","0.15","0.49","100","0.57","5","23.45",
="068405","富世達統一52購02","50,000","1","56,000","1.12","1.12","1.12","1.12","X","0.00","1.06","10","1.07","10","1,010.00",
="068406","富世達統一52購03","0","0","0","--","--","--","--"," ","0.00","1.13","10","1.18","10","1,010.00",
="068407","富世達統一54購03","530,000","18","600,880","1.10","1.19","1.10","1.13","+","0.07","1.12","10","1.13","10","1,010.00",
="068408","富世達統一56購01","115,000","5","109,460","0.92","0.98","0.92","0.98","+","0.05","0.93","10","0.94","10","1,010.00",
="068409","富世達統一58購01","156,000","5","133,740","0.84","0.86","0.84","0.85","+","0.04","0.85","10","0.86","10","1,010.00",
="068410","鈺齊統一52購02","0","0","0","--","--","--","--"," ","0.00","0.12","10","0.13","10","101.50",
="068414","大成鋼元富52購01","9,000","1","45,900","5.10","5.10","5.10","5.10","+","0.16","4.86","25","4.88","25","37.90",
="068419","宏致元富4B購01","30,000","1","23,700","0.79","0.79","0.79","0.79","-","0.06","0.73","25","0.74","25","73.30",
="068422","亞翔元富4B購02","0","0","0","--","--","--","--"," ","0.00","2.01","25","2.07","25","358.50",
="068430","聯發科國票4A購01","0","0","0","--","--","--","--"," ","0.00","0.01","25","0.02","10","1,375.00",
="068432","美食國票4B購01","0","0","0","--","--","--","--"," ","0.00","--","0","--","0","75.60",
="068433","嘉澤國票4A購02","0","0","0","--","--","--","--"," ","0.00","--","0","--","0","1,605.00",
="068436","鈺齊國票4B購01","0","0","0","--","--","--","--"," ","0.00","0.01","25","0.02","10","101.50",
="068440","臺指反凱基4A購02","0","0","0","--","--","--","--"," ","0.00","--","0","--","0","2.96",
="068441","元債2X凱基52購02","0","0","0","--","--","--","--"," ","0.00","0.66","499","0.67","499","7.35",
="068444","台積電凱基4C購13","0","0","0","--","--","--","--"," ","0.00","0.46","100","0.56","10","1,340.00",
="068449","萬海凱基4C購01","0","0","0","--","--","--","--"," ","0.00","1.49","100","1.50","10","77.90",
="068450","大立光凱基4B購01","0","0","0","--","--","--","--"," ","0.00","0.02","10","0.12","10","2,360.00",
="068452","中磊凱基4A購01","0","0","0","--","--","--","--"," ","0.00","--","0","0.10","10","105.50",
="068453","矽力凱基4A購02","1,000","1","100","0.10","0.10","0.10","0.10","X","0.00","--","0","0.10","9","273.00",
="06845P","T50正2凱基4A售02","0","0","0","--","--","--","--"," ","0.00","--","0","0.02","10","0.00",
="068461","台灣50群益4C購01","0","0","0","--","--","--","--"," ","0.00","0.84","100","0.85","100","58.45",
="068462","T50正2群益4A購01","0","0","0","--","--","--","--"," ","0.00","0.07","25","0.08","10","302.45",
="068475","美食群益4A購01","0","0","0","--","--","--","--"," ","0.00","--","0","--","0","75.60",
="06847P","台塑凱基4A售01","0","0","0","--","--","--","--"," ","0.00","--","0","0.02","10","0.00",
="068482","世芯群益4A購02","0","0","0","--","--","--","--"," ","0.00","--","0","0.34","10","3,700.00",
="068484","洋基群益4A購01","0","0","0","--","--","--","--"," ","0.00","--","0","--","0","449.00",
="068486","力積電群益4A購01","5,000","1","750","0.15","0.15","0.15","0.15","+","0.12","0.07","10","0.40","5","23.45",
="068488","鈺齊群益4A購01","0","0","0","--","--","--","--"," ","0.00","--","0","--","0","101.50",
="068506","長榮元大4A購01","0","0","0","--","--","--","--"," ","0.00","0.30","499","0.32","10","182.00",
="068507","萬海元大4A購02","0","0","0","--","--","--","--"," ","0.00","0.68","499","0.71","10","77.90",
="068508","長榮航元大4A購02","0","0","0","--","--","--","--"," ","0.00","--","0","0.10","10","38.85",
="068510","大立光元大51購01","0","0","0","--","--","--","--"," ","0.00","0.07","499","0.08","10","2,360.00",
="068511","大立光元大52購01","0","0","0","--","--","--","--"," ","0.00","0.37","499","0.38","10","2,360.00",
="068516","碩天元大51購01","0","0","0","--","--","--","--"," ","0.00","0.11","499","0.12","10","217.00",
="068519","世芯元大4A購05","0","0","0","--","--","--","--"," ","0.00","0.01","499","0.11","10","3,700.00",
="068533","台塑富邦4A購02","0","0","0","--","--","--","--"," ","0.00","0.03","30","--","0","0.00",
="068536","台積電富邦4C購05","0","0","0","--","--","--","--"," ","0.00","0.88","30","0.89","10","0.00",
="068537","台積電富邦4C購06","178,000","7","171,560","0.95","0.98","0.95","0.95","+","0.21","1.01","30","1.02","10","0.00",
="068539","可成富邦4A購01","0","0","0","--","--","--","--"," ","0.00","--","0","0.03","10","0.00",
="068540","美食富邦4B購02","0","0","0","--","--","--","--"," ","0.00","0.35","10","0.36","10","0.00",
="068541","佳必琪富邦4A購01","0","0","0","--","--","--","--"," ","0.00","0.76","30","--","0","0.00",
="068542","力積電富邦4A購02","66,000","13","30,270","0.29","0.70","0.29","0.55","+","0.40","0.52","50","0.69","50","0.00",
="068543","力積電富邦4C購01","2,709,000","98","2,010,280","0.62","1.10","0.61","1.10","+","0.62","0.91","10","1.10","8","0.00",
="068544","美時兆豐4A購01","0","0","0","--","--","--","--"," ","0.00","--","0","0.39","15","192.00",
="068545","台積電兆豐4A購01","0","0","0","--","--","--","--"," ","0.00","0.20","10","--","0","1,340.00",
="068547","奇鋐兆豐4A購01","0","0","0","--","--","--","--"," ","0.00","6.20","10","--","0","1,015.00",
="068548","智原兆豐4A購01","0","0","0","--","--","--","--"," ","0.00","--","0","--","0","174.00",
="068549","緯創兆豐52購01","722,000","28","632,330","0.84","0.91","0.83","0.83","+","0.05","0.80","15","0.81","10","122.50",
="068551","天虹兆豐52購01","121,000","3","38,720","0.32","0.32","0.32","0.32","+","0.03","0.29","10","0.30","10","252.50",
="068556","上証2X國票4B購01","1,000","1","740","0.74","0.74","0.74","0.74","X","0.00","0.61","25","0.62","10","47.20",
="068558","滬深2X國票4B購02","5,000","1","1,850","0.37","0.37","0.37","0.37","X","0.00","0.37","25","0.38","10","19.04",
="068569","志強國票4A購01","0","0","0","--","--","--","--"," ","0.00","--","0","0.01","450","104.50",
="068573","T50正2群益51購01","0","0","0","--","--","--","--"," ","0.00","1.15","25","1.16","10","302.45",
="068574","元債2X群益52購02","0","0","0","--","--","--","--"," ","0.00","0.44","25","0.45","10","7.35",
="068576","台積電群益52購01","0","0","0","--","--","--","--"," ","0.00","0.01","499","--","0","1,340.00",
="068577","致茂群益4C購01","0","0","0","--","--","--","--"," ","0.00","--","0","2.49","10","614.00",
="068579","聯發科群益4B購03","0","0","0","--","--","--","--"," ","0.00","--","0","--","0","1,375.00",
="068588","中磊群益4B購01","0","0","0","--","--","--","--"," ","0.00","0.19","25","0.20","10","105.50",
="068591","力積電群益4A購02","6,000","2","2,230","0.35","0.48","0.35","0.48","+","0.22","0.01","504","--","0","23.45",
="068592","力積電群益4C購01","163,000","8","130,760","0.72","0.84","0.71","0.84","+","0.33","0.84","150","0.90","1","23.45",
="068599","上銀元大51購01","0","0","0","--","--","--","--"," ","0.00","0.14","499","0.15","10","217.50",
="06860P","臺股指元大4A售13","150,000","1","1,500","0.01","0.01","0.01","0.01","X","0.00","0.01","100","0.11","20","0.00",
="068610","台光電元大4C購01","0","0","0","--","--","--","--"," ","0.00","45.60","10","--","0","1,345.00",
="068612","陽明元大4A購06","0","0","0","--","--","--","--"," ","0.00","0.62","499","0.64","10","55.20",
="068613","萬海元大4A購03","0","0","0","--","--","--","--"," ","0.00","0.58","499","0.59","10","77.90",
="068615","大立光元大51購02","0","0","0","--","--","--","--"," ","0.00","0.35","499","0.36","10","2,360.00",
="068616","大立光元大52購02","0","0","0","--","--","--","--"," ","0.00","0.22","499","0.23","10","2,360.00",
="06861P","臺股指元大4C售11","1,009,000","5","75,790","0.07","0.14","0.07","0.14","+","0.01","0.07","105","0.14","127","0.00",
="068630","材料元大4C購01","0","0","0","--","--","--","--"," ","0.00","0.27","499","0.28","10","66.40",
="068638","中興電統一52購01","17,000","1","7,140","0.42","0.42","0.42","0.42","-","0.01","0.41","20","0.42","10","159.00",
="068639","華城統一56購02","20,000","1","15,200","0.76","0.76","0.76","0.76","-","0.02","0.74","10","0.75","10","586.00",
="068640","美時統一58購01","0","0","0","--","--","--","--"," ","0.00","0.34","10","0.35","10","192.00",
="068641","川湖統一52購01","0","0","0","--","--","--","--"," ","0.00","2.58","10","2.59","10","3,220.00",
="068642","聯電統一52購01","311,000","23","210,500","0.65","0.75","0.64","0.72","+","0.11","0.67","10","0.68","10","43.90",
="068643","聯電統一54購01","1,077,000","20","744,920","0.67","0.71","0.67","0.71","+","0.06","0.68","10","0.69","10","43.90",
="068644","仁寶統一52購01","325,000","23","35,250","0.12","0.12","0.10","0.10"," ","0.00","0.10","450","0.11","10","31.40",
="068645","台積電統一62購03","0","0","0","--","--","--","--"," ","0.00","0.72","10","0.73","10","1,340.00",
="068646","藍天統一52購01","0","0","0","--","--","--","--"," ","0.00","0.13","10","0.14","10","41.45",
="068647","聯發科統一62購02","0","0","0","--","--","--","--"," ","0.00","0.57","10","0.58","10","1,375.00",
="068648","立隆電統一5A購01","0","0","0","--","--","--","--"," ","0.00","0.34","10","0.35","10","89.40",
="068649","國泰金統一52購01","740,000","16","527,260","0.70","0.72","0.70","0.72"," ","0.00","0.71","10","0.72","9","66.20",
="06864P","永道永豐4A售02","0","0","0","--","--","--","--"," ","0.00","2.62","499","2.69","10","0.00",
="068650","神基統一51購02","171,000","3","256,270","1.48","1.51","1.48","1.51","+","0.01","1.46","10","1.48","10","163.50",
="068651","聯詠統一51購02","275,000","3","36,500","0.14","0.14","0.13","0.13","+","0.02","0.12","10","0.13","10","443.00",
="068652","智原統一52購02","1,356,000","42","88,940","0.05","0.08","0.05","0.06","+","0.02","0.06","178","0.07","35","174.00",
="068653","創意統一52購04","257,000","5","78,950","0.30","0.32","0.30","0.32","+","0.04","0.31","10","0.32","10","1,315.00",
="068654","碩天統一52購01","0","0","0","--","--","--","--"," ","0.00","0.08","10","0.09","10","217.00",
="068655","日月光統一51購03","53,000","1","25,440","0.48","0.48","0.48","0.48","+","0.03","0.45","10","0.46","10","174.50",
="068656","達興統一53購04","0","0","0","--","--","--","--"," ","0.00","1.93","10","1.99","10","399.00",
="068657","鼎基統一52購01","0","0","0","--","--","--","--"," ","0.00","0.12","10","0.13","10","102.50",
="068658","緯穎統一52購03","0","0","0","--","--","--","--"," ","0.00","0.84","10","0.85","10","3,140.00",
="068659","力積電統一52購03","601,000","31","474,770","0.72","0.88","0.72","0.88","+","0.26","0.89","10","0.95","1","23.45",
="06865P","南亞統一51售07","71,000","3","7,850","0.11","0.15","0.11","0.15","+","0.01","0.14","10","0.15","69","0.00",
="068660","力積電統一54購02","255,000","13","177,530","0.63","0.76","0.63","0.74","+","0.16","0.76","10","--","0","23.45",
="068661","力積電統一54購03","45,000","5","26,520","0.54","0.62","0.54","0.62","+","0.12","0.63","10","--","0","23.45",
="068662","力積電統一58購01","854,000","20","557,190","0.61","0.69","0.60","0.66","+","0.11","0.69","4","--","0","23.45",
="068667","中興電永豐4A購01","0","0","0","--","--","--","--"," ","0.00","3.84","499","3.94","10","159.00",
="068668","華城永豐4A購01","0","0","0","--","--","--","--"," ","0.00","0.01","10","0.03","10","586.00",
="068669","中砂永豐4B購01","0","0","0","--","--","--","--"," ","0.00","5.00","10","5.20","10","339.00",
="068672","台積電永豐62購01","31,000","1","70,680","2.28","2.28","2.28","2.28","+","0.30","0.88","11","--","0","1,340.00",
="068673","鴻準永豐4B購02","70,000","3","18,250","0.27","0.27","0.26","0.26","X","0.00","0.23","10","0.24","10","70.70",
="068675","聯發科永豐4B購02","0","0","0","--","--","--","--"," ","0.00","0.33","499","0.34","10","1,375.00",
="068676","皇昌永豐4C購01","0","0","0","--","--","--","--"," ","0.00","1.24","499","1.25","10","72.70",
="068678","長榮航永豐4B購02","0","0","0","--","--","--","--"," ","0.00","0.26","499","0.27","10","38.85",
="068679","奇鋐永豐51購02","0","0","0","--","--","--","--"," ","0.00","8.45","499","8.95","10","1,015.00",
="068681","世芯永豐51購02","0","0","0","--","--","--","--"," ","0.00","1.77","499","1.79","10","3,700.00",
="068683","保瑞永豐4A購01","0","0","0","--","--","--","--"," ","0.00","1.08","499","1.18","10","693.00",
="068686","力積電永豐4A購01","3,000","1","2,100","0.70","0.70","0.70","0.70","X","0.00","0.77","499","--","0","23.45",
="068695","台積電凱基4A購17","0","0","0","--","--","--","--"," ","0.00","--","0","0.10","10","1,340.00",
="068696","台積電凱基5A購01","0","0","0","--","--","--","--"," ","0.00","2.61","100","2.71","10","1,340.00",
="068699","聯發科凱基4C購06","0","0","0","--","--","--","--"," ","0.00","0.16","100","0.17","10","1,375.00",
="068709","世芯凱基4A購06","0","0","0","--","--","--","--"," ","0.00","0.70","100","0.80","10","3,700.00",
="068715","力積電凱基4A購01","0","0","0","--","--","--","--"," ","0.00","0.04","499","--","0","23.45",
="068716","臺股指凱基4C購07","211,000","2","42,190","0.19","0.20","0.19","0.20","+","0.03","0.23","100","0.24","10","0.00",
="068719","敬鵬兆豐4A購01","1,000","1","200","0.20","0.20","0.20","0.20","X","0.00","0.21","10","--","0","36.55",
="068720","亞翔兆豐4A購01","0","0","0","--","--","--","--"," ","0.00","2.30","10","--","0","358.50",
="068723","中興電群益4B購02","0","0","0","--","--","--","--"," ","0.00","0.51","20","0.61","10","159.00",
="068731","仁寶群益4B購01","0","0","0","--","--","--","--"," ","0.00","0.08","10","0.18","10","31.40",
="068735","一詮群益52購01","0","0","0","--","--","--","--"," ","0.00","0.10","25","0.11","10","82.30",
="068744","臺股指群益4A購13","10,000","1","32,000","3.20","3.20","3.20","3.20","+","0.43","3.22","499","3.23","10","0.00",
="068747","T50正2凱基51購01","8,000","2","25,780","3.20","3.23","3.20","3.23","X","0.00","3.25","10","3.26","10","302.45",
="068751","大成鋼凱基4A購01","0","0","0","--","--","--","--"," ","0.00","--","0","0.10","10","37.90",
="068753","台積電凱基4A購18","240,000","36","288,000","1.20","1.20","1.20","1.20","X","0.00","1.20","84","1.30","10","1,340.00",
="068754","華碩凱基4A購01","0","0","0","--","--","--","--"," ","0.00","0.01","10","0.11","10","684.00",
="068755","微星凱基51購01","0","0","0","--","--","--","--"," ","0.00","--","0","0.01","300","119.50",
="068757","欣興凱基4C購02","0","0","0","--","--","--","--"," ","0.00","1.98","100","2.08","10","159.00",
="068758","世芯凱基52購01","0","0","0","--","--","--","--"," ","0.00","2.99","100","3.09","10","3,700.00",
="068762","材料凱基4C購01","0","0","0","--","--","--","--"," ","0.00","0.11","100","0.12","50","66.40",
="068765","立積凱基4A購01","0","0","0","--","--","--","--"," ","0.00","--","0","0.10","10","151.50",
="068773","臺股指凱基4C購08","0","0","0","--","--","--","--"," ","0.00","4.10","100","4.11","10","0.00",
="068781","鴻海富邦4A購03","1,000","1","2,060","2.06","2.06","2.06","2.06","+","0.15","2.08","30","2.14","10","0.00",
="068782","威盛富邦4A購01","0","0","0","--","--","--","--"," ","0.00","--","0","0.03","10","0.00",
="068783","華擎富邦4A購01","0","0","0","--","--","--","--"," ","0.00","0.94","30","1.04","10","0.00",
="068784","精銳富邦4A購01","0","0","0","--","--","--","--"," ","0.00","--","0","0.03","10","0.00",
="068790","立積富邦4A購01","0","0","0","--","--","--","--"," ","0.00","--","0","0.08","203","0.00",
="068793","泰金寶富邦4A購01","0","0","0","--","--","--","--"," ","0.00","--","0","--","0","0.00",
="068808","佳能國票4A購01","35,000","4","281,750","7.65","8.40","7.65","8.40","+","1.25","8.40","25","8.90","10","88.80",
="068809","聯發科國票4B購01","0","0","0","--","--","--","--"," ","0.00","0.01","25","0.02","10","1,375.00",
="068813","大立光國票4B購01","0","0","0","--","--","--","--"," ","0.00","0.01","25","0.02","10","2,360.00",
="068815","智原國票4A購01","0","0","0","--","--","--","--"," ","0.00","--","0","--","0","174.00",
="068817","創意國票4A購01","0","0","0","--","--","--","--"," ","0.00","0.01","25","0.02","10","1,315.00",
="068821","聯發科凱基4C購01","35,000","10","172,830","5.00","5.00","4.73","4.73","-","0.57","1.35","7","4.73","8","1,375.00",
="068823","力積電國票4A購01","29,000","7","32,080","1.10","1.13","1.10","1.11","+","0.51","1.13","31","1.60","50","23.45",
="068824","力積電國票4B購01","17,000","6","8,130","0.38","0.65","0.38","0.65","+","0.36","0.65","1","0.99","100","23.45",
="068828","華城統一51購03","113,000","2","82,360","0.73","0.73","0.72","0.72","-","0.03","0.70","10","0.71","10","586.00",
="068829","華邦電統一52購01","0","0","0","--","--","--","--"," ","0.00","4.74","10","4.75","10","36.45",
="068830","華碩統一52購01","0","0","0","--","--","--","--"," ","0.00","0.52","10","0.53","10","684.00",
="068831","藍天統一58購01","0","0","0","--","--","--","--"," ","0.00","0.27","10","0.28","10","41.45",
="068832","大同統一52購01","0","0","0","--","--","--","--"," ","0.00","0.24","10","0.25","10","39.85",
="068833","大同統一52購02","0","0","0","--","--","--","--"," ","0.00","0.25","10","0.26","10","39.85",
="068834","微星統一52購01","10,000","1","500","0.05","0.05","0.05","0.05","X","0.00","0.01","499","0.06","10","119.50",
="068835","聯發科統一52購01","0","0","0","--","--","--","--"," ","0.00","0.21","108","0.22","108","1,375.00",
="068836","聯發科統一56購02","20,000","1","10,400","0.52","0.52","0.52","0.52","X","0.00","0.50","10","0.51","10","1,375.00",
="068837","聯發科統一62購03","0","0","0","--","--","--","--"," ","0.00","0.64","10","0.65","10","1,375.00",
="068838","智易統一52購01","22,000","1","14,960","0.68","0.68","0.68","0.68","X","0.00","0.66","10","0.67","10","223.00",
="068839","精銳統一51購02","0","0","0","--","--","--","--"," ","0.00","0.14","10","0.15","10","695.00",
="068840","精銳統一62購01","0","0","0","--","--","--","--"," ","0.00","0.49","10","0.50","10","695.00",
="068841","立積統一52購01","0","0","0","--","--","--","--"," ","0.00","0.22","10","0.23","10","151.50",
="068842","立積統一52購02","100,000","3","9,500","0.10","0.10","0.09","0.09","-","0.02","0.09","10","0.10","10","151.50",
="068843","立積統一52購03","0","0","0","--","--","--","--"," ","0.00","0.10","10","0.11","10","151.50",
="068844","立積統一52購04","0","0","0","--","--","--","--"," ","0.00","0.10","10","0.11","10","151.50",
="068845","立積統一58購01","172,000","6","97,150","0.59","0.59","0.55","0.55","-","0.06","0.55","10","0.56","10","151.50",
="068846","立積統一62購01","0","0","0","--","--","--","--"," ","0.00","0.48","10","0.49","10","151.50",
="068847","立積統一62購02","0","0","0","--","--","--","--"," ","0.00","0.40","10","0.41","10","151.50",
="068848","亞翔統一52購01","0","0","0","--","--","--","--"," ","0.00","1.25","10","1.28","10","358.50",
="068849","昇陽半統一54購01","12,000","2","17,000","1.42","1.42","1.40","1.40","+","0.01","1.33","10","1.35","10","179.50",
="068850","昇陽半統一62購01","70,000","3","78,000","1.10","1.12","1.10","1.12","+","0.04","1.04","10","1.06","10","179.50",
="068851","鈺齊統一52購03","0","0","0","--","--","--","--"," ","0.00","0.09","10","0.10","10","101.50",
="068859","鴻海永豐4A購05","0","0","0","--","--","--","--"," ","0.00","1.93","499","2.03","10","221.00",
="068860","鴻海永豐4B購04","0","0","0","--","--","--","--"," ","0.00","2.82","499","2.92","10","221.00",
="068864","微星永豐4A購01","0","0","0","--","--","--","--"," ","0.00","--","0","0.10","10","119.50",
="068871","世芯永豐4A購06","0","0","0","--","--","--","--"," ","0.00","1.41","499","1.51","10","3,700.00",
="068874","精銳永豐4C購01","0","0","0","--","--","--","--"," ","0.00","0.08","10","0.09","10","695.00",
="068878","昇陽半永豐4A購01","1,000","1","1,640","1.64","1.64","1.64","1.64","X","0.00","1.29","499","1.39","10","179.50",
="068879","勤誠永豐4A購01","0","0","0","--","--","--","--"," ","0.00","20.10","499","20.60","10","600.00",
="06887P","臺股指凱基4C售06","0","0","0","--","--","--","--"," ","0.00","0.08","100","0.09","10","0.00",
="068887","聯發科元富4A購07","0","0","0","--","--","--","--"," ","0.00","0.16","25","0.17","25","1,375.00",
="068888","聯發科元富4A購08","0","0","0","--","--","--","--"," ","0.00","0.10","25","0.11","25","1,375.00",
="068892","立積元富52購01","58,000","2","14,500","0.25","0.25","0.25","0.25","-","0.05","0.25","25","0.26","25","151.50",
="068895","上銀元大51購02","65,000","4","10,800","0.17","0.17","0.16","0.16","X","0.00","0.16","10","0.17","10","217.50",
="068903","台光電元大4C購02","0","0","0","--","--","--","--"," ","0.00","60.00","10","--","0","1,345.00",
="068904","聯發科元大4C購03","0","0","0","--","--","--","--"," ","0.00","0.03","499","0.13","10","1,375.00",
="068907","長榮元大4A購02","0","0","0","--","--","--","--"," ","0.00","--","0","0.10","10","182.00",
="068923","精銳元大4A購01","0","0","0","--","--","--","--"," ","0.00","0.03","499","0.13","10","695.00",
="068924","精銳元大4B購01","0","0","0","--","--","--","--"," ","0.00","0.13","499","0.14","10","695.00",
="068925","精銳元大52購01","20,000","2","6,700","0.34","0.34","0.33","0.33","-","0.04","0.32","499","0.33","10","695.00",
="068926","材料元大4C購02","0","0","0","--","--","--","--"," ","0.00","0.14","499","0.15","10","66.40",
="068928","立積元大4A購01","0","0","0","--","--","--","--"," ","0.00","--","0","0.10","10","151.50",
="06892P","台積電富邦4C售03","0","0","0","--","--","--","--"," ","0.00","--","0","0.03","10","0.00",
="068939","立積元大4B購01","0","0","0","--","--","--","--"," ","0.00","--","0","0.10","10","151.50",
="06893P","台積電富邦4C售04","0","0","0","--","--","--","--"," ","0.00","0.01","199","0.03","10","0.00",
="068944","穎崴元大4B購01","0","0","0","--","--","--","--"," ","0.00","2.64","300","--","0","2,015.00",
="068955","台灣50富邦4A購03","0","0","0","--","--","--","--"," ","0.00","3.19","100","--","0","0.00",
="068957","華碩富邦4A購01","0","0","0","--","--","--","--"," ","0.00","--","0","0.03","10","0.00",
="068959","一詮富邦4A購01","0","0","0","--","--","--","--"," ","0.00","0.18","10","0.19","10","0.00",
="068960","神基富邦4A購01","0","0","0","--","--","--","--"," ","0.00","1.48","30","1.53","10","0.00",
="068962","智原富邦4A購01","0","0","0","--","--","--","--"," ","0.00","0.02","30","0.05","10","0.00",
="068963","智原富邦4C購01","0","0","0","--","--","--","--"," ","0.00","0.14","30","0.15","10","0.00",
="068964","欣興富邦4B購01","1,000","1","1,060","1.06","1.06","1.06","1.06","X","0.00","1.01","30","1.02","10","0.00",
="068965","建漢富邦4A購01","0","0","0","--","--","--","--"," ","0.00","--","0","0.05","10","0.00",
="068966","創意富邦4A購02","0","0","0","--","--","--","--"," ","0.00","0.23","30","0.24","10","0.00",
="068967","創意富邦4A購03","0","0","0","--","--","--","--"," ","0.00","0.10","30","0.11","10","0.00",
="068968","創意富邦4C購03","180,000","3","38,300","0.21","0.22","0.21","0.22","+","0.04","0.21","30","0.22","10","0.00",
="068969","創意富邦4C購04","167,000","4","58,450","0.35","0.35","0.35","0.35","X","0.00","0.34","30","0.35","10","0.00",
="068970","亞翔富邦4A購01","0","0","0","--","--","--","--"," ","0.00","1.62","30","1.68","10","0.00",
="068971","南電富邦4B購01","0","0","0","--","--","--","--"," ","0.00","3.19","30","3.29","10","0.00",
="068972","鈺齊富邦4A購01","0","0","0","--","--","--","--"," ","0.00","--","0","--","0","0.00",
="068979","鴻海兆豐4B購01","0","0","0","--","--","--","--"," ","0.00","1.78","10","1.85","10","221.00",
="068980","台積電兆豐4C購01","0","0","0","--","--","--","--"," ","0.00","--","0","--","0","1,340.00",
="068981","旺宏兆豐52購01","5,000","5","16,140","3.17","3.32","3.15","3.25","+","0.13","3.17","10","3.98","1","26.75",
="068984","文曄兆豐4A購01","0","0","0","--","--","--","--"," ","0.00","1.50","10","--","0","137.50",
="068985","辛耘兆豐52購01","99,000","5","126,720","1.28","1.28","1.28","1.28","X","0.00","1.17","10","1.19","10","388.00",
="068986","精銳兆豐4A購01","0","0","0","--","--","--","--"," ","0.00","0.02","10","--","0","695.00",
="068987","致伸兆豐4A購01","0","0","0","--","--","--","--"," ","0.00","0.03","10","--","0","78.60",
="068988","立積兆豐52購01","70,000","4","20,550","0.30","0.30","0.28","0.28","-","0.05","0.29","10","0.30","10","151.50",
="06898P","台積電群益4A售18","0","0","0","--","--","--","--"," ","0.00","--","0","--","0","0.00",
="068991","鴻海國泰51購01","0","0","0","--","--","--","--"," ","0.00","4.53","499","4.63","100","221.00",
="068998","T50正2國票4A購02","0","0","0","--","--","--","--"," ","0.00","3.68","25","3.73","10","302.45",
="06899P","台積電群益4A售19","0","0","0","--","--","--","--"," ","0.00","--","0","0.01","70","0.00",
="069000","道瓊反國票4B購01","0","0","0","--","--","--","--"," ","0.00","0.02","25","0.03","10","5.81",
="069001","元金反國票4A購01","0","0","0","--","--","--","--"," ","0.00","--","0","--","0","6.80",
="069011","祥碩國票4A購01","0","0","0","--","--","--","--"," ","0.00","0.01","25","0.02","10","1,525.00",
="069012","jpp國票4A購01","0","0","0","--","--","--","--"," ","0.00","4.77","25","4.87","10","286.50",
="069014","啟碁國票4A購01","0","0","0","--","--","--","--"," ","0.00","--","0","--","0","121.00",
="069022","世芯中信4A購03","0","0","0","--","--","--","--"," ","0.00","--","0","0.05","10","0.00",
="069024","香港2X永豐52購01","40,000","4","80,670","2.06","2.06","1.93","1.93","X","0.00","1.95","10","1.96","10","18.02",
="069025","大成鋼永豐4A購02","0","0","0","--","--","--","--"," ","0.00","--","0","0.02","50","37.90",
="069026","上銀永豐4B購02","0","0","0","--","--","--","--"," ","0.00","0.01","499","0.03","10","217.50",
="069027","川湖永豐4A購02","0","0","0","--","--","--","--"," ","0.00","8.55","499","--","0","3,220.00",
="069033","創意永豐4B購02","0","0","0","--","--","--","--"," ","0.00","0.28","499","0.29","10","1,315.00",
="069034","世芯永豐4B購05","0","0","0","--","--","--","--"," ","0.00","2.03","499","2.05","10","3,700.00",
="069035","世芯永豐4C購04","160,000","5","212,390","1.45","1.45","1.28","1.28","-","0.28","1.29","10","1.31","10","3,700.00",
="069036","材料永豐4B購01","0","0","0","--","--","--","--"," ","0.00","0.26","499","0.27","10","66.40",
="069037","立積永豐4B購01","0","0","0","--","--","--","--"," ","0.00","--","0","0.03","10","151.50",
="069038","立積永豐52購01","409,000","8","137,330","0.39","0.39","0.33","0.33","-","0.07","0.34","10","0.35","10","151.50",
="069039","愛普永豐4A購01","5,000","1","2,750","0.55","0.55","0.55","0.55","X","0.00","0.02","30","--","0","344.00",
="069041","T50反1凱基4A購03","0","0","0","--","--","--","--"," ","0.00","--","0","0.01","130","18.29",
="069042","臺指反凱基52購01","0","0","0","--","--","--","--"," ","0.00","0.01","629","0.11","10","2.96",
="069050","台積電凱基4A購19","0","0","0","--","--","--","--"," ","0.00","1.44","70","1.54","10","1,340.00",
="069051","致茂凱基4A購03","0","0","0","--","--","--","--"," ","0.00","7.35","10","--","0","614.00",
="069053","美律凱基4A購01","0","0","0","--","--","--","--"," ","0.00","0.24","100","--","0","104.00",
="069055","萬海凱基4A購04","0","0","0","--","--","--","--"," ","0.00","0.79","100","0.89","10","77.90",
="069057","德律凱基4A購01","0","0","0","--","--","--","--"," ","0.00","1.35","10","1.45","10","189.00",
="069059","智原凱基4C購01","0","0","0","--","--","--","--"," ","0.00","0.02","30","0.03","50","174.00",
="069061","創意凱基4A購02","0","0","0","--","--","--","--"," ","0.00","--","0","0.10","10","1,315.00",
="069066","同欣電凱基4A購01","0","0","0","--","--","--","--"," ","0.00","0.13","100","--","0","120.50",
="069067","保瑞凱基4A購02","0","0","0","--","--","--","--"," ","0.00","--","0","0.04","30","693.00",
="069069","鈺齊凱基4A購01","0","0","0","--","--","--","--"," ","0.00","--","0","--","0","101.50",
="069071","臺股指凱基4A購15","0","0","0","--","--","--","--"," ","0.00","3.73","100","--","0","0.00",
="069078","聯發科凱基4C購02","30,000","3","210,000","7.00","7.00","7.00","7.00","-","0.50","6.30","50","6.80","10","1,375.00",
="069082","台積電元大4B購06","0","0","0","--","--","--","--"," ","0.00","0.08","125","--","0","1,340.00",
="069094","聯發科元大4C購04","0","0","0","--","--","--","--"," ","0.00","0.20","25","0.21","10","1,375.00",
="069096","緯創元大4C購01","0","0","0","--","--","--","--"," ","0.00","1.08","499","1.11","10","122.50",
="069099","創意元大51購01","100,000","3","25,400","0.26","0.26","0.25","0.25","+","0.04","0.24","45","0.25","10","1,315.00",
="069109","立積元大4A購02","0","0","0","--","--","--","--"," ","0.00","--","0","0.10","10","151.50",
="069110","立積元大4B購02","0","0","0","--","--","--","--"," ","0.00","--","0","0.08","50","151.50",
="069119","緯穎元大4A購05","0","0","0","--","--","--","--"," ","0.00","1.45","499","1.50","10","3,140.00",
="069132","瑞昱群益4A購01","0","0","0","--","--","--","--"," ","0.00","--","0","--","0","540.00",
="069135","萬海群益4A購05","0","0","0","--","--","--","--"," ","0.00","--","0","0.81","10","77.90",
="069137","奇鋐群益52購01","0","0","0","--","--","--","--"," ","0.00","--","0","19.40","10","1,015.00",
="069139","創意群益4A購02","0","0","0","--","--","--","--"," ","0.00","--","0","0.14","50","1,315.00",
="069152","精成科群益52購01","0","0","0","--","--","--","--"," ","0.00","3.21","199","--","0","125.50",
="069153","穎崴群益4C購01","0","0","0","--","--","--","--"," ","0.00","4.83","10","4.93","10","2,015.00",
="069154","泰金寶群益4C購01","0","0","0","--","--","--","--"," ","0.00","0.08","10","0.18","10","6.02",
="069155","華城統一52購01","58,000","1","49,880","0.86","0.86","0.86","0.86","X","0.00","0.83","10","0.84","10","586.00",
="069156","大成鋼統一52購02","0","0","0","--","--","--","--"," ","0.00","0.25","10","0.26","10","37.90",
="069157","大成鋼統一52購03","208,000","7","58,060","0.29","0.30","0.27","0.27"," ","0.00","0.26","40","0.27","10","37.90",
="069158","大成鋼統一52購04","0","0","0","--","--","--","--"," ","0.00","0.41","10","0.42","10","37.90",
="069159","光寶科統一52購02","1,000","1","2,230","2.23","2.23","2.23","2.23","+","0.27","2.08","10","2.09","10","183.00",
="069160","鴻海統一52購01","10,000","1","11,900","1.19","1.19","1.19","1.19","+","0.09","1.19","10","1.20","10","221.00",
="069161","台積電統一52購06","0","0","0","--","--","--","--"," ","0.00","1.08","10","1.09","10","1,340.00",
="069162","台積電統一52購07","420,000","7","432,540","0.99","1.05","0.99","1.04","+","0.10","1.01","10","1.02","10","1,340.00",
="069164","台積電統一5C購02","0","0","0","--","--","--","--"," ","0.00","0.92","10","0.93","10","1,340.00",
="069165","台積電統一62購04","0","0","0","--","--","--","--"," ","0.00","0.88","10","0.89","10","1,340.00",
="069166","宏碁統一52購01","3,000","1","690","0.23","0.23","0.23","0.23","-","0.01","0.23","10","0.24","10","31.20",
="069167","宏碁統一52購02","290,000","12","27,600","0.11","0.11","0.09","0.10","-","0.01","0.09","132","0.10","79","31.20",
="069168","華碩統一52購02","186,000","6","98,320","0.53","0.54","0.52","0.54","+","0.02","0.52","10","0.53","10","684.00",
="069169","華碩統一52購03","181,000","2","70,690","0.39","0.40","0.39","0.40","+","0.01","0.40","10","0.41","10","684.00",
="069170","技嘉統一52購02","1,000","1","1,070","1.07","1.07","1.07","1.07","+","0.04","1.02","10","1.03","10","283.00",
="069171","微星統一51購02","0","0","0","--","--","--","--"," ","0.00","0.03","10","0.04","10","119.50",
="069172","聯發科統一52購02","0","0","0","--","--","--","--"," ","0.00","0.48","10","0.49","10","1,375.00",
="069173","長榮統一52購01","327,000","4","140,360","0.43","0.43","0.42","0.42","-","0.02","0.41","10","0.42","10","182.00",
="069174","萬海統一52購01","0","0","0","--","--","--","--"," ","0.00","0.75","10","0.76","10","77.90",
="069175","大立光統一56購01","0","0","0","--","--","--","--"," ","0.00","0.29","10","0.30","10","2,360.00",
="069176","奇鋐統一52購02","0","0","0","--","--","--","--"," ","0.00","2.90","10","2.91","10","1,015.00",
="069177","智原統一51購02","30,000","1","2,100","0.07","0.07","0.07","0.07","X","0.00","0.07","10","0.08","10","174.00",
="069178","欣興統一52購02","30,000","3","26,800","0.93","0.93","0.85","0.85","+","0.04","0.83","10","0.84","10","159.00",
="069179","緯創統一52購01","19,000","5","14,540","0.78","0.78","0.76","0.76","X","0.00","0.75","30","0.76","5","122.50",
="069180","新日興統一52購01","20,000","1","8,800","0.44","0.44","0.44","0.44","+","0.01","0.42","10","0.43","10","237.00",
="069185","創意統一5A購01","69,000","2","51,630","0.74","0.77","0.74","0.77","+","0.04","0.75","10","0.76","10","1,315.00",
="069187","牧德統一52購02","0","0","0","--","--","--","--"," ","0.00","1.23","10","1.24","10","544.00",
="069188","辛耘統一52購01","160,000","4","110,880","0.69","0.73","0.68","0.73","+","0.10","0.66","10","0.67","10","388.00",
="069190","世芯統一53購02","115,000","7","68,310","0.62","0.62","0.58","0.58","-","0.07","0.57","10","0.58","9","3,700.00",
="069194","日月光統一52購02","291,000","13","172,120","0.60","0.60","0.57","0.57","+","0.01","0.57","10","0.58","10","174.50",
="069195","日月光統一52購03","216,000","4","143,000","0.68","0.68","0.65","0.65","+","0.03","0.65","10","0.66","10","174.50",
="069199","精銳統一4C購01","0","0","0","--","--","--","--"," ","0.00","0.20","10","0.21","10","695.00",
="069200","精銳統一52購03","0","0","0","--","--","--","--"," ","0.00","0.21","10","0.22","10","695.00",
="069205","立積統一52購05","0","0","0","--","--","--","--"," ","0.00","0.19","10","0.20","10","151.50",
="069206","立積統一54購01","0","0","0","--","--","--","--"," ","0.00","0.09","10","0.10","10","151.50",
="069207","立積統一56購01","20,000","1","5,600","0.28","0.28","0.28","0.28","-","0.04","0.26","10","0.27","10","151.50",
="069208","立積統一58購02","24,000","1","6,720","0.28","0.28","0.28","0.28","-","0.02","0.27","10","0.28","10","151.50",
="069209","中磊統一52購01","0","0","0","--","--","--","--"," ","0.00","0.16","10","0.17","10","105.50",
="069210","亞翔統一52購02","0","0","0","--","--","--","--"," ","0.00","1.45","10","1.48","10","358.50",
="069211","迅得統一52購01","0","0","0","--","--","--","--"," ","0.00","0.27","10","0.28","10","176.00",
="069212","昇陽半統一54購02","622,000","15","735,180","1.20","1.23","1.13","1.13","-","0.02","1.10","10","1.12","10","179.50",
="069213","羅昇統一53購01","30,000","1","12,300","0.41","0.41","0.41","0.41","-","0.01","0.37","10","0.38","10","99.50",
="069221","大成鋼元富52購02","473,000","8","1,231,850","2.77","2.77","2.51","2.51","-","0.14","2.49","25","2.51","25","37.90",
="069223","鴻海元富52購03","0","0","0","--","--","--","--"," ","0.00","4.22","25","4.30","25","221.00",
="069228","台積電元富62購01","13,000","11","294,900","22.30","23.40","22.30","23.40","+","2.10","9.95","1","--","0","1,340.00",
="069232","聯發科元富4A購09","0","0","0","--","--","--","--"," ","0.00","0.04","25","0.10","10","1,375.00",
="069238","精銳元富52購01","1,000","1","960","0.96","0.96","0.96","0.96","X","0.00","0.94","25","0.97","25","695.00",
="069239","力成元富52購01","20,000","2","66,200","3.33","3.33","3.29","3.29","+","0.13","3.11","25","3.21","10","150.50",
="069246","臺股指元富52購01","0","0","0","--","--","--","--"," ","0.00","1.37","25","1.38","25","0.00",
="069248","滬深2X富邦4B購02","0","0","0","--","--","--","--"," ","0.00","1.71","100","1.72","10","0.00",
="069249","川湖富邦4A購01","0","0","0","--","--","--","--"," ","0.00","4.32","30","--","0","0.00",
="069252","中磊富邦4B購01","0","0","0","--","--","--","--"," ","0.00","--","0","0.10","10","0.00",
="069257","聯電兆豐4A購01","0","0","0","--","--","--","--"," ","0.00","0.75","10","--","0","43.90",
="06925P","迅得永豐4A售01","0","0","0","--","--","--","--"," ","0.00","0.04","10","0.10","14","0.00",
="069260","晶心科兆豐4A購01","0","0","0","--","--","--","--"," ","0.00","--","0","--","0","325.50",
="069280","凱美元富4B購01","1,473,000","41","127,630","0.10","0.11","0.07","0.11","-","0.03","0.08","20","0.26","6","73.00",
="069282","聯發科元富4A購10","0","0","0","--","--","--","--"," ","0.00","0.02","25","0.10","10","1,375.00",
="069283","聯發科元富4A購11","0","0","0","--","--","--","--"," ","0.00","0.01","25","0.10","10","1,375.00",
="069284","聯發科元富4A購12","0","0","0","--","--","--","--"," ","0.00","0.02","25","0.10","10","1,375.00",
="069285","聯發科元富5A購03","40,000","2","41,000","1.03","1.03","1.02","1.02","X","0.00","0.99","25","1.00","25","1,375.00",
="06928P","力積電統一4C售01","250,000","9","47,240","0.21","0.21","0.18","0.18","-","0.09","0.17","50","--","0","0.00",
="069291","智原元富4A購02","0","0","0","--","--","--","--"," ","0.00","--","0","0.10","25","174.00",
="069293","創意元富52購01","0","0","0","--","--","--","--"," ","0.00","1.59","25","--","0","1,315.00",
="069297","世芯元富4B購06","0","0","0","--","--","--","--"," ","0.00","0.89","25","0.90","25","3,700.00",
="069299","穎崴元富4B購01","0","0","0","--","--","--","--"," ","0.00","5.25","25","5.35","25","2,015.00",
="069300","穎崴元富4B購02","1,000","1","4,320","4.32","4.32","4.32","4.32","+","0.16","4.22","25","--","0","2,015.00",
="069305","台泥國票4A購01","0","0","0","--","--","--","--"," ","0.00","--","0","--","0","23.75",
="069306","華友聯國票4B購01","0","0","0","--","--","--","--"," ","0.00","0.04","25","0.05","10","73.20",
="069310","神基國票4B購01","0","0","0","--","--","--","--"," ","0.00","2.06","25","2.15","10","163.50",
="069312","嘉澤國票4A購03","0","0","0","--","--","--","--"," ","0.00","0.05","25","0.06","10","1,605.00",
="069313","智易國票4A購01","0","0","0","--","--","--","--"," ","0.00","0.04","25","0.05","10","223.00",
="069316","世芯國票4A購03","0","0","0","--","--","--","--"," ","0.00","0.04","25","0.05","10","3,700.00",
="069317","貿聯國票4A購01","0","0","0","--","--","--","--"," ","0.00","11.20","25","11.90","10","1,085.00",
="069319","神達國票4A購02","0","0","0","--","--","--","--"," ","0.00","3.98","25","4.08","10","90.00",
="069324","中磊國票4C購01","0","0","0","--","--","--","--"," ","0.00","0.05","25","0.06","10","105.50",
="069325","亞翔國票4A購01","3,000","1","5,580","1.86","1.86","1.86","1.86","X","0.00","2.10","25","2.17","10","358.50",
="069327","帝寶國票4A購01","0","0","0","--","--","--","--"," ","0.00","--","0","--","0","134.00",
="069328","昇陽半國票4A購01","0","0","0","--","--","--","--"," ","0.00","2.56","25","2.66","10","179.50",
="069336","中砂凱基4A購01","4,000","1","3,720","0.93","0.93","0.93","0.93","X","0.00","0.90","100","--","0","339.00",
="069338","鴻海凱基5B購01","10,000","1","34,600","3.46","3.46","3.46","3.46","X","0.00","3.46","240","3.56","10","221.00",
="069339","鴻海凱基5B購02","4,000","1","14,680","3.67","3.67","3.67","3.67","X","0.00","3.70","100","--","0","221.00",
="069340","台積電凱基5B購04","0","0","0","--","--","--","--"," ","0.00","3.42","100","3.52","10","1,340.00",
="069341","華碩凱基52購01","8,000","2","7,160","0.87","0.91","0.87","0.91","X","0.00","0.77","10","0.87","10","684.00",
="069344","大立光凱基4A購03","0","0","0","--","--","--","--"," ","0.00","--","0","0.10","10","2,360.00",
="069346","欣興凱基4C購03","22,000","6","42,330","1.87","1.97","1.87","1.89","+","0.06","1.83","100","--","0","159.00",
="069347","緯創凱基4C購03","0","0","0","--","--","--","--"," ","0.00","1.44","100","1.49","10","122.50",
="069349","世芯凱基51購01","60,000","1","86,400","1.44","1.44","1.44","1.44","-","0.12","1.42","100","1.44","10","3,700.00",
="069351","精銳凱基4B購01","0","0","0","--","--","--","--"," ","0.00","0.08","100","0.10","10","695.00",
="069352","精銳凱基4C購01","0","0","0","--","--","--","--"," ","0.00","0.03","100","0.13","10","695.00",
="069353","材料凱基52購01","0","0","0","--","--","--","--"," ","0.00","0.21","100","0.22","50","66.40",
="069355","立積凱基4A購02","0","0","0","--","--","--","--"," ","0.00","--","0","0.10","10","151.50",
="069356","亞翔凱基4C購01","6,000","2","17,650","2.95","2.95","2.94","2.94","-","0.30","3.06","10","3.16","10","358.50",
="069357","精成科凱基4C購01","0","0","0","--","--","--","--"," ","0.00","5.15","100","--","0","125.50",
="069358","啟碁凱基4A購01","0","0","0","--","--","--","--"," ","0.00","--","0","--","0","121.00",
="069360","迅得凱基4A購01","0","0","0","--","--","--","--"," ","0.00","--","0","--","0","176.00",
="069361","穎崴凱基4B購01","0","0","0","--","--","--","--"," ","0.00","3.28","100","3.38","10","2,015.00",
="069365","T50正2永豐4C購02","0","0","0","--","--","--","--"," ","0.00","3.69","10","3.71","10","302.45",
="069368","滬深2X永豐4A購01","0","0","0","--","--","--","--"," ","0.00","3.65","499","3.75","10","19.04",
="06936P","世芯凱基4A售05","0","0","0","--","--","--","--"," ","0.00","--","0","0.10","10","0.00",
="069371","致茂永豐52購01","0","0","0","--","--","--","--"," ","0.00","8.55","499","8.80","10","614.00",
="069377","貿聯永豐4A購01","0","0","0","--","--","--","--"," ","0.00","14.10","499","--","0","1,085.00",
="069378","精銳永豐52購01","0","0","0","--","--","--","--"," ","0.00","0.17","499","0.18","10","695.00",
="069379","立積永豐52購02","0","0","0","--","--","--","--"," ","0.00","0.21","499","0.22","10","151.50",
="06937P","佳能群益4C售01","0","0","0","--","--","--","--"," ","0.00","--","0","0.10","60","0.00",
="069383","世紀鋼永豐4A購01","0","0","0","--","--","--","--"," ","0.00","0.23","10","0.33","10","171.50",
="069384","大成鋼統一52購05","6,000","2","3,690","0.62","0.62","0.59","0.59","X","0.00","0.58","10","0.59","10","37.90",
="069385","大成鋼統一53購01","0","0","0","--","--","--","--"," ","0.00","0.32","10","0.33","10","37.90",
="069386","上銀統一4C購04","0","0","0","--","--","--","--"," ","0.00","0.07","10","0.08","10","217.50",
="069387","鴻海統一52購02","0","0","0","--","--","--","--"," ","0.00","1.17","10","1.19","10","221.00",
="069388","鴻海統一56購04","195,000","7","274,280","1.39","1.42","1.39","1.42","+","0.09","1.41","168","1.42","168","221.00",
="069389","台積電統一54購02","134,000","2","136,680","1.02","1.02","1.02","1.02","X","0.00","1.01","10","1.02","10","1,340.00",
="069390","華邦電統一52購02","502,000","8","2,911,500","5.70","6.00","5.65","5.95","+","0.55","6.00","10","6.30","10","36.45",
="069391","技嘉統一62購01","30,000","2","21,850","0.73","0.73","0.72","0.72","+","0.01","0.72","10","0.73","10","283.00",
="069392","微星統一52購02","0","0","0","--","--","--","--"," ","0.00","0.04","10","0.05","10","119.50",
="069393","瑞昱統一52購01","0","0","0","--","--","--","--"," ","0.00","0.32","10","0.33","10","540.00",
="069394","瑞昱統一52購02","0","0","0","--","--","--","--"," ","0.00","0.39","10","0.40","10","540.00",
="069395","威盛統一52購02","0","0","0","--","--","--","--"," ","0.00","0.05","10","0.06","10","59.50",
="069396","聯發科統一53購04","0","0","0","--","--","--","--"," ","0.00","0.35","10","0.36","10","1,375.00",
="069397","陽明統一52購02","231,000","3","46,510","0.21","0.21","0.20","0.20","-","0.03","0.20","10","0.21","10","55.20",
="069398","聯詠統一52購01","1,250,000","11","134,130","0.10","0.12","0.10","0.12","+","0.02","0.11","10","0.12","10","443.00",
="069399","智原統一56購01","30,000","2","4,300","0.14","0.15","0.14","0.15","+","0.04","0.13","10","0.15","14","174.00",
="069400","智原統一58購01","8,000","1","2,080","0.26","0.26","0.26","0.26","+","0.02","0.25","10","0.26","10","174.00",
="069401","欣興統一52購03","12,000","2","10,220","0.85","0.86","0.85","0.86","+","0.06","0.81","10","0.83","10","159.00",
="069402","緯創統一62購01","1,247,000","48","871,700","0.70","0.72","0.69","0.69","+","0.02","0.68","23","0.69","10","122.50",
="069403","玉晶光統一53購01","139,000","2","56,740","0.41","0.41","0.40","0.40","-","0.02","0.39","10","0.40","10","443.50",
="069404","群創統一52購01","0","0","0","--","--","--","--"," ","0.00","0.62","10","0.63","10","14.15",
="069405","群創統一52購02","295,000","22","162,350","0.61","0.61","0.51","0.57","+","0.02","0.54","10","0.55","40","14.15",
="069406","辛耘統一52購02","10,000","1","6,300","0.63","0.63","0.63","0.63","X","0.00","0.61","10","0.62","10","388.00",
="069407","世芯統一52購02","0","0","0","--","--","--","--"," ","0.00","0.60","10","0.61","10","3,700.00",
="069408","日月光統一58購01","16,000","1","9,760","0.61","0.61","0.61","0.61","+","0.04","0.59","10","0.60","10","174.50",
="069409","精銳統一52購04","0","0","0","--","--","--","--"," ","0.00","0.26","10","0.27","10","695.00",
="069410","精銳統一52購05","0","0","0","--","--","--","--"," ","0.00","0.16","10","0.17","10","695.00",
="069411","精銳統一55購01","0","0","0","--","--","--","--"," ","0.00","0.20","10","0.21","10","695.00",
="069412","啟碁統一52購02","0","0","0","--","--","--","--"," ","0.00","0.20","10","0.21","10","121.00",
="069413","愛普統一52購01","50,000","1","25,500","0.51","0.51","0.51","0.51","X","0.00","0.55","10","0.56","10","344.00",
="069414","鼎基統一52購02","0","0","0","--","--","--","--"," ","0.00","0.04","10","0.05","10","102.50",
="069415","永道統一52購01","0","0","0","--","--","--","--"," ","0.00","0.07","10","0.08","10","141.50",
="069416","泓德統一58購01","4,000","1","800","0.20","0.20","0.20","0.20","X","0.00","0.19","10","0.20","10","125.50",
="069417","昇陽半統一52購01","70,000","1","120,400","1.72","1.72","1.72","1.72","+","0.10","1.55","10","1.56","10","179.50",
="069418","羅昇統一52購01","0","0","0","--","--","--","--"," ","0.00","0.25","10","0.26","10","99.50",
="069419","羅昇統一56購01","0","0","0","--","--","--","--"," ","0.00","0.31","10","0.32","10","99.50",
="069420","羅昇統一58購01","0","0","0","--","--","--","--"," ","0.00","0.32","10","0.33","10","99.50",
="069421","台塑群益53購01","0","0","0","--","--","--","--"," ","0.00","0.73","10","0.83","10","38.60",
="069427","仁寶群益4C購01","55,000","8","7,650","0.14","0.15","0.13","0.15","+","0.04","0.12","90","0.16","30","31.40",
="069431","致茂群益52購01","0","0","0","--","--","--","--"," ","0.00","--","0","3.18","10","614.00",
="069432","凱美群益4A購01","0","0","0","--","--","--","--"," ","0.00","0.01","30","0.16","10","73.00",
="069435","威盛群益4A購04","0","0","0","--","--","--","--"," ","0.00","--","0","--","0","59.50",
="069440","大立光群益4A購01","70,000","1","700","0.01","0.01","0.01","0.01","X","0.00","0.01","30","--","0","2,360.00",
="069444","創意群益4A購03","0","0","0","--","--","--","--"," ","0.00","--","0","--","0","1,315.00",
="069447","精銳群益4A購02","0","0","0","--","--","--","--"," ","0.00","--","0","--","0","695.00",
="069451","啟碁群益4A購01","0","0","0","--","--","--","--"," ","0.00","--","0","--","0","121.00",
="069456","台灣50元大4C購01","28,000","11","80,770","2.78","3.21","2.78","3.15","+","0.63","3.15","100","3.25","10","58.45",
="069457","道瓊銀元大4B購01","0","0","0","--","--","--","--"," ","0.00","1.80","100","1.90","10","36.75",
="069466","台積電元大4B購07","827,000","6","490,220","0.56","0.62","0.56","0.62","+","0.14","0.01","499","--","0","1,340.00",
="069470","大同元大4B購01","0","0","0","--","--","--","--"," ","0.00","0.09","499","0.10","10","39.85",
="069473","聯發科元大4C購05","0","0","0","--","--","--","--"," ","0.00","0.17","499","0.18","10","1,375.00",
="069474","聯發科元大51購02","0","0","0","--","--","--","--"," ","0.00","0.14","499","0.15","10","1,375.00",
="069483","緯創元大4C購02","101,000","6","80,730","0.78","0.83","0.78","0.82","X","0.00","0.75","499","0.77","10","122.50",
="069506","元債2X永豐58購01","40,000","1","25,600","0.64","0.64","0.64","0.64","-","0.01","0.64","10","0.65","10","7.35",
="069510","長榮永豐4A購01","20,000","1","1,800","0.09","0.09","0.09","0.09","-","0.04","0.09","10","0.11","10","182.00",
="069511","萬海永豐4A購01","0","0","0","--","--","--","--"," ","0.00","0.35","499","0.40","10","77.90",
="069512","偉訓永豐4A購01","0","0","0","--","--","--","--"," ","0.00","0.36","499","0.46","10","97.50",
="069516","迅得永豐4B購01","0","0","0","--","--","--","--"," ","0.00","0.07","499","0.08","10","176.00",
="069518","中502X元富52購01","0","0","0","--","--","--","--"," ","0.00","2.39","25","2.40","25","13.10",
="069525","美律國票4A購01","0","0","0","--","--","--","--"," ","0.00","0.01","25","0.02","10","104.00",
="069528","邁達特國票4A購01","0","0","0","--","--","--","--"," ","0.00","0.01","25","0.02","10","51.40",
="069540","智原兆豐4A購02","0","0","0","--","--","--","--"," ","0.00","--","0","--","0","174.00",
="069542","精銳兆豐4A購02","0","0","0","--","--","--","--"," ","0.00","--","0","--","0","695.00",
="069543","八貫群益4A購01","0","0","0","--","--","--","--"," ","0.00","--","0","--","0","85.10",
="069544","中興電群益4B購03","0","0","0","--","--","--","--"," ","0.00","0.14","10","0.68","10","159.00",
="069551","威盛群益4A購05","0","0","0","--","--","--","--"," ","0.00","--","0","--","0","59.50",
="069555","皇昌群益4A購01","0","0","0","--","--","--","--"," ","0.00","--","0","0.13","10","72.70",
="069559","奇鋐群益4A購01","0","0","0","--","--","--","--"," ","0.00","4.72","499","--","0","1,015.00",
="069560","欣興群益4A購01","50,000","1","58,000","1.16","1.16","1.16","1.16","X","0.00","0.04","30","--","0","159.00",
="069564","材料群益4C購01","0","0","0","--","--","--","--"," ","0.00","0.07","10","0.17","10","66.40",
="069565","邁達特群益4A購01","0","0","0","--","--","--","--"," ","0.00","--","0","0.10","17","51.40",
="069566","精成科群益4C購01","0","0","0","--","--","--","--"," ","0.00","3.00","199","3.10","10","125.50",
="069568","穎崴群益52購01","2,000","2","8,970","4.45","4.52","4.45","4.52","+","0.09","4.40","10","4.50","10","2,015.00",
="069570","FANG+統一51購01","0","0","0","--","--","--","--"," ","0.00","1.87","499","1.88","500","118.00",
="069571","東陽統一51購01","0","0","0","--","--","--","--"," ","0.00","0.11","10","0.12","10","94.10",
="069572","堤維西統一52購01","0","0","0","--","--","--","--"," ","0.00","0.07","10","0.08","130","43.00",
="069573","上銀統一52購02","0","0","0","--","--","--","--"," ","0.00","0.09","10","0.10","10","217.50",
="069574","宇隆統一54購02","199,000","3","77,600","0.38","0.40","0.38","0.40","-","0.01","0.37","10","0.38","10","217.00",
="069575","國巨統一52購01","359,000","13","435,170","1.18","1.25","1.18","1.18","-","0.08","1.17","13","1.18","5","176.00",
="069576","國巨統一58購01","619,000","30","855,070","1.40","1.40","1.35","1.36","-","0.01","1.35","25","1.36","10","176.00",
="069577","台積電統一5A購02","0","0","0","--","--","--","--"," ","0.00","1.22","10","1.24","10","1,340.00",
="069578","友訊統一52購02","0","0","0","--","--","--","--"," ","0.00","0.15","10","0.16","10","17.80",
="069579","瑞昱統一52購03","105,000","2","49,300","0.47","0.47","0.46","0.46","-","0.01","0.44","10","0.45","10","540.00",
="069580","台光電統一58購01","20,000","2","81,100","3.98","4.13","3.98","4.13","X","0.00","4.07","10","4.11","10","1,345.00",
="069581","威盛統一52購03","0","0","0","--","--","--","--"," ","0.00","0.06","10","0.07","10","59.50",
="069582","威盛統一52購04","0","0","0","--","--","--","--"," ","0.00","0.09","10","0.10","10","59.50",
="069583","長榮統一58購01","72,000","3","53,280","0.74","0.74","0.74","0.74","-","0.01","0.73","10","0.74","10","182.00",
="069584","陽明統一52購03","0","0","0","--","--","--","--"," ","0.00","0.35","10","0.36","10","55.20",
="069585","萬海統一52購02","0","0","0","--","--","--","--"," ","0.00","0.53","10","0.54","10","77.90",
="069586","萬海統一58購01","0","0","0","--","--","--","--"," ","0.00","0.88","10","0.89","10","77.90",
="069587","富邦金統一51購01","523,000","16","348,980","0.67","0.69","0.65","0.68","-","0.01","0.64","10","0.65","10","88.40",
="069588","大立光統一62購02","0","0","0","--","--","--","--"," ","0.00","0.47","10","0.48","10","2,360.00",
="069589","鴻海元富4C購01","0","0","0","--","--","--","--"," ","0.00","18.90","25","19.80","1","221.00",
="069590","緯創統一52購02","1,053,000","30","857,030","0.78","0.83","0.77","0.77","+","0.03","0.76","13","0.77","10","122.50",
="069591","新日興統一52購02","45,000","2","19,800","0.44","0.44","0.44","0.44"," ","0.00","0.41","10","0.42","10","237.00",
="069592","新日興統一52購03","167,000","4","94,950","0.58","0.58","0.53","0.53","-","0.07","0.54","10","0.55","10","237.00",
="069593","新日興統一5A購01","5,000","1","3,000","0.60","0.60","0.60","0.60"," ","0.00","0.59","15","0.60","10","237.00",
="069595","智易統一51購01","41,000","2","26,240","0.64","0.64","0.64","0.64","+","0.02","0.62","10","0.63","10","223.00",
="069596","健策統一52購01","0","0","0","--","--","--","--"," ","0.00","2.06","10","2.07","10","2,355.00",
="069597","精銳統一5A購01","0","0","0","--","--","--","--"," ","0.00","0.32","10","0.33","10","695.00",
="069598","材料統一52購02","0","0","0","--","--","--","--"," ","0.00","0.18","10","0.19","10","66.40",
="069599","材料統一58購01","0","0","0","--","--","--","--"," ","0.00","0.25","10","0.26","10","66.40",
="069600","臻鼎統一52購01","0","0","0","--","--","--","--"," ","0.00","1.83","10","1.93","10","171.50",
="069601","崇越統一52購01","1,000","1","880","0.88","0.88","0.88","0.88","+","0.28","0.40","1","0.82","99","302.50",
="069602","崇越統一52購02","64,000","2","24,000","0.37","0.38","0.37","0.38","+","0.02","0.38","10","0.39","10","302.50",
="069603","樺漢統一51購02","0","0","0","--","--","--","--"," ","0.00","0.33","10","0.34","10","299.00",
="069604","樺漢統一52購01","0","0","0","--","--","--","--"," ","0.00","0.30","10","0.31","10","299.00",
="069605","樺漢統一58購01","2,000","1","1,120","0.56","0.56","0.56","0.56","X","0.00","0.54","10","0.55","10","299.00",
="069606","鈺邦統一52購02","10,000","1","16,100","1.61","1.61","1.61","1.61","+","0.26","1.32","10","1.37","10","198.50",
="069607","晶心科統一52購02","0","0","0","--","--","--","--"," ","0.00","0.16","10","0.17","10","325.50",
="069608","晶心科統一52購03","0","0","0","--","--","--","--"," ","0.00","0.09","10","0.10","10","325.50",
="069609","晶心科統一58購01","0","0","0","--","--","--","--"," ","0.00","0.20","10","0.21","10","325.50",
="069610","志強統一52購01","0","0","0","--","--","--","--"," ","0.00","0.12","10","0.13","10","104.50",
="069611","昇陽半統一5A購01","126,000","4","122,780","0.96","0.98","0.95","0.98","+","0.03","0.92","10","0.93","10","179.50",
="069612","羅昇統一52購02","7,000","1","1,330","0.19","0.19","0.19","0.19","X","0.00","0.20","10","0.21","10","99.50",
="069613","羅昇統一52購03","200,000","1","32,000","0.16","0.16","0.16","0.16"," ","0.00","0.14","10","0.15","10","99.50",
="069618","上銀凱基4B購01","0","0","0","--","--","--","--"," ","0.00","0.02","100","0.12","10","217.50",
="069620","鴻海凱基5B購03","16,000","2","61,160","3.81","3.86","3.81","3.86","X","0.00","3.85","100","--","0","221.00",
="069622","台積電凱基4B購06","0","0","0","--","--","--","--"," ","0.00","2.52","100","2.62","10","1,340.00",
="069623","智邦凱基4B購01","47,000","3","83,020","1.76","1.82","1.76","1.76","X","0.00","1.70","100","1.76","10","1,005.00",
="069624","致茂凱基4C購01","10,000","1","36,200","3.62","3.62","3.62","3.62","X","0.00","3.58","100","3.68","10","614.00",
="069628","盟立凱基4A購01","2,000","1","120","0.06","0.06","0.06","0.06","X","0.00","0.05","10","0.15","10","72.30",
="069633","奇鋐凱基4C購01","0","0","0","--","--","--","--"," ","0.00","8.15","100","8.65","10","1,015.00",
="069637","創意凱基4A購03","0","0","0","--","--","--","--"," ","0.00","0.03","100","0.13","10","1,315.00",
="069643","祥碩凱基4B購02","0","0","0","--","--","--","--"," ","0.00","0.02","100","0.12","10","1,525.00",
="069646","志強凱基4A購01","0","0","0","--","--","--","--"," ","0.00","--","0","0.10","10","104.50",
="069648","T50正2元大4C購03","0","0","0","--","--","--","--"," ","0.00","2.31","100","2.41","10","302.45",
="069650","滬深2X元大4A購05","0","0","0","--","--","--","--"," ","0.00","3.13","100","3.23","10","19.04",
="069651","滬深2X元大4B購03","0","0","0","--","--","--","--"," ","0.00","2.30","100","2.40","10","19.04",
="069653","臺指反元大4B購01","0","0","0","--","--","--","--"," ","0.00","--","0","0.04","147","2.96",
="069661","台積電元大51購04","40,000","1","34,400","0.86","0.86","0.86","0.86","X","0.00","0.05","63","--","0","1,340.00",
="069665","京元電元大4C購02","0","0","0","--","--","--","--"," ","0.00","2.43","300","2.48","10","167.00",
="069666","聯發科元大51購03","0","0","0","--","--","--","--"," ","0.00","0.15","499","0.16","10","1,375.00",
="069683","亞翔元大4C購01","18,000","1","52,200","2.90","2.90","2.90","2.90","+","0.02","2.87","250","2.91","10","358.50",
="06968P","力積電元大4C售01","551,000","9","11,280","0.03","0.08","0.02","0.08","+","0.01","0.05","2","0.08","44","0.00",
="06969P","長榮統一4A售04","0","0","0","--","--","--","--"," ","0.00","--","0","0.01","10","0.00",
="069700","矽統富邦4A購01","0","0","0","--","--","--","--"," ","0.00","--","0","--","0","0.00",
="069702","技嘉富邦4A購01","159,000","1","108,120","0.68","0.68","0.68","0.68","X","0.00","0.67","30","0.68","10","0.00",
="069703","技嘉富邦4C購01","426,000","12","369,400","0.88","0.89","0.85","0.88","+","0.03","0.88","5","0.89","10","0.00",
="069704","億光富邦4A購01","0","0","0","--","--","--","--"," ","0.00","--","0","--","0","0.00",
="06970P","陽明統一4A售02","0","0","0","--","--","--","--"," ","0.00","0.08","10","0.09","10","0.00",
="069710","新日興富邦4B購01","0","0","0","--","--","--","--"," ","0.00","0.06","10","0.10","10","0.00",
="069712","貿聯富邦4A購01","0","0","0","--","--","--","--"," ","0.00","2.87","30","--","0","0.00",
="069713","材料富邦4B購01","0","0","0","--","--","--","--"," ","0.00","--","0","0.10","10","0.00",
="069715","矽力富邦4A購02","0","0","0","--","--","--","--"," ","0.00","--","0","0.05","10","0.00",
="069717","志強富邦4A購01","0","0","0","--","--","--","--"," ","0.00","--","0","0.09","8","0.00",
="06971P","萬海統一4A售03","250,000","1","2,500","0.01","0.01","0.01","0.01","X","0.00","0.01","10","0.02","10","0.00",
="069724","鴻海兆豐52購01","270,000","14","363,140","1.31","1.38","1.31","1.35","+","0.13","1.36","10","1.37","10","221.00",
="069725","可成兆豐4A購01","0","0","0","--","--","--","--"," ","0.00","0.02","10","--","0","189.00",
="069726","精成科兆豐4A購01","0","0","0","--","--","--","--"," ","0.00","3.74","10","--","0","125.50",
="069727","T50反1富邦4A購02","0","0","0","--","--","--","--"," ","0.00","--","0","0.01","100","0.00",
="069728","臺指反富邦52購01","0","0","0","--","--","--","--"," ","0.00","0.01","619","0.03","109","0.00",
="069729","元債2X富邦52購01","0","0","0","--","--","--","--"," ","0.00","0.63","100","0.64","98","0.00",
="069731","長榮富邦4A購01","0","0","0","--","--","--","--"," ","0.00","0.12","10","--","0","0.00",
="069732","大立光富邦4A購01","0","0","0","--","--","--","--"," ","0.00","0.30","10","0.31","10","0.00",
="069733","智原富邦4A購02","0","0","0","--","--","--","--"," ","0.00","--","0","0.03","10","0.00",
="069737","群創富邦4A購01","0","0","0","--","--","--","--"," ","0.00","0.47","30","0.49","10","0.00",
="069738","群創富邦4C購01","409,000","11","242,700","0.58","0.61","0.54","0.58","+","0.01","0.58","30","0.59","10","0.00",
="069739","辛耘富邦4A購01","45,000","2","14,500","0.33","0.33","0.32","0.32","+","0.08","0.30","30","0.31","10","0.00",
="069744","日電貿元富4A購01","52,000","2","18,220","0.35","0.36","0.35","0.36","-","0.14","0.34","25","0.35","25","74.80",
="069747","台郡元富4A購01","0","0","0","--","--","--","--"," ","0.00","--","0","0.03","20","66.80",
="069750","道瓊銀國票52購01","50,000","1","102,500","2.05","2.05","2.05","2.05","X","0.00","2.07","25","2.10","10","36.75",
="069751","中502X國票4B購01","0","0","0","--","--","--","--"," ","0.00","0.89","25","0.90","10","13.10",
="069752","鴻海國票4B購02","2,000","1","3,940","1.97","1.97","1.97","1.97","X","0.00","2.00","25","2.04","10","221.00",
="069758","新日興國票4A購01","0","0","0","--","--","--","--"," ","0.00","--","0","--","0","237.00",
="069760","創意國票4A購02","0","0","0","--","--","--","--"," ","0.00","0.01","25","0.02","10","1,315.00",
="069762","神達國票4B購01","6,000","1","13,920","2.32","2.32","2.32","2.32","+","0.15","2.38","25","2.44","10","90.00",
="069766","昇陽半國票4A購02","0","0","0","--","--","--","--"," ","0.00","1.18","25","1.23","10","179.50",
="069776","臺股指中信4A購05","0","0","0","--","--","--","--"," ","0.00","--","0","0.02","10","0.00",
="069777","堤維西統一51購01","100,000","1","5,000","0.05","0.05","0.05","0.05","-","0.01","0.05","10","0.06","10","43.00",
="069778","堤維西統一52購02","0","0","0","--","--","--","--"," ","0.00","0.09","10","0.10","10","43.00",
="069779","堤維西統一52購03","0","0","0","--","--","--","--"," ","0.00","0.15","10","0.16","10","43.00",
="069780","上銀統一52購03","0","0","0","--","--","--","--"," ","0.00","0.06","10","0.07","10","217.50",
="069781","川湖統一52購02","0","0","0","--","--","--","--"," ","0.00","3.05","10","3.06","10","3,220.00",
="069782","友訊統一58購01","0","0","0","--","--","--","--"," ","0.00","0.31","10","0.32","10","17.80",
="069783","旺宏統一52購01","22,000","3","24,630","1.11","1.18","1.11","1.18"," ","0.00","1.07","10","1.12","10","26.75",
="069784","鴻準統一58購01","12,000","1","3,600","0.30","0.30","0.30","0.30"," ","0.00","0.29","20","0.30","10","70.70",
="069785","致茂統一52購01","0","0","0","--","--","--","--"," ","0.00","2.67","10","2.70","10","614.00",
="069786","威盛統一52購05","0","0","0","--","--","--","--"," ","0.00","0.09","10","0.10","10","59.50",
="069787","威盛統一52購06","0","0","0","--","--","--","--"," ","0.00","0.09","10","0.10","10","59.50",
="069788","威盛統一58購02","0","0","0","--","--","--","--"," ","0.00","0.19","10","0.20","10","59.50",
="069789","美律統一52購01","200,000","2","44,000","0.22","0.22","0.22","0.22","+","0.02","0.21","310","0.22","10","104.00",
="069790","美律統一52購02","118,000","4","43,470","0.35","0.38","0.35","0.38","+","0.03","0.36","10","0.37","10","104.00",
="069791","義隆統一52購01","0","0","0","--","--","--","--"," ","0.00","0.19","10","0.20","10","132.50",
="069792","皇昌統一52購03","0","0","0","--","--","--","--"," ","0.00","0.22","10","0.23","10","72.70",
="069793","偉訓統一52購01","9,000","1","3,150","0.35","0.35","0.35","0.35","-","0.02","0.34","15","0.35","10","97.50",
="069794","華晶科統一58購01","15,000","1","12,750","0.85","0.85","0.85","0.85","X","0.00","0.84","10","0.85","10","52.80",
="069795","京鼎統一52購01","876,000","19","261,520","0.29","0.32","0.29","0.29","+","0.02","0.28","10","0.29","80","306.00",
="069796","定穎控統一52購01","0","0","0","--","--","--","--"," ","0.00","1.75","10","1.76","10","90.10",
="069797","精銳統一56購02","0","0","0","--","--","--","--"," ","0.00","0.18","10","0.19","10","695.00",
="069798","精成科統一52購01","0","0","0","--","--","--","--"," ","0.00","2.32","10","2.39","10","125.50",
="069799","精成科統一58購01","211,000","3","284,200","1.36","1.36","1.34","1.34","-","0.01","1.18","10","1.20","10","125.50",
="069800","台郡統一58購01","70,000","2","24,500","0.35","0.35","0.35","0.35","-","0.02","0.35","10","0.36","10","66.80",
="069801","啟碁統一52購03","0","0","0","--","--","--","--"," ","0.00","0.17","10","0.18","10","121.00",
="069802","迅得統一53購02","0","0","0","--","--","--","--"," ","0.00","0.13","10","0.14","10","176.00",
="069803","鼎基統一56購01","0","0","0","--","--","--","--"," ","0.00","0.08","10","0.09","10","102.50",
="069804","志強統一52購02","0","0","0","--","--","--","--"," ","0.00","0.09","10","0.10","10","104.50",
="069805","志強統一56購01","0","0","0","--","--","--","--"," ","0.00","0.17","10","0.18","10","104.50",
="069806","美利達統一52購01","0","0","0","--","--","--","--"," ","0.00","0.04","10","0.05","10","108.00",
="069807","百和統一52購01","0","0","0","--","--","--","--"," ","0.00","0.14","10","0.15","10","55.50",
="069808","美時永豐52購01","0","0","0","--","--","--","--"," ","0.00","0.14","10","0.15","10","192.00",
="06980P","中砂群益52售01","63,000","2","12,300","0.20","0.20","0.19","0.19","-","0.04","0.20","10","0.30","10","0.00",
="069811","聯發科永豐54購02","38,000","8","13,640","0.37","0.37","0.34","0.34","-","0.04","0.33","13","0.34","8","1,375.00",
="069812","長榮永豐53購01","84,000","3","39,480","0.47","0.47","0.47","0.47"," ","0.00","0.46","10","0.47","10","182.00",
="069813","智原永豐4A購01","0","0","0","--","--","--","--"," ","0.00","--","0","0.03","10","174.00",
="069814","新日興永豐4A購01","0","0","0","--","--","--","--"," ","0.00","--","0","--","0","237.00",
="069816","嘉澤永豐4A購01","0","0","0","--","--","--","--"," ","0.00","0.06","10","0.16","10","1,605.00",
="069817","健策永豐4A購02","0","0","0","--","--","--","--"," ","0.00","49.50","499","--","0","2,355.00",
="069818","世芯永豐4B購06","1,681,000","12","217,990","0.14","0.14","0.11","0.11","-","0.04","0.11","10","0.12","10","3,700.00",
="069819","神達永豐52購01","270,000","15","480,110","1.81","1.91","1.69","1.91","+","0.23","1.81","10","1.82","10","90.00",
="06981P","臺股指群益4A售14","0","0","0","--","--","--","--"," ","0.00","--","0","--","0","0.00",
="069820","精銳永豐4B購01","0","0","0","--","--","--","--"," ","0.00","0.10","499","0.11","10","695.00",
="069821","材料永豐4C購01","0","0","0","--","--","--","--"," ","0.00","0.10","10","0.11","10","66.40",
="069822","立積永豐4B購02","0","0","0","--","--","--","--"," ","0.00","--","0","0.03","10","151.50",
="069824","祥碩永豐4B購01","0","0","0","--","--","--","--"," ","0.00","0.01","499","0.09","10","1,525.00",
="069826","精成科永豐4B購01","0","0","0","--","--","--","--"," ","0.00","2.42","499","2.48","10","125.50",
="069827","勤誠永豐4C購01","0","0","0","--","--","--","--"," ","0.00","10.20","499","10.60","10","600.00",
="069831","鴻海群益59購01","57,000","4","60,560","1.02","1.09","1.02","1.09","X","0.00","1.08","100","1.09","100","221.00",
="069832","鴻海群益5A購02","0","0","0","--","--","--","--"," ","0.00","1.19","100","1.20","100","221.00",
="069833","鴻海群益5B購01","0","0","0","--","--","--","--"," ","0.00","1.16","25","1.17","10","221.00",
="069834","鴻海群益62購01","0","0","0","--","--","--","--"," ","0.00","1.44","100","1.45","100","221.00",
="069835","國巨群益4A購01","7,000","1","23,380","3.34","3.34","3.34","3.34","-","0.77","1.17","8","3.37","10","176.00",
="069836","致茂群益52購02","0","0","0","--","--","--","--"," ","0.00","--","0","2.95","10","614.00",
="069837","佳能群益4B購01","4,000","4","10,520","2.71","2.74","2.52","2.55","+","0.44","0.62","16","2.69","10","88.80",
="069842","怡利電群益4A購01","0","0","0","--","--","--","--"," ","0.00","--","0","--","0","48.60",
="069844","奇鋐群益54購01","0","0","0","--","--","--","--"," ","0.00","--","0","2.60","10","1,015.00",
="069850","世芯群益52購01","0","0","0","--","--","--","--"," ","0.00","--","0","--","0","3,700.00",
="069858","啟碁群益4A購02","0","0","0","--","--","--","--"," ","0.00","--","0","--","0","121.00",
="069864","滬深2X凱基4B購04","0","0","0","--","--","--","--"," ","0.00","3.78","100","3.88","10","19.04",
="069866","臺指反凱基4B購01","0","0","0","--","--","--","--"," ","0.00","--","0","0.10","10","2.96",
="06986P","臺股指凱基4C售09","0","0","0","--","--","--","--"," ","0.00","0.19","100","0.20","10","0.00",
="069874","威盛凱基4A購05","0","0","0","--","--","--","--"," ","0.00","--","0","--","0","59.50",
="069878","偉訓凱基4C購01","0","0","0","--","--","--","--"," ","0.00","0.86","100","0.88","10","97.50",
="069884","神達凱基4A購02","0","0","0","--","--","--","--"," ","0.00","1.46","100","--","0","90.00",
="069896","S&P正2元大4B購01","0","0","0","--","--","--","--"," ","0.00","0.58","100","0.60","2","110.95",
="069899","上銀元大4A購06","0","0","0","--","--","--","--"," ","0.00","--","0","0.10","10","217.50",
="069904","台積電元大51購05","10,000","1","9,000","0.90","0.90","0.90","0.90","X","0.00","0.06","69","--","0","1,340.00",
="069912","欣興元大4B購07","1,050,000","12","1,238,490","1.18","1.23","1.13","1.13","+","0.02","1.11","499","1.13","10","159.00",
="069916","創意元大4C購01","0","0","0","--","--","--","--"," ","0.00","0.13","519","0.14","10","1,315.00",
="069920","世芯元大4B購04","110,000","4","17,300","0.17","0.17","0.15","0.15","-","0.03","--","0","--","0","3,700.00",
="069925","材料元大52購01","20,000","1","4,400","0.22","0.22","0.22","0.22","X","0.00","0.22","499","0.23","10","66.40",
="069928","亞翔元大4C購02","0","0","0","--","--","--","--"," ","0.00","3.15","250","3.21","10","358.50",
="069937","臺股指元大4C購12","0","0","0","--","--","--","--"," ","0.00","1.29","100","1.39","10","0.00",
="069939","全新兆豐4A購01","0","0","0","--","--","--","--"," ","0.00","0.07","10","0.19","2","160.00",
="069940","飛宏兆豐4A購01","0","0","0","--","--","--","--"," ","0.00","--","0","0.01","31","24.95",
="069941","鉅祥兆豐4A購01","0","0","0","--","--","--","--"," ","0.00","0.79","10","--","0","108.50",
="069942","滬深2X群益4A購12","0","0","0","--","--","--","--"," ","0.00","4.03","399","--","0","19.04",
="069943","滬深2X群益4C購02","0","0","0","--","--","--","--"," ","0.00","0.14","71","--","0","19.04",
="069948","國巨群益4A購02","0","0","0","--","--","--","--"," ","0.00","0.48","499","0.58","10","176.00",
="069952","京元電群益4A購02","0","0","0","--","--","--","--"," ","0.00","--","0","4.12","10","167.00",
="069954","元大金群益4A購02","0","0","0","--","--","--","--"," ","0.00","--","0","--","0","35.10",
="06995P","力積電國票4A售02","0","0","0","--","--","--","--"," ","0.00","0.01","500","0.05","10","0.00",
="069962","材料群益4C購02","0","0","0","--","--","--","--"," ","0.00","0.08","10","0.18","10","66.40",
="069966","堤維西統一52購04","299,000","1","32,890","0.11","0.11","0.11","0.11","-","0.01","0.10","11","0.11","10","43.00",
="069967","亞德客統一52購01","50,000","1","5,500","0.11","0.11","0.11","0.11","-","0.01","0.11","10","0.12","10","765.00",
="069968","華新統一58購01","5,000","1","2,600","0.52","0.52","0.52","0.52","-","0.01","0.52","10","0.53","10","24.05",
="069969","中鴻統一52購01","0","0","0","--","--","--","--"," ","0.00","0.15","10","0.16","10","15.90",
="06996P","力積電國票4B售02","0","0","0","--","--","--","--"," ","0.00","--","0","0.05","10","0.00",
="069970","大成鋼統一52購06","0","0","0","--","--","--","--"," ","0.00","0.22","10","0.23","10","37.90",
="069971","大成鋼統一52購07","0","0","0","--","--","--","--"," ","0.00","0.24","10","0.25","10","37.90",
="069972","大成鋼統一58購01","0","0","0","--","--","--","--"," ","0.00","0.35","10","0.36","10","37.90",
="069973","佳能統一52購01","0","0","0","--","--","--","--"," ","0.00","1.17","10","1.18","10","88.80",
="069974","義隆統一52購02","0","0","0","--","--","--","--"," ","0.00","0.19","10","0.20","10","132.50",
="069975","晟銘電統一52購01","0","0","0","--","--","--","--"," ","0.00","0.27","10","0.28","10","121.00",
="069976","晟銘電統一52購02","20,000","1","4,800","0.24","0.24","0.24","0.24","X","0.00","0.22","10","0.23","10","121.00",
="069977","華晶科統一52購01","61,000","4","71,830","1.19","1.20","1.15","1.17","-","0.08","1.15","10","1.16","10","52.80",
="069978","健策統一52購02","0","0","0","--","--","--","--"," ","0.00","2.02","10","2.06","10","2,355.00",
="069979","世芯統一52購03","348,000","7","90,740","0.28","0.28","0.26","0.26","-","0.02","0.27","10","0.28","10","3,700.00",
="06997P","力積電國票52售01","1,031,000","25","145,380","0.15","0.15","0.14","0.14","-","0.06","0.14","261","0.20","1","0.00",
="069980","材料統一52購03","0","0","0","--","--","--","--"," ","0.00","0.13","10","0.14","10","66.40",
="069981","精成科統一52購02","0","0","0","--","--","--","--"," ","0.00","1.60","10","1.61","10","125.50",
="069982","華孚統一52購01","587,000","50","326,530","0.60","0.60","0.51","0.53","-","0.03","0.52","10","0.54","10","68.70",
="069983","台郡統一52購01","62,000","4","8,840","0.16","0.16","0.14","0.14","-","0.02","0.14","10","0.15","10","66.80",
="069984","愛普統一52購02","3,000","3","1,960","0.63","0.67","0.63","0.66","+","0.01","0.67","10","0.68","10","344.00",
="069985","晶心科統一52購04","0","0","0","--","--","--","--"," ","0.00","0.09","10","0.10","10","325.50",
="069986","鼎基統一52購03","0","0","0","--","--","--","--"," ","0.00","0.11","10","0.12","10","102.50",
="069987","志強統一58購01","0","0","0","--","--","--","--"," ","0.00","0.25","10","0.26","10","104.50",
="069988","美利達統一52購02","0","0","0","--","--","--","--"," ","0.00","0.08","10","0.09","10","108.00",
="069989","百和統一52購02","0","0","0","--","--","--","--"," ","0.00","0.12","10","0.13","10","55.50",
="069994","台積電永豐62購02","195,000","8","249,490","1.25","1.29","1.25","1.29","+","0.12","1.27","10","--","0","1,340.00",
="069995","聯發科永豐4C購02","186,000","3","62,400","0.35","0.35","0.33","0.33","-","0.06","0.31","10","0.32","10","1,375.00",
="069997","長榮永豐51購01","0","0","0","--","--","--","--"," ","0.00","0.83","10","0.84","10","182.00",
="069999","晟銘電永豐4A購02","0","0","0","--","--","--","--"," ","0.00","0.01","499","0.06","10","121.00",
="070004","神達永豐4B購02","0","0","0","--","--","--","--"," ","0.00","2.18","10","2.23","10","90.00",
="070005","材料永豐4A購02","0","0","0","--","--","--","--"," ","0.00","0.07","499","0.17","10","66.40",
="070007","迅得永豐4A購02","0","0","0","--","--","--","--"," ","0.00","--","0","0.10","10","176.00",
="070008","穎崴永豐4A購01","0","0","0","--","--","--","--"," ","0.00","3.46","499","--","0","2,015.00",
="070009","志強永豐4A購01","0","0","0","--","--","--","--"," ","0.00","--","0","0.03","10","104.50",
="070010","永道永豐4B購01","0","0","0","--","--","--","--"," ","0.00","0.01","499","0.03","10","141.50",
="070012","T50正2元富52購01","10,000","1","18,600","1.86","1.86","1.86","1.86","X","0.00","1.90","25","1.91","25","302.45",
="070013","美債2X元富62購01","0","0","0","--","--","--","--"," ","0.00","1.02","25","1.03","25","7.33",
="070014","華城元富52購01","0","0","0","--","--","--","--"," ","0.00","1.97","25","2.07","10","586.00",
="070024","長榮元富58購01","11,000","2","10,780","0.98","0.98","0.98","0.98","-","0.02","0.97","35","0.98","15","182.00",
="070029","世芯元富4B購07","0","0","0","--","--","--","--"," ","0.00","0.17","25","0.18","25","3,700.00",
="070030","世芯元富52購02","0","0","0","--","--","--","--"," ","0.00","1.06","25","1.07","25","3,700.00",
="070033","材料元富58購01","50,000","1","17,500","0.35","0.35","0.35","0.35","-","0.01","0.35","25","0.36","25","66.40",
="070037","臺股指元富51購01","0","0","0","--","--","--","--"," ","0.00","3.36","25","3.37","25","0.00",
="070038","華友聯國票4A購01","0","0","0","--","--","--","--"," ","0.00","--","0","--","0","73.20",
="070068","T50反1凱基4A購04","0","0","0","--","--","--","--"," ","0.00","--","0","--","0","18.29",
="070070","和大凱基4A購02","10,000","1","4,900","0.49","0.49","0.49","0.49","-","0.09","0.49","100","--","0","65.30",
="070071","華新凱基4A購01","0","0","0","--","--","--","--"," ","0.00","--","0","--","0","24.05",
="070072","美時凱基4B購01","0","0","0","--","--","--","--"," ","0.00","--","0","0.10","10","192.00",
="070079","國巨凱基4B購01","103,000","13","154,850","1.41","1.62","1.37","1.50","+","0.06","1.40","5","1.65","10","176.00",
="070081","台積電凱基4A購20","0","0","0","--","--","--","--"," ","0.00","3.00","34","3.10","10","1,340.00",
="070089","晟銘電凱基4A購01","0","0","0","--","--","--","--"," ","0.00","--","0","--","0","121.00",
="070094","神達凱基51購01","0","0","0","--","--","--","--"," ","0.00","3.06","100","3.16","10","90.00",
="070095","材料凱基4A購02","0","0","0","--","--","--","--"," ","0.00","--","0","0.10","10","66.40",
="070100","臺股指凱基4C購10","0","0","0","--","--","--","--"," ","0.00","2.57","100","2.58","10","0.00",
="070101","元日2X元大4C購01","0","0","0","--","--","--","--"," ","0.00","0.27","100","0.28","100","5.87",
="070102","元日2X元大51購03","1,000","1","100","0.10","0.10","0.10","0.10","+","0.01","0.09","100","0.10","100","5.87",
="070108","鴻海元大51購01","552,000","10","774,610","1.34","1.42","1.34","1.42","+","0.16","1.42","499","1.43","10","221.00",
="070111","台積電元大51購06","161,000","3","160,280","0.98","1.00","0.98","1.00","+","0.10","0.28","35","1.03","2","1,340.00",
="070113","聯發科元大51購04","0","0","0","--","--","--","--"," ","0.00","0.15","499","0.16","10","1,375.00",
="070117","晟銘電元大4B購02","0","0","0","--","--","--","--"," ","0.00","0.10","499","0.11","10","121.00",
="070119","華晶科元大4A購01","457,000","6","215,560","0.54","0.57","0.44","0.44","-","0.12","0.43","499","0.44","5","52.80",
="070121","世芯元大51購02","84,000","3","54,800","0.67","0.67","0.65","0.65","-","0.04","0.03","333","--","0","3,700.00",
="070126","精銳元大4B購02","0","0","0","--","--","--","--"," ","0.00","0.06","499","0.07","10","695.00",
="070127","精銳元大4C購01","0","0","0","--","--","--","--"," ","0.00","0.06","499","0.07","10","695.00",
="070128","材料元大51購01","0","0","0","--","--","--","--"," ","0.00","0.15","499","0.16","10","66.40",
="070129","亞翔元大4C購03","0","0","0","--","--","--","--"," ","0.00","3.27","250","--","0","358.50",
="070130","亞翔元大51購01","0","0","0","--","--","--","--"," ","0.00","3.59","200","--","0","358.50",
="070145","台玻富邦4A購01","0","0","0","--","--","--","--"," ","0.00","1.56","30","1.61","10","0.00",
="070146","華泰富邦4A購01","0","0","0","--","--","--","--"," ","0.00","1.52","30","1.56","10","0.00",
="070148","聯發科富邦4A購03","10,000","1","1,900","0.19","0.19","0.19","0.19","X","0.00","0.18","30","0.20","10","0.00",
="070149","聯發科富邦4A購04","0","0","0","--","--","--","--"," ","0.00","0.01","100","0.03","10","0.00",
="070150","聯發科富邦4A購05","0","0","0","--","--","--","--"," ","0.00","0.11","30","0.12","10","0.00",
="070152","鉅祥富邦4A購01","0","0","0","--","--","--","--"," ","0.00","0.68","30","0.72","10","0.00",
="070153","一詮富邦4A購02","0","0","0","--","--","--","--"," ","0.00","--","0","--","0","0.00",
="070155","長榮富邦4B購02","0","0","0","--","--","--","--"," ","0.00","0.01","100","0.10","21","0.00",
="070156","長榮航富邦4A購01","0","0","0","--","--","--","--"," ","0.00","0.05","30","0.06","10","0.00",
="070157","長榮航富邦4A購02","12,000","4","2,280","0.18","0.21","0.18","0.20","-","0.02","0.19","30","0.20","10","0.00",
="070159","大立光富邦4A購02","120,000","5","25,600","0.22","0.22","0.21","0.21","-","0.04","0.21","10","0.22","10","0.00",
="070161","奇鋐富邦4A購01","0","0","0","--","--","--","--"," ","0.00","3.79","10","--","0","0.00",
="070162","奇鋐富邦4B購01","0","0","0","--","--","--","--"," ","0.00","3.42","10","3.52","10","0.00",
="070164","精成科富邦4B購01","0","0","0","--","--","--","--"," ","0.00","2.32","10","2.42","10","0.00",
="070165","百和富邦4A購01","0","0","0","--","--","--","--"," ","0.00","--","0","0.03","10","0.00",
="070168","大成鋼兆豐4A購02","0","0","0","--","--","--","--"," ","0.00","--","0","--","0","37.90",
="070170","定穎控兆豐4A購01","0","0","0","--","--","--","--"," ","0.00","2.21","10","--","0","90.10",
="070173","上証2X富邦4A購02","0","0","0","--","--","--","--"," ","0.00","0.94","100","0.95","98","0.00",
="070175","美時富邦4A購01","0","0","0","--","--","--","--"," ","0.00","--","0","--","0","0.00",
="070176","大成鋼富邦4A購01","0","0","0","--","--","--","--"," ","0.00","0.01","100","--","0","0.00",
="070177","大成鋼富邦4B購01","0","0","0","--","--","--","--"," ","0.00","0.24","10","0.25","10","0.00",
="070180","立隆電富邦4A購01","310,000","2","15,500","0.05","0.05","0.05","0.05","X","0.00","0.04","30","0.05","10","0.00",
="070181","富世達富邦4A購01","0","0","0","--","--","--","--"," ","0.00","1.32","10","--","0","0.00",
="070182","華友聯統一54購01","0","0","0","--","--","--","--"," ","0.00","0.16","10","0.17","10","73.20",
="070183","亞德客統一52購02","0","0","0","--","--","--","--"," ","0.00","0.25","10","0.26","10","765.00",
="070184","亞德客統一52購03","59,000","5","13,240","0.24","0.24","0.22","0.22"," ","0.00","0.21","10","0.22","10","765.00",
="070185","華新統一51購02","0","0","0","--","--","--","--"," ","0.00","0.31","10","0.32","10","24.05",
="070186","中鴻統一51購02","0","0","0","--","--","--","--"," ","0.00","0.08","10","0.09","10","15.90",
="070187","大成鋼統一52購08","0","0","0","--","--","--","--"," ","0.00","0.27","10","0.28","10","37.90",
="070188","上銀統一56購01","0","0","0","--","--","--","--"," ","0.00","0.07","35","0.08","10","217.50",
="070189","宇隆統一52購02","0","0","0","--","--","--","--"," ","0.00","0.27","10","0.28","10","217.00",
="070190","友訊統一52購03","0","0","0","--","--","--","--"," ","0.00","0.09","10","0.10","10","17.80",
="070191","智邦統一53購01","10,000","2","10,200","1.03","1.03","1.01","1.01","+","0.02","0.98","10","1.01","10","1,005.00",
="070192","皇昌統一53購03","0","0","0","--","--","--","--"," ","0.00","0.17","10","0.18","10","72.70",
="070193","晟銘電統一53購01","0","0","0","--","--","--","--"," ","0.00","0.18","10","0.19","10","121.00",
="070194","晟銘電統一53購02","54,000","1","19,980","0.37","0.37","0.37","0.37","-","0.02","0.35","10","0.36","10","121.00",
="070195","智原統一52購03","0","0","0","--","--","--","--"," ","0.00","0.16","10","0.17","10","174.00",
="070196","欣興統一52購04","145,000","5","87,150","0.61","0.62","0.60","0.60","+","0.03","0.58","10","0.59","10","159.00",
="070197","華擎統一52購01","0","0","0","--","--","--","--"," ","0.00","0.52","10","0.53","10","278.00",
="070198","華擎統一58購01","0","0","0","--","--","--","--"," ","0.00","0.66","10","0.67","10","278.00",
="070199","健策統一52購03","43,000","11","53,730","1.23","1.29","1.23","1.24","+","0.06","1.23","10","1.24","9","2,355.00",
="070200","材料統一56購02","120,000","1","24,000","0.20","0.20","0.20","0.20","X","0.00","0.20","10","0.23","10","66.40",
="070201","佳必琪統一52購01","42,000","2","22,260","0.53","0.53","0.53","0.53"," ","0.00","0.52","10","0.53","10","160.00",
="070202","達發統一52購01","499,000","1","59,880","0.12","0.12","0.12","0.12","+","0.01","0.11","210","0.12","10","537.00",
="070203","復盛統一52購01","5,000","1","1,100","0.22","0.22","0.22","0.22","X","0.00","0.21","10","0.22","10","265.00",
="070206","神達中信4A購01","18,000","1","35,280","1.96","1.96","1.96","1.96","X","0.00","1.91","499","1.92","10","0.00",
="070210","國企2X永豐4B購01","59,000","3","54,090","0.92","0.93","0.86","0.86","-","0.12","0.86","10","0.87","10","11.65",
="070211","中502X永豐4A購01","0","0","0","--","--","--","--"," ","0.00","2.33","499","2.35","10","13.10",
="070212","中502X永豐4B購01","0","0","0","--","--","--","--"," ","0.00","0.79","499","0.80","10","13.10",
="070216","群光永豐4A購01","0","0","0","--","--","--","--"," ","0.00","0.01","499","0.03","10","140.00",
="070224","泰金寶永豐4B購01","0","0","0","--","--","--","--"," ","0.00","0.02","10","0.03","10","6.02",
="070226","滬深2X群益4A購13","0","0","0","--","--","--","--"," ","0.00","--","0","--","0","19.04",
="070227","道瓊銅群益52購01","0","0","0","--","--","--","--"," ","0.00","0.25","25","0.26","10","25.59",
="070231","上銀群益4A購02","0","0","0","--","--","--","--"," ","0.00","--","0","0.10","10","217.50",
="070239","奇鋐群益54購02","0","0","0","--","--","--","--"," ","0.00","2.44","499","2.54","10","1,015.00",
="070240","偉訓群益4A購02","0","0","0","--","--","--","--"," ","0.00","--","0","--","0","97.50",
="070242","群創群益4A購01","0","0","0","--","--","--","--"," ","0.00","1.90","499","2.00","10","14.15",
="070244","健策群益52購02","0","0","0","--","--","--","--"," ","0.00","--","0","3.68","10","2,355.00",
="070255","道瓊銀元富52購01","0","0","0","--","--","--","--"," ","0.00","1.69","25","1.70","25","36.75",
="070259","美時元富52購01","0","0","0","--","--","--","--"," ","0.00","0.22","25","0.23","25","192.00",
="070270","立隆電元富52購01","50,000","4","19,800","0.40","0.40","0.39","0.39","-","0.05","0.38","25","0.39","25","89.40",
="070272","皇昌元富52購01","0","0","0","--","--","--","--"," ","0.00","0.29","25","0.30","25","72.70",
="070276","昇貿元富4B購01","0","0","0","--","--","--","--"," ","0.00","4.01","25","--","0","114.00",
="070277","創意元富4C購04","0","0","0","--","--","--","--"," ","0.00","0.04","25","0.16","150","1,315.00",
="07027P","臺股指凱基4A售14","0","0","0","--","--","--","--"," ","0.00","--","0","--","0","0.00",
="070282","中租元富4C購01","1,000","1","420","0.42","0.42","0.42","0.42","-","0.05","0.14","71","--","0","118.00",
="070288","川湖國票4A購03","0","0","0","--","--","--","--"," ","0.00","12.20","25","12.80","10","3,220.00",
="070291","國巨國票4A購02","200,000","1","384,000","1.92","1.92","1.92","1.92","-","0.26","1.74","25","--","0","176.00",
="070295","緯創國票4B購01","0","0","0","--","--","--","--"," ","0.00","0.67","25","0.68","10","122.50",
="070300","訊芯國票4A購01","0","0","0","--","--","--","--"," ","0.00","0.01","25","0.02","10","164.50",
="070301","穎崴國票4A購01","0","0","0","--","--","--","--"," ","0.00","3.89","25","3.99","10","2,015.00",
="070302","志強國票4A購02","0","0","0","--","--","--","--"," ","0.00","--","0","--","0","104.50",
="070303","永道國票4A購01","0","0","0","--","--","--","--"," ","0.00","0.01","25","0.02","10","141.50",
="070313","T50正2元大51購01","5,000","1","13,000","2.60","2.60","2.60","2.60","X","0.00","2.60","95","2.70","10","302.45",
="070314","FBNQ2X元大4A購02","0","0","0","--","--","--","--"," ","0.00","2.46","499","2.56","10","159.20",
="070319","大成鋼元大4A購01","0","0","0","--","--","--","--"," ","0.00","--","0","0.10","10","37.90",
="070320","大成鋼元大4B購01","20,000","1","1,200","0.06","0.06","0.06","0.06","X","0.00","0.05","499","0.06","10","37.90",
="070325","鴻海元大51購02","95,000","2","110,500","1.16","1.17","1.16","1.17","X","0.00","1.19","499","1.20","10","221.00",
="070328","聯發科元大51購05","100,000","1","10,000","0.10","0.10","0.10","0.10","X","0.00","0.08","499","0.09","10","1,375.00",
="070334","大立光元大51購03","0","0","0","--","--","--","--"," ","0.00","0.36","499","0.37","10","2,360.00",
="070337","晟銘電元大4B購03","0","0","0","--","--","--","--"," ","0.00","0.05","499","0.06","10","121.00",
="07033P","聯發科統一4A售03","0","0","0","--","--","--","--"," ","0.00","0.19","10","0.20","10","0.00",
="070341","世芯元大51購03","0","0","0","--","--","--","--"," ","0.00","--","0","--","0","3,700.00",
="070344","精銳元大4B購03","0","0","0","--","--","--","--"," ","0.00","--","0","0.10","10","695.00",
="070345","精銳元大4C購02","0","0","0","--","--","--","--"," ","0.00","0.02","499","0.12","10","695.00",
="070346","材料元大51購02","0","0","0","--","--","--","--"," ","0.00","0.08","499","0.09","10","66.40",
="070348","亞翔元大51購02","60,000","3","155,760","2.45","2.67","2.45","2.67","X","0.00","2.56","300","2.59","10","358.50",
="070358","T50正2凱基51購02","147,000","7","319,860","2.15","2.30","2.15","2.26","+","0.30","2.26","10","2.28","10","302.45",
="070359","大成鋼凱基4A購02","0","0","0","--","--","--","--"," ","0.00","--","0","0.10","10","37.90",
="070360","上銀凱基4C購02","0","0","0","--","--","--","--"," ","0.00","0.02","100","0.06","9","217.50",
="070361","國巨凱基4A購01","0","0","0","--","--","--","--"," ","0.00","4.60","499","--","0","176.00",
="070364","京元電凱基4A購01","0","0","0","--","--","--","--"," ","0.00","3.45","100","--","0","167.00",
="07036P","臺股指元富52售02","23,000","2","1,810","0.07","0.08","0.07","0.08"," ","0.00","0.08","180","0.10","10","0.00",
="070371","奇鋐凱基4B購01","0","0","0","--","--","--","--"," ","0.00","8.00","100","8.50","10","1,015.00",
="070373","智原凱基4A購03","0","0","0","--","--","--","--"," ","0.00","--","0","0.10","10","174.00",
="070378","貿聯凱基4A購02","0","0","0","--","--","--","--"," ","0.00","3.54","100","3.64","10","1,085.00",
="070379","神達凱基4B購02","2,000,000","197","1,789,900","0.90","0.98","0.86","0.98","+","0.32","0.91","3","0.95","10","90.00",
="07037P","臺股指元富52售03","0","0","0","--","--","--","--"," ","0.00","0.19","25","0.20","25","0.00",
="070380","精銳凱基4A購01","0","0","0","--","--","--","--"," ","0.00","--","0","--","0","695.00",
="070386","臺股指凱基4C購11","0","0","0","--","--","--","--"," ","0.00","3.07","100","3.09","10","0.00",
="07038P","臺股指元富52售04","140,000","1","19,600","0.14","0.14","0.14","0.14","-","0.01","0.13","25","0.14","25","0.00",
="070393","材料富邦4A購01","0","0","0","--","--","--","--"," ","0.00","--","0","--","0","0.00",
="070394","啟碁富邦4B購01","0","0","0","--","--","--","--"," ","0.00","0.01","100","0.10","10","0.00",
="070395","直得元富4B購01","0","0","0","--","--","--","--"," ","0.00","0.01","25","0.10","10","81.30",
="070401","台積電元富52購02","0","0","0","--","--","--","--"," ","0.00","0.59","33","--","0","1,340.00",
="070403","聯發科元富4A購14","0","0","0","--","--","--","--"," ","0.00","0.25","25","0.26","25","1,375.00",
="070404","聯發科元富5A購04","1,000","1","2,900","2.90","2.90","2.90","2.90","X","0.00","2.73","25","2.83","10","1,375.00",
="070405","建漢元富4B購01","0","0","0","--","--","--","--"," ","0.00","--","0","0.10","25","24.10",
="07040P","聯發科元富4A售13","115,000","4","92,350","0.82","0.84","0.79","0.79","+","0.09","0.87","25","0.90","25","0.00",
="070413","新唐元富4C購01","0","0","0","--","--","--","--"," ","0.00","0.03","25","0.10","10","64.60",
="070442","緯穎國泰4C購03","6,000","6","24,160","4.00","4.07","4.00","4.07","X","0.00","4.12","10","4.17","10","3,140.00",
="070444","上銀兆豐52購01","0","0","0","--","--","--","--"," ","0.00","0.09","10","0.10","10","217.50",
="070445","聯發科兆豐4A購01","0","0","0","--","--","--","--"," ","0.00","--","0","--","0","1,375.00",
="070449","精銳兆豐4B購01","0","0","0","--","--","--","--"," ","0.00","0.02","10","0.03","10","695.00",
="070451","迅得兆豐4A購01","0","0","0","--","--","--","--"," ","0.00","--","0","--","0","176.00",
="070454","FBNQ2X凱基4A購01","0","0","0","--","--","--","--"," ","0.00","2.74","100","2.84","10","159.20",
="070455","台塑凱基4A購02","0","0","0","--","--","--","--"," ","0.00","0.49","10","0.59","10","38.60",
="070456","華友聯凱基4B購01","0","0","0","--","--","--","--"," ","0.00","0.01","10","0.11","10","73.20",
="070461","台積電凱基4A購22","0","0","0","--","--","--","--"," ","0.00","0.13","100","0.23","10","1,340.00",
="070467","晟銘電凱基4C購01","0","0","0","--","--","--","--"," ","0.00","0.56","100","0.57","10","121.00",
="070476","達發凱基4C購01","0","0","0","--","--","--","--"," ","0.00","0.04","10","0.14","10","537.00",
="070480","華友聯統一52購01","0","0","0","--","--","--","--"," ","0.00","0.18","10","0.19","10","73.20",
="070481","華友聯統一55購01","0","0","0","--","--","--","--"," ","0.00","0.12","10","0.13","10","73.20",
="070482","上銀統一51購01","0","0","0","--","--","--","--"," ","0.00","0.02","10","0.03","10","217.50",
="070483","上銀統一52購04","0","0","0","--","--","--","--"," ","0.00","0.04","10","0.05","10","217.50",
="070484","上銀統一52購05","0","0","0","--","--","--","--"," ","0.00","0.05","10","0.06","10","217.50",
="070485","川湖統一52購03","0","0","0","--","--","--","--"," ","0.00","2.66","10","2.69","10","3,220.00",
="070486","金寶統一52購01","0","0","0","--","--","--","--"," ","0.00","0.11","10","0.12","10","19.60",
="070487","鴻海統一54購03","262,000","11","316,580","1.20","1.23","1.20","1.23","+","0.09","1.21","168","1.22","168","221.00",
="070488","順德統一52購01","219,000","3","42,490","0.19","0.21","0.19","0.20","X","0.00","0.19","10","0.20","10","81.90",
="070489","華碩統一53購01","0","0","0","--","--","--","--"," ","0.00","0.50","10","0.51","10","684.00",
="070490","佳能統一58購02","111,000","12","99,180","0.91","0.94","0.88","0.92","+","0.06","0.90","5","0.91","10","88.80",
="070491","京城統一54購01","0","0","0","--","--","--","--"," ","0.00","0.18","10","0.19","10","47.40",
="070492","皇昌統一58購01","0","0","0","--","--","--","--"," ","0.00","0.22","10","0.23","10","72.70",
="070493","長榮統一52購02","0","0","0","--","--","--","--"," ","0.00","0.45","10","0.46","10","182.00",
="070494","陽明統一54購01","0","0","0","--","--","--","--"," ","0.00","0.36","10","0.37","10","55.20",
="070495","萬海統一4C購01","0","0","0","--","--","--","--"," ","0.00","0.38","10","0.39","10","77.90",
="070496","神基統一51購03","0","0","0","--","--","--","--"," ","0.00","1.46","10","1.56","10","163.50",
="070497","晟銘電統一52購03","0","0","0","--","--","--","--"," ","0.00","0.37","10","0.38","10","121.00",
="070498","日電貿統一52購02","0","0","0","--","--","--","--"," ","0.00","0.56","10","0.57","10","74.80",
="070499","新日興統一52購04","0","0","0","--","--","--","--"," ","0.00","0.20","10","0.21","10","237.00",
="070500","新日興統一53購01","0","0","0","--","--","--","--"," ","0.00","0.33","10","0.34","10","237.00",
="070501","玉晶光統一56購02","10,000","1","3,300","0.33","0.33","0.33","0.33","+","0.01","0.30","10","0.31","10","443.50",
="070502","華擎統一51購02","205,000","2","106,650","0.53","0.53","0.52","0.52","-","0.04","0.52","10","0.53","10","278.00",
="070503","貿聯統一52購02","0","0","0","--","--","--","--"," ","0.00","1.67","10","1.77","10","1,085.00",
="070504","貿聯統一52購03","0","0","0","--","--","--","--"," ","0.00","1.18","10","1.19","10","1,085.00",
="070505","貿聯統一52購04","0","0","0","--","--","--","--"," ","0.00","1.50","10","1.55","10","1,085.00",
="070506","神達統一51購01","82,000","6","85,190","1.05","1.09","1.02","1.02","+","0.06","1.03","10","1.04","10","90.00",
="070507","神達統一52購02","39,000","3","44,720","1.12","1.16","1.12","1.16","+","0.09","1.10","10","1.11","10","90.00",
="070508","神達統一52購03","81,000","2","73,080","0.91","0.91","0.90","0.90","+","0.05","0.89","10","0.90","10","90.00",
="070509","永崴控統一52購01","0","0","0","--","--","--","--"," ","0.00","0.01","10","0.02","10","34.30",
="07050P","台積電凱基5A售02","469,000","19","427,310","0.93","0.93","0.89","0.90","-","0.13","0.92","1","1.00","10","0.00",
="070510","精銳統一53購01","0","0","0","--","--","--","--"," ","0.00","0.13","10","0.14","10","695.00",
="070511","材料統一52購04","0","0","0","--","--","--","--"," ","0.00","0.15","10","0.16","10","66.40",
="070512","材料統一52購05","0","0","0","--","--","--","--"," ","0.00","0.21","10","0.22","10","66.40",
="070513","材料統一56購03","0","0","0","--","--","--","--"," ","0.00","0.13","10","0.14","10","66.40",
="070514","中租統一52購01","530,000","6","213,760","0.41","0.41","0.40","0.40","-","0.02","0.40","10","0.41","10","118.00",
="070515","中租統一54購01","22,000","1","7,700","0.35","0.35","0.35","0.35"," ","0.00","0.34","10","0.35","10","118.00",
="070516","聯茂統一51購01","0","0","0","--","--","--","--"," ","0.00","1.58","10","1.68","10","111.50",
="070517","聯茂統一52購01","30,000","3","36,100","1.21","1.25","1.15","1.15","-","0.07","1.14","10","1.17","10","111.50",
="070518","矽格統一51購01","479,000","15","560,440","1.18","1.19","1.14","1.17"," ","0.00","1.08","10","1.09","10","93.00",
="070519","訊芯統一52購01","90,000","4","16,200","0.18","0.18","0.18","0.18","+","0.01","0.16","10","0.17","10","164.50",
="070520","達發統一52購02","0","0","0","--","--","--","--"," ","0.00","0.21","10","0.22","10","537.00",
="070521","達發統一52購03","0","0","0","--","--","--","--"," ","0.00","0.17","10","0.18","10","537.00",
="070522","美利達統一52購03","0","0","0","--","--","--","--"," ","0.00","0.04","10","0.10","10","108.00",
="070523","美利達統一58購01","0","0","0","--","--","--","--"," ","0.00","0.11","10","0.12","10","108.00",
="070527","川湖永豐4B購01","0","0","0","--","--","--","--"," ","0.00","4.69","499","--","0","3,220.00",
="070528","鴻海永豐4C購02","0","0","0","--","--","--","--"," ","0.00","1.85","499","1.89","10","221.00",
="070529","台積電永豐5B購01","13,000","2","19,160","1.47","1.48","1.47","1.48","+","0.16","0.82","20","--","0","1,340.00",
="070530","台積電永豐61購01","45,000","5","56,820","1.77","1.77","1.25","1.28","+","0.13","0.56","17","--","0","1,340.00",
="070539","FBNQ2X群益4A購02","0","0","0","--","--","--","--"," ","0.00","1.76","25","1.77","10","159.20",
="070540","台塑群益4C購01","0","0","0","--","--","--","--"," ","0.00","0.58","10","0.68","10","38.60",
="070542","國巨群益4A購03","10,000","1","27,900","2.79","2.79","2.79","2.79","-","0.51","0.36","10","2.66","10","176.00",
="070545","京元電群益4A購03","0","0","0","--","--","--","--"," ","0.00","--","0","--","0","167.00",
="070547","中工群益4B購01","0","0","0","--","--","--","--"," ","0.00","0.09","25","0.10","10","10.90",
="070548","皇昌群益4A購02","0","0","0","--","--","--","--"," ","0.00","0.01","25","0.03","10","72.70",
="07054P","奇鋐永豐4C售02","0","0","0","--","--","--","--"," ","0.00","0.02","10","0.03","10","0.00",
="070551","奇鋐群益52購03","0","0","0","--","--","--","--"," ","0.00","--","0","2.50","10","1,015.00",
="070553","健策群益52購03","0","0","0","--","--","--","--"," ","0.00","--","0","3.15","10","2,355.00",
="070554","貿聯群益4C購01","0","0","0","--","--","--","--"," ","0.00","--","0","5.75","10","1,085.00",
="070559","東科群益52購01","59,000","3","26,800","0.44","0.46","0.44","0.45","X","0.00","0.45","25","0.46","10","112.50",
="070561","亞翔群益4B購01","111,000","5","171,290","1.52","1.58","1.49","1.58","+","0.03","1.50","10","1.60","10","358.50",
="070568","世紀鋼群益51購01","0","0","0","--","--","--","--"," ","0.00","--","0","0.77","10","171.50",
="07056P","聯發科統一4C售10","0","0","0","--","--","--","--"," ","0.00","0.32","10","0.34","10","0.00",
="070570","國企2X元大4A購01","0","0","0","--","--","--","--"," ","0.00","0.53","100","0.54","50","11.65",
="070571","道瓊銀元大4A購01","0","0","0","--","--","--","--"," ","0.00","1.75","100","1.82","1","36.75",
="070576","大成鋼元大4A購02","0","0","0","--","--","--","--"," ","0.00","0.01","499","0.11","10","37.90",
="070577","大成鋼元大4B購02","0","0","0","--","--","--","--"," ","0.00","0.08","499","0.09","10","37.90",
="070579","上銀元大51購03","0","0","0","--","--","--","--"," ","0.00","--","0","0.10","10","217.50",
="07057P","世芯群益4A售03","0","0","0","--","--","--","--"," ","0.00","--","0","--","0","0.00",
="070581","鴻海元大51購03","44,000","3","79,100","1.78","1.80","1.77","1.80","X","0.00","1.77","450","1.78","10","221.00",
="070586","皇昌元大51購01","0","0","0","--","--","--","--"," ","0.00","0.13","499","0.14","10","72.70",
="070587","長榮元大51購01","0","0","0","--","--","--","--"," ","0.00","0.20","499","0.21","10","182.00",
="070599","神達元大51購02","17,000","3","15,130","0.88","0.91","0.88","0.91","+","0.06","0.91","499","0.93","10","90.00",
="070601","材料元大51購03","0","0","0","--","--","--","--"," ","0.00","0.15","499","0.16","10","66.40",
="070622","台泥富邦4A購01","0","0","0","--","--","--","--"," ","0.00","--","0","0.03","10","0.00",
="070623","華城富邦4B購01","278,000","4","130,060","0.44","0.47","0.44","0.47","+","0.02","0.44","10","0.45","10","0.00",
="070625","華邦電富邦4A購01","0","0","0","--","--","--","--"," ","0.00","9.45","30","9.75","10","0.00",
="070626","京元電富邦4B購01","0","0","0","--","--","--","--"," ","0.00","2.00","10","2.10","10","0.00",
="070628","皇昌富邦4B購01","0","0","0","--","--","--","--"," ","0.00","0.02","10","0.10","10","0.00",
="070629","裕民富邦4B購01","0","0","0","--","--","--","--"," ","0.00","0.01","100","0.10","10","0.00",
="07062P","滬深2X元大4A售04","0","0","0","--","--","--","--"," ","0.00","--","0","0.05","50","0.00",
="070631","訊芯富邦4A購01","0","0","0","--","--","--","--"," ","0.00","0.23","10","0.24","10","0.00",
="070632","台塑化富邦4B購01","0","0","0","--","--","--","--"," ","0.00","0.12","10","0.13","10","0.00",
="070635","臺股指富邦4A購06","13,000","2","18,090","1.38","1.43","1.38","1.43","X","0.00","1.51","499","1.52","100","0.00",
="070636","國企2X凱基4A購02","0","0","0","--","--","--","--"," ","0.00","1.25","100","1.35","10","11.65",
="070637","國企2X凱基4A購03","0","0","0","--","--","--","--"," ","0.00","0.54","100","0.64","10","11.65",
="07063P","滬深2X元大4B售02","0","0","0","--","--","--","--"," ","0.00","--","0","0.05","50","0.00",
="070640","中鋼凱基4B購01","0","0","0","--","--","--","--"," ","0.00","0.04","100","0.14","10","19.45",
="070641","大成鋼凱基4B購01","0","0","0","--","--","--","--"," ","0.00","0.03","100","0.13","10","37.90",
="070642","上銀凱基4B購02","0","0","0","--","--","--","--"," ","0.00","--","0","0.10","10","217.50",
="070643","上銀凱基51購01","0","0","0","--","--","--","--"," ","0.00","0.15","100","0.16","40","217.50",
="070646","國巨凱基4A購02","0","0","0","--","--","--","--"," ","0.00","3.60","230","--","0","176.00",
="070648","台積電凱基4A購23","0","0","0","--","--","--","--"," ","0.00","0.08","100","0.18","10","1,340.00",
="070653","南亞科凱基4C購01","0","0","0","--","--","--","--"," ","0.00","23.30","10","24.30","10","81.00",
="070654","京元電凱基4B購01","0","0","0","--","--","--","--"," ","0.00","2.68","100","2.78","10","167.00",
="070655","聯發科凱基4C購07","0","0","0","--","--","--","--"," ","0.00","0.03","100","0.13","10","1,375.00",
="070656","皇昌凱基4A購02","0","0","0","--","--","--","--"," ","0.00","0.02","100","0.04","10","72.70",
="070659","奇鋐凱基4C購02","0","0","0","--","--","--","--"," ","0.00","9.15","100","9.65","10","1,015.00",
="07065P","台積電永豐4A售05","1,000","1","80","0.08","0.08","0.08","0.08"," ","0.00","--","0","0.03","79","0.00",
="070662","世芯凱基4B購02","0","0","0","--","--","--","--"," ","0.00","0.15","100","0.16","50","3,700.00",
="070670","昇陽半凱基4A購01","94,000","5","61,470","0.55","0.69","0.54","0.67","+","0.11","0.50","12","0.55","10","179.50",
="070671","三芳統一52購01","0","0","0","--","--","--","--"," ","0.00","0.07","10","0.08","10","30.30",
="070672","三芳統一52購02","0","0","0","--","--","--","--"," ","0.00","0.09","10","0.10","10","30.30",
="070673","華友聯統一52購02","0","0","0","--","--","--","--"," ","0.00","0.07","10","0.08","10","73.20",
="070674","華新統一4C購01","40,000","4","8,600","0.23","0.23","0.20","0.20","-","0.04","0.20","108","0.21","108","24.05",
="070675","華新統一52購02","58,000","3","11,020","0.19","0.19","0.19","0.19","-","0.03","0.18","10","0.19","10","24.05",
="070676","華新統一52購03","0","0","0","--","--","--","--"," ","0.00","0.28","10","0.29","10","24.05",
="070677","宇隆統一52購03","0","0","0","--","--","--","--"," ","0.00","0.34","10","0.35","10","217.00",
="070679","旺宏統一4C購01","141,000","12","165,570","1.12","1.27","1.11","1.15","+","0.15","1.11","10","1.13","10","26.75",
="07067P","世芯永豐4C售05","100,000","1","11,000","0.11","0.11","0.11","0.11","+","0.02","0.10","10","0.11","10","0.00",
="070680","華邦電統一4C購01","0","0","0","--","--","--","--"," ","0.00","4.51","10","4.61","10","36.45",
="070681","華邦電統一51購01","168,000","9","600,980","3.47","3.74","3.47","3.74","+","0.43","3.74","10","3.82","10","36.45",
="070682","華邦電統一52購03","1,000","1","4,020","4.02","4.02","4.02","4.02","X","0.00","4.12","10","4.13","10","36.45",
="070683","華邦電統一52購04","10,000","1","24,100","2.41","2.41","2.41","2.41","+","0.31","2.41","10","2.43","10","36.45",
="070684","順德統一52購02","0","0","0","--","--","--","--"," ","0.00","0.30","10","0.31","10","81.90",
="070685","英業達統一52購01","0","0","0","--","--","--","--"," ","0.00","0.42","10","0.43","10","45.00",
="070686","南亞科統一52購03","0","0","0","--","--","--","--"," ","0.00","--","0","--","0","81.00",
="070687","盟立統一52購02","2,000","1","520","0.26","0.26","0.26","0.26","X","0.00","0.25","10","0.26","8","72.30",
="070688","盟立統一52購03","0","0","0","--","--","--","--"," ","0.00","0.30","10","0.31","10","72.30",
="070689","立隆電統一53購01","33,000","3","14,750","0.45","0.45","0.41","0.41","-","0.09","0.41","10","0.42","10","89.40",
="070690","皇昌統一52購04","10,000","1","1,300","0.13","0.13","0.13","0.13","X","0.00","0.12","10","0.13","10","72.70",
="070691","裕民統一52購01","0","0","0","--","--","--","--"," ","0.00","0.17","10","0.18","10","55.30",
="070692","晶豪科統一54購01","170,000","8","160,610","0.97","0.97","0.91","0.91","-","0.01","0.92","10","0.93","10","81.00",
="070693","晟銘電統一52購04","0","0","0","--","--","--","--"," ","0.00","0.34","10","0.35","10","121.00",
="070694","建漢統一52購02","20,000","1","2,800","0.14","0.14","0.14","0.14","X","0.00","0.13","10","0.14","10","24.10",
="070695","景碩統一52購01","1,156,000","27","812,540","0.67","0.74","0.64","0.64","-","0.05","0.64","10","0.65","10","111.50",
="070696","新日興統一51購03","0","0","0","--","--","--","--"," ","0.00","0.27","10","0.28","10","237.00",
="070697","新日興統一54購01","0","0","0","--","--","--","--"," ","0.00","0.40","10","0.41","10","237.00",
="070698","貿聯統一58購01","541,000","12","429,690","0.83","0.83","0.76","0.76","-","0.05","0.75","37","0.76","10","1,085.00",
="070699","永崴控統一52購02","0","0","0","--","--","--","--"," ","0.00","0.07","10","0.08","10","34.30",
="070700","中租統一52購02","0","0","0","--","--","--","--"," ","0.00","0.40","10","0.41","10","118.00",
="070701","亞翔統一52購03","10,000","1","13,100","1.31","1.31","1.31","1.31","-","0.02","1.30","10","1.31","10","358.50",
="070702","亞翔統一54購01","571,000","12","571,050","0.99","1.02","0.98","0.98","-","0.03","0.98","10","0.99","10","358.50",
="070703","亞翔統一58購01","0","0","0","--","--","--","--"," ","0.00","1.02","10","1.03","10","358.50",
="070704","矽力統一52購01","0","0","0","--","--","--","--"," ","0.00","0.05","10","0.06","10","273.00",
="070705","訊芯統一53購01","0","0","0","--","--","--","--"," ","0.00","0.09","10","0.10","10","164.50",
="070706","保瑞統一5A購01","0","0","0","--","--","--","--"," ","0.00","0.46","10","0.47","10","693.00",
="070707","鼎基統一52購04","0","0","0","--","--","--","--"," ","0.00","0.13","10","0.14","10","102.50",
="070708","鼎基統一52購05","0","0","0","--","--","--","--"," ","0.00","0.04","10","0.05","10","102.50",
="070709","鼎基統一54購02","0","0","0","--","--","--","--"," ","0.00","0.07","10","0.08","10","102.50",
="07070P","上銀統一4C售05","0","0","0","--","--","--","--"," ","0.00","0.82","10","0.84","10","0.00",
="070710","振樺電統一52購01","0","0","0","--","--","--","--"," ","0.00","0.09","10","0.10","10","229.50",
="070711","勤誠統一52購03","0","0","0","--","--","--","--"," ","0.00","2.47","10","2.48","10","600.00",
="070712","勤誠統一54購01","3,000","1","7,050","2.35","2.35","2.35","2.35","X","0.00","2.33","10","2.34","10","600.00",
="070713","勤誠統一58購01","0","0","0","--","--","--","--"," ","0.00","2.15","10","2.19","10","600.00",
="070714","巨大統一51購01","0","0","0","--","--","--","--"," ","0.00","0.03","10","0.04","10","101.00",
="070724","台化永豐4B購01","4,000","2","3,440","0.90","0.90","0.82","0.82","-","0.04","0.80","10","0.81","10","28.95",
="070727","大成鋼永豐4B購01","0","0","0","--","--","--","--"," ","0.00","0.09","499","0.10","10","37.90",
="070728","鴻海永豐51購01","181,000","13","342,560","1.76","1.94","1.76","1.91","X","0.00","1.90","499","1.91","10","221.00",
="070729","台積電永豐51購04","0","0","0","--","--","--","--"," ","0.00","0.12","11","--","0","1,340.00",
="07072P","滬深2X凱基4A售05","0","0","0","--","--","--","--"," ","0.00","--","0","0.10","10","0.00",
="070738","乙盛永豐4C購01","61,000","5","60,400","1.04","1.04","0.94","1.02","-","0.08","0.94","10","0.95","10","73.80",
="070739","亞翔永豐4A購01","0","0","0","--","--","--","--"," ","0.00","3.42","499","--","0","358.50",
="07073P","滬深2X凱基4B售03","0","0","0","--","--","--","--"," ","0.00","--","0","0.10","10","0.00",
="070743","訊芯兆豐4A購01","0","0","0","--","--","--","--"," ","0.00","--","0","0.02","10","164.50",
="070744","穎崴兆豐4A購01","0","0","0","--","--","--","--"," ","0.00","2.63","10","--","0","2,015.00",
="070745","昇陽半兆豐4A購01","0","0","0","--","--","--","--"," ","0.00","2.67","10","--","0","179.50",
="070746","台塑群益4C購02","0","0","0","--","--","--","--"," ","0.00","0.78","10","0.88","10","38.60",
="070747","華新群益4A購02","0","0","0","--","--","--","--"," ","0.00","--","0","--","0","24.05",
="070748","中鋼群益4C購01","0","0","0","--","--","--","--"," ","0.00","0.13","100","0.14","100","19.45",
="070750","國巨群益4A購04","6,000","1","9,360","1.56","1.56","1.56","1.56","-","0.25","1.49","499","1.59","10","176.00",
="070752","旺宏群益4B購02","474,000","51","463,070","0.87","1.17","0.87","0.95","+","0.18","0.70","1","1.59","2","26.75",
="070754","皇昌群益4A購03","0","0","0","--","--","--","--"," ","0.00","--","0","0.10","10","72.70",
="070756","裕民群益4A購01","0","0","0","--","--","--","--"," ","0.00","--","0","0.10","10","55.30",
="070757","奇鋐群益56購01","0","0","0","--","--","--","--"," ","0.00","--","0","2.36","10","1,015.00",
="070758","健策群益54購01","0","0","0","--","--","--","--"," ","0.00","--","0","2.01","10","2,355.00",
="070765","迅得群益4A購01","0","0","0","--","--","--","--"," ","0.00","--","0","0.08","12","176.00",
="070773","中鋼元富52購01","35,000","1","4,900","0.14","0.14","0.14","0.14"," ","0.00","0.13","25","0.14","25","19.45",
="070777","華邦電元富4A購01","0","0","0","--","--","--","--"," ","0.00","16.50","25","--","0","36.45",
="070781","長榮元富51購04","0","0","0","--","--","--","--"," ","0.00","0.43","25","0.44","25","182.00",
="070789","世芯元富52購03","0","0","0","--","--","--","--"," ","0.00","0.65","25","0.66","25","3,700.00",
="070792","精成科元富52購01","0","0","0","--","--","--","--"," ","0.00","3.19","25","--","0","125.50",
="070795","保瑞元富52購01","0","0","0","--","--","--","--"," ","0.00","0.78","25","0.79","25","693.00",
="070800","昇陽半元富4B購01","2,000","1","6,020","3.01","3.01","3.01","3.01","+","0.14","2.76","25","2.86","10","179.50",
="070801","道瓊銀國票52購02","7,000","1","17,990","2.57","2.57","2.57","2.57","+","0.09","2.57","25","2.58","10","36.75",
="070815","台積電國票4A購03","0","0","0","--","--","--","--"," ","0.00","1.65","25","--","0","1,340.00",
="070816","台積電國票4A購04","0","0","0","--","--","--","--"," ","0.00","0.55","25","0.57","10","1,340.00",
="070817","台積電國票4B購01","0","0","0","--","--","--","--"," ","0.00","1.63","25","1.70","10","1,340.00",
="070819","華邦電國票4A購01","11,000","3","132,700","11.90","12.50","11.90","12.50","+","2.10","12.60","25","13.50","5","36.45",
="070828","聯陽國票4A購01","0","0","0","--","--","--","--"," ","0.00","0.01","25","0.02","10","135.00",
="070829","日月光國票4B購02","0","0","0","--","--","--","--"," ","0.00","0.14","25","--","0","174.50",
="070830","亞翔國票4A購02","0","0","0","--","--","--","--"," ","0.00","3.69","25","3.79","10","358.50",
="070841","T50正2元大4C購04","0","0","0","--","--","--","--"," ","0.00","2.05","499","2.15","10","302.45",
="070842","T50正2元大51購02","268,000","20","356,700","1.29","1.40","1.27","1.40","+","0.17","1.37","100","1.47","10","302.45",
="070843","元債2X元大4B購04","0","0","0","--","--","--","--"," ","0.00","0.33","100","0.34","50","7.35",
="070844","元債2X元大5B購01","0","0","0","--","--","--","--"," ","0.00","0.74","100","0.75","50","7.35",
="070850","大成鋼元大4B購03","0","0","0","--","--","--","--"," ","0.00","0.07","499","0.08","10","37.90",
="070851","大成鋼元大4C購01","0","0","0","--","--","--","--"," ","0.00","0.12","499","0.13","10","37.90",
="070853","上銀元大51購04","0","0","0","--","--","--","--"," ","0.00","--","0","0.10","10","217.50",
="070858","大同元大4A購02","0","0","0","--","--","--","--"," ","0.00","0.26","499","--","0","39.85",
="07085P","鴻海富邦4A售04","1,000","1","90","0.09","0.09","0.09","0.09"," ","0.00","--","0","0.03","10","0.00",
="070865","皇昌元大51購02","0","0","0","--","--","--","--"," ","0.00","0.10","499","0.11","10","72.70",
="070866","長榮航元大51購01","170,000","5","174,120","1.02","1.03","1.01","1.03","-","0.04","1.04","499","1.05","10","38.85",
="070870","大立光元大51購04","0","0","0","--","--","--","--"," ","0.00","0.17","499","0.18","10","2,360.00",
="070875","緯創元大51購01","133,000","3","63,640","0.47","0.51","0.47","0.51","+","0.07","0.46","499","0.47","10","122.50",
="070877","群創元大4A購02","0","0","0","--","--","--","--"," ","0.00","0.05","499","0.06","10","14.15",
="070879","世芯元大51購04","0","0","0","--","--","--","--"," ","0.00","0.01","499","0.80","2","3,700.00",
="07087P","臺股指富邦4A售05","0","0","0","--","--","--","--"," ","0.00","--","0","--","0","0.00",
="070882","神達元大51購03","445,000","7","397,350","0.91","0.91","0.87","0.88","+","0.06","0.89","499","0.91","10","90.00",
="070884","材料元大51購04","0","0","0","--","--","--","--"," ","0.00","0.03","499","0.12","10","66.40",
="070897","SGBR2X凱基51購01","310,000","2","30,500","0.10","0.10","0.09","0.09","X","0.00","0.09","100","0.10","50","10.98",
="070902","和大凱基51購01","5,000","1","1,250","0.25","0.25","0.25","0.25","-","0.02","0.24","100","0.25","40","65.30",
="070903","中鋼凱基4C購01","0","0","0","--","--","--","--"," ","0.00","0.05","100","0.15","10","19.45",
="070908","聯電凱基4A購01","40,000","2","81,300","1.99","2.16","1.99","2.16","X","0.00","2.22","10","2.32","10","43.90",
="070914","友達凱基4B購01","0","0","0","--","--","--","--"," ","0.00","0.04","100","0.14","10","13.70",
="070924","愛普凱基4C購01","121,000","6","134,420","1.07","1.15","0.99","1.13","-","0.09","1.14","100","1.18","10","344.00",
="070928","台灣50元富52購01","62,000","4","570,300","9.10","9.30","9.10","9.15","+","1.15","9.20","25","9.25","25","58.45",
="070932","中鋼元富4B購01","0","0","0","--","--","--","--"," ","0.00","--","0","0.10","25","19.45",
="070933","上銀元富52購01","20,000","1","6,400","0.32","0.32","0.32","0.32","-","0.02","0.31","25","0.32","25","217.50",
="070934","鴻海元富52購04","0","0","0","--","--","--","--"," ","0.00","3.37","25","3.42","25","221.00",
="070945","華新國票4A購01","0","0","0","--","--","--","--"," ","0.00","0.01","475","0.02","10","24.05",
="070946","中鋼國票4A購01","0","0","0","--","--","--","--"," ","0.00","--","0","--","0","19.45",
="070950","川湖國票4B購01","0","0","0","--","--","--","--"," ","0.00","9.00","25","9.35","10","3,220.00",
="070951","光寶科國票4A購01","0","0","0","--","--","--","--"," ","0.00","4.69","25","4.79","10","183.00",
="070958","長榮國票4A購03","0","0","0","--","--","--","--"," ","0.00","0.06","25","--","0","182.00",
="070959","晶豪科國票4A購01","360,000","15","212,620","0.66","0.68","0.50","0.59","-","0.21","0.60","25","0.63","10","81.00",
="070965","穎崴國票4A購02","7,000","5","20,020","2.74","3.00","2.71","2.71","-","0.17","2.62","25","2.72","10","2,015.00",
="070979","亞德客富邦4A購01","0","0","0","--","--","--","--"," ","0.00","--","0","0.10","20","0.00",
="07097P","臺股指中信4C售01","0","0","0","--","--","--","--"," ","0.00","--","0","0.02","10","0.00",
="070980","中鋼富邦4B購01","0","0","0","--","--","--","--"," ","0.00","--","0","0.10","10","0.00",
="070987","緯創富邦52購01","80,000","7","72,630","0.89","0.96","0.86","0.86","+","0.05","0.84","30","0.85","10","0.00",
="070988","晶心科富邦4A購01","0","0","0","--","--","--","--"," ","0.00","0.20","10","0.21","10","0.00",
="070993","台泥統一52購01","0","0","0","--","--","--","--"," ","0.00","0.05","10","0.06","10","23.75",
="070994","勤美統一52購01","0","0","0","--","--","--","--"," ","0.00","0.22","10","0.23","10","26.90",
="070995","華新統一52購04","0","0","0","--","--","--","--"," ","0.00","0.18","10","0.19","10","24.05",
="070996","中鋼統一52購01","489,000","5","189,130","0.39","0.40","0.38","0.38"," ","0.00","0.38","108","0.39","110","19.45",
="070998","中鋼統一52購02","410,000","2","94,100","0.23","0.23","0.21","0.21","X","0.00","0.21","90","0.22","10","19.45",
="070999","中鋼統一52購03","0","0","0","--","--","--","--"," ","0.00","0.20","10","0.21","10","19.45",
="07099P","旺宏群益4B售01","0","0","0","--","--","--","--"," ","0.00","--","0","--","0","0.00",
="071001","中鴻統一52購02","0","0","0","--","--","--","--"," ","0.00","0.09","11","0.10","10","15.90",
="071002","中鴻統一52購03","0","0","0","--","--","--","--"," ","0.00","0.09","10","0.10","10","15.90",
="071003","中鴻統一52購04","0","0","0","--","--","--","--"," ","0.00","0.08","10","0.09","10","15.90",
="071004","大成鋼統一53購02","0","0","0","--","--","--","--"," ","0.00","0.24","10","0.25","10","37.90",
="071005","大成鋼統一54購01","0","0","0","--","--","--","--"," ","0.00","0.28","10","0.29","10","37.90",
="071006","金寶統一52購02","0","0","0","--","--","--","--"," ","0.00","0.12","10","0.14","10","19.60",
="071007","國巨統一52購02","207,000","17","226,180","1.00","1.11","1.00","1.08","-","0.02","1.06","15","1.08","10","176.00",
="071008","旺宏統一51購01","5,093,000","91","4,468,770","0.88","0.99","0.85","0.90","+","0.09","0.90","10","--","0","26.75",
="071009","旺宏統一52購02","2,330,000","78","2,637,930","1.11","1.23","1.08","1.11","+","0.07","1.10","10","1.11","8","26.75",
="071010","華邦電統一52購05","0","0","0","--","--","--","--"," ","0.00","4.19","10","4.27","10","36.45",
="071011","南亞科統一52購04","0","0","0","--","--","--","--"," ","0.00","5.25","10","5.75","10","81.00",
="071012","強茂統一53購01","55,000","6","68,950","1.24","1.29","1.24","1.29","-","0.06","1.28","10","1.29","10","71.70",
="071013","新興統一51購01","0","0","0","--","--","--","--"," ","0.00","0.18","10","0.19","10","22.60",
="071014","裕民統一52購02","0","0","0","--","--","--","--"," ","0.00","0.16","10","0.17","10","55.30",
="071015","裕民統一52購03","0","0","0","--","--","--","--"," ","0.00","0.13","10","0.14","10","55.30",
="071016","裕民統一52購04","0","0","0","--","--","--","--"," ","0.00","0.29","10","0.30","10","55.30",
="071017","裕民統一52購05","30,000","2","12,700","0.43","0.43","0.41","0.41","-","0.03","0.41","10","0.42","10","55.30",
="071018","裕民統一54購01","0","0","0","--","--","--","--"," ","0.00","0.34","10","0.35","10","55.30",
="071019","慧洋統一4C購02","0","0","0","--","--","--","--"," ","0.00","0.12","10","0.13","10","58.40",
="07101P","微星群益4C售01","5,000","1","12,800","2.56","2.56","2.56","2.56","X","0.00","2.40","10","2.56","10","0.00",
="071020","慧洋統一52購01","0","0","0","--","--","--","--"," ","0.00","0.10","10","0.11","10","58.40",
="071021","慧洋統一52購02","0","0","0","--","--","--","--"," ","0.00","0.26","10","0.27","10","58.40",
="071022","晶豪科統一51購01","125,000","12","91,940","0.78","0.78","0.68","0.74","-","0.08","0.75","10","0.76","10","81.00",
="071023","晶豪科統一52購01","323,000","8","272,020","0.85","0.86","0.83","0.84","+","0.11","0.83","10","0.84","10","81.00",
="071025","晶豪科統一53購01","160,000","11","129,730","0.82","0.84","0.79","0.79","-","0.08","0.81","10","0.82","10","81.00",
="071026","日電貿統一52購03","40,000","5","22,920","0.58","0.58","0.55","0.57"," ","0.00","0.54","10","0.55","10","74.80",
="071027","新日興統一52購05","0","0","0","--","--","--","--"," ","0.00","0.20","10","0.21","10","237.00",
="071028","新日興統一5A購02","9,000","4","3,420","0.38","0.38","0.38","0.38","-","0.01","0.37","10","0.38","10","237.00",
="071029","群創統一51購02","241,000","5","99,420","0.38","0.42","0.38","0.41","-","0.02","0.41","10","0.42","10","14.15",
="071030","群創統一52購03","128,000","3","76,540","0.59","0.61","0.59","0.61","X","0.00","0.59","10","0.60","10","14.15",
="071031","牧德統一51購01","0","0","0","--","--","--","--"," ","0.00","1.14","10","1.15","10","544.00",
="071033","世芯統一54購01","99,000","3","50,110","0.51","0.51","0.49","0.49","-","0.04","0.49","10","0.50","10","3,700.00",
="071034","達麗統一53購02","0","0","0","--","--","--","--"," ","0.00","0.85","10","0.88","10","50.10",
="071035","矽格統一4C購01","7,000","2","9,820","1.40","1.41","1.40","1.41","X","0.00","1.37","2","1.42","10","93.00",
="071036","矽力統一52購02","0","0","0","--","--","--","--"," ","0.00","0.10","10","0.11","10","273.00",
="071037","昇陽半統一52購02","194,000","6","132,400","0.67","0.69","0.66","0.69","+","0.02","0.63","10","0.64","10","179.50",
="071038","昇陽半統一52購03","489,000","8","420,130","0.85","0.88","0.84","0.88","+","0.06","0.78","10","0.79","10","179.50",
="071039","昇陽半統一55購01","211,000","5","170,610","0.81","0.81","0.80","0.81","+","0.04","0.75","10","0.76","10","179.50",
="07103P","奇鋐群益52售02","6,000","1","1,020","0.17","0.17","0.17","0.17","X","0.00","0.09","22","--","0","0.00",
="071040","昇陽半統一5A購02","97,000","2","78,940","0.82","0.82","0.80","0.80","X","0.00","0.76","10","0.77","10","179.50",
="071041","勤誠統一51購03","0","0","0","--","--","--","--"," ","0.00","3.26","10","3.36","10","600.00",
="07104P","世芯群益4C售08","0","0","0","--","--","--","--"," ","0.00","0.05","30","--","0","0.00",
="071054","昇陽半中信4A購01","361,000","12","114,540","0.31","0.34","0.28","0.34","+","0.03","0.25","10","0.35","10","0.00",
="071056","大立光凱基4C購01","0","0","0","--","--","--","--"," ","0.00","0.03","100","0.13","10","2,360.00",
="071059","中鴻永豐4C購01","66,000","1","1,320","0.02","0.02","0.02","0.02","X","0.00","0.02","10","0.03","10","15.90",
="07105P","世芯群益4C售09","1,000","1","610","0.61","0.61","0.61","0.61","+","0.06","0.40","3","0.78","7","0.00",
="071060","台積電永豐51購05","258,000","1","314,760","1.22","1.22","1.22","1.22","+","0.17","0.38","26","--","0","1,340.00",
="071061","聯發科永豐5A購01","2,500,000","77","1,890,770","0.79","0.79","0.74","0.77","-","0.03","0.75","12","0.77","470","1,375.00",
="071068","中502X群益4A購03","0","0","0","--","--","--","--"," ","0.00","0.10","50","1.45","10","13.10",
="071069","台塑群益4C購03","709,000","4","375,770","0.53","0.53","0.53","0.53","X","0.00","0.47","10","--","0","38.60",
="07106P","緯穎群益4A售02","0","0","0","--","--","--","--"," ","0.00","--","0","--","0","0.00",
="071070","台化群益52購01","0","0","0","--","--","--","--"," ","0.00","0.25","25","0.26","10","28.95",
="071072","華新群益4A購03","0","0","0","--","--","--","--"," ","0.00","--","0","--","0","24.05",
="071073","中鋼群益4B購02","0","0","0","--","--","--","--"," ","0.00","0.06","100","0.07","100","19.45",
="071076","上銀群益4C購03","0","0","0","--","--","--","--"," ","0.00","--","0","0.10","10","217.50",
="071077","鴻海群益4A購02","21,000","3","23,190","1.09","1.12","1.09","1.12","+","0.14","1.17","25","1.22","10","221.00",
="071083","凌陽群益4A購01","0","0","0","--","--","--","--"," ","0.00","--","0","0.04","99","23.65",
="071089","奇鋐群益56購02","0","0","0","--","--","--","--"," ","0.00","2.30","499","2.40","10","1,015.00",
="071093","新日興群益4B購01","0","0","0","--","--","--","--"," ","0.00","--","0","--","0","237.00",
="071095","貿聯群益4C購02","0","0","0","--","--","--","--"," ","0.00","--","0","6.60","10","1,085.00",
="071098","臺股指群益52購01","0","0","0","--","--","--","--"," ","0.00","1.30","499","1.31","499","0.00",
="071099","臺股指群益52購02","0","0","0","--","--","--","--"," ","0.00","1.48","499","1.49","499","0.00",
="071102","上証2X元大4B購01","45,000","3","60,300","1.54","1.54","1.25","1.25","-","0.13","1.28","100","1.29","100","47.20",
="071103","上証2X元大4B購02","0","0","0","--","--","--","--"," ","0.00","1.92","499","2.02","10","47.20",
="071104","滬深2X元大4B購04","620,000","10","1,325,200","2.17","2.17","2.10","2.14","-","0.26","2.19","250","2.20","250","19.04",
="071105","滬深2X元大4C購02","0","0","0","--","--","--","--"," ","0.00","1.91","250","1.92","250","19.04",
="071107","臺指反元大4A購02","0","0","0","--","--","--","--"," ","0.00","--","0","0.10","10","2.96",
="071108","臺指反元大51購01","100,000","1","5,000","0.05","0.05","0.05","0.05","X","0.00","0.04","10","0.05","100","2.96",
="071109","國企2X元大4B購01","4,000","3","4,670","1.22","1.22","1.15","1.15","-","0.13","1.15","100","1.16","50","11.65",
="071110","SP黃豆元大4A購01","0","0","0","--","--","--","--"," ","0.00","0.01","100","0.06","50","19.68",
="071113","FANG+元大4B購01","0","0","0","--","--","--","--"," ","0.00","0.86","499","0.87","100","118.00",
="071114","台泥元大4B購01","0","0","0","--","--","--","--"," ","0.00","--","0","0.10","10","23.75",
="071122","大成鋼元大4C購02","0","0","0","--","--","--","--"," ","0.00","0.14","499","0.15","10","37.90",
="071125","台積電元大4C購02","84,000","2","117,680","1.40","1.42","1.40","1.42","X","0.00","--","0","--","0","1,340.00",
="071126","台積電元大51購07","80,000","1","111,200","1.39","1.39","1.39","1.39","X","0.00","--","0","--","0","1,340.00",
="071129","聯發科元大51購06","0","0","0","--","--","--","--"," ","0.00","0.18","499","0.19","10","1,375.00",
="071134","長榮航元大51購02","0","0","0","--","--","--","--"," ","0.00","0.46","499","0.47","10","38.85",
="071139","大立光元大51購05","0","0","0","--","--","--","--"," ","0.00","0.15","499","0.16","10","2,360.00",
="071142","新日興元大4C購01","0","0","0","--","--","--","--"," ","0.00","--","0","--","0","237.00",
="071144","世芯元大51購05","0","0","0","--","--","--","--"," ","0.00","--","0","0.80","1","3,700.00",
="071146","神達元大51購04","40,000","10","36,290","0.93","0.93","0.87","0.91","+","0.05","0.92","499","0.93","10","90.00",
="071148","材料元大51購05","0","0","0","--","--","--","--"," ","0.00","0.12","499","0.13","10","66.40",
="071155","晶心科元大4B購01","0","0","0","--","--","--","--"," ","0.00","--","0","0.10","10","325.50",
="071162","上証2X永豐4A購01","0","0","0","--","--","--","--"," ","0.00","0.50","10","0.51","10","47.20",
="071166","川湖永豐4A購03","0","0","0","--","--","--","--"," ","0.00","4.27","499","--","0","3,220.00",
="071167","國巨永豐52購01","387,000","17","1,019,700","2.69","2.77","2.56","2.62","-","0.05","2.59","10","2.62","10","176.00",
="071171","新日興永豐4A購02","0","0","0","--","--","--","--"," ","0.00","--","0","0.01","300","237.00",
="071175","大銀永豐4A購01","0","0","0","--","--","--","--"," ","0.00","0.01","499","0.04","10","120.00",
="071176","大銀永豐52購01","0","0","0","--","--","--","--"," ","0.00","0.12","499","0.13","10","120.00",
="071180","波力永豐4B購01","0","0","0","--","--","--","--"," ","0.00","0.01","499","0.03","10","176.50",
="071181","美時兆豐4A購02","0","0","0","--","--","--","--"," ","0.00","--","0","0.02","10","192.00",
="071182","慧洋兆豐4A購01","0","0","0","--","--","--","--"," ","0.00","0.04","10","0.05","10","58.40",
="071183","智原兆豐4A購03","0","0","0","--","--","--","--"," ","0.00","--","0","0.03","10","174.00",
="071185","國企2X群益4B購02","0","0","0","--","--","--","--"," ","0.00","0.55","10","0.65","10","11.65",
="071186","和大群益4A購01","0","0","0","--","--","--","--"," ","0.00","--","0","--","0","65.30",
="071187","和大群益4B購01","0","0","0","--","--","--","--"," ","0.00","0.04","25","0.05","10","65.30",
="071190","上銀群益4A購03","0","0","0","--","--","--","--"," ","0.00","--","0","0.10","10","217.50",
="071193","台積電群益52購02","0","0","0","--","--","--","--"," ","0.00","0.14","1","--","0","1,340.00",
="071194","華邦電群益4A購01","0","0","0","--","--","--","--"," ","0.00","9.85","50","--","0","36.45",
="071195","南亞科群益4A購01","0","0","0","--","--","--","--"," ","0.00","--","0","--","0","81.00",
="071199","奇鋐群益56購03","0","0","0","--","--","--","--"," ","0.00","--","0","2.49","10","1,015.00",
="071204","大銀群益4A購01","0","0","0","--","--","--","--"," ","0.00","--","0","--","0","120.00",
="071207","臺股指群益4B購09","15,000","1","13,350","0.89","0.89","0.89","0.89","X","0.00","0.94","499","0.95","499","0.00",
="071208","臺股指群益4B購10","0","0","0","--","--","--","--"," ","0.00","0.84","499","0.85","499","0.00",
="07120P","健策群益52售01","30,000","1","2,400","0.08","0.08","0.08","0.08","-","0.01","0.08","10","0.09","40","0.00",
="071211","聯發科國泰51購01","0","0","0","--","--","--","--"," ","0.00","0.47","499","0.48","499","1,375.00",
="071217","大成鋼富邦4A購02","0","0","0","--","--","--","--"," ","0.00","0.08","10","0.10","10","0.00",
="07121P","中磊群益4A售02","0","0","0","--","--","--","--"," ","0.00","--","0","0.20","10","0.00",
="071220","南亞科富邦4A購01","0","0","0","--","--","--","--"," ","0.00","4.95","10","5.25","10","0.00",
="071225","新日興富邦4B購02","282,000","9","84,400","0.30","0.30","0.29","0.30","-","0.02","0.26","10","0.27","10","0.00",
="071227","精銳富邦4B購01","0","0","0","--","--","--","--"," ","0.00","0.01","100","0.03","10","0.00",
="071230","臺股指富邦4C購05","0","0","0","--","--","--","--"," ","0.00","0.81","499","0.82","100","0.00",
="071242","T50正2凱基51購03","1,000","1","1,470","1.47","1.47","1.47","1.47","X","0.00","1.57","10","1.58","10","302.45",
="071243","滬深2X凱基4B購05","0","0","0","--","--","--","--"," ","0.00","2.15","100","2.16","50","19.04",
="071244","香港反凱基4A購01","0","0","0","--","--","--","--"," ","0.00","--","0","0.10","10","5.27",
="071247","FANG+凱基4B購01","0","0","0","--","--","--","--"," ","0.00","0.70","10","0.71","50","118.00",
="07124P","臺股指元富4A售02","0","0","0","--","--","--","--"," ","0.00","0.02","90","0.11","10","0.00",
="071252","華新凱基4A購02","0","0","0","--","--","--","--"," ","0.00","--","0","0.10","10","24.05",
="071255","鴻海凱基53購01","12,000","1","22,200","1.85","1.85","1.85","1.85","X","0.00","1.81","499","1.82","499","221.00",
="071263","慧洋凱基4A購01","0","0","0","--","--","--","--"," ","0.00","--","0","0.10","10","58.40",
="071264","晶豪科凱基4A購01","16,000","2","3,830","0.23","0.38","0.23","0.38","+","0.17","0.23","11","0.60","1","81.00",
="071267","創意凱基4C購02","0","0","0","--","--","--","--"," ","0.00","0.19","100","0.20","10","1,315.00",
="071268","世芯凱基51購02","20,000","2","4,500","0.24","0.24","0.22","0.22","-","0.04","0.21","100","0.22","30","3,700.00",
="071270","大銀凱基4A購01","0","0","0","--","--","--","--"," ","0.00","--","0","0.02","10","120.00",
="071271","精銳凱基51購01","0","0","0","--","--","--","--"," ","0.00","0.13","100","0.14","10","695.00",
="071274","愛普凱基4A購01","26,000","1","14,560","0.56","0.56","0.56","0.56","-","0.03","0.61","100","0.63","10","344.00",
="071276","臺股指凱基51購02","13,000","4","13,530","0.95","1.05","0.95","1.04","+","0.13","1.04","101","1.05","10","0.00",
="071280","國企2X元富52購01","16,000","2","24,690","1.59","1.59","1.54","1.54","-","0.10","1.53","25","1.54","25","11.65",
="071291","奇鋐元富4A購09","0","0","0","--","--","--","--"," ","0.00","8.35","25","8.85","10","1,015.00",
="071295","世芯元富54購01","0","0","0","--","--","--","--"," ","0.00","0.77","25","0.78","25","3,700.00",
="071299","材料元富53購02","2,000","2","410","0.21","0.21","0.20","0.20","X","0.00","0.19","26","0.20","25","66.40",
="071302","滬深2X國票52購01","5,000","1","3,200","0.64","0.64","0.64","0.64","-","0.07","0.63","25","0.64","10","19.04",
="071303","中502X國票4C購01","0","0","0","--","--","--","--"," ","0.00","1.12","25","1.13","10","13.10",
="071305","華邦電國票4A購02","0","0","0","--","--","--","--"," ","0.00","10.60","25","--","0","36.45",
="071311","大銀國票4A購01","0","0","0","--","--","--","--"," ","0.00","0.01","25","0.02","10","120.00",
="071312","力成國票4A購01","105,000","6","23,450","0.24","0.24","0.19","0.20","-","0.05","0.21","25","0.60","50","150.50",
="071314","華新統一54購01","0","0","0","--","--","--","--"," ","0.00","0.20","10","0.21","10","24.05",
="071315","華新統一58購02","500,000","2","130,000","0.26","0.26","0.26","0.26"," ","0.00","0.26","10","0.27","10","24.05",
="071316","美時統一52購01","0","0","0","--","--","--","--"," ","0.00","0.08","10","0.09","10","192.00",
="071317","中鋼統一4C購01","0","0","0","--","--","--","--"," ","0.00","0.15","10","0.16","10","19.45",
="071318","上銀統一62購01","200,000","2","32,000","0.15","0.17","0.15","0.17","X","0.00","0.15","10","0.16","10","217.50",
="071319","皇昌統一52購05","0","0","0","--","--","--","--"," ","0.00","0.21","10","0.22","10","72.70",
="071320","新興統一52購01","0","0","0","--","--","--","--"," ","0.00","0.10","10","0.11","10","22.60",
="071321","裕民統一53購01","0","0","0","--","--","--","--"," ","0.00","0.23","10","0.24","10","55.30",
="071322","裕民統一56購01","0","0","0","--","--","--","--"," ","0.00","0.28","10","0.29","10","55.30",
="071323","裕民統一5C購01","0","0","0","--","--","--","--"," ","0.00","0.38","10","0.39","10","55.30",
="071324","慧洋統一55購01","100,000","1","20,000","0.20","0.20","0.20","0.20","-","0.02","0.20","10","0.21","10","58.40",
="071325","慧洋統一5C購01","0","0","0","--","--","--","--"," ","0.00","0.36","10","0.37","10","58.40",
="071326","晶豪科統一51購02","421,000","17","324,040","0.80","0.85","0.75","0.77","-","0.20","0.80","10","0.82","10","81.00",
="071327","晶豪科統一52購02","0","0","0","--","--","--","--"," ","0.00","0.81","10","0.82","10","81.00",
="071328","偉訓統一52購02","106,000","3","54,180","0.53","0.53","0.49","0.53"," ","0.00","0.48","10","0.49","10","97.50",
="071329","偉訓統一58購01","43,000","4","35,000","0.82","0.82","0.80","0.81","-","0.01","0.78","10","0.79","10","97.50",
="07132P","奇鋐凱基51售01","100,000","1","6,000","0.06","0.06","0.06","0.06","X","0.00","0.07","100","0.08","50","0.00",
="071330","偉訓統一58購02","25,000","2","15,500","0.62","0.62","0.62","0.62"," ","0.00","0.59","10","0.60","10","97.50",
="071331","健策統一54購01","4,000","2","4,060","1.01","1.03","1.01","1.03","+","0.09","0.99","10","1.00","10","2,355.00",
="071332","定穎控統一58購01","5,000","1","6,450","1.29","1.29","1.29","1.29","X","0.00","1.29","10","1.38","10","90.10",
="071333","大銀統一52購01","0","0","0","--","--","--","--"," ","0.00","0.10","10","0.11","10","120.00",
="071334","大銀統一52購02","0","0","0","--","--","--","--"," ","0.00","0.08","10","0.09","10","120.00",
="071335","大銀統一54購03","0","0","0","--","--","--","--"," ","0.00","0.12","10","0.13","10","120.00",
="071336","大銀統一58購01","0","0","0","--","--","--","--"," ","0.00","0.34","10","0.35","10","120.00",
="071337","大銀統一58購02","0","0","0","--","--","--","--"," ","0.00","0.17","10","0.18","10","120.00",
="071338","大銀統一5A購01","0","0","0","--","--","--","--"," ","0.00","0.38","10","0.39","10","120.00",
="071339","大銀統一62購01","0","0","0","--","--","--","--"," ","0.00","0.35","10","0.36","10","120.00",
="071340","達麗統一52購03","77,000","2","41,580","0.54","0.54","0.54","0.54"," ","0.00","0.54","10","0.55","10","50.10",
="071341","力成統一54購01","180,000","7","103,410","0.59","0.59","0.57","0.58"," ","0.00","0.57","10","0.58","10","150.50",
="071342","勤誠統一52購04","0","0","0","--","--","--","--"," ","0.00","2.79","10","2.83","10","600.00",
="071343","波力統一58購01","0","0","0","--","--","--","--"," ","0.00","0.13","10","0.14","10","176.50",
="071344","道瓊銀元大4C購01","0","0","0","--","--","--","--"," ","0.00","3.04","100","3.05","100","36.75",
="071346","中502X元大4A購01","10,000","2","11,050","1.12","1.12","1.09","1.09","-","0.09","0.92","250","0.94","100","13.10",
="071347","中502X元大53購01","56,000","10","124,230","2.37","2.37","2.15","2.15","-","0.20","2.15","250","2.16","100","13.10",
="071355","中鋼元大4A購01","0","0","0","--","--","--","--"," ","0.00","--","0","0.10","10","19.45",
="071361","上銀元大4B購03","0","0","0","--","--","--","--"," ","0.00","--","0","0.10","10","217.50",
="071362","台積電元大4C購03","90,000","1","109,800","1.22","1.22","1.22","1.22","X","0.00","--","0","--","0","1,340.00",
="071363","台積電元大51購08","111,000","8","149,190","1.34","1.41","1.34","1.41","+","0.20","0.46","43","1.40","4","1,340.00",
="071366","長榮元大51購02","0","0","0","--","--","--","--"," ","0.00","0.35","499","0.36","10","182.00",
="071372","新日興元大4C購02","15,000","1","1,500","0.10","0.10","0.10","0.10","-","0.03","--","0","--","0","237.00",
="071374","創意元大51購02","10,000","1","2,000","0.20","0.20","0.20","0.20","X","0.00","0.20","499","0.21","10","1,315.00",
="071377","世芯元大51購06","270,000","4","107,700","0.43","0.43","0.39","0.39","-","0.03","0.01","499","--","0","3,700.00",
="071378","神達元大51購05","415,000","7","456,430","1.05","1.15","1.05","1.10","+","0.09","1.10","499","1.12","10","90.00",
="071383","材料元大51購06","0","0","0","--","--","--","--"," ","0.00","0.18","499","0.19","10","66.40",
="071394","華邦電富邦4B購01","1,000","1","8,100","8.10","8.10","8.10","8.10","+","1.40","8.70","30","9.20","21","0.00",
="071395","全新富邦4B購01","50,000","5","7,000","0.14","0.14","0.14","0.14","-","0.04","0.13","10","0.14","10","0.00",
="071396","晟銘電富邦4A購01","0","0","0","--","--","--","--"," ","0.00","0.10","10","0.11","10","0.00",
="071398","玉晶光富邦4A購02","0","0","0","--","--","--","--"," ","0.00","0.22","10","0.23","10","0.00",
="071400","材料富邦4A購02","0","0","0","--","--","--","--"," ","0.00","--","0","0.10","10","0.00",
="071402","富世達富邦4B購01","525,000","12","381,040","0.69","0.82","0.68","0.78","+","0.16","0.74","10","0.76","10","0.00",
="071411","力積電兆豐4A購01","0","0","0","--","--","--","--"," ","0.00","0.80","10","--","0","23.45",
="071412","來億兆豐4A購01","0","0","0","--","--","--","--"," ","0.00","--","0","0.02","10","224.00",
="071413","勤誠兆豐4A購01","0","0","0","--","--","--","--"," ","0.00","4.87","10","--","0","600.00",
="071424","中502X元富52購02","20,000","1","37,800","1.89","1.89","1.89","1.89","X","0.00","1.80","25","1.81","25","13.10",
="071425","和大元富52購01","0","0","0","--","--","--","--"," ","0.00","0.22","25","0.23","25","65.30",
="071426","大成鋼元富52購03","0","0","0","--","--","--","--"," ","0.00","0.52","25","0.53","25","37.90",
="071427","華邦電元富4A購02","0","0","0","--","--","--","--"," ","0.00","13.50","25","--","0","36.45",
="071429","南亞科元富52購01","0","0","0","--","--","--","--"," ","0.00","--","0","--","0","81.00",
="071432","香港反國票4B購01","0","0","0","--","--","--","--"," ","0.00","0.01","25","0.02","10","5.27",
="071434","川湖國票4A購04","0","0","0","--","--","--","--"," ","0.00","6.55","25","6.75","10","3,220.00",
="071435","台積電國票4A購05","0","0","0","--","--","--","--"," ","0.00","0.42","25","0.44","10","1,340.00",
="071436","華邦電國票4B購01","7,000","4","61,100","8.70","9.70","8.45","9.70","+","3.05","9.00","25","9.50","10","36.45",
="071437","微星國票4B購01","0","0","0","--","--","--","--"," ","0.00","0.01","25","0.02","10","119.50",
="07143P","大成鋼統一4C售01","0","0","0","--","--","--","--"," ","0.00","0.35","10","0.36","10","0.00",
="071442","東陽統一52購01","65,000","3","11,650","0.18","0.18","0.17","0.17","-","0.03","0.17","26","0.18","10","94.10",
="071443","華新統一52購05","47,000","1","19,270","0.41","0.41","0.41","0.41"," ","0.00","0.37","108","0.38","108","24.05",
="071444","台玻統一52購01","38,000","1","74,480","1.96","1.96","1.96","1.96","+","0.04","1.73","10","1.76","10","25.95",
="071445","上銀統一52購06","0","0","0","--","--","--","--"," ","0.00","0.03","10","0.04","10","217.50",
="071446","川湖統一52購04","0","0","0","--","--","--","--"," ","0.00","2.84","2","2.91","10","3,220.00",
="071447","華泰統一51購01","136,000","5","115,640","0.92","0.92","0.84","0.86","-","0.05","0.85","10","0.86","10","47.70",
="071448","華泰統一51購02","898,000","13","705,500","0.80","0.81","0.76","0.78","-","0.05","0.77","10","0.78","9","47.70",
="07144P","世芯統一4A售03","0","0","0","--","--","--","--"," ","0.00","0.11","10","0.12","10","0.00",
="071450","華邦電統一52購06","5,000","5","13,460","2.67","2.77","2.60","2.77","+","0.33","2.74","10","2.75","10","36.45",
="071451","智邦統一4C購03","0","0","0","--","--","--","--"," ","0.00","0.99","10","1.03","10","1,005.00",
="071452","智邦統一51購02","39,000","2","40,590","1.04","1.07","1.04","1.07","+","0.03","1.06","10","1.09","10","1,005.00",
="071453","毅嘉統一51購02","195,000","4","217,290","1.12","1.12","1.09","1.09","-","0.01","1.02","10","1.03","10","53.50",
="071454","元債2X永豐4A購01","0","0","0","--","--","--","--"," ","0.00","--","0","0.04","10","7.35",
="071455","毅嘉統一52購01","40,000","2","57,000","1.42","1.44","1.42","1.44","+","0.04","1.32","10","1.33","10","53.50",
="071456","南亞科統一52購05","0","0","0","--","--","--","--"," ","0.00","2.88","10","2.89","10","81.00",
="071457","南亞科統一52購06","2,000","1","12,000","6.00","6.00","6.00","6.00","+","0.05","6.00","10","6.50","10","81.00",
="071458","南亞科統一52購07","0","0","0","--","--","--","--"," ","0.00","3.89","10","3.97","10","81.00",
="071459","立隆電統一52購03","0","0","0","--","--","--","--"," ","0.00","0.36","10","0.37","10","89.40",
="07145P","世芯統一52售04","397,000","9","221,740","0.54","0.58","0.54","0.58","+","0.04","0.55","10","0.56","10","0.00",
="071460","新興統一52購02","0","0","0","--","--","--","--"," ","0.00","0.15","10","0.16","10","22.60",
="071461","雄獅統一52購01","10,000","1","10,100","1.01","1.01","1.01","1.01","-","0.06","1.00","10","1.01","20","158.50",
="071462","緯創統一4C購02","161,000","3","98,860","0.60","0.62","0.60","0.60","X","0.00","0.57","10","0.58","10","122.50",
="071463","新日興統一53購02","0","0","0","--","--","--","--"," ","0.00","0.25","10","0.26","10","237.00",
="071464","創意統一4C購01","0","0","0","--","--","--","--"," ","0.00","0.22","10","0.23","10","1,315.00",
="071465","創意統一54購01","0","0","0","--","--","--","--"," ","0.00","0.42","10","0.43","10","1,315.00",
="071466","創意統一54購02","77,000","4","25,260","0.32","0.34","0.32","0.34","X","0.00","0.34","10","0.35","10","1,315.00",
="071467","群創統一52購04","206,000","5","123,820","0.60","0.61","0.60","0.60","+","0.01","0.59","10","0.60","10","14.15",
="071468","定穎控統一52購02","2,000","1","2,640","1.32","1.32","1.32","1.32","+","0.07","1.24","10","1.25","10","90.10",
="071469","大銀統一52購03","0","0","0","--","--","--","--"," ","0.00","0.09","10","0.10","10","120.00",
="071470","大銀統一52購04","0","0","0","--","--","--","--"," ","0.00","0.19","10","0.20","10","120.00",
="071471","致伸統一51購01","46,000","1","14,720","0.32","0.32","0.32","0.32","X","0.00","0.29","10","0.30","10","78.60",
="071472","精成科統一52購03","0","0","0","--","--","--","--"," ","0.00","1.71","10","1.74","10","125.50",
="071473","力成統一51購01","152,000","6","122,790","0.82","0.82","0.77","0.78","+","0.01","0.76","10","0.77","10","150.50",
="071474","力成統一51購02","125,000","7","100,390","0.84","0.84","0.80","0.83","+","0.02","0.80","20","0.82","10","150.50",
="071475","台塑化統一52購01","200,000","1","66,000","0.33","0.33","0.33","0.33","X","0.00","0.32","10","0.33","10","39.25",
="071476","台塑化統一52購02","0","0","0","--","--","--","--"," ","0.00","0.47","10","0.48","10","39.25",
="071482","中502X永豐4A購02","0","0","0","--","--","--","--"," ","0.00","0.09","30","0.11","10","13.10",
="071505","台灣50元大4A購05","0","0","0","--","--","--","--"," ","0.00","0.60","499","0.70","10","58.45",
="071508","美費半元大51購01","0","0","0","--","--","--","--"," ","0.00","2.46","100","2.47","50","49.19",
="071511","和大元大4B購01","0","0","0","--","--","--","--"," ","0.00","0.02","499","0.12","10","65.30",
="071516","上銀元大4B購04","0","0","0","--","--","--","--"," ","0.00","--","0","0.10","10","217.50",
="071518","台積電元大51購09","462,000","4","507,240","1.08","1.11","1.08","1.11","+","0.13","0.36","27","--","0","1,340.00",
="07151P","立積群益52售01","0","0","0","--","--","--","--"," ","0.00","--","0","--","0","0.00",
="071530","大立光元大51購06","0","0","0","--","--","--","--"," ","0.00","0.30","499","0.31","10","2,360.00",
="071533","奇鋐元大51購01","30,000","3","149,300","5.05","5.05","4.92","4.96","+","0.46","4.38","150","4.48","10","1,015.00",
="071534","智原元大51購01","100,000","1","7,000","0.07","0.07","0.07","0.07","X","0.00","0.06","499","0.07","10","174.00",
="071538","新日興元大4C購03","15,000","1","2,400","0.16","0.16","0.16","0.16","+","0.02","--","0","--","0","237.00",
="071540","創意元大51購03","120,000","3","18,200","0.15","0.16","0.15","0.16","X","0.00","0.15","519","0.16","10","1,315.00",
="071550","精銳元大4A購02","0","0","0","--","--","--","--"," ","0.00","--","0","0.10","10","695.00",
="071555","亞翔元大4B購01","685,000","16","628,530","0.89","0.97","0.89","0.95","+","0.07","0.91","15","0.92","10","358.50",
="071559","中502X凱基4A購01","0","0","0","--","--","--","--"," ","0.00","0.90","100","1.00","10","13.10",
="071560","中502X凱基53購01","15,000","2","31,400","2.11","2.11","2.06","2.06","X","0.00","2.03","100","2.04","50","13.10",
="071566","國巨凱基4A購03","236,000","21","104,330","0.43","0.56","0.41","0.42","-","0.10","0.41","100","0.85","10","176.00",
="071567","旺宏凱基4B購01","53,000","6","90,870","1.65","1.90","1.58","1.72","+","0.30","1.73","2","1.75","10","26.75",
="071568","華邦電凱基4A購01","7,000","3","76,500","10.80","11.10","10.80","11.10","+","1.50","11.50","50","12.50","10","36.45",
="071570","微星凱基4A購01","0","0","0","--","--","--","--"," ","0.00","--","0","0.02","10","119.50",
="071573","南亞科凱基4A購02","0","0","0","--","--","--","--"," ","0.00","--","0","--","0","81.00",
="071574","聯發科凱基4C購08","90,000","3","26,100","0.29","0.29","0.29","0.29","-","0.04","0.27","100","0.28","10","1,375.00",
="071577","長榮凱基51購01","0","0","0","--","--","--","--"," ","0.00","0.41","499","0.42","40","182.00",
="071581","奇鋐凱基51購02","0","0","0","--","--","--","--"," ","0.00","5.40","100","5.90","10","1,015.00",
="071584","世芯凱基4A購07","0","0","0","--","--","--","--"," ","0.00","0.38","100","0.39","10","3,700.00",
="071585","神達凱基51購02","40,000","3","87,850","2.20","2.20","2.17","2.17","+","0.16","2.21","100","2.22","10","90.00",
="071586","材料凱基4C購02","0","0","0","--","--","--","--"," ","0.00","0.22","100","0.23","40","66.40",
="071589","台塑化凱基4A購01","10,000","1","2,900","0.29","0.29","0.29","0.29","X","0.00","0.29","10","0.39","10","39.25",
="071593","臺股指凱基51購04","0","0","0","--","--","--","--"," ","0.00","1.56","100","1.57","10","0.00",
="071599","滬深2X群益4A購14","0","0","0","--","--","--","--"," ","0.00","0.09","50","2.73","10","19.04",
="071603","大成鋼群益4C購01","0","0","0","--","--","--","--"," ","0.00","0.14","10","0.24","10","37.90",
="071605","華泰群益4A購01","3,000","2","1,500","0.51","0.51","0.48","0.48","X","0.00","0.02","30","0.51","10","47.70",
="071606","台積電群益51購02","0","0","0","--","--","--","--"," ","0.00","0.01","100","--","0","1,340.00",
="071608","華邦電群益4A購03","0","0","0","--","--","--","--"," ","0.00","11.50","50","12.50","10","36.45",
="071615","大銀群益4A購02","0","0","0","--","--","--","--"," ","0.00","--","0","--","0","120.00",
="071617","保瑞群益51購01","5,000","1","550","0.11","0.11","0.11","0.11","X","0.00","0.10","10","0.20","10","693.00",
="071618","世紀鋼群益4A購01","0","0","0","--","--","--","--"," ","0.00","0.40","10","0.50","10","171.50",
="071625","南亞科富邦4B購01","3,000","3","11,930","4.17","4.17","3.87","3.87","-","0.16","4.20","10","4.30","10","0.00",
="071626","皇昌富邦4A購02","0","0","0","--","--","--","--"," ","0.00","0.16","10","0.17","10","0.00",
="071627","晶豪科富邦4A購01","85,000","9","67,570","0.90","0.90","0.67","0.77","-","0.04","0.80","10","0.90","10","0.00",
="071628","臻鼎富邦4A購01","10,000","1","23,900","2.39","2.39","2.39","2.39","X","0.00","2.41","10","2.42","10","0.00",
="071630","迅得富邦4A購03","0","0","0","--","--","--","--"," ","0.00","0.01","100","0.10","10","0.00",
="071634","美律兆豐4A購01","0","0","0","--","--","--","--"," ","0.00","0.13","10","0.14","10","104.00",
="071635","皇昌兆豐4A購01","0","0","0","--","--","--","--"," ","0.00","0.01","10","0.02","10","72.70",
="071643","台灣50凱基4A購06","2,000","1","3,120","1.56","1.56","1.56","1.56","+","0.55","1.63","10","1.67","10","58.45",
="071644","美費半凱基51購01","10,000","2","19,400","1.93","1.95","1.93","1.95","+","0.13","1.94","100","1.95","50","49.19",
="071647","上銀凱基4B購03","0","0","0","--","--","--","--"," ","0.00","--","0","0.08","142","217.50",
="071648","川湖凱基4A購02","0","0","0","--","--","--","--"," ","0.00","6.00","100","6.50","10","3,220.00",
="071656","南亞科凱基4C購02","0","0","0","--","--","--","--"," ","0.00","8.10","10","8.60","10","81.00",
="071659","皇昌凱基4A購03","0","0","0","--","--","--","--"," ","0.00","0.01","100","0.11","10","72.70",
="07165P","FBNQ2X元大4B售01","0","0","0","--","--","--","--"," ","0.00","0.29","100","0.30","50","0.00",
="071660","奇鋐凱基56購01","0","0","0","--","--","--","--"," ","0.00","4.24","100","4.34","10","1,015.00",
="071661","智原凱基51購01","1,357,000","11","168,280","0.10","0.14","0.10","0.12","+","0.01","0.12","100","0.14","30","174.00",
="071664","緯創凱基4C購04","40,000","2","30,200","0.76","0.76","0.75","0.75","X","0.00","0.75","100","0.77","10","122.50",
="071665","神達凱基4B購03","87,000","6","159,510","1.81","1.94","1.71","1.79","+","0.17","1.82","100","1.83","10","90.00",
="071666","大銀凱基4A購02","0","0","0","--","--","--","--"," ","0.00","--","0","0.02","10","120.00",
="071670","訊芯凱基4A購02","0","0","0","--","--","--","--"," ","0.00","--","0","0.10","10","164.50",
="071675","中502X群益4A購04","0","0","0","--","--","--","--"," ","0.00","0.10","50","0.90","10","13.10",
="071678","川湖群益4A購02","50,000","1","123,000","2.46","2.46","2.46","2.46","-","0.10","1.26","7","--","0","3,220.00",
="071679","華通群益51購01","9,000","4","10,620","1.21","1.21","1.10","1.10","-","0.08","1.07","100","1.08","100","77.00",
="071683","南亞科群益4A購02","0","0","0","--","--","--","--"," ","0.00","--","0","--","0","81.00",
="071685","美律群益4B購01","0","0","0","--","--","--","--"," ","0.00","0.01","30","0.12","3","104.00",
="071689","裕民群益4C購01","0","0","0","--","--","--","--"," ","0.00","0.12","10","0.22","10","55.30",
="071690","晟銘電群益52購01","0","0","0","--","--","--","--"," ","0.00","0.35","100","0.36","100","121.00",
="071697","樺漢群益4A購01","0","0","0","--","--","--","--"," ","0.00","--","0","--","0","299.00",
="071698","穎崴群益4A購01","160,000","16","150,000","0.98","0.99","0.90","0.91","+","0.07","0.04","250","0.91","10","2,015.00",
="071699","鈺齊群益4A購02","0","0","0","--","--","--","--"," ","0.00","--","0","--","0","101.50",
="071705","川湖元富4A購07","0","0","0","--","--","--","--"," ","0.00","5.20","25","5.70","10","3,220.00",
="071706","鴻海元富52購05","21,000","9","35,930","1.65","1.73","1.65","1.71","+","0.19","1.71","25","1.73","25","221.00",
="071708","台積電元富62購02","5,000","2","7,400","1.48","1.48","1.48","1.48","X","0.00","1.49","2","--","0","1,340.00",
="071709","旺宏元富51購01","351,000","17","457,060","1.25","1.38","1.20","1.25","+","0.12","1.23","29","1.33","10","26.75",
="071713","皇昌元富4B購03","0","0","0","--","--","--","--"," ","0.00","0.15","25","0.16","25","72.70",
="071714","材料元富51購02","0","0","0","--","--","--","--"," ","0.00","0.29","25","0.30","25","66.40",
="071721","滬深2X統一4C購01","0","0","0","--","--","--","--"," ","0.00","1.75","10","1.76","10","19.04",
="071722","川湖統一58購02","197,000","6","271,120","1.36","1.39","1.36","1.39","X","0.00","1.36","10","1.37","10","3,220.00",
="071723","華泰統一52購01","293,000","8","184,210","0.66","0.66","0.61","0.63","-","0.03","0.62","10","0.63","10","47.70",
="071724","華泰統一52購02","0","0","0","--","--","--","--"," ","0.00","0.84","10","0.85","10","47.70",
="071725","旺宏統一4C購03","668,000","28","388,720","0.54","0.64","0.53","0.55","+","0.06","0.53","14","0.54","10","26.75",
="071726","皇昌統一52購06","0","0","0","--","--","--","--"," ","0.00","0.13","10","0.14","10","72.70",
="071727","皇昌統一58購02","0","0","0","--","--","--","--"," ","0.00","0.30","10","0.31","10","72.70",
="071728","雄獅統一52購02","0","0","0","--","--","--","--"," ","0.00","0.63","10","0.64","10","158.50",
="071729","信邦統一52購01","0","0","0","--","--","--","--"," ","0.00","0.21","20","0.22","10","236.50",
="071730","欣興統一52購05","179,000","8","162,170","0.87","0.93","0.86","0.86","+","0.03","0.83","10","0.84","10","159.00",
="071731","景碩統一52購02","324,000","6","180,640","0.55","0.57","0.55","0.57","+","0.04","0.49","10","0.50","10","111.50",
="071732","緯創統一52購03","105,000","3","46,680","0.44","0.45","0.44","0.45","+","0.05","0.42","10","0.43","10","122.50",
="071733","致伸統一52購01","12,000","2","3,420","0.29","0.29","0.28","0.28","X","0.00","0.26","10","0.27","10","78.60",
="071734","致伸統一52購02","0","0","0","--","--","--","--"," ","0.00","0.32","10","0.33","10","78.60",
="071735","致伸統一58購01","0","0","0","--","--","--","--"," ","0.00","0.45","10","0.46","10","78.60",
="071736","台郡統一52購02","10,000","1","3,100","0.31","0.31","0.31","0.31","X","0.00","0.29","10","0.30","10","66.80",
="071737","樺漢統一4C購02","25,000","1","5,750","0.23","0.23","0.23","0.23","X","0.00","0.23","10","0.24","10","299.00",
="071738","鈺邦統一51購02","514,000","8","663,500","1.39","1.39","1.11","1.33","-","0.05","1.23","10","1.25","10","198.50",
="071739","穎崴統一51購02","0","0","0","--","--","--","--"," ","0.00","1.28","10","1.31","10","2,015.00",
="071740","穎崴統一51購03","4,000","1","4,600","1.15","1.15","1.15","1.15","-","0.11","1.15","10","1.25","20","2,015.00",
="071741","穎崴統一52購01","238,000","23","285,880","1.22","1.36","1.10","1.15"," ","0.00","1.14","10","1.15","10","2,015.00",
="071742","穎崴統一52購02","1,000","1","1,290","1.29","1.29","1.29","1.29","X","0.00","1.26","10","1.27","10","2,015.00",
="071743","穎崴統一59購01","365,000","21","287,850","0.80","0.80","0.74","0.77","-","0.01","0.77","10","0.78","10","2,015.00",
="071744","志強統一58購02","0","0","0","--","--","--","--"," ","0.00","0.19","10","0.20","10","104.50",
="071745","南電統一52購01","5,000","2","9,270","1.80","1.89","1.80","1.89","+","0.11","1.89","10","1.93","10","234.50",
="071746","南電統一52購02","1,000","1","2,410","2.41","2.41","2.41","2.41","X","0.00","2.22","10","2.26","10","234.50",
="071750","台灣50元大4A購06","0","0","0","--","--","--","--"," ","0.00","8.30","200","8.80","10","58.45",
="071751","國企2X元大4B購02","76,000","5","61,390","0.92","0.92","0.78","0.78","-","0.14","0.79","100","0.80","50","11.65",
="071752","國企2X元大4C購01","1,000","1","960","0.96","0.96","0.96","0.96","-","0.05","0.91","100","0.92","50","11.65",
="071756","美時元大51購01","0","0","0","--","--","--","--"," ","0.00","0.11","499","0.12","10","192.00",
="071759","大成鋼元大51購01","0","0","0","--","--","--","--"," ","0.00","0.09","499","0.10","10","37.90",
="071763","台積電元大51購10","92,000","6","71,300","0.77","0.80","0.77","0.80","X","0.00","0.04","32","--","0","1,340.00",
="07176P","台積電凱基4A售21","0","0","0","--","--","--","--"," ","0.00","--","0","0.10","10","0.00",
="071772","大立光元大51購07","0","0","0","--","--","--","--"," ","0.00","0.22","499","0.23","10","2,360.00",
="071773","智原元大51購02","560,000","8","52,400","0.09","0.10","0.09","0.09","+","0.02","0.08","499","0.09","20","174.00",
="071778","新日興元大51購01","0","0","0","--","--","--","--"," ","0.00","--","0","--","0","237.00",
="071780","創意元大51購04","0","0","0","--","--","--","--"," ","0.00","0.17","499","0.18","10","1,315.00",
="071789","材料元大4B購03","0","0","0","--","--","--","--"," ","0.00","--","0","0.10","10","66.40",
="071791","亞翔元大4B購02","494,000","7","506,530","1.05","1.06","0.99","1.06","+","0.01","1.02","499","1.05","10","358.50",
="071795","晶心科元大4A購01","0","0","0","--","--","--","--"," ","0.00","--","0","0.10","10","325.50",
="071798","FB臺反國票4A購01","0","0","0","--","--","--","--"," ","0.00","--","0","--","0","10.05",
="071804","旺宏國票4A購01","1,000","1","260","0.26","0.26","0.26","0.26","+","0.05","0.26","25","0.32","10","26.75",
="071806","所羅門國票4A購01","0","0","0","--","--","--","--"," ","0.00","0.14","25","0.15","10","144.50",
="071808","長榮國票4A購04","0","0","0","--","--","--","--"," ","0.00","0.05","25","0.06","10","182.00",
="071812","大量國票4A購01","100,000","24","362,110","3.75","3.92","3.43","3.92","+","0.55","3.79","25","3.89","10","205.00",
="071814","創意國票4B購01","40,000","2","3,000","0.08","0.08","0.07","0.07","+","0.01","0.06","25","0.07","10","1,315.00",
="071818","日月光國票4A購01","0","0","0","--","--","--","--"," ","0.00","0.17","25","0.18","10","174.50",
="071821","迅得國票4A購01","0","0","0","--","--","--","--"," ","0.00","--","0","--","0","176.00",
="071824","南電國票4A購01","91,000","17","412,470","5.65","5.65","4.16","4.25","-","0.30","4.11","25","4.21","10","234.50",
="071826","華擎兆豐4A購01","0","0","0","--","--","--","--"," ","0.00","0.35","10","0.40","10","278.00",
="071827","祥碩兆豐4A購01","0","0","0","--","--","--","--"," ","0.00","0.01","10","0.02","10","1,525.00",
="071828","上銀富邦4A購01","0","0","0","--","--","--","--"," ","0.00","--","0","0.03","10","0.00",
="071829","鴻海富邦4A購05","338,000","30","187,200","0.50","0.58","0.50","0.57","+","0.13","0.56","30","0.57","10","0.00",
="071830","國巨富邦4B購01","258,000","20","163,210","0.80","0.80","0.59","0.59","-","0.12","0.57","30","0.65","8","0.00",
="071831","瑞昱富邦4B購01","0","0","0","--","--","--","--"," ","0.00","0.21","10","0.22","10","0.00",
="071833","奇鋐富邦4B購02","186,000","1","543,120","2.92","2.92","2.92","2.92","-","0.23","2.97","10","3.07","10","0.00",
="071834","立積富邦4A購02","10,000","1","3,100","0.31","0.31","0.31","0.31","-","0.01","0.27","10","0.28","10","0.00",
="071840","台灣50凱基4A購07","0","0","0","--","--","--","--"," ","0.00","11.90","100","12.10","10","58.45",
="071842","上証2X凱基4B購01","0","0","0","--","--","--","--"," ","0.00","2.20","100","2.21","50","47.20",
="071843","國企2X凱基4B購01","0","0","0","--","--","--","--"," ","0.00","0.76","100","0.77","50","11.65",
="071844","國企2X凱基4B購02","0","0","0","--","--","--","--"," ","0.00","1.19","100","1.20","50","11.65",
="071845","中興電凱基4A購01","0","0","0","--","--","--","--"," ","0.00","--","0","0.10","10","159.00",
="071846","中興電凱基4A購02","0","0","0","--","--","--","--"," ","0.00","0.47","100","0.48","10","159.00",
="071850","華城凱基4B購01","0","0","0","--","--","--","--"," ","0.00","0.85","100","0.95","10","586.00",
="071852","大成鋼凱基4A購03","0","0","0","--","--","--","--"," ","0.00","0.06","100","0.08","10","37.90",
="071858","晟銘電凱基4A購02","0","0","0","--","--","--","--"," ","0.00","--","0","0.07","20","121.00",
="07185P","臺股指元富4B售05","376,000","9","75,100","0.20","0.22","0.18","0.19","-","0.06","0.18","25","0.19","25","0.00",
="071860","威強電凱基4A購01","0","0","0","--","--","--","--"," ","0.00","--","0","0.10","10","67.20",
="071863","群創凱基4A購01","0","0","0","--","--","--","--"," ","0.00","0.01","128","0.11","10","14.15",
="071868","南電凱基4A購01","482,000","8","2,237,090","4.73","5.00","3.57","3.57","-","0.28","3.52","100","--","0","234.50",
="071871","南亞科中信4A購01","20,000","2","222,000","11.00","11.20","11.00","11.20","-","0.70","11.80","10","--","0","0.00",
="071872","滬深2X永豐4A購02","0","0","0","--","--","--","--"," ","0.00","2.51","499","2.61","10","19.04",
="071873","滬深2X永豐4A購03","0","0","0","--","--","--","--"," ","0.00","1.17","10","1.18","10","19.04",
="071875","中興電永豐4A購02","15,000","3","7,550","0.53","0.53","0.49","0.49","-","0.09","0.46","10","0.49","10","159.00",
="071877","華城永豐4B購01","0","0","0","--","--","--","--"," ","0.00","0.23","10","0.24","10","586.00",
="071879","大成鋼永豐4C購01","0","0","0","--","--","--","--"," ","0.00","1.88","499","1.89","10","37.90",
="071884","神達永豐4A購02","0","0","0","--","--","--","--"," ","0.00","2.68","499","2.73","10","90.00",
="07188P","FBNQ2X凱基4B售01","6,000","2","1,260","0.21","0.21","0.21","0.21","-","0.02","0.20","10","0.21","50","0.00",
="071891","東元統一55購01","1,578,000","295","3,121,870","1.75","2.09","1.75","2.09","+","0.48","2.07","30","2.09","40","94.00",
="071892","中興電統一51購03","0","0","0","--","--","--","--"," ","0.00","0.48","10","0.49","10","159.00",
="071893","中興電統一52購02","0","0","0","--","--","--","--"," ","0.00","0.43","10","0.44","10","159.00",
="071894","中興電統一52購03","118,000","2","46,530","0.39","0.40","0.39","0.40","X","0.00","0.39","10","0.40","10","159.00",
="071895","中興電統一58購01","0","0","0","--","--","--","--"," ","0.00","0.45","10","0.46","10","159.00",
="071896","亞力統一52購02","271,000","5","77,000","0.29","0.30","0.28","0.28","-","0.02","0.28","10","0.29","10","102.50",
="071897","亞力統一52購03","66,000","3","21,780","0.33","0.33","0.33","0.33","X","0.00","0.33","10","0.34","10","102.50",
="071898","華城統一52購02","0","0","0","--","--","--","--"," ","0.00","0.35","10","0.36","10","586.00",
="071899","華城統一52購03","10,000","1","5,400","0.54","0.54","0.54","0.54","X","0.00","0.52","10","0.53","10","586.00",
="071900","華城統一54購01","51,000","1","30,600","0.60","0.60","0.60","0.60","X","0.00","0.58","10","0.59","10","586.00",
="071901","華城統一55購02","18,000","10","8,470","0.46","0.48","0.46","0.47"," ","0.00","0.46","16","0.47","10","586.00",
="071902","旺宏統一52購03","287,000","15","254,290","0.86","0.92","0.81","0.86","+","0.07","0.83","10","0.84","10","26.75",
="071903","毅嘉統一52購02","0","0","0","--","--","--","--"," ","0.00","0.97","10","0.98","10","53.50",
="071904","南亞科統一51購04","3,000","1","11,250","3.75","3.75","3.75","3.75","X","0.00","3.78","10","3.79","10","81.00",
="071905","南亞科統一52購08","0","0","0","--","--","--","--"," ","0.00","3.39","10","3.47","10","81.00",
="071906","南亞科統一58購01","0","0","0","--","--","--","--"," ","0.00","2.04","65","2.35","4","81.00",
="071907","友達統一51購01","0","0","0","--","--","--","--"," ","0.00","0.24","10","0.25","10","13.70",
="071908","志聖統一53購01","272,000","8","163,500","0.59","0.65","0.57","0.59","+","0.03","0.56","10","0.57","10","197.00",
="071909","強茂統一51購01","396,000","12","448,870","1.15","1.18","1.12","1.16","-","0.04","1.15","10","1.17","10","71.70",
="071910","神基統一52購02","1,154,000","29","1,333,460","1.15","1.18","1.14","1.17","+","0.05","1.14","13","1.15","10","163.50",
="071911","神基統一52購03","0","0","0","--","--","--","--"," ","0.00","1.21","10","1.23","10","163.50",
="071912","晟銘電統一52購05","719,000","8","179,650","0.25","0.25","0.24","0.24","X","0.00","0.24","10","0.25","10","121.00",
="071913","威強電統一52購01","0","0","0","--","--","--","--"," ","0.00","0.20","10","0.21","10","67.20",
="071914","威強電統一58購01","0","0","0","--","--","--","--"," ","0.00","0.31","10","0.32","10","67.20",
="071915","偉訓統一52購03","125,000","3","61,100","0.48","0.49","0.48","0.49","X","0.00","0.47","10","0.48","10","97.50",
="071916","文曄統一52購01","15,000","2","19,200","1.28","1.28","1.28","1.28","+","0.06","1.25","10","1.26","10","137.50",
="071917","欣興統一52購06","66,000","9","56,950","0.91","0.91","0.83","0.88","+","0.07","0.81","10","0.82","10","159.00",
="071918","欣興統一52購07","0","0","0","--","--","--","--"," ","0.00","0.79","10","0.80","10","159.00",
="071919","晶技統一52購01","310,000","18","80,470","0.29","0.29","0.25","0.25","-","0.08","0.24","10","0.49","11","93.00",
="071920","立積統一56購02","0","0","0","--","--","--","--"," ","0.00","0.14","10","0.15","10","151.50",
="071921","矽格統一52購01","256,000","8","278,610","1.09","1.09","1.06","1.09","+","0.01","1.01","10","1.02","10","93.00",
="071922","矽格統一52購02","44,000","1","28,600","0.65","0.65","0.65","0.65","-","0.01","0.61","10","0.62","10","93.00",
="071923","樺漢統一52購02","0","0","0","--","--","--","--"," ","0.00","0.47","10","0.48","10","299.00",
="071924","鈺邦統一52購03","11,000","2","11,660","1.06","1.06","1.06","1.06","+","0.03","0.92","10","0.93","10","198.50",
="071925","鈺邦統一56購01","1,326,000","58","1,234,720","0.93","0.99","0.78","0.89","-","0.04","0.84","10","0.85","10","198.50",
="071926","龍德船統一52購01","4,673,000","79","3,763,050","0.90","0.90","0.78","0.80","-","0.13","0.77","10","0.78","10","151.50",
="071927","矽創統一52購01","1,189,000","21","675,570","0.57","0.57","0.54","0.56","-","0.07","0.56","10","0.57","10","225.00",
="071929","台灣50群益4C購02","2,000","1","7,560","3.78","3.78","3.78","3.78","+","0.84","3.82","100","3.83","100","58.45",
="071930","台灣50群益4C購03","58,000","5","33,390","0.57","0.65","0.57","0.65","+","0.16","0.65","100","0.66","100","58.45",
="071933","中興電群益4B購04","0","0","0","--","--","--","--"," ","0.00","0.17","100","0.18","100","159.00",
="071934","大成鋼群益4A購02","0","0","0","--","--","--","--"," ","0.00","--","0","--","0","37.90",
="071938","上銀群益4A購04","0","0","0","--","--","--","--"," ","0.00","--","0","0.10","10","217.50",
="071939","上銀群益52購01","0","0","0","--","--","--","--"," ","0.00","0.02","100","0.03","100","217.50",
="071956","材料群益52購01","140,000","1","2,800","0.02","0.02","0.02","0.02","X","0.00","0.02","291","0.04","100","66.40",
="071967","宇隆元富4B購02","2,000","2","520","0.30","0.30","0.22","0.22","X","0.00","0.22","25","0.23","25","217.00",
="071974","智原元富4B購01","0","0","0","--","--","--","--"," ","0.00","0.01","25","0.10","10","174.00",
="071976","欣興元富52購01","179,000","17","273,500","1.55","1.63","1.44","1.44","+","0.04","1.40","25","1.42","25","159.00",
="071979","宏致元富4B購02","0","0","0","--","--","--","--"," ","0.00","0.44","25","0.45","25","73.30",
="071980","世芯元富52購04","0","0","0","--","--","--","--"," ","0.00","1.37","25","1.38","25","3,700.00",
="071982","材料元富4B購02","0","0","0","--","--","--","--"," ","0.00","0.11","25","0.12","25","66.40",
="071984","上証2X國票4C購01","6,000","2","6,890","1.17","1.17","1.04","1.04","-","0.23","1.06","25","1.07","10","47.20",
="071985","SGBR2X國票52購01","162,000","6","60,230","0.38","0.38","0.36","0.37","-","0.05","0.37","25","0.38","10","10.98",
="071986","中興電國票4A購01","0","0","0","--","--","--","--"," ","0.00","0.05","25","0.06","10","159.00",
="071987","亞力國票4A購01","0","0","0","--","--","--","--"," ","0.00","0.05","25","0.06","10","102.50",
="071997","晟銘電國票4A購03","0","0","0","--","--","--","--"," ","0.00","0.01","25","0.02","10","121.00",
="07200P","新日興統一4C售01","4,000","1","1,280","0.32","0.32","0.32","0.32","+","0.02","0.30","10","0.31","10","0.00",
="072016","滬深2X元大4B購05","45,000","6","75,950","1.98","1.98","1.57","1.57","-","0.23","1.63","250","1.64","250","19.04",
="072017","滬深2X元大4C購03","0","0","0","--","--","--","--"," ","0.00","1.64","250","1.65","250","19.04",
="072018","中502X元大4B購01","0","0","0","--","--","--","--"," ","0.00","0.85","250","0.86","100","13.10",
="072019","台泥元大51購01","10,000","6","650","0.05","0.10","0.05","0.10","-","0.01","0.05","6","0.10","5","23.75",
="07201P","貿聯統一4C售04","1,000","1","80","0.08","0.08","0.08","0.08","X","0.00","0.01","5","0.08","22","0.00",
="072025","大成鋼元大51購02","0","0","0","--","--","--","--"," ","0.00","0.19","499","0.20","10","37.90",
="072031","台積電元大51購11","0","0","0","--","--","--","--"," ","0.00","0.24","41","--","0","1,340.00",
="07203P","大成鋼群益4A售01","0","0","0","--","--","--","--"," ","0.00","--","0","0.10","10","0.00",
="072045","新日興元大51購02","117,000","2","53,650","0.46","0.46","0.45","0.45","+","0.05","0.01","499","--","0","237.00",
="072047","群創元大51購01","0","0","0","--","--","--","--"," ","0.00","0.43","499","0.44","10","14.15",
="072048","世芯元大51購07","25,000","3","27,050","1.08","1.09","1.08","1.09","-","0.02","0.36","27","--","0","3,700.00",
="072053","材料元大4B購04","0","0","0","--","--","--","--"," ","0.00","0.03","499","0.13","10","66.40",
="072063","臺股指元大51購02","0","0","0","--","--","--","--"," ","0.00","0.57","499","0.67","10","0.00",
="072064","亞力富邦4B購01","0","0","0","--","--","--","--"," ","0.00","0.01","100","0.10","10","0.00",
="072067","矽力富邦4B購01","0","0","0","--","--","--","--"," ","0.00","--","0","0.10","10","0.00",
="072069","長華第一49購01","0","0","0","--","--","--","--"," ","0.00","0.98","10","0.99","10","0.00",
="07206P","大立光群益4A售02","0","0","0","--","--","--","--"," ","0.00","0.01","20","--","0","0.00",
="072072","元債2X群益4A購04","0","0","0","--","--","--","--"," ","0.00","0.25","25","0.26","10","7.35",
="072073","亞力群益4A購01","0","0","0","--","--","--","--"," ","0.00","0.06","25","0.07","10","102.50",
="072074","華城群益4A購03","0","0","0","--","--","--","--"," ","0.00","0.04","10","--","0","586.00",
="072075","華城群益4C購01","0","0","0","--","--","--","--"," ","0.00","--","0","--","0","586.00",
="072076","東鹼群益49購01","0","0","0","--","--","--","--"," ","0.00","--","0","--","0","30.45",
="072077","大成鋼群益4A購03","0","0","0","--","--","--","--"," ","0.00","0.08","10","0.18","10","37.90",
="072078","所羅門群益49購04","0","0","0","--","--","--","--"," ","0.00","--","0","--","0","144.50",
="07207P","新日興群益4A售01","0","0","0","--","--","--","--"," ","0.00","--","0","--","0","0.00",
="072080","國泰金群益49購01","0","0","0","--","--","--","--"," ","0.00","--","0","--","0","66.20",
="072083","富華新群益49購01","0","0","0","--","--","--","--"," ","0.00","--","0","--","0","20.05",
="072085","材料群益52購02","0","0","0","--","--","--","--"," ","0.00","0.04","10","0.14","10","66.40",
="072086","東科群益4A購01","0","0","0","--","--","--","--"," ","0.00","--","0","0.11","10","112.50",
="072089","鈺齊群益49購02","0","0","0","--","--","--","--"," ","0.00","--","0","--","0","101.50",
="072092","華城中信49購01","0","0","0","--","--","--","--"," ","0.00","--","0","0.05","10","0.00",
="072095","羅昇中信4A購01","0","0","0","--","--","--","--"," ","0.00","--","0","0.05","10","0.00",
="072097","聚陽永豐49購01","0","0","0","--","--","--","--"," ","0.00","--","0","0.10","10","294.00",
="072098","華城永豐4A購03","0","0","0","--","--","--","--"," ","0.00","0.05","10","0.06","10","586.00",
="072099","鴻海永豐49購09","9,000","1","16,110","1.79","1.79","1.79","1.79","X","0.00","1.91","499","2.01","10","221.00",
="072102","奇鋐永豐49購03","0","0","0","--","--","--","--"," ","0.00","8.40","499","8.70","10","1,015.00",
="072103","威強電永豐49購01","0","0","0","--","--","--","--"," ","0.00","--","0","0.05","10","67.20",
="072104","信邦永豐49購02","0","0","0","--","--","--","--"," ","0.00","--","0","0.05","10","236.50",
="072107","新日興永豐4B購01","532,000","11","805,080","1.69","1.69","1.33","1.33","-","0.50","0.28","71","--","0","237.00",
="072108","大銀永豐56購01","0","0","0","--","--","--","--"," ","0.00","0.24","10","0.25","10","120.00",
="072109","精銳永豐4A購01","0","0","0","--","--","--","--"," ","0.00","0.01","499","0.04","10","695.00",
="072110","矽力永豐4A購01","0","0","0","--","--","--","--"," ","0.00","--","0","0.03","10","273.00",
="072112","鈺齊永豐4A購01","0","0","0","--","--","--","--"," ","0.00","0.01","499","0.03","10","101.50",
="072113","滬深2X統一52購04","58,000","8","70,240","1.27","1.27","1.19","1.20","-","0.11","1.22","499","1.23","499","19.04",
="072114","華友聯統一51購01","0","0","0","--","--","--","--"," ","0.00","0.08","10","0.09","10","73.20",
="072115","東元統一52購01","258,000","87","662,980","2.07","2.65","2.07","2.65","+","0.62","2.57","262","--","0","94.00",
="072116","中興電統一53購01","0","0","0","--","--","--","--"," ","0.00","0.37","10","0.38","10","159.00",
="072117","中興電統一58購02","0","0","0","--","--","--","--"," ","0.00","0.42","10","0.43","10","159.00",
="072118","亞力統一52購04","0","0","0","--","--","--","--"," ","0.00","0.26","10","0.27","10","102.50",
="072119","亞力統一52購05","56,000","2","24,640","0.44","0.44","0.44","0.44","X","0.00","0.43","10","0.44","10","102.50",
="072120","亞力統一56購01","0","0","0","--","--","--","--"," ","0.00","0.25","14","0.26","10","102.50",
="072121","亞力統一58購01","0","0","0","--","--","--","--"," ","0.00","0.35","10","0.36","10","102.50",
="072122","亞力統一58購02","3,000","1","1,260","0.42","0.42","0.42","0.42","-","0.01","0.41","10","0.42","10","102.50",
="072123","亞力統一58購03","0","0","0","--","--","--","--"," ","0.00","0.30","10","0.31","10","102.50",
="072124","華城統一52購04","0","0","0","--","--","--","--"," ","0.00","0.35","10","0.36","10","586.00",
="072125","華城統一62購01","60,000","2","21,600","0.36","0.36","0.36","0.36","X","0.00","0.35","10","0.36","10","586.00",
="072126","大亞統一51購02","200,000","6","36,400","0.17","0.19","0.16","0.18"," ","0.00","0.17","10","0.18","10","39.85",
="072127","大亞統一52購01","0","0","0","--","--","--","--"," ","0.00","0.25","16","0.26","10","39.85",
="072128","鴻海統一5A購01","80,000","3","62,350","0.77","0.78","0.77","0.78","+","0.04","0.77","168","0.78","168","221.00",
="072129","台積電統一5A購03","67,000","3","54,270","0.81","0.81","0.81","0.81","X","0.00","0.80","10","0.81","10","1,340.00",
="072130","大同統一55購01","0","0","0","--","--","--","--"," ","0.00","0.37","10","0.42","10","39.85",
="072131","健和興統一52購01","0","0","0","--","--","--","--"," ","0.00","0.10","10","0.11","10","53.70",
="072132","晟銘電統一58購02","10,000","1","2,300","0.23","0.23","0.23","0.23","X","0.00","0.21","10","0.22","10","121.00",
="072133","威強電統一51購01","0","0","0","--","--","--","--"," ","0.00","0.06","10","0.07","10","67.20",
="072134","威強電統一52購02","0","0","0","--","--","--","--"," ","0.00","0.07","10","0.08","10","67.20",
="072135","威強電統一52購03","0","0","0","--","--","--","--"," ","0.00","0.23","10","0.24","10","67.20",
="072136","威強電統一52購04","0","0","0","--","--","--","--"," ","0.00","0.06","10","0.07","10","67.20",
="072137","欣興統一4C購01","145,000","5","122,110","0.83","0.91","0.83","0.85","+","0.07","0.80","10","0.81","10","159.00",
="072140","富華新統一4C購01","0","0","0","--","--","--","--"," ","0.00","0.06","10","0.07","10","20.05",
="072141","牧德統一52購03","0","0","0","--","--","--","--"," ","0.00","0.71","10","0.72","10","544.00",
="072142","矽力統一54購02","0","0","0","--","--","--","--"," ","0.00","0.07","10","0.08","10","273.00",
="072143","鈺邦統一52購04","224,000","15","372,600","1.80","1.80","1.53","1.60","-","0.19","1.54","10","1.59","10","198.50",
="072144","鈺邦統一52購05","307,000","13","329,870","1.09","1.09","0.94","0.94","-","0.05","0.95","10","0.96","10","198.50",
="072145","龍德船統一51購02","3,000","1","2,670","0.89","0.89","0.89","0.89","-","0.36","0.88","10","0.98","10","151.50",
="072146","矽創統一51購01","796,000","15","506,960","0.64","0.64","0.62","0.62","-","0.10","0.63","10","0.64","10","225.00",
="072147","矽創統一52購02","317,000","6","182,970","0.58","0.59","0.56","0.59","-","0.03","0.57","10","0.58","10","225.00",
="072148","鈺齊統一52購04","0","0","0","--","--","--","--"," ","0.00","0.11","10","0.12","10","101.50",
="072149","鈺齊統一54購01","0","0","0","--","--","--","--"," ","0.00","0.14","10","0.15","10","101.50",
="072150","世紀鋼統一53購01","121,000","3","38,520","0.31","0.32","0.31","0.32","+","0.02","0.30","10","0.31","10","171.50",
="072151","中興電國泰49購01","0","0","0","--","--","--","--"," ","0.00","--","0","--","0","159.00",
="072152","華城國泰49購02","0","0","0","--","--","--","--"," ","0.00","--","0","--","0","586.00",
="072153","大成鋼國泰49購05","0","0","0","--","--","--","--"," ","0.00","--","0","--","0","37.90",
="072154","台積電國泰49購05","0","0","0","--","--","--","--"," ","0.00","--","0","--","0","1,340.00",
="072155","可成國泰49購01","0","0","0","--","--","--","--"," ","0.00","--","0","--","0","189.00",
="072156","偉訓國泰49購01","0","0","0","--","--","--","--"," ","0.00","0.23","499","0.29","10","97.50",
="072157","新日興國泰49購03","0","0","0","--","--","--","--"," ","0.00","--","0","--","0","237.00",
="072158","亞翔國泰49購01","0","0","0","--","--","--","--"," ","0.00","4.59","499","--","0","358.50",
="072160","T50反1國票49購03","50,000","1","500","0.01","0.01","0.01","0.01","X","0.00","--","0","--","0","18.29",
="072161","T50反1國票4B購01","0","0","0","--","--","--","--"," ","0.00","0.01","25","0.10","10","18.29",
="072162","上証2X國票49購03","0","0","0","--","--","--","--"," ","0.00","1.07","25","1.09","10","47.20",
="072163","上証2X國票4A購01","425,000","7","156,300","0.41","0.42","0.24","0.25","-","0.09","0.24","25","0.26","10","47.20",
="072164","滬深2X國票4A購01","2,000","2","1,940","1.04","1.04","0.90","0.90","-","0.11","0.90","25","0.91","10","19.04",
="072166","香港反國票52購01","0","0","0","--","--","--","--"," ","0.00","0.03","25","0.04","10","5.27",
="072167","道瓊反國票49購01","0","0","0","--","--","--","--"," ","0.00","0.01","25","0.02","10","5.81",
="072168","元金反國票4B購01","0","0","0","--","--","--","--"," ","0.00","0.01","524","0.08","100","6.80",
="072169","中502X國票51購01","45,000","4","35,100","0.82","0.82","0.72","0.72","-","0.12","0.71","25","0.72","10","13.10",
="072170","聚陽國票49購01","0","0","0","--","--","--","--"," ","0.00","--","0","0.19","99","294.00",
="072171","英業達國票49購03","0","0","0","--","--","--","--"," ","0.00","--","0","--","0","45.00",
="072172","輔信國票49購03","0","0","0","--","--","--","--"," ","0.00","--","0","--","0","18.95",
="072173","全新國票49購02","0","0","0","--","--","--","--"," ","0.00","--","0","--","0","160.00",
="072176","興富發國票49購01","0","0","0","--","--","--","--"," ","0.00","--","0","--","0","44.80",
="072178","威強電國票49購01","0","0","0","--","--","--","--"," ","0.00","--","0","--","0","67.20",
="072179","信邦國票49購01","0","0","0","--","--","--","--"," ","0.00","--","0","--","0","236.50",
="072180","富華新國票49購01","0","0","0","--","--","--","--"," ","0.00","--","0","--","0","20.05",
="072181","玉晶光國票4A購01","0","0","0","--","--","--","--"," ","0.00","0.01","25","0.02","10","443.50",
="072182","玉晶光國票4A購02","0","0","0","--","--","--","--"," ","0.00","0.28","25","0.29","10","443.50",
="072183","訊芯國票49購05","0","0","0","--","--","--","--"," ","0.00","--","0","--","0","164.50",
="072184","鼎基國票49購01","0","0","0","--","--","--","--"," ","0.00","--","0","--","0","102.50",
="072185","滬深2X凱基4B購06","67,000","2","110,260","1.85","1.85","1.48","1.48","-","0.07","1.55","100","1.56","50","19.04",
="072187","元金反凱基4A購01","0","0","0","--","--","--","--"," ","0.00","--","0","0.10","10","6.80",
="072188","中502X凱基4B購01","20,000","1","35,200","1.76","1.76","1.76","1.76","-","0.21","1.69","100","1.70","50","13.10",
="072189","台泥凱基4B購01","0","0","0","--","--","--","--"," ","0.00","--","0","0.10","10","23.75",
="072191","亞力凱基4A購01","0","0","0","--","--","--","--"," ","0.00","--","0","0.10","10","102.50",
="072195","大成鋼凱基4C購01","0","0","0","--","--","--","--"," ","0.00","0.26","100","0.27","40","37.90",
="072196","大成鋼凱基53購01","30,000","1","16,800","0.56","0.56","0.56","0.56","X","0.00","0.54","100","0.55","30","37.90",
="072199","台積電凱基49購18","0","0","0","--","--","--","--"," ","0.00","--","0","0.10","10","1,340.00",
="072201","所羅門凱基4C購01","0","0","0","--","--","--","--"," ","0.00","0.36","10","0.37","10","144.50",
="072202","一詮凱基51購01","0","0","0","--","--","--","--"," ","0.00","0.05","100","0.15","10","82.30",
="072203","皇昌凱基51購01","0","0","0","--","--","--","--"," ","0.00","0.18","100","0.19","50","72.70",
="072205","晟銘電凱基4B購01","0","0","0","--","--","--","--"," ","0.00","0.04","100","0.14","10","121.00",
="072207","奇鋐凱基49購06","0","0","0","--","--","--","--"," ","0.00","10.30","100","--","0","1,015.00",
="072209","智原凱基51購02","51,000","3","7,860","0.16","0.17","0.15","0.15","+","0.03","0.14","100","0.15","40","174.00",
="072211","緯創凱基49購04","0","0","0","--","--","--","--"," ","0.00","--","0","0.10","10","122.50",
="072212","玉晶光凱基49購04","0","0","0","--","--","--","--"," ","0.00","--","0","0.10","10","443.50",
="072213","群創凱基51購01","1,048,000","14","183,980","0.18","0.20","0.16","0.19","+","0.02","0.18","100","--","0","14.15",
="072215","材料凱基51購01","0","0","0","--","--","--","--"," ","0.00","0.11","100","0.12","50","66.40",
="072216","亞翔凱基4B購01","12,000","2","25,380","2.11","2.14","2.11","2.14","-","0.17","2.04","10","2.14","8","358.50",
="072217","華孚凱基49購01","0","0","0","--","--","--","--"," ","0.00","--","0","0.10","10","68.70",
="072218","台郡凱基49購03","0","0","0","--","--","--","--"," ","0.00","--","0","0.10","10","66.80",
="072220","鈺齊凱基4A購02","0","0","0","--","--","--","--"," ","0.00","--","0","0.10","10","101.50",
="072226","台灣50元大4B購02","0","0","0","--","--","--","--"," ","0.00","35.20","100","36.20","10","58.45",
="072227","台灣50元大4C購02","78,000","4","498,200","6.25","6.80","6.15","6.75","+","1.20","6.80","400","7.30","10","58.45",
="072242","台積電元大4B購08","509,000","4","488,640","0.96","0.96","0.96","0.96","X","0.00","0.06","52","1.01","10","1,340.00",
="072243","台積電元大51購12","1,000","1","800","0.80","0.80","0.80","0.80","X","0.00","0.04","32","--","0","1,340.00",
="072245","聯發科元大51購07","942,000","6","272,680","0.29","0.29","0.27","0.27","-","0.04","0.27","20","0.34","2","1,375.00",
="072246","裕民元大51購01","1,000","1","470","0.47","0.47","0.47","0.47","-","0.07","0.48","499","0.49","10","55.30",
="072254","智原元大51購03","12,000","5","2,720","0.23","0.23","0.21","0.22","+","0.03","0.21","499","0.22","10","174.00",
="072257","欣興元大51購01","193,000","12","226,440","1.16","1.22","1.13","1.15","+","0.05","1.11","499","1.12","10","159.00",
="072261","創意元大4C購02","0","0","0","--","--","--","--"," ","0.00","0.25","25","0.26","10","1,315.00",
="072262","群創元大51購02","150,000","2","61,500","0.41","0.41","0.41","0.41","+","0.03","0.40","499","0.41","10","14.15",
="072274","勤誠元大4A購01","0","0","0","--","--","--","--"," ","0.00","6.20","100","--","0","600.00",
="072275","勤誠元大4B購01","0","0","0","--","--","--","--"," ","0.00","4.20","200","--","0","600.00",
="072281","中502X元富52購03","558,000","3","641,700","1.15","1.15","1.15","1.15","X","0.00","1.14","25","1.15","25","13.10",
="072283","中興電元富49購01","0","0","0","--","--","--","--"," ","0.00","0.02","25","0.10","10","159.00",
="072284","中興電元富49購02","0","0","0","--","--","--","--"," ","0.00","--","0","0.10","25","159.00",
="072285","華城元富56購01","0","0","0","--","--","--","--"," ","0.00","0.68","25","0.69","25","586.00",
="072289","台積電元富49購16","0","0","0","--","--","--","--"," ","0.00","--","0","--","0","1,340.00",
="072290","台積電元富4A購06","0","0","0","--","--","--","--"," ","0.00","--","0","--","0","1,340.00",
="072291","台積電元富52購03","0","0","0","--","--","--","--"," ","0.00","--","0","--","0","1,340.00",
="072293","強茂元富49購01","0","0","0","--","--","--","--"," ","0.00","2.36","25","2.43","25","71.70",
="072294","強茂元富49購02","0","0","0","--","--","--","--"," ","0.00","0.37","25","0.38","25","71.70",
="072295","皇昌元富58購01","0","0","0","--","--","--","--"," ","0.00","0.80","25","0.81","25","72.70",
="072299","智原元富4C購01","0","0","0","--","--","--","--"," ","0.00","0.08","25","0.10","10","174.00",
="072300","欣興元富49購02","0","0","0","--","--","--","--"," ","0.00","0.02","25","0.10","10","159.00",
="072302","群創元富52購01","509,000","4","177,150","0.35","0.35","0.33","0.33","+","0.01","0.33","25","0.34","25","14.15",
="072303","貿聯元富49購01","0","0","0","--","--","--","--"," ","0.00","3.77","10","3.87","10","1,085.00",
="072305","亞翔元富49購02","2,000","1","340","0.17","0.17","0.17","0.17","X","0.00","0.18","25","0.19","25","358.50",
="072308","華新兆豐49購02","0","0","0","--","--","--","--"," ","0.00","--","0","--","0","24.05",
="072309","慧洋兆豐4A購02","0","0","0","--","--","--","--"," ","0.00","--","0","0.02","10","58.40",
="072310","新日興兆豐49購03","0","0","0","--","--","--","--"," ","0.00","--","0","--","0","237.00",
="072311","亞翔兆豐4A購02","0","0","0","--","--","--","--"," ","0.00","1.61","10","1.70","10","358.50",
="072312","矽格兆豐4A購01","91,000","4","82,880","0.91","0.98","0.91","0.98"," ","0.00","0.80","10","0.83","10","93.00",
="072313","保瑞兆豐4A購01","0","0","0","--","--","--","--"," ","0.00","0.03","10","0.04","10","693.00",
="072314","台灣50中信4A購04","2,000","2","810","0.41","0.41","0.40","0.40","X","0.00","0.49","499","0.50","100","0.00",
="072316","川湖中信49購02","0","0","0","--","--","--","--"," ","0.00","1.49","499","--","0","0.00",
="072317","亞翔中信49購01","0","0","0","--","--","--","--"," ","0.00","0.28","499","--","0","0.00",
="072318","世紀鋼中信4A購01","0","0","0","--","--","--","--"," ","0.00","0.50","10","0.51","10","0.00",
="072320","華通永豐49購01","0","0","0","--","--","--","--"," ","0.00","5.70","10","6.20","10","77.00",
="072321","一詮永豐49購02","0","0","0","--","--","--","--"," ","0.00","--","0","0.10","10","82.30",
="072323","皇昌永豐4C購02","0","0","0","--","--","--","--"," ","0.00","0.06","499","0.07","10","72.70",
="072324","裕民永豐49購01","0","0","0","--","--","--","--"," ","0.00","--","0","0.10","10","55.30",
="072325","奇鋐永豐4A購03","0","0","0","--","--","--","--"," ","0.00","10.90","499","11.40","10","1,015.00",
="072327","辛耘永豐4A購01","14,000","1","31,360","2.24","2.24","2.24","2.24","+","0.75","2.00","10","2.10","10","388.00",
="072331","勤誠永豐49購01","0","0","0","--","--","--","--"," ","0.00","8.25","499","8.50","10","600.00",
="072332","世紀鋼永豐4A購02","0","0","0","--","--","--","--"," ","0.00","0.58","10","0.61","10","171.50",
="072333","滬深2X統一51購02","0","0","0","--","--","--","--"," ","0.00","0.64","10","0.65","10","19.04",
="072334","三芳統一52購03","0","0","0","--","--","--","--"," ","0.00","0.06","10","0.07","10","30.30",
="072335","聚陽統一4C購01","0","0","0","--","--","--","--"," ","0.00","0.06","10","0.07","10","294.00",
="072336","直得統一55購02","0","0","0","--","--","--","--"," ","0.00","0.28","10","0.29","10","81.30",
="072337","台積電統一5C購03","123,000","3","112,160","0.91","0.92","0.91","0.92","X","0.00","0.91","10","0.92","10","1,340.00",
="072338","佳能統一52購02","23,000","3","29,380","1.26","1.31","1.26","1.31","X","0.00","1.31","10","1.33","10","88.80",
="072339","聯發科統一5A購01","0","0","0","--","--","--","--"," ","0.00","0.67","108","0.68","108","1,375.00",
="072340","京城統一51購01","0","0","0","--","--","--","--"," ","0.00","0.06","10","0.07","10","47.40",
="072341","興富發統一52購01","202,000","3","65,660","0.33","0.33","0.32","0.32","-","0.01","0.31","10","0.32","10","44.80",
="072342","皇昌統一58購03","10,000","2","1,900","0.19","0.19","0.19","0.19","X","0.00","0.18","15","0.19","10","72.70",
="072343","健和興統一52購02","0","0","0","--","--","--","--"," ","0.00","0.21","10","0.22","10","53.70",
="072344","聯陽統一52購01","0","0","0","--","--","--","--"," ","0.00","0.19","10","0.20","10","135.00",
="072345","奇鋐統一52購03","0","0","0","--","--","--","--"," ","0.00","2.65","10","2.75","10","1,015.00",
="072346","威強電統一55購01","0","0","0","--","--","--","--"," ","0.00","0.07","10","0.17","10","67.20",
="072347","威強電統一58購02","0","0","0","--","--","--","--"," ","0.00","0.17","10","0.18","10","67.20",
="072348","信邦統一51購01","0","0","0","--","--","--","--"," ","0.00","0.18","10","0.19","10","236.50",
="072349","欣興統一52購08","2,393,000","40","1,796,780","0.74","0.80","0.72","0.72","+","0.01","0.70","10","0.71","10","159.00",
="07234P","T50正2元大4A售02","0","0","0","--","--","--","--"," ","0.00","--","0","0.10","10","0.00",
="072350","富華新統一52購01","0","0","0","--","--","--","--"," ","0.00","0.14","10","0.15","10","20.05",
="072351","華晶科統一52購02","0","0","0","--","--","--","--"," ","0.00","0.68","10","0.69","10","52.80",
="072352","敦泰統一54購01","0","0","0","--","--","--","--"," ","0.00","0.25","10","0.26","10","67.40",
="072353","大聯大統一52購01","5,000","1","1,550","0.31","0.31","0.31","0.31","X","0.00","0.30","10","0.31","10","66.10",
="072354","華孚統一51購01","2,201,000","84","1,078,520","0.54","0.54","0.44","0.47","-","0.03","0.47","6","0.48","10","68.70",
="072355","華孚統一52購02","514,000","30","366,600","0.73","0.73","0.65","0.67","-","0.05","0.68","108","0.69","108","68.70",
="072356","矽力統一52購03","0","0","0","--","--","--","--"," ","0.00","0.05","10","0.06","10","273.00",
="072357","矽創統一51購02","569,000","17","324,810","0.58","0.58","0.55","0.56","-","0.08","0.57","10","0.58","10","225.00",
="072358","鈺齊統一52購05","0","0","0","--","--","--","--"," ","0.00","0.13","10","0.14","10","101.50",
="072359","鈺齊統一52購06","0","0","0","--","--","--","--"," ","0.00","0.15","10","0.16","10","101.50",
="07235P","元債2X元大4C售05","385,000","4","124,050","0.32","0.33","0.32","0.33","X","0.00","0.32","100","0.33","50","0.00",
="072360","巨大統一52購01","0","0","0","--","--","--","--"," ","0.00","0.03","15","0.04","10","101.00",
="072368","中興電元富49購03","0","0","0","--","--","--","--"," ","0.00","--","0","0.10","25","159.00",
="072369","直得元富49購03","0","0","0","--","--","--","--"," ","0.00","--","0","0.10","25","81.30",
="072370","上銀元富52購02","0","0","0","--","--","--","--"," ","0.00","0.03","25","0.10","10","217.50",
="072371","川湖元富52購01","8,000","1","35,360","4.42","4.42","4.42","4.42","-","0.02","4.20","25","4.30","10","3,220.00",
="072373","華通元富49購02","100,000","3","108,100","1.11","1.11","0.94","0.94","-","0.14","0.77","25","0.79","25","77.00",
="072376","聯發科元富62購01","0","0","0","--","--","--","--"," ","0.00","1.10","75","1.11","25","1,375.00",
="072379","威強電元富49購01","0","0","0","--","--","--","--"," ","0.00","--","0","0.10","25","67.20",
="072380","威強電元富49購02","0","0","0","--","--","--","--"," ","0.00","--","0","0.10","25","67.20",
="072382","大銀元富49購04","0","0","0","--","--","--","--"," ","0.00","--","0","0.10","25","120.00",
="072383","穎崴元富49購01","0","0","0","--","--","--","--"," ","0.00","2.23","25","2.32","25","2,015.00",
="072384","鈺齊元富4B購01","0","0","0","--","--","--","--"," ","0.00","0.04","25","0.10","10","101.50",
="072385","臺股指元富55購01","11,000","2","13,070","1.17","1.19","1.17","1.19","+","0.05","1.22","25","1.23","25","0.00",
="072386","滬深2X國票49購02","0","0","0","--","--","--","--"," ","0.00","1.97","25","2.01","10","19.04",
="072387","香港反國票55購01","0","0","0","--","--","--","--"," ","0.00","0.05","25","0.06","10","5.27",
="072388","三芳國票49購02","0","0","0","--","--","--","--"," ","0.00","--","0","--","0","30.30",
="072390","華城國票49購05","0","0","0","--","--","--","--"," ","0.00","--","0","--","0","586.00",
="072391","合機國票4A購01","14,000","5","560","0.04","0.04","0.04","0.04","-","0.02","0.04","25","0.05","10","46.95",
="072393","皇昌國票4B購01","0","0","0","--","--","--","--"," ","0.00","0.01","25","0.02","10","72.70",
="072394","裕民國票49購04","0","0","0","--","--","--","--"," ","0.00","--","0","--","0","55.30",
="072395","威強電國票4A購01","0","0","0","--","--","--","--"," ","0.00","0.01","25","0.02","10","67.20",
="072396","大銀國票49購06","0","0","0","--","--","--","--"," ","0.00","--","0","--","0","120.00",
="072397","訊芯國票49購06","0","0","0","--","--","--","--"," ","0.00","--","0","--","0","164.50",
="072398","華新國泰49購02","0","0","0","--","--","--","--"," ","0.00","--","0","--","0","24.05",
="072399","大成鋼國泰49購06","0","0","0","--","--","--","--"," ","0.00","--","0","--","0","37.90",
="072400","國巨國泰49購02","0","0","0","--","--","--","--"," ","0.00","3.79","27","--","0","176.00",
="072401","一詮國泰49購01","0","0","0","--","--","--","--"," ","0.00","--","0","--","0","82.30",
="072402","皇昌國泰49購04","0","0","0","--","--","--","--"," ","0.00","--","0","--","0","72.70",
="072403","威強電國泰49購01","0","0","0","--","--","--","--"," ","0.00","--","0","--","0","67.20",
="072404","偉訓國泰49購02","0","0","0","--","--","--","--"," ","0.00","0.29","499","0.35","10","97.50",
="072405","智原國泰49購01","0","0","0","--","--","--","--"," ","0.00","--","0","--","0","174.00",
="072406","聚陽富邦4B購01","0","0","0","--","--","--","--"," ","0.00","--","0","0.10","10","0.00",
="072409","大成鋼富邦4A購03","0","0","0","--","--","--","--"," ","0.00","--","0","0.05","100","0.00",
="072411","英業達富邦49購01","0","0","0","--","--","--","--"," ","0.00","--","0","0.03","10","0.00",
="072413","聯發科富邦49購05","0","0","0","--","--","--","--"," ","0.00","--","0","0.03","10","0.00",
="072414","皇昌富邦4B購02","0","0","0","--","--","--","--"," ","0.00","--","0","0.10","10","0.00",
="072417","信邦富邦4B購01","40,000","1","4,000","0.10","0.10","0.10","0.10","X","0.00","0.09","10","0.10","10","0.00",
="072418","新日興富邦4A購01","152,000","2","42,560","0.28","0.28","0.28","0.28","-","0.03","0.27","10","0.28","10","0.00",
="072419","新唐富邦49購01","0","0","0","--","--","--","--"," ","0.00","--","0","0.03","10","0.00",
="072422","台灣50凱基4B購03","2,000","1","68,400","34.20","34.20","34.20","34.20","+","3.90","34.50","10","34.90","10","58.45",
="072423","台灣50凱基4C購01","290,000","14","1,158,950","3.69","4.26","3.69","4.26","+","1.05","4.25","10","4.30","10","58.45",
="072424","台灣50凱基4C購03","162,000","5","125,150","0.70","0.81","0.70","0.75","X","0.00","0.79","10","0.80","10","58.45",
="072425","台灣50凱基4C購04","6,000","2","44,300","7.25","7.65","7.25","7.65","+","1.15","7.75","10","7.80","10","58.45",
="072427","滬深2X凱基49購04","0","0","0","--","--","--","--"," ","0.00","--","0","0.10","10","19.04",
="072428","滬深2X凱基4A購07","1,000","1","2,640","2.64","2.64","2.64","2.64","X","0.00","2.67","100","2.68","50","19.04",
="072429","FBNQ2X凱基51購01","43,000","5","86,490","2.02","2.02","2.01","2.01","+","0.08","2.01","100","2.02","50","159.20",
="072430","元債2X凱基4B購05","0","0","0","--","--","--","--"," ","0.00","0.21","499","0.22","499","7.35",
="072431","三芳凱基49購01","0","0","0","--","--","--","--"," ","0.00","--","0","0.10","10","30.30",
="072433","華城凱基4C購01","0","0","0","--","--","--","--"," ","0.00","0.22","100","0.32","10","586.00",
="072435","上銀凱基49購07","0","0","0","--","--","--","--"," ","0.00","--","0","--","0","217.50",
="072438","順德凱基49購01","0","0","0","--","--","--","--"," ","0.00","--","0","0.10","10","81.90",
="072439","英業達凱基49購03","0","0","0","--","--","--","--"," ","0.00","--","0","0.10","10","45.00",
="07243P","臺股指元大4B售10","0","0","0","--","--","--","--"," ","0.00","0.02","100","0.12","10","0.00",
="072440","所羅門凱基49購02","0","0","0","--","--","--","--"," ","0.00","--","0","0.10","10","144.50",
="072447","威強電凱基49購01","0","0","0","--","--","--","--"," ","0.00","--","0","0.02","10","67.20",
="072448","大立光群益4C購01","4,000","2","290","0.07","0.08","0.07","0.08","-","0.01","0.07","100","0.08","100","2,360.00",
="072449","富華新凱基49購01","0","0","0","--","--","--","--"," ","0.00","--","0","0.10","10","20.05",
="07244P","臺股指元大4B售11","341,000","5","38,510","0.12","0.12","0.11","0.11","-","0.08","0.11","100","0.21","10","0.00",
="072450","群創凱基4A購02","0","0","0","--","--","--","--"," ","0.00","0.05","100","0.15","10","14.15",
="072455","臺股指凱基51購05","14,000","3","20,240","1.30","1.47","1.30","1.47","+","0.27","1.45","100","--","0","0.00",
="07245P","臺股指元大4C售13","0","0","0","--","--","--","--"," ","0.00","0.25","100","0.35","10","0.00",
="072460","中興電元大4B購03","1,008,000","3","504,100","0.50","0.51","0.50","0.51","X","0.00","0.49","499","0.50","10","159.00",
="072461","中興電元大4C購01","45,000","3","19,250","0.43","0.43","0.42","0.42","-","0.02","0.41","499","0.42","10","159.00",
="072462","中興電元大51購01","10,000","1","5,200","0.52","0.52","0.52","0.52","X","0.00","0.50","499","0.51","10","159.00",
="072474","大成鋼元大51購03","0","0","0","--","--","--","--"," ","0.00","0.24","499","0.25","10","37.90",
="072475","上銀元大4A購07","0","0","0","--","--","--","--"," ","0.00","--","0","0.10","10","217.50",
="072476","台積電元大4B購09","100,000","1","110,000","1.10","1.10","1.10","1.10","X","0.00","--","0","1.06","4","1,340.00",
="072477","台積電元大51購13","0","0","0","--","--","--","--"," ","0.00","--","0","1.73","1","1,340.00",
="072478","聯發科元大51購08","243,000","2","87,480","0.36","0.36","0.36","0.36","-","0.02","0.33","25","0.34","10","1,375.00",
="072484","智原元大51購04","1,000","1","290","0.29","0.29","0.29","0.29","+","0.04","0.27","499","0.28","10","174.00",
="072486","嘉澤元大4C購01","816,000","9","258,880","0.32","0.33","0.31","0.31","-","0.03","0.31","499","0.32","10","1,605.00",
="072487","嘉澤元大51購01","90,000","3","19,600","0.22","0.22","0.21","0.21","-","0.02","0.21","499","0.22","10","1,605.00",
="072489","世芯元大51購08","147,000","5","222,140","1.55","1.55","1.49","1.52","-","0.10","0.87","22","--","0","3,700.00",
="072490","神達元大4A購05","2,000","1","2,020","1.01","1.01","1.01","1.01","+","0.09","1.02","499","1.04","10","90.00",
="072494","材料元大4A購01","0","0","0","--","--","--","--"," ","0.00","--","0","0.10","10","66.40",
="072504","勤誠元大4B購02","0","0","0","--","--","--","--"," ","0.00","7.95","100","--","0","600.00",
="07250P","T50正2元富4A售01","0","0","0","--","--","--","--"," ","0.00","--","0","0.10","25","0.00",
="072510","滬深2X群益4A購15","0","0","0","--","--","--","--"," ","0.00","3.09","399","3.19","10","19.04",
="072512","華友聯群益4A購01","0","0","0","--","--","--","--"," ","0.00","--","0","--","0","73.20",
="072519","中工群益4B購02","0","0","0","--","--","--","--"," ","0.00","0.04","25","0.21","455","10.90",
="072520","冠德群益4A購01","0","0","0","--","--","--","--"," ","0.00","--","0","--","0","36.65",
="072521","皇昌群益4A購04","0","0","0","--","--","--","--"," ","0.00","--","0","0.10","10","72.70",
="072523","慧洋群益4A購02","0","0","0","--","--","--","--"," ","0.00","--","0","--","0","58.40",
="072525","威強電群益4A購01","0","0","0","--","--","--","--"," ","0.00","--","0","--","0","67.20",
="072530","華晶科群益4C購01","27,000","2","25,680","0.99","0.99","0.92","0.92","-","0.07","0.87","10","0.97","10","52.80",
="072532","遠傳群益4A購01","0","0","0","--","--","--","--"," ","0.00","0.19","10","0.29","10","85.90",
="072533","中磊群益4B購02","0","0","0","--","--","--","--"," ","0.00","0.05","100","0.06","100","105.50",
="072534","亞翔群益4A購01","0","0","0","--","--","--","--"," ","0.00","--","0","3.82","10","358.50",
="072537","裕民富邦4C購01","0","0","0","--","--","--","--"," ","0.00","0.25","10","0.26","10","0.00",
="072538","智原富邦4B購02","0","0","0","--","--","--","--"," ","0.00","--","0","0.03","10","0.00",
="072539","亞翔富邦4B購01","0","0","0","--","--","--","--"," ","0.00","1.55","30","1.60","10","0.00",
="072543","滬深2X凱基51購02","2,776,000","22","3,525,980","1.27","1.47","1.14","1.16","-","0.18","1.20","100","1.21","50","19.04",
="072546","中502X凱基4C購01","120,000","6","81,200","0.73","0.73","0.60","0.60","-","0.12","0.60","100","0.61","50","13.10",
="072548","中興電凱基51購01","10,000","1","4,200","0.42","0.42","0.42","0.42","X","0.00","0.41","100","0.42","10","159.00",
="072549","亞力凱基4A購02","0","0","0","--","--","--","--"," ","0.00","0.01","100","0.11","10","102.50",
="072553","川湖凱基4A購03","0","0","0","--","--","--","--"," ","0.00","6.75","100","7.25","10","3,220.00",
="072554","鴻海凱基52購01","56,000","5","118,580","2.10","2.13","2.10","2.10","X","0.00","2.12","499","2.13","499","221.00",
="072555","台積電凱基4A購24","0","0","0","--","--","--","--"," ","0.00","2.22","46","2.32","10","1,340.00",
="072556","智邦凱基4B購02","0","0","0","--","--","--","--"," ","0.00","5.50","100","6.00","10","1,005.00",
="072558","中工凱基4C購01","1,098,000","3","76,860","0.07","0.07","0.07","0.07","X","0.00","0.07","100","0.09","30","10.90",
="072560","長榮凱基51購02","0","0","0","--","--","--","--"," ","0.00","0.17","100","0.18","30","182.00",
="072561","富邦金凱基4A購01","0","0","0","--","--","--","--"," ","0.00","0.06","100","0.16","10","88.40",
="072564","奇鋐凱基4A購01","0","0","0","--","--","--","--"," ","0.00","13.70","100","--","0","1,015.00",
="072565","信邦凱基4A購01","0","0","0","--","--","--","--"," ","0.00","--","0","0.10","10","236.50",
="072566","健鼎凱基4B購01","0","0","0","--","--","--","--"," ","0.00","6.90","10","7.40","10","309.50",
="072573","保瑞凱基51購01","5,000","1","1,150","0.23","0.23","0.23","0.23","X","0.00","0.21","100","0.22","40","693.00",
="072575","天虹凱基4A購01","0","0","0","--","--","--","--"," ","0.00","--","0","--","0","252.50",
="072577","巨大凱基52購01","0","0","0","--","--","--","--"," ","0.00","0.07","100","0.08","40","101.00",
="07257P","華邦電統一4C售02","0","0","0","--","--","--","--"," ","0.00","0.04","1","0.05","499","0.00",
="072581","大成鋼兆豐4B購01","0","0","0","--","--","--","--"," ","0.00","--","0","0.02","10","37.90",
="072595","緯穎中信4A購02","10,000","1","31,900","3.19","3.19","3.19","3.19","X","0.00","3.11","499","3.13","10","0.00",
="072596","滬深2X永豐4A購04","0","0","0","--","--","--","--"," ","0.00","2.82","10","2.92","10","19.04",
="072597","滬深2X永豐4B購01","0","0","0","--","--","--","--"," ","0.00","4.37","499","4.38","10","19.04",
="072598","滬深2X永豐4B購02","0","0","0","--","--","--","--"," ","0.00","3.07","499","3.17","10","19.04",
="072599","滬深2X永豐4C購01","0","0","0","--","--","--","--"," ","0.00","3.96","499","3.97","10","19.04",
="072600","台泥永豐4B購01","0","0","0","--","--","--","--"," ","0.00","0.01","499","0.03","10","23.75",
="072604","大成鋼永豐4A購03","0","0","0","--","--","--","--"," ","0.00","--","0","0.10","10","37.90",
="072605","上銀永豐53購01","2,000","2","3,300","1.68","1.68","1.62","1.62","-","0.11","1.59","10","1.62","10","217.50",
="072608","聯發科永豐4B購03","0","0","0","--","--","--","--"," ","0.00","0.08","499","0.09","10","1,375.00",
="07260P","華新群益4A售04","0","0","0","--","--","--","--"," ","0.00","0.09","499","0.19","10","0.00",
="072610","威強電永豐4B購01","0","0","0","--","--","--","--"," ","0.00","0.04","499","0.06","10","67.20",
="072613","華晶科永豐4C購01","198,000","6","87,620","0.50","0.50","0.44","0.44","-","0.10","0.44","20","0.47","10","52.80",
="072615","亞翔永豐4B購01","0","0","0","--","--","--","--"," ","0.00","1.63","499","1.70","10","358.50",
="072619","亞力國泰4A購01","0","0","0","--","--","--","--"," ","0.00","--","0","0.81","15","102.50",
="072620","華城國泰4A購01","0","0","0","--","--","--","--"," ","0.00","0.02","499","0.08","10","586.00",
="072621","皇昌國泰4A購01","0","0","0","--","--","--","--"," ","0.00","--","0","--","0","72.70",
="072622","長榮國泰4A購01","0","0","0","--","--","--","--"," ","0.00","--","0","--","0","182.00",
="072623","大立光國泰4A購01","0","0","0","--","--","--","--"," ","0.00","--","0","--","0","2,360.00",
="072624","貿聯國泰4A購01","0","0","0","--","--","--","--"," ","0.00","7.80","10","8.10","10","1,085.00",
="072625","世紀鋼國泰4A購01","0","0","0","--","--","--","--"," ","0.00","--","0","--","0","171.50",
="072628","三芳統一53購01","0","0","0","--","--","--","--"," ","0.00","0.08","10","0.09","10","30.30",
="072629","三芳統一55購01","0","0","0","--","--","--","--"," ","0.00","0.10","10","0.11","10","30.30",
="072630","直得統一53購02","0","0","0","--","--","--","--"," ","0.00","0.11","10","0.12","10","81.30",
="072631","中鴻統一53購01","0","0","0","--","--","--","--"," ","0.00","0.08","10","0.09","10","15.90",
="072632","中鴻統一53購02","0","0","0","--","--","--","--"," ","0.00","0.13","10","0.14","10","15.90",
="072633","川湖統一57購01","0","0","0","--","--","--","--"," ","0.00","1.36","10","1.39","10","3,220.00",
="072634","皇昌統一53購04","0","0","0","--","--","--","--"," ","0.00","0.16","10","0.17","10","72.70",
="072635","神基統一55購01","116,000","4","92,760","0.79","0.80","0.79","0.80","-","0.01","0.80","10","0.81","10","163.50",
="072636","威強電統一53購01","0","0","0","--","--","--","--"," ","0.00","0.09","10","0.10","10","67.20",
="072637","威強電統一59購01","0","0","0","--","--","--","--"," ","0.00","0.21","10","0.22","10","67.20",
="072638","信邦統一53購01","205,000","3","49,200","0.24","0.24","0.24","0.24","X","0.00","0.24","10","0.25","10","236.50",
="072639","敦泰統一52購01","80,000","1","19,200","0.24","0.24","0.24","0.24","X","0.00","0.24","10","0.25","10","67.40",
="07263P","材料群益4C售03","0","0","0","--","--","--","--"," ","0.00","1.05","10","1.15","10","0.00",
="072640","華孚統一53購01","396,000","16","232,710","0.61","0.61","0.55","0.57","-","0.01","0.57","8","--","0","68.70",
="072641","志強統一53購01","0","0","0","--","--","--","--"," ","0.00","0.07","10","0.08","10","104.50",
="072642","矽創統一53購01","233,000","6","127,530","0.56","0.56","0.53","0.54","-","0.06","0.54","10","0.55","10","225.00",
="072643","南電統一53購01","50,000","6","111,450","2.29","2.29","2.16","2.17","+","0.01","2.12","10","2.13","10","234.50",
="072644","振樺電統一55購02","3,000","1","420","0.14","0.14","0.14","0.14","X","0.00","0.14","10","0.15","10","229.50",
="072645","美利達統一51購01","0","0","0","--","--","--","--"," ","0.00","0.03","10","0.04","10","108.00",
="072646","巨大統一51購02","0","0","0","--","--","--","--"," ","0.00","0.06","10","0.07","10","101.00",
="072647","巨大統一53購01","0","0","0","--","--","--","--"," ","0.00","0.07","10","0.10","10","101.00",
="072648","世紀鋼統一51購03","0","0","0","--","--","--","--"," ","0.00","0.24","10","0.25","10","171.50",
="072649","世紀鋼統一53購02","0","0","0","--","--","--","--"," ","0.00","0.21","10","0.22","10","171.50",
="07264P","臺股指群益52售03","0","0","0","--","--","--","--"," ","0.00","0.29","499","0.30","499","0.00",
="072654","上銀元富53購01","0","0","0","--","--","--","--"," ","0.00","0.10","25","0.11","25","217.50",
="07265P","臺股指群益52售04","554,000","20","107,820","0.21","0.21","0.19","0.19","-","0.03","0.18","519","0.19","499","0.00",
="072662","威強電元富51購01","0","0","0","--","--","--","--"," ","0.00","0.08","25","0.10","10","67.20",
="072663","威強電元富51購02","0","0","0","--","--","--","--"," ","0.00","0.03","25","0.10","10","67.20",
="072665","世芯元富52購05","0","0","0","--","--","--","--"," ","0.00","1.30","25","1.31","25","3,700.00",
="072668","愛普元富4A購01","57,000","2","45,870","0.78","0.81","0.78","0.81","X","0.00","0.06","30","--","0","344.00",
="072669","緯穎元富53購02","0","0","0","--","--","--","--"," ","0.00","3.69","25","3.75","25","3,140.00",
="07266P","上証2X元大4A售02","0","0","0","--","--","--","--"," ","0.00","--","0","0.05","50","0.00",
="072671","台泥國票4B購01","0","0","0","--","--","--","--"," ","0.00","--","0","--","0","23.75",
="072672","三芳國票4A購01","0","0","0","--","--","--","--"," ","0.00","--","0","--","0","30.30",
="072673","華友聯國票4B購02","0","0","0","--","--","--","--"," ","0.00","0.01","25","0.02","10","73.20",
="072674","中鋼國票4B購01","0","0","0","--","--","--","--"," ","0.00","0.10","25","0.11","10","19.45",
="072675","中鴻國票4A購01","0","0","0","--","--","--","--"," ","0.00","--","0","--","0","15.90",
="072676","大成鋼國票4A購01","0","0","0","--","--","--","--"," ","0.00","--","0","--","0","37.90",
="072677","川湖國票4A購05","0","0","0","--","--","--","--"," ","0.00","4.82","25","4.92","10","3,220.00",
="072679","華通國票4A購01","0","0","0","--","--","--","--"," ","0.00","1.97","25","2.07","10","77.00",
="072680","台積電國票4A購06","0","0","0","--","--","--","--"," ","0.00","2.79","25","--","0","1,340.00",
="072683","台積電國票4A購07","0","0","0","--","--","--","--"," ","0.00","2.19","25","2.29","10","1,340.00",
="072684","台積電國票4B購02","0","0","0","--","--","--","--"," ","0.00","2.43","25","2.53","10","1,340.00",
="072685","台積電國票4C購02","0","0","0","--","--","--","--"," ","0.00","2.68","25","2.77","10","1,340.00",
="072686","台積電國票4C購03","15,000","2","35,350","2.31","2.38","2.31","2.38","+","0.53","2.50","25","2.56","10","1,340.00",
="072687","台積電國票51購01","12,000","3","33,550","2.58","2.82","2.58","2.82","+","0.41","2.78","25","2.88","10","1,340.00",
="072688","台積電國票51購02","338,000","30","501,440","1.39","1.53","1.38","1.53","+","0.31","1.56","25","1.58","10","1,340.00",
="072689","台積電國票53購01","79,000","16","156,420","1.91","2.04","1.90","2.04","+","0.30","2.07","25","2.08","10","1,340.00",
="072690","台積電國票54購01","22,000","17","38,410","1.72","1.85","1.71","1.85","+","0.31","1.88","25","1.90","10","1,340.00",
="072691","台積電國票56購01","16,000","13","27,410","1.69","1.81","1.69","1.81","+","0.27","1.84","25","1.85","10","1,340.00",
="072692","台積電國票59購01","9,000","9","20,570","2.25","2.38","2.24","2.38","+","0.31","2.41","25","2.43","10","1,340.00",
="072693","台積電國票63購01","25,000","6","73,950","2.95","3.07","2.95","3.07","+","0.28","3.10","25","3.11","10","1,340.00",
="072694","致茂國票4A購01","0","0","0","--","--","--","--"," ","0.00","--","0","--","0","614.00",
="072695","佳能國票4A購02","0","0","0","--","--","--","--"," ","0.00","2.93","25","3.03","10","88.80",
="072696","台光電國票4A購01","0","0","0","--","--","--","--"," ","0.00","--","0","--","0","1,345.00",
="072698","奇鋐國票4A購01","0","0","0","--","--","--","--"," ","0.00","9.75","25","10.50","10","1,015.00",
="072699","威強電國票4C購01","0","0","0","--","--","--","--"," ","0.00","0.01","25","0.02","10","67.20",
="072700","威強電國票51購01","0","0","0","--","--","--","--"," ","0.00","0.02","25","0.03","10","67.20",
="072701","威強電國票53購01","0","0","0","--","--","--","--"," ","0.00","0.15","25","0.16","10","67.20",
="072702","欣興國票4B購01","45,000","6","37,640","0.90","0.90","0.81","0.90","+","0.08","0.75","25","0.82","10","159.00",
="072703","日月光國票4A購02","10,000","1","1,600","0.16","0.16","0.16","0.16","+","0.02","0.15","25","0.16","10","174.50",
="072705","元晶國票4A購01","0","0","0","--","--","--","--"," ","0.00","1.33","1","1.34","125","15.30",
="072706","緯穎國票4A購01","0","0","0","--","--","--","--"," ","0.00","7.00","25","7.50","10","3,140.00",
="072707","南電國票4A購02","0","0","0","--","--","--","--"," ","0.00","--","0","--","0","234.50",
="072708","振樺電國票4B購01","0","0","0","--","--","--","--"," ","0.00","0.01","25","0.02","10","229.50",
="072710","香港反元大52購01","0","0","0","--","--","--","--"," ","0.00","0.04","100","0.09","50","5.27",
="072715","中興電元大4C購02","50,000","1","30,000","0.60","0.60","0.60","0.60","-","0.04","0.59","499","0.60","10","159.00",
="072716","中興電元大51購02","43,000","5","24,510","0.57","0.57","0.57","0.57","-","0.06","0.56","504","0.57","10","159.00",
="072717","中興電元大52購01","0","0","0","--","--","--","--"," ","0.00","0.39","499","0.40","10","159.00",
="072725","大成鋼元大4C購03","0","0","0","--","--","--","--"," ","0.00","0.04","499","0.14","10","37.90",
="072726","大成鋼元大52購01","20,000","1","2,200","0.11","0.11","0.11","0.11","X","0.00","0.10","499","0.11","10","37.90",
="072729","台積電元大52購01","0","0","0","--","--","--","--"," ","0.00","--","0","--","0","1,340.00",
="072732","聯發科元大52購01","0","0","0","--","--","--","--"," ","0.00","0.19","499","0.20","10","1,375.00",
="072736","裕民元大4A購01","0","0","0","--","--","--","--"," ","0.00","--","0","0.10","10","55.30",
="072737","裕民元大4B購01","40,000","1","800","0.02","0.02","0.02","0.02","X","0.00","0.02","499","0.12","10","55.30",
="072738","裕民元大4C購01","0","0","0","--","--","--","--"," ","0.00","0.05","499","0.06","10","55.30",
="072739","長榮航元大4B購03","0","0","0","--","--","--","--"," ","0.00","0.12","499","0.13","10","38.85",
="072743","宏碁凱基4C購01","0","0","0","--","--","--","--"," ","0.00","0.02","100","0.04","30","31.20",
="072744","宏碁凱基4C購02","0","0","0","--","--","--","--"," ","0.00","0.03","100","0.05","50","31.20",
="072751","世芯元大52購01","94,000","8","69,700","0.77","0.77","0.68","0.68","-","0.14","0.09","111","--","0","3,700.00",
="072753","材料元大4B購05","0","0","0","--","--","--","--"," ","0.00","--","0","0.10","10","66.40",
="072764","臺股指元大52購01","0","0","0","--","--","--","--"," ","0.00","0.84","499","0.94","10","0.00",
="072765","台化群益4A購01","0","0","0","--","--","--","--"," ","0.00","--","0","--","0","28.95",
="072769","大立光凱基4C購02","0","0","0","--","--","--","--"," ","0.00","0.03","100","0.13","10","2,360.00",
="07276P","國企2X永豐4C售01","0","0","0","--","--","--","--"," ","0.00","0.30","499","0.31","10","0.00",
="072772","台積電群益4B購11","5,000","1","10,950","2.19","2.19","2.19","2.19","+","0.45","0.03","333","--","0","1,340.00",
="072773","台積電群益53購01","0","0","0","--","--","--","--"," ","0.00","0.16","2","1.20","2","1,340.00",
="072774","所羅門群益4B購02","0","0","0","--","--","--","--"," ","0.00","0.05","499","0.15","10","144.50",
="072777","信邦群益4A購02","0","0","0","--","--","--","--"," ","0.00","--","0","--","0","236.50",
="072778","群創群益4B購01","0","0","0","--","--","--","--"," ","0.00","0.79","25","0.80","10","14.15",
="07277P","中502X永豐4B售02","0","0","0","--","--","--","--"," ","0.00","0.06","499","0.07","10","0.00",
="072780","元晶群益4A購01","0","0","0","--","--","--","--"," ","0.00","--","0","--","0","15.30",
="072781","訊芯群益4B購02","0","0","0","--","--","--","--"," ","0.00","0.01","30","--","0","164.50",
="072782","晶碩群益4B購01","0","0","0","--","--","--","--"," ","0.00","0.05","10","0.15","10","316.00",
="072784","臺股指群益4A購15","0","0","0","--","--","--","--"," ","0.00","1.49","499","1.50","499","0.00",
="072785","中鋼兆豐4A購01","0","0","0","--","--","--","--"," ","0.00","--","0","--","0","19.45",
="072787","川湖永豐4C購01","0","0","0","--","--","--","--"," ","0.00","3.95","499","4.05","10","3,220.00",
="072788","仁寶永豐4A購01","0","0","0","--","--","--","--"," ","0.00","--","0","0.10","10","31.40",
="072790","鴻準永豐4A購01","0","0","0","--","--","--","--"," ","0.00","--","0","0.10","10","70.70",
="072791","台光電永豐4A購02","0","0","0","--","--","--","--"," ","0.00","18.50","499","--","0","1,345.00",
="072792","奇鋐永豐4A購04","0","0","0","--","--","--","--"," ","0.00","6.50","499","6.75","10","1,015.00",
="072796","三芳國泰4A購01","0","0","0","--","--","--","--"," ","0.00","--","0","--","0","30.30",
="072797","台光電國泰4A購01","0","0","0","--","--","--","--"," ","0.00","25.50","499","--","0","1,345.00",
="072799","信邦國泰4A購01","0","0","0","--","--","--","--"," ","0.00","--","0","--","0","236.50",
="072800","華晶科國泰4A購01","0","0","0","--","--","--","--"," ","0.00","0.57","499","0.63","10","52.80",
="072801","貿聯國泰4A購02","0","0","0","--","--","--","--"," ","0.00","8.40","10","8.70","10","1,085.00",
="072802","滬深2X國票51購01","13,000","4","15,040","1.29","1.29","1.14","1.15","-","0.08","1.15","25","1.16","10","19.04",
="072803","元石油國票4A購01","1,000","1","130","0.13","0.13","0.13","0.13","-","0.06","0.12","25","0.13","10","16.00",
="072804","元油反國票4A購01","0","0","0","--","--","--","--"," ","0.00","0.02","25","0.03","10","6.75",
="072805","元日2X國票54購01","0","0","0","--","--","--","--"," ","0.00","0.17","25","0.18","10","5.87",
="072807","中502X國票4B購02","0","0","0","--","--","--","--"," ","0.00","0.58","25","0.59","10","13.10",
="072809","南亞國票4B購01","521,000","24","480,410","0.84","1.04","0.60","0.60","-","0.10","0.57","25","0.58","10","39.80",
="072810","台玻國票4A購01","0","0","0","--","--","--","--"," ","0.00","4.49","25","4.59","10","25.95",
="072811","所羅門國票4A購02","0","0","0","--","--","--","--"," ","0.00","0.01","25","0.02","10","144.50",
="072812","金像電國票4A購01","0","0","0","--","--","--","--"," ","0.00","15.20","25","16.20","10","455.00",
="072814","瑞昱國票4B購01","9,000","1","3,690","0.41","0.41","0.41","0.41","X","0.00","0.39","25","0.42","10","540.00",
="072815","毅嘉國票4A購01","0","0","0","--","--","--","--"," ","0.00","3.04","25","3.14","10","53.50",
="072816","皇昌國票4B購02","0","0","0","--","--","--","--"," ","0.00","0.01","25","0.02","10","72.70",
="072817","新興國票4A購01","0","0","0","--","--","--","--"," ","0.00","0.01","25","0.02","10","22.60",
="072818","信邦國票4A購01","0","0","0","--","--","--","--"," ","0.00","--","0","--","0","236.50",
="07281P","華邦電群益4A售02","0","0","0","--","--","--","--"," ","0.00","--","0","--","0","0.00",
="072820","全科國票4A購01","0","0","0","--","--","--","--"," ","0.00","0.01","25","0.02","10","31.70",
="072821","創意國票4A購03","3,000","1","300","0.10","0.10","0.10","0.10","X","0.00","0.10","25","0.11","10","1,315.00",
="072822","貿聯國票4A購02","0","0","0","--","--","--","--"," ","0.00","9.40","25","9.90","10","1,085.00",
="072823","大銀國票4A購02","0","0","0","--","--","--","--"," ","0.00","0.01","25","0.02","10","120.00",
="072824","亞翔國票4B購01","114,000","21","172,350","1.54","1.66","1.33","1.46","-","0.06","1.50","25","1.53","10","358.50",
="072825","亞翔國票4C購01","0","0","0","--","--","--","--"," ","0.00","3.39","25","3.48","10","358.50",
="072826","矽格國票4A購01","10,000","1","500","0.05","0.05","0.05","0.05","-","0.02","0.04","25","0.05","10","93.00",
="07282P","臺股指群益4B售11","0","0","0","--","--","--","--"," ","0.00","0.06","1","0.08","4","0.00",
="072830","滬深2X凱基51購03","0","0","0","--","--","--","--"," ","0.00","3.19","100","3.20","50","19.04",
="072836","華城凱基4A購01","0","0","0","--","--","--","--"," ","0.00","--","0","0.10","10","586.00",
="07283P","T50正2富邦4B售03","0","0","0","--","--","--","--"," ","0.00","0.03","100","0.04","98","0.00",
="072841","川湖凱基4A購04","0","0","0","--","--","--","--"," ","0.00","3.56","100","3.66","10","3,220.00",
="072842","台積電凱基59購01","0","0","0","--","--","--","--"," ","0.00","3.80","100","3.90","10","1,340.00",
="072843","台積電凱基5C購03","35,000","2","132,800","3.79","3.82","3.79","3.82","+","0.50","3.74","100","3.84","10","1,340.00",
="072844","台積電凱基5C購04","12,000","1","55,320","4.61","4.61","4.61","4.61","+","0.50","4.55","100","4.65","10","1,340.00",
="072849","皇昌凱基4B購01","0","0","0","--","--","--","--"," ","0.00","--","0","0.02","10","72.70",
="07284P","T50正2凱基4A售04","0","0","0","--","--","--","--"," ","0.00","--","0","0.02","10","0.00",
="072850","欣興凱基4C購04","48,000","9","75,910","1.70","1.70","1.52","1.52","-","0.08","1.49","100","1.59","10","159.00",
="072851","華晶科凱基51購01","45,000","5","34,600","0.83","0.83","0.73","0.73","-","0.11","0.72","100","0.73","10","52.80",
="072852","日月光凱基4A購01","0","0","0","--","--","--","--"," ","0.00","0.26","100","0.36","10","174.50",
="072853","材料凱基52購02","0","0","0","--","--","--","--"," ","0.00","0.21","100","0.22","50","66.40",
="072854","精成科凱基51購01","0","0","0","--","--","--","--"," ","0.00","11.90","100","--","0","125.50",
="072856","世紀鋼凱基4B購02","200,000","1","78,000","0.39","0.39","0.39","0.39","+","0.06","0.32","10","0.33","10","171.50",
="072857","臺股指凱基52購01","2,000","1","4,080","2.04","2.04","2.04","2.04","X","0.00","2.09","100","2.10","10","0.00",
="072858","三芳統一52購04","0","0","0","--","--","--","--"," ","0.00","0.03","10","0.04","10","30.30",
="072859","三芳統一53購02","0","0","0","--","--","--","--"," ","0.00","0.07","10","0.08","10","30.30",
="07285P","T50正2凱基4A售05","0","0","0","--","--","--","--"," ","0.00","0.04","100","0.05","10","0.00",
="072860","台化統一53購01","0","0","0","--","--","--","--"," ","0.00","0.38","10","0.39","10","28.95",
="072861","大成鋼統一54購02","0","0","0","--","--","--","--"," ","0.00","0.18","10","0.19","10","37.90",
="072862","川湖統一53購01","0","0","0","--","--","--","--"," ","0.00","1.17","10","1.18","10","3,220.00",
="072863","雄獅統一53購01","61,000","1","57,340","0.94","0.94","0.94","0.94","-","0.02","0.92","10","0.93","10","158.50",
="072864","文曄統一53購01","27,000","2","21,480","0.80","0.80","0.79","0.79","-","0.02","0.79","10","0.80","10","137.50",
="072865","文曄統一53購02","21,000","1","16,380","0.78","0.78","0.78","0.78","+","0.02","0.77","10","0.78","10","137.50",
="072866","華晶科統一57購01","0","0","0","--","--","--","--"," ","0.00","0.54","10","0.55","10","52.80",
="072867","達興統一53購05","0","0","0","--","--","--","--"," ","0.00","1.73","10","1.74","10","399.00",
="072868","亞翔統一53購01","0","0","0","--","--","--","--"," ","0.00","0.95","10","0.96","10","358.50",
="072869","台塑化統一53購01","0","0","0","--","--","--","--"," ","0.00","0.50","10","0.51","10","39.25",
="07286P","T50正2凱基4A售06","0","0","0","--","--","--","--"," ","0.00","--","0","0.02","10","0.00",
="072870","志強統一53購02","10,000","1","1,200","0.12","0.12","0.12","0.12","X","0.00","0.10","10","0.11","10","104.50",
="072871","巨大統一53購02","0","0","0","--","--","--","--"," ","0.00","0.09","10","0.10","10","101.00",
="072877","三芳元富53購01","0","0","0","--","--","--","--"," ","0.00","0.03","25","0.10","10","30.30",
="072882","大成鋼元富53購01","0","0","0","--","--","--","--"," ","0.00","0.18","25","0.19","25","37.90",
="072883","川湖元富4A購08","0","0","0","--","--","--","--"," ","0.00","3.81","25","3.91","10","3,220.00",
="072884","川湖元富4A購09","0","0","0","--","--","--","--"," ","0.00","2.30","25","2.40","10","3,220.00",
="072885","鴻海元富53購02","0","0","0","--","--","--","--"," ","0.00","2.54","25","2.58","25","221.00",
="072886","國巨元富53購01","241,000","25","468,290","1.95","2.17","1.89","1.89","-","0.06","1.89","25","1.99","25","176.00",
="072888","台積電元富4A購07","0","0","0","--","--","--","--"," ","0.00","--","0","--","0","1,340.00",
="072889","台積電元富53購01","0","0","0","--","--","--","--"," ","0.00","1.41","4","--","0","1,340.00",
="072890","旺宏元富4A購01","662,000","22","144,360","0.12","0.70","0.10","0.70","+","0.60","0.10","25","0.60","10","26.75",
="072891","旺宏元富51購02","0","0","0","--","--","--","--"," ","0.00","1.15","25","--","0","26.75",
="072892","佳能元富4C購01","0","0","0","--","--","--","--"," ","0.00","3.39","25","3.47","25","88.80",
="072893","台光電元富4A購06","0","0","0","--","--","--","--"," ","0.00","19.30","25","19.70","25","1,345.00",
="072894","裕民元富53購01","0","0","0","--","--","--","--"," ","0.00","0.28","25","0.29","25","55.30",
="072897","慧洋元富53購01","0","0","0","--","--","--","--"," ","0.00","0.22","25","0.23","25","58.40",
="072898","大立光元富53購01","0","0","0","--","--","--","--"," ","0.00","0.28","25","0.29","25","2,360.00",
="072899","偉訓元富53購01","0","0","0","--","--","--","--"," ","0.00","1.06","25","1.07","25","97.50",
="072900","智原元富4A購03","0","0","0","--","--","--","--"," ","0.00","--","0","0.10","25","174.00",
="072902","世芯元富52購06","0","0","0","--","--","--","--"," ","0.00","1.36","25","1.37","25","3,700.00",
="072906","緯穎元富4C購01","0","0","0","--","--","--","--"," ","0.00","4.69","25","4.78","25","3,140.00",
="072909","T50正2群益4A購02","0","0","0","--","--","--","--"," ","0.00","0.24","25","0.25","10","302.45",
="07290P","鴻海凱基4A售04","0","0","0","--","--","--","--"," ","0.00","0.05","100","0.15","10","0.00",
="072910","T50反1群益4B購01","0","0","0","--","--","--","--"," ","0.00","0.01","100","0.12","10","18.29",
="072911","滬深2X群益4B購02","0","0","0","--","--","--","--"," ","0.00","4.08","399","4.18","10","19.04",
="072913","華友聯群益4B購01","0","0","0","--","--","--","--"," ","0.00","--","0","--","0","73.20",
="072915","亞力群益4A購02","0","0","0","--","--","--","--"," ","0.00","0.03","25","0.04","10","102.50",
="072918","大成鋼群益4B購01","0","0","0","--","--","--","--"," ","0.00","--","0","0.11","10","37.90",
="07291P","鴻海凱基55售02","285,000","9","226,710","0.81","0.81","0.76","0.78","-","0.12","0.77","504","0.95","200","0.00",
="072921","台積電群益4A購20","0","0","0","--","--","--","--"," ","0.00","--","0","--","0","1,340.00",
="072922","台積電群益4A購21","0","0","0","--","--","--","--"," ","0.00","0.45","499","--","0","1,340.00",
="072923","台積電群益4A購22","3,000","2","740","0.20","0.27","0.20","0.27","+","0.20","--","0","--","0","1,340.00",
="072927","中華電群益4A購01","0","0","0","--","--","--","--"," ","0.00","--","0","--","0","133.50",
="072931","慧洋群益4B購01","0","0","0","--","--","--","--"," ","0.00","--","0","--","0","58.40",
="072934","群創群益4B購02","929,000","26","331,770","0.33","0.38","0.30","0.38","+","0.05","0.35","499","0.45","10","14.15",
="072935","海華群益4B購01","0","0","0","--","--","--","--"," ","0.00","0.64","10","0.71","1","83.80",
="072938","亞翔群益53購01","56,000","5","106,400","1.88","1.92","1.76","1.92","+","0.02","1.86","10","1.96","10","358.50",
="072939","台郡群益4B購01","0","0","0","--","--","--","--"," ","0.00","--","0","0.12","10","66.80",
="07293P","臺股指凱基51售01","40,000","8","7,630","0.22","0.22","0.15","0.20","-","0.04","0.16","5","0.22","5","0.00",
="072941","保瑞群益4B購01","0","0","0","--","--","--","--"," ","0.00","0.01","10","0.11","10","693.00",
="072942","台塑化群益4B購01","0","0","0","--","--","--","--"," ","0.00","--","0","--","0","39.25",
="072945","中502X元大4B購02","5,000","1","4,750","0.95","0.95","0.95","0.95","X","0.00","0.82","250","0.83","100","13.10",
="072946","中502X元大51購01","142,000","10","178,460","1.43","1.43","1.23","1.23","-","0.21","1.24","250","1.25","100","13.10",
="072947","中502X元大52購01","58,000","3","67,240","1.17","1.17","1.08","1.08","-","0.10","1.07","250","1.08","100","13.10",
="072948","台泥元大4B購02","0","0","0","--","--","--","--"," ","0.00","--","0","0.10","10","23.75",
="07294P","臺股指凱基51售03","22,000","7","17,080","0.79","0.80","0.76","0.77","-","0.07","0.75","100","0.76","10","0.00",
="072956","華城元大51購01","0","0","0","--","--","--","--"," ","0.00","0.39","499","0.40","10","586.00",
="072961","大成鋼元大4C購04","0","0","0","--","--","--","--"," ","0.00","0.02","499","0.12","10","37.90",
="072963","川湖元大51購01","0","0","0","--","--","--","--"," ","0.00","2.22","300","2.30","10","3,220.00",
="072964","台積電元大52購02","0","0","0","--","--","--","--"," ","0.00","--","0","1.68","10","1,340.00",
="072965","台積電元大56購01","864,000","15","1,134,640","1.27","1.34","1.26","1.33","+","0.15","1.24","2","1.50","1","1,340.00",
="072966","台積電元大59購01","344,000","3","624,520","1.78","1.83","1.78","1.83","+","0.17","1.50","1","--","0","1,340.00",
="072971","聯發科元大59購01","155,000","4","54,400","0.36","0.36","0.35","0.35","-","0.03","0.34","25","0.35","10","1,375.00",
="072975","裕民元大4C購02","0","0","0","--","--","--","--"," ","0.00","0.05","499","0.06","10","55.30",
="072981","世芯元大52購02","0","0","0","--","--","--","--"," ","0.00","--","0","--","0","3,700.00",
="072982","大銀元大4C購01","0","0","0","--","--","--","--"," ","0.00","0.08","499","0.09","10","120.00",
="072983","材料元大52購02","2,000","1","360","0.18","0.18","0.18","0.18","X","0.00","0.17","499","0.18","10","66.40",
="072989","迅得元大4A購01","0","0","0","--","--","--","--"," ","0.00","--","0","0.10","10","176.00",
="072996","臺股指元大4A購14","0","0","0","--","--","--","--"," ","0.00","--","0","0.10","10","0.00",
="072997","臺股指元大4B購12","0","0","0","--","--","--","--"," ","0.00","--","0","0.10","10","0.00",
="072998","台化富邦4C購01","0","0","0","--","--","--","--"," ","0.00","0.08","20","0.10","10","0.00",
="072999","華城富邦4C購01","0","0","0","--","--","--","--"," ","0.00","0.14","10","0.15","10","0.00",
="073000","台積電富邦4B購03","10,000","1","44,600","4.46","4.46","4.46","4.46","X","0.00","4.51","30","4.61","10","0.00",
="073001","台積電富邦4B購04","0","0","0","--","--","--","--"," ","0.00","4.15","30","4.25","10","0.00",
="073002","智邦富邦4B購01","0","0","0","--","--","--","--"," ","0.00","1.74","10","1.84","10","0.00",
="073003","佳能富邦4B購01","309,000","26","572,190","1.90","1.97","1.69","1.83","+","0.22","1.83","20","1.87","10","0.00",
="073004","景碩富邦4B購01","639,000","23","165,150","0.25","0.31","0.22","0.24","-","0.02","0.21","10","0.22","10","0.00",
="073005","穎崴富邦4C購01","2,554,000","88","2,064,120","0.89","0.92","0.73","0.82","-","0.03","0.82","15","0.88","2","0.00",
="073008","廣宇中信4A購01","0","0","0","--","--","--","--"," ","0.00","0.06","10","0.30","20","0.00",
="073011","慧洋中信4A購01","0","0","0","--","--","--","--"," ","0.00","0.30","499","0.31","10","0.00",
="073014","臺股指中信4A購06","0","0","0","--","--","--","--"," ","0.00","1.37","499","--","0","0.00",
="073015","滬深2X永豐4B購03","0","0","0","--","--","--","--"," ","0.00","1.40","10","1.50","10","19.04",
="073016","中502X永豐52購02","1,000","1","2,050","2.05","2.05","2.05","2.05","X","0.00","1.82","10","1.83","10","13.10",
="073017","大成鋼永豐4B購02","140,000","7","13,600","0.10","0.10","0.09","0.09","-","0.01","0.08","30","0.09","10","37.90",
="073018","台積電永豐4A購06","0","0","0","--","--","--","--"," ","0.00","--","0","--","0","1,340.00",
="073019","台積電永豐4B購03","0","0","0","--","--","--","--"," ","0.00","--","0","--","0","1,340.00",
="073020","台積電永豐4C購06","165,000","1","226,050","1.37","1.37","1.37","1.37","X","0.00","0.10","41","--","0","1,340.00",
="073021","台積電永豐52購01","12,000","2","21,040","1.72","1.80","1.72","1.80","+","0.31","0.27","10","--","0","1,340.00",
="073024","長榮航永豐4A購01","0","0","0","--","--","--","--"," ","0.00","0.74","499","0.84","10","38.85",
="073025","牧德永豐4A購01","0","0","0","--","--","--","--"," ","0.00","1.18","499","1.28","10","544.00",
="073027","啟碁永豐4A購01","0","0","0","--","--","--","--"," ","0.00","0.18","10","0.28","10","121.00",
="073028","訊芯永豐4B購02","5,000","1","13,050","2.61","2.61","2.61","2.61","+","0.21","2.28","10","2.38","10","164.50",
="073029","T50反1兆豐4B購01","0","0","0","--","--","--","--"," ","0.00","0.18","10","0.19","10","18.29",
="073031","慧洋兆豐4B購01","0","0","0","--","--","--","--"," ","0.00","--","0","0.05","10","58.40",
="073034","滬深2X富邦4B購03","0","0","0","--","--","--","--"," ","0.00","0.69","100","0.70","98","0.00",
="073035","華城富邦4B購02","150,000","2","24,000","0.16","0.16","0.16","0.16"," ","0.00","0.15","10","0.16","10","0.00",
="073038","材料富邦4A購03","0","0","0","--","--","--","--"," ","0.00","--","0","--","0","0.00",
="073039","訊芯富邦4A購02","0","0","0","--","--","--","--"," ","0.00","0.01","100","--","0","0.00",
="07303P","華新統一4C售02","0","0","0","--","--","--","--"," ","0.00","0.53","10","0.54","10","0.00",
="073040","世紀鋼富邦4A購01","0","0","0","--","--","--","--"," ","0.00","0.01","100","0.10","100","0.00",
="073041","滬深2X凱基51購04","0","0","0","--","--","--","--"," ","0.00","2.22","100","2.23","50","19.04",
="073042","元債2X凱基56購02","0","0","0","--","--","--","--"," ","0.00","0.41","499","0.42","499","7.35",
="073043","中502X凱基51購01","0","0","0","--","--","--","--"," ","0.00","1.15","100","1.16","50","13.10",
="073044","中502X凱基52購01","1,000","1","1,960","1.96","1.96","1.96","1.96","X","0.00","1.73","100","1.74","50","13.10",
="073045","華友聯凱基4A購01","0","0","0","--","--","--","--"," ","0.00","--","0","0.10","10","73.20",
="073047","亞力凱基4B購01","0","0","0","--","--","--","--"," ","0.00","0.05","100","0.15","10","102.50",
="073049","台玻凱基4A購01","0","0","0","--","--","--","--"," ","0.00","--","0","--","0","25.95",
="07304P","旺宏統一4C售02","4,446,000","60","759,300","0.18","0.20","0.16","0.18","-","0.03","0.17","10","0.18","10","0.00",
="073050","大成鋼凱基4C購02","0","0","0","--","--","--","--"," ","0.00","0.03","100","0.13","10","37.90",
="073051","華通凱基51購02","681,000","21","985,360","1.57","1.64","1.34","1.35","-","0.28","1.34","100","1.35","10","77.00",
="073052","鴻海凱基4B購05","337,000","17","806,350","2.25","2.52","2.25","2.38","+","0.31","2.40","100","--","0","221.00",
="073053","台積電凱基4B購07","8,000","2","10,420","1.28","1.34","1.28","1.34","X","0.00","1.31","100","1.41","10","1,340.00",
="073054","台積電凱基51購06","0","0","0","--","--","--","--"," ","0.00","3.10","100","3.20","10","1,340.00",
="073055","台積電凱基56購09","0","0","0","--","--","--","--"," ","0.00","2.69","100","2.79","10","1,340.00",
="073056","所羅門凱基4A購01","0","0","0","--","--","--","--"," ","0.00","--","0","0.04","200","144.50",
="07305P","裕民統一4A售01","0","0","0","--","--","--","--"," ","0.00","0.48","10","0.58","10","0.00",
="073062","裕民凱基4C購01","0","0","0","--","--","--","--"," ","0.00","0.04","100","0.14","10","55.30",
="073063","慧洋凱基4B購01","0","0","0","--","--","--","--"," ","0.00","--","0","0.10","10","58.40",
="073065","奇鋐凱基4B購02","0","0","0","--","--","--","--"," ","0.00","9.40","100","9.90","10","1,015.00",
="073067","玉晶光凱基4B購01","35,000","1","16,100","0.46","0.46","0.46","0.46","+","0.03","0.40","100","0.50","10","443.50",
="073068","群創凱基4A購03","0","0","0","--","--","--","--"," ","0.00","0.07","100","--","0","14.15",
="073070","大銀凱基4C購01","0","0","0","--","--","--","--"," ","0.00","0.07","100","0.09","50","120.00",
="073077","勤誠凱基4B購01","0","0","0","--","--","--","--"," ","0.00","12.20","20","13.20","10","600.00",
="073078","臺股指凱基4B購14","0","0","0","--","--","--","--"," ","0.00","0.02","10","0.03","10","0.00",
="07307P","大銀統一4C售03","0","0","0","--","--","--","--"," ","0.00","0.80","10","0.81","10","0.00",
="073091","新巨元富4A購01","0","0","0","--","--","--","--"," ","0.00","--","0","0.10","25","51.30",
="073096","世芯元富4A購03","0","0","0","--","--","--","--"," ","0.00","0.75","25","0.77","25","3,700.00",
="073098","海華元富4C購01","15,000","5","18,380","1.28","1.28","1.16","1.18","-","0.11","1.24","25","1.25","25","83.80",
="073099","材料元富4A購02","0","0","0","--","--","--","--"," ","0.00","--","0","0.10","25","66.40",
="073100","緯穎元富4A購03","0","0","0","--","--","--","--"," ","0.00","3.97","25","4.07","25","3,140.00",
="073103","台灣50國票4A購01","0","0","0","--","--","--","--"," ","0.00","7.10","25","7.30","10","58.45",
="073104","台灣50國票4B購01","3,000","2","9,650","2.81","3.42","2.81","3.42","+","1.05","3.52","25","3.54","10","58.45",
="073105","台灣50國票53購01","3,000","2","7,720","2.54","2.64","2.54","2.64","+","0.70","2.78","25","2.79","10","58.45",
="073106","FBNQ2X國票4A購01","0","0","0","--","--","--","--"," ","0.00","2.34","25","2.35","10","159.20",
="073107","中興電國票4A購02","0","0","0","--","--","--","--"," ","0.00","0.01","25","0.02","10","159.00",
="073108","中砂國票4A購01","20,000","2","19,600","1.00","1.00","0.96","0.96","X","0.00","0.76","25","0.79","10","339.00",
="073109","大亞國票4A購01","130,000","2","1,300","0.01","0.01","0.01","0.01","X","0.00","0.01","25","0.02","10","39.85",
="073110","科妍國票4A購02","0","0","0","--","--","--","--"," ","0.00","--","0","0.04","122","94.00",
="073111","宇隆國票4A購01","0","0","0","--","--","--","--"," ","0.00","0.01","25","0.02","10","217.00",
="073112","光寶科國票4C購01","5,000","1","24,900","4.98","4.98","4.98","4.98","+","0.35","5.15","25","5.45","10","183.00",
="073113","矽統國票4A購01","10,000","1","500","0.05","0.05","0.05","0.05","-","0.04","0.04","25","0.05","10","58.60",
="073114","微星國票4A購02","0","0","0","--","--","--","--"," ","0.00","--","0","0.02","2","119.50",
="073115","美律國票4B購01","0","0","0","--","--","--","--"," ","0.00","0.17","25","0.19","10","104.00",
="073117","德律國票4A購01","5,000","3","16,910","3.34","3.40","3.34","3.40","-","0.25","3.39","25","3.50","10","189.00",
="073118","文曄國票4A購01","30,000","1","21,600","0.72","0.72","0.72","0.72","+","0.04","0.69","25","0.73","10","137.50",
="073119","華晶科國票4A購01","75,000","4","2,200","0.05","0.05","0.02","0.04","-","0.02","0.02","25","0.04","10","52.80",
="073120","京鼎國票4A購01","10,000","1","2,000","0.20","0.20","0.20","0.20","X","0.00","0.13","25","0.15","10","306.00",
="073121","碩天國票4A購01","0","0","0","--","--","--","--"," ","0.00","0.01","25","0.02","10","217.00",
="073122","海華國票4B購01","6,000","2","3,910","0.66","0.66","0.65","0.65","-","0.11","0.74","25","0.75","10","83.80",
="073124","達興國票4A購01","0","0","0","--","--","--","--"," ","0.00","9.45","25","9.95","10","399.00",
="073125","美利達國票4A購01","0","0","0","--","--","--","--"," ","0.00","0.01","25","0.02","10","108.00",
="073126","佳能國泰4A購01","0","0","0","--","--","--","--"," ","0.00","7.75","499","--","0","88.80",
="073127","華孚國泰4A購01","0","0","0","--","--","--","--"," ","0.00","0.37","10","0.43","10","68.70",
="073128","矽格國泰4A購01","0","0","0","--","--","--","--"," ","0.00","3.35","10","3.41","10","93.00",
="073129","台泥元大4B購03","0","0","0","--","--","--","--"," ","0.00","--","0","0.10","10","23.75",
="073138","華城元大51購02","0","0","0","--","--","--","--"," ","0.00","0.45","499","0.46","10","586.00",
="073143","大成鋼元大4A購03","0","0","0","--","--","--","--"," ","0.00","--","0","0.10","10","37.90",
="073144","大成鋼元大4B購04","0","0","0","--","--","--","--"," ","0.00","--","0","0.10","10","37.90",
="073145","川湖元大51購02","0","0","0","--","--","--","--"," ","0.00","2.93","250","3.03","10","3,220.00",
="073146","台積電元大53購01","0","0","0","--","--","--","--"," ","0.00","--","0","--","0","1,340.00",
="073147","台積電元大56購02","0","0","0","--","--","--","--"," ","0.00","--","0","--","0","1,340.00",
="073148","台積電元大59購02","7,000","7","176,200","24.60","25.60","24.60","25.60","X","0.00","--","0","--","0","1,340.00",
="073156","裕民元大51購02","0","0","0","--","--","--","--"," ","0.00","0.12","499","0.13","10","55.30",
="073168","神達元大4A購06","0","0","0","--","--","--","--"," ","0.00","1.20","499","1.23","10","90.00",
="073173","迅得元大4B購02","0","0","0","--","--","--","--"," ","0.00","0.06","499","0.07","10","176.00",
="073176","中鋼統一53購01","0","0","0","--","--","--","--"," ","0.00","0.11","108","0.12","108","19.45",
="073177","中鴻統一53購03","0","0","0","--","--","--","--"," ","0.00","0.07","10","0.08","10","15.90",
="073178","上銀統一54購03","0","0","0","--","--","--","--"," ","0.00","0.13","10","0.14","10","217.50",
="073179","川湖統一54購03","0","0","0","--","--","--","--"," ","0.00","1.27","10","1.37","10","3,220.00",
="07317P","台積電中信4C售04","101,000","10","17,140","0.18","0.18","0.16","0.16","-","0.02","0.16","100","0.17","100","0.00",
="073180","川湖統一55購01","0","0","0","--","--","--","--"," ","0.00","2.59","10","2.65","10","3,220.00",
="073181","旺宏統一55購01","161,000","8","135,330","0.82","0.89","0.81","0.84","+","0.07","0.83","10","0.84","10","26.75",
="073182","佳能統一53購02","0","0","0","--","--","--","--"," ","0.00","1.77","10","1.87","10","88.80",
="073183","台光電統一53購02","1,000","1","3,650","3.65","3.65","3.65","3.65","X","0.00","3.60","10","3.70","10","1,345.00",
="073184","精元統一53購01","0","0","0","--","--","--","--"," ","0.00","0.11","10","0.12","10","41.70",
="073185","美律統一53購01","0","0","0","--","--","--","--"," ","0.00","0.24","10","0.25","10","104.00",
="073186","裕民統一59購01","0","0","0","--","--","--","--"," ","0.00","0.20","10","0.21","10","55.30",
="073187","慧洋統一53購01","0","0","0","--","--","--","--"," ","0.00","0.08","10","0.09","10","58.40",
="073188","慧洋統一59購01","100,000","1","20,000","0.20","0.20","0.20","0.20","X","0.00","0.20","10","0.21","10","58.40",
="073189","雄獅統一51購02","0","0","0","--","--","--","--"," ","0.00","0.88","10","0.91","10","158.50",
="073190","信邦統一53購02","0","0","0","--","--","--","--"," ","0.00","0.17","10","0.18","10","236.50",
="073191","信邦統一53購03","0","0","0","--","--","--","--"," ","0.00","0.13","10","0.14","10","236.50",
="073192","文曄統一52購02","154,000","8","113,110","0.74","0.74","0.72","0.74","+","0.06","0.73","10","0.74","10","137.50",
="073193","華晶科統一59購01","313,000","5","156,610","0.50","0.51","0.50","0.50","-","0.02","0.49","18","0.50","10","52.80",
="073194","達興統一52購01","12,000","2","29,760","2.43","2.53","2.43","2.53","+","0.02","2.66","10","2.68","10","399.00",
="073195","亞翔統一53購02","0","0","0","--","--","--","--"," ","0.00","0.91","10","0.92","10","358.50",
="073196","豐藝統一51購01","0","0","0","--","--","--","--"," ","0.00","0.11","10","0.19","10","49.25",
="073197","巨大統一53購03","0","0","0","--","--","--","--"," ","0.00","0.05","10","0.06","10","101.00",
="073199","台積電群益4A購23","0","0","0","--","--","--","--"," ","0.00","1.72","499","--","0","1,340.00",
="073200","台積電群益4B購12","0","0","0","--","--","--","--"," ","0.00","--","0","1.53","10","1,340.00",
="073201","精元群益4A購01","0","0","0","--","--","--","--"," ","0.00","--","0","--","0","41.70",
="073202","建準群益52購01","0","0","0","--","--","--","--"," ","0.00","--","0","1.99","10","129.00",
="073203","聯發科群益4B購04","0","0","0","--","--","--","--"," ","0.00","--","0","0.05","80","1,375.00",
="073205","威健群益4A購01","0","0","0","--","--","--","--"," ","0.00","--","0","0.07","50","28.25",
="073207","達興群益4A購01","0","0","0","--","--","--","--"," ","0.00","--","0","--","0","399.00",
="073208","亞翔群益4A購02","0","0","0","--","--","--","--"," ","0.00","--","0","--","0","358.50",
="073209","元晶群益4B購01","0","0","0","--","--","--","--"," ","0.00","--","0","--","0","15.30",
="073211","上証2X國票4A購02","0","0","0","--","--","--","--"," ","0.00","0.95","25","0.96","10","47.20",
="073213","廣宇國票4A購01","0","0","0","--","--","--","--"," ","0.00","1.75","25","1.85","10","54.10",
="073214","廣宇國票4B購01","0","0","0","--","--","--","--"," ","0.00","1.63","50","1.65","10","54.10",
="073215","廣宇國票4C購01","0","0","0","--","--","--","--"," ","0.00","2.47","25","2.48","10","54.10",
="073217","台積電國票4A購08","0","0","0","--","--","--","--"," ","0.00","3.72","25","--","0","1,340.00",
="073218","台積電國票4A購09","0","0","0","--","--","--","--"," ","0.00","3.59","25","--","0","1,340.00",
="073220","昆盈國票4A購01","0","0","0","--","--","--","--"," ","0.00","0.01","25","0.02","10","42.60",
="073222","精元國票4A購01","0","0","0","--","--","--","--"," ","0.00","0.01","25","0.02","10","41.70",
="073223","毅嘉國票4B購01","0","0","0","--","--","--","--"," ","0.00","3.46","25","3.56","10","53.50",
="073224","毅嘉國票4C購01","0","0","0","--","--","--","--"," ","0.00","3.73","25","3.80","10","53.50",
="073226","文曄國票4B購01","0","0","0","--","--","--","--"," ","0.00","1.57","25","1.67","10","137.50",
="073227","文曄國票4C購01","11,000","2","15,540","1.42","1.42","1.40","1.40","+","0.02","1.42","25","1.44","10","137.50",
="073228","牧德國票4A購01","34,000","8","11,770","0.36","0.36","0.33","0.35","-","0.07","0.30","25","0.31","10","544.00",
="073229","海華國票4B購02","0","0","0","--","--","--","--"," ","0.00","2.57","25","2.67","10","83.80",
="073230","聯德國票4A購01","0","0","0","--","--","--","--"," ","0.00","--","0","--","0","79.40",
="073231","聯德國票4B購01","0","0","0","--","--","--","--"," ","0.00","--","0","--","0","79.40",
="073232","亞德客國泰4A購01","0","0","0","--","--","--","--"," ","0.00","0.01","499","--","0","765.00",
="073233","鴻海國泰4A購01","0","0","0","--","--","--","--"," ","0.00","3.72","499","--","0","221.00",
="073234","廣宇國泰4A購01","2,000","1","1,100","0.55","0.55","0.55","0.55","X","0.00","0.56","499","--","0","54.10",
="073235","台積電國泰4A購01","0","0","0","--","--","--","--"," ","0.00","2.47","10","2.57","10","1,340.00",
="073236","智邦國泰4A購01","0","0","0","--","--","--","--"," ","0.00","6.50","499","--","0","1,005.00",
="073237","世芯國泰4A購01","0","0","0","--","--","--","--"," ","0.00","1.94","10","2.00","10","3,700.00",
="073238","世芯國泰4A購02","0","0","0","--","--","--","--"," ","0.00","0.76","10","0.82","10","3,700.00",
="073239","材料國泰4A購01","0","0","0","--","--","--","--"," ","0.00","--","0","--","0","66.40",
="073240","穎崴國泰4A購01","0","0","0","--","--","--","--"," ","0.00","2.94","499","--","0","2,015.00",
="07324P","華邦電國票52售01","0","0","0","--","--","--","--"," ","0.00","0.01","325","0.03","23","0.00",
="073252","香港反元富56購01","0","0","0","--","--","--","--"," ","0.00","0.02","50","0.10","10","5.27",
="073258","亞德客元富53購01","9,000","2","3,090","0.36","0.36","0.33","0.33","-","0.01","0.33","25","0.34","25","765.00",
="07325P","國企2X永豐4C售02","0","0","0","--","--","--","--"," ","0.00","0.09","499","0.10","10","0.00",
="073261","廣宇元富53購01","0","0","0","--","--","--","--"," ","0.00","1.64","25","1.65","25","54.10",
="073265","華邦電元富4A購03","0","0","0","--","--","--","--"," ","0.00","15.00","25","--","0","36.45",
="073266","華邦電元富4A購04","0","0","0","--","--","--","--"," ","0.00","11.50","25","--","0","36.45",
="073267","台光電元富4A購07","0","0","0","--","--","--","--"," ","0.00","22.80","25","23.30","25","1,345.00",
="07326P","中502X永豐52售01","0","0","0","--","--","--","--"," ","0.00","0.21","499","0.22","10","0.00",
="073274","欣興元富4A購02","0","0","0","--","--","--","--"," ","0.00","3.35","25","3.45","25","159.00",
="073275","材料元富4A購03","0","0","0","--","--","--","--"," ","0.00","--","0","0.10","25","66.40",
="073279","臺股指元富5C購01","3,000","2","5,270","1.77","1.77","1.75","1.75","+","0.07","1.72","25","1.76","2","0.00",
="073281","台灣50永豐4A購02","0","0","0","--","--","--","--"," ","0.00","7.35","10","7.85","10","58.45",
="073282","台積電永豐4B購04","0","0","0","--","--","--","--"," ","0.00","0.02","100","--","0","1,340.00",
="073283","台積電永豐4B購05","0","0","0","--","--","--","--"," ","0.00","1.15","499","1.25","10","1,340.00",
="073284","台積電永豐4B購06","0","0","0","--","--","--","--"," ","0.00","--","0","--","0","1,340.00",
="073285","敬鵬永豐4A購01","0","0","0","--","--","--","--"," ","0.00","0.06","10","0.13","10","36.55",
="073286","材料永豐4A購03","0","0","0","--","--","--","--"," ","0.00","0.01","499","0.11","10","66.40",
="073287","台灣50凱基4A購08","0","0","0","--","--","--","--"," ","0.00","10.40","100","--","0","58.45",
="073288","滬深2X凱基52購01","25,000","1","19,500","0.78","0.78","0.78","0.78","-","0.02","0.72","100","0.73","50","19.04",
="073290","華城凱基4A購02","0","0","0","--","--","--","--"," ","0.00","0.65","100","0.75","10","586.00",
="073293","大亞凱基4A購01","0","0","0","--","--","--","--"," ","0.00","0.01","10","0.11","10","39.85",
="073295","大成鋼凱基4C購03","0","0","0","--","--","--","--"," ","0.00","0.05","100","0.15","10","37.90",
="073299","台積電凱基4C購14","0","0","0","--","--","--","--"," ","0.00","3.05","100","3.15","10","1,340.00",
="073300","台積電凱基54購06","0","0","0","--","--","--","--"," ","0.00","2.63","100","2.73","10","1,340.00",
="073301","台積電凱基54購07","40,000","6","105,520","2.62","2.68","2.62","2.68","X","0.00","2.62","100","2.72","10","1,340.00",
="073303","微星凱基4A購02","0","0","0","--","--","--","--"," ","0.00","--","0","0.10","10","119.50",
="073310","碩天凱基51購01","0","0","0","--","--","--","--"," ","0.00","0.15","10","0.16","40","217.00",
="073311","世芯凱基4B購03","0","0","0","--","--","--","--"," ","0.00","2.57","100","2.63","10","3,700.00",
="073320","台積電台新4A購01","0","0","0","--","--","--","--"," ","0.00","2.59","10","--","0","0.00",
="073321","亞泥統一55購01","401,000","2","140,360","0.35","0.36","0.35","0.36","-","0.01","0.35","10","0.36","10","36.85",
="073323","台玻統一52購02","0","0","0","--","--","--","--"," ","0.00","1.59","10","1.65","10","25.95",
="073324","台積電統一63購01","65,000","5","71,500","1.10","1.10","1.10","1.10","+","0.07","1.07","10","1.08","10","1,340.00",
="073325","華邦電統一53購01","1,270,000","15","5,356,340","4.27","4.27","4.13","4.13","X","0.00","4.35","10","4.45","10","36.45",
="073326","華邦電統一53購02","16,000","4","38,160","2.30","2.49","2.30","2.49","+","0.33","2.55","10","2.63","10","36.45",
="073328","敬鵬統一55購01","29,000","3","17,390","0.60","0.61","0.59","0.59","-","0.03","0.59","30","0.60","10","36.55",
="073329","昆盈統一5B購01","0","0","0","--","--","--","--"," ","0.00","0.36","10","0.37","10","42.60",
="073330","材料統一53購01","31,000","2","4,030","0.13","0.13","0.13","0.13","X","0.00","0.12","11","0.13","10","66.40",
="073331","矽格統一55購01","10,000","1","6,900","0.69","0.69","0.69","0.69","+","0.03","0.66","10","0.67","10","93.00",
="073332","迅得統一53購03","0","0","0","--","--","--","--"," ","0.00","0.28","10","0.29","10","176.00",
="073333","訊芯統一53購02","8,000","2","2,520","0.32","0.32","0.31","0.31","+","0.01","0.29","10","0.30","10","164.50",
="073337","滬深2X群益4B購03","0","0","0","--","--","--","--"," ","0.00","0.10","50","3.27","10","19.04",
="073342","大成鋼群益4A購04","0","0","0","--","--","--","--"," ","0.00","--","0","--","0","37.90",
="073343","大成鋼群益4B購02","0","0","0","--","--","--","--"," ","0.00","--","0","0.10","10","37.90",
="073349","台光電群益4B購01","0","0","0","--","--","--","--"," ","0.00","--","0","15.80","10","1,345.00",
="073352","裕民群益4B購01","0","0","0","--","--","--","--"," ","0.00","0.19","10","0.29","10","55.30",
="073355","群創群益4B購03","4,000","3","3,200","0.73","0.83","0.73","0.83","-","0.04","0.81","25","0.82","10","14.15",
="073363","臺股指群益4A購16","12,000","12","22,230","1.79","1.91","1.79","1.91","+","0.19","1.87","499","1.88","10","0.00",
="073366","華城元大51購03","0","0","0","--","--","--","--"," ","0.00","0.41","499","0.42","10","586.00",
="073368","大成鋼元大4A購04","0","0","0","--","--","--","--"," ","0.00","--","0","0.10","10","37.90",
="073369","大成鋼元大4B購05","0","0","0","--","--","--","--"," ","0.00","--","0","0.10","10","37.90",
="07336P","鴻海凱基4A售05","0","0","0","--","--","--","--"," ","0.00","--","0","0.10","10","0.00",
="073377","華邦電元大4A購01","0","0","0","--","--","--","--"," ","0.00","7.30","150","--","0","36.45",
="073378","華邦電元大4B購01","50,000","5","290,000","5.80","5.85","5.75","5.85","X","0.00","6.00","150","6.60","20","36.45",
="073396","宏達電元富51購02","7,000","4","35,010","5.00","5.05","4.97","4.97","-","0.03","4.84","3","7.40","1","64.60",
="073405","世紀鋼元大4A購01","0","0","0","--","--","--","--"," ","0.00","0.10","499","0.11","10","171.50",
="073406","世紀鋼元大4B購02","0","0","0","--","--","--","--"," ","0.00","0.21","499","0.22","10","171.50",
="073408","三芳富邦4C購01","0","0","0","--","--","--","--"," ","0.00","0.26","10","0.27","10","0.00",
="073410","聯發科富邦4B購02","0","0","0","--","--","--","--"," ","0.00","0.01","100","0.03","10","0.00",
="073413","神達富邦4A購02","10,000","1","10,900","1.09","1.09","1.09","1.09","+","0.08","1.15","30","1.16","10","0.00",
="073414","祥碩富邦4A購01","0","0","0","--","--","--","--"," ","0.00","--","0","0.01","100","0.00",
="073418","華邦電國泰4A購01","0","0","0","--","--","--","--"," ","0.00","13.60","499","--","0","36.45",
="073420","智邦國泰4A購02","0","0","0","--","--","--","--"," ","0.00","5.90","499","--","0","1,005.00",
="073421","昆盈國泰4A購01","0","0","0","--","--","--","--"," ","0.00","0.01","499","0.07","10","42.60",
="073422","聯發科國泰4A購01","0","0","0","--","--","--","--"," ","0.00","--","0","0.06","10","1,375.00",
="073423","健鼎國泰4A購01","0","0","0","--","--","--","--"," ","0.00","7.45","499","--","0","309.50",
="073426","台積電中信4C購05","109,000","8","192,070","1.68","1.82","1.68","1.82","+","0.30","1.74","10","1.78","10","0.00",
="073428","鉅祥中信4A購01","0","0","0","--","--","--","--"," ","0.00","0.16","499","--","0","0.00",
="073429","亞翔中信4B購01","132,000","8","91,570","0.67","0.72","0.64","0.64","-","0.05","0.65","499","0.67","10","0.00",
="073430","臺股指中信4A購07","0","0","0","--","--","--","--"," ","0.00","0.60","499","0.61","100","0.00",
="073431","臺股指中信4A購08","0","0","0","--","--","--","--"," ","0.00","--","0","0.02","10","0.00",
="073437","東陽永豐4A購01","0","0","0","--","--","--","--"," ","0.00","--","0","0.10","10","94.10",
="073438","上銀永豐4C購01","0","0","0","--","--","--","--"," ","0.00","0.40","10","0.41","10","217.50",
="073441","聯發科永豐57購01","0","0","0","--","--","--","--"," ","0.00","1.15","10","1.16","10","1,375.00",
="073444","群創永豐4A購01","1,000","1","360","0.36","0.36","0.36","0.36","X","0.00","0.26","10","0.36","10","14.15",
="073445","訊芯永豐4A購01","0","0","0","--","--","--","--"," ","0.00","0.07","499","0.17","10","164.50",
="073447","台積電兆豐4B購02","0","0","0","--","--","--","--"," ","0.00","--","0","--","0","1,340.00",
="073448","京元電兆豐53購01","0","0","0","--","--","--","--"," ","0.00","4.22","10","--","0","167.00",
="073449","上銀統一53購02","0","0","0","--","--","--","--"," ","0.00","0.17","10","0.18","10","217.50",
="073450","鴻海統一63購01","50,000","1","56,500","1.13","1.13","1.13","1.13","X","0.00","1.13","10","1.14","10","221.00",
="073451","台積電統一53購04","19,000","3","29,250","1.55","1.55","1.53","1.53","+","0.11","1.52","10","1.58","9","1,340.00",
="073452","台積電統一53購05","0","0","0","--","--","--","--"," ","0.00","1.15","10","1.16","10","1,340.00",
="073453","昆盈統一53購01","103,000","6","27,710","0.27","0.28","0.26","0.26","-","0.01","0.25","10","0.26","10","42.60",
="073454","昆盈統一53購02","0","0","0","--","--","--","--"," ","0.00","0.28","10","0.29","10","42.60",
="073455","昆盈統一5C購01","1,000","1","380","0.38","0.38","0.38","0.38","-","0.02","0.37","10","0.38","10","42.60",
="073456","漢唐統一55購01","0","0","0","--","--","--","--"," ","0.00","2.92","10","3.01","10","987.00",
="073457","南亞科統一53購01","0","0","0","--","--","--","--"," ","0.00","3.55","3","3.61","10","81.00",
="073458","牧德統一53購02","109,000","3","81,410","0.74","0.75","0.73","0.73","-","0.02","0.70","10","0.71","10","544.00",
="073459","緯穎統一51購05","0","0","0","--","--","--","--"," ","0.00","2.26","10","2.27","10","3,140.00",
="073460","富世達統一5B購01","113,000","3","82,610","0.73","0.76","0.73","0.76","X","0.00","0.73","10","0.74","10","1,010.00",
="073463","上証2X國票4A購03","0","0","0","--","--","--","--"," ","0.00","2.53","25","2.55","10","47.20",
="073464","滬深2X國票4A購02","70,000","2","216,300","3.11","3.11","2.97","2.97","-","0.20","2.97","25","3.01","10","19.04",
="073465","群臺2X國票4B購01","0","0","0","--","--","--","--"," ","0.00","3.50","25","3.53","10","108.15",
="073466","SGBR2X國票4C購01","0","0","0","--","--","--","--"," ","0.00","0.79","25","0.80","10","10.98",
="073467","中502X國票4A購01","30,000","1","20,400","0.68","0.68","0.68","0.68","X","0.00","0.63","25","0.64","10","13.10",
="073468","中鋼國票4A購02","0","0","0","--","--","--","--"," ","0.00","0.03","25","0.04","10","19.45",
="073471","陽明國票4A購01","0","0","0","--","--","--","--"," ","0.00","0.02","25","0.03","10","55.20",
="073472","陽明國票4B購01","0","0","0","--","--","--","--"," ","0.00","0.07","25","0.08","10","55.20",
="073473","慧洋國票4A購01","0","0","0","--","--","--","--"," ","0.00","0.01","25","0.02","10","58.40",
="073474","慧洋國票4B購01","0","0","0","--","--","--","--"," ","0.00","--","0","0.05","20","58.40",
="073475","王品國票4A購01","0","0","0","--","--","--","--"," ","0.00","0.03","25","0.04","10","230.00",
="073476","健鼎國票4A購01","0","0","0","--","--","--","--"," ","0.00","--","0","--","0","309.50",
="073477","富華新國票4A購01","0","0","0","--","--","--","--"," ","0.00","--","0","--","0","20.05",
="073478","貿聯國票4A購03","0","0","0","--","--","--","--"," ","0.00","11.90","25","12.90","10","1,085.00",
="073480","矽格國票4A購02","0","0","0","--","--","--","--"," ","0.00","0.01","25","0.02","10","93.00",
="073481","穎崴國票4A購03","243,000","20","183,430","0.78","1.00","0.60","0.72","-","0.13","0.72","25","0.77","10","2,015.00",
="073482","緯穎國票4A購02","0","0","0","--","--","--","--"," ","0.00","6.15","25","6.35","10","3,140.00",
="073483","富世達國票4A購01","0","0","0","--","--","--","--"," ","0.00","0.75","25","0.80","10","1,010.00",
="073485","台灣50富邦4C購01","0","0","0","--","--","--","--"," ","0.00","6.45","100","6.65","10","0.00",
="073486","台灣50富邦51購02","2,000","1","16,000","8.00","8.00","8.00","8.00","+","1.05","8.05","100","8.10","28","0.00",
="073487","台灣50富邦53購01","2,000","1","12,300","6.15","6.15","6.15","6.15","+","1.00","6.20","100","6.25","38","0.00",
="073488","中興電富邦4A購01","0","0","0","--","--","--","--"," ","0.00","0.02","30","0.03","10","0.00",
="073489","大成鋼富邦4C購01","0","0","0","--","--","--","--"," ","0.00","0.44","10","0.45","10","0.00",
="073491","鴻海富邦4B購04","45,000","4","88,970","1.47","2.03","1.47","2.03","X","0.00","2.03","30","2.08","10","0.00",
="073493","台積電富邦4A購02","10,000","1","31,200","3.12","3.12","3.12","3.12","+","0.37","3.22","30","3.30","10","0.00",
="073494","台積電富邦4B購05","0","0","0","--","--","--","--"," ","0.00","1.99","30","2.05","10","0.00",
="073495","台積電富邦4B購06","0","0","0","--","--","--","--"," ","0.00","2.99","30","3.07","10","0.00",
="073497","南亞科富邦4B購02","0","0","0","--","--","--","--"," ","0.00","3.80","10","3.90","10","0.00",
="073498","奇鋐富邦4B購03","0","0","0","--","--","--","--"," ","0.00","3.98","10","4.08","10","0.00",
="073500","臺股指富邦56購01","0","0","0","--","--","--","--"," ","0.00","1.90","499","1.91","100","0.00",
="073502","元債2X凱基55購01","0","0","0","--","--","--","--"," ","0.00","0.36","499","0.37","499","7.35",
="073508","光寶科凱基4B購01","25,000","3","127,000","5.05","5.20","5.05","5.20","+","0.40","5.10","50","--","0","183.00",
="073510","台積電凱基4C購15","0","0","0","--","--","--","--"," ","0.00","2.96","100","3.06","10","1,340.00",
="073511","台積電凱基51購07","0","0","0","--","--","--","--"," ","0.00","2.13","100","2.23","10","1,340.00",
="073512","台積電凱基54購08","0","0","0","--","--","--","--"," ","0.00","4.12","25","4.22","10","1,340.00",
="073515","所羅門凱基4B購02","0","0","0","--","--","--","--"," ","0.00","0.08","10","0.10","10","144.50",
="073516","昆盈凱基4A購02","0","0","0","--","--","--","--"," ","0.00","0.01","220","0.10","10","42.60",
="073521","聯發科凱基51購02","0","0","0","--","--","--","--"," ","0.00","0.12","100","0.13","10","1,375.00",
="073525","群創凱基4B購01","1,777,000","35","1,329,590","0.74","0.80","0.63","0.75","+","0.06","0.75","130","0.87","9","14.15",
="073526","牧德凱基4A購02","0","0","0","--","--","--","--"," ","0.00","0.06","10","0.16","10","544.00",
="07352P","鴻海凱基4A售06","0","0","0","--","--","--","--"," ","0.00","--","0","0.10","10","0.00",
="073535","亞翔凱基51購01","0","0","0","--","--","--","--"," ","0.00","3.89","100","3.99","10","358.50",
="073538","穎崴凱基4B購02","0","0","0","--","--","--","--"," ","0.00","2.46","100","--","0","2,015.00",
="073539","緯穎凱基4A購03","0","0","0","--","--","--","--"," ","0.00","7.25","100","--","0","3,140.00",
="073542","滬深2X群益4B購04","0","0","0","--","--","--","--"," ","0.00","0.10","50","4.18","10","19.04",
="073544","華友聯群益52購01","0","0","0","--","--","--","--"," ","0.00","0.03","30","--","0","73.20",
="073548","大成鋼群益4C購02","0","0","0","--","--","--","--"," ","0.00","0.14","10","0.24","10","37.90",
="073551","廣宇群益4A購02","0","0","0","--","--","--","--"," ","0.00","--","0","--","0","54.10",
="073553","台積電群益4A購25","0","0","0","--","--","--","--"," ","0.00","2.39","499","--","0","1,340.00",
="073554","台積電群益4B購13","0","0","0","--","--","--","--"," ","0.00","2.00","499","2.10","10","1,340.00",
="073558","台光電群益4B購02","0","0","0","--","--","--","--"," ","0.00","--","0","16.60","10","1,345.00",
="073561","南亞科群益4A購03","0","0","0","--","--","--","--"," ","0.00","--","0","--","0","81.00",
="073563","南亞科群益4B購01","0","0","0","--","--","--","--"," ","0.00","--","0","--","0","81.00",
="073564","美律群益4B購02","0","0","0","--","--","--","--"," ","0.00","--","0","0.13","10","104.00",
="073567","裕民群益4B購02","0","0","0","--","--","--","--"," ","0.00","0.32","10","0.42","10","55.30",
="073572","牧德群益4B購01","0","0","0","--","--","--","--"," ","0.00","0.12","30","0.89","10","544.00",
="073573","智易群益4A購01","0","0","0","--","--","--","--"," ","0.00","--","0","0.12","10","223.00",
="073577","材料群益53購01","0","0","0","--","--","--","--"," ","0.00","0.07","10","0.17","10","66.40",
="073582","電子類群益4A購01","1,000","1","5,200","5.20","5.20","5.20","5.20","X","0.00","5.25","499","5.30","499","0.00",
="073585","SGBR2X元富53購01","25,000","4","20,920","0.84","0.84","0.83","0.84","-","0.08","0.83","25","0.84","10","10.98",
="073595","台積電元富53購02","0","0","0","--","--","--","--"," ","0.00","--","0","--","0","1,340.00",
="073596","台積電元富53購03","0","0","0","--","--","--","--"," ","0.00","--","0","--","0","1,340.00",
="073597","台積電元富53購04","0","0","0","--","--","--","--"," ","0.00","--","0","--","0","1,340.00",
="073598","所羅門元富4A購01","0","0","0","--","--","--","--"," ","0.00","0.06","25","0.10","10","144.50",
="073600","南亞科元富4A購02","0","0","0","--","--","--","--"," ","0.00","--","0","--","0","81.00",
="073604","奇鋐元富4C購01","0","0","0","--","--","--","--"," ","0.00","10.90","25","11.30","25","1,015.00",
="073605","奇鋐元富51購01","0","0","0","--","--","--","--"," ","0.00","5.30","25","5.45","25","1,015.00",
="073609","材料元富4B購03","0","0","0","--","--","--","--"," ","0.00","0.06","25","0.10","10","66.40",
="073611","亞翔元富4A購03","0","0","0","--","--","--","--"," ","0.00","4.39","25","4.49","25","358.50",
="073614","緯穎元富4C購02","0","0","0","--","--","--","--"," ","0.00","3.40","25","3.46","25","3,140.00",
="07361P","皇昌統一4C售01","12,000","3","4,450","0.37","0.38","0.37","0.38","-","0.01","0.37","10","0.38","14","0.00",
="073624","川湖元大4B購03","0","0","0","--","--","--","--"," ","0.00","3.32","250","3.42","10","3,220.00",
="073625","川湖元大51購03","0","0","0","--","--","--","--"," ","0.00","1.99","350","2.06","10","3,220.00",
="073627","鴻海元大4B購03","45,000","6","100,070","2.20","2.32","2.18","2.22","+","0.25","2.22","400","2.25","10","221.00",
="073630","台積電元大52購03","0","0","0","--","--","--","--"," ","0.00","--","0","--","0","1,340.00",
="073634","華邦電元大4A購02","0","0","0","--","--","--","--"," ","0.00","7.55","100","--","0","36.45",
="073637","大同元大4A購03","0","0","0","--","--","--","--"," ","0.00","0.12","499","0.13","10","39.85",
="073638","大同元大4C購01","6,000","2","2,820","0.42","0.48","0.42","0.48","+","0.02","0.48","499","0.50","10","39.85",
="07363P","國企2X元大4A售02","0","0","0","--","--","--","--"," ","0.00","0.39","499","0.40","50","0.00",
="073644","南亞科元大4B購01","0","0","0","--","--","--","--"," ","0.00","8.95","25","10.80","5","81.00",
="073646","南亞科元大4C購01","0","0","0","--","--","--","--"," ","0.00","6.80","25","--","0","81.00",
="073661","智原元大4C購01","1,680,000","7","188,120","0.11","0.13","0.11","0.12","+","0.04","0.11","30","0.20","1","174.00",
="073669","群創元大4C購01","0","0","0","--","--","--","--"," ","0.00","0.20","499","0.21","10","14.15",
="073678","世紀鋼元大4A購02","0","0","0","--","--","--","--"," ","0.00","0.05","499","0.06","10","171.50",
="073680","世紀鋼元大4B購03","1,000","1","150","0.15","0.15","0.15","0.15","+","0.02","0.12","499","0.13","10","171.50",
="073682","T50正2國泰4A購01","0","0","0","--","--","--","--"," ","0.00","5.75","499","--","0","302.45",
="073683","T50反1國泰4A購01","0","0","0","--","--","--","--"," ","0.00","--","0","--","0","18.29",
="073684","滬深2X國泰4A購01","0","0","0","--","--","--","--"," ","0.00","2.99","499","3.05","10","19.04",
="073685","大成鋼國泰4A購01","0","0","0","--","--","--","--"," ","0.00","--","0","--","0","37.90",
="073686","裕民國泰4A購01","0","0","0","--","--","--","--"," ","0.00","--","0","--","0","55.30",
="073687","慧洋國泰4A購01","0","0","0","--","--","--","--"," ","0.00","--","0","--","0","58.40",
="073688","日月光國泰4A購01","0","0","0","--","--","--","--"," ","0.00","0.08","499","--","0","174.50",
="073689","達興國泰4A購01","0","0","0","--","--","--","--"," ","0.00","10.30","499","--","0","399.00",
="073690","達興國泰4A購02","0","0","0","--","--","--","--"," ","0.00","9.45","499","--","0","399.00",
="073691","S&P反1中信4B購01","0","0","0","--","--","--","--"," ","0.00","0.27","499","0.28","100","0.00",
="073695","台積電中信4B購03","131,000","8","294,490","2.22","2.33","2.22","2.33","+","0.25","2.26","10","2.30","10","0.00",
="073696","台灣50國票4B購02","2,000","1","18,000","9.00","9.00","9.00","9.00","+","1.55","9.05","25","9.15","10","58.45",
="073697","台灣50國票51購01","6,000","5","16,930","2.62","2.95","2.62","2.95","+","0.71","3.02","25","3.03","10","58.45",
="073698","T50正2國票4A購03","0","0","0","--","--","--","--"," ","0.00","2.61","25","2.63","10","302.45",
="073700","FBNQ2X國票4A購02","0","0","0","--","--","--","--"," ","0.00","4.41","25","--","0","159.20",
="073702","南亞國票4A購01","0","0","0","--","--","--","--"," ","0.00","0.12","25","0.30","62","39.80",
="073703","華城國票4B購01","5,000","1","2,050","0.41","0.41","0.41","0.41","X","0.00","0.44","25","0.45","10","586.00",
="073704","台積電國票4C購04","12,000","3","38,000","2.91","3.19","2.91","3.19","+","0.60","3.18","25","3.26","10","1,340.00",
="073705","台積電國票51購03","52,000","15","145,710","2.72","2.94","2.71","2.94","+","0.50","2.97","25","3.00","10","1,340.00",
="073706","台積電國票57購01","59,000","20","178,340","2.98","3.14","2.97","3.14","+","0.39","3.18","25","3.19","10","1,340.00",
="073707","台積電國票59購02","97,000","27","291,860","2.90","3.09","2.89","3.06","+","0.34","3.09","25","3.10","10","1,340.00",
="073708","台積電國票5A購01","31,000","18","93,150","2.97","3.12","2.96","3.12","+","0.37","3.16","25","3.17","10","1,340.00",
="073709","台積電國票5B購01","23,000","17","66,650","2.87","3.01","2.86","3.01","+","0.32","3.04","25","3.05","10","1,340.00",
="073710","智邦國票4A購02","0","0","0","--","--","--","--"," ","0.00","--","0","--","0","1,005.00",
="073711","毅嘉國票4A購02","18,000","1","19,080","1.06","1.06","1.06","1.06","-","0.07","0.82","25","0.85","10","53.50",
="073712","漢唐國票4A購01","0","0","0","--","--","--","--"," ","0.00","22.60","25","23.60","10","987.00",
="073713","美律國票4A購02","15,000","2","450","0.03","0.03","0.03","0.03","X","0.00","0.03","25","0.04","10","104.00",
="073714","鉅祥國票4A購01","0","0","0","--","--","--","--"," ","0.00","1.32","25","1.41","10","108.50",
="073715","大立光國票4A購02","0","0","0","--","--","--","--"," ","0.00","0.01","25","0.02","40","2,360.00",
="073716","奇鋐國票4A購02","0","0","0","--","--","--","--"," ","0.00","13.50","25","14.40","10","1,015.00",
="073717","欣興國票4A購01","0","0","0","--","--","--","--"," ","0.00","2.19","25","2.29","10","159.00",
="073718","創意國票4B購02","401,000","2","52,140","0.13","0.14","0.13","0.14","X","0.00","0.13","25","0.14","10","1,315.00",
="073720","瑞祺國票4A購01","0","0","0","--","--","--","--"," ","0.00","0.01","25","0.02","10","86.90",
="073721","晶心科國票4B購01","1,432,000","6","69,760","0.05","0.06","0.04","0.04"," ","0.00","0.04","25","0.05","10","325.50",
="073724","臺股指國票4A購01","0","0","0","--","--","--","--"," ","0.00","4.47","499","4.57","10","0.00",
="073725","A50正2永豐4C購01","120,000","10","196,500","1.59","1.81","1.50","1.50","-","0.07","0.11","90","1.60","10","32.79",
="073727","南亞永豐4B購01","198,000","7","360,100","1.85","2.16","1.71","1.71","+","0.04","1.47","10","1.57","10","39.80",
="073728","台化永豐4A購01","0","0","0","--","--","--","--"," ","0.00","0.02","10","0.12","10","28.95",
="073731","台積電永豐63購01","1,000","1","26,200","26.20","26.20","26.20","26.20","X","0.00","9.20","16","--","0","1,340.00",
="073732","技嘉永豐4A購02","0","0","0","--","--","--","--"," ","0.00","1.24","10","1.34","10","283.00",
="073733","長榮永豐4A購02","0","0","0","--","--","--","--"," ","0.00","0.03","499","0.04","10","182.00",
="073735","牧德永豐4B購01","15,000","1","2,700","0.18","0.18","0.18","0.18","X","0.00","0.17","10","0.18","10","544.00",
="073736","亞翔永豐4C購01","0","0","0","--","--","--","--"," ","0.00","1.93","499","1.96","10","358.50",
="073737","東陽統一51購02","55,000","2","4,950","0.09","0.09","0.09","0.09","-","0.01","0.09","160","0.10","10","94.10",
="073738","和大統一5B購01","0","0","0","--","--","--","--"," ","0.00","0.31","10","0.32","10","65.30",
="073739","華邦電統一59購01","392,000","28","804,000","1.98","2.10","1.96","2.09","+","0.25","2.09","10","2.11","10","36.45",
="073740","精元統一52購01","0","0","0","--","--","--","--"," ","0.00","0.05","10","0.06","10","41.70",
="073741","漢唐統一51購04","0","0","0","--","--","--","--"," ","0.00","--","0","--","0","987.00",
="073742","美律統一53購02","58,000","2","17,400","0.30","0.30","0.30","0.30","X","0.00","0.30","10","0.31","10","104.00",
="073743","美律統一55購01","46,000","1","16,560","0.36","0.36","0.36","0.36","X","0.00","0.36","10","0.37","10","104.00",
="073744","裕民統一52購06","0","0","0","--","--","--","--"," ","0.00","0.21","10","0.22","10","55.30",
="073745","慧洋統一52購03","0","0","0","--","--","--","--"," ","0.00","0.11","10","0.12","10","58.40",
="073746","慧洋統一53購02","0","0","0","--","--","--","--"," ","0.00","0.09","10","0.10","10","58.40",
="073747","全漢統一52購01","0","0","0","--","--","--","--"," ","0.00","0.18","10","0.19","10","54.80",
="073748","智原統一53購01","225,000","9","21,300","0.09","0.10","0.09","0.09","+","0.02","0.09","38","0.10","507","174.00",
="073749","達興統一53購06","0","0","0","--","--","--","--"," ","0.00","2.12","10","2.22","10","399.00",
="073750","達興統一56購01","0","0","0","--","--","--","--"," ","0.00","2.08","10","2.18","10","399.00",
="073751","矽格統一52購03","179,000","6","150,430","0.83","0.85","0.83","0.85"," ","0.00","0.78","10","0.79","10","93.00",
="073752","矽格統一53購01","256,000","8","223,180","0.87","0.88","0.85","0.85","-","0.01","0.80","10","0.81","10","93.00",
="073753","訊芯統一53購03","199,000","2","67,660","0.34","0.34","0.34","0.34","+","0.03","0.31","10","0.32","10","164.50",
="073754","愛普統一53購01","0","0","0","--","--","--","--"," ","0.00","0.64","10","0.65","10","344.00",
="073756","愛普統一59購01","244,000","10","193,810","0.81","0.81","0.76","0.79","-","0.03","0.79","10","0.80","10","344.00",
="073760","台灣50凱基52購02","6,000","2","38,500","6.30","6.65","6.30","6.65","+","1.05","6.70","100","6.75","10","58.45",
="073762","上証2X凱基4B購02","0","0","0","--","--","--","--"," ","0.00","0.59","100","0.60","50","47.20",
="073764","群臺2X凱基4B購01","6,000","2","21,690","3.44","3.65","3.44","3.65","+","0.50","3.69","10","3.70","10","108.15",
="073766","和大凱基4C購01","5,000","1","350","0.07","0.07","0.07","0.07"," ","0.00","0.06","100","0.16","10","65.30",
="073768","中鴻凱基4A購01","0","0","0","--","--","--","--"," ","0.00","--","0","--","0","15.90",
="073770","鴻海凱基61購01","14,000","3","65,420","4.65","4.71","4.63","4.71","X","0.00","4.71","100","--","0","221.00",
="073771","國巨凱基4A購04","0","0","0","--","--","--","--"," ","0.00","4.48","499","--","0","176.00",
="073772","大同凱基4B購01","295,000","3","19,700","0.06","0.07","0.06","0.07","X","0.00","0.06","10","0.08","50","39.85",
="073773","佳能凱基4B購01","30,000","4","54,820","1.79","1.83","1.79","1.83","X","0.00","1.76","100","1.86","10","88.80",
="073776","美律凱基4B購01","0","0","0","--","--","--","--"," ","0.00","--","0","0.08","10","104.00",
="07377P","國企2X凱基4A售04","100,000","1","33,000","0.33","0.33","0.33","0.33","+","0.01","0.35","10","0.36","50","0.00",
="073781","奇鋐凱基4A購02","0","0","0","--","--","--","--"," ","0.00","12.00","100","--","0","1,015.00",
="073782","智原凱基52購01","23,000","1","8,050","0.35","0.35","0.35","0.35","+","0.03","0.36","100","0.37","30","174.00",
="073786","景碩凱基51購01","196,000","8","124,300","0.65","0.69","0.55","0.55","-","0.09","0.55","104","0.59","10","111.50",
="073787","緯創凱基4A購03","6,000","2","3,020","0.49","0.57","0.49","0.57","X","0.00","0.44","100","0.54","10","122.50",
="073790","貿聯凱基4A購03","0","0","0","--","--","--","--"," ","0.00","13.00","100","14.00","10","1,085.00",
="073791","達興凱基4A購01","0","0","0","--","--","--","--"," ","0.00","7.70","10","--","0","399.00",
="073792","亞翔凱基52購01","56,000","9","167,450","2.97","3.02","2.79","3.02","+","0.14","2.93","10","2.95","10","358.50",
="073794","矽格凱基4A購01","0","0","0","--","--","--","--"," ","0.00","0.05","10","0.15","10","93.00",
="073795","晶心科凱基4C購01","259,000","3","20,970","0.08","0.09","0.08","0.09","+","0.02","0.08","100","0.10","10","325.50",
="073796","緯穎凱基54購01","0","0","0","--","--","--","--"," ","0.00","5.30","50","5.80","10","3,140.00",
="073798","臺股指凱基55購01","28,000","6","66,840","2.30","2.52","2.25","2.52","+","0.37","2.44","100","2.45","12","0.00",
="073800","滬深2X元富53購01","248,000","3","539,400","2.24","2.24","2.05","2.05","+","0.06","0.22","45","--","0","19.04",
="073805","和大元富53購01","0","0","0","--","--","--","--"," ","0.00","0.28","25","0.29","25","65.30",
="073806","大亞元富4A購01","0","0","0","--","--","--","--"," ","0.00","0.08","25","0.10","10","39.85",
="073810","廣宇元富53購02","20,000","2","32,300","1.65","1.65","1.58","1.58","-","0.02","1.58","25","1.59","25","54.10",
="073816","智邦元富4A購02","0","0","0","--","--","--","--"," ","0.00","6.60","25","6.85","25","1,005.00",
="073817","智邦元富51購01","0","0","0","--","--","--","--"," ","0.00","5.15","25","5.30","25","1,005.00",
="073819","所羅門元富4A購02","0","0","0","--","--","--","--"," ","0.00","--","0","0.10","25","144.50",
="073820","南亞科元富53購01","0","0","0","--","--","--","--"," ","0.00","4.63","2","--","0","81.00",
="073824","奇鋐元富53購01","0","0","0","--","--","--","--"," ","0.00","6.35","25","6.50","25","1,015.00",
="073825","材料元富59購01","9,000","5","3,190","0.35","0.36","0.35","0.35"," ","0.00","0.34","27","0.35","25","66.40",
="073826","台灣50元大4A購07","0","0","0","--","--","--","--"," ","0.00","0.26","499","0.36","10","58.45",
="073827","台灣50元大4B購03","434,000","9","46,150","0.09","0.12","0.08","0.10","X","0.00","0.11","100","0.21","10","58.45",
="073829","FBNQ2X元大4C購01","0","0","0","--","--","--","--"," ","0.00","3.60","499","3.70","10","159.20",
="073830","台泥元大51購02","0","0","0","--","--","--","--"," ","0.00","0.01","998","0.11","10","23.75",
="073833","華城元大52購01","5,000","1","1,600","0.32","0.32","0.32","0.32","-","0.02","0.31","499","0.32","10","586.00",
="073841","台積電元大4C購04","20,000","2","32,100","1.59","1.62","1.59","1.62","X","0.00","--","0","--","0","1,340.00",
="073842","台積電元大52購04","0","0","0","--","--","--","--"," ","0.00","--","0","--","0","1,340.00",
="073845","華邦電元大51購01","22,000","4","148,400","7.00","7.40","6.65","7.40","+","1.40","7.30","100","7.45","10","36.45",
="073855","裕民元大4A購02","0","0","0","--","--","--","--"," ","0.00","--","0","0.10","10","55.30",
="073856","裕民元大4B購02","0","0","0","--","--","--","--"," ","0.00","--","0","0.10","10","55.30",
="073858","慧洋元大4C購01","0","0","0","--","--","--","--"," ","0.00","0.06","499","0.07","10","58.40",
="07385P","台灣50群益4C售04","148,000","9","76,470","0.54","0.54","0.48","0.49","-","0.14","0.49","100","0.50","100","0.00",
="073863","新日興元大4B購01","102,000","6","28,940","0.27","0.30","0.24","0.24","-","0.05","0.01","499","--","0","237.00",
="073866","神達元大4C購01","0","0","0","--","--","--","--"," ","0.00","3.21","250","--","0","90.00",
="073878","元債2X群益53購01","0","0","0","--","--","--","--"," ","0.00","0.18","25","0.19","10","7.35",
="073879","美費半群益4B購02","0","0","0","--","--","--","--"," ","0.00","1.85","25","1.86","10","49.19",
="073880","台泥群益53購01","0","0","0","--","--","--","--"," ","0.00","0.01","998","0.06","50","23.75",
="073888","上銀群益4B購01","0","0","0","--","--","--","--"," ","0.00","0.06","100","0.07","100","217.50",
="073891","鴻海群益51購03","51,000","6","190,290","3.66","3.81","3.66","3.81","+","0.45","3.78","25","3.81","1","221.00",
="073899","友達群益4C購01","150,000","5","15,000","0.12","0.12","0.06","0.06","-","1.14","0.03","100","0.06","169","13.70",
="073902","皇昌群益51購01","0","0","0","--","--","--","--"," ","0.00","0.30","25","0.31","10","72.70",
="073904","裕民群益4B購04","0","0","0","--","--","--","--"," ","0.00","0.19","10","0.29","10","55.30",
="073906","慧洋群益4B購02","0","0","0","--","--","--","--"," ","0.00","--","0","--","0","58.40",
="073910","欣興群益4A購02","0","0","0","--","--","--","--"," ","0.00","--","0","--","0","159.00",
="073912","群創群益51購01","0","0","0","--","--","--","--"," ","0.00","0.53","100","0.55","100","14.15",
="073913","敦泰群益4A購01","0","0","0","--","--","--","--"," ","0.00","0.01","499","0.11","10","67.40",
="073916","材料群益51購01","0","0","0","--","--","--","--"," ","0.00","0.03","10","0.13","10","66.40",
="073917","立積群益4B購01","0","0","0","--","--","--","--"," ","0.00","--","0","0.11","10","151.50",
="073918","達興群益4B購01","0","0","0","--","--","--","--"," ","0.00","--","0","6.90","10","399.00",
="073922","巨大群益4B購01","0","0","0","--","--","--","--"," ","0.00","--","0","--","0","101.00",
="073924","美費半富邦4B購01","0","0","0","--","--","--","--"," ","0.00","0.93","10","1.02","10","0.00",
="073925","東陽富邦4B購01","0","0","0","--","--","--","--"," ","0.00","--","0","0.10","10","0.00",
="073926","和大富邦4C購01","0","0","0","--","--","--","--"," ","0.00","0.02","10","0.10","10","0.00",
="073928","欣興富邦4A購02","0","0","0","--","--","--","--"," ","0.00","1.11","30","--","0","0.00",
="073929","日月光富邦4B購01","42,000","5","34,800","0.85","0.85","0.78","0.78","+","0.01","0.79","30","0.80","10","0.00",
="073930","日月光富邦4B購02","608,000","6","293,350","0.50","0.50","0.46","0.48","+","0.06","0.46","30","0.47","10","0.00",
="073933","滬深2X富邦51購01","5,000","1","5,950","1.19","1.19","1.19","1.19","X","0.00","1.10","100","1.11","98","0.00",
="073934","大成鋼富邦4C購02","0","0","0","--","--","--","--"," ","0.00","0.29","10","0.30","10","0.00",
="073936","台光電富邦4B購02","0","0","0","--","--","--","--"," ","0.00","10.20","30","10.60","10","0.00",
="073937","漢唐富邦4B購01","0","0","0","--","--","--","--"," ","0.00","5.80","10","6.30","10","0.00",
="073938","美律富邦4B購01","0","0","0","--","--","--","--"," ","0.00","0.06","10","0.10","10","0.00",
="073940","材料富邦4B購02","0","0","0","--","--","--","--"," ","0.00","0.19","10","0.20","10","0.00",
="073942","臺股指富邦56購02","0","0","0","--","--","--","--"," ","0.00","2.01","499","2.02","100","0.00",
="073948","中鋼兆豐4B購01","0","0","0","--","--","--","--"," ","0.00","0.01","10","0.02","10","19.45",
="073949","大成鋼兆豐4B購02","0","0","0","--","--","--","--"," ","0.00","--","0","0.02","10","37.90",
="073950","材料兆豐4A購01","0","0","0","--","--","--","--"," ","0.00","--","0","--","0","66.40",
="073951","訊芯兆豐4B購01","0","0","0","--","--","--","--"," ","0.00","0.21","10","0.22","10","164.50",
="073952","元債2X中信4A購01","0","0","0","--","--","--","--"," ","0.00","--","0","0.02","10","0.00",
="073953","SGBR2X中信4A購01","0","0","0","--","--","--","--"," ","0.00","0.03","499","0.04","10","0.00",
="073958","臺股指中信4C購02","0","0","0","--","--","--","--"," ","0.00","0.58","499","0.59","300","0.00",
="073959","華新國泰4A購01","0","0","0","--","--","--","--"," ","0.00","0.04","499","0.10","25","24.05",
="07395P","滬深2X元大4A售06","234,000","41","42,750","0.17","0.23","0.13","0.23","+","0.05","0.20","250","0.21","250","0.00",
="073960","中鋼國泰4A購01","0","0","0","--","--","--","--"," ","0.00","0.01","599","--","0","19.45",
="073961","漢唐國泰4A購01","0","0","0","--","--","--","--"," ","0.00","19.40","10","20.00","10","987.00",
="073962","材料國泰4A購02","0","0","0","--","--","--","--"," ","0.00","--","0","--","0","66.40",
="073963","T50正2國票4C購01","1,000","1","4,610","4.61","4.61","4.61","4.61","X","0.00","4.53","25","4.61","10","302.45",
="073964","元金反國票59購01","3,000","1","330","0.11","0.11","0.11","0.11","X","0.00","0.11","46","0.12","10","6.80",
="073965","中502X國票4B購03","0","0","0","--","--","--","--"," ","0.00","0.19","25","0.20","10","13.10",
="073966","大成鋼國票4A購02","0","0","0","--","--","--","--"," ","0.00","--","0","--","0","37.90",
="073967","華邦電國票4A購04","0","0","0","--","--","--","--"," ","0.00","--","0","--","0","36.45",
="073969","群光國票4A購01","0","0","0","--","--","--","--"," ","0.00","0.08","25","0.09","10","140.00",
="07396P","中502X元大4A售02","0","0","0","--","--","--","--"," ","0.00","0.14","499","0.15","100","0.00",
="073972","陽明國票4A購02","0","0","0","--","--","--","--"," ","0.00","0.01","25","0.02","10","55.20",
="073974","長榮航國票4A購01","0","0","0","--","--","--","--"," ","0.00","0.02","25","0.03","10","38.85",
="073975","崇越國票4A購01","0","0","0","--","--","--","--"," ","0.00","0.89","25","0.94","10","302.50",
="073976","迎廣國票4A購01","0","0","0","--","--","--","--"," ","0.00","0.01","25","0.02","10","85.80",
="073977","美利達國票4B購01","0","0","0","--","--","--","--"," ","0.00","0.01","25","0.02","10","108.00",
="073978","台灣50永豐4B購02","0","0","0","--","--","--","--"," ","0.00","13.20","499","13.70","10","58.45",
="073981","A50正2永豐4A購01","0","0","0","--","--","--","--"," ","0.00","0.10","50","--","0","32.79",
="073983","大成鋼永豐4A購04","0","0","0","--","--","--","--"," ","0.00","0.01","499","0.11","10","37.90",
="073986","華邦電永豐4A購02","0","0","0","--","--","--","--"," ","0.00","7.35","499","--","0","36.45",
="073989","偉訓永豐4A購02","0","0","0","--","--","--","--"," ","0.00","0.28","499","0.38","10","97.50",
="073990","保瑞永豐4B購01","0","0","0","--","--","--","--"," ","0.00","0.34","499","0.35","10","693.00",
="073992","富世達永豐4A購01","79,000","8","304,360","3.73","4.20","3.73","3.74","X","0.00","3.63","499","3.73","10","1,010.00",
="073993","世紀鋼永豐4B購02","0","0","0","--","--","--","--"," ","0.00","0.20","10","0.21","10","171.50",
="073994","中鴻統一53購04","0","0","0","--","--","--","--"," ","0.00","0.04","10","0.05","10","15.90",
="073995","中鴻統一55購01","0","0","0","--","--","--","--"," ","0.00","0.04","10","0.05","10","15.90",
="073996","台積電統一56購05","91,000","3","104,650","1.15","1.15","1.15","1.15","+","0.13","1.11","10","1.12","10","1,340.00",
="073997","大同統一52購03","180,000","2","59,400","0.33","0.33","0.33","0.33","X","0.00","0.34","10","0.35","10","39.85",
="073998","群光統一52購01","0","0","0","--","--","--","--"," ","0.00","0.17","10","0.18","10","140.00",
="073999","群光統一55購01","400,000","1","96,000","0.24","0.24","0.24","0.24","-","0.01","0.23","10","0.24","10","140.00",
="074000","友達統一53購01","0","0","0","--","--","--","--"," ","0.00","0.27","10","0.28","10","13.70",
="074001","美律統一53購03","0","0","0","--","--","--","--"," ","0.00","0.21","10","0.22","10","104.00",
="074002","美律統一56購01","99,000","3","32,670","0.33","0.33","0.33","0.33","X","0.00","0.32","10","0.33","10","104.00",
="074003","智易統一53購01","20,000","1","11,400","0.57","0.57","0.57","0.57","+","0.01","0.56","10","0.57","10","223.00",
="074004","材料統一57購01","1,000","1","230","0.23","0.23","0.23","0.23","X","0.00","0.22","11","0.23","10","66.40",
="074005","豐藝統一53購01","0","0","0","--","--","--","--"," ","0.00","0.15","10","0.16","10","49.25",
="074006","愛普統一53購02","0","0","0","--","--","--","--"," ","0.00","0.67","10","0.68","10","344.00",
="074007","緯穎統一59購01","32,000","3","39,680","1.25","1.25","1.23","1.23"," ","0.00","1.23","10","1.24","10","3,140.00",
="074008","美利達統一53購01","0","0","0","--","--","--","--"," ","0.00","0.03","10","0.04","10","108.00",
="074009","美利達統一55購01","0","0","0","--","--","--","--"," ","0.00","0.09","10","0.10","10","108.00",
="074010","T50反1元富4C購06","0","0","0","--","--","--","--"," ","0.00","0.07","25","0.10","10","18.29",
="074011","上証2X元富4A購04","0","0","0","--","--","--","--"," ","0.00","--","0","--","0","47.20",
="074014","三芳元富4B購01","0","0","0","--","--","--","--"," ","0.00","--","0","0.10","25","30.30",
="074015","和大元富53購02","0","0","0","--","--","--","--"," ","0.00","0.31","25","0.32","25","65.30",
="074017","大成鋼元富4A購01","0","0","0","--","--","--","--"," ","0.00","--","0","0.10","10","37.90",
="074018","大成鋼元富4C購01","0","0","0","--","--","--","--"," ","0.00","0.10","25","0.11","25","37.90",
="074021","長榮航元富4A購02","0","0","0","--","--","--","--"," ","0.00","0.02","25","0.10","10","38.85",
="074023","偉訓元富4A購01","0","0","0","--","--","--","--"," ","0.00","0.12","25","0.13","25","97.50",
="074024","文曄元富4C購01","23,000","1","46,230","2.01","2.01","2.01","2.01","+","0.08","2.01","25","2.04","25","137.50",
="074025","欣興元富4C購01","0","0","0","--","--","--","--"," ","0.00","3.04","25","3.13","25","159.00",
="07402P","華城永豐4A售02","0","0","0","--","--","--","--"," ","0.00","0.12","10","0.13","10","0.00",
="074030","材料元富4A購04","0","0","0","--","--","--","--"," ","0.00","--","0","0.10","25","66.40",
="074031","材料元富4C購01","0","0","0","--","--","--","--"," ","0.00","0.02","25","0.10","10","66.40",
="074032","材料元富53購03","0","0","0","--","--","--","--"," ","0.00","0.21","25","0.22","25","66.40",
="074034","亞翔元富53購01","4,000","1","9,520","2.38","2.38","2.38","2.38","X","0.00","2.35","25","2.37","25","358.50",
="074035","臺股指元富4C購03","2,000","1","2,220","1.11","1.11","1.11","1.11","X","0.00","1.24","25","1.25","25","0.00",
="074039","台灣50凱基55購01","9,000","4","37,860","4.08","4.39","4.08","4.39","+","0.71","4.45","100","4.49","10","58.45",
="07403P","美債2X國票49售02","0","0","0","--","--","--","--"," ","0.00","0.23","25","0.24","10","0.00",
="074040","中502X凱基51購02","0","0","0","--","--","--","--"," ","0.00","0.72","100","0.73","50","13.10",
="074042","台泥凱基52購01","0","0","0","--","--","--","--"," ","0.00","0.02","100","0.12","10","23.75",
="074043","中興電凱基4B購01","5,000","1","4,950","0.99","0.99","0.99","0.99","-","0.05","0.99","100","1.01","10","159.00",
="074044","神達元富51購01","0","0","0","--","--","--","--"," ","0.00","8.65","25","9.15","25","90.00",
="074045","華城凱基51購01","0","0","0","--","--","--","--"," ","0.00","0.73","100","0.83","10","586.00",
="07404P","川湖國票49售03","0","0","0","--","--","--","--"," ","0.00","--","0","--","0","0.00",
="074050","台積電凱基4A購25","0","0","0","--","--","--","--"," ","0.00","5.05","20","5.55","10","1,340.00",
="074051","台積電凱基4A購26","0","0","0","--","--","--","--"," ","0.00","4.93","21","5.10","10","1,340.00",
="074052","台積電凱基53購06","0","0","0","--","--","--","--"," ","0.00","29.70","100","30.70","10","1,340.00",
="074054","智邦凱基4A購02","0","0","0","--","--","--","--"," ","0.00","2.98","10","3.08","10","1,005.00",
="074056","聯發科凱基61購01","96,000","8","126,110","1.35","1.35","1.30","1.30","-","0.07","1.26","100","1.27","10","1,375.00",
="074057","皇昌凱基51購02","0","0","0","--","--","--","--"," ","0.00","0.10","10","0.12","50","72.70",
="074059","大立光凱基52購01","0","0","0","--","--","--","--"," ","0.00","0.63","100","0.64","10","2,360.00",
="074063","群創凱基4C購01","121,000","4","18,560","0.14","0.16","0.14","0.16","+","0.02","0.15","499","0.16","40","14.15",
="074067","世芯凱基61購01","11,000","2","54,550","4.97","4.97","4.85","4.85","-","0.15","4.76","100","4.78","10","3,700.00",
="074068","材料凱基51購02","0","0","0","--","--","--","--"," ","0.00","0.03","100","0.13","10","66.40",
="074069","臻鼎凱基4B購01","10,000","1","55,500","5.55","5.55","5.55","5.55","+","0.74","4.82","100","4.92","10","171.50",
="07406P","穎崴國票49售04","0","0","0","--","--","--","--"," ","0.00","--","0","0.02","21","0.00",
="074072","緯穎凱基4A購04","0","0","0","--","--","--","--"," ","0.00","5.40","100","5.90","10","3,140.00",
="074076","臺股指凱基55購02","632,000","8","1,974,490","2.98","3.21","2.98","3.17","+","0.34","3.16","100","3.17","10","0.00",
="074077","臺股指凱基56購01","0","0","0","--","--","--","--"," ","0.00","3.46","100","3.47","10","0.00",
="07407P","滬深2X凱基4A售06","329,000","38","58,620","0.17","0.22","0.13","0.22","+","0.05","0.19","10","0.20","50","0.00",
="074082","亞德客群益4A購01","0","0","0","--","--","--","--"," ","0.00","--","0","0.10","10","765.00",
="074083","科妍群益4B購01","10,000","1","500","0.05","0.05","0.05","0.05","X","0.00","0.05","25","0.06","10","94.00",
="074084","台玻群益4A購02","0","0","0","--","--","--","--"," ","0.00","--","0","--","0","25.95",
="074088","大成鋼群益51購01","0","0","0","--","--","--","--"," ","0.00","0.06","10","0.16","10","37.90",
="07408P","中502X凱基4A售02","0","0","0","--","--","--","--"," ","0.00","0.20","10","0.21","50","0.00",
="074092","鴻海群益53購03","128,000","18","300,570","2.31","2.40","2.28","2.34","+","0.19","2.36","100","2.39","100","221.00",
="074096","順德群益4B購01","0","0","0","--","--","--","--"," ","0.00","--","0","0.13","10","81.90",
="074098","群光群益4A購01","0","0","0","--","--","--","--"," ","0.00","--","0","--","0","140.00",
="074099","群光群益4B購01","0","0","0","--","--","--","--"," ","0.00","--","0","--","0","140.00",
="07409P","華新凱基4A售03","0","0","0","--","--","--","--"," ","0.00","0.89","100","0.90","10","0.00",
="074106","大量群益4C購01","61,000","18","424,450","6.75","7.50","6.60","7.35","+","0.60","7.00","2","7.35","7","205.00",
="07410P","上銀凱基49售06","0","0","0","--","--","--","--"," ","0.00","4.51","100","--","0","0.00",
="074112","迎廣群益4A購01","0","0","0","--","--","--","--"," ","0.00","0.02","10","0.12","10","85.80",
="074116","富世達群益4B購01","404,000","12","458,220","1.08","1.39","1.08","1.39","+","0.40","0.23","53","--","0","1,010.00",
="074118","世紀鋼群益4B購01","0","0","0","--","--","--","--"," ","0.00","0.04","10","0.14","10","171.50",
="074120","元黃金元大53購01","12,000","2","19,900","1.66","1.66","1.65","1.65","+","0.15","1.61","100","1.66","38","40.68",
="074122","SGBR2X元大4A購01","533,000","2","47,970","0.09","0.09","0.09","0.09","X","0.00","0.08","100","0.09","50","10.98",
="074123","SGBR2X元大4C購01","13,000","2","3,300","0.26","0.26","0.25","0.25","-","0.04","0.25","100","0.26","10","10.98",
="074124","台泥元大51購03","0","0","0","--","--","--","--"," ","0.00","0.02","499","0.12","10","23.75",
="074127","華城元大52購02","0","0","0","--","--","--","--"," ","0.00","0.40","499","0.41","10","586.00",
="074138","台積電元大4C購05","1,000","1","1,560","1.56","1.56","1.56","1.56","X","0.00","0.11","9","--","0","1,340.00",
="074139","台積電元大52購05","0","0","0","--","--","--","--"," ","0.00","0.20","9","--","0","1,340.00",
="07413P","台積電凱基55售01","31,000","2","21,380","0.73","0.73","0.68","0.68","X","0.00","0.70","100","0.80","10","0.00",
="074142","華邦電元大51購02","28,000","4","163,800","5.95","6.30","5.80","6.30","+","1.00","6.15","150","7.15","69","36.45",
="074149","慧洋元大4B購01","0","0","0","--","--","--","--"," ","0.00","--","0","0.10","10","58.40",
="074150","慧洋元大4C購02","0","0","0","--","--","--","--"," ","0.00","0.03","499","0.13","10","58.40",
="074155","神達元大4C購02","0","0","0","--","--","--","--"," ","0.00","1.52","499","1.55","10","90.00",
="074159","亞翔元大52購01","215,000","13","569,820","2.63","2.74","2.60","2.74","+","0.11","2.63","300","2.66","10","358.50",
="074166","臺股指元大4A購15","1,000","1","1,140","1.14","1.14","1.14","1.14","X","0.00","1.13","499","1.23","10","0.00",
="074167","臺股指元大4A購16","0","0","0","--","--","--","--"," ","0.00","1.85","499","1.95","10","0.00",
="074168","臺股指元大4A購17","0","0","0","--","--","--","--"," ","0.00","1.65","100","1.75","10","0.00",
="074169","臺股指元大4B購13","0","0","0","--","--","--","--"," ","0.00","0.18","499","0.28","10","0.00",
="074170","臺股指元大52購03","300,000","4","270,010","0.91","0.91","0.90","0.90","+","0.13","0.88","519","0.98","10","0.00",
="074171","臺股指元大54購01","52,000","9","85,230","1.62","1.68","1.60","1.67","+","0.15","1.65","100","1.75","10","0.00",
="074172","中鴻國泰4A購01","0","0","0","--","--","--","--"," ","0.00","--","0","--","0","15.90",
="074173","川湖國泰4A購01","0","0","0","--","--","--","--"," ","0.00","9.35","499","9.65","10","3,220.00",
="074174","鉅祥國泰4A購01","0","0","0","--","--","--","--"," ","0.00","2.89","499","--","0","108.50",
="074175","創意國泰4A購01","0","0","0","--","--","--","--"," ","0.00","0.64","499","--","0","1,315.00",
="074176","永崴控國泰4A購01","0","0","0","--","--","--","--"," ","0.00","--","0","--","0","34.30",
="074181","穎崴中信4B購01","191,000","9","522,230","2.90","2.90","2.70","2.75","+","0.16","2.73","499","2.75","10","0.00",
="074183","臺股指中信4A購09","0","0","0","--","--","--","--"," ","0.00","1.12","499","1.22","10","0.00",
="074184","臺股指中信4A購10","0","0","0","--","--","--","--"," ","0.00","0.76","499","0.77","100","0.00",
="074185","中502X永豐4C購02","9,000","1","3,330","0.37","0.37","0.37","0.37","X","0.00","0.33","499","0.34","10","13.10",
="074186","中鋼永豐4A購01","0","0","0","--","--","--","--"," ","0.00","0.12","499","0.22","10","19.45",
="074187","大成鋼永豐53購01","0","0","0","--","--","--","--"," ","0.00","0.81","10","0.82","10","37.90",
="074188","台積電永豐4A購07","0","0","0","--","--","--","--"," ","0.00","--","0","--","0","1,340.00",
="074189","台積電永豐4A購08","0","0","0","--","--","--","--"," ","0.00","--","0","--","0","1,340.00",
="074190","台積電永豐4A購09","0","0","0","--","--","--","--"," ","0.00","0.02","1","--","0","1,340.00",
="074191","英業達永豐4B購01","12,000","1","6,960","0.58","0.58","0.58","0.58","X","0.00","0.56","10","0.57","10","45.00",
="074193","南亞科永豐4B購01","0","0","0","--","--","--","--"," ","0.00","10.50","10","--","0","81.00",
="074195","瑞鼎永豐4A購01","10,000","1","100","0.01","0.01","0.01","0.01","X","0.00","0.01","499","0.03","10","296.50",
="074200","微星第一4A購01","0","0","0","--","--","--","--"," ","0.00","0.79","10","0.80","10","0.00",
="074201","微星第一4A購02","0","0","0","--","--","--","--"," ","0.00","0.91","10","0.92","10","0.00",
="074203","華城富邦4B購03","358,000","2","212,890","0.59","0.60","0.59","0.60","X","0.00","0.57","10","0.58","10","0.00",
="074204","中鋼富邦4A購01","0","0","0","--","--","--","--"," ","0.00","0.01","100","--","0","0.00",
="074206","裕民富邦4B購02","0","0","0","--","--","--","--"," ","0.00","0.06","10","0.10","10","0.00",
="074207","材料富邦4C購01","0","0","0","--","--","--","--"," ","0.00","--","0","0.10","10","0.00",
="074208","T50正2凱基55購01","18,000","1","38,880","2.16","2.16","2.16","2.16","+","0.11","2.28","10","2.29","10","302.45",
="074212","SGBR2X凱基4A購01","0","0","0","--","--","--","--"," ","0.00","0.12","100","--","0","10.98",
="074214","華城凱基51購02","0","0","0","--","--","--","--"," ","0.00","0.95","100","1.05","10","586.00",
="074215","台玻凱基4A購02","0","0","0","--","--","--","--"," ","0.00","1.95","10","2.05","10","25.95",
="074219","鴻海凱基51購04","80,000","15","227,450","2.73","2.92","2.73","2.86","+","0.35","2.86","499","2.88","499","221.00",
="07421P","T50正2中信4A售04","0","0","0","--","--","--","--"," ","0.00","--","0","0.02","10","0.00",
="074222","台積電凱基56購10","1,000","1","24,700","24.70","24.70","24.70","24.70","X","0.00","23.70","10","24.70","10","1,340.00",
="074223","群光凱基4B購01","0","0","0","--","--","--","--"," ","0.00","--","0","0.10","10","140.00",
="074229","裕民凱基4A購01","0","0","0","--","--","--","--"," ","0.00","--","0","0.10","10","55.30",
="07422P","川湖永豐49售04","0","0","0","--","--","--","--"," ","0.00","--","0","0.10","10","0.00",
="074230","陽明凱基4A購02","0","0","0","--","--","--","--"," ","0.00","--","0","0.10","10","55.20",
="074232","華晶科凱基4A購01","0","0","0","--","--","--","--"," ","0.00","0.48","100","--","0","52.80",
="074239","亞翔凱基4B購02","0","0","0","--","--","--","--"," ","0.00","4.10","10","4.19","10","358.50",
="074242","緯穎凱基4A購05","0","0","0","--","--","--","--"," ","0.00","7.70","100","--","0","3,140.00",
="074243","富世達凱基4B購01","91,000","8","138,650","1.43","1.84","1.42","1.54","+","0.30","1.54","100","--","0","1,010.00",
="074244","世紀鋼凱基4B購03","0","0","0","--","--","--","--"," ","0.00","--","0","0.10","10","171.50",
="074246","臺股指凱基4A購17","0","0","0","--","--","--","--"," ","0.00","1.57","100","--","0","0.00",
="074247","臺股指凱基54購01","0","0","0","--","--","--","--"," ","0.00","4.29","100","4.30","10","0.00",
="074249","三芳統一53購03","0","0","0","--","--","--","--"," ","0.00","0.03","10","0.04","10","30.30",
="074251","大成鋼統一53購03","0","0","0","--","--","--","--"," ","0.00","0.06","130","0.07","10","37.90",
="074252","大成鋼統一53購04","99,000","1","13,860","0.14","0.14","0.14","0.14","X","0.00","0.13","10","0.14","10","37.90",
="074253","技嘉統一53購01","0","0","0","--","--","--","--"," ","0.00","0.59","10","0.60","10","283.00",
="074254","群光統一52購02","0","0","0","--","--","--","--"," ","0.00","0.20","10","0.21","10","140.00",
="074255","一詮統一4C購02","0","0","0","--","--","--","--"," ","0.00","0.04","10","0.14","10","82.30",
="074256","雄獅統一51購03","298,000","2","221,620","0.76","0.76","0.74","0.74","-","0.04","0.74","10","0.75","10","158.50",
="074257","凱基金統一53購01","0","0","0","--","--","--","--"," ","0.00","0.31","10","0.32","10","15.00",
="074258","永道統一53購04","0","0","0","--","--","--","--"," ","0.00","0.05","10","0.06","10","141.50",
="074259","世紀鋼統一53購03","0","0","0","--","--","--","--"," ","0.00","0.30","10","0.31","10","171.50",
="074260","欣興兆豐53購01","0","0","0","--","--","--","--"," ","0.00","2.95","10","--","0","159.00",
="074266","華城群益4C購02","0","0","0","--","--","--","--"," ","0.00","--","0","--","0","586.00",
="074267","潤隆群益4A購01","0","0","0","--","--","--","--"," ","0.00","--","0","--","0","30.85",
="074272","所羅門群益4B購03","3,000","1","1,560","0.52","0.52","0.52","0.52","-","0.01","0.11","100","--","0","144.50",
="074273","佳能群益4B購02","70,000","7","167,400","2.43","2.43","2.29","2.29","X","0.00","0.48","30","2.30","10","88.80",
="074274","建準群益4A購01","0","0","0","--","--","--","--"," ","0.00","--","0","--","0","129.00",
="074275","建準群益4A購02","0","0","0","--","--","--","--"," ","0.00","--","0","--","0","129.00",
="074280","全漢群益4A購01","0","0","0","--","--","--","--"," ","0.00","--","0","--","0","54.80",
="074286","牧德群益51購01","0","0","0","--","--","--","--"," ","0.00","0.54","10","0.64","10","544.00",
="07428P","元黃金國票52售01","15,000","1","900","0.06","0.06","0.06","0.06","X","0.00","0.05","30","0.06","10","0.00",
="074299","台積電元富4A購08","0","0","0","--","--","--","--"," ","0.00","--","0","--","0","1,340.00",
="074300","台積電元富4B購04","0","0","0","--","--","--","--"," ","0.00","0.07","45","--","0","1,340.00",
="074301","台積電元富4C購05","0","0","0","--","--","--","--"," ","0.00","0.13","8","--","0","1,340.00",
="074302","台積電元富63購01","1,000","1","1,930","1.93","1.93","1.93","1.93","+","0.09","1.94","5","1.99","20","1,340.00",
="074304","南亞科元富4C購01","0","0","0","--","--","--","--"," ","0.00","--","0","--","0","81.00",
="074309","智原元富4A購04","0","0","0","--","--","--","--"," ","0.00","--","0","0.10","25","174.00",
="07430P","亞力國票49售02","0","0","0","--","--","--","--"," ","0.00","0.01","25","0.05","10","0.00",
="074311","大銀元富53購01","0","0","0","--","--","--","--"," ","0.00","0.29","25","0.30","25","120.00",
="074313","材料元富57購01","0","0","0","--","--","--","--"," ","0.00","0.24","25","0.25","25","66.40",
="074317","泓德元富4A購02","0","0","0","--","--","--","--"," ","0.00","--","0","0.10","65","125.50",
="07431P","合機國票49售02","0","0","0","--","--","--","--"," ","0.00","0.01","25","0.05","10","0.00",
="074323","中50元大4B購01","10,000","1","2,200","0.22","0.22","0.22","0.22","-","0.10","0.21","100","0.22","100","26.30",
="074325","中502X元大4C購02","0","0","0","--","--","--","--"," ","0.00","1.01","250","1.02","100","13.10",
="074326","美費半元大4A購01","0","0","0","--","--","--","--"," ","0.00","3.93","499","4.03","10","49.19",
="074327","美費半元大4B購01","0","0","0","--","--","--","--"," ","0.00","4.85","499","4.95","10","49.19",
="074328","美費半元大4C購01","0","0","0","--","--","--","--"," ","0.00","6.05","499","6.10","50","49.19",
="07432P","皇昌國票49售04","0","0","0","--","--","--","--"," ","0.00","1.46","25","--","0","0.00",
="074331","華城元大4C購01","195,000","1","185,250","0.95","0.95","0.95","0.95","+","0.01","0.91","499","0.93","10","586.00",
="074332","華城元大52購03","0","0","0","--","--","--","--"," ","0.00","0.38","499","0.39","10","586.00",
="074337","中鋼元大4A購02","0","0","0","--","--","--","--"," ","0.00","--","0","0.10","10","19.45",
="074344","上銀元大4A購08","0","0","0","--","--","--","--"," ","0.00","--","0","0.10","10","217.50",
="074347","台積電元大4C購06","0","0","0","--","--","--","--"," ","0.00","--","0","--","0","1,340.00",
="074348","台積電元大52購06","1,000","1","1,610","1.61","1.61","1.61","1.61","X","0.00","--","0","--","0","1,340.00",
="07434P","邁達特國票4A售02","0","0","0","--","--","--","--"," ","0.00","0.81","25","0.82","10","0.00",
="074351","華邦電元大4B購02","0","0","0","--","--","--","--"," ","0.00","7.15","100","--","0","36.45",
="07435P","台灣50凱基4C售02","0","0","0","--","--","--","--"," ","0.00","0.02","100","0.03","10","0.00",
="074360","裕民元大4C購03","136,000","3","20,400","0.15","0.15","0.15","0.15","-","0.05","0.15","499","0.16","10","55.30",
="074361","裕民元大51購03","0","0","0","--","--","--","--"," ","0.00","0.24","499","0.25","10","55.30",
="074363","慧洋元大4A購01","0","0","0","--","--","--","--"," ","0.00","--","0","0.10","10","58.40",
="074364","慧洋元大4B購02","0","0","0","--","--","--","--"," ","0.00","0.01","499","0.11","10","58.40",
="074366","新日興元大4B購02","0","0","0","--","--","--","--"," ","0.00","--","0","--","0","237.00",
="074369","材料元大51購07","0","0","0","--","--","--","--"," ","0.00","0.01","499","0.02","468","66.40",
="07436P","美債2X凱基4A售04","0","0","0","--","--","--","--"," ","0.00","0.40","100","0.41","50","0.00",
="074371","亞翔元大52購02","15,000","2","18,450","1.23","1.23","1.23","1.23","X","0.00","1.23","499","1.25","10","358.50",
="074376","FBNQ2X國票4B購01","0","0","0","--","--","--","--"," ","0.00","2.49","25","2.50","10","159.20",
="074377","FBNQ2X國票4B購02","0","0","0","--","--","--","--"," ","0.00","4.62","25","4.63","10","159.20",
="074378","中502X國票4C購02","0","0","0","--","--","--","--"," ","0.00","0.57","25","0.58","10","13.10",
="074379","台泥國票4A購02","0","0","0","--","--","--","--"," ","0.00","--","0","0.01","60","23.75",
="07437P","中興電凱基49售01","0","0","0","--","--","--","--"," ","0.00","--","0","0.10","10","0.00",
="074380","台塑國票4A購01","9,000","1","3,420","0.38","0.38","0.38","0.38","X","0.00","0.30","25","0.31","10","38.60",
="074381","台化國票4A購01","299,000","1","14,950","0.05","0.05","0.05","0.05","X","0.00","0.04","25","0.05","10","28.95",
="074382","中砂國票4A購02","0","0","0","--","--","--","--"," ","0.00","3.75","25","3.85","10","339.00",
="074384","台玻國票4A購02","0","0","0","--","--","--","--"," ","0.00","4.87","25","4.97","10","25.95",
="074385","鴻海國票4A購03","0","0","0","--","--","--","--"," ","0.00","3.43","25","3.53","10","221.00",
="074386","國巨國票4A購03","93,000","5","383,430","4.27","4.27","4.00","4.00","-","0.99","3.91","25","--","0","176.00",
="074387","國巨國票4B購01","25,000","9","60,990","2.46","3.05","2.33","2.33"," ","0.00","2.26","25","2.99","5","176.00",
="074388","英業達國票4A購01","30,000","1","600","0.02","0.02","0.02","0.02","X","0.00","0.01","25","0.02","10","45.00",
="074389","微星國票4B購02","0","0","0","--","--","--","--"," ","0.00","0.01","25","0.02","10","119.50",
="07438P","台積電凱基51售05","0","0","0","--","--","--","--"," ","0.00","0.80","100","0.90","10","0.00",
="074390","威盛國票4A購01","0","0","0","--","--","--","--"," ","0.00","--","0","0.02","8","59.50",
="074391","建準國票4A購01","0","0","0","--","--","--","--"," ","0.00","1.25","25","1.35","10","129.00",
="074392","長榮國票4B購01","0","0","0","--","--","--","--"," ","0.00","0.09","25","0.10","10","182.00",
="074393","新興國票4A購02","51,000","1","510","0.01","0.01","0.01","0.01","X","0.00","0.01","25","0.02","10","22.60",
="074394","陽明國票4B購02","75,000","1","750","0.01","0.01","0.01","0.01","X","0.00","0.01","25","0.02","10","55.20",
="074395","萬海國票4A購02","998,000","2","9,980","0.01","0.01","0.01","0.01","X","0.00","0.01","25","0.02","10","77.90",
="074396","信邦國票4A購02","1,011,000","5","10,110","0.01","0.01","0.01","0.01","X","0.00","0.01","25","0.02","10","236.50",
="074397","智原國票4A購02","0","0","0","--","--","--","--"," ","0.00","0.01","25","0.02","10","174.00",
="074398","健鼎國票4A購02","0","0","0","--","--","--","--"," ","0.00","4.08","25","4.19","10","309.50",
="074399","富華新國票4A購02","0","0","0","--","--","--","--"," ","0.00","--","0","--","0","20.05",
="074400","碩天國票4A購02","0","0","0","--","--","--","--"," ","0.00","--","0","--","0","217.00",
="074401","貿聯國票4A購04","0","0","0","--","--","--","--"," ","0.00","16.00","25","17.00","10","1,085.00",
="074402","日月光國票4A購03","0","0","0","--","--","--","--"," ","0.00","0.87","25","0.92","10","174.50",
="074403","永崴控國票4A購01","0","0","0","--","--","--","--"," ","0.00","0.01","25","0.02","10","34.30",
="074404","迎廣國票4A購02","0","0","0","--","--","--","--"," ","0.00","0.05","25","0.06","10","85.80",
="074405","台塑化國票4A購01","0","0","0","--","--","--","--"," ","0.00","0.17","25","0.18","10","39.25",
="074406","勤誠國票4A購01","0","0","0","--","--","--","--"," ","0.00","13.00","25","14.00","10","600.00",
="074407","勤誠國票4B購01","0","0","0","--","--","--","--"," ","0.00","14.90","25","15.90","10","600.00",
="074408","美利達國票4C購01","0","0","0","--","--","--","--"," ","0.00","0.02","25","0.03","10","108.00",
="074411","臺股指國票4A購02","9,000","1","46,800","5.20","5.20","5.20","5.20","+","0.70","5.30","499","5.80","10","0.00",
="074416","SGBR2X富邦4C購01","15,000","2","3,750","0.25","0.25","0.25","0.25","X","0.00","0.25","100","0.26","98","0.00",
="074417","中鋼富邦4B購02","0","0","0","--","--","--","--"," ","0.00","0.23","10","0.24","10","0.00",
="074418","聯電富邦4B購03","0","0","0","--","--","--","--"," ","0.00","0.17","30","0.18","10","0.00",
="074419","皇昌富邦4A購03","0","0","0","--","--","--","--"," ","0.00","0.21","10","0.22","10","0.00",
="07441P","穎崴凱基49售03","0","0","0","--","--","--","--"," ","0.00","--","0","--","0","0.00",
="074420","智原富邦4A購03","0","0","0","--","--","--","--"," ","0.00","--","0","0.03","631","0.00",
="074421","亞翔富邦4B購02","222,000","11","333,150","1.49","1.51","1.47","1.51","-","0.04","1.45","30","1.47","28","0.00",
="074422","緯穎富邦4A購03","0","0","0","--","--","--","--"," ","0.00","2.71","30","2.75","10","0.00",
="074423","台灣50中信4B購01","0","0","0","--","--","--","--"," ","0.00","1.85","499","1.87","10","0.00",
="074427","材料中信4C購01","0","0","0","--","--","--","--"," ","0.00","0.23","499","0.24","10","0.00",
="074428","亞翔中信4A購01","0","0","0","--","--","--","--"," ","0.00","0.50","10","--","0","0.00",
="074431","東陽統一59購01","40,000","2","8,400","0.21","0.21","0.21","0.21","X","0.00","0.20","40","--","0","94.10",
="074432","建準統一52購02","0","0","0","--","--","--","--"," ","0.00","0.86","10","0.88","10","129.00",
="074433","欣興統一53購01","11,000","2","17,000","1.54","1.60","1.54","1.60","+","0.14","1.49","10","1.50","10","159.00",
="074434","華晶科統一53購01","0","0","0","--","--","--","--"," ","0.00","0.76","10","0.77","10","52.80",
="074435","永崴控統一56購01","100,000","10","17,000","0.17","0.17","0.17","0.17","X","0.00","0.16","10","0.17","10","34.30",
="074436","龍德船統一55購02","32,000","4","44,400","1.45","1.45","1.35","1.35","-","0.18","1.34","10","1.37","10","151.50",
="074437","三芳國泰4A購02","0","0","0","--","--","--","--"," ","0.00","--","0","--","0","30.30",
="074438","中興電國泰4A購01","0","0","0","--","--","--","--"," ","0.00","0.90","499","0.96","10","159.00",
="074439","中鋼國泰4A購02","0","0","0","--","--","--","--"," ","0.00","--","0","--","0","19.45",
="074440","國巨國泰4A購01","10,000","1","73,000","7.30","7.30","7.30","7.30","-","0.60","7.05","499","--","0","176.00",
="074441","金像電國泰4A購01","0","0","0","--","--","--","--"," ","0.00","19.60","499","--","0","455.00",
="074442","大銀國泰4A購01","0","0","0","--","--","--","--"," ","0.00","0.01","499","--","0","120.00",
="074443","滬深2X永豐4C購02","0","0","0","--","--","--","--"," ","0.00","3.18","499","3.19","10","19.04",
="074447","聯電永豐4A購01","34,000","5","29,310","0.71","0.88","0.71","0.88","X","0.00","0.63","499","0.73","10","43.90",
="074448","鴻海永豐4A購06","30,000","1","13,800","0.46","0.46","0.46","0.46","+","0.13","0.46","10","0.56","10","221.00",
="074449","台積電永豐4A購11","0","0","0","--","--","--","--"," ","0.00","--","0","--","0","1,340.00",
="07444P","T50正2元大51售03","0","0","0","--","--","--","--"," ","0.00","0.09","100","0.19","10","0.00",
="074450","智邦永豐4A購01","0","0","0","--","--","--","--"," ","0.00","5.75","499","--","0","1,005.00",
="074454","材料永豐4B購02","0","0","0","--","--","--","--"," ","0.00","0.01","499","0.03","10","66.40",
="074455","T50反1國票53購01","0","0","0","--","--","--","--"," ","0.00","0.11","25","0.12","10","18.29",
="074456","臺指反國票59購01","400,000","4","52,000","0.13","0.13","0.13","0.13","-","0.01","0.09","20","0.13","10","2.96",
="074457","台玻國票4A購03","0","0","0","--","--","--","--"," ","0.00","1.21","25","--","0","25.95",
="074458","友訊國票4A購01","0","0","0","--","--","--","--"," ","0.00","0.01","25","0.02","10","17.80",
="074459","智邦國票4A購03","0","0","0","--","--","--","--"," ","0.00","5.75","25","6.25","10","1,005.00",
="07445P","國企2X元大49售05","0","0","0","--","--","--","--"," ","0.00","0.10","499","0.20","10","0.00",
="074460","金像電國票4A購02","0","0","0","--","--","--","--"," ","0.00","20.50","25","21.50","10","455.00",
="074461","台光電國票4A購03","0","0","0","--","--","--","--"," ","0.00","--","0","--","0","1,345.00",
="074462","正崴國票4A購01","0","0","0","--","--","--","--"," ","0.00","--","0","0.01","199","48.80",
="074463","美律國票4B購02","0","0","0","--","--","--","--"," ","0.00","0.23","25","0.25","10","104.00",
="074464","裕民國票4A購03","0","0","0","--","--","--","--"," ","0.00","--","0","--","0","55.30",
="074465","欣興國票4A購02","50,000","2","147,000","2.94","2.94","2.94","2.94","X","0.00","2.80","25","3.43","100","159.00",
="074466","大量國票4A購02","0","0","0","--","--","--","--"," ","0.00","6.30","25","6.80","10","205.00",
="074467","創意國票4A購04","0","0","0","--","--","--","--"," ","0.00","0.36","25","0.38","10","1,315.00",
="074468","迅得國票4A購02","0","0","0","--","--","--","--"," ","0.00","0.14","25","0.15","10","176.00",
="074470","緯穎國票4B購01","0","0","0","--","--","--","--"," ","0.00","4.06","25","4.14","10","3,140.00",
="074473","FBNQ2X元富53購01","0","0","0","--","--","--","--"," ","0.00","3.76","25","3.80","25","159.20",
="074477","中鋼元富4C購01","0","0","0","--","--","--","--"," ","0.00","0.08","25","0.10","10","19.45",
="074482","英業達元富4A購02","27,000","2","10,530","0.39","0.39","0.39","0.39","+","0.02","0.37","25","0.38","25","45.00",
="074483","英業達元富4A購03","0","0","0","--","--","--","--"," ","0.00","0.10","25","0.11","25","45.00",
="074488","緯穎元富59購01","5,000","1","11,000","2.20","2.20","2.20","2.20","X","0.00","2.19","30","2.23","25","3,140.00",
="074495","元黃金凱基53購01","11,000","4","15,750","1.40","1.44","1.40","1.44","+","0.11","1.43","10","1.44","46","40.68",
="074496","元金2X凱基51購02","351,000","9","2,245,850","6.55","6.55","6.35","6.45","+","0.75","6.45","100","6.50","50","70.40",
="074497","SGBR2X凱基4C購01","383,000","3","191,900","0.50","0.52","0.50","0.52","-","0.06","0.51","100","0.52","50","10.98",
="074500","中興電凱基4C購01","0","0","0","--","--","--","--"," ","0.00","0.76","100","0.78","10","159.00",
="074504","中鋼凱基4A購01","0","0","0","--","--","--","--"," ","0.00","--","0","0.10","10","19.45",
="074505","川湖凱基51購01","0","0","0","--","--","--","--"," ","0.00","6.55","100","7.05","10","3,220.00",
="074509","台積電凱基4A購27","0","0","0","--","--","--","--"," ","0.00","2.62","39","2.72","10","1,340.00",
="074510","華邦電凱基4C購01","18,000","7","158,100","8.75","9.55","8.60","9.00","+","1.70","8.75","50","9.25","10","36.45",
="074514","建準凱基4A購01","0","0","0","--","--","--","--"," ","0.00","0.09","100","0.19","10","129.00",
="074515","聯發科凱基4A購06","0","0","0","--","--","--","--"," ","0.00","0.22","100","--","0","1,375.00",
="074516","皇昌凱基4A購04","0","0","0","--","--","--","--"," ","0.00","0.02","100","0.12","10","72.70",
="074517","長榮凱基51購03","0","0","0","--","--","--","--"," ","0.00","0.31","499","0.32","40","182.00",
="074518","長榮航凱基4A購02","0","0","0","--","--","--","--"," ","0.00","0.26","100","--","0","38.85",
="074521","智原凱基4C購02","100,000","4","22,400","0.20","0.25","0.20","0.25","+","0.04","0.22","100","0.23","30","174.00",
="074523","新日興凱基4B購01","35,000","4","21,700","0.67","0.68","0.56","0.56","-","0.12","0.61","10","0.71","10","237.00",
="074533","美費半群益51購01","12,000","2","16,880","1.41","1.41","1.39","1.39","+","0.07","1.40","25","1.41","10","49.19",
="074539","鴻海群益63購01","35,000","3","85,000","2.40","2.45","2.40","2.45","X","0.00","2.44","100","2.46","100","221.00",
="07453P","T50正2凱基52售01","20,000","2","6,400","0.33","0.33","0.31","0.31","X","0.00","0.31","130","0.32","10","0.00",
="074541","華邦電群益4A購04","0","0","0","--","--","--","--"," ","0.00","2.22","4","--","0","36.45",
="074547","萬海群益4A購06","0","0","0","--","--","--","--"," ","0.00","--","0","--","0","77.90",
="074548","萬海群益4A購07","0","0","0","--","--","--","--"," ","0.00","--","0","--","0","77.90",
="074550","慧洋群益4C購01","50,000","1","500","0.01","0.01","0.01","0.01","X","0.00","--","0","0.11","10","58.40",
="07455P","台積電凱基52售01","0","0","0","--","--","--","--"," ","0.00","1.22","100","1.32","10","0.00",
="074560","FB台半元大4C購01","0","0","0","--","--","--","--"," ","0.00","2.32","100","2.42","10","19.75",
="074562","華城元大4A購03","87,000","2","27,990","0.29","0.33","0.29","0.33","-","0.01","0.28","499","0.30","10","586.00",
="074563","華城元大4C購02","0","0","0","--","--","--","--"," ","0.00","0.37","499","0.38","10","586.00",
="074566","華新元大4B購01","46,000","3","10,640","0.24","0.24","0.20","0.20","-","0.04","0.19","499","0.20","10","24.05",
="074567","華新元大4C購01","130,000","4","53,400","0.42","0.42","0.41","0.41","-","0.01","0.40","519","0.41","10","24.05",
="074572","上銀元大4A購09","0","0","0","--","--","--","--"," ","0.00","--","0","0.10","10","217.50",
="074575","台積電元大4C購07","23,000","5","45,990","1.93","2.05","1.93","2.05","+","0.28","0.27","37","--","0","1,340.00",
="074576","台積電元大51購14","0","0","0","--","--","--","--"," ","0.00","0.20","9","--","0","1,340.00",
="074579","華邦電元大4B購03","4,000","2","26,400","6.45","6.75","6.45","6.75","+","1.50","7.20","150","7.40","10","36.45",
="074583","慧洋元大4A購02","0","0","0","--","--","--","--"," ","0.00","--","0","0.10","10","58.40",
="074584","慧洋元大51購01","0","0","0","--","--","--","--"," ","0.00","0.09","499","0.10","10","58.40",
="074585","偉訓元大51購01","0","0","0","--","--","--","--"," ","0.00","0.51","499","0.52","10","97.50",
="074592","新日興元大4B購03","0","0","0","--","--","--","--"," ","0.00","0.01","499","--","0","237.00",
="074593","群創元大4B購01","0","0","0","--","--","--","--"," ","0.00","0.06","499","--","0","14.15",
="074606","長榮兆豐4B購01","0","0","0","--","--","--","--"," ","0.00","0.20","10","0.21","10","182.00",
="074612","中鋼富邦4C購01","0","0","0","--","--","--","--"," ","0.00","--","0","0.10","10","0.00",
="074613","中鴻富邦4B購01","0","0","0","--","--","--","--"," ","0.00","0.03","30","0.04","10","0.00",
="074614","光寶科富邦4B購01","0","0","0","--","--","--","--"," ","0.00","4.38","30","4.48","10","0.00",
="074616","旺宏富邦4B購01","1,097,000","52","481,850","0.46","0.51","0.36","0.43","+","0.09","0.43","29","0.44","10","0.00",
="074618","所羅門富邦4A購02","0","0","0","--","--","--","--"," ","0.00","0.28","30","0.29","28","0.00",
="074619","南亞科富邦4B購03","0","0","0","--","--","--","--"," ","0.00","3.45","10","3.55","10","0.00",
="074620","慧洋富邦4A購01","0","0","0","--","--","--","--"," ","0.00","--","0","0.03","28","0.00",
="074621","健鼎富邦4B購01","0","0","0","--","--","--","--"," ","0.00","3.19","30","3.25","10","0.00",
="074622","世紀鋼富邦4A購02","0","0","0","--","--","--","--"," ","0.00","--","0","--","0","0.00",
="074623","滬深2X凱基57購01","0","0","0","--","--","--","--"," ","0.00","3.48","100","3.49","50","19.04",
="074627","華城凱基4C購02","0","0","0","--","--","--","--"," ","0.00","1.38","100","1.48","10","586.00",
="074636","台積電凱基4A購28","0","0","0","--","--","--","--"," ","0.00","5.60","18","6.10","10","1,340.00",
="074637","台積電凱基4B購08","0","0","0","--","--","--","--"," ","0.00","3.60","28","3.70","10","1,340.00",
="074640","裕民凱基51購01","0","0","0","--","--","--","--"," ","0.00","0.41","100","0.42","10","55.30",
="074641","萬海凱基4A購05","0","0","0","--","--","--","--"," ","0.00","--","0","0.10","10","77.90",
="074644","威強電凱基4B購01","0","0","0","--","--","--","--"," ","0.00","--","0","0.10","10","67.20",
="074646","威強電凱基51購01","0","0","0","--","--","--","--"," ","0.00","0.02","100","0.12","10","67.20",
="07464P","萬海國票4A售01","0","0","0","--","--","--","--"," ","0.00","0.36","25","0.37","10","0.00",
="074650","智原凱基51購03","1,861,000","16","229,380","0.13","0.13","0.12","0.12","X","0.00","0.11","100","0.12","50","174.00",
="074656","神達凱基4C購01","3,000","1","15,750","5.25","5.25","5.25","5.25","+","0.44","5.40","100","5.90","10","90.00",
="074657","亞翔凱基51購02","0","0","0","--","--","--","--"," ","0.00","4.71","100","4.81","10","358.50",
="07465P","威強電國票4A售02","0","0","0","--","--","--","--"," ","0.00","2.03","25","--","0","0.00",
="074661","中502X群益51購01","0","0","0","--","--","--","--"," ","0.00","2.06","25","2.07","10","13.10",
="074667","東鹼群益4A購01","0","0","0","--","--","--","--"," ","0.00","--","0","--","0","30.45",
="07466P","威強電國票4C售02","0","0","0","--","--","--","--"," ","0.00","1.45","25","1.46","10","0.00",
="074673","台積電群益4A購26","0","0","0","--","--","--","--"," ","0.00","0.63","499","--","0","1,340.00",
="07467P","緯創國票4A售02","0","0","0","--","--","--","--"," ","0.00","--","0","--","0","0.00",
="074680","威強電群益51購01","0","0","0","--","--","--","--"," ","0.00","0.09","10","0.19","10","67.20",
="074681","欣興群益4B購02","51,000","7","163,060","3.34","3.39","3.17","3.18","+","0.15","3.04","25","3.14","10","159.00",
="074685","材料群益51購02","0","0","0","--","--","--","--"," ","0.00","0.01","509","0.11","10","66.40",
="074687","巨大群益4A購01","0","0","0","--","--","--","--"," ","0.00","--","0","--","0","101.00",
="074688","臺股指群益4A購18","0","0","0","--","--","--","--"," ","0.00","2.36","499","2.37","10","0.00",
="074689","臺股指群益4A購19","0","0","0","--","--","--","--"," ","0.00","4.21","499","4.22","499","0.00",
="074698","聯電元富4A購02","133,000","3","110,340","0.80","0.84","0.77","0.84","+","0.10","0.82","25","0.92","10","43.90",
="074699","聯電元富4A購03","27,000","1","7,830","0.29","0.29","0.29","0.29","X","0.00","0.25","25","0.26","10","43.90",
="074700","台達電元富4A購01","0","0","0","--","--","--","--"," ","0.00","20.90","25","21.90","10","893.00",
="074706","台積電元富63購02","4,000","3","22,950","5.70","5.75","5.70","5.75","+","0.30","2.97","3","--","0","1,340.00",
="074707","華邦電元富4A購05","0","0","0","--","--","--","--"," ","0.00","8.00","25","--","0","36.45",
="074708","建準元富4A購02","0","0","0","--","--","--","--"," ","0.00","2.07","25","2.16","25","129.00",
="074710","威強電元富4A購01","0","0","0","--","--","--","--"," ","0.00","--","0","0.10","25","67.20",
="074712","嘉澤元富4A購02","0","0","0","--","--","--","--"," ","0.00","0.59","25","0.61","25","1,605.00",
="074713","嘉澤元富4A購03","0","0","0","--","--","--","--"," ","0.00","0.26","25","0.27","25","1,605.00",
="074715","世芯元富4C購03","0","0","0","--","--","--","--"," ","0.00","1.60","25","1.63","25","3,700.00",
="074716","材料元富4C購02","0","0","0","--","--","--","--"," ","0.00","0.10","25","0.11","25","66.40",
="074717","台灣50國票4A購02","0","0","0","--","--","--","--"," ","0.00","8.30","25","8.60","10","58.45",
="074718","T50正2國票4A購04","0","0","0","--","--","--","--"," ","0.00","--","0","--","0","302.45",
="074719","SGBR2X國票4A購01","0","0","0","--","--","--","--"," ","0.00","0.43","25","0.44","10","10.98",
="074720","中502X國票4A購03","0","0","0","--","--","--","--"," ","0.00","1.37","25","1.39","10","13.10",
="074721","華城國票4A購02","0","0","0","--","--","--","--"," ","0.00","1.42","25","1.51","10","586.00",
="074722","大亞國票4A購02","1,000","1","130","0.13","0.13","0.13","0.13","-","0.02","0.13","25","0.16","10","39.85",
="074724","聯電國票4A購01","390,000","4","115,800","0.27","0.34","0.27","0.34","X","0.00","0.29","25","--","0","43.90",
="074726","台積電國票4A購10","0","0","0","--","--","--","--"," ","0.00","--","0","--","0","1,340.00",
="074728","大立光國票4B購02","0","0","0","--","--","--","--"," ","0.00","0.01","125","0.02","10","2,360.00",
="074730","富華新國票4A購04","0","0","0","--","--","--","--"," ","0.00","--","0","--","0","20.05",
="074731","緯創國票4A購03","0","0","0","--","--","--","--"," ","0.00","1.14","25","1.21","10","122.50",
="074732","嘉澤國票4A購05","0","0","0","--","--","--","--"," ","0.00","0.37","25","0.39","10","1,605.00",
="074733","永崴控國票4A購02","0","0","0","--","--","--","--"," ","0.00","--","0","--","0","34.30",
="074734","台表科國票4B購01","0","0","0","--","--","--","--"," ","0.00","0.03","25","0.04","10","107.00",
="074735","瑞祺國票4B購01","0","0","0","--","--","--","--"," ","0.00","0.03","25","0.04","10","86.90",
="074736","帝寶國票4A購02","0","0","0","--","--","--","--"," ","0.00","--","0","--","0","134.00",
="074737","永道國票4A購02","0","0","0","--","--","--","--"," ","0.00","--","0","--","0","141.50",
="074739","寶成國票4A購01","0","0","0","--","--","--","--"," ","0.00","--","0","0.10","20","28.90",
="074740","巨大國票4B購01","0","0","0","--","--","--","--"," ","0.00","0.01","25","0.02","10","101.00",
="074741","臺股指國票4A購03","0","0","0","--","--","--","--"," ","0.00","4.71","499","4.81","10","0.00",
="074742","上銀國泰4A購01","0","0","0","--","--","--","--"," ","0.00","--","0","--","0","217.50",
="074743","聯電國泰4A購01","0","0","0","--","--","--","--"," ","0.00","0.16","10","--","0","43.90",
="074744","台積電國泰4A購02","0","0","0","--","--","--","--"," ","0.00","10.40","10","--","0","1,340.00",
="074745","威強電國泰4A購01","0","0","0","--","--","--","--"," ","0.00","--","0","--","0","67.20",
="074746","嘉澤國泰4A購01","0","0","0","--","--","--","--"," ","0.00","0.79","499","0.85","10","1,605.00",
="074747","旺宏統一55購02","73,000","7","82,980","1.19","1.19","1.12","1.13","+","0.07","1.13","10","1.14","10","26.75",
="074748","聯發科統一53購05","155,000","8","77,840","0.51","0.51","0.49","0.49","-","0.04","0.48","10","0.49","10","1,375.00",
="074749","萬海統一53購01","0","0","0","--","--","--","--"," ","0.00","0.49","10","0.50","10","77.90",
="07474P","臺股指元大52售02","40,000","1","14,400","0.36","0.36","0.36","0.36","X","0.00","0.35","100","0.45","10","0.00",
="074750","漢翔統一52購01","283,000","9","424,890","1.51","1.51","1.41","1.41","-","0.21","1.38","10","1.39","10","62.60",
="074751","威強電統一53購02","0","0","0","--","--","--","--"," ","0.00","0.08","10","0.09","10","67.20",
="074752","威強電統一55購02","0","0","0","--","--","--","--"," ","0.00","0.12","10","0.13","10","67.20",
="074753","台郡統一55購01","0","0","0","--","--","--","--"," ","0.00","0.54","15","0.55","10","66.80",
="074754","台表科統一59購01","23,000","1","10,810","0.47","0.47","0.47","0.47","X","0.00","0.46","10","0.47","10","107.00",
="074755","巨大統一53購04","0","0","0","--","--","--","--"," ","0.00","0.06","10","0.07","10","101.00",
="074756","世紀鋼統一53購04","0","0","0","--","--","--","--"," ","0.00","0.24","10","0.25","10","171.50",
="074757","上銀中信4A購01","0","0","0","--","--","--","--"," ","0.00","--","0","--","0","0.00",
="074759","聯發科中信4A購02","0","0","0","--","--","--","--"," ","0.00","0.24","10","--","0","0.00",
="074760","台灣50台新4A購01","0","0","0","--","--","--","--"," ","0.00","25.30","10","--","0","0.00",
="074766","台灣50永豐4B購03","0","0","0","--","--","--","--"," ","0.00","49.80","499","53.00","10","58.45",
="074767","T50正2永豐51購02","0","0","0","--","--","--","--"," ","0.00","3.18","10","3.20","10","302.45",
="074768","美費半永豐4A購01","0","0","0","--","--","--","--"," ","0.00","9.85","499","9.90","10","49.19",
="074769","鴻海永豐4A購07","0","0","0","--","--","--","--"," ","0.00","2.06","499","--","0","221.00",
="07476P","華晶科永豐4C售02","0","0","0","--","--","--","--"," ","0.00","0.04","10","0.05","10","0.00",
="074770","宏碁永豐4A購01","50,000","1","1,000","0.02","0.02","0.02","0.02"," ","0.00","0.02","10","0.12","10","31.20",
="074771","漢唐永豐4A購01","0","0","0","--","--","--","--"," ","0.00","--","0","--","0","987.00",
="074772","萬海永豐4B購01","0","0","0","--","--","--","--"," ","0.00","0.37","10","0.38","10","77.90",
="074773","長榮航永豐4A購02","0","0","0","--","--","--","--"," ","0.00","0.05","10","0.15","10","38.85",
="074774","奇鋐永豐4B購02","0","0","0","--","--","--","--"," ","0.00","9.45","499","9.75","10","1,015.00",
="074775","富華新永豐4A購01","0","0","0","--","--","--","--"," ","0.00","--","0","0.10","10","20.05",
="074777","立積永豐4B購03","0","0","0","--","--","--","--"," ","0.00","0.13","499","0.14","10","151.50",
="074778","美利達永豐4B購01","0","0","0","--","--","--","--"," ","0.00","0.01","10","0.03","10","108.00",
="074781","道瓊銀元大51購01","190,000","7","268,550","1.42","1.43","1.38","1.43","+","0.06","1.43","100","1.44","100","36.75",
="074783","華城元大4A購04","69,000","1","44,850","0.65","0.65","0.65","0.65","X","0.00","0.61","499","0.63","10","586.00",
="074784","華城元大51購04","422,000","2","206,780","0.49","0.49","0.49","0.49","-","0.02","0.47","499","0.48","10","586.00",
="074791","中鋼元大4A購03","0","0","0","--","--","--","--"," ","0.00","--","0","0.10","10","19.45",
="074793","大成鋼元大51購04","0","0","0","--","--","--","--"," ","0.00","0.08","499","0.09","10","37.90",
="074795","台積電元大4C購08","0","0","0","--","--","--","--"," ","0.00","--","0","--","0","1,340.00",
="074796","台積電元大51購15","0","0","0","--","--","--","--"," ","0.00","--","0","--","0","1,340.00",
="074797","鴻準元大4B購05","212,000","5","160,000","0.76","0.76","0.74","0.75","+","0.03","0.70","499","0.71","10","70.70",
="074798","鴻準元大4C購02","0","0","0","--","--","--","--"," ","0.00","0.73","499","0.74","10","70.70",
="074799","鴻準元大51購01","101,000","5","73,390","0.73","0.74","0.71","0.71"," ","0.00","0.69","499","0.70","10","70.70",
="074808","裕民元大51購04","0","0","0","--","--","--","--"," ","0.00","0.12","499","0.13","10","55.30",
="07480P","臺股指凱基4A售16","0","0","0","--","--","--","--"," ","0.00","--","0","--","0","0.00",
="07481P","臺股指凱基52售02","0","0","0","--","--","--","--"," ","0.00","0.47","100","0.48","10","0.00",
="074821","嘉澤元大4A購03","0","0","0","--","--","--","--"," ","0.00","0.16","499","0.17","10","1,605.00",
="074822","嘉澤元大4B購01","298,000","6","106,720","0.36","0.37","0.34","0.34","-","0.06","0.34","499","0.35","10","1,605.00",
="074823","嘉澤元大51購02","0","0","0","--","--","--","--"," ","0.00","0.53","499","0.54","10","1,605.00",
="074826","世芯元大51購09","303,000","2","648,840","2.28","2.28","2.14","2.14","-","0.29","1.31","15","--","0","3,700.00",
="07482P","臺股指凱基52售03","1,758,000","38","1,065,160","0.61","0.63","0.56","0.57","-","0.10","0.57","100","0.58","10","0.00",
="074836","台灣50富邦4A購04","0","0","0","--","--","--","--"," ","0.00","6.10","100","6.30","10","0.00",
="074837","T50正2富邦4B購04","0","0","0","--","--","--","--"," ","0.00","4.68","100","4.72","10","0.00",
="074838","上銀富邦4B購01","0","0","0","--","--","--","--"," ","0.00","--","0","0.03","10","0.00",
="074839","鴻準富邦4C購01","20,000","2","4,300","0.21","0.22","0.21","0.22","+","0.01","0.19","10","0.20","10","0.00",
="07483P","T50正2元富4A售02","0","0","0","--","--","--","--"," ","0.00","--","0","0.10","10","0.00",
="074840","皇昌富邦4B購03","0","0","0","--","--","--","--"," ","0.00","0.22","10","0.23","10","0.00",
="074841","威強電富邦4A購01","0","0","0","--","--","--","--"," ","0.00","--","0","0.03","10","0.00",
="074842","創意富邦4A購04","0","0","0","--","--","--","--"," ","0.00","0.11","30","0.12","10","0.00",
="074843","嘉澤富邦4B購01","37,000","1","11,100","0.30","0.30","0.30","0.30","-","0.03","0.27","10","0.28","10","0.00",
="074844","力積電富邦4B購01","1,074,000","46","716,290","0.62","0.84","0.60","0.84","+","0.34","0.85","31","--","0","0.00",
="074845","台積電國泰4A購03","0","0","0","--","--","--","--"," ","0.00","3.58","10","--","0","1,340.00",
="074846","華邦電國泰4A購02","0","0","0","--","--","--","--"," ","0.00","9.85","150","--","0","36.45",
="074847","富邦金國泰4A購01","0","0","0","--","--","--","--"," ","0.00","0.35","10","--","0","88.40",
="074848","FBNQ2X國票4A購03","0","0","0","--","--","--","--"," ","0.00","--","0","--","0","159.20",
="074849","美費半國票4A購02","0","0","0","--","--","--","--"," ","0.00","5.85","25","6.00","10","49.19",
="074850","美費半國票4B購01","0","0","0","--","--","--","--"," ","0.00","5.35","25","5.40","10","49.19",
="074851","廣宇國票4A購03","325,000","10","17,500","0.07","0.07","0.05","0.06","-","0.02","0.05","45","0.06","10","54.10",
="074852","華邦電國票4B購02","147,000","17","983,150","5.75","7.85","5.75","7.85","+","2.45","7.35","25","7.85","9","36.45",
="074854","建準國票4C購01","0","0","0","--","--","--","--"," ","0.00","1.56","25","1.58","10","129.00",
="074856","聯發科國票4A購02","43,000","2","15,130","0.36","0.36","0.29","0.29","X","0.00","0.28","25","0.29","5","1,375.00",
="074857","慧洋國票4C購01","0","0","0","--","--","--","--"," ","0.00","0.13","25","0.14","10","58.40",
="074858","智伸科國票4A購01","0","0","0","--","--","--","--"," ","0.00","0.86","25","0.92","10","139.50",
="074860","台積電統一63購02","18,000","3","21,630","1.19","1.21","1.19","1.20","X","0.00","1.19","10","1.20","9","1,340.00",
="074861","碩天統一55購01","0","0","0","--","--","--","--"," ","0.00","0.25","10","0.26","10","217.00",
="074862","材料統一63購01","481,000","3","115,440","0.24","0.24","0.24","0.24"," ","0.00","0.23","111","0.24","10","66.40",
="074863","台表科統一51購01","10,000","1","2,700","0.27","0.27","0.27","0.27","X","0.00","0.26","10","0.28","10","107.00",
="074864","S&P正2中信4C購01","0","0","0","--","--","--","--"," ","0.00","1.10","499","1.11","100","0.00",
="074866","華邦電中信4B購01","14,000","5","39,830","2.74","2.90","2.67","2.90","+","0.58","2.94","10","--","0","0.00",
="074867","南亞科中信4B購01","0","0","0","--","--","--","--"," ","0.00","4.04","10","--","0","0.00",
="074870","富世達中信4A購01","10,000","1","3,000","0.30","0.30","0.30","0.30","-","0.01","0.31","10","0.36","10","0.00",
="074871","滬深2X永豐4A購05","0","0","0","--","--","--","--"," ","0.00","0.39","10","0.49","10","19.04",
="074873","台達電永豐4B購01","0","0","0","--","--","--","--"," ","0.00","54.50","499","59.50","10","893.00",
="074874","鴻海永豐4C購03","0","0","0","--","--","--","--"," ","0.00","2.36","10","--","0","221.00",
="074875","鴻海永豐4C購04","0","0","0","--","--","--","--"," ","0.00","1.95","10","2.05","10","221.00",
="074876","華邦電永豐4B購01","6,000","2","33,850","5.60","5.65","5.60","5.65","+","0.75","5.90","10","--","0","36.45",
="074877","台光電永豐4B購01","0","0","0","--","--","--","--"," ","0.00","94.50","499","99.50","10","1,345.00",
="074878","南亞科永豐4A購01","0","0","0","--","--","--","--"," ","0.00","--","0","--","0","81.00",
="074879","聯發科永豐4B購04","0","0","0","--","--","--","--"," ","0.00","0.16","10","0.17","10","1,375.00",
="074881","威強電永豐4A購01","0","0","0","--","--","--","--"," ","0.00","--","0","0.03","10","67.20",
="074885","臺股指永豐4A購03","0","0","0","--","--","--","--"," ","0.00","1.65","499","1.66","10","0.00",
="074886","臺股指永豐4A購04","0","0","0","--","--","--","--"," ","0.00","0.68","499","0.69","10","0.00",
="074887","臺股指永豐4A購05","0","0","0","--","--","--","--"," ","0.00","0.03","499","0.04","10","0.00",
="07488P","萬海群益4B售01","0","0","0","--","--","--","--"," ","0.00","0.69","10","0.79","10","0.00",
="074892","台泥凱基51購01","0","0","0","--","--","--","--"," ","0.00","0.14","100","0.15","30","23.75",
="074894","華新凱基4A購04","0","0","0","--","--","--","--"," ","0.00","0.22","100","--","0","24.05",
="074895","中鋼凱基4B購02","0","0","0","--","--","--","--"," ","0.00","--","0","0.09","3","19.45",
="074896","鴻海凱基4B購06","0","0","0","--","--","--","--"," ","0.00","5.65","90","6.10","10","221.00",
="074897","國巨凱基4B購02","19,000","3","81,900","4.41","4.41","4.23","4.23","+","0.04","4.14","220","5.00","1","176.00",
="074898","台積電凱基4A購29","0","0","0","--","--","--","--"," ","0.00","2.12","48","2.22","10","1,340.00",
="07489P","台塑化群益4B售02","0","0","0","--","--","--","--"," ","0.00","--","0","0.24","10","0.00",
="074901","台積電凱基53購07","0","0","0","--","--","--","--"," ","0.00","4.94","21","5.15","10","1,340.00",
="074902","台積電凱基53購08","0","0","0","--","--","--","--"," ","0.00","28.30","10","29.30","10","1,340.00",
="074903","華邦電凱基4A購02","152,000","24","883,200","5.60","6.50","5.00","6.15","+","2.11","6.25","5","6.65","10","36.45",
="074904","鴻準凱基4B購03","65,000","1","92,300","1.42","1.42","1.42","1.42","+","0.04","1.34","100","1.35","10","70.70",
="074906","金像電凱基4A購01","0","0","0","--","--","--","--"," ","0.00","19.00","100","--","0","455.00",
="074908","南亞科凱基4B購01","5,000","1","60,000","12.00","12.00","12.00","12.00","X","0.00","12.00","10","13.00","10","81.00",
="07490P","中502X元大4C售01","0","0","0","--","--","--","--"," ","0.00","1.11","250","1.12","100","0.00",
="074914","欣興凱基4B購02","2,000","1","6,020","3.01","3.01","3.01","3.01","+","0.25","2.85","100","2.92","10","159.00",
="074916","世芯凱基51購03","0","0","0","--","--","--","--"," ","0.00","3.18","100","3.28","10","3,700.00",
="074920","穎崴凱基4A購01","0","0","0","--","--","--","--"," ","0.00","4.01","100","--","0","2,015.00",
="074922","巨大凱基4B購01","0","0","0","--","--","--","--"," ","0.00","--","0","0.02","50","101.00",
="074925","FBNQ2X元富53購02","0","0","0","--","--","--","--"," ","0.00","5.05","25","5.55","25","159.20",
="074926","中502X元富53購01","38,000","2","69,700","1.90","1.90","1.80","1.80","X","0.00","1.75","25","1.76","25","13.10",
="074933","東鹼元富4C購01","10,000","1","700","0.07","0.07","0.07","0.07","X","0.00","0.07","25","0.10","10","30.45",
="074935","中鋼元富53購01","0","0","0","--","--","--","--"," ","0.00","0.17","25","0.18","25","19.45",
="074937","華邦電元富4A購06","0","0","0","--","--","--","--"," ","0.00","6.25","25","--","0","36.45",
="074939","華邦電元富51購01","174,000","15","1,107,300","6.35","6.80","5.85","6.80","+","1.35","6.65","20","8.15","2","36.45",
="074942","南亞科元富4A購04","0","0","0","--","--","--","--"," ","0.00","--","0","--","0","81.00",
="074943","美食元富4A購01","0","0","0","--","--","--","--"," ","0.00","0.01","25","0.10","10","75.60",
="074945","晶豪科元富4A購01","275,000","3","159,450","0.71","0.71","0.55","0.55","-","0.10","0.64","25","0.65","25","81.00",
="074946","群創元富53購01","20,000","1","17,600","0.88","0.88","0.88","0.88","-","0.04","0.85","25","0.86","25","14.15",
="07494P","中502X凱基4C售02","137,000","4","125,720","0.83","0.93","0.83","0.93","+","0.08","0.96","10","0.97","50","0.00",
="074951","穎崴元富4A購01","0","0","0","--","--","--","--"," ","0.00","2.24","25","2.31","25","2,015.00",
="074952","美利達元富4A購01","0","0","0","--","--","--","--"," ","0.00","--","0","0.10","25","108.00",
="074953","巨大元富4A購01","0","0","0","--","--","--","--"," ","0.00","--","0","0.10","25","101.00",
="074958","T50正2元大4A購03","3,000","2","3,360","1.01","1.34","1.01","1.34","+","0.54","1.23","100","1.33","10","302.45",
="074959","滬深2X元大4B購06","0","0","0","--","--","--","--"," ","0.00","1.24","499","1.25","250","19.04",
="074960","滬深2X元大51購02","20,000","1","18,200","0.91","0.91","0.91","0.91","-","0.05","0.93","250","0.94","250","19.04",
="074967","華城元大51購05","10,000","1","7,700","0.77","0.77","0.77","0.77","-","0.03","0.75","499","0.76","10","586.00",
="074970","鴻海元大51購04","106,000","3","164,200","1.54","1.55","1.54","1.55","X","0.00","1.56","499","1.57","10","221.00",
="074973","台積電元大4C購09","0","0","0","--","--","--","--"," ","0.00","--","0","--","0","1,340.00",
="074974","台積電元大51購16","2,000","2","3,980","1.99","1.99","1.99","1.99","X","0.00","--","0","--","0","1,340.00",
="074979","智邦元大4A購04","0","0","0","--","--","--","--"," ","0.00","2.12","4","--","0","1,005.00",
="074987","南亞科元大4A購01","10,000","1","67,000","6.70","6.70","6.70","6.70","X","0.00","7.10","25","--","0","81.00",
="074988","南亞科元大4B購02","0","0","0","--","--","--","--"," ","0.00","5.90","25","6.05","10","81.00",
="074994","偉訓元大4B購02","0","0","0","--","--","--","--"," ","0.00","0.16","499","0.26","10","97.50",
="075001","亞翔元大51購03","0","0","0","--","--","--","--"," ","0.00","2.68","300","2.73","10","358.50",
="075009","滬深2X群益4B購05","0","0","0","--","--","--","--"," ","0.00","0.11","4","--","0","19.04",
="075013","上銀群益4A購05","0","0","0","--","--","--","--"," ","0.00","--","0","0.10","10","217.50",
="075015","廣宇群益4B購01","0","0","0","--","--","--","--"," ","0.00","0.22","15","0.34","10","54.10",
="075019","華邦電群益4A購05","11,000","6","60,000","5.40","5.70","5.35","5.35","+","0.86","6.05","100","--","0","36.45",
="07501P","華城國票4A售01","0","0","0","--","--","--","--"," ","0.00","0.02","25","0.05","10","0.00",
="075023","南亞科群益4A購04","0","0","0","--","--","--","--"," ","0.00","3.31","3","--","0","81.00",
="075025","皇昌群益51購02","0","0","0","--","--","--","--"," ","0.00","0.21","25","0.22","10","72.70",
="075026","裕民群益4B購05","0","0","0","--","--","--","--"," ","0.00","0.19","10","0.29","10","55.30",
="075028","威強電群益4C購01","0","0","0","--","--","--","--"," ","0.00","--","0","0.11","10","67.20",
="075029","智原群益4A購01","0","0","0","--","--","--","--"," ","0.00","--","0","--","0","174.00",
="07502P","智邦國票4A售01","0","0","0","--","--","--","--"," ","0.00","--","0","--","0","0.00",
="075032","富華新群益4A購01","0","0","0","--","--","--","--"," ","0.00","--","0","--","0","20.05",
="075033","群創群益4B購04","1,518,000","61","1,796,760","1.17","1.25","1.05","1.25","+","0.16","1.25","130","--","0","14.15",
="07503P","裕民國票4A售01","0","0","0","--","--","--","--"," ","0.00","0.01","25","0.05","10","0.00",
="075045","台泥富邦4B購01","0","0","0","--","--","--","--"," ","0.00","--","0","0.03","10","0.00",
="075049","南亞科富邦4C購01","50,000","1","120,500","2.41","2.41","2.41","2.41","-","0.19","2.44","9","2.46","1","0.00",
="07504P","新日興國票4A售02","0","0","0","--","--","--","--"," ","0.00","0.99","25","1.03","10","0.00",
="075050","長榮富邦4B購03","0","0","0","--","--","--","--"," ","0.00","0.34","10","0.35","10","0.00",
="075051","萬海富邦4A購02","0","0","0","--","--","--","--"," ","0.00","0.03","10","0.05","10","0.00",
="075052","奇鋐富邦4B購04","0","0","0","--","--","--","--"," ","0.00","3.39","10","3.49","10","0.00",
="075053","鴻海兆豐53購01","0","0","0","--","--","--","--"," ","0.00","2.42","10","--","0","221.00",
="075054","世芯兆豐4B購01","0","0","0","--","--","--","--"," ","0.00","1.55","10","1.64","10","3,700.00",
="075055","台積電國泰4A購04","0","0","0","--","--","--","--"," ","0.00","11.00","10","--","0","1,340.00",
="075057","皇昌國泰4A購02","0","0","0","--","--","--","--"," ","0.00","0.11","499","0.12","15","72.70",
="075059","群創國泰4A購01","0","0","0","--","--","--","--"," ","0.00","0.41","499","0.47","15","14.15",
="075060","力成國泰4A購01","5,000","1","13,850","2.77","2.77","2.77","2.77","X","0.00","2.68","499","2.77","10","150.50",
="075065","台積電元富4A購09","0","0","0","--","--","--","--"," ","0.00","--","0","--","0","1,340.00",
="075066","台積電元富4A購10","0","0","0","--","--","--","--"," ","0.00","--","0","--","0","1,340.00",
="075069","南亞科元富4C購02","0","0","0","--","--","--","--"," ","0.00","--","0","--","0","81.00",
="075071","富邦金元富53購01","73,000","4","72,290","0.97","1.01","0.97","1.01","+","0.01","0.98","1","1.04","4","88.40",
="075075","時碩元富53購01","0","0","0","--","--","--","--"," ","0.00","0.13","25","0.14","25","55.70",
="07507P","志強國票4A售03","0","0","0","--","--","--","--"," ","0.00","1.08","25","1.18","10","0.00",
="075080","廣隆國票4A購01","0","0","0","--","--","--","--"," ","0.00","0.05","25","0.06","10","129.00",
="075081","金寶國票4A購01","0","0","0","--","--","--","--"," ","0.00","0.09","25","0.10","10","19.60",
="075082","台積電國票4A購11","0","0","0","--","--","--","--"," ","0.00","8.10","25","8.60","10","1,340.00",
="075083","台積電國票4A購12","5,000","3","24,200","4.68","5.00","4.68","5.00","+","1.40","5.00","25","5.25","10","1,340.00",
="075084","台積電國票4B購03","0","0","0","--","--","--","--"," ","0.00","--","0","--","0","1,340.00",
="075085","台積電國票4C購05","0","0","0","--","--","--","--"," ","0.00","--","0","--","0","1,340.00",
="075086","台積電國票55購01","49,000","22","224,740","4.51","4.82","4.50","4.82","+","0.65","4.88","25","4.90","10","1,340.00",
="075087","智邦國票4A購04","0","0","0","--","--","--","--"," ","0.00","9.50","25","10.00","10","1,005.00",
="075088","微星國票4A購03","60,000","1","600","0.01","0.01","0.01","0.01","X","0.00","0.01","25","0.02","10","119.50",
="075089","漢唐國票4A購02","0","0","0","--","--","--","--"," ","0.00","48.20","25","49.20","10","987.00",
="07508P","滬深2X元大4A售07","0","0","0","--","--","--","--"," ","0.00","0.01","250","0.06","50","0.00",
="075090","南亞科國票4A購02","14,000","5","190,900","13.30","15.00","13.30","15.00","-","0.40","15.40","25","16.30","1","81.00",
="075091","一詮國票4A購01","0","0","0","--","--","--","--"," ","0.00","0.01","25","0.02","10","82.30",
="075092","一詮國票4B購01","500,000","3","10,000","0.02","0.02","0.02","0.02","X","0.00","0.01","25","0.02","10","82.30",
="075093","揚博國票4A購01","10,000","1","7,900","0.79","0.79","0.79","0.79","X","0.00","0.74","25","0.77","10","118.00",
="075094","皇昌國票4B購03","0","0","0","--","--","--","--"," ","0.00","0.23","25","0.24","10","72.70",
="075095","長榮國票4B購02","0","0","0","--","--","--","--"," ","0.00","0.02","25","0.03","10","182.00",
="075096","美食國票4A購01","0","0","0","--","--","--","--"," ","0.00","0.03","25","0.04","10","75.60",
="075097","潤泰全國票4A購01","0","0","0","--","--","--","--"," ","0.00","0.01","25","0.02","10","52.30",
="075099","貿聯國票4A購05","0","0","0","--","--","--","--"," ","0.00","18.10","25","19.00","10","1,085.00",
="075100","精銳國票4A購01","0","0","0","--","--","--","--"," ","0.00","0.32","25","0.33","10","695.00",
="075101","緯穎國票4A購03","0","0","0","--","--","--","--"," ","0.00","5.95","25","6.45","10","3,140.00",
="075106","台積電統一53購07","41,000","5","50,830","1.21","1.27","1.21","1.27","X","0.00","1.24","15","1.25","10","1,340.00",
="075107","華邦電統一53購03","9,000","3","18,280","2.05","2.08","1.95","1.95","+","0.10","2.12","10","2.15","10","36.45",
="075108","華邦電統一59購02","1,840,000","78","2,463,870","1.28","1.39","1.28","1.39","+","0.19","1.39","75","1.49","3","36.45",
="075109","華碩統一53購02","0","0","0","--","--","--","--"," ","0.00","0.84","10","0.85","10","684.00",
="075110","南亞科統一51購05","1,000","1","3,200","3.20","3.20","3.20","3.20","-","0.26","3.42","10","3.47","10","81.00",
="075111","南亞科統一59購01","6,000","4","9,350","1.55","1.64","1.53","1.64","+","0.03","1.51","2","1.65","10","81.00",
="075112","潤泰全統一53購01","146,000","1","61,320","0.42","0.42","0.42","0.42","X","0.00","0.43","10","0.44","10","52.30",
="075113","威強電統一53購03","0","0","0","--","--","--","--"," ","0.00","0.09","10","0.19","10","67.20",
="075114","永崴控統一53購01","0","0","0","--","--","--","--"," ","0.00","0.15","10","0.16","10","34.30",
="075121","滬深2X永豐4C購03","0","0","0","--","--","--","--"," ","0.00","4.98","499","4.99","10","19.04",
="075122","FBNQ2X永豐4A購01","0","0","0","--","--","--","--"," ","0.00","9.80","499","9.85","10","159.20",
="075123","元債2X永豐56購01","0","0","0","--","--","--","--"," ","0.00","0.45","499","0.46","10","7.35",
="075124","華邦電永豐4C購01","443,000","24","2,705,850","6.00","6.60","5.80","6.60","+","1.05","6.50","10","6.60","9","36.45",
="075125","華碩永豐4B購01","43,000","1","70,520","1.64","1.64","1.64","1.64","+","0.07","0.32","10","--","0","684.00",
="07512P","邁達特群益4B售01","0","0","0","--","--","--","--"," ","0.00","0.19","20","0.71","10","0.00",
="075136","智伸科永豐4A購01","8,000","1","72,000","9.00","9.00","9.00","9.00","-","1.70","6.60","499","7.10","10","139.50",
="075138","材料永豐4C購02","0","0","0","--","--","--","--"," ","0.00","0.09","499","0.10","10","66.40",
="075139","崇越永豐4A購01","73,000","8","167,800","2.25","2.50","2.20","2.45","+","0.27","2.45","10","2.55","10","302.50",
="07513P","元黃金國票59售01","0","0","0","--","--","--","--"," ","0.00","0.11","25","0.12","10","0.00",
="075141","訊芯永豐4B購03","449,000","6","139,260","0.32","0.34","0.30","0.30"," ","0.00","0.28","10","0.29","10","164.50",
="075142","臺股指永豐4C購03","0","0","0","--","--","--","--"," ","0.00","2.47","499","2.48","10","0.00",
="075143","臺股指永豐4C購04","0","0","0","--","--","--","--"," ","0.00","2.80","499","2.81","10","0.00",
="075147","FBNQ2X凱基4C購02","0","0","0","--","--","--","--"," ","0.00","6.70","100","6.75","50","159.20",
="075149","美費半凱基4B購02","0","0","0","--","--","--","--"," ","0.00","6.80","100","7.30","10","49.19",
="07514P","華邦電國票4A售03","0","0","0","--","--","--","--"," ","0.00","--","0","--","0","0.00",
="075150","美費半凱基4C購01","0","0","0","--","--","--","--"," ","0.00","6.20","100","6.25","50","49.19",
="075151","大成鋼凱基4C購04","0","0","0","--","--","--","--"," ","0.00","0.11","100","0.12","50","37.90",
="075153","台達電凱基4B購01","1,000","1","47,300","47.30","47.30","47.30","47.30","X","0.00","45.30","20","46.30","10","893.00",
="075155","台積電凱基4A購30","0","0","0","--","--","--","--"," ","0.00","5.65","18","--","0","1,340.00",
="075156","台積電凱基4C購16","0","0","0","--","--","--","--"," ","0.00","33.20","10","34.20","10","1,340.00",
="075157","華邦電凱基4B購02","0","0","0","--","--","--","--"," ","0.00","6.80","100","7.30","10","36.45",
="075158","華邦電凱基51購01","0","0","0","--","--","--","--"," ","0.00","7.20","50","7.70","10","36.45",
="07515P","海華國票4A售01","0","0","0","--","--","--","--"," ","0.00","--","0","--","0","0.00",
="075161","大同凱基4A購01","360,000","1","79,200","0.22","0.22","0.22","0.22","-","0.05","0.27","10","0.37","10","39.85",
="075163","台光電凱基4C購01","0","0","0","--","--","--","--"," ","0.00","60.00","100","65.00","10","1,345.00",
="075167","長榮凱基4B購06","0","0","0","--","--","--","--"," ","0.00","0.36","499","0.37","40","182.00",
="075168","裕民凱基4C購02","0","0","0","--","--","--","--"," ","0.00","0.08","100","0.09","50","55.30",
="075170","群創凱基51購02","265,000","4","161,200","0.60","0.61","0.60","0.60","+","0.04","0.60","100","0.76","200","14.15",
="075174","亞翔凱基51購03","37,000","3","156,790","4.17","4.56","4.10","4.56","+","0.27","4.33","10","4.43","10","358.50",
="075176","力成凱基4A購01","0","0","0","--","--","--","--"," ","0.00","0.47","100","0.57","10","150.50",
="075182","台泥群益4B購01","154,000","8","3,020","0.03","0.03","0.01","0.01","-","0.02","0.01","180","0.11","10","23.75",
="075184","華城群益4B購01","0","0","0","--","--","--","--"," ","0.00","0.20","10","--","0","586.00",
="075185","中鋼群益52購01","0","0","0","--","--","--","--"," ","0.00","0.42","100","0.43","100","19.45",
="075194","皇昌群益51購03","0","0","0","--","--","--","--"," ","0.00","0.34","25","0.35","10","72.70",
="075196","新興群益4B購01","0","0","0","--","--","--","--"," ","0.00","0.05","10","0.15","10","22.60",
="075197","偉訓群益51購01","0","0","0","--","--","--","--"," ","0.00","1.51","10","1.61","10","97.50",
="075201","迎廣群益4A購02","0","0","0","--","--","--","--"," ","0.00","--","0","--","0","85.80",
="075215","FBNQ2X元大4B購02","0","0","0","--","--","--","--"," ","0.00","4.05","499","4.15","10","159.20",
="075216","中502X元大4B購03","0","0","0","--","--","--","--"," ","0.00","1.10","499","1.11","100","13.10",
="075217","中502X元大51購02","0","0","0","--","--","--","--"," ","0.00","1.64","499","1.65","100","13.10",
="075218","FANG+元大4A購01","0","0","0","--","--","--","--"," ","0.00","2.04","100","2.14","10","118.00",
="075219","FANG+元大4C購01","0","0","0","--","--","--","--"," ","0.00","1.82","100","1.92","10","118.00",
="07521P","臺股指元富4C售01","0","0","0","--","--","--","--"," ","0.00","0.21","25","0.22","25","0.00",
="075220","美費半元大4B購02","0","0","0","--","--","--","--"," ","0.00","5.70","100","6.20","10","49.19",
="075221","華城元大51購06","0","0","0","--","--","--","--"," ","0.00","1.23","499","1.25","10","586.00",
="075224","大成鋼元大51購05","0","0","0","--","--","--","--"," ","0.00","0.06","499","0.07","10","37.90",
="075227","台積電元大51購17","13,000","1","31,070","2.39","2.39","2.39","2.39","X","0.00","--","0","--","0","1,340.00",
="07522P","臺股指元富4C售02","0","0","0","--","--","--","--"," ","0.00","0.15","25","0.16","25","0.00",
="075235","漢唐元大4A購01","0","0","0","--","--","--","--"," ","0.00","14.20","50","--","0","987.00",
="075236","漢唐元大4B購02","0","0","0","--","--","--","--"," ","0.00","20.00","50","--","0","987.00",
="07523P","華邦電永豐4A售01","0","0","0","--","--","--","--"," ","0.00","--","0","0.10","10","0.00",
="075240","南亞科元大4A購02","20,000","2","102,000","5.20","5.20","5.00","5.00","-","0.10","5.55","25","5.75","10","81.00",
="075241","南亞科元大4B購03","30,000","4","142,400","4.73","4.78","4.73","4.78","-","0.22","5.05","25","6.00","2","81.00",
="07524P","滬深2X凱基4A售08","0","0","0","--","--","--","--"," ","0.00","0.01","10","0.02","199","0.00",
="075252","亞翔元大51購04","0","0","0","--","--","--","--"," ","0.00","3.05","250","3.10","10","358.50",
="075254","緯穎元大4B購02","0","0","0","--","--","--","--"," ","0.00","2.73","300","2.78","10","3,140.00",
="075255","緯穎元大51購01","39,000","2","126,750","3.25","3.25","3.25","3.25","-","0.11","3.12","250","3.14","10","3,140.00",
="075264","臺股指元大56購01","10,000","1","13,700","1.37","1.37","1.37","1.37","+","0.07","1.43","499","1.53","10","0.00",
="075268","滬深2X國票55購01","616,000","25","571,250","0.93","1.04","0.86","0.88","-","0.09","0.87","26","0.88","9","19.04",
="075269","華城國票4B購02","0","0","0","--","--","--","--"," ","0.00","2.32","25","2.35","10","586.00",
="075270","喬山國票4A購01","0","0","0","--","--","--","--"," ","0.00","0.02","25","0.03","10","167.00",
="075271","上銀國票4A購01","0","0","0","--","--","--","--"," ","0.00","0.01","55","0.02","10","217.50",
="075272","台積電國票4C購06","10,000","2","49,300","4.93","4.93","4.93","4.93","+","0.82","5.20","25","5.30","10","1,340.00",
="075273","台積電國票51購04","0","0","0","--","--","--","--"," ","0.00","6.50","25","6.90","10","1,340.00",
="075274","台積電國票53購02","0","0","0","--","--","--","--"," ","0.00","6.95","25","7.15","10","1,340.00",
="075276","旺宏國票4A購02","9,000","1","23,490","2.61","2.61","2.61","2.61","+","0.47","2.61","25","--","0","26.75",
="075277","旺宏國票4C購01","2,000","2","3,570","1.57","2.00","1.57","2.00","+","0.43","1.62","25","2.00","10","26.75",
="075278","晶豪科國票4B購01","187,000","34","392,080","2.21","2.28","1.88","2.10","-","0.10","2.04","25","2.09","10","81.00",
="075279","智原國票4A購03","100,000","2","2,000","0.02","0.02","0.02","0.02","X","0.00","0.01","25","0.02","10","174.00",
="075280","創意國票4B購03","20,000","1","8,600","0.43","0.43","0.43","0.43","X","0.00","0.41","25","0.42","10","1,315.00",
="075281","元晶國票4A購02","0","0","0","--","--","--","--"," ","0.00","0.01","25","0.02","10","15.30",
="075282","鴻海國泰52購01","5,000","1","30,250","6.05","6.05","6.05","6.05","X","0.00","6.10","499","6.30","10","221.00",
="075283","友達國泰4A購01","500,000","35","114,000","0.25","0.25","0.22","0.22","X","0.00","0.11","499","0.21","15","13.70",
="075284","長榮國泰4A購02","0","0","0","--","--","--","--"," ","0.00","0.19","499","0.21","15","182.00",
="075285","慧洋國泰4A購02","0","0","0","--","--","--","--"," ","0.00","0.02","499","0.03","15","58.40",
="075286","貿聯國泰4A購03","0","0","0","--","--","--","--"," ","0.00","13.70","10","14.30","10","1,085.00",
="075287","亞翔國泰4A購01","0","0","0","--","--","--","--"," ","0.00","5.85","499","--","0","358.50",
="075288","中砂富邦4B購01","0","0","0","--","--","--","--"," ","0.00","1.39","10","1.49","10","0.00",
="075289","鴻海富邦4B購05","2,000","2","4,610","2.28","2.33","2.28","2.33","X","0.00","2.33","30","2.39","10","0.00",
="075290","鴻海富邦51購01","1,000","1","1,790","1.79","1.79","1.79","1.79","X","0.00","1.80","30","1.85","10","0.00",
="075292","聯發科富邦4B購04","0","0","0","--","--","--","--"," ","0.00","0.52","30","0.55","10","0.00",
="075293","聯發科富邦4B購05","0","0","0","--","--","--","--"," ","0.00","0.48","30","0.51","10","0.00",
="075296","華邦電兆豐53購01","2,000","2","8,360","4.14","4.22","4.14","4.22","+","0.46","4.27","10","--","0","36.45",
="075297","緯穎兆豐53購01","0","0","0","--","--","--","--"," ","0.00","--","0","--","0","3,140.00",
="075298","喬山統一53購01","0","0","0","--","--","--","--"," ","0.00","0.14","10","0.15","10","167.00",
="075299","潤泰全統一53購02","279,000","3","62,380","0.23","0.23","0.22","0.22","-","0.02","0.22","10","0.23","10","52.30",
="075300","富華新統一55購01","12,000","3","3,370","0.29","0.29","0.28","0.28","X","0.00","0.27","10","0.28","10","20.05",
="075301","皇昌中信4A購01","0","0","0","--","--","--","--"," ","0.00","--","0","0.02","10","0.00",
="075305","中502X永豐53購01","0","0","0","--","--","--","--"," ","0.00","1.35","10","1.36","10","13.10",
="07530P","華邦電統一51售02","15,000","1","750","0.05","0.05","0.05","0.05"," ","0.00","0.03","10","0.04","10","0.00",
="075317","振樺電永豐4A購01","0","0","0","--","--","--","--"," ","0.00","--","0","0.03","10","229.50",
="07531P","川湖群益4A售03","0","0","0","--","--","--","--"," ","0.00","--","0","--","0","0.00",
="075326","長榮元富4C購01","0","0","0","--","--","--","--"," ","0.00","0.35","25","0.36","25","182.00",
="07532P","台積電群益4A售24","0","0","0","--","--","--","--"," ","0.00","--","0","--","0","0.00",
="075331","中502X凱基53購02","0","0","0","--","--","--","--"," ","0.00","1.39","100","1.40","50","13.10",
="075333","華城凱基51購03","3,000","1","6,450","2.15","2.15","2.15","2.15","X","0.00","2.08","100","2.18","10","586.00",
="075338","大成鋼凱基4B購02","0","0","0","--","--","--","--"," ","0.00","0.01","100","0.11","10","37.90",
="075339","鴻海凱基4A購07","27,000","7","57,540","2.02","2.25","2.02","2.13","+","0.39","2.11","330","2.13","10","221.00",
="07533P","群高息元大4C售01","0","0","0","--","--","--","--"," ","0.00","0.47","100","0.57","10","0.00",
="075341","台積電凱基4A購31","10,000","1","38,900","3.89","3.89","3.89","3.89","X","0.00","3.70","28","3.80","10","1,340.00",
="075342","台積電凱基56購11","0","0","0","--","--","--","--"," ","0.00","4.34","24","4.44","10","1,340.00",
="075346","所羅門凱基4B購03","0","0","0","--","--","--","--"," ","0.00","0.54","10","0.55","10","144.50",
="075348","一詮凱基4B購02","0","0","0","--","--","--","--"," ","0.00","0.03","100","0.13","10","82.30",
="075350","新興凱基4B購01","0","0","0","--","--","--","--"," ","0.00","0.07","10","0.08","50","22.60",
="075353","威強電凱基4C購01","0","0","0","--","--","--","--"," ","0.00","0.06","100","0.16","10","67.20",
="075354","偉訓凱基51購01","10,000","1","13,600","1.36","1.36","1.36","1.36","-","0.09","1.33","100","1.34","10","97.50",
="075356","神達凱基4C購02","0","0","0","--","--","--","--"," ","0.00","5.50","100","6.00","10","90.00",
="075359","矽力凱基4C購01","0","0","0","--","--","--","--"," ","0.00","0.10","100","0.20","10","273.00",
="075360","迅得凱基4B購02","1,150,000","5","115,500","0.11","0.11","0.10","0.10"," ","0.00","0.08","100","0.10","50","176.00",
="075361","緯穎凱基4A購06","0","0","0","--","--","--","--"," ","0.00","6.80","100","7.30","10","3,140.00",
="075367","群臺2X群益4B購01","1,000","1","3,400","3.40","3.40","3.40","3.40","X","0.00","3.57","25","3.58","10","108.15",
="075368","華城群益4C購03","0","0","0","--","--","--","--"," ","0.00","0.24","41","--","0","586.00",
="075373","鴻海群益56購01","0","0","0","--","--","--","--"," ","0.00","--","0","1.28","1","221.00",
="075376","華邦電群益55購01","82,000","10","191,090","2.28","2.50","2.28","2.49","X","0.00","--","0","2.60","10","36.45",
="075379","華碩群益4B購01","0","0","0","--","--","--","--"," ","0.00","0.10","11","--","0","684.00",
="075384","京元電群益51購01","0","0","0","--","--","--","--"," ","0.00","--","0","3.27","10","167.00",
="075386","裕民群益51購01","0","0","0","--","--","--","--"," ","0.00","0.37","10","0.47","10","55.30",
="075387","慧洋群益4B購04","0","0","0","--","--","--","--"," ","0.00","0.09","10","0.19","10","58.40",
="075388","威強電群益4B購01","0","0","0","--","--","--","--"," ","0.00","0.03","10","0.13","10","67.20",
="075390","玉晶光群益53購02","21,000","1","18,690","0.89","0.89","0.89","0.89","-","0.01","0.90","50","--","0","443.50",
="075392","群創群益4A購02","0","0","0","--","--","--","--"," ","0.00","0.63","499","0.73","10","14.15",
="075393","群創群益4B購05","450,000","6","27,000","0.06","0.06","0.06","0.06","X","0.00","0.05","150","0.06","100","14.15",
="075399","世紀鋼群益51購02","11,000","1","14,630","1.33","1.33","1.33","1.33","X","0.00","1.27","10","1.37","10","171.50",
="075400","臺股指群益53購01","0","0","0","--","--","--","--"," ","0.00","3.29","499","3.30","499","0.00",
="075402","臺股指群益53購02","0","0","0","--","--","--","--"," ","0.00","8.20","499","8.25","499","0.00",
="075412","台灣50元大51購01","158,000","9","1,303,500","8.00","8.60","8.00","8.60","+","1.30","8.65","75","8.95","10","58.45",
="075413","元黃金元大4B購01","10,000","1","33,600","3.36","3.36","3.36","3.36","X","0.00","3.39","100","3.42","1","40.68",
="075415","日本反元大4B購01","0","0","0","--","--","--","--"," ","0.00","0.01","250","0.06","50","5.00",
="075416","元石油元大4B購01","0","0","0","--","--","--","--"," ","0.00","0.33","250","0.38","10","16.00",
="075417","元日2X元大54購01","0","0","0","--","--","--","--"," ","0.00","0.37","100","0.38","100","5.87",
="075418","元日2X元大55購01","0","0","0","--","--","--","--"," ","0.00","0.33","100","0.34","100","5.87",
="075420","元日2X元大57購01","534,000","9","181,680","0.34","0.35","0.34","0.35","+","0.01","0.33","300","0.34","100","5.87",
="075421","中高息元大4A購01","0","0","0","--","--","--","--"," ","0.00","0.26","100","0.36","10","13.84",
="075425","華城元大51購07","153,000","2","134,640","0.88","0.88","0.88","0.88","X","0.00","0.84","499","0.86","10","586.00",
="075430","台積電元大51購18","209,000","8","467,450","2.17","2.24","2.12","2.24","+","0.30","0.16","6","--","0","1,340.00",
="075438","南亞科元大51購01","12,000","2","46,880","3.88","4.04","3.88","4.04","-","0.22","4.07","25","4.17","10","81.00",
="075443","長榮元大4B購03","0","0","0","--","--","--","--"," ","0.00","0.30","499","0.31","10","182.00",
="075444","長榮元大4C購01","0","0","0","--","--","--","--"," ","0.00","0.43","499","0.44","10","182.00",
="075445","長榮元大51購03","0","0","0","--","--","--","--"," ","0.00","0.51","499","0.52","10","182.00",
="075448","慧洋元大4C購03","0","0","0","--","--","--","--"," ","0.00","0.07","499","0.08","10","58.40",
="07544P","川湖統一51售04","82,000","7","2,290","0.02","0.05","0.02","0.04","-","0.01","0.03","7","0.04","9","0.00",
="075464","緯穎元大4B購03","0","0","0","--","--","--","--"," ","0.00","2.78","250","2.83","10","3,140.00",
="075465","緯穎元大4C購03","2,000","1","5,960","2.98","2.98","2.98","2.98","-","0.09","2.93","250","2.98","10","3,140.00",
="075466","緯穎元大51購02","0","0","0","--","--","--","--"," ","0.00","2.72","300","2.76","10","3,140.00",
="07546P","川湖國票4A售06","0","0","0","--","--","--","--"," ","0.00","--","0","--","0","0.00",
="075473","一詮國泰4A購01","0","0","0","--","--","--","--"," ","0.00","0.01","499","0.02","15","82.30",
="075474","世芯國泰4A購03","0","0","0","--","--","--","--"," ","0.00","--","0","3.19","10","3,700.00",
="075475","和大國票4A購03","0","0","0","--","--","--","--"," ","0.00","0.04","25","0.05","10","65.30",
="075476","漢翔國票4A購01","0","0","0","--","--","--","--"," ","0.00","1.31","25","4.44","5","62.60",
="075477","智原國票4A購04","0","0","0","--","--","--","--"," ","0.00","--","0","--","0","174.00",
="075478","訊芯國票4A購02","0","0","0","--","--","--","--"," ","0.00","0.12","25","0.13","10","164.50",
="075481","大成鋼富邦4A購04","0","0","0","--","--","--","--"," ","0.00","0.21","10","0.22","10","0.00",
="075483","裕民富邦4B購03","0","0","0","--","--","--","--"," ","0.00","0.35","10","0.36","10","0.00",
="075487","材料富邦4C購02","0","0","0","--","--","--","--"," ","0.00","0.04","10","0.10","10","0.00",
="075488","旺宏中信4A購01","12,000","2","16,460","1.37","1.38","1.37","1.38","+","0.12","1.33","499","1.35","10","0.00",
="075489","裕民中信4A購01","0","0","0","--","--","--","--"," ","0.00","0.23","499","0.24","10","0.00",
="07548P","台光電國票4A售02","0","0","0","--","--","--","--"," ","0.00","--","0","--","0","0.00",
="075493","立積中信4A購01","0","0","0","--","--","--","--"," ","0.00","0.15","499","0.16","10","0.00",
="075495","臺股指中信4A購11","0","0","0","--","--","--","--"," ","0.00","--","0","0.02","10","0.00",
="075496","佳能永豐53購01","20,000","10","202,400","10.00","10.90","9.45","10.80","X","0.00","9.85","499","9.95","10","88.80",
="075502","創意永豐4B購03","19,000","1","12,540","0.66","0.66","0.66","0.66","X","0.00","0.63","10","0.66","10","1,315.00",
="075504","貿聯永豐4A購02","0","0","0","--","--","--","--"," ","0.00","38.70","499","39.70","10","1,085.00",
="075505","材料永豐59購01","0","0","0","--","--","--","--"," ","0.00","0.47","10","0.48","10","66.40",
="075506","臺股指永豐4B購07","7,000","1","4,830","0.69","0.69","0.69","0.69","+","0.08","0.75","499","0.76","10","0.00",
="075507","台塑統一5B購01","0","0","0","--","--","--","--"," ","0.00","0.47","10","0.48","10","38.60",
="075508","喬山統一55購01","0","0","0","--","--","--","--"," ","0.00","0.31","10","0.32","10","167.00",
="075509","長榮統一53購02","0","0","0","--","--","--","--"," ","0.00","0.43","10","0.44","10","182.00",
="075510","大立光統一53購01","259,000","9","138,470","0.54","0.54","0.53","0.53"," ","0.00","0.53","39","0.54","10","2,360.00",
="075511","材料統一53購02","0","0","0","--","--","--","--"," ","0.00","0.14","10","0.15","10","66.40",
="075513","中50元富4B購02","0","0","0","--","--","--","--"," ","0.00","0.34","25","0.35","25","26.30",
="075520","群創元富4A購01","0","0","0","--","--","--","--"," ","0.00","0.06","25","0.16","10","14.15",
="075521","世芯元富4C購04","0","0","0","--","--","--","--"," ","0.00","1.91","25","1.96","25","3,700.00",
="075522","時碩元富4A購02","0","0","0","--","--","--","--"," ","0.00","--","0","0.09","35","55.70",
="075528","泓德元富4A購03","0","0","0","--","--","--","--"," ","0.00","--","0","0.10","25","125.50",
="075530","日本反凱基4B購01","0","0","0","--","--","--","--"," ","0.00","0.03","10","0.13","10","5.00",
="075531","元石油凱基4B購01","0","0","0","--","--","--","--"," ","0.00","0.34","10","0.35","50","16.00",
="075532","元日2X凱基55購01","0","0","0","--","--","--","--"," ","0.00","0.29","100","0.30","50","5.87",
="075536","華泰凱基4A購01","328,000","31","181,910","0.54","0.62","0.51","0.51","-","0.10","0.46","10","0.47","10","47.70",
="07553P","華邦電群益53售01","0","0","0","--","--","--","--"," ","0.00","0.02","216","0.10","300","0.00",
="075540","南亞科凱基4A購05","0","0","0","--","--","--","--"," ","0.00","10.40","10","11.40","10","81.00",
="075547","文曄凱基4A購01","23,000","2","20,010","0.87","0.87","0.87","0.87","+","0.04","0.87","100","0.93","10","137.50",
="075549","創意凱基4B購03","0","0","0","--","--","--","--"," ","0.00","0.27","100","0.28","10","1,315.00",
="07554P","台光電群益4B售03","0","0","0","--","--","--","--"," ","0.00","--","0","0.01","20","0.00",
="075554","台塑化凱基4B購01","0","0","0","--","--","--","--"," ","0.00","0.16","10","0.26","10","39.25",
="075555","緯穎凱基4A購07","0","0","0","--","--","--","--"," ","0.00","7.10","100","7.60","10","3,140.00",
="075558","臺股指凱基53購03","16,000","5","65,410","4.09","4.15","4.03","4.15","+","0.42","4.29","100","4.30","10","0.00",
="075559","S&P正2元大4A購01","0","0","0","--","--","--","--"," ","0.00","2.13","100","2.23","10","110.95",
="07555P","全新群益53售01","1,031,000","9","536,120","0.52","0.52","0.52","0.52","+","0.03","0.32","31","0.60","1","0.00",
="075560","臺指2X元大4B購01","0","0","0","--","--","--","--"," ","0.00","2.36","499","--","0","39.49",
="075561","中50元大4C購01","50,000","2","13,800","0.28","0.28","0.27","0.27","-","0.06","0.26","100","0.27","100","26.30",
="075568","智邦元大4A購05","374,000","18","1,501,300","3.89","4.13","3.89","4.01","+","0.26","0.32","62","--","0","1,005.00",
="07556P","裕民群益4B售03","0","0","0","--","--","--","--"," ","0.00","2.32","10","2.42","10","0.00",
="075571","南亞科元大4C購02","40,000","4","175,400","4.34","4.53","4.28","4.53","+","0.07","4.60","25","4.70","10","81.00",
="075572","南亞科元大51購02","1,000","1","3,620","3.62","3.62","3.62","3.62","-","0.11","3.63","25","3.73","10","81.00",
="075574","長榮元大4B購04","0","0","0","--","--","--","--"," ","0.00","0.40","499","0.41","10","182.00",
="075575","長榮元大4C購02","0","0","0","--","--","--","--"," ","0.00","0.22","499","0.23","10","182.00",
="075576","長榮元大51購04","0","0","0","--","--","--","--"," ","0.00","0.24","499","0.25","10","182.00",
="07557P","奇鋐群益4B售01","0","0","0","--","--","--","--"," ","0.00","--","0","--","0","0.00",
="075583","慧洋元大4C購04","0","0","0","--","--","--","--"," ","0.00","0.02","499","0.12","10","58.40",
="07558P","景碩群益53售01","3,000","1","1,620","0.54","0.54","0.54","0.54","-","0.02","0.31","32","0.69","5","0.00",
="075592","群創元大51購03","0","0","0","--","--","--","--"," ","0.00","0.23","499","0.24","10","14.15",
="075599","材料元大4C購03","0","0","0","--","--","--","--"," ","0.00","0.03","499","0.13","10","66.40",
="075600","材料元大51購08","100,000","1","6,000","0.06","0.06","0.06","0.06"," ","0.00","0.05","499","0.06","10","66.40",
="075602","緯穎元大4B購04","0","0","0","--","--","--","--"," ","0.00","3.68","200","--","0","3,140.00",
="075603","緯穎元大4C購04","0","0","0","--","--","--","--"," ","0.00","3.29","250","3.34","10","3,140.00",
="075604","緯穎元大51購03","51,000","2","144,550","2.80","2.87","2.80","2.87","X","0.00","2.76","250","2.77","10","3,140.00",
="07560P","玉晶光群益53售01","0","0","0","--","--","--","--"," ","0.00","0.65","15","--","0","0.00",
="075613","中鋼群益4B購03","0","0","0","--","--","--","--"," ","0.00","0.07","100","0.08","100","19.45",
="075615","鴻海群益51購04","0","0","0","--","--","--","--"," ","0.00","--","0","4.17","10","221.00",
="075616","鴻海群益52購01","0","0","0","--","--","--","--"," ","0.00","--","0","3.77","10","221.00",
="075617","鴻海群益53購04","21,000","4","71,610","3.41","3.44","3.38","3.44","+","0.30","3.43","25","3.49","10","221.00",
="075618","鴻海群益54購01","0","0","0","--","--","--","--"," ","0.00","--","0","4.94","10","221.00",
="075619","鴻海群益55購02","45,000","6","156,340","3.38","3.52","3.38","3.52","+","0.25","3.50","100","3.54","100","221.00",
="075624","聯發科群益4B購05","0","0","0","--","--","--","--"," ","0.00","--","0","--","0","1,375.00",
="075625","聯發科群益59購01","10,000","1","15,700","1.57","1.57","1.57","1.57","-","0.13","0.71","14","--","0","1,375.00",
="075627","皇昌群益53購01","1,000","1","650","0.65","0.65","0.65","0.65","X","0.00","0.63","25","0.64","10","72.70",
="075629","漢翔群益4A購01","0","0","0","--","--","--","--"," ","0.00","0.05","30","--","0","62.60",
="075631","威強電群益51購03","0","0","0","--","--","--","--"," ","0.00","0.13","10","0.23","10","67.20",
="07563P","啟碁群益53售01","67,000","1","86,430","1.29","1.29","1.29","1.29","X","0.00","1.30","100","1.32","100","0.00",
="075647","台表科群益4A購01","0","0","0","--","--","--","--"," ","0.00","--","0","0.17","10","107.00",
="07564P","臺股指群益4A售17","1,000","1","10","0.01","0.01","0.01","0.01","X","0.00","--","0","0.01","1,197","0.00",
="075653","富世達群益4C購01","16,000","2","31,880","1.97","2.03","1.97","2.03","+","0.02","--","0","--","0","1,010.00",
="075654","富世達群益51購01","130,000","7","291,860","2.20","2.42","2.15","2.25","+","0.25","0.83","12","--","0","1,010.00",
="075657","勤誠群益4B購01","0","0","0","--","--","--","--"," ","0.00","--","0","11.30","10","600.00",
="075658","臺股指群益4B購12","0","0","0","--","--","--","--"," ","0.00","3.23","499","--","0","0.00",
="075659","臺股指群益4B購13","0","0","0","--","--","--","--"," ","0.00","2.54","499","2.55","499","0.00",
="075666","亞翔中信4A購02","0","0","0","--","--","--","--"," ","0.00","0.78","10","0.88","10","0.00",
="075667","華城永豐4C購01","0","0","0","--","--","--","--"," ","0.00","2.33","10","2.43","10","586.00",
="075668","川湖永豐4C購02","0","0","0","--","--","--","--"," ","0.00","5.10","499","--","0","3,220.00",
="075671","台積電永豐63購02","0","0","0","--","--","--","--"," ","0.00","--","0","--","0","1,340.00",
="075677","全新永豐4A購02","0","0","0","--","--","--","--"," ","0.00","15.00","499","15.20","10","160.00",
="075680","大銀永豐4C購01","0","0","0","--","--","--","--"," ","0.00","0.13","499","0.14","10","120.00",
="075684","台積電統一63購03","0","0","0","--","--","--","--"," ","0.00","1.65","10","1.66","10","1,340.00",
="075685","英業達統一53購02","97,000","8","45,750","0.47","0.48","0.45","0.45","+","0.01","0.46","10","0.47","10","45.00",
="075686","奇鋐統一53購01","0","0","0","--","--","--","--"," ","0.00","2.91","10","2.92","10","1,015.00",
="075687","華晶科統一53購02","75,000","1","74,250","0.99","0.99","0.99","0.99","-","0.03","0.95","10","0.96","10","52.80",
="075688","華城富邦4A購01","0","0","0","--","--","--","--"," ","0.00","1.08","10","1.18","10","0.00",
="07568P","南亞科元富4A售03","0","0","0","--","--","--","--"," ","0.00","--","0","--","0","0.00",
="075693","台積電富邦4A購03","0","0","0","--","--","--","--"," ","0.00","3.55","30","3.64","10","0.00",
="075694","台積電富邦4B購08","0","0","0","--","--","--","--"," ","0.00","3.34","30","3.41","10","0.00",
="075695","所羅門富邦4A購03","0","0","0","--","--","--","--"," ","0.00","0.04","10","0.05","10","0.00",
="075696","一詮富邦4B購01","0","0","0","--","--","--","--"," ","0.00","0.13","10","0.14","10","0.00",
="075699","威盛元富51購01","0","0","0","--","--","--","--"," ","0.00","--","0","0.05","48","59.50",
="075700","立積富邦4A購03","0","0","0","--","--","--","--"," ","0.00","0.08","10","0.10","10","0.00",
="075701","亞翔富邦4A購02","0","0","0","--","--","--","--"," ","0.00","1.49","10","1.55","10","0.00",
="075702","富世達富邦4B購02","7,000","7","6,360","0.94","0.94","0.87","0.87","X","0.00","0.87","9","0.97","10","0.00",
="075704","中50凱基4B購01","0","0","0","--","--","--","--"," ","0.00","0.34","10","0.35","50","26.30",
="075707","大成鋼凱基4A購04","0","0","0","--","--","--","--"," ","0.00","--","0","0.10","10","37.90",
="075708","鴻海凱基56購01","0","0","0","--","--","--","--"," ","0.00","5.30","19","5.80","10","221.00",
="075711","所羅門凱基4A購02","0","0","0","--","--","--","--"," ","0.00","--","0","0.10","10","144.50",
="075712","聯發科凱基4A購07","0","0","0","--","--","--","--"," ","0.00","--","0","0.10","10","1,375.00",
="075714","長榮凱基4C購01","0","0","0","--","--","--","--"," ","0.00","0.24","499","0.25","40","182.00",
="075715","漢翔凱基4A購01","34,000","3","62,480","2.00","2.00","1.77","1.77","-","0.54","1.34","100","4.50","10","62.60",
="075717","大立光凱基51購01","5,000","1","6,200","1.24","1.24","1.24","1.24","X","0.00","1.25","100","1.29","10","2,360.00",
="075721","嘉澤凱基4C購01","33,000","2","31,160","0.96","0.96","0.92","0.92","-","0.13","0.92","10","0.93","10","1,605.00",
="075722","貿聯凱基4C購01","0","0","0","--","--","--","--"," ","0.00","9.85","100","10.70","10","1,085.00",
="075724","穎崴凱基51購01","0","0","0","--","--","--","--"," ","0.00","5.10","50","--","0","2,015.00",
="075726","緯穎凱基51購01","0","0","0","--","--","--","--"," ","0.00","6.40","100","6.50","10","3,140.00",
="075729","臺股指凱基4B購15","0","0","0","--","--","--","--"," ","0.00","3.23","100","3.24","10","0.00",
="075732","台灣50群益4B購03","8,000","1","73,600","9.20","9.20","9.20","9.20","+","0.60","4.01","2","10.10","10","58.45",
="075733","元日2X群益59購01","0","0","0","--","--","--","--"," ","0.00","0.63","10","0.73","10","5.87",
="075734","台塑群益4A購01","0","0","0","--","--","--","--"," ","0.00","--","0","0.11","10","38.60",
="075740","台積電群益51購03","0","0","0","--","--","--","--"," ","0.00","3.12","199","3.22","10","1,340.00",
="075741","台積電群益53購02","0","0","0","--","--","--","--"," ","0.00","2.89","499","2.99","10","1,340.00",
="075747","南亞科群益51購02","0","0","0","--","--","--","--"," ","0.00","--","0","--","0","81.00",
="075748","友達群益53購01","102,000","3","31,680","0.29","0.35","0.29","0.33","X","0.00","0.32","100","0.33","100","13.70",
="075750","立隆電群益4A購01","0","0","0","--","--","--","--"," ","0.00","--","0","0.34","10","89.40",
="075751","長榮群益4A購02","0","0","0","--","--","--","--"," ","0.00","--","0","0.15","10","182.00",
="075754","陽明群益4A購02","0","0","0","--","--","--","--"," ","0.00","--","0","0.10","10","55.20",
="075759","文曄群益4B購01","100,000","7","131,400","1.32","1.32","1.29","1.29","+","0.05","0.47","21","--","0","137.50",
="07575P","台積電中信4B售04","0","0","0","--","--","--","--"," ","0.00","0.26","10","0.27","10","0.00",
="075767","迎廣群益4B購01","0","0","0","--","--","--","--"," ","0.00","--","0","0.10","10","85.80",
="075768","力成群益4A購01","0","0","0","--","--","--","--"," ","0.00","--","0","0.48","10","150.50",
="075773","臺股指群益55購01","6,000","3","16,420","2.73","2.75","2.73","2.75","+","0.12","2.81","499","2.82","499","0.00",
="075774","智邦國票4A購05","0","0","0","--","--","--","--"," ","0.00","7.70","25","8.20","10","1,005.00",
="075775","金像電國票4B購01","0","0","0","--","--","--","--"," ","0.00","18.50","25","19.50","10","455.00",
="075776","漢唐國票4A購03","0","0","0","--","--","--","--"," ","0.00","29.60","25","30.60","10","987.00",
="075777","裕民國票4A購04","60,000","1","600","0.01","0.01","0.01","0.01","X","0.00","0.01","25","0.02","10","55.30",
="075778","大銀國票4A購03","0","0","0","--","--","--","--"," ","0.00","0.01","25","0.02","25","120.00",
="075779","緯穎國票4A購04","0","0","0","--","--","--","--"," ","0.00","6.35","25","6.60","10","3,140.00",
="07577P","和大國票4A售01","0","0","0","--","--","--","--"," ","0.00","--","0","--","0","0.00",
="075780","巨大國票4A購01","0","0","0","--","--","--","--"," ","0.00","0.01","25","0.02","10","101.00",
="075781","大成鋼國泰4A購02","0","0","0","--","--","--","--"," ","0.00","--","0","0.01","15","37.90",
="075782","台積電國泰4A購05","0","0","0","--","--","--","--"," ","0.00","--","0","--","0","1,340.00",
="075783","台積電國泰4A購06","0","0","0","--","--","--","--"," ","0.00","--","0","--","0","1,340.00",
="075784","華邦電國泰4A購03","16,000","5","181,000","11.00","11.50","11.00","11.50","+","2.30","11.60","499","12.50","5","36.45",
="075785","所羅門國泰4A購01","0","0","0","--","--","--","--"," ","0.00","0.13","499","0.14","15","144.50",
="075786","欣興國泰4A購01","0","0","0","--","--","--","--"," ","0.00","4.99","499","--","0","159.00",
="075787","玉晶光國泰4A購01","0","0","0","--","--","--","--"," ","0.00","1.16","499","--","0","443.50",
="075788","中502X元富4A購04","0","0","0","--","--","--","--"," ","0.00","0.40","25","0.50","10","13.10",
="07578P","裕民國票4A售02","10,000","1","8,300","0.83","0.83","0.83","0.83","X","0.00","0.77","25","0.81","10","0.00",
="075791","台積電元富4A購11","0","0","0","--","--","--","--"," ","0.00","--","0","--","0","1,340.00",
="075792","台積電元富4A購12","0","0","0","--","--","--","--"," ","0.00","1.44","1","--","0","1,340.00",
="075793","台積電元富4A購13","0","0","0","--","--","--","--"," ","0.00","--","0","--","0","1,340.00",
="075794","台積電元富4A購14","0","0","0","--","--","--","--"," ","0.00","--","0","--","0","1,340.00",
="075795","台積電元富4A購15","0","0","0","--","--","--","--"," ","0.00","--","0","--","0","1,340.00",
="075796","台積電元富4A購16","0","0","0","--","--","--","--"," ","0.00","--","0","--","0","1,340.00",
="075797","台積電元富4A購17","0","0","0","--","--","--","--"," ","0.00","--","0","--","0","1,340.00",
="075798","台積電元富4A購18","0","0","0","--","--","--","--"," ","0.00","--","0","--","0","1,340.00",
="075799","台積電元富4A購19","0","0","0","--","--","--","--"," ","0.00","--","0","--","0","1,340.00",
="07579P","華擎國票4A售01","0","0","0","--","--","--","--"," ","0.00","--","0","--","0","0.00",
="075800","台積電元富53購05","0","0","0","--","--","--","--"," ","0.00","--","0","--","0","1,340.00",
="075807","緯穎元富51購02","0","0","0","--","--","--","--"," ","0.00","3.80","25","3.85","25","3,140.00",
="075808","T50反1元大4A購03","0","0","0","--","--","--","--"," ","0.00","--","0","0.10","10","18.29",
="075809","中502X元大4A購04","0","0","0","--","--","--","--"," ","0.00","0.64","499","0.65","100","13.10",
="075810","中502X元大4C購03","10,000","2","5,950","0.63","0.63","0.56","0.56","X","0.00","0.53","250","0.54","100","13.10",
="075814","台積電元大51購19","0","0","0","--","--","--","--"," ","0.00","--","0","--","0","1,340.00",
="07581P","群臺2X凱基4B售02","0","0","0","--","--","--","--"," ","0.00","0.02","100","0.03","10","0.00",
="075826","南亞科元大4C購03","0","0","0","--","--","--","--"," ","0.00","13.00","10","--","0","81.00",
="075827","南亞科元大51購03","20,000","3","137,000","7.00","7.00","6.70","6.70","-","0.15","7.00","25","--","0","81.00",
="075828","南亞科元大53購01","10,000","1","26,000","2.60","2.60","2.60","2.60","-","0.13","2.71","25","2.77","10","81.00",
="075829","長榮元大4B購05","0","0","0","--","--","--","--"," ","0.00","0.34","499","0.35","10","182.00",
="075830","長榮元大4C購03","0","0","0","--","--","--","--"," ","0.00","0.28","499","0.29","10","182.00",
="075831","長榮元大51購05","0","0","0","--","--","--","--"," ","0.00","0.19","499","0.20","10","182.00",
="075834","慧洋元大53購01","55,000","1","24,200","0.44","0.44","0.44","0.44","-","0.03","0.44","499","0.45","10","58.40",
="075839","欣興元大4A購01","69,000","1","124,200","1.80","1.80","1.80","1.80","+","0.23","1.63","450","1.67","10","159.00",
="07583P","華邦電凱基4B售01","0","0","0","--","--","--","--"," ","0.00","--","0","0.02","50","0.00",
="075841","玉晶光元大4A購01","0","0","0","--","--","--","--"," ","0.00","0.03","499","0.13","10","443.50",
="075846","貿聯元大4B購01","0","0","0","--","--","--","--"," ","0.00","5.55","100","--","0","1,085.00",
="075848","材料元大4C購04","0","0","0","--","--","--","--"," ","0.00","0.04","499","0.14","10","66.40",
="075849","材料元大51購09","0","0","0","--","--","--","--"," ","0.00","0.06","499","0.07","10","66.40",
="07584P","台光電凱基4A售02","0","0","0","--","--","--","--"," ","0.00","--","0","0.08","30","0.00",
="075852","緯穎元大4B購05","0","0","0","--","--","--","--"," ","0.00","3.68","200","--","0","3,140.00",
="075853","緯穎元大4C購05","0","0","0","--","--","--","--"," ","0.00","3.17","250","--","0","3,140.00",
="075854","緯穎元大51購04","6,000","2","16,500","2.76","2.76","2.70","2.70","-","0.28","2.68","300","2.69","10","3,140.00",
="075857","威盛中信4A購01","0","0","0","--","--","--","--"," ","0.00","0.56","499","0.57","10","0.00",
="075858","威盛中信4A購02","0","0","0","--","--","--","--"," ","0.00","--","0","0.02","10","0.00",
="075859","鉅祥中信4B購01","52,000","3","74,320","1.49","1.49","1.42","1.42","-","0.18","1.43","499","1.45","10","0.00",
="07585P","南亞科凱基4A售03","0","0","0","--","--","--","--"," ","0.00","--","0","0.10","10","0.00",
="075860","亞德客永豐4B購01","0","0","0","--","--","--","--"," ","0.00","0.11","499","0.12","10","765.00",
="075864","台積電永豐4A購12","0","0","0","--","--","--","--"," ","0.00","--","0","--","0","1,340.00",
="075865","台積電永豐63購03","33,000","3","71,720","2.16","2.18","2.16","2.18","+","0.15","1.41","7","2.20","2","1,340.00",
="075867","聯發科永豐51購01","10,000","1","9,500","0.95","0.95","0.95","0.95","X","0.00","0.88","499","0.89","10","1,375.00",
="07586P","臺股指凱基4C售12","496,000","17","73,560","0.16","0.16","0.14","0.14","-","0.04","0.14","100","0.15","20","0.00",
="075870","晶心科永豐4A購01","0","0","0","--","--","--","--"," ","0.00","0.06","499","0.07","10","325.50",
="075872","深中小元富4B購01","0","0","0","--","--","--","--"," ","0.00","0.07","6","--","0","15.68",
="075874","中502X元富4A購05","0","0","0","--","--","--","--"," ","0.00","0.35","25","0.45","10","13.10",
="075880","上銀國票4A購02","0","0","0","--","--","--","--"," ","0.00","0.07","25","0.08","10","217.50",
="075881","宇隆國票4A購03","0","0","0","--","--","--","--"," ","0.00","1.19","25","1.25","10","217.00",
="075882","鴻海國票51購01","20,000","4","90,880","4.38","4.61","4.38","4.61","+","0.61","4.56","25","4.61","10","221.00",
="075883","錸德國票4A購01","0","0","0","--","--","--","--"," ","0.00","0.01","25","0.02","10","10.55",
="075884","漢翔國票4A購02","0","0","0","--","--","--","--"," ","0.00","0.45","25","1.50","1","62.60",
="075885","臺企銀國票4A購01","0","0","0","--","--","--","--"," ","0.00","0.38","25","0.40","10","15.55",
="075886","欣興國票4A購04","0","0","0","--","--","--","--"," ","0.00","--","0","--","0","159.00",
="075887","貿聯國票4A購06","0","0","0","--","--","--","--"," ","0.00","13.50","25","14.50","10","1,085.00",
="075888","台表科國票4A購01","0","0","0","--","--","--","--"," ","0.00","0.11","25","0.12","10","107.00",
="075889","雲豹國票4B購01","0","0","0","--","--","--","--"," ","0.00","0.03","25","0.04","10","119.00",
="075890","羅昇國票4A購01","0","0","0","--","--","--","--"," ","0.00","0.13","25","0.14","10","99.50",
="075891","華新國泰4A購02","123,000","12","67,860","0.60","0.60","0.47","0.55","-","0.09","0.52","499","0.53","10","24.05",
="075892","世芯國泰4A購04","0","0","0","--","--","--","--"," ","0.00","3.82","10","3.92","10","3,700.00",
="075895","皇昌富邦4B購04","0","0","0","--","--","--","--"," ","0.00","0.13","10","0.14","10","0.00",
="075896","玉晶光富邦4A購03","0","0","0","--","--","--","--"," ","0.00","0.63","10","0.70","2","0.00",
="075897","碩天富邦4A購02","0","0","0","--","--","--","--"," ","0.00","--","0","0.03","10","0.00",
="075899","緯穎富邦4A購04","0","0","0","--","--","--","--"," ","0.00","2.62","30","2.67","10","0.00",
="075900","台積電統一57購11","107,000","2","117,700","1.10","1.10","1.10","1.10","+","0.10","1.07","10","1.08","10","1,340.00",
="075901","長榮統一55購03","0","0","0","--","--","--","--"," ","0.00","0.30","10","0.31","10","182.00",
="075903","新興統一53購01","0","0","0","--","--","--","--"," ","0.00","0.23","10","0.24","10","22.60",
="075904","陽明統一53購02","0","0","0","--","--","--","--"," ","0.00","0.13","10","0.14","10","55.20",
="075905","漢翔統一53購01","19,000","2","21,650","1.15","1.15","1.13","1.13","-","0.05","1.05","10","1.06","10","62.60",
="075906","漢翔統一53購02","553,000","13","663,850","1.23","1.24","1.12","1.12","-","0.18","1.12","10","1.13","10","62.60",
="075907","漢翔統一55購01","643,000","15","575,760","0.91","0.91","0.85","0.85","-","0.08","0.84","10","0.85","10","62.60",
="075908","立積統一53購02","3,000","2","990","0.33","0.33","0.33","0.33","-","0.03","0.33","10","0.34","10","151.50",
="075909","穎崴統一53購01","0","0","0","--","--","--","--"," ","0.00","1.78","10","1.79","10","2,015.00",
="075910","T50反1凱基51購02","0","0","0","--","--","--","--"," ","0.00","0.23","100","0.24","10","18.29",
="075912","中502X凱基4A購03","0","0","0","--","--","--","--"," ","0.00","0.47","100","0.48","50","13.10",
="075913","道瓊銅凱基51購02","0","0","0","--","--","--","--"," ","0.00","0.51","100","0.52","10","25.59",
="075914","台塑凱基4A購03","0","0","0","--","--","--","--"," ","0.00","0.01","10","0.11","10","38.60",
="075915","鴻海凱基53購02","0","0","0","--","--","--","--"," ","0.00","4.78","100","4.87","10","221.00",
="075917","台積電凱基4A購32","0","0","0","--","--","--","--"," ","0.00","5.65","18","6.15","10","1,340.00",
="075918","台積電凱基4A購33","0","0","0","--","--","--","--"," ","0.00","29.40","100","30.40","10","1,340.00",
="075919","台積電凱基4C購17","0","0","0","--","--","--","--"," ","0.00","4.03","100","4.13","10","1,340.00",
="075920","華邦電凱基4A購03","0","0","0","--","--","--","--"," ","0.00","8.55","50","9.05","10","36.45",
="075926","南亞科凱基51購01","0","0","0","--","--","--","--"," ","0.00","8.10","10","8.60","10","81.00",
="075930","慧洋凱基4B購02","0","0","0","--","--","--","--"," ","0.00","--","0","0.10","10","58.40",
="075935","世芯凱基51購04","59,000","4","176,120","3.19","3.19","2.89","2.89","-","0.24","2.86","100","2.89","10","3,700.00",
="075938","緯穎凱基4B購03","0","0","0","--","--","--","--"," ","0.00","6.20","100","6.70","10","3,140.00",
="07593P","FBNQ2X元大51售01","0","0","0","--","--","--","--"," ","0.00","0.20","110","0.22","50","0.00",
="075948","亞德客群益4A購02","0","0","0","--","--","--","--"," ","0.00","--","0","0.10","10","765.00",
="075952","台積電群益4A購27","0","0","0","--","--","--","--"," ","0.00","--","0","--","0","1,340.00",
="075953","台積電群益4A購28","0","0","0","--","--","--","--"," ","0.00","9.05","10","9.75","10","1,340.00",
="075956","錸德群益4B購01","0","0","0","--","--","--","--"," ","0.00","0.12","25","0.13","10","10.55",
="075960","全新群益4C購01","0","0","0","--","--","--","--"," ","0.00","--","0","1.65","10","160.00",
="075965","漢翔群益4A購02","0","0","0","--","--","--","--"," ","0.00","0.02","23","--","0","62.60",
="075969","聯詠群益4A購01","0","0","0","--","--","--","--"," ","0.00","0.04","10","0.14","10","443.00",
="075972","宏致群益4A購01","0","0","0","--","--","--","--"," ","0.00","0.01","30","0.22","10","73.30",
="075974","世芯群益4B購04","0","0","0","--","--","--","--"," ","0.00","0.01","100","--","0","3,700.00",
="075977","材料群益4B購01","0","0","0","--","--","--","--"," ","0.00","0.11","10","0.21","10","66.40",
="075984","來億群益4B購01","0","0","0","--","--","--","--"," ","0.00","0.03","10","0.13","10","224.00",
="075985","振樺電群益53購01","0","0","0","--","--","--","--"," ","0.00","0.56","10","0.66","10","229.50",
="07598P","大銀群益4A售03","0","0","0","--","--","--","--"," ","0.00","--","0","--","0","0.00",
="075994","台積電元大51購20","1,000","1","2,600","2.60","2.60","2.60","2.60","X","0.00","--","0","2.69","1","1,340.00",
="07599P","臺股指富邦4C售07","1,213,000","9","62,200","0.06","0.06","0.05","0.06","-","0.01","0.05","799","0.06","100","0.00",
="076001","南亞科元大51購04","0","0","0","--","--","--","--"," ","0.00","7.05","25","--","0","81.00",
="076002","南亞科元大53購02","20,000","2","53,800","2.66","2.72","2.66","2.72","+","0.02","2.77","25","2.83","10","81.00",
="076003","長榮元大4B購06","0","0","0","--","--","--","--"," ","0.00","0.39","499","0.40","10","182.00",
="076004","長榮元大4C購04","0","0","0","--","--","--","--"," ","0.00","0.38","499","0.39","10","182.00",
="076005","長榮元大51購06","0","0","0","--","--","--","--"," ","0.00","0.41","499","0.42","10","182.00",
="076008","群創元大4C購02","30,000","2","4,000","0.13","0.14","0.13","0.14","+","0.02","0.13","499","0.14","10","14.15",
="07600P","中502X國票4A售02","0","0","0","--","--","--","--"," ","0.00","0.01","25","0.05","10","0.00",
="076010","嘉澤元大51購03","14,000","3","9,860","0.71","0.73","0.70","0.70","-","0.08","0.68","499","0.70","10","1,605.00",
="076019","緯穎元大4C購06","3,000","1","16,800","5.60","5.60","5.60","5.60","+","0.10","5.40","150","5.50","10","3,140.00",
="076021","富世達元大4C購01","19,000","2","38,520","2.02","2.16","2.02","2.16","+","0.11","2.11","400","2.16","10","1,010.00",
="076022","富世達元大53購01","111,000","4","200,830","1.74","1.83","1.74","1.83","+","0.18","1.78","450","1.82","10","1,010.00",
="076026","臺股指元大51購03","120,000","3","394,200","3.27","3.35","3.27","3.35","X","0.00","3.33","100","3.43","10","0.00",
="076029","T50反1兆豐51購01","0","0","0","--","--","--","--"," ","0.00","0.06","10","0.07","10","18.29",
="07602P","中鴻國票4A售02","0","0","0","--","--","--","--"," ","0.00","3.62","25","3.72","10","0.00",
="076032","陽明富邦4B購01","0","0","0","--","--","--","--"," ","0.00","0.01","599","0.06","57","0.00",
="076034","大立光富邦4B購03","50,000","1","19,500","0.39","0.39","0.39","0.39","-","0.02","0.39","10","0.40","10","0.00",
="076037","AES富邦4B購01","10,000","1","5,700","0.57","0.57","0.57","0.57","-","0.09","0.56","10","0.57","10","0.00",
="07603P","台化統一51售06","0","0","0","--","--","--","--"," ","0.00","0.23","10","0.24","10","0.00",
="076041","台積電中信4A購03","0","0","0","--","--","--","--"," ","0.00","2.78","499","--","0","0.00",
="076045","AES中信4A購01","0","0","0","--","--","--","--"," ","0.00","0.15","10","0.17","10","0.00",
="076046","AES中信4B購01","10,000","2","2,220","0.23","0.23","0.22","0.22","-","0.01","0.19","10","0.20","10","0.00",
="076047","東陽永豐4A購02","0","0","0","--","--","--","--"," ","0.00","0.03","499","0.04","10","94.10",
="076048","和大永豐4B購01","0","0","0","--","--","--","--"," ","0.00","0.16","499","0.17","10","65.30",
="076049","華邦電永豐4B購02","0","0","0","--","--","--","--"," ","0.00","3.89","499","--","0","36.45",
="07604P","中鴻統一51售03","0","0","0","--","--","--","--"," ","0.00","1.05","10","1.06","10","0.00",
="076052","聯發科永豐53購01","19,000","2","17,660","0.92","0.94","0.92","0.94","X","0.00","0.87","499","0.88","10","1,375.00",
="076055","南寶永豐4A購01","0","0","0","--","--","--","--"," ","0.00","2.53","10","2.63","10","416.50",
="076059","AES永豐4C購01","0","0","0","--","--","--","--"," ","0.00","0.61","10","0.64","10","1,195.00",
="07605P","台積電統一53售06","430,000","5","27,800","0.07","0.07","0.06","0.06","X","0.00","0.06","10","0.07","10","0.00",
="076061","鴻海統一53購12","74,000","10","143,960","1.93","1.97","1.93","1.96","+","0.13","1.96","499","1.97","499","221.00",
="076062","鴻海統一53購13","0","0","0","--","--","--","--"," ","0.00","1.71","10","1.72","10","221.00",
="076063","台積電統一53購08","18,000","2","36,090","2.02","2.02","1.99","1.99","+","0.15","1.98","10","1.99","1","1,340.00",
="076064","聯發科統一51購04","0","0","0","--","--","--","--"," ","0.00","0.47","499","0.48","499","1,375.00",
="076065","聯發科統一53購06","0","0","0","--","--","--","--"," ","0.00","0.45","108","0.46","108","1,375.00",
="076066","陽明統一53購03","0","0","0","--","--","--","--"," ","0.00","0.36","10","0.37","10","55.20",
="076067","玉晶光統一53購02","17,000","1","14,790","0.87","0.87","0.87","0.87","+","0.01","0.84","10","0.85","10","443.50",
="076068","健策統一53購01","2,000","1","5,360","2.68","2.68","2.68","2.68","+","0.20","2.60","10","2.61","10","2,355.00",
="076069","立積統一56購03","103,000","2","32,960","0.32","0.32","0.32","0.32"," ","0.00","0.30","10","0.31","10","151.50",
="07606P","台塑化統一51售04","0","0","0","--","--","--","--"," ","0.00","0.39","10","0.40","10","0.00",
="076070","全訊統一53購02","0","0","0","--","--","--","--"," ","0.00","0.69","10","0.74","10","140.00",
="076071","AES統一53購01","20,000","1","13,200","0.66","0.66","0.66","0.66","X","0.00","0.65","10","0.66","10","1,195.00",
="076072","AES統一55購01","30,000","5","29,660","1.01","1.01","0.96","0.96","-","0.02","0.95","10","0.96","10","1,195.00",
="076073","AES統一59購01","5,000","1","4,400","0.88","0.88","0.88","0.88","-","0.02","0.87","10","0.88","10","1,195.00",
="076074","AES統一59購02","8,000","3","7,790","0.96","0.98","0.96","0.97","+","0.01","0.94","10","0.95","10","1,195.00",
="076075","AES統一63購01","0","0","0","--","--","--","--"," ","0.00","0.58","10","0.59","10","1,195.00",
="076077","中502X群益4B購01","0","0","0","--","--","--","--"," ","0.00","0.09","5","1.70","10","13.10",
="076078","中502X群益52購01","0","0","0","--","--","--","--"," ","0.00","0.62","25","0.63","10","13.10",
="076079","川湖群益4A購04","0","0","0","--","--","--","--"," ","0.00","--","0","--","0","3,220.00",
="076081","台積電群益4A購29","12,000","4","49,270","4.09","4.28","4.09","4.09","+","1.07","0.10","100","--","0","1,340.00",
="076082","台積電群益4A購30","2,000","1","2,380","1.19","1.19","1.19","1.19","X","0.00","--","0","--","0","1,340.00",
="076083","台積電群益4A購31","3,000","1","2,700","0.90","0.90","0.90","0.90","X","0.00","--","0","--","0","1,340.00",
="076087","佳能群益4A購01","0","0","0","--","--","--","--"," ","0.00","--","0","2.47","10","88.80",
="076088","微星群益4A購01","0","0","0","--","--","--","--"," ","0.00","--","0","--","0","119.50",
="07608P","材料元富4A售05","0","0","0","--","--","--","--"," ","0.00","2.49","25","2.52","25","0.00",
="076090","建準群益4A購03","0","0","0","--","--","--","--"," ","0.00","0.61","499","0.71","10","129.00",
="076091","建準群益4B購01","703,000","8","524,920","0.78","0.78","0.61","0.61","-","0.06","0.15","76","--","0","129.00",
="076097","中信金群益53購01","0","0","0","--","--","--","--"," ","0.00","0.18","20","--","0","43.25",
="076104","智易群益4A購02","0","0","0","--","--","--","--"," ","0.00","0.10","10","0.20","10","223.00",
="076108","祥碩群益4A購02","0","0","0","--","--","--","--"," ","0.00","--","0","0.05","10","1,525.00",
="076110","緯穎群益53購01","0","0","0","--","--","--","--"," ","0.00","1.38","499","1.48","10","3,140.00",
="076114","元油反元富4C購01","0","0","0","--","--","--","--"," ","0.00","0.12","25","0.13","25","6.75",
="076115","中502X元富4A購06","0","0","0","--","--","--","--"," ","0.00","0.08","25","0.10","10","13.10",
="076117","和大元富4C購01","0","0","0","--","--","--","--"," ","0.00","0.42","25","0.43","25","65.30",
="07611P","中鋼群益4C售02","0","0","0","--","--","--","--"," ","0.00","--","0","1.18","10","0.00",
="076121","南亞科元富51購01","0","0","0","--","--","--","--"," ","0.00","3.50","1","5.15","20","81.00",
="076122","南亞科元富53購02","0","0","0","--","--","--","--"," ","0.00","2.33","4","--","0","81.00",
="076125","宏致元富4A購03","11,000","2","1,900","0.20","0.20","0.17","0.17","-","0.04","0.16","25","0.17","25","73.30",
="076126","時碩元富4A購04","0","0","0","--","--","--","--"," ","0.00","--","0","0.10","25","55.70",
="076129","香港反國票53購01","150,000","1","24,000","0.16","0.16","0.16","0.16","X","0.00","0.16","25","0.17","10","5.27",
="07612P","大成鋼群益4A售05","0","0","0","--","--","--","--"," ","0.00","1.49","10","1.59","10","0.00",
="076131","台積電國票63購02","7,000","6","35,350","4.94","5.20","4.93","5.20","+","0.57","5.20","25","5.25","10","1,340.00",
="076132","南亞科國票4A購04","18,000","5","193,500","11.10","11.10","10.20","10.60","-","0.40","11.30","25","11.90","10","81.00",
="076133","一詮國票4A購02","0","0","0","--","--","--","--"," ","0.00","0.01","25","0.02","10","82.30",
="076136","宏致國票4A購01","0","0","0","--","--","--","--"," ","0.00","0.67","25","0.68","10","73.30",
="076137","宏致國票4B購01","0","0","0","--","--","--","--"," ","0.00","0.68","25","0.69","10","73.30",
="076138","健策國票4B購01","0","0","0","--","--","--","--"," ","0.00","7.80","25","8.30","10","2,355.00",
="076139","時碩國票4A購01","0","0","0","--","--","--","--"," ","0.00","0.01","25","0.02","10","55.70",
="07613P","川湖群益4B售01","0","0","0","--","--","--","--"," ","0.00","0.01","10","0.11","10","0.00",
="076140","大銀國票4A購04","0","0","0","--","--","--","--"," ","0.00","0.07","25","0.08","10","120.00",
="076142","啟碁國票4A購02","0","0","0","--","--","--","--"," ","0.00","0.03","25","0.04","10","121.00",
="076145","迅得國票4B購01","301,000","2","67,040","0.24","0.24","0.22","0.22"," ","0.00","0.19","25","0.20","10","176.00",
="076146","訊芯國票4A購03","0","0","0","--","--","--","--"," ","0.00","0.18","25","0.19","10","164.50",
="076147","晶碩國票4A購01","0","0","0","--","--","--","--"," ","0.00","0.01","25","0.02","10","316.00",
="076149","AES國票4B購01","100,000","4","38,800","0.42","0.42","0.37","0.37","-","0.06","0.36","25","0.37","10","1,195.00",
="07614P","鴻海群益4A售03","0","0","0","--","--","--","--"," ","0.00","--","0","--","0","0.00",
="076150","矽創國票4A購01","11,000","1","6,050","0.55","0.55","0.55","0.55","-","0.17","0.60","25","0.61","10","225.00",
="076151","南亞科國泰4A購01","0","0","0","--","--","--","--"," ","0.00","10.50","499","11.60","1","81.00",
="076152","大立光國泰4A購02","0","0","0","--","--","--","--"," ","0.00","0.21","499","0.31","15","2,360.00",
="076153","立積國泰4A購01","0","0","0","--","--","--","--"," ","0.00","0.03","10","0.04","10","151.50",
="076157","台灣50凱基53購01","0","0","0","--","--","--","--"," ","0.00","5.00","100","5.50","10","58.45",
="076158","元金2X凱基51購03","147,000","8","265,030","1.81","1.81","1.77","1.79","+","0.17","1.79","99","1.81","5","70.40",
="076159","中502X凱基53購03","185,000","5","401,900","2.19","2.19","2.06","2.06","-","0.15","2.03","100","2.04","50","13.10",
="07615P","慧洋群益4B售03","0","0","0","--","--","--","--"," ","0.00","0.98","10","1.08","10","0.00",
="076161","大成鋼凱基4A購05","0","0","0","--","--","--","--"," ","0.00","--","0","0.10","10","37.90",
="076162","上銀凱基4A購03","0","0","0","--","--","--","--"," ","0.00","0.06","100","0.08","10","217.50",
="076166","台積電凱基4C購18","0","0","0","--","--","--","--"," ","0.00","8.55","100","9.05","10","1,340.00",
="076169","南亞科凱基51購02","0","0","0","--","--","--","--"," ","0.00","5.80","10","6.30","10","81.00",
="07616P","世芯群益4B售03","0","0","0","--","--","--","--"," ","0.00","0.03","30","--","0","0.00",
="076170","台積電元富51購01","1,000","1","13,400","13.40","13.40","13.40","13.40","X","0.00","--","0","13.40","6","1,340.00",
="076171","長榮凱基51購04","0","0","0","--","--","--","--"," ","0.00","0.77","499","0.79","40","182.00",
="076172","漢翔凱基4A購02","2,000","2","2,880","1.44","1.44","1.44","1.44","-","0.76","1.42","100","1.44","8","62.60",
="076173","大立光凱基51購02","0","0","0","--","--","--","--"," ","0.00","0.45","10","0.46","10","2,360.00",
="076174","威強電凱基53購01","0","0","0","--","--","--","--"," ","0.00","0.07","100","0.09","10","67.20",
="076176","緯創凱基4A購04","0","0","0","--","--","--","--"," ","0.00","1.34","100","1.44","10","122.50",
="076177","創意凱基4A購05","50,000","2","30,400","0.59","0.68","0.59","0.68","+","0.10","0.63","100","0.65","10","1,315.00",
="076178","健策凱基51購01","0","0","0","--","--","--","--"," ","0.00","7.10","100","7.60","10","2,355.00",
="07617P","SGBR2X元大4B售01","120,000","2","97,000","0.81","0.81","0.80","0.80","+","0.06","0.79","100","0.80","30","0.00",
="076180","力成凱基4B購01","1,173,000","23","274,260","0.24","0.25","0.21","0.23","-","0.04","0.23","110","0.25","10","150.50",
="076181","台表科凱基4B購01","100,000","1","25,000","0.25","0.25","0.25","0.25","-","0.02","0.24","100","0.25","10","107.00",
="076182","緯穎凱基51購02","0","0","0","--","--","--","--"," ","0.00","6.10","100","6.15","10","3,140.00",
="076188","臺股指凱基4B購16","0","0","0","--","--","--","--"," ","0.00","2.60","100","2.61","10","0.00",
="076193","FB越南元大4B購01","0","0","0","--","--","--","--"," ","0.00","1.91","499","2.01","10","15.73",
="076198","鴻海元大4C購01","0","0","0","--","--","--","--"," ","0.00","3.01","250","3.07","10","221.00",
="076199","鴻海元大51購05","183,000","17","320,590","1.74","1.78","1.73","1.75","+","0.22","1.76","450","1.77","10","221.00",
="076202","台積電元大51購21","0","0","0","--","--","--","--"," ","0.00","0.59","16","--","0","1,340.00",
="076218","創意元大4C購03","130,000","10","203,180","1.48","1.60","1.48","1.60","+","0.18","1.55","25","1.57","10","1,315.00",
="076219","創意元大51購05","101,000","11","160,660","1.52","1.64","1.52","1.59","+","0.14","1.58","25","1.60","10","1,315.00",
="076231","臺股指元大4B購14","31,000","2","9,910","0.32","0.32","0.31","0.31","+","0.06","0.32","499","0.42","10","0.00",
="076232","臺股指元大51購04","0","0","0","--","--","--","--"," ","0.00","0.77","499","0.87","10","0.00",
="076233","臺股指元大55購01","20,000","2","43,600","2.13","2.23","2.13","2.23","+","0.25","2.19","100","2.29","10","0.00",
="076234","滬深2X永豐4B購04","0","0","0","--","--","--","--"," ","0.00","0.97","10","0.98","10","19.04",
="076235","上銀永豐49購03","0","0","0","--","--","--","--"," ","0.00","--","0","0.10","10","217.50",
="076236","金寶永豐4A購01","0","0","0","--","--","--","--"," ","0.00","0.06","10","0.07","10","19.60",
="076237","鴻海永豐49購12","0","0","0","--","--","--","--"," ","0.00","4.07","499","4.17","10","221.00",
="076238","旺宏永豐4A購01","12,000","8","22,690","1.80","2.13","1.78","1.96","+","0.37","1.78","10","1.88","10","26.75",
="076239","強茂永豐4B購01","355,000","42","591,990","1.60","1.77","1.57","1.70","-","0.23","1.69","20","1.72","13","71.70",
="076240","京城永豐4A購01","0","0","0","--","--","--","--"," ","0.00","0.09","10","0.10","10","47.40",
="076241","華固永豐4A購01","10,000","1","600","0.06","0.06","0.06","0.06","X","0.00","0.05","10","0.06","10","96.60",
="076242","貿聯永豐49購03","0","0","0","--","--","--","--"," ","0.00","12.20","499","--","0","1,085.00",
="076243","長虹永豐4A購01","0","0","0","--","--","--","--"," ","0.00","0.02","499","0.03","10","77.40",
="076244","達麗永豐4A購01","0","0","0","--","--","--","--"," ","0.00","0.15","10","0.17","10","50.10",
="076245","同欣電永豐49購01","0","0","0","--","--","--","--"," ","0.00","0.07","499","0.17","10","120.50",
="076246","台灣50群益49購09","0","0","0","--","--","--","--"," ","0.00","--","0","--","0","58.45",
="076247","T50反1群益4B購02","0","0","0","--","--","--","--"," ","0.00","--","0","0.14","10","18.29",
="076248","滬深2X群益4B購06","0","0","0","--","--","--","--"," ","0.00","0.08","5","--","0","19.04",
="076249","中502X群益4B購02","0","0","0","--","--","--","--"," ","0.00","1.55","25","1.56","10","13.10",
="076250","美費半群益49購02","0","0","0","--","--","--","--"," ","0.00","1.36","25","--","0","49.19",
="076251","大成鋼群益4B購03","0","0","0","--","--","--","--"," ","0.00","0.02","10","0.12","10","37.90",
="076252","上銀群益49購07","0","0","0","--","--","--","--"," ","0.00","--","0","--","0","217.50",
="076253","台積電群益49購33","0","0","0","--","--","--","--"," ","0.00","--","0","--","0","1,340.00",
="076254","台積電群益49購34","0","0","0","--","--","--","--"," ","0.00","9.40","499","--","0","1,340.00",
="076255","台積電群益49購35","0","0","0","--","--","--","--"," ","0.00","7.55","499","--","0","1,340.00",
="076256","台積電群益49購36","0","0","0","--","--","--","--"," ","0.00","--","0","--","0","1,340.00",
="076257","旺宏群益4B購03","206,000","9","125,990","0.75","0.82","0.57","0.60","+","0.10","0.57","30","--","0","26.75",
="076258","華邦電群益49購08","890,000","18","10,757,000","11.80","12.50","11.80","12.50","+","2.10","--","0","--","0","36.45",
="076259","南亞科群益4B購04","0","0","0","--","--","--","--"," ","0.00","7.60","1","--","0","81.00",
="076260","全新群益49購03","0","0","0","--","--","--","--"," ","0.00","--","0","--","0","160.00",
="076261","長榮群益49購06","0","0","0","--","--","--","--"," ","0.00","--","0","--","0","182.00",
="076262","漢翔群益49購03","0","0","0","--","--","--","--"," ","0.00","--","0","--","0","62.60",
="076263","大立光群益49購09","0","0","0","--","--","--","--"," ","0.00","--","0","--","0","2,360.00",
="076264","威強電群益53購01","3,000","1","2,250","0.75","0.75","0.75","0.75","X","0.00","0.73","10","0.83","10","67.20",
="076265","緯創群益49購02","0","0","0","--","--","--","--"," ","0.00","--","0","2.30","10","122.50",
="076266","創意群益49購14","0","0","0","--","--","--","--"," ","0.00","--","0","--","0","1,315.00",
="076267","力成群益4A購02","0","0","0","--","--","--","--"," ","0.00","0.06","30","0.77","10","150.50",
="076268","緯穎群益4A購03","0","0","0","--","--","--","--"," ","0.00","3.23","199","3.33","10","3,140.00",
="076269","AES群益4A購01","30,000","2","10,700","0.49","0.49","0.29","0.29","X","0.00","0.03","10","0.38","10","1,195.00",
="076270","AES群益4B購01","138,000","5","77,040","0.63","0.65","0.54","0.55","-","0.20","0.53","25","0.56","10","1,195.00",
="076271","富世達群益4A購02","0","0","0","--","--","--","--"," ","0.00","5.20","100","5.70","10","1,010.00",
="076272","來億群益49購04","0","0","0","--","--","--","--"," ","0.00","--","0","--","0","224.00",
="076273","台積電富邦4A購04","0","0","0","--","--","--","--"," ","0.00","4.06","30","4.16","10","0.00",
="076274","台積電富邦4A購05","0","0","0","--","--","--","--"," ","0.00","4.92","30","5.10","10","0.00",
="076275","南亞科富邦4B購04","0","0","0","--","--","--","--"," ","0.00","3.04","10","3.14","10","0.00",
="076276","京元電富邦4B購02","0","0","0","--","--","--","--"," ","0.00","4.08","10","4.18","10","0.00",
="076277","可成富邦49購01","0","0","0","--","--","--","--"," ","0.00","--","0","0.03","10","0.00",
="076278","緯創富邦49購02","0","0","0","--","--","--","--"," ","0.00","0.37","30","--","0","0.00",
="076279","精銳富邦49購02","0","0","0","--","--","--","--"," ","0.00","--","0","0.03","28","0.00",
="07627P","臺股指元大4A售18","0","0","0","--","--","--","--"," ","0.00","--","0","0.10","10","0.00",
="076280","訊芯富邦4A購03","200,000","7","36,000","0.18","0.18","0.18","0.18","+","0.01","0.15","10","0.16","10","0.00",
="076281","保瑞富邦4B購01","1,374,000","22","798,260","0.57","0.61","0.56","0.58"," ","0.00","0.58","10","0.59","10","0.00",
="076282","台灣50凱基49購11","0","0","0","--","--","--","--"," ","0.00","51.50","10","--","0","58.45",
="076283","FB越南凱基49購01","0","0","0","--","--","--","--"," ","0.00","2.73","100","--","0","15.73",
="076284","統一凱基49購02","0","0","0","--","--","--","--"," ","0.00","--","0","0.10","10","78.40",
="076285","大成鋼凱基4B購03","0","0","0","--","--","--","--"," ","0.00","0.03","100","0.13","10","37.90",
="076286","南港凱基4B購01","0","0","0","--","--","--","--"," ","0.00","0.33","10","0.43","10","41.15",
="076287","鴻海凱基51購05","0","0","0","--","--","--","--"," ","0.00","4.62","22","4.72","10","221.00",
="076288","台積電凱基49購30","0","0","0","--","--","--","--"," ","0.00","0.14","100","0.24","10","1,340.00",
="076289","台積電凱基4A購34","0","0","0","--","--","--","--"," ","0.00","11.20","100","12.20","10","1,340.00",
="07628P","臺股指元大4A售19","0","0","0","--","--","--","--"," ","0.00","--","0","0.10","10","0.00",
="076290","台積電凱基4B購09","0","0","0","--","--","--","--"," ","0.00","9.25","11","9.75","10","1,340.00",
="076291","台積電凱基51購08","0","0","0","--","--","--","--"," ","0.00","11.60","100","12.60","10","1,340.00",
="076292","華碩凱基49購05","0","0","0","--","--","--","--"," ","0.00","0.15","10","0.25","10","684.00",
="076293","建準凱基49購02","0","0","0","--","--","--","--"," ","0.00","0.20","100","0.30","10","129.00",
="076294","一詮凱基49購04","0","0","0","--","--","--","--"," ","0.00","--","0","0.10","10","82.30",
="076295","漢翔凱基49購02","0","0","0","--","--","--","--"," ","0.00","1.89","100","--","0","62.60",
="076296","文曄凱基49購02","0","0","0","--","--","--","--"," ","0.00","2.37","100","2.47","10","137.50",
="076297","玉晶光凱基49購07","0","0","0","--","--","--","--"," ","0.00","0.69","100","0.79","10","443.50",
="076298","嘉澤凱基51購01","0","0","0","--","--","--","--"," ","0.00","0.89","10","0.91","10","1,605.00",
="076299","智易凱基49購02","0","0","0","--","--","--","--"," ","0.00","--","0","0.10","10","223.00",
="07629P","臺股指元大4A售20","0","0","0","--","--","--","--"," ","0.00","--","0","0.10","10","0.00",
="076300","材料凱基4B購01","0","0","0","--","--","--","--"," ","0.00","0.01","100","0.11","10","66.40",
="076301","新唐凱基49購02","0","0","0","--","--","--","--"," ","0.00","--","0","0.02","10","64.60",
="076302","啟碁凱基49購02","0","0","0","--","--","--","--"," ","0.00","--","0","--","0","121.00",
="076303","迅得凱基49購03","0","0","0","--","--","--","--"," ","0.00","--","0","--","0","176.00",
="076304","晶碩凱基4B購01","0","0","0","--","--","--","--"," ","0.00","0.13","10","0.14","10","316.00",
="076305","矽創凱基49購01","0","0","0","--","--","--","--"," ","0.00","--","0","--","0","225.00",
="076306","臺股指凱基49購39","0","0","0","--","--","--","--"," ","0.00","--","0","--","0","0.00",
="076307","喬山統一52購01","40,000","2","9,300","0.24","0.24","0.21","0.21","-","0.03","0.21","10","0.22","10","167.00",
="076308","一詮統一53購02","0","0","0","--","--","--","--"," ","0.00","0.25","10","0.26","10","82.30",
="076309","一詮統一53購03","0","0","0","--","--","--","--"," ","0.00","0.19","10","0.20","10","82.30",
="07630P","中502X永豐4A售03","0","0","0","--","--","--","--"," ","0.00","0.09","10","0.11","10","0.00",
="076310","力成統一51購03","142,000","9","99,240","0.71","0.71","0.67","0.69"," ","0.00","0.67","10","0.68","10","150.50",
="076311","AES統一52購01","134,000","4","117,220","0.87","0.89","0.87","0.89","+","0.05","0.81","10","0.82","10","1,195.00",
="076312","AES統一53購02","47,000","1","26,320","0.56","0.56","0.56","0.56","-","0.04","0.53","10","0.54","10","1,195.00",
="076313","AES統一53購03","222,000","2","179,700","0.81","0.81","0.79","0.79","-","0.02","0.75","10","0.76","10","1,195.00",
="076314","AES統一56購01","597,000","9","376,930","0.64","0.66","0.61","0.61","-","0.01","0.60","10","0.61","10","1,195.00",
="076315","AES統一56購02","100,000","2","55,000","0.55","0.55","0.55","0.55","+","0.01","0.52","10","0.53","10","1,195.00",
="076316","AES統一63購02","3,000","1","1,920","0.64","0.64","0.64","0.64","-","0.01","0.62","10","0.63","10","1,195.00",
="076317","滬深2X元富49購05","0","0","0","--","--","--","--"," ","0.00","--","0","--","0","19.04",
="076318","A50正2元富49購03","0","0","0","--","--","--","--"," ","0.00","--","0","--","0","32.79",
="076319","FBNQ2X元富4A購01","0","0","0","--","--","--","--"," ","0.00","4.52","25","4.62","25","159.20",
="076320","中502X元富4A購07","0","0","0","--","--","--","--"," ","0.00","1.65","25","1.67","25","13.10",
="076321","東陽元富49購02","0","0","0","--","--","--","--"," ","0.00","--","0","0.10","25","94.10",
="076322","鴻海元富49購12","0","0","0","--","--","--","--"," ","0.00","6.30","25","6.50","25","221.00",
="076323","聯發科元富49購02","32,000","1","320","0.01","0.01","0.01","0.01","-","0.09","--","0","0.10","25","1,375.00",
="076324","奇鋐元富49購06","0","0","0","--","--","--","--"," ","0.00","13.60","25","13.90","25","1,015.00",
="076325","偉訓元富53購02","0","0","0","--","--","--","--"," ","0.00","0.71","25","0.72","25","97.50",
="076326","創意元富53購01","35,000","2","72,970","2.00","2.09","2.00","2.09","+","0.10","2.05","25","--","0","1,315.00",
="076327","時碩元富49購04","0","0","0","--","--","--","--"," ","0.00","--","0","0.10","25","55.70",
="076328","精銳元富49購01","0","0","0","--","--","--","--"," ","0.00","0.01","25","0.11","10","695.00",
="076329","迅得元富49購03","0","0","0","--","--","--","--"," ","0.00","--","0","0.10","25","176.00",
="07632P","台積電富邦4B售07","200,000","1","10,000","0.05","0.05","0.05","0.05","X","0.00","0.04","30","0.05","10","0.00",
="076330","世紀鋼元富49購04","0","0","0","--","--","--","--"," ","0.00","0.02","25","0.12","25","171.50",
="076331","臺股指元富51購02","0","0","0","--","--","--","--"," ","0.00","2.14","25","2.15","25","0.00",
="076332","臺股指元富51購03","0","0","0","--","--","--","--"," ","0.00","1.04","25","1.05","25","0.00",
="076333","臺股指元富51購04","0","0","0","--","--","--","--"," ","0.00","0.73","25","0.74","25","0.00",
="076334","元債2X國票4B購02","0","0","0","--","--","--","--"," ","0.00","0.21","25","0.22","10","7.35",
="076335","元債2X國票51購01","0","0","0","--","--","--","--"," ","0.00","0.30","25","0.31","10","7.35",
="076336","美債2X國票4C購01","0","0","0","--","--","--","--"," ","0.00","0.26","25","0.27","10","7.33",
="076337","旺宏國票4B購01","253,000","9","646,600","2.51","2.69","2.46","2.50","-","0.39","2.52","25","2.53","10","26.75",
="076338","京城國票4A購01","0","0","0","--","--","--","--"," ","0.00","0.01","25","0.02","10","47.40",
="076339","立積國票4B購01","0","0","0","--","--","--","--"," ","0.00","0.03","25","0.04","10","151.50",
="07633P","台積電富邦51售04","0","0","0","--","--","--","--"," ","0.00","0.04","30","0.05","10","0.00",
="076340","力成國票4C購01","353,000","7","272,020","0.78","0.78","0.76","0.76","-","0.03","0.77","25","0.79","10","150.50",
="076341","AES國票4A購01","0","0","0","--","--","--","--"," ","0.00","0.36","25","0.37","10","1,195.00",
="076342","菱光國票49購02","50,000","1","55,500","1.11","1.11","1.11","1.11","+","0.36","1.09","25","1.18","10","60.90",
="076343","滬深2X台新49購01","0","0","0","--","--","--","--"," ","0.00","0.46","20","--","0","0.00",
="076344","材料台新49購02","0","0","0","--","--","--","--"," ","0.00","--","0","--","0","0.00",
="076345","AES台新49購01","0","0","0","--","--","--","--"," ","0.00","--","0","--","0","0.00",
="076346","台灣50元大4B購04","61,000","10","133,740","2.05","2.49","2.05","2.49","+","0.73","2.43","100","2.53","15","58.45",
="076347","台灣50元大4B購05","0","0","0","--","--","--","--"," ","0.00","5.20","300","5.70","10","58.45",
="076348","滬深2X元大53購01","15,000","1","28,200","1.88","1.88","1.88","1.88","-","0.04","1.91","250","1.92","250","19.04",
="076349","永續息元大4C購01","0","0","0","--","--","--","--"," ","0.00","1.31","100","1.41","10","21.43",
="07634P","聯發科富邦4B售03","0","0","0","--","--","--","--"," ","0.00","0.52","30","0.53","10","0.00",
="076350","和大元大49購09","0","0","0","--","--","--","--"," ","0.00","--","0","0.10","10","65.30",
="076351","華新元大49購11","0","0","0","--","--","--","--"," ","0.00","0.02","499","0.12","10","24.05",
="076352","台玻元大49購04","0","0","0","--","--","--","--"," ","0.00","2.98","200","--","0","25.95",
="076353","上銀元大49購12","0","0","0","--","--","--","--"," ","0.00","--","0","0.06","3","217.50",
="076354","光寶科元大49購01","0","0","0","--","--","--","--"," ","0.00","4.05","200","--","0","183.00",
="076355","鴻海元大4A購06","16,000","3","30,000","1.86","1.92","1.86","1.92","+","0.26","1.92","450","1.99","10","221.00",
="076356","鴻海元大4C購02","149,000","5","336,040","2.26","2.31","2.25","2.25","X","0.00","2.30","350","2.32","10","221.00",
="076357","鴻海元大51購06","45,000","8","83,740","1.84","1.93","1.84","1.85","+","0.19","1.89","450","1.90","10","221.00",
="076358","台積電元大49購36","0","0","0","--","--","--","--"," ","0.00","--","0","--","0","1,340.00",
="076359","台積電元大49購37","0","0","0","--","--","--","--"," ","0.00","--","0","--","0","1,340.00",
="07635P","聯發科富邦51售04","92,000","3","48,830","0.52","0.54","0.52","0.54","+","0.05","0.54","30","0.55","10","0.00",
="076360","台積電元大51購22","147,000","4","305,440","2.00","2.08","2.00","2.06","+","0.32","0.19","105","--","0","1,340.00",
="076362","旺宏元大49購06","0","0","0","--","--","--","--"," ","0.00","1.30","499","1.40","10","26.75",
="076363","華邦電元大49購25","0","0","0","--","--","--","--"," ","0.00","5.45","150","--","0","36.45",
="076364","智邦元大53購01","88,000","3","310,100","3.50","3.57","3.46","3.57","+","0.24","3.52","3","--","0","1,005.00",
="076365","大同元大49購07","0","0","0","--","--","--","--"," ","0.00","--","0","0.10","10","39.85",
="076366","台光電元大49購10","0","0","0","--","--","--","--"," ","0.00","13.80","50","--","0","1,345.00",
="076367","群光元大49購04","0","0","0","--","--","--","--"," ","0.00","--","0","0.10","10","140.00",
="076368","南亞科元大49購22","33,000","4","161,580","4.90","5.00","4.76","5.00","-","0.50","5.60","25","6.10","10","81.00",
="076369","南亞科元大4A購03","26,000","4","59,160","2.35","2.36","2.05","2.36","-","0.01","2.36","25","2.46","10","81.00",
="076370","建準元大49購04","0","0","0","--","--","--","--"," ","0.00","--","0","0.10","10","129.00",
="076371","美律元大49購05","0","0","0","--","--","--","--"," ","0.00","--","0","0.10","10","104.00",
="076372","強茂元大49購02","0","0","0","--","--","--","--"," ","0.00","1.28","450","1.38","10","71.70",
="076373","一詮元大49購10","0","0","0","--","--","--","--"," ","0.00","--","0","0.10","10","82.30",
="076374","威強電元大49購14","0","0","0","--","--","--","--"," ","0.00","--","0","0.10","10","67.20",
="076375","富華新元大49購06","0","0","0","--","--","--","--"," ","0.00","--","0","0.10","10","20.05",
="076376","華晶科元大49購04","0","0","0","--","--","--","--"," ","0.00","2.14","350","2.24","10","52.80",
="076377","玉晶光元大49購06","0","0","0","--","--","--","--"," ","0.00","--","0","0.10","10","443.50",
="076378","宏致元大49購02","0","0","0","--","--","--","--"," ","0.00","--","0","0.10","10","73.30",
="076379","亞翔元大49購15","0","0","0","--","--","--","--"," ","0.00","0.64","499","0.74","10","358.50",
="076380","亞翔元大49購16","0","0","0","--","--","--","--"," ","0.00","2.63","300","2.73","10","358.50",
="076381","啟碁元大49購02","0","0","0","--","--","--","--"," ","0.00","--","0","0.10","10","121.00",
="076382","啟碁元大49購03","0","0","0","--","--","--","--"," ","0.00","--","0","0.10","10","121.00",
="076383","啟碁元大49購04","0","0","0","--","--","--","--"," ","0.00","--","0","0.10","10","121.00",
="076384","緯穎元大49購13","0","0","0","--","--","--","--"," ","0.00","1.80","400","1.90","10","3,140.00",
="076385","緯穎元大49購14","0","0","0","--","--","--","--"," ","0.00","3.27","250","--","0","3,140.00",
="076386","緯穎元大49購15","0","0","0","--","--","--","--"," ","0.00","3.28","250","--","0","3,140.00",
="076387","T50正2國泰4A購02","0","0","0","--","--","--","--"," ","0.00","5.85","499","--","0","302.45",
="076388","T50反1國泰4B購01","0","0","0","--","--","--","--"," ","0.00","--","0","0.03","100","18.29",
="076389","元債2X國泰4A購01","0","0","0","--","--","--","--"," ","0.00","0.08","499","0.09","15","7.35",
="076390","元日2X國泰52購01","0","0","0","--","--","--","--"," ","0.00","0.25","499","0.26","100","5.87",
="076391","滬深2X永豐4C購04","0","0","0","--","--","--","--"," ","0.00","2.27","499","2.28","10","19.04",
="076392","中502X永豐53購02","0","0","0","--","--","--","--"," ","0.00","2.40","499","2.41","10","13.10",
="076393","台積電永豐4B購08","0","0","0","--","--","--","--"," ","0.00","--","0","--","0","1,340.00",
="076394","台積電永豐4B購09","0","0","0","--","--","--","--"," ","0.00","3.58","2","--","0","1,340.00",
="076395","台積電永豐4B購10","0","0","0","--","--","--","--"," ","0.00","1.64","1","--","0","1,340.00",
="076396","裕民永豐4A購01","0","0","0","--","--","--","--"," ","0.00","0.16","499","0.17","10","55.30",
="076397","信邦永豐4A購01","0","0","0","--","--","--","--"," ","0.00","0.22","499","0.23","10","236.50",
="076398","智原永豐4B購01","60,000","6","3,000","0.05","0.05","0.05","0.05","X","0.00","0.04","10","0.09","10","174.00",
="076399","富華新永豐4A購02","0","0","0","--","--","--","--"," ","0.00","0.01","499","0.03","10","20.05",
="07639P","臺股指凱基54售02","0","0","0","--","--","--","--"," ","0.00","0.66","100","0.67","10","0.00",
="076400","昇陽半永豐49購03","0","0","0","--","--","--","--"," ","0.00","1.46","499","1.56","10","179.50",
="076401","鴻海中信49購07","0","0","0","--","--","--","--"," ","0.00","3.03","499","--","0","0.00",
="076402","昆盈中信4B購01","52,000","3","20,860","0.43","0.43","0.38","0.38","-","0.02","0.37","10","0.38","10","0.00",
="076403","昆盈中信4C購01","100,000","1","31,000","0.31","0.31","0.31","0.31","-","0.02","0.29","10","0.30","10","0.00",
="076404","建準中信49購01","0","0","0","--","--","--","--"," ","0.00","0.58","10","0.68","10","0.00",
="076405","全新中信49購01","0","0","0","--","--","--","--"," ","0.00","0.29","499","0.39","10","0.00",
="076406","飛宏中信49購01","0","0","0","--","--","--","--"," ","0.00","--","0","0.05","10","0.00",
="076407","長榮中信49購05","0","0","0","--","--","--","--"," ","0.00","0.32","10","0.34","10","0.00",
="076408","達發中信49購01","0","0","0","--","--","--","--"," ","0.00","--","0","0.05","10","0.00",
="076409","T50反1凱基4B購01","10,000","1","200","0.02","0.02","0.02","0.02","X","0.00","0.02","489","--","0","18.29",
="076410","國企2X凱基53購01","51,000","2","17,370","0.37","0.37","0.34","0.34","-","0.03","0.33","100","0.34","50","11.65",
="076411","華新凱基4A購05","0","0","0","--","--","--","--"," ","0.00","0.08","100","0.09","10","24.05",
="076412","台玻凱基49購01","0","0","0","--","--","--","--"," ","0.00","3.96","10","4.06","10","25.95",
="076413","上銀凱基49購12","0","0","0","--","--","--","--"," ","0.00","--","0","--","0","217.50",
="076414","鴻海凱基4A購08","0","0","0","--","--","--","--"," ","0.00","6.10","17","6.60","10","221.00",
="076415","鴻海凱基4B購07","55,000","6","411,800","7.30","7.50","7.30","7.50","+","0.95","7.40","300","--","0","221.00",
="076416","台積電凱基4A購35","10,000","1","46,400","4.64","4.64","4.64","4.64","X","0.00","4.48","23","4.58","10","1,340.00",
="076417","台積電凱基4A購36","0","0","0","--","--","--","--"," ","0.00","37.50","100","38.50","10","1,340.00",
="076418","台積電凱基4C購19","0","0","0","--","--","--","--"," ","0.00","9.05","12","9.55","10","1,340.00",
="076419","華邦電凱基49購10","0","0","0","--","--","--","--"," ","0.00","12.60","100","--","0","36.45",
="07641P","南亞科群益4B售02","0","0","0","--","--","--","--"," ","0.00","--","0","--","0","0.00",
="076420","台光電凱基4A購03","0","0","0","--","--","--","--"," ","0.00","21.20","100","22.20","10","1,345.00",
="076421","南亞科凱基4B購02","0","0","0","--","--","--","--"," ","0.00","8.65","10","9.15","10","81.00",
="076422","美律凱基4B購02","0","0","0","--","--","--","--"," ","0.00","0.07","100","0.09","30","104.00",
="076423","強茂凱基49購02","0","0","0","--","--","--","--"," ","0.00","1.18","10","1.28","10","71.70",
="076424","京城凱基4A購01","0","0","0","--","--","--","--"," ","0.00","--","0","0.02","10","47.40",
="076425","漢翔凱基49購03","0","0","0","--","--","--","--"," ","0.00","--","0","--","0","62.60",
="076426","信邦凱基4A購02","0","0","0","--","--","--","--"," ","0.00","0.07","100","0.17","10","236.50",
="076427","創意凱基4C購03","7,000","1","8,750","1.25","1.25","1.25","1.25","+","0.13","1.25","100","1.28","10","1,315.00",
="076428","臻鼎凱基49購01","0","0","0","--","--","--","--"," ","0.00","4.92","100","5.05","10","171.50",
="076429","長虹凱基49購01","0","0","0","--","--","--","--"," ","0.00","--","0","0.10","10","77.40",
="076430","保瑞凱基4A購03","0","0","0","--","--","--","--"," ","0.00","0.87","100","0.90","10","693.00",
="076431","緯穎凱基49購08","0","0","0","--","--","--","--"," ","0.00","7.55","100","8.05","10","3,140.00",
="076432","富世達凱基4A購01","0","0","0","--","--","--","--"," ","0.00","5.05","100","--","0","1,010.00",
="076433","昇陽半凱基49購01","0","0","0","--","--","--","--"," ","0.00","1.38","100","1.48","10","179.50",
="076434","昇陽半凱基49購02","0","0","0","--","--","--","--"," ","0.00","0.37","100","0.47","10","179.50",
="076435","昇陽半凱基4A購02","0","0","0","--","--","--","--"," ","0.00","2.35","100","2.45","10","179.50",
="076436","臺股指凱基51購06","206,000","5","824,080","3.95","4.28","3.95","4.28","+","1.03","4.28","100","4.29","10","0.00",
="076437","漢翔統一53購03","98,000","2","86,540","0.91","0.91","0.87","0.87","-","0.10","0.86","10","0.87","10","62.60",
="076438","全訊統一53購03","20,000","1","15,400","0.77","0.77","0.77","0.77","X","0.00","0.75","10","0.76","10","140.00",
="076439","迅得統一53購04","0","0","0","--","--","--","--"," ","0.00","0.34","10","0.35","10","176.00",
="07643P","T50正2元富4C售01","0","0","0","--","--","--","--"," ","0.00","0.01","25","--","0","0.00",
="076440","富鼎統一53購01","179,000","9","77,350","0.43","0.45","0.43","0.45","+","0.01","0.44","11","0.45","10","95.50",
="076441","南亞科兆豐53購01","0","0","0","--","--","--","--"," ","0.00","4.27","10","--","0","81.00",
="076442","聯發科兆豐49購01","0","0","0","--","--","--","--"," ","0.00","--","0","--","0","1,375.00",
="076443","大立光兆豐49購01","0","0","0","--","--","--","--"," ","0.00","0.09","10","--","0","2,360.00",
="076444","玉晶光兆豐49購01","0","0","0","--","--","--","--"," ","0.00","0.47","10","--","0","443.50",
="076445","東陽台新49購01","0","0","0","--","--","--","--"," ","0.00","--","0","--","0","0.00",
="076446","昇陽半台新49購01","0","0","0","--","--","--","--"," ","0.00","1.98","20","--","0","0.00",
="076447","台灣50元富49購30","0","0","0","--","--","--","--"," ","0.00","25.50","25","25.60","25","58.45",
="076448","道瓊銅元富49購01","0","0","0","--","--","--","--"," ","0.00","--","0","0.10","25","25.59",
="076449","鴻海元富49購14","0","0","0","--","--","--","--"," ","0.00","4.61","25","4.71","25","221.00",
="076450","一詮元富53購01","44,000","1","25,960","0.59","0.59","0.59","0.59","-","0.03","0.57","25","0.58","25","82.30",
="076451","亞航元富4A購01","49,000","8","68,120","1.83","1.83","1.36","1.37","-","1.13","1.16","22","1.36","25","55.20",
="076452","漢翔元富4A購01","238,000","2","107,460","0.47","0.47","0.42","0.42","-","0.15","0.38","25","0.39","25","62.60",
="076453","威強電元富49購03","0","0","0","--","--","--","--"," ","0.00","--","0","0.10","25","67.20",
="076454","信邦元富49購01","0","0","0","--","--","--","--"," ","0.00","0.02","25","0.10","10","236.50",
="076455","智原元富4A購05","0","0","0","--","--","--","--"," ","0.00","0.01","100","0.10","25","174.00",
="076456","智原元富4A購06","0","0","0","--","--","--","--"," ","0.00","--","0","0.10","25","174.00",
="076457","大銀元富49購05","0","0","0","--","--","--","--"," ","0.00","--","0","0.10","25","120.00",
="076458","大銀元富4C購01","0","0","0","--","--","--","--"," ","0.00","0.16","25","0.17","25","120.00",
="076459","立積元富49購03","0","0","0","--","--","--","--"," ","0.00","--","0","0.10","25","151.50",
="076460","全訊元富49購01","0","0","0","--","--","--","--"," ","0.00","--","0","0.10","10","140.00",
="076461","達興元富49購03","0","0","0","--","--","--","--"," ","0.00","10.40","25","10.60","25","399.00",
="076462","啟碁元富49購02","0","0","0","--","--","--","--"," ","0.00","--","0","0.10","25","121.00",
="076463","昇陽半元富4C購01","24,000","2","76,560","2.94","3.24","2.94","3.24","+","0.40","2.73","25","2.83","10","179.50",
="076464","富鼎元富49購01","0","0","0","--","--","--","--"," ","0.00","0.20","25","0.21","25","95.50",
="076465","台灣50國票4B購03","0","0","0","--","--","--","--"," ","0.00","10.40","25","10.50","10","58.45",
="076466","台灣50國票4C購01","0","0","0","--","--","--","--"," ","0.00","9.70","25","10.00","10","58.45",
="076467","台灣50國票51購02","11,000","2","168,000","15.00","15.30","15.00","15.30","+","2.30","15.60","25","15.70","10","58.45",
="076468","T50反1國票4A購01","0","0","0","--","--","--","--"," ","0.00","0.05","25","0.08","10","18.29",
="076469","T50反1國票51購01","0","0","0","--","--","--","--"," ","0.00","0.10","25","0.20","10","18.29",
="076470","慧洋國票4A購02","0","0","0","--","--","--","--"," ","0.00","0.02","25","0.03","10","58.40",
="076471","信邦國票4A購03","0","0","0","--","--","--","--"," ","0.00","1.84","1","1.85","28","236.50",
="076472","全訊國票4B購01","567,000","9","369,580","0.72","0.72","0.55","0.55","-","0.22","0.55","25","0.56","10","140.00",
="076473","長虹國票4A購01","0","0","0","--","--","--","--"," ","0.00","0.01","25","0.02","10","77.40",
="076474","昇陽半國票4B購01","131,000","9","253,330","1.82","2.01","1.82","1.96","+","0.17","1.63","25","1.65","10","179.50",
="076475","創意國泰4A購02","0","0","0","--","--","--","--"," ","0.00","1.74","499","1.77","10","1,315.00",
="076476","緯穎國泰4A購01","0","0","0","--","--","--","--"," ","0.00","8.35","10","--","0","3,140.00",
="076477","緯穎國泰4A購02","0","0","0","--","--","--","--"," ","0.00","10.10","10","--","0","3,140.00",
="076478","昇陽半國泰4A購01","0","0","0","--","--","--","--"," ","0.00","3.47","30","3.55","10","179.50",
="076479","美費半群益49購03","0","0","0","--","--","--","--"," ","0.00","0.10","50","--","0","49.19",
="07647T","台積電凱基4C售02","0","0","0","--","--","--","--"," ","0.00","--","0","0.02","98","0.00",
="076480","和大群益51購01","0","0","0","--","--","--","--"," ","0.00","0.77","25","0.78","10","65.30",
="076481","鴻海群益49購12","0","0","0","--","--","--","--"," ","0.00","--","0","--","0","221.00",
="076482","鴻海群益4A購04","0","0","0","--","--","--","--"," ","0.00","--","0","5.55","10","221.00",
="076483","南亞科群益4B購05","0","0","0","--","--","--","--"," ","0.00","7.60","1","--","0","81.00",
="076484","長榮群益4B購01","0","0","0","--","--","--","--"," ","0.00","0.21","100","0.23","100","182.00",
="076485","大立光群益49購10","0","0","0","--","--","--","--"," ","0.00","--","0","--","0","2,360.00",
="076486","文曄群益49購02","0","0","0","--","--","--","--"," ","0.00","--","0","--","0","137.50",
="076487","迅得群益4C購01","0","0","0","--","--","--","--"," ","0.00","0.17","10","0.27","10","176.00",
="076488","晶碩群益49購01","0","0","0","--","--","--","--"," ","0.00","--","0","0.10","10","316.00",
="076489","緯穎群益4A購04","0","0","0","--","--","--","--"," ","0.00","--","0","3.10","10","3,140.00",
="076490","富世達群益49購05","0","0","0","--","--","--","--"," ","0.00","--","0","--","0","1,010.00",
="076491","雲豹群益49購01","0","0","0","--","--","--","--"," ","0.00","--","0","--","0","119.00",
="076492","昇陽半群益4B購01","0","0","0","--","--","--","--"," ","0.00","1.03","9","1.93","10","179.50",
="076493","滬深2X富邦49購02","50,000","1","51,500","1.03","1.03","1.03","1.03","X","0.00","1.05","100","1.06","10","0.00",
="076494","鴻海富邦49購05","20,000","2","58,000","2.90","2.90","2.90","2.90","X","0.00","2.87","30","2.95","10","0.00",
="076495","南亞科富邦4C購02","10,000","1","30,200","3.02","3.02","3.02","3.02","X","0.00","3.31","10","3.41","10","0.00",
="076496","欣興富邦49購02","0","0","0","--","--","--","--"," ","0.00","2.61","30","--","0","0.00",
="076497","創意富邦49購01","0","0","0","--","--","--","--"," ","0.00","0.36","30","0.40","10","0.00",
="076499","迅得富邦4B購01","10,000","1","2,400","0.24","0.24","0.24","0.24","-","0.01","0.23","10","0.24","10","0.00",
="076500","臺股指富邦4A購07","45,000","4","160,850","3.49","3.73","3.39","3.73","+","0.51","3.71","499","3.72","100","0.00",
="076501","臺股指富邦4A購08","2,000","1","6,960","3.48","3.48","3.48","3.48","X","0.00","3.47","499","3.51","10","0.00",
="076502","臺股指富邦4C購08","0","0","0","--","--","--","--"," ","0.00","3.78","499","3.79","10","0.00",
="076503","臺股指富邦56購03","0","0","0","--","--","--","--"," ","0.00","4.25","499","4.26","100","0.00",
="076504","滬深2X元大54購01","0","0","0","--","--","--","--"," ","0.00","2.63","250","2.64","250","19.04",
="076505","亞力元大49購02","0","0","0","--","--","--","--"," ","0.00","--","0","0.10","10","102.50",
="076506","台玻元大49購05","0","0","0","--","--","--","--"," ","0.00","2.45","250","2.55","10","25.95",
="076507","台玻元大49購06","0","0","0","--","--","--","--"," ","0.00","2.90","250","--","0","25.95",
="076508","台積電元大49購45","0","0","0","--","--","--","--"," ","0.00","--","0","--","0","1,340.00",
="076509","旺宏元大49購07","0","0","0","--","--","--","--"," ","0.00","1.70","499","1.80","10","26.75",
="07650P","中50元大4A售01","0","0","0","--","--","--","--"," ","0.00","0.26","499","0.27","100","0.00",
="076510","華邦電元大49購26","0","0","0","--","--","--","--"," ","0.00","5.60","150","--","0","36.45",
="076511","智邦元大49購13","40,000","4","193,000","4.70","4.90","4.70","4.90","X","0.00","--","0","--","0","1,005.00",
="076512","台光電元大49購11","0","0","0","--","--","--","--"," ","0.00","11.60","50","--","0","1,345.00",
="076513","建準元大49購05","30,000","1","4,800","0.16","0.16","0.16","0.16","X","0.00","0.14","499","0.24","10","129.00",
="076514","美律元大49購06","0","0","0","--","--","--","--"," ","0.00","--","0","0.10","10","104.00",
="076515","一詮元大49購11","0","0","0","--","--","--","--"," ","0.00","--","0","0.10","10","82.30",
="076516","一詮元大49購12","0","0","0","--","--","--","--"," ","0.00","--","0","0.10","10","82.30",
="076517","一詮元大4C購01","0","0","0","--","--","--","--"," ","0.00","0.13","499","0.14","10","82.30",
="076518","陽明元大49購04","0","0","0","--","--","--","--"," ","0.00","--","0","0.10","10","55.20",
="076519","陽明元大49購05","0","0","0","--","--","--","--"," ","0.00","--","0","0.10","10","55.20",
="07651P","中502X元大4A售03","0","0","0","--","--","--","--"," ","0.00","0.06","499","0.07","100","0.00",
="076521","漢翔元大49購04","0","0","0","--","--","--","--"," ","0.00","--","0","0.10","10","62.60",
="076522","漢翔元大49購05","0","0","0","--","--","--","--"," ","0.00","0.18","499","0.28","10","62.60",
="076523","漢翔元大49購06","11,000","1","7,920","0.72","0.72","0.72","0.72","-","0.88","0.71","499","0.81","10","62.60",
="076524","慧洋元大49購20","0","0","0","--","--","--","--"," ","0.00","--","0","0.10","10","58.40",
="076525","中信金元大49購05","0","0","0","--","--","--","--"," ","0.00","--","0","0.10","10","43.25",
="076526","威強電元大49購15","0","0","0","--","--","--","--"," ","0.00","--","0","0.10","10","67.20",
="076527","信邦元大49購04","0","0","0","--","--","--","--"," ","0.00","--","0","0.10","10","236.50",
="076528","信邦元大49購05","0","0","0","--","--","--","--"," ","0.00","--","0","0.10","10","236.50",
="076529","信邦元大49購06","0","0","0","--","--","--","--"," ","0.00","--","0","0.10","10","236.50",
="076530","信邦元大49購07","0","0","0","--","--","--","--"," ","0.00","--","0","0.10","10","236.50",
="076531","信邦元大49購08","0","0","0","--","--","--","--"," ","0.00","--","0","0.10","10","236.50",
="076532","華晶科元大49購05","0","0","0","--","--","--","--"," ","0.00","0.58","499","0.68","10","52.80",
="076533","華擎元大49購03","0","0","0","--","--","--","--"," ","0.00","2.15","350","2.25","10","278.00",
="076534","嘉澤元大49購08","0","0","0","--","--","--","--"," ","0.00","--","0","0.10","10","1,605.00",
="076535","嘉澤元大49購09","0","0","0","--","--","--","--"," ","0.00","0.30","499","0.40","10","1,605.00",
="076536","材料元大49購11","0","0","0","--","--","--","--"," ","0.00","--","0","0.10","10","66.40",
="076537","力成元大49購05","0","0","0","--","--","--","--"," ","0.00","--","0","0.10","10","150.50",
="076538","穎崴元大49購05","0","0","0","--","--","--","--"," ","0.00","3.05","250","--","0","2,015.00",
="076539","緯穎元大49購16","0","0","0","--","--","--","--"," ","0.00","4.19","200","--","0","3,140.00",
="076540","昇陽半元大49購02","0","0","0","--","--","--","--"," ","0.00","0.67","499","0.77","10","179.50",
="076541","昇陽半元大49購03","0","0","0","--","--","--","--"," ","0.00","0.39","499","0.49","10","179.50",
="076542","昇陽半元大4A購01","50,000","1","43,000","0.86","0.86","0.86","0.86","X","0.00","0.70","499","0.72","10","179.50",
="076543","振樺電元大49購02","0","0","0","--","--","--","--"," ","0.00","--","0","0.10","10","229.50",
="076544","巨大元大49購03","0","0","0","--","--","--","--"," ","0.00","--","0","0.10","10","101.00",
="076545","T50反1富邦51購02","0","0","0","--","--","--","--"," ","0.00","0.02","405","0.08","98","0.00",
="076546","川湖富邦4B購01","0","0","0","--","--","--","--"," ","0.00","4.20","30","4.26","10","0.00",
="076547","鴻海富邦4A購06","0","0","0","--","--","--","--"," ","0.00","5.00","30","5.20","10","0.00",
="076548","鴻海富邦4B購06","5,000","3","26,700","5.30","5.40","5.30","5.40","+","0.53","5.45","30","5.70","10","0.00",
="076549","廣宇富邦4A購02","0","0","0","--","--","--","--"," ","0.00","0.73","30","0.76","10","0.00",
="07654P","中鋼國票4A售03","0","0","0","--","--","--","--"," ","0.00","0.96","25","1.00","10","0.00",
="076550","台積電富邦4A購06","10,000","1","59,000","5.90","5.90","5.90","5.90","+","0.95","6.15","30","6.40","10","0.00",
="076551","台積電富邦4B購09","100,000","3","505,000","5.05","5.05","5.05","5.05","X","0.00","5.15","30","5.30","10","0.00",
="076552","華邦電富邦4A購02","0","0","0","--","--","--","--"," ","0.00","4.14","30","4.21","10","0.00",
="076553","智邦富邦4B購02","0","0","0","--","--","--","--"," ","0.00","3.39","10","3.49","10","0.00",
="076554","啟碁富邦4B購02","0","0","0","--","--","--","--"," ","0.00","0.14","10","0.15","10","0.00",
="076555","滬深2X國票4C購02","0","0","0","--","--","--","--"," ","0.00","2.09","25","2.10","10","19.04",
="076556","南港國票4A購01","0","0","0","--","--","--","--"," ","0.00","0.17","25","0.18","10","41.15",
="076557","廣宇國票4C購02","47,000","4","55,630","1.20","1.20","1.13","1.13","-","0.07","1.12","25","1.13","10","54.10",
="076558","順德國票4B購01","0","0","0","--","--","--","--"," ","0.00","0.12","25","0.13","10","81.90",
="076559","漢唐國票4A購04","0","0","0","--","--","--","--"," ","0.00","51.00","25","56.00","10","987.00",
="07655P","南亞科國票4A售01","0","0","0","--","--","--","--"," ","0.00","0.01","25","0.05","30","0.00",
="076560","強茂國票4A購01","0","0","0","--","--","--","--"," ","0.00","4.22","25","4.32","10","71.70",
="076561","強茂國票4C購01","8,000","3","28,630","3.63","3.63","3.56","3.60","-","0.38","3.72","25","3.73","10","71.70",
="076562","台驊控國票4C購01","0","0","0","--","--","--","--"," ","0.00","0.75","25","0.76","10","70.30",
="076563","台驊控國票53購01","0","0","0","--","--","--","--"," ","0.00","0.96","25","0.97","10","70.30",
="076564","慧洋國票4B購02","0","0","0","--","--","--","--"," ","0.00","0.37","25","0.38","10","58.40",
="076565","華晶科國票4A購02","0","0","0","--","--","--","--"," ","0.00","2.84","25","2.94","10","52.80",
="076566","達麗國票4A購01","4,000","1","4,360","1.09","1.09","1.09","1.09","-","0.11","1.11","25","1.15","10","50.10",
="076567","達麗國票4C購01","11,000","3","14,440","1.32","1.32","1.31","1.32","-","0.04","1.31","25","1.34","10","50.10",
="076568","達麗國票53購01","17,000","2","24,650","1.45","1.45","1.45","1.45","-","0.03","1.45","25","1.48","10","50.10",
="076569","訊芯國票4A購04","0","0","0","--","--","--","--"," ","0.00","0.10","25","0.11","10","164.50",
="07656P","穎崴國票4A售04","0","0","0","--","--","--","--"," ","0.00","--","0","--","0","0.00",
="076570","晶碩國票4A購02","0","0","0","--","--","--","--"," ","0.00","0.01","25","0.02","10","316.00",
="076571","達發國票4C購01","174,000","7","76,860","0.44","0.45","0.43","0.43","-","0.03","0.43","25","0.44","10","537.00",
="076572","達發國票53購01","632,000","7","362,020","0.58","0.58","0.56","0.57","-","0.02","0.56","25","0.57","10","537.00",
="076573","廣宇國泰4A購02","69,000","6","32,640","0.49","0.51","0.43","0.48","X","0.00","0.44","499","0.45","15","54.10",
="076574","台積電國泰4A購07","0","0","0","--","--","--","--"," ","0.00","--","0","--","0","1,340.00",
="076575","漢翔國泰4A購01","1,000","1","2,090","2.09","2.09","2.09","2.09","-","0.82","1.91","499","1.97","10","62.60",
="076576","慧洋國泰4A購03","0","0","0","--","--","--","--"," ","0.00","0.10","499","0.11","15","58.40",
="076577","信邦國泰4A購02","95,000","6","21,500","0.24","0.24","0.22","0.22","-","0.02","0.22","499","0.23","15","236.50",
="076578","嘉澤國泰4A購02","5,000","1","4,750","0.95","0.95","0.95","0.95","X","0.00","0.11","12","--","0","1,605.00",
="076579","A50正2中信4A購01","0","0","0","--","--","--","--"," ","0.00","0.57","499","0.58","100","0.00",
="076580","廣宇中信4B購01","2,000","2","460","0.23","0.23","0.23","0.23","X","0.00","0.23","10","0.24","10","0.00",
="076581","漢翔中信49購02","0","0","0","--","--","--","--"," ","0.00","0.16","10","--","0","0.00",
="076582","材料中信49購05","0","0","0","--","--","--","--"," ","0.00","0.21","499","0.22","10","0.00",
="076583","和大永豐4A購01","0","0","0","--","--","--","--"," ","0.00","0.02","20","0.03","10","65.30",
="076584","南港永豐4A購01","0","0","0","--","--","--","--"," ","0.00","0.12","10","0.13","10","41.15",
="076585","鴻海永豐49購13","0","0","0","--","--","--","--"," ","0.00","3.42","499","3.52","10","221.00",
="076586","廣宇永豐4C購01","0","0","0","--","--","--","--"," ","0.00","0.86","10","0.87","10","54.10",
="076587","燿華永豐4A購01","0","0","0","--","--","--","--"," ","0.00","0.30","10","0.31","10","27.50",
="076588","興富發永豐4B購01","115,000","2","144,900","1.26","1.26","1.26","1.26","-","0.05","1.23","10","1.24","10","44.80",
="076589","大立光永豐49購06","0","0","0","--","--","--","--"," ","0.00","--","0","0.10","10","2,360.00",
="076590","欣興永豐49購06","0","0","0","--","--","--","--"," ","0.00","3.48","499","--","0","159.00",
="076591","世芯永豐49購08","0","0","0","--","--","--","--"," ","0.00","2.20","499","2.30","10","3,700.00",
="076592","世芯永豐49購09","0","0","0","--","--","--","--"," ","0.00","2.50","499","2.60","10","3,700.00",
="076593","立積永豐49購02","0","0","0","--","--","--","--"," ","0.00","--","0","0.03","10","151.50",
="076594","緯穎永豐49購07","0","0","0","--","--","--","--"," ","0.00","3.96","499","4.06","10","3,140.00",
="076595","龍德船永豐4A購01","0","0","0","--","--","--","--"," ","0.00","1.38","499","--","0","151.50",
="076596","昇陽半永豐4B購01","10,000","1","21,200","2.12","2.12","2.12","2.12","X","0.00","1.89","10","1.95","10","179.50",
="076597","滬深2X元富53購02","20,000","2","36,600","1.88","1.88","1.78","1.78","-","0.12","0.19","52","--","0","19.04",
="076598","中砂元富49購02","0","0","0","--","--","--","--"," ","0.00","3.93","25","4.03","10","339.00",
="076599","上銀元富49購04","0","0","0","--","--","--","--"," ","0.00","0.01","25","0.10","10","217.50",
="07659P","台積電永豐4A售10","0","0","0","--","--","--","--"," ","0.00","--","0","--","0","0.00",
="076600","鴻海元富53購03","16,000","13","81,800","5.00","5.15","5.00","5.15","X","0.00","5.10","25","5.15","25","221.00",
="076601","廣宇元富49購07","0","0","0","--","--","--","--"," ","0.00","0.42","25","0.52","10","54.10",
="076602","旺宏元富49購01","315,000","10","442,250","1.28","1.69","1.23","1.36","+","0.38","1.38","25","1.48","10","26.75",
="076603","所羅門元富49購03","0","0","0","--","--","--","--"," ","0.00","0.15","25","0.16","25","144.50",
="076604","威盛元富49購02","0","0","0","--","--","--","--"," ","0.00","--","0","0.10","25","59.50",
="076605","京元電元富49購03","0","0","0","--","--","--","--"," ","0.00","11.00","25","11.20","25","167.00",
="076606","萬海元富49購06","0","0","0","--","--","--","--"," ","0.00","0.02","25","0.10","10","77.90",
="076607","富邦金元富49購02","0","0","0","--","--","--","--"," ","0.00","0.64","25","0.74","10","88.40",
="076608","國泰金元富49購01","0","0","0","--","--","--","--"," ","0.00","0.55","25","0.58","25","66.20",
="076609","凱基金元富53購01","34,000","1","17,000","0.50","0.50","0.50","0.50","-","0.04","0.49","25","0.50","25","15.00",
="07660P","台積電永豐4B售07","0","0","0","--","--","--","--"," ","0.00","--","0","--","0","0.00",
="076610","中信金元富53購01","0","0","0","--","--","--","--"," ","0.00","0.58","47","1.92","200","43.25",
="076611","晶豪科元富4C購01","785,000","42","2,471,280","3.37","3.37","2.65","2.98","-","0.37","2.73","1","7.30","2","81.00",
="076612","大立光元富49購10","0","0","0","--","--","--","--"," ","0.00","0.51","25","0.55","25","2,360.00",
="076613","日電貿元富4A購02","10,000","1","2,600","0.26","0.26","0.26","0.26","X","0.00","0.23","25","0.24","25","74.80",
="076614","日月光元富49購04","0","0","0","--","--","--","--"," ","0.00","0.42","25","0.44","25","174.50",
="076615","時碩元富4C購01","0","0","0","--","--","--","--"," ","0.00","0.09","25","0.10","25","55.70",
="076617","亞翔元富49購05","0","0","0","--","--","--","--"," ","0.00","21.80","25","22.70","25","358.50",
="07661P","台積電永豐4C售07","0","0","0","--","--","--","--"," ","0.00","--","0","--","0","0.00",
="076620","廣宇台新49購02","0","0","0","--","--","--","--"," ","0.00","0.16","20","--","0","0.00",
="076621","聯發科台新4A購01","10,000","2","1,400","0.14","0.14","0.14","0.14","X","0.00","0.12","10","0.13","10","0.00",
="076622","漢翔台新49購01","0","0","0","--","--","--","--"," ","0.00","1.62","20","--","0","0.00",
="076623","世芯台新49購01","0","0","0","--","--","--","--"," ","0.00","8.00","10","--","0","0.00",
="076626","世芯台新49購02","0","0","0","--","--","--","--"," ","0.00","2.19","20","--","0","0.00",
="076627","順德統一53購01","0","0","0","--","--","--","--"," ","0.00","0.27","10","0.28","10","81.90",
="076628","京城統一53購01","20,000","1","2,600","0.13","0.13","0.13","0.13","X","0.00","0.12","10","0.13","10","47.40",
="076629","華固統一53購01","0","0","0","--","--","--","--"," ","0.00","0.24","10","0.25","20","96.60",
="07662P","美費半國票4A售01","0","0","0","--","--","--","--"," ","0.00","0.01","25","0.05","10","0.00",
="076630","漢翔統一59購01","458,000","8","509,670","1.13","1.13","1.07","1.07","-","0.08","1.06","15","1.07","10","62.60",
="076631","全訊統一53購04","676,000","18","421,600","0.71","0.71","0.59","0.59","-","0.10","0.59","10","0.60","10","140.00",
="076632","長虹統一53購01","17,000","2","3,500","0.21","0.21","0.20","0.20","-","0.01","0.19","10","0.20","10","77.40",
="076633","長虹統一53購02","0","0","0","--","--","--","--"," ","0.00","0.26","10","0.27","10","77.40",
="076634","達麗統一53購03","70,000","2","46,400","0.66","0.67","0.66","0.67","-","0.01","0.67","10","0.68","10","50.10",
="076635","龍德船統一53購01","1,238,000","31","1,265,470","1.12","1.13","0.75","1.00","-","0.19","0.97","10","0.98","10","151.50",
="076636","來億統一53購02","0","0","0","--","--","--","--"," ","0.00","0.16","10","0.17","10","224.00",
="076637","台灣50凱基4C購05","0","0","0","--","--","--","--"," ","0.00","8.35","100","8.45","10","58.45",
="076638","鴻海凱基49購15","1,000","1","7,350","7.35","7.35","7.35","7.35","+","0.55","7.55","14","--","0","221.00",
="076639","鴻海凱基53購03","0","0","0","--","--","--","--"," ","0.00","7.15","300","7.25","100","221.00",
="07663P","三芳國票4A售02","0","0","0","--","--","--","--"," ","0.00","2.20","25","2.30","10","0.00",
="076640","國巨凱基4A購05","0","0","0","--","--","--","--"," ","0.00","5.60","100","5.65","10","176.00",
="076641","台積電凱基49購32","0","0","0","--","--","--","--"," ","0.00","42.40","10","43.40","10","1,340.00",
="076642","台積電凱基49購33","0","0","0","--","--","--","--"," ","0.00","7.50","14","8.00","10","1,340.00",
="076643","台積電凱基51購09","0","0","0","--","--","--","--"," ","0.00","36.80","10","37.80","10","1,340.00",
="076644","旺宏凱基4A購01","212,000","9","87,240","0.65","0.66","0.31","0.66","+","0.43","0.66","43","0.80","2","26.75",
="076645","佳能凱基49購01","12,000","1","104,400","8.70","8.70","8.70","8.70","+","0.80","8.75","100","--","0","88.80",
="076646","建準凱基49購03","0","0","0","--","--","--","--"," ","0.00","0.15","10","0.25","10","129.00",
="076647","聯發科凱基49購08","0","0","0","--","--","--","--"," ","0.00","--","0","--","0","1,375.00",
="076648","長榮凱基49購07","0","0","0","--","--","--","--"," ","0.00","--","0","--","0","182.00",
="076649","陽明凱基4A購03","0","0","0","--","--","--","--"," ","0.00","--","0","0.10","10","55.20",
="07664P","華碩國票4A售01","0","0","0","--","--","--","--"," ","0.00","0.04","25","0.05","10","0.00",
="076650","中信金凱基49購03","0","0","0","--","--","--","--"," ","0.00","0.01","10","0.11","10","43.25",
="076651","大立光凱基4A購04","70,000","7","12,700","0.19","0.19","0.18","0.18","-","0.02","0.19","100","0.20","10","2,360.00",
="076652","新日興凱基4A購01","0","0","0","--","--","--","--"," ","0.00","0.02","10","0.08","60","237.00",
="076653","群創凱基4B購02","0","0","0","--","--","--","--"," ","0.00","0.46","100","0.56","10","14.15",
="076654","嘉澤凱基49購05","0","0","0","--","--","--","--"," ","0.00","0.01","10","0.11","10","1,605.00",
="076655","世芯凱基49購13","0","0","0","--","--","--","--"," ","0.00","0.27","100","0.37","10","3,700.00",
="076656","大銀凱基49購02","0","0","0","--","--","--","--"," ","0.00","--","0","--","0","120.00",
="076657","材料凱基51購03","0","0","0","--","--","--","--"," ","0.00","0.22","100","0.23","50","66.40",
="076658","南寶凱基4B購01","256,000","27","588,880","2.50","2.50","2.14","2.31","-","0.14","2.21","10","2.31","10","416.50",
="076659","天鈺凱基4B購01","62,000","2","20,090","0.32","0.33","0.32","0.33","-","0.02","0.30","100","0.32","10","173.50",
="07665P","華擎國票4A售02","0","0","0","--","--","--","--"," ","0.00","0.01","25","0.05","10","0.00",
="076660","帝寶凱基4A購01","0","0","0","--","--","--","--"," ","0.00","--","0","0.02","10","134.00",
="076661","AES凱基49購04","0","0","0","--","--","--","--"," ","0.00","0.08","100","--","0","1,195.00",
="076662","雲豹凱基49購02","0","0","0","--","--","--","--"," ","0.00","--","0","--","0","119.00",
="076663","至上凱基4B購01","554,000","12","72,120","0.13","0.14","0.12","0.12","-","0.04","0.12","110","0.14","50","45.05",
="076664","巨大凱基49購02","0","0","0","--","--","--","--"," ","0.00","--","0","--","0","101.00",
="076665","華新群益49購08","0","0","0","--","--","--","--"," ","0.00","--","0","0.61","10","24.05",
="076666","台玻群益49購02","0","0","0","--","--","--","--"," ","0.00","3.12","10","--","0","25.95",
="076667","上銀群益49購08","0","0","0","--","--","--","--"," ","0.00","--","0","0.35","6","217.50",
="076668","鴻海群益49購13","10,000","1","30,500","3.05","3.05","3.05","3.05","X","0.00","--","0","3.35","10","221.00",
="076669","鴻海群益51購05","104,000","14","395,920","3.76","3.93","3.76","3.83","+","0.46","3.85","100","3.90","100","221.00",
="076670","鴻海群益53購06","354,000","34","1,269,910","3.51","3.68","3.51","3.59","+","0.40","3.63","100","3.66","100","221.00",
="076671","廣宇群益4B購02","0","0","0","--","--","--","--"," ","0.00","0.69","10","0.79","10","54.10",
="076672","台積電群益49購37","0","0","0","--","--","--","--"," ","0.00","--","0","--","0","1,340.00",
="076673","台積電群益49購38","0","0","0","--","--","--","--"," ","0.00","--","0","--","0","1,340.00",
="076674","台積電群益4B購15","34,000","3","196,300","5.65","5.95","5.65","5.95","+","1.46","0.43","23","--","0","1,340.00",
="076675","華邦電群益49購09","0","0","0","--","--","--","--"," ","0.00","9.70","2","--","0","36.45",
="076676","所羅門群益49購08","0","0","0","--","--","--","--"," ","0.00","--","0","--","0","144.50",
="076677","南亞科群益4B購06","0","0","0","--","--","--","--"," ","0.00","--","0","--","0","81.00",
="076678","美律群益4B購03","0","0","0","--","--","--","--"," ","0.00","0.02","20","--","0","104.00",
="076679","強茂群益49購02","0","0","0","--","--","--","--"," ","0.00","--","0","--","0","71.70",
="076680","一詮群益49購06","0","0","0","--","--","--","--"," ","0.00","--","0","--","0","82.30",
="076681","皇昌群益49購10","0","0","0","--","--","--","--"," ","0.00","--","0","0.10","10","72.70",
="076682","長榮群益49購07","0","0","0","--","--","--","--"," ","0.00","--","0","--","0","182.00",
="076683","漢翔群益49購04","0","0","0","--","--","--","--"," ","0.00","--","0","--","0","62.60",
="076684","信邦群益49購01","0","0","0","--","--","--","--"," ","0.00","--","0","--","0","236.50",
="076685","信邦群益4A購03","0","0","0","--","--","--","--"," ","0.00","--","0","--","0","236.50",
="076686","智原群益49購06","0","0","0","--","--","--","--"," ","0.00","--","0","--","0","174.00",
="076687","創意群益49購15","0","0","0","--","--","--","--"," ","0.00","0.73","499","--","0","1,315.00",
="076688","臻鼎群益53購01","0","0","0","--","--","--","--"," ","0.00","2.26","4","2.97","10","171.50",
="076689","全訊群益49購01","0","0","0","--","--","--","--"," ","0.00","--","0","--","0","140.00",
="076690","亞翔群益49購13","0","0","0","--","--","--","--"," ","0.00","--","0","--","0","358.50",
="076691","啟碁群益49購01","0","0","0","--","--","--","--"," ","0.00","--","0","--","0","121.00",
="076692","保瑞群益49購03","0","0","0","--","--","--","--"," ","0.00","--","0","--","0","693.00",
="076693","緯穎群益4A購05","0","0","0","--","--","--","--"," ","0.00","--","0","3.29","10","3,140.00",
="076694","昇陽半群益49購01","0","0","0","--","--","--","--"," ","0.00","--","0","0.58","10","179.50",
="076695","昇陽半群益4B購02","50,000","4","75,600","1.42","1.58","1.42","1.57","+","0.18","1.31","10","1.41","10","179.50",
="076696","台灣50元大49購30","0","0","0","--","--","--","--"," ","0.00","11.20","80","12.20","10","58.45",
="076697","台灣50元大49購31","0","0","0","--","--","--","--"," ","0.00","6.30","400","6.80","10","58.45",
="076698","台灣50元大51購02","32,000","5","119,760","3.63","4.05","3.63","4.02","+","0.81","4.10","100","4.20","10","58.45",
="076699","國企2X元大4C購02","0","0","0","--","--","--","--"," ","0.00","0.45","499","0.46","50","11.65",
="076700","FBNQ2X元大4C購03","0","0","0","--","--","--","--"," ","0.00","2.87","100","2.88","50","159.20",
="076701","FBNQ2X元大53購01","1,000","1","4,230","4.23","4.23","4.23","4.23","+","0.12","4.24","100","4.26","50","159.20",
="076702","東元元大49購01","0","0","0","--","--","--","--"," ","0.00","11.50","3","--","0","94.00",
="076703","亞力元大49購03","0","0","0","--","--","--","--"," ","0.00","--","0","0.10","10","102.50",
="076704","亞力元大49購04","0","0","0","--","--","--","--"," ","0.00","0.02","499","0.12","10","102.50",
="076705","華城元大4A購05","0","0","0","--","--","--","--"," ","0.00","1.67","450","1.71","10","586.00",
="076706","南港元大49購01","0","0","0","--","--","--","--"," ","0.00","--","0","0.10","10","41.15",
="076707","鴻海元大49購09","110,000","4","282,340","2.51","2.57","2.51","2.57","X","0.00","2.60","300","2.70","10","221.00",
="076708","智邦元大49購14","0","0","0","--","--","--","--"," ","0.00","--","0","--","0","1,005.00",
="076709","所羅門元大49購06","0","0","0","--","--","--","--"," ","0.00","--","0","0.10","10","144.50",
="076710","台光電元大49購12","0","0","0","--","--","--","--"," ","0.00","13.70","50","--","0","1,345.00",
="076711","漢唐元大4B購03","0","0","0","--","--","--","--"," ","0.00","11.00","50","--","0","987.00",
="076712","漢唐元大51購01","0","0","0","--","--","--","--"," ","0.00","10.50","50","--","0","987.00",
="076713","漢唐元大53購01","0","0","0","--","--","--","--"," ","0.00","9.55","25","--","0","987.00",
="076714","聯發科元大4A購04","0","0","0","--","--","--","--"," ","0.00","--","0","0.10","10","1,375.00",
="076715","國產元大49購01","0","0","0","--","--","--","--"," ","0.00","--","0","0.10","10","35.90",
="076716","京城元大49購01","0","0","0","--","--","--","--"," ","0.00","--","0","0.10","10","47.40",
="076717","漢翔元大49購07","31,000","3","5,130","0.33","0.33","0.15","0.15","-","0.23","0.15","499","0.25","10","62.60",
="076718","漢翔元大49購08","0","0","0","--","--","--","--"," ","0.00","1.10","499","1.20","10","62.60",
="076719","漢翔元大49購09","0","0","0","--","--","--","--"," ","0.00","1.14","499","1.24","10","62.60",
="076720","漢翔元大4C購01","121,000","14","165,550","1.47","1.47","1.28","1.30","-","0.29","1.27","499","1.30","6","62.60",
="076721","漢翔元大51購01","408,000","18","744,740","1.98","1.98","1.76","1.76","-","0.39","1.74","350","1.77","10","62.60",
="076722","奇鋐元大49購09","0","0","0","--","--","--","--"," ","0.00","8.70","100","--","0","1,015.00",
="076723","奇鋐元大4C購01","0","0","0","--","--","--","--"," ","0.00","6.50","100","--","0","1,015.00",
="076724","奇鋐元大51購02","0","0","0","--","--","--","--"," ","0.00","4.85","150","--","0","1,015.00",
="076725","信邦元大49購09","0","0","0","--","--","--","--"," ","0.00","--","0","0.10","10","236.50",
="076726","新日興元大49購09","0","0","0","--","--","--","--"," ","0.00","0.01","499","0.11","10","237.00",
="076727","新日興元大49購10","230,000","2","30,900","0.15","0.15","0.13","0.13","-","0.07","--","0","--","0","237.00",
="076728","新日興元大49購11","0","0","0","--","--","--","--"," ","0.00","--","0","0.10","10","237.00",
="076729","新日興元大49購12","0","0","0","--","--","--","--"," ","0.00","0.01","499","0.11","10","237.00",
="07672P","中50凱基4A售01","0","0","0","--","--","--","--"," ","0.00","0.20","10","0.30","10","0.00",
="076730","群創元大49購10","0","0","0","--","--","--","--"," ","0.00","0.02","499","0.12","10","14.15",
="076731","材料元大4C購05","0","0","0","--","--","--","--"," ","0.00","0.04","499","0.14","10","66.40",
="076732","和碩元大49購01","0","0","0","--","--","--","--"," ","0.00","--","0","0.10","10","71.10",
="076733","亞翔元大49購17","0","0","0","--","--","--","--"," ","0.00","1.95","400","2.05","10","358.50",
="076734","達麗元大49購01","0","0","0","--","--","--","--"," ","0.00","0.02","499","0.12","10","50.10",
="076735","力成元大49購06","0","0","0","--","--","--","--"," ","0.00","0.02","499","0.12","10","150.50",
="076736","力成元大49購07","0","0","0","--","--","--","--"," ","0.00","0.23","499","0.33","10","150.50",
="076737","康舒元大49購01","0","0","0","--","--","--","--"," ","0.00","--","0","0.10","10","30.10",
="076738","瑞祺元大49購04","0","0","0","--","--","--","--"," ","0.00","--","0","0.10","10","86.90",
="076739","緯穎元大49購17","0","0","0","--","--","--","--"," ","0.00","3.58","200","--","0","3,140.00",
="07673P","中砂凱基53售01","35,000","5","14,150","0.41","0.41","0.39","0.39","X","0.00","0.40","100","0.41","55","0.00",
="076740","AES元大49購07","0","0","0","--","--","--","--"," ","0.00","0.01","499","0.11","10","1,195.00",
="076741","AES元大49購08","0","0","0","--","--","--","--"," ","0.00","0.48","499","0.58","10","1,195.00",
="076742","富世達元大49購12","21,000","3","61,190","2.91","2.99","2.91","2.99","X","0.00","2.81","300","2.91","10","1,010.00",
="076743","昇陽半元大49購04","0","0","0","--","--","--","--"," ","0.00","0.76","499","0.86","10","179.50",
="076744","世紀鋼元大49購03","0","0","0","--","--","--","--"," ","0.00","0.01","499","0.11","10","171.50",
="076745","世紀鋼元大4C購01","154,000","3","93,140","0.61","0.61","0.57","0.57","-","0.01","0.55","25","0.56","10","171.50",
="076746","世紀鋼元大51購01","279,000","4","170,190","0.61","0.61","0.61","0.61","X","0.00","0.56","25","0.57","10","171.50",
="076747","臺股指元大56購02","0","0","0","--","--","--","--"," ","0.00","1.58","100","1.68","10","0.00",
="076748","亞翔中信49購02","0","0","0","--","--","--","--"," ","0.00","--","0","--","0","0.00",
="076749","直得永豐4A購01","0","0","0","--","--","--","--"," ","0.00","0.26","499","0.27","10","81.30",
="076750","華新永豐4A購01","0","0","0","--","--","--","--"," ","0.00","0.18","499","0.19","10","24.05",
="076751","南僑永豐4C購01","0","0","0","--","--","--","--"," ","0.00","0.81","499","0.82","10","40.30",
="076752","正新永豐4C購01","0","0","0","--","--","--","--"," ","0.00","0.21","10","0.22","10","38.10",
="076753","昆盈永豐4A購01","0","0","0","--","--","--","--"," ","0.00","0.45","10","0.46","10","42.60",
="076754","佳能永豐49購02","0","0","0","--","--","--","--"," ","0.00","6.50","499","6.75","10","88.80",
="076755","一詮永豐49購03","0","0","0","--","--","--","--"," ","0.00","--","0","0.10","10","82.30",
="076756","長榮永豐51購02","0","0","0","--","--","--","--"," ","0.00","0.40","499","0.41","10","182.00",
="076757","漢翔永豐49購03","0","0","0","--","--","--","--"," ","0.00","0.12","499","--","0","62.60",
="076758","漢翔永豐49購04","0","0","0","--","--","--","--"," ","0.00","0.01","50","0.20","11","62.60",
="076759","精銳永豐49購02","0","0","0","--","--","--","--"," ","0.00","--","0","0.03","10","695.00",
="076760","天鈺永豐4C購01","1,000","1","540","0.54","0.54","0.54","0.54","X","0.00","0.50","499","0.52","10","173.50",
="076761","達發永豐4C購01","1,000","1","540","0.54","0.54","0.54","0.54","-","0.01","0.53","10","0.54","10","537.00",
="076762","嘉基永豐4C購01","0","0","0","--","--","--","--"," ","0.00","0.17","499","0.18","10","95.00",
="076763","欣巴巴永豐53購01","0","0","0","--","--","--","--"," ","0.00","0.11","20","0.12","10","61.90",
="076764","華城兆豐4A購02","0","0","0","--","--","--","--"," ","0.00","1.24","10","1.33","10","586.00",
="076765","國巨兆豐49購01","1,000","1","3,820","3.82","3.82","3.82","3.82","-","0.19","3.74","10","--","0","176.00",
="076766","啟碁兆豐4C購01","0","0","0","--","--","--","--"," ","0.00","0.13","10","0.14","10","121.00",
="076767","大成鋼群益4A購06","0","0","0","--","--","--","--"," ","0.00","--","0","0.02","208","37.90",
="076768","國巨群益49購02","0","0","0","--","--","--","--"," ","0.00","--","0","--","0","176.00",
="076769","台積電群益49購40","0","0","0","--","--","--","--"," ","0.00","1.64","30","--","0","1,340.00",
="076770","台積電群益49購41","0","0","0","--","--","--","--"," ","0.00","0.01","4","--","0","1,340.00",
="076772","旺宏群益49購06","0","0","0","--","--","--","--"," ","0.00","--","0","--","0","26.75",
="076773","華邦電群益49購10","0","0","0","--","--","--","--"," ","0.00","6.30","5","--","0","36.45",
="076774","大同群益49購05","0","0","0","--","--","--","--"," ","0.00","--","0","--","0","39.85",
="076776","南亞科群益4C購02","0","0","0","--","--","--","--"," ","0.00","--","0","--","0","81.00",
="076777","建準群益49購01","0","0","0","--","--","--","--"," ","0.00","--","0","--","0","129.00",
="076778","聯發科群益49購14","0","0","0","--","--","--","--"," ","0.00","--","0","0.12","10","1,375.00",
="076779","一詮群益49購07","0","0","0","--","--","--","--"," ","0.00","--","0","--","0","82.30",
="076780","長榮群益49購08","0","0","0","--","--","--","--"," ","0.00","--","0","--","0","182.00",
="076781","陽明群益4C購04","0","0","0","--","--","--","--"," ","0.00","0.26","100","0.27","100","55.20",
="076782","慧洋群益49購09","0","0","0","--","--","--","--"," ","0.00","--","0","--","0","58.40",
="076783","中信金群益49購02","0","0","0","--","--","--","--"," ","0.00","2.30","499","--","0","43.25",
="076784","大立光群益49購11","0","0","0","--","--","--","--"," ","0.00","--","0","--","0","2,360.00",
="076785","信邦群益49購02","0","0","0","--","--","--","--"," ","0.00","--","0","--","0","236.50",
="076786","嘉澤群益49購05","0","0","0","--","--","--","--"," ","0.00","--","0","1.00","10","1,605.00",
="076787","日月光群益4A購02","10,000","1","11,500","1.15","1.15","1.15","1.15","+","0.15","1.09","10","1.19","10","174.50",
="076788","祥碩群益49購02","0","0","0","--","--","--","--"," ","0.00","--","0","--","0","1,525.00",
="076789","亞翔群益49購14","0","0","0","--","--","--","--"," ","0.00","--","0","--","0","358.50",
="076790","啟碁群益49購02","0","0","0","--","--","--","--"," ","0.00","--","0","--","0","121.00",
="076791","緯穎群益49購13","0","0","0","--","--","--","--"," ","0.00","4.15","100","--","0","3,140.00",
="076792","巨大群益49購01","0","0","0","--","--","--","--"," ","0.00","--","0","--","0","101.00",
="076793","旺宏台新49購01","0","0","0","--","--","--","--"," ","0.00","2.85","20","--","0","0.00",
="076794","緯創台新49購01","0","0","0","--","--","--","--"," ","0.00","1.20","20","--","0","0.00",
="076795","大亞國泰4A購01","0","0","0","--","--","--","--"," ","0.00","0.37","499","0.38","15","39.85",
="076796","台積電國泰4A購08","0","0","0","--","--","--","--"," ","0.00","6.90","10","--","0","1,340.00",
="076797","台積電國泰4A購09","0","0","0","--","--","--","--"," ","0.00","--","0","--","0","1,340.00",
="076798","旺宏國泰4A購01","0","0","0","--","--","--","--"," ","0.00","3.06","10","--","0","26.75",
="076799","友達國泰4A購02","70,000","13","29,840","0.44","0.50","0.35","0.47","+","0.10","0.42","499","0.44","10","13.70",
="076800","全新國泰4A購01","0","0","0","--","--","--","--"," ","0.00","3.24","499","3.29","10","160.00",
="076801","雲豹國泰4A購01","0","0","0","--","--","--","--"," ","0.00","0.02","499","0.03","15","119.00",
="076802","昇陽半國泰4A購02","5,000","2","17,210","3.41","3.45","3.41","3.45","+","0.03","3.11","499","3.19","10","179.50",
="076803","國企2X元富49購02","0","0","0","--","--","--","--"," ","0.00","0.05","25","0.15","10","11.65",
="076804","順德元富49購02","0","0","0","--","--","--","--"," ","0.00","--","0","0.10","25","81.90",
="076805","聯詠元富49購01","0","0","0","--","--","--","--"," ","0.00","--","0","0.10","25","443.00",
="076806","訊芯元富49購03","0","0","0","--","--","--","--"," ","0.00","0.10","25","0.20","10","164.50",
="076807","東元國票4C購01","0","0","0","--","--","--","--"," ","0.00","11.60","25","--","0","94.00",
="076808","中興電國票4A購03","0","0","0","--","--","--","--"," ","0.00","0.86","25","0.89","10","159.00",
="076809","潤隆國票4C購01","2,000","1","1,700","0.85","0.85","0.85","0.85","-","0.02","0.83","25","0.84","10","30.85",
="07680P","南亞科群益51售01","451,000","6","14,140","0.04","0.14","0.02","0.14","+","0.09","0.05","2","0.09","1","0.00",
="076810","鴻海國票4C購01","0","0","0","--","--","--","--"," ","0.00","5.05","25","5.15","10","221.00",
="076811","威盛國票4A購02","0","0","0","--","--","--","--"," ","0.00","0.01","25","0.02","10","59.50",
="076812","飛宏國票4C購01","0","0","0","--","--","--","--"," ","0.00","0.45","25","0.46","10","24.95",
="076813","偉訓國票4A購01","0","0","0","--","--","--","--"," ","0.00","1.28","25","1.36","10","97.50",
="076814","文曄國票4C購02","0","0","0","--","--","--","--"," ","0.00","--","0","--","0","137.50",
="076815","智易國票4C購01","0","0","0","--","--","--","--"," ","0.00","0.38","25","0.40","10","223.00",
="076816","健策國票4A購02","0","0","0","--","--","--","--"," ","0.00","5.80","25","6.30","10","2,355.00",
="076817","精銳國票4A購02","0","0","0","--","--","--","--"," ","0.00","0.03","25","0.04","10","695.00",
="076818","材料國票4A購01","0","0","0","--","--","--","--"," ","0.00","--","0","--","0","66.40",
="076819","南寶國票4C購01","93,000","4","193,070","2.08","2.08","2.04","2.05","-","0.19","2.05","25","2.06","10","416.50",
="076820","天鈺國票4C購01","0","0","0","--","--","--","--"," ","0.00","0.39","25","0.40","10","173.50",
="076821","立積國票49購02","0","0","0","--","--","--","--"," ","0.00","--","0","--","0","151.50",
="076822","立積國票4A購01","0","0","0","--","--","--","--"," ","0.00","0.02","25","0.03","10","151.50",
="076823","力成國票4A購02","0","0","0","--","--","--","--"," ","0.00","1.13","25","1.19","10","150.50",
="076824","啟碁國票4C購01","0","0","0","--","--","--","--"," ","0.00","0.06","25","0.07","10","121.00",
="076825","迅得國票4C購01","0","0","0","--","--","--","--"," ","0.00","0.36","25","0.37","10","176.00",
="076826","迅得國票4C購02","0","0","0","--","--","--","--"," ","0.00","0.38","25","0.39","10","176.00",
="076827","洋基國票4A購01","0","0","0","--","--","--","--"," ","0.00","5.65","25","6.05","10","449.00",
="076828","雲豹國票4C購01","0","0","0","--","--","--","--"," ","0.00","0.06","25","0.07","10","119.00",
="076829","昇陽半國票4A購05","5,000","1","9,450","1.89","1.89","1.89","1.89","X","0.00","1.92","25","2.02","10","179.50",
="076830","巨大國票4C購01","0","0","0","--","--","--","--"," ","0.00","0.01","25","0.02","10","101.00",
="076831","台灣50富邦49購09","0","0","0","--","--","--","--"," ","0.00","4.43","100","4.48","10","0.00",
="076832","台灣50富邦53購02","2,000","1","15,300","7.65","7.65","7.65","7.65","+","1.15","7.70","100","7.75","28","0.00",
="076833","華城富邦4C購02","0","0","0","--","--","--","--"," ","0.00","1.41","10","1.51","10","0.00",
="076834","台積電富邦4C購07","4,000","2","30,100","7.30","7.75","7.30","7.75","X","0.00","7.95","30","8.00","10","0.00",
="076835","台積電富邦4C購08","0","0","0","--","--","--","--"," ","0.00","6.85","30","6.90","10","0.00",
="076836","華碩富邦49購02","289,000","5","137,220","0.45","0.50","0.44","0.48","+","0.06","0.42","30","0.44","10","0.00",
="076837","華碩富邦4C購01","364,000","14","258,680","0.72","0.73","0.69","0.69"," ","0.00","0.68","30","0.69","10","0.00",
="076838","長榮富邦4C購01","0","0","0","--","--","--","--"," ","0.00","0.37","10","0.38","10","0.00",
="076839","慧洋富邦4C購01","0","0","0","--","--","--","--"," ","0.00","0.13","30","0.14","28","0.00",
="076840","奇鋐富邦4A購02","0","0","0","--","--","--","--"," ","0.00","4.27","10","4.37","10","0.00",
="076841","昇陽半富邦4A購01","178,000","1","192,240","1.08","1.08","1.08","1.08","X","0.00","0.98","30","1.00","28","0.00",
="076842","漢翔統一59購02","66,000","10","39,930","0.61","0.61","0.59","0.60","-","0.05","0.60","10","0.61","10","62.60",
="076843","富華新統一59購01","0","0","0","--","--","--","--"," ","0.00","0.22","10","0.23","10","20.05",
="076844","龍德船統一53購02","136,000","6","136,620","1.01","1.01","1.00","1.00","-","0.13","0.91","10","0.92","10","151.50",
="076845","昇陽半統一53購01","0","0","0","--","--","--","--"," ","0.00","1.03","10","1.04","10","179.50",
="076846","日本2X元大4A購01","0","0","0","--","--","--","--"," ","0.00","1.03","250","1.08","10","66.80",
="076847","FH富產元大4C購01","75,000","4","9,040","0.13","0.13","0.12","0.12","-","0.04","0.12","200","0.13","50","8.69",
="076848","華城元大49購27","0","0","0","--","--","--","--"," ","0.00","1.44","499","1.54","10","586.00",
="076849","大亞元大49購04","0","0","0","--","--","--","--"," ","0.00","--","0","0.10","10","39.85",
="076850","大亞元大49購05","0","0","0","--","--","--","--"," ","0.00","0.01","499","0.11","10","39.85",
="076851","喬山元大49購02","0","0","0","--","--","--","--"," ","0.00","--","0","0.10","10","167.00",
="076852","鴻海元大4C購03","160,000","15","307,960","1.83","2.00","1.83","1.93","+","0.30","1.93","450","1.95","10","221.00",
="076853","鴻海元大4C購04","0","0","0","--","--","--","--"," ","0.00","2.76","300","2.81","10","221.00",
="076854","台積電元大49購46","70,000","6","221,200","3.06","3.24","3.06","3.24","+","0.87","--","0","--","0","1,340.00",
="076855","台積電元大49購47","40,000","5","133,700","3.21","3.46","3.21","3.39","+","0.62","--","0","--","0","1,340.00",
="076856","台積電元大4C購10","138,000","1","390,540","2.83","2.83","2.83","2.83","+","0.71","0.21","5","--","0","1,340.00",
="076857","華碩元大49購06","0","0","0","--","--","--","--"," ","0.00","--","0","0.06","180","684.00",
="076858","華碩元大49購07","0","0","0","--","--","--","--"," ","0.00","0.13","499","0.23","10","684.00",
="076859","所羅門元大49購07","0","0","0","--","--","--","--"," ","0.00","--","0","0.10","10","144.50",
="07685P","南亞科凱基4A售04","0","0","0","--","--","--","--"," ","0.00","--","0","0.10","10","0.00",
="076860","大同元大49購08","0","0","0","--","--","--","--"," ","0.00","--","0","0.10","10","39.85",
="076861","群光元大49購05","0","0","0","--","--","--","--"," ","0.00","--","0","0.10","10","140.00",
="076862","南亞科元大49購24","0","0","0","--","--","--","--"," ","0.00","3.39","25","--","0","81.00",
="076863","友達元大49購04","0","0","0","--","--","--","--"," ","0.00","--","0","0.10","10","13.70",
="076864","建準元大49購06","0","0","0","--","--","--","--"," ","0.00","0.71","499","0.81","10","129.00",
="076865","聯發科元大4A購05","303,000","3","57,540","0.19","0.19","0.18","0.18","-","0.08","0.17","25","0.18","10","1,375.00",
="076866","一詮元大49購13","0","0","0","--","--","--","--"," ","0.00","--","0","0.10","10","82.30",
="076867","皇昌元大49購13","0","0","0","--","--","--","--"," ","0.00","--","0","0.10","10","72.70",
="076868","皇昌元大49購14","0","0","0","--","--","--","--"," ","0.00","0.01","499","0.11","10","72.70",
="076869","皇昌元大49購15","0","0","0","--","--","--","--"," ","0.00","0.01","499","0.11","10","72.70",
="076870","亞航元大49購01","0","0","0","--","--","--","--"," ","0.00","--","0","1.74","10","55.20",
="076871","漢翔元大4A購01","0","0","0","--","--","--","--"," ","0.00","1.87","350","1.94","10","62.60",
="076872","漢翔元大4C購02","26,000","3","48,180","1.86","1.86","1.83","1.83","-","0.32","1.70","350","--","0","62.60",
="076873","漢翔元大4C購03","261,000","13","496,470","2.05","2.05","1.82","1.82","-","0.37","1.79","350","1.82","10","62.60",
="076874","漢翔元大51購02","0","0","0","--","--","--","--"," ","0.00","1.71","400","2.10","200","62.60",
="076875","漢翔元大53購01","109,000","9","270,360","2.62","2.62","2.40","2.40","-","0.27","2.35","300","2.38","10","62.60",
="076876","奇鋐元大49購10","0","0","0","--","--","--","--"," ","0.00","9.75","100","--","0","1,015.00",
="076877","奇鋐元大49購11","0","0","0","--","--","--","--"," ","0.00","8.15","100","--","0","1,015.00",
="076878","玉晶光元大49購07","0","0","0","--","--","--","--"," ","0.00","0.21","499","0.31","10","443.50",
="076879","群創元大49購11","0","0","0","--","--","--","--"," ","0.00","--","0","0.10","10","14.15",
="076880","智易元大49購02","0","0","0","--","--","--","--"," ","0.00","--","0","0.10","10","223.00",
="076881","世芯元大4C購02","0","0","0","--","--","--","--"," ","0.00","--","0","--","0","3,700.00",
="076882","世芯元大51購10","0","0","0","--","--","--","--"," ","0.00","--","0","--","0","3,700.00",
="076883","世芯元大53購01","19,000","3","60,790","3.21","3.21","3.18","3.19","-","0.10","--","0","--","0","3,700.00",
="076884","力成元大49購08","0","0","0","--","--","--","--"," ","0.00","0.35","499","0.45","10","150.50",
="076885","緯穎元大49購18","0","0","0","--","--","--","--"," ","0.00","5.90","150","--","0","3,140.00",
="076886","緯穎元大49購19","0","0","0","--","--","--","--"," ","0.00","4.43","150","--","0","3,140.00",
="076887","緯穎元大4A購06","11,000","2","55,000","5.00","5.00","5.00","5.00","X","0.00","4.81","150","4.90","10","3,140.00",
="076888","AES元大49購09","0","0","0","--","--","--","--"," ","0.00","0.03","499","0.13","10","1,195.00",
="076889","AES元大49購10","0","0","0","--","--","--","--"," ","0.00","0.12","499","0.22","10","1,195.00",
="076890","雲豹元大49購02","0","0","0","--","--","--","--"," ","0.00","--","0","0.10","10","119.00",
="076891","南電元大49購02","0","0","0","--","--","--","--"," ","0.00","7.40","100","--","0","234.50",
="076892","長華元大49購01","0","0","0","--","--","--","--"," ","0.00","--","0","0.10","10","40.60",
="076893","臺股指元大49購56","0","0","0","--","--","--","--"," ","0.00","--","0","0.10","10","0.00",
="076894","臺股指元大49購57","0","0","0","--","--","--","--"," ","0.00","--","0","0.10","10","0.00",
="076895","臺股指元大49購58","0","0","0","--","--","--","--"," ","0.00","2.59","499","2.69","10","0.00",
="076896","臺股指元大56購03","5,000","1","24,050","4.81","4.81","4.81","4.81","+","0.43","4.79","100","4.89","10","0.00",
="076897","台灣50凱基4A購09","0","0","0","--","--","--","--"," ","0.00","13.10","10","13.30","10","58.45",
="076898","台灣50凱基56購01","92,000","1","593,400","6.45","6.45","6.45","6.45","+","0.40","6.90","100","6.95","10","58.45",
="076899","國企2X凱基4C購01","260,000","3","184,800","0.78","0.78","0.69","0.69","-","0.09","0.68","100","0.69","50","11.65",
="07689P","台積電群益4B售14","0","0","0","--","--","--","--"," ","0.00","--","0","--","0","0.00",
="076900","FBNQ2X凱基4C購03","0","0","0","--","--","--","--"," ","0.00","4.08","100","4.09","50","159.20",
="076901","台玻凱基49購02","0","0","0","--","--","--","--"," ","0.00","--","0","--","0","25.95",
="076902","南港凱基4A購01","0","0","0","--","--","--","--"," ","0.00","0.24","10","0.34","10","41.15",
="076903","長榮鋼凱基49購01","0","0","0","--","--","--","--"," ","0.00","0.06","10","0.16","10","94.10",
="076904","鴻海凱基49購16","0","0","0","--","--","--","--"," ","0.00","7.15","14","--","0","221.00",
="076905","鴻海凱基49購17","16,000","3","67,170","3.82","4.37","3.82","4.37","X","0.00","4.09","25","--","0","221.00",
="076906","台積電凱基49購35","0","0","0","--","--","--","--"," ","0.00","43.80","10","44.80","10","1,340.00",
="076907","台積電凱基49購36","0","0","0","--","--","--","--"," ","0.00","9.00","12","9.50","10","1,340.00",
="076908","台積電凱基53購09","0","0","0","--","--","--","--"," ","0.00","3.95","100","4.05","10","1,340.00",
="076909","華邦電凱基4A購04","0","0","0","--","--","--","--"," ","0.00","12.00","100","--","0","36.45",
="076910","智邦凱基4A購03","0","0","0","--","--","--","--"," ","0.00","7.85","10","8.10","10","1,005.00",
="076912","華碩凱基4A購02","0","0","0","--","--","--","--"," ","0.00","0.54","10","0.55","10","684.00",
="076913","漢唐凱基53購01","0","0","0","--","--","--","--"," ","0.00","22.50","10","23.50","10","987.00",
="076914","南亞科凱基4C購03","0","0","0","--","--","--","--"," ","0.00","10.90","10","11.90","10","81.00",
="076915","強茂凱基4C購01","12,000","3","36,570","2.98","3.09","2.98","3.09","+","0.14","3.09","10","3.11","10","71.70",
="076916","國產凱基4C購01","0","0","0","--","--","--","--"," ","0.00","0.13","10","0.14","50","35.90",
="076917","漢翔凱基49購04","0","0","0","--","--","--","--"," ","0.00","1.15","100","--","0","62.60",
="076918","台驊控凱基4C購01","10,000","1","5,100","0.51","0.51","0.51","0.51","-","0.04","0.11","90","0.51","38","70.30",
="076919","潤泰全凱基4A購01","0","0","0","--","--","--","--"," ","0.00","0.01","10","0.11","10","52.30",
="076920","信邦凱基49購02","0","0","0","--","--","--","--"," ","0.00","0.01","100","0.11","10","236.50",
="076921","聯詠凱基49購02","0","0","0","--","--","--","--"," ","0.00","--","0","0.10","10","443.00",
="076922","華晶科凱基49購01","0","0","0","--","--","--","--"," ","0.00","1.42","100","--","0","52.80",
="076923","新日興凱基49購06","0","0","0","--","--","--","--"," ","0.00","--","0","0.10","10","237.00",
="076924","精銳凱基49購02","0","0","0","--","--","--","--"," ","0.00","--","0","--","0","695.00",
="076925","和碩凱基49購01","0","0","0","--","--","--","--"," ","0.00","--","0","0.10","10","71.10",
="076926","立積凱基49購03","0","0","0","--","--","--","--"," ","0.00","--","0","0.10","10","151.50",
="076927","達麗凱基4C購01","108,000","4","128,140","1.18","1.22","1.18","1.22","-","0.01","1.22","10","1.25","10","50.10",
="076928","康舒凱基49購01","0","0","0","--","--","--","--"," ","0.00","--","0","0.10","10","30.10",
="076929","啟碁凱基4C購02","0","0","0","--","--","--","--"," ","0.00","0.12","100","0.13","30","121.00",
="07692P","臺股指群益4A售20","0","0","0","--","--","--","--"," ","0.00","--","0","0.11","2","0.00",
="076930","晶碩凱基4A購01","0","0","0","--","--","--","--"," ","0.00","--","0","0.10","10","316.00",
="076931","達發凱基53購01","0","0","0","--","--","--","--"," ","0.00","0.56","10","0.57","10","537.00",
="076932","緯穎凱基4C購01","0","0","0","--","--","--","--"," ","0.00","6.30","100","6.80","10","3,140.00",
="076933","昇陽半凱基4C購01","0","0","0","--","--","--","--"," ","0.00","2.31","100","2.38","10","179.50",
="076934","臺股指凱基56購02","12,000","3","28,120","2.31","2.35","2.31","2.35","+","0.23","2.36","100","2.37","10","0.00",
="076935","臺股指凱基56購03","0","0","0","--","--","--","--"," ","0.00","2.89","100","2.90","10","0.00",
="076936","所羅門台新49購01","0","0","0","--","--","--","--"," ","0.00","0.06","20","--","0","0.00",
="076937","晟銘電台新49購01","0","0","0","--","--","--","--"," ","0.00","0.02","20","--","0","0.00",
="076938","臺股指中信49購15","0","0","0","--","--","--","--"," ","0.00","2.96","499","--","0","0.00",
="076939","華城永豐52購01","26,000","2","62,680","2.38","2.42","2.38","2.42","-","0.04","2.34","499","2.35","10","586.00",
="076940","喬山永豐4A購01","0","0","0","--","--","--","--"," ","0.00","--","0","0.03","10","167.00",
="076941","中華永豐4A購01","0","0","0","--","--","--","--"," ","0.00","0.21","10","0.23","10","63.40",
="076942","台積電永豐52購02","80,000","2","283,200","3.54","3.54","3.54","3.54","X","0.00","--","0","3.78","1","1,340.00",
="076943","台積電永豐53購02","0","0","0","--","--","--","--"," ","0.00","--","0","--","0","1,340.00",
="076944","旺宏永豐49購01","13,000","2","25,230","1.92","2.01","1.92","2.01","X","0.00","1.72","499","1.82","10","26.75",
="076945","旺宏永豐4C購01","10,000","1","16,100","1.61","1.61","1.61","1.61","+","0.06","1.61","499","1.71","10","26.75",
="076946","金像電永豐4A購01","0","0","0","--","--","--","--"," ","0.00","13.90","499","14.90","10","455.00",
="076947","盟立永豐4A購01","0","0","0","--","--","--","--"," ","0.00","1.17","499","1.22","10","72.30",
="076948","晟銘電永豐4C購01","0","0","0","--","--","--","--"," ","0.00","0.57","499","0.58","10","121.00",
="076949","晟銘電永豐52購01","0","0","0","--","--","--","--"," ","0.00","0.80","10","0.81","10","121.00",
="076950","瑞儀永豐4C購01","33,000","2","6,960","0.21","0.22","0.21","0.22","-","0.04","0.20","10","0.21","10","142.00",
="076951","豐藝永豐4A購01","95,000","1","19,950","0.21","0.21","0.21","0.21","X","0.00","0.20","10","0.21","10","49.25",
="076952","台表科永豐4A購01","45,000","2","33,200","0.74","0.74","0.72","0.72","-","0.02","0.68","5","0.76","10","107.00",
="076953","至上永豐4A購01","15,000","3","4,450","0.32","0.32","0.28","0.28","-","0.06","0.28","10","0.29","10","45.05",
="076954","華城國泰4A購02","0","0","0","--","--","--","--"," ","0.00","2.91","499","2.95","15","586.00",
="076955","華新國泰4A購03","40,000","7","26,050","0.72","0.72","0.60","0.71","-","0.07","0.65","499","0.66","10","24.05",
="076956","順德國泰4A購01","0","0","0","--","--","--","--"," ","0.00","0.21","499","--","0","81.90",
="076957","威盛國泰4A購01","600,000","2","12,000","0.02","0.02","0.02","0.02","X","0.00","0.02","499","0.03","15","59.50",
="076958","台泥國票4C購01","0","0","0","--","--","--","--"," ","0.00","0.01","25","0.50","100","23.75",
="076959","聚陽國票4A購01","19,000","16","380","0.02","0.02","0.02","0.02","-","0.01","0.02","25","0.03","60","294.00",
="076960","華城國票4A購03","0","0","0","--","--","--","--"," ","0.00","2.81","25","2.91","10","586.00",
="076961","華新國票4A購02","0","0","0","--","--","--","--"," ","0.00","0.84","25","0.85","10","24.05",
="076962","喬山國票4A購02","200,000","2","2,000","0.01","0.01","0.01","0.01","-","0.01","0.01","25","0.02","10","167.00",
="076963","旺宏國票4A購03","0","0","0","--","--","--","--"," ","0.00","0.85","25","--","0","26.75",
="076964","旺宏國票4C購02","20,000","2","19,400","0.98","0.98","0.96","0.96","+","0.06","0.89","25","1.19","1","26.75",
="076965","旺宏國票52購01","3,000","2","8,000","2.64","2.72","2.64","2.72","+","0.52","2.73","25","2.74","10","26.75",
="076966","所羅門國票4C購01","8,000","1","5,200","0.65","0.65","0.65","0.65","-","0.02","0.62","25","0.63","10","144.50",
="076967","致茂國票4A購02","0","0","0","--","--","--","--"," ","0.00","--","0","--","0","614.00",
="076968","台光電國票4A購06","0","0","0","--","--","--","--"," ","0.00","--","0","--","0","1,345.00",
="076969","漢翔國票4A購03","10,000","1","29,500","2.95","2.95","2.95","2.95","-","0.52","2.63","25","2.69","10","62.60",
="076970","慧洋國票52購01","0","0","0","--","--","--","--"," ","0.00","0.42","25","0.43","10","58.40",
="076971","大立光國票4C購01","0","0","0","--","--","--","--"," ","0.00","0.10","25","0.11","10","2,360.00",
="076972","晟銘電國票49購05","0","0","0","--","--","--","--"," ","0.00","0.07","25","0.08","10","121.00",
="076973","晟銘電國票4A購04","0","0","0","--","--","--","--"," ","0.00","0.19","25","0.20","10","121.00",
="076974","晟銘電國票4C購01","0","0","0","--","--","--","--"," ","0.00","0.29","25","0.30","10","121.00",
="076975","奇鋐國票4C購01","0","0","0","--","--","--","--"," ","0.00","17.20","25","18.20","10","1,015.00",
="076976","偉訓國票49購03","0","0","0","--","--","--","--"," ","0.00","0.33","25","0.37","10","97.50",
="076977","創意國票4A購05","2,000","1","1,340","0.67","0.67","0.67","0.67","X","0.00","0.67","25","0.70","10","1,315.00",
="076978","大銀國票4C購01","9,000","1","5,220","0.58","0.58","0.58","0.58","+","0.01","0.52","25","0.53","10","120.00",
="076979","瑞祺國票4A購02","0","0","0","--","--","--","--"," ","0.00","0.16","25","0.17","10","86.90",
="07697P","和大國票4A售02","0","0","0","--","--","--","--"," ","0.00","0.51","25","0.53","10","0.00",
="076980","迅得國票53購01","3,000","1","2,010","0.67","0.67","0.67","0.67","+","0.03","0.60","25","0.61","10","176.00",
="076981","穎崴國票4A購06","0","0","0","--","--","--","--"," ","0.00","--","0","--","0","2,015.00",
="076982","緯穎國票4C購01","2,000","1","18,100","9.05","9.05","9.05","9.05","-","0.20","8.95","25","9.10","10","3,140.00",
="076983","龍德船國票4A購01","0","0","0","--","--","--","--"," ","0.00","1.86","25","1.92","10","151.50",
="076984","汎銓國票49購01","0","0","0","--","--","--","--"," ","0.00","1.81","25","1.91","10","177.00",
="076985","東陽兆豐4C購01","0","0","0","--","--","--","--"," ","0.00","0.04","10","0.05","10","94.10",
="076986","精銳兆豐4C購01","0","0","0","--","--","--","--"," ","0.00","0.11","10","0.12","10","695.00",
="076987","旺宏統一57購01","682,000","19","511,220","0.77","0.78","0.73","0.76","+","0.05","0.75","10","0.79","1","26.75",
="076988","慧洋統一53購03","0","0","0","--","--","--","--"," ","0.00","0.18","10","0.19","10","58.40",
="076989","智易統一56購01","50,000","1","25,500","0.51","0.51","0.51","0.51","X","0.00","0.51","10","0.52","10","223.00",
="07698P","中砂國票4A售03","0","0","0","--","--","--","--"," ","0.00","0.01","25","0.05","10","0.00",
="076990","台灣50元富53購01","0","0","0","--","--","--","--"," ","0.00","10.10","25","10.20","25","58.45",
="076991","台灣50元富53購02","3,000","2","60,300","20.10","20.10","20.10","20.10","+","1.90","20.10","25","20.20","25","58.45",
="076992","T50反1元富49購03","0","0","0","--","--","--","--"," ","0.00","--","0","0.10","10","18.29",
="076993","T50反1元富49購04","0","0","0","--","--","--","--"," ","0.00","--","0","0.10","10","18.29",
="076994","T50反1元富53購01","0","0","0","--","--","--","--"," ","0.00","0.30","25","0.31","25","18.29",
="076995","FBNQ2X元富49購08","0","0","0","--","--","--","--"," ","0.00","8.45","25","8.95","10","159.20",
="076996","華城元富49購04","0","0","0","--","--","--","--"," ","0.00","1.78","25","1.88","10","586.00",
="076997","喬山元富53購01","315,000","6","276,840","0.85","0.90","0.85","0.88","+","0.03","0.77","25","0.78","25","167.00",
="076998","大成鋼元富49購10","0","0","0","--","--","--","--"," ","0.00","--","0","0.10","10","37.90",
="076999","鴻海元富53購04","0","0","0","--","--","--","--"," ","0.00","7.05","25","7.20","25","221.00",
="07699P","川湖國票4A售07","0","0","0","--","--","--","--"," ","0.00","--","0","--","0","0.00",
="077000","鴻海元富53購05","0","0","0","--","--","--","--"," ","0.00","6.70","25","6.85","25","221.00",
="077001","國巨元富53購02","260,000","3","1,922,750","7.25","7.40","7.25","7.40","-","0.85","7.25","25","7.40","25","176.00",
="077002","順德元富49購03","0","0","0","--","--","--","--"," ","0.00","--","0","0.10","25","81.90",
="077003","順德元富4C購01","20,000","3","3,700","0.18","0.20","0.18","0.20","+","0.01","0.20","25","0.21","25","81.90",
="077004","長榮元富56購02","0","0","0","--","--","--","--"," ","0.00","0.61","25","0.62","25","182.00",
="077005","漢翔元富52購01","23,000","1","45,310","1.97","1.97","1.97","1.97","+","0.03","1.85","25","1.86","25","62.60",
="077006","漢翔元富53購01","130,000","7","281,860","2.25","2.25","2.09","2.09","-","0.29","2.09","25","2.10","25","62.60",
="077007","世芯元富52購07","0","0","0","--","--","--","--"," ","0.00","1.71","25","1.74","25","3,700.00",
="077008","世芯元富53購01","0","0","0","--","--","--","--"," ","0.00","1.79","25","1.82","25","3,700.00",
="077009","南寶元富53購01","39,000","6","97,840","2.52","2.52","2.41","2.51","-","0.01","2.44","25","2.54","10","416.50",
="07700P","仁寶國票4A售01","5,000","1","2,600","0.52","0.52","0.52","0.52","X","0.00","0.49","25","0.50","10","0.00",
="077010","jpp元富49購01","0","0","0","--","--","--","--"," ","0.00","--","0","--","0","286.50",
="077011","康舒元富53購01","189,000","13","206,010","1.09","1.11","1.06","1.06","+","0.03","1.05","25","1.06","25","30.10",
="077012","緯穎元富53購03","0","0","0","--","--","--","--"," ","0.00","4.06","25","4.12","25","3,140.00",
="077013","臺股指元富49購29","0","0","0","--","--","--","--"," ","0.00","6.25","25","6.75","25","0.00",
="077014","臺股指元富49購30","0","0","0","--","--","--","--"," ","0.00","6.45","25","6.50","25","0.00",
="077015","臺股指元富49購31","0","0","0","--","--","--","--"," ","0.00","7.05","25","7.55","10","0.00",
="077016","台灣50群益49購10","0","0","0","--","--","--","--"," ","0.00","--","0","--","0","58.45",
="077017","T50反1群益4C購02","213,000","3","6,390","0.03","0.03","0.03","0.03","-","0.01","0.02","490","0.03","100","18.29",
="077018","FBNQ2X群益49購05","0","0","0","--","--","--","--"," ","0.00","3.03","199","--","0","159.20",
="077019","FBNQ2X群益4C購01","0","0","0","--","--","--","--"," ","0.00","2.03","25","2.04","10","159.20",
="07701P","華邦電國票4A售05","50,000","1","500","0.01","0.01","0.01","0.01","X","0.00","0.01","25","0.05","10","0.00",
="077020","大亞群益49購02","0","0","0","--","--","--","--"," ","0.00","--","0","--","0","39.85",
="077021","台玻群益49購03","0","0","0","--","--","--","--"," ","0.00","3.36","10","--","0","25.95",
="077022","南港群益4C購01","0","0","0","--","--","--","--"," ","0.00","0.04","30","--","0","41.15",
="077023","鴻海群益49購14","0","0","0","--","--","--","--"," ","0.00","--","0","--","0","221.00",
="077024","台積電群益49購42","0","0","0","--","--","--","--"," ","0.00","--","0","--","0","1,340.00",
="077025","台積電群益49購43","0","0","0","--","--","--","--"," ","0.00","--","0","--","0","1,340.00",
="077026","華邦電群益49購11","0","0","0","--","--","--","--"," ","0.00","9.30","4","--","0","36.45",
="077027","智邦群益49購10","0","0","0","--","--","--","--"," ","0.00","--","0","--","0","1,005.00",
="077028","智邦群益49購11","0","0","0","--","--","--","--"," ","0.00","--","0","18.90","10","1,005.00",
="077029","聯強群益49購01","0","0","0","--","--","--","--"," ","0.00","--","0","--","0","62.20",
="07702P","富邦金國票4A售01","0","0","0","--","--","--","--"," ","0.00","0.04","25","0.05","10","0.00",
="077030","華碩群益49購04","0","0","0","--","--","--","--"," ","0.00","--","0","--","0","684.00",
="077031","所羅門群益4C購01","52,000","2","38,880","0.78","0.78","0.74","0.74","X","0.00","0.18","10","1.50","31","144.50",
="077032","大同群益49購06","0","0","0","--","--","--","--"," ","0.00","--","0","--","0","39.85",
="077033","威盛群益49購02","0","0","0","--","--","--","--"," ","0.00","--","0","--","0","59.50",
="077034","漢唐群益49購06","0","0","0","--","--","--","--"," ","0.00","--","0","30.40","10","987.00",
="077035","南亞科群益4C購03","0","0","0","--","--","--","--"," ","0.00","--","0","--","0","81.00",
="077036","強茂群益49購03","0","0","0","--","--","--","--"," ","0.00","--","0","1.85","10","71.70",
="077037","一詮群益49購08","0","0","0","--","--","--","--"," ","0.00","--","0","--","0","82.30",
="077038","裕民群益49購02","0","0","0","--","--","--","--"," ","0.00","--","0","0.10","10","55.30",
="077039","亞航群益49購02","0","0","0","--","--","--","--"," ","0.00","--","0","3.18","10","55.20",
="07703P","欣興國票4A售03","0","0","0","--","--","--","--"," ","0.00","--","0","0.31","30","0.00",
="077040","漢翔群益49購05","0","0","0","--","--","--","--"," ","0.00","0.05","50","--","0","62.60",
="077041","慧洋群益49購10","0","0","0","--","--","--","--"," ","0.00","--","0","--","0","58.40",
="077042","晟銘電群益49購04","0","0","0","--","--","--","--"," ","0.00","--","0","--","0","121.00",
="077043","奇鋐群益49購04","0","0","0","--","--","--","--"," ","0.00","15.40","499","--","0","1,015.00",
="077044","信邦群益49購03","0","0","0","--","--","--","--"," ","0.00","--","0","--","0","236.50",
="077045","新日興群益49購06","0","0","0","--","--","--","--"," ","0.00","--","0","0.51","10","237.00",
="077046","新日興群益49購07","0","0","0","--","--","--","--"," ","0.00","--","0","--","0","237.00",
="077047","群創群益4C購01","0","0","0","--","--","--","--"," ","0.00","0.41","100","--","0","14.15",
="077048","精銳群益4A購03","0","0","0","--","--","--","--"," ","0.00","0.01","20","0.22","10","695.00",
="077049","亞翔群益49購15","0","0","0","--","--","--","--"," ","0.00","--","0","7.50","10","358.50",
="07704P","富華新國票4A售03","0","0","0","--","--","--","--"," ","0.00","0.01","25","0.05","10","0.00",
="077050","啟碁群益4C購01","0","0","0","--","--","--","--"," ","0.00","0.27","100","0.28","100","121.00",
="077051","晶碩群益49購02","0","0","0","--","--","--","--"," ","0.00","--","0","0.10","10","316.00",
="077052","達發群益49購03","0","0","0","--","--","--","--"," ","0.00","--","0","--","0","537.00",
="077053","昇陽半群益49購02","20,000","2","79,300","3.93","4.00","3.93","4.00","X","0.00","--","0","3.12","10","179.50",
="077054","臺股指群益49購35","0","0","0","--","--","--","--"," ","0.00","5.30","499","5.35","499","0.00",
="077055","臺股指群益49購36","0","0","0","--","--","--","--"," ","0.00","7.70","499","7.75","499","0.00",
="077056","國企2X凱基49購02","0","0","0","--","--","--","--"," ","0.00","0.01","100","0.11","10","11.65",
="077057","FH富產凱基4C購01","50,000","1","15,000","0.30","0.30","0.30","0.30","-","0.05","0.30","100","0.31","50","8.69",
="077058","華城凱基49購09","0","0","0","--","--","--","--"," ","0.00","0.42","100","0.52","10","586.00",
="077059","大亞凱基49購02","0","0","0","--","--","--","--"," ","0.00","--","0","0.01","200","39.85",
="07705P","嘉澤國票4A售04","0","0","0","--","--","--","--"," ","0.00","0.01","25","0.05","10","0.00",
="077060","潤隆凱基4C購01","15,000","3","6,940","0.46","0.47","0.46","0.47","-","0.01","0.46","10","0.47","30","30.85",
="077061","大成鋼凱基52購01","0","0","0","--","--","--","--"," ","0.00","0.07","100","0.08","50","37.90",
="077062","鴻海凱基49購18","0","0","0","--","--","--","--"," ","0.00","1.99","51","--","0","221.00",
="077063","鴻海凱基4C購02","0","0","0","--","--","--","--"," ","0.00","6.55","100","7.05","10","221.00",
="077064","台積電凱基49購37","0","0","0","--","--","--","--"," ","0.00","3.73","27","--","0","1,340.00",
="077065","台積電凱基5B購05","0","0","0","--","--","--","--"," ","0.00","40.10","100","41.10","10","1,340.00",
="077066","建準凱基49購04","0","0","0","--","--","--","--"," ","0.00","1.68","100","1.78","10","129.00",
="077067","皇昌凱基53購01","0","0","0","--","--","--","--"," ","0.00","0.46","100","0.47","40","72.70",
="077068","華固凱基49購01","0","0","0","--","--","--","--"," ","0.00","--","0","0.10","10","96.60",
="077069","陽明凱基49購06","0","0","0","--","--","--","--"," ","0.00","--","0","0.10","10","55.20",
="07706P","上証2X元大4B售03","0","0","0","--","--","--","--"," ","0.00","0.04","499","0.09","50","0.00",
="077070","慧洋凱基49購09","0","0","0","--","--","--","--"," ","0.00","--","0","0.10","10","58.40",
="077071","奇鋐凱基53購01","0","0","0","--","--","--","--"," ","0.00","8.70","100","9.20","10","1,015.00",
="077072","欣興凱基49購08","0","0","0","--","--","--","--"," ","0.00","3.58","100","--","0","159.00",
="077073","玉晶光凱基49購08","0","0","0","--","--","--","--"," ","0.00","0.25","100","0.35","10","443.50",
="077074","智易凱基49購03","0","0","0","--","--","--","--"," ","0.00","--","0","0.10","10","223.00",
="077075","貿聯凱基49購05","0","0","0","--","--","--","--"," ","0.00","9.85","100","10.70","10","1,085.00",
="077076","智伸科凱基4A購01","10,000","1","15,400","1.54","1.54","1.54","1.54","-","0.32","1.18","10","1.21","10","139.50",
="077077","全訊凱基49購01","0","0","0","--","--","--","--"," ","0.00","0.04","10","0.14","10","140.00",
="077078","亞翔凱基49購07","0","0","0","--","--","--","--"," ","0.00","6.10","10","--","0","358.50",
="077079","志強凱基49購03","0","0","0","--","--","--","--"," ","0.00","--","0","0.02","10","104.50",
="077080","AES凱基4C購01","0","0","0","--","--","--","--"," ","0.00","0.65","100","0.66","10","1,195.00",
="077081","昇陽半凱基4C購02","80,000","7","155,970","2.04","2.07","1.92","1.93","-","0.11","1.89","110","1.92","10","179.50",
="077082","南電凱基49購03","0","0","0","--","--","--","--"," ","0.00","9.80","100","--","0","234.50",
="077083","長華凱基49購02","0","0","0","--","--","--","--"," ","0.00","--","0","0.10","10","40.60",
="077084","臺股指凱基49購41","0","0","0","--","--","--","--"," ","0.00","--","0","1.00","1","0.00",
="077085","臺股指凱基56購04","579,000","8","3,647,450","6.25","6.60","6.15","6.60","+","0.65","6.55","100","6.60","8","0.00",
="077086","台灣50富邦49購10","0","0","0","--","--","--","--"," ","0.00","10.60","100","11.00","10","0.00",
="077087","台灣50富邦4C購03","8,000","3","91,600","11.40","11.60","11.40","11.60","+","1.75","11.70","100","11.80","18","0.00",
="077088","鴻海富邦49購06","60,000","3","232,730","3.81","3.88","3.81","3.88","X","0.00","3.92","30","3.98","10","0.00",
="077089","鴻海富邦4A購07","0","0","0","--","--","--","--"," ","0.00","3.65","30","3.72","10","0.00",
="07708P","台灣50富邦4C售02","0","0","0","--","--","--","--"," ","0.00","0.06","100","0.07","98","0.00",
="077090","旺宏富邦49購01","29,000","3","13,120","0.38","0.49","0.38","0.49","+","0.14","0.42","30","0.43","10","0.00",
="077091","新日興富邦4A購02","55,000","6","18,650","0.34","0.34","0.33","0.33","-","0.02","0.28","10","0.29","10","0.00",
="077092","嘉澤富邦4C購01","783,000","14","519,240","0.67","0.68","0.62","0.62","-","0.08","0.63","10","0.64","10","0.00",
="077093","穎崴富邦4A購02","1,000","1","3,070","3.07","3.07","3.07","3.07","+","0.15","2.92","10","3.02","10","0.00",
="077094","緯穎富邦4C購01","10,000","1","33,800","3.38","3.38","3.38","3.38","X","0.00","3.30","30","3.35","10","0.00",
="077095","世紀鋼富邦4C購01","0","0","0","--","--","--","--"," ","0.00","0.37","30","0.38","28","0.00",
="077096","T50正2元大49購08","0","0","0","--","--","--","--"," ","0.00","3.33","499","3.43","10","302.45",
="077097","T50正2元大49購09","0","0","0","--","--","--","--"," ","0.00","4.03","499","--","0","302.45",
="077098","FANG+元大4A購02","0","0","0","--","--","--","--"," ","0.00","2.36","499","2.46","10","118.00",
="077099","FANG+元大4C購02","0","0","0","--","--","--","--"," ","0.00","1.39","101","1.41","100","118.00",
="07709P","宇隆國票4A售02","1,000","1","130","0.13","0.13","0.13","0.13","X","0.00","0.13","25","0.14","10","0.00",
="077100","華城元大49購29","0","0","0","--","--","--","--"," ","0.00","1.59","450","1.69","10","586.00",
="077101","華城元大53購01","14,000","1","15,120","1.08","1.08","1.08","1.08","-","0.02","1.07","499","1.08","10","586.00",
="077102","大亞元大49購06","0","0","0","--","--","--","--"," ","0.00","--","0","0.04","6","39.85",
="077103","大亞元大49購07","0","0","0","--","--","--","--"," ","0.00","--","0","0.10","10","39.85",
="077104","大亞元大49購08","0","0","0","--","--","--","--"," ","0.00","--","0","0.10","10","39.85",
="077105","台玻元大49購07","0","0","0","--","--","--","--"," ","0.00","2.87","250","--","0","25.95",
="077106","大成鋼元大4C購05","0","0","0","--","--","--","--"," ","0.00","0.11","499","0.12","10","37.90",
="077107","鴻海元大4A購07","0","0","0","--","--","--","--"," ","0.00","2.49","10","2.55","10","221.00",
="077108","鴻海元大4A購08","0","0","0","--","--","--","--"," ","0.00","2.53","300","--","0","221.00",
="077109","台積電元大49購50","0","0","0","--","--","--","--"," ","0.00","--","0","--","0","1,340.00",
="07710P","廣宇國票4A售02","0","0","0","--","--","--","--"," ","0.00","0.03","25","0.05","10","0.00",
="077110","台積電元大49購51","20,000","1","108,000","5.40","5.40","5.40","5.40","+","0.53","--","0","--","0","1,340.00",
="077111","台積電元大4C購11","65,000","5","299,650","4.55","4.68","4.55","4.68","+","0.45","2.36","8","--","0","1,340.00",
="077112","旺宏元大49購08","0","0","0","--","--","--","--"," ","0.00","0.02","554","0.12","10","26.75",
="077113","旺宏元大4C購01","1,741,000","46","1,495,910","0.86","0.94","0.78","0.88","+","0.13","0.84","25","0.85","10","26.75",
="077114","旺宏元大52購01","782,000","49","970,060","1.18","1.34","1.12","1.17","+","0.13","1.15","25","1.16","10","26.75",
="077115","華邦電元大4C購01","0","0","0","--","--","--","--"," ","0.00","4.65","200","--","0","36.45",
="077116","智邦元大49購16","0","0","0","--","--","--","--"," ","0.00","--","0","--","0","1,005.00",
="077117","華碩元大49購08","0","0","0","--","--","--","--"," ","0.00","0.04","499","0.14","10","684.00",
="077118","華碩元大49購09","0","0","0","--","--","--","--"," ","0.00","1.53","499","1.63","10","684.00",
="077119","所羅門元大49購08","0","0","0","--","--","--","--"," ","0.00","--","0","0.10","10","144.50",
="077120","台光電元大4C購03","0","0","0","--","--","--","--"," ","0.00","9.85","100","--","0","1,345.00",
="077121","南亞科元大4A購04","0","0","0","--","--","--","--"," ","0.00","8.05","25","--","0","81.00",
="077122","建準元大49購07","0","0","0","--","--","--","--"," ","0.00","1.33","499","1.43","10","129.00",
="077123","京元電元大49購02","0","0","0","--","--","--","--"," ","0.00","4.42","150","--","0","167.00",
="077124","聯發科元大4C購06","261,000","7","118,170","0.49","0.49","0.43","0.43","-","0.08","0.42","25","0.43","10","1,375.00",
="077125","義隆元大49購02","0","0","0","--","--","--","--"," ","0.00","--","0","0.10","10","132.50",
="077126","一詮元大49購14","0","0","0","--","--","--","--"," ","0.00","--","0","0.10","10","82.30",
="077127","長榮元大4A購03","0","0","0","--","--","--","--"," ","0.00","--","0","0.10","10","182.00",
="077128","萬海元大49購08","0","0","0","--","--","--","--"," ","0.00","--","0","0.10","10","77.90",
="077129","亞航元大49購02","0","0","0","--","--","--","--"," ","0.00","--","0","2.56","10","55.20",
="077130","漢翔元大4C購04","4,000","2","8,830","2.35","2.35","2.16","2.16","-","0.30","2.10","300","2.16","10","62.60",
="077131","漢翔元大53購02","94,000","2","227,800","2.50","2.50","2.42","2.42","X","0.00","2.42","250","--","0","62.60",
="077132","晟銘電元大49購01","0","0","0","--","--","--","--"," ","0.00","--","0","0.10","10","121.00",
="077133","晟銘電元大49購02","0","0","0","--","--","--","--"," ","0.00","0.07","499","0.17","10","121.00",
="077134","晟銘電元大4C購01","0","0","0","--","--","--","--"," ","0.00","0.20","499","0.21","10","121.00",
="077135","奇鋐元大49購13","0","0","0","--","--","--","--"," ","0.00","7.10","100","--","0","1,015.00",
="077136","奇鋐元大4C購02","0","0","0","--","--","--","--"," ","0.00","6.90","100","--","0","1,015.00",
="077137","威健元大49購01","0","0","0","--","--","--","--"," ","0.00","--","0","0.10","10","28.25",
="077138","智原元大4A購04","0","0","0","--","--","--","--"," ","0.00","--","0","0.10","10","174.00",
="077139","智易元大49購03","0","0","0","--","--","--","--"," ","0.00","0.01","499","0.11","10","223.00",
="07713P","臺股指永豐4A售01","0","0","0","--","--","--","--"," ","0.00","--","0","0.03","10","0.00",
="077140","智易元大49購04","0","0","0","--","--","--","--"," ","0.00","--","0","0.10","10","223.00",
="077141","智易元大49購05","0","0","0","--","--","--","--"," ","0.00","--","0","0.10","10","223.00",
="077142","健策元大49購03","0","0","0","--","--","--","--"," ","0.00","6.05","150","--","0","2,355.00",
="077143","材料元大49購12","0","0","0","--","--","--","--"," ","0.00","--","0","0.10","10","66.40",
="077144","jpp元大49購02","0","0","0","--","--","--","--"," ","0.00","4.89","25","--","0","286.50",
="077145","亞翔元大4A購01","0","0","0","--","--","--","--"," ","0.00","4.01","200","--","0","358.50",
="077146","力成元大49購09","0","0","0","--","--","--","--"," ","0.00","0.61","499","0.71","10","150.50",
="077147","保瑞元大49購02","0","0","0","--","--","--","--"," ","0.00","0.75","499","0.85","10","693.00",
="077148","保瑞元大4C購01","0","0","0","--","--","--","--"," ","0.00","1.36","25","1.39","10","693.00",
="077149","緯穎元大49購20","0","0","0","--","--","--","--"," ","0.00","4.85","150","--","0","3,140.00",
="07714P","臺股指永豐4A售02","0","0","0","--","--","--","--"," ","0.00","0.03","499","0.04","10","0.00",
="077150","緯穎元大49購21","0","0","0","--","--","--","--"," ","0.00","5.35","150","--","0","3,140.00",
="077151","緯穎元大4A購07","0","0","0","--","--","--","--"," ","0.00","3.19","250","--","0","3,140.00",
="077152","昇陽半元大4C購01","454,000","23","468,740","1.06","1.11","0.93","0.93","-","0.05","0.93","4","0.94","10","179.50",
="077153","電子類元大49購01","0","0","0","--","--","--","--"," ","0.00","7.35","499","--","0","0.00",
="077154","大成鋼富邦51購01","0","0","0","--","--","--","--"," ","0.00","0.10","10","0.11","10","0.00",
="077155","台積電富邦4B購10","0","0","0","--","--","--","--"," ","0.00","3.25","30","3.33","10","0.00",
="077156","神基富邦4A購02","20,000","2","49,500","2.50","2.50","2.45","2.45","+","0.12","2.50","30","2.57","10","0.00",
="077157","欣興富邦4B購02","0","0","0","--","--","--","--"," ","0.00","3.35","30","3.42","10","0.00",
="077158","創意富邦4A購05","0","0","0","--","--","--","--"," ","0.00","0.71","30","0.75","10","0.00",
="077159","智易中信4A購01","0","0","0","--","--","--","--"," ","0.00","--","0","--","0","0.00",
="077160","日本反永豐51購01","0","0","0","--","--","--","--"," ","0.00","0.10","10","0.11","10","5.00",
="077161","名軒永豐4A購01","0","0","0","--","--","--","--"," ","0.00","--","0","0.10","10","44.60",
="077162","聯強永豐4C購01","63,000","3","12,700","0.20","0.21","0.20","0.20","-","0.01","0.19","10","0.20","10","62.20",
="077163","藍天永豐4B購01","0","0","0","--","--","--","--"," ","0.00","0.29","10","0.30","10","41.45",
="077164","建漢永豐4B購01","9,000","1","3,510","0.39","0.39","0.39","0.39","X","0.00","0.34","10","0.35","10","24.10",
="077165","世芯永豐4A購07","0","0","0","--","--","--","--"," ","0.00","2.81","499","2.91","10","3,700.00",
="077166","康舒永豐4B購01","309,000","12","257,960","0.85","0.85","0.79","0.79","+","0.03","0.78","20","0.80","10","30.10",
="077167","雲豹永豐51購01","0","0","0","--","--","--","--"," ","0.00","0.16","10","0.17","10","119.00",
="077168","世紀鋼永豐51購01","20,000","1","15,000","0.75","0.75","0.75","0.75","+","0.05","0.66","10","0.67","10","171.50",
="077169","台積電台新4A購02","0","0","0","--","--","--","--"," ","0.00","5.65","20","--","0","0.00",
="077170","大同台新4A購01","0","0","0","--","--","--","--"," ","0.00","--","0","--","0","0.00",
="077171","英業達統一54購01","240,000","12","163,270","0.68","0.69","0.67","0.67","+","0.02","0.67","10","0.68","10","45.00",
="077172","欣興統一54購01","0","0","0","--","--","--","--"," ","0.00","2.08","10","2.09","10","159.00",
="077173","辛耘統一54購01","102,000","4","121,660","1.18","1.25","1.18","1.21","+","0.07","1.17","20","1.18","10","388.00",
="077174","智易統一54購01","0","0","0","--","--","--","--"," ","0.00","0.60","10","0.61","10","223.00",
="077175","穎崴統一54購01","0","0","0","--","--","--","--"," ","0.00","2.04","10","2.05","10","2,015.00",
="077176","台灣50元富54購01","0","0","0","--","--","--","--"," ","0.00","13.30","25","13.40","25","58.45",
="077177","T50正2元富54購01","7,000","3","28,460","3.97","4.19","3.97","4.19","+","0.40","4.13","25","4.14","25","302.45",
="077178","元日2X元富54購01","0","0","0","--","--","--","--"," ","0.00","0.34","25","0.35","25","5.87",
="077179","道瓊銀元富4A購01","0","0","0","--","--","--","--"," ","0.00","1.00","25","1.10","10","36.75",
="077180","美時元富4A購01","0","0","0","--","--","--","--"," ","0.00","--","0","0.10","25","192.00",
="077181","台積電元富4A購20","0","0","0","--","--","--","--"," ","0.00","--","0","--","0","1,340.00",
="077182","台積電元富4A購21","0","0","0","--","--","--","--"," ","0.00","--","0","--","0","1,340.00",
="077183","台積電元富4A購22","0","0","0","--","--","--","--"," ","0.00","--","0","--","0","1,340.00",
="077184","大立光元富54購01","50,000","3","73,800","1.48","1.48","1.46","1.48","-","0.07","1.46","25","1.49","25","2,360.00",
="077185","欣興元富4A購03","0","0","0","--","--","--","--"," ","0.00","4.98","25","5.10","25","159.00",
="077186","景碩元富4A購01","50,000","2","168,600","3.26","3.54","3.26","3.54","+","0.33","2.71","25","2.81","10","111.50",
="077187","智易元富4A購01","0","0","0","--","--","--","--"," ","0.00","0.18","25","0.19","25","223.00",
="077188","材料元富4A購06","0","0","0","--","--","--","--"," ","0.00","--","0","0.10","25","66.40",
="077189","迎廣元富4A購02","0","0","0","--","--","--","--"," ","0.00","0.15","25","0.16","25","85.80",
="077190","矽力元富4A購02","0","0","0","--","--","--","--"," ","0.00","--","0","0.10","25","273.00",
="077191","保瑞元富4A購02","0","0","0","--","--","--","--"," ","0.00","1.73","25","1.83","10","693.00",
="077192","緯穎元富4B購03","0","0","0","--","--","--","--"," ","0.00","4.03","25","4.10","25","3,140.00",
="077193","鴻海國泰51購02","0","0","0","--","--","--","--"," ","0.00","8.50","499","9.00","10","221.00",
="077194","慧洋國泰4B購01","0","0","0","--","--","--","--"," ","0.00","0.30","499","0.32","15","58.40",
="077195","精銳國泰4B購01","0","0","0","--","--","--","--"," ","0.00","0.12","499","0.13","15","695.00",
="077196","台灣50國票4C購02","0","0","0","--","--","--","--"," ","0.00","10.20","25","10.40","10","58.45",
="077197","T50正2國票4C購02","0","0","0","--","--","--","--"," ","0.00","2.03","4","--","0","302.45",
="077198","直得國票4B購01","0","0","0","--","--","--","--"," ","0.00","0.09","25","0.10","10","81.30",
="077199","鴻海國票54購01","33,000","25","267,400","8.05","8.15","7.95","8.10","+","0.90","8.05","25","8.10","10","221.00",
="077200","台積電國票4A購14","0","0","0","--","--","--","--"," ","0.00","--","0","--","0","1,340.00",
="077201","台積電國票4B購05","0","0","0","--","--","--","--"," ","0.00","7.30","25","--","0","1,340.00",
="077202","台積電國票4C購07","0","0","0","--","--","--","--"," ","0.00","6.70","25","7.15","10","1,340.00",
="077203","台積電國票52購01","0","0","0","--","--","--","--"," ","0.00","6.85","25","7.00","10","1,340.00",
="077204","台積電國票54購03","0","0","0","--","--","--","--"," ","0.00","6.75","25","6.90","10","1,340.00",
="077205","台積電國票57購02","18,000","17","154,750","8.45","8.85","8.40","8.85","+","0.95","8.95","25","9.00","10","1,340.00",
="077206","順德國票4B購02","0","0","0","--","--","--","--"," ","0.00","0.23","25","0.24","10","81.90",
="077207","漢唐國票4B購01","0","0","0","--","--","--","--"," ","0.00","48.40","25","49.40","10","987.00",
="077208","偉詮電國票4B購01","522,000","16","334,090","0.58","0.67","0.53","0.63","+","0.02","0.61","25","--","0","56.00",
="077209","凱基金國票4B購01","0","0","0","--","--","--","--"," ","0.00","0.13","25","0.14","10","15.00",
="077210","健和興國票4B購01","0","0","0","--","--","--","--"," ","0.00","0.01","125","0.02","10","53.70",
="077211","欣興國票4B購02","0","0","0","--","--","--","--"," ","0.00","17.80","25","18.30","10","159.00",
="077212","新唐國票4B購01","0","0","0","--","--","--","--"," ","0.00","0.01","75","0.10","5","64.60",
="077214","崇越國票4C購01","17,000","6","39,640","2.29","3.00","2.29","3.00","-","0.05","--","0","2.29","35","302.50",
="077215","崇越國票54購01","82,000","8","132,320","1.57","1.65","1.57","1.63","X","0.00","1.63","25","1.65","10","302.50",
="077216","聯茂國票4B購01","0","0","0","--","--","--","--"," ","0.00","13.60","25","14.10","10","111.50",
="077217","達發國票4C購02","698,000","7","464,090","0.71","0.71","0.66","0.67","-","0.03","0.66","26","0.76","40","537.00",
="077218","惠特國票4B購01","0","0","0","--","--","--","--"," ","0.00","0.03","25","0.13","10","79.70",
="077219","AES國票4A購03","0","0","0","--","--","--","--"," ","0.00","2.72","25","2.82","10","1,195.00",
="077220","臺股指國票4A購04","0","0","0","--","--","--","--"," ","0.00","7.80","499","8.30","10","0.00",
="077221","台灣50凱基4A購10","0","0","0","--","--","--","--"," ","0.00","12.90","100","--","0","58.45",
="077222","FANG+凱基4B購02","0","0","0","--","--","--","--"," ","0.00","2.04","10","2.05","50","118.00",
="077223","東元凱基4C購01","0","0","0","--","--","--","--"," ","0.00","13.00","501","--","0","94.00",
="077224","華新凱基4B購01","1,138,000","26","368,740","0.39","0.39","0.27","0.31","-","0.09","0.29","100","0.31","10","24.05",
="077225","鴻海凱基4A購09","0","0","0","--","--","--","--"," ","0.00","6.90","15","--","0","221.00",
="077226","鴻海凱基64購01","11,000","2","123,300","11.30","11.30","11.20","11.20","X","0.00","11.20","100","11.30","100","221.00",
="077227","台積電凱基4A購38","0","0","0","--","--","--","--"," ","0.00","13.70","10","14.70","10","1,340.00",
="077228","台積電凱基4A購39","0","0","0","--","--","--","--"," ","0.00","4.29","24","4.39","10","1,340.00",
="077229","華邦電凱基4B購03","0","0","0","--","--","--","--"," ","0.00","13.00","20","14.00","10","36.45",
="07722P","滬深2X元大4C售04","0","0","0","--","--","--","--"," ","0.00","0.07","250","0.08","250","0.00",
="077230","華碩凱基4A購03","0","0","0","--","--","--","--"," ","0.00","1.85","10","1.95","10","684.00",
="077231","群光凱基4A購01","0","0","0","--","--","--","--"," ","0.00","--","0","0.10","10","140.00",
="077233","漢唐凱基4A購01","0","0","0","--","--","--","--"," ","0.00","31.90","10","--","0","987.00",
="077234","南亞科凱基4A購06","0","0","0","--","--","--","--"," ","0.00","12.30","10","--","0","81.00",
="077235","全新凱基4A購01","0","0","0","--","--","--","--"," ","0.00","0.94","100","--","0","160.00",
="077236","飛宏凱基51購01","41,000","6","14,040","0.35","0.35","0.33","0.35","-","0.02","0.33","20","0.35","30","24.95",
="077237","義隆凱基4A購01","0","0","0","--","--","--","--"," ","0.00","--","0","--","0","132.50",
="077239","漢翔凱基51購01","0","0","0","--","--","--","--"," ","0.00","2.43","100","--","0","62.60",
="077240","信邦凱基4A購03","0","0","0","--","--","--","--"," ","0.00","--","0","0.10","10","236.50",
="077245","威健凱基4A購01","0","0","0","--","--","--","--"," ","0.00","--","0","0.10","10","28.25",
="077246","新日興凱基4A購02","0","0","0","--","--","--","--"," ","0.00","0.32","10","0.42","10","237.00",
="077247","精銳凱基4A購02","0","0","0","--","--","--","--"," ","0.00","--","0","--","0","695.00",
="077248","達發凱基51購01","22,000","2","10,780","0.49","0.49","0.49","0.49","-","0.02","0.48","10","0.50","10","537.00",
="077249","緯穎凱基4B購04","0","0","0","--","--","--","--"," ","0.00","5.80","100","6.30","10","3,140.00",
="077250","龍德船凱基4B購01","0","0","0","--","--","--","--"," ","0.00","1.33","100","1.38","10","151.50",
="077251","昇陽半凱基4C購03","94,000","8","234,990","2.37","2.60","2.32","2.53","+","0.18","2.14","100","2.17","10","179.50",
="077252","臺股指凱基4A購20","0","0","0","--","--","--","--"," ","0.00","7.45","100","--","0","0.00",
="077253","國企2X元大4C購03","0","0","0","--","--","--","--"," ","0.00","0.62","100","0.63","50","11.65",
="077254","華城元大4B購01","0","0","0","--","--","--","--"," ","0.00","1.41","499","1.43","10","586.00",
="077255","喬山元大4A購01","0","0","0","--","--","--","--"," ","0.00","--","0","0.10","10","167.00",
="077256","台玻元大4A購02","0","0","0","--","--","--","--"," ","0.00","2.45","250","2.55","10","25.95",
="077257","大成鋼元大4B購06","0","0","0","--","--","--","--"," ","0.00","0.04","499","0.14","10","37.90",
="077258","鴻海元大4B購04","0","0","0","--","--","--","--"," ","0.00","3.70","200","--","0","221.00",
="077259","鴻海元大51購07","0","0","0","--","--","--","--"," ","0.00","3.13","250","3.18","10","221.00",
="077260","鴻海元大52購01","0","0","0","--","--","--","--"," ","0.00","4.34","200","4.41","10","221.00",
="077261","台積電元大4A購08","189,000","3","601,460","2.52","3.24","2.52","3.14","+","0.97","--","0","--","0","1,340.00",
="077262","台積電元大4A購09","0","0","0","--","--","--","--"," ","0.00","--","0","--","0","1,340.00",
="077263","台積電元大4A購10","0","0","0","--","--","--","--"," ","0.00","--","0","--","0","1,340.00",
="077264","台積電元大4A購11","0","0","0","--","--","--","--"," ","0.00","--","0","--","0","1,340.00",
="077265","台積電元大4A購12","0","0","0","--","--","--","--"," ","0.00","--","0","--","0","1,340.00",
="077266","台積電元大54購02","30,000","1","112,200","3.74","3.74","3.74","3.74","X","0.00","0.33","3","--","0","1,340.00",
="077267","旺宏元大4C購02","109,000","8","150,570","1.24","1.41","1.24","1.41","+","0.25","1.29","25","1.31","10","26.75",
="077268","旺宏元大51購01","456,000","18","554,640","1.20","1.31","1.12","1.22","+","0.15","1.19","25","1.21","10","26.75",
="077269","智邦元大4A購06","0","0","0","--","--","--","--"," ","0.00","--","0","--","0","1,005.00",
="077270","所羅門元大4B購02","159,000","4","54,480","0.35","0.35","0.32","0.32","-","0.04","0.32","499","0.33","10","144.50",
="077271","台光電元大4B購01","0","0","0","--","--","--","--"," ","0.00","14.80","50","--","0","1,345.00",
="077272","威盛元大4B購02","0","0","0","--","--","--","--"," ","0.00","0.07","499","0.08","10","59.50",
="077273","建準元大4A購01","0","0","0","--","--","--","--"," ","0.00","1.91","350","2.01","10","129.00",
="077274","美律元大4A購01","0","0","0","--","--","--","--"," ","0.00","--","0","0.10","10","104.00",
="077275","京元電元大4A購03","0","0","0","--","--","--","--"," ","0.00","4.35","150","--","0","167.00",
="077276","長榮元大4C購05","0","0","0","--","--","--","--"," ","0.00","0.20","499","0.21","10","182.00",
="077277","長榮元大51購07","0","0","0","--","--","--","--"," ","0.00","0.27","499","0.28","10","182.00",
="077278","亞航元大4A購01","0","0","0","--","--","--","--"," ","0.00","--","0","1.90","10","55.20",
="077279","漢翔元大4A購02","10,000","2","12,200","1.27","1.27","1.17","1.17","-","0.44","1.06","499","1.13","10","62.60",
="07727P","鴻海兆豐53售02","0","0","0","--","--","--","--"," ","0.00","0.39","10","0.40","10","0.00",
="077280","漢翔元大4B購01","0","0","0","--","--","--","--"," ","0.00","1.95","350","2.01","10","62.60",
="077281","漢翔元大4C購05","0","0","0","--","--","--","--"," ","0.00","1.11","499","1.70","20","62.60",
="077282","奇鋐元大4B購04","0","0","0","--","--","--","--"," ","0.00","10.70","50","--","0","1,015.00",
="077283","信邦元大4A購01","0","0","0","--","--","--","--"," ","0.00","0.05","499","0.06","10","236.50",
="077284","智原元大4B購03","0","0","0","--","--","--","--"," ","0.00","--","0","0.10","10","174.00",
="077285","健鼎元大4A購01","20,000","2","78,000","3.90","3.90","3.90","3.90","+","0.11","3.77","200","3.87","10","309.50",
="077286","群創元大4B購02","0","0","0","--","--","--","--"," ","0.00","0.46","499","0.47","10","14.15",
="077287","智易元大4A購01","0","0","0","--","--","--","--"," ","0.00","--","0","0.10","10","223.00",
="077288","世芯元大4B購05","119,000","8","209,540","1.83","1.83","1.56","1.56","-","0.23","1.31","1","--","0","3,700.00",
="077289","材料元大4B購06","0","0","0","--","--","--","--"," ","0.00","--","0","0.10","10","66.40",
="07728P","南亞科元富4A售05","0","0","0","--","--","--","--"," ","0.00","--","0","--","0","0.00",
="077290","崇越元大4A購01","20,000","1","18,200","0.91","0.91","0.91","0.91","X","0.00","0.96","499","1.03","10","302.50",
="077291","迎廣元大4A購01","0","0","0","--","--","--","--"," ","0.00","--","0","0.10","10","85.80",
="077292","達麗元大4A購01","0","0","0","--","--","--","--"," ","0.00","0.48","499","0.52","10","50.10",
="077293","力成元大4A購01","0","0","0","--","--","--","--"," ","0.00","0.93","499","0.98","10","150.50",
="077294","同欣電元大4A購01","0","0","0","--","--","--","--"," ","0.00","0.32","499","0.36","10","120.50",
="077295","保瑞元大4A購01","68,000","1","36,040","0.53","0.53","0.53","0.53","X","0.00","0.48","25","0.52","10","693.00",
="077296","穎崴元大4A購01","0","0","0","--","--","--","--"," ","0.00","3.35","200","--","0","2,015.00",
="077297","穎崴元大4C購01","0","0","0","--","--","--","--"," ","0.00","3.14","250","--","0","2,015.00",
="077298","穎崴元大51購01","0","0","0","--","--","--","--"," ","0.00","2.99","250","3.15","2","2,015.00",
="077299","緯穎元大4A購09","0","0","0","--","--","--","--"," ","0.00","2.77","250","--","0","3,140.00",
="07729P","大成鋼國票4A售03","0","0","0","--","--","--","--"," ","0.00","1.12","25","1.16","10","0.00",
="077300","巨大元大4A購01","0","0","0","--","--","--","--"," ","0.00","--","0","0.10","10","101.00",
="077301","台灣50群益4A購03","0","0","0","--","--","--","--"," ","0.00","--","0","--","0","58.45",
="077302","台灣50群益4B購04","0","0","0","--","--","--","--"," ","0.00","20.30","199","21.30","10","58.45",
="077303","台灣50群益4B購05","0","0","0","--","--","--","--"," ","0.00","--","0","22.30","10","58.45",
="077304","FBNQ2X群益4A購03","0","0","0","--","--","--","--"," ","0.00","0.09","50","--","0","159.20",
="077305","東元群益4C購01","40,000","6","450,800","11.00","11.60","11.00","11.60","+","2.65","11.60","2","--","0","94.00",
="077306","華城群益4A購04","0","0","0","--","--","--","--"," ","0.00","--","0","--","0","586.00",
="077307","大亞群益4A購01","0","0","0","--","--","--","--"," ","0.00","--","0","--","0","39.85",
="077308","永光群益4B購01","0","0","0","--","--","--","--"," ","0.00","0.03","18","0.18","10","19.20",
="077309","潤隆群益4C購01","0","0","0","--","--","--","--"," ","0.00","0.35","25","0.36","10","30.85",
="07730P","台光電國票4A售04","0","0","0","--","--","--","--"," ","0.00","--","0","0.02","431","0.00",
="077310","潤隆群益4C購02","0","0","0","--","--","--","--"," ","0.00","0.09","25","0.10","10","30.85",
="077311","中華群益4C購02","0","0","0","--","--","--","--"," ","0.00","0.34","10","0.44","10","63.40",
="077312","鴻海群益4A購06","2,000","1","17,300","8.65","8.65","8.65","8.65","X","0.00","--","0","--","0","221.00",
="077313","台積電群益4A購32","0","0","0","--","--","--","--"," ","0.00","14.10","50","--","0","1,340.00",
="077314","台積電群益4A購33","0","0","0","--","--","--","--"," ","0.00","--","0","--","0","1,340.00",
="077315","敬鵬群益4A購01","1,000","1","510","0.51","0.51","0.51","0.51","-","0.21","0.01","4","0.61","10","36.55",
="077316","精元群益4A購02","0","0","0","--","--","--","--"," ","0.00","--","0","--","0","41.70",
="077317","仲琦群益4A購01","0","0","0","--","--","--","--"," ","0.00","--","0","0.11","10","24.35",
="077318","建準群益4C購01","0","0","0","--","--","--","--"," ","0.00","4.15","100","4.25","10","129.00",
="077319","怡利電群益4A購02","0","0","0","--","--","--","--"," ","0.00","--","0","0.11","10","48.60",
="07731P","皇昌國票4A售02","0","0","0","--","--","--","--"," ","0.00","0.29","25","0.30","10","0.00",
="077320","京城群益52購01","3,000","3","1,120","0.36","0.41","0.35","0.41","+","0.07","0.38","10","0.48","10","47.40",
="077321","興富發群益4B購01","0","0","0","--","--","--","--"," ","0.00","0.53","10","0.63","10","44.80",
="077322","興富發群益4C購01","199,000","1","69,650","0.35","0.35","0.35","0.35","X","0.00","0.34","10","0.44","10","44.80",
="077323","皇昌群益4A購05","0","0","0","--","--","--","--"," ","0.00","--","0","--","0","72.70",
="077324","華固群益4C購01","0","0","0","--","--","--","--"," ","0.00","0.15","10","0.25","10","96.60",
="077325","陽明群益4B購02","0","0","0","--","--","--","--"," ","0.00","0.07","25","0.08","10","55.20",
="077326","亞航群益4A購01","0","0","0","--","--","--","--"," ","0.00","--","0","4.40","10","55.20",
="077327","美食群益4A購02","0","0","0","--","--","--","--"," ","0.00","--","0","--","0","75.60",
="077329","國票金群益4B購01","0","0","0","--","--","--","--"," ","0.00","0.41","30","1.94","10","14.90",
="07732P","矽力國票4A售01","0","0","0","--","--","--","--"," ","0.00","2.75","25","2.85","10","0.00",
="077330","大立光群益4A購03","0","0","0","--","--","--","--"," ","0.00","0.49","499","0.59","10","2,360.00",
="077331","華立群益4C購01","70,000","3","31,900","0.49","0.49","0.45","0.45","-","0.02","0.44","25","0.45","10","98.80",
="077332","晟銘電群益4A購01","0","0","0","--","--","--","--"," ","0.00","0.42","25","0.43","10","121.00",
="077333","奇鋐群益4A購02","0","0","0","--","--","--","--"," ","0.00","--","0","--","0","1,015.00",
="077334","聯詠群益4A購02","0","0","0","--","--","--","--"," ","0.00","--","0","0.10","10","443.00",
="077335","智原群益4B購01","30,000","3","3,600","0.12","0.12","0.12","0.12","X","0.00","0.10","10","0.20","10","174.00",
="077336","智原群益4B購02","0","0","0","--","--","--","--"," ","0.00","0.02","10","0.12","10","174.00",
="077337","欣興群益4A購04","0","0","0","--","--","--","--"," ","0.00","--","0","--","0","159.00",
="077338","健鼎群益4C購01","0","0","0","--","--","--","--"," ","0.00","--","0","9.25","10","309.50",
="077339","新日興群益4A購02","0","0","0","--","--","--","--"," ","0.00","--","0","0.65","10","237.00",
="077340","玉晶光群益4B購01","37,000","2","58,930","1.60","1.60","1.57","1.57","-","0.17","0.34","29","--","0","443.50",
="077341","揚明光群益4A購01","0","0","0","--","--","--","--"," ","0.00","0.01","20","--","0","62.10",
="077342","嘉澤群益4B購02","151,000","2","106,720","0.72","0.72","0.70","0.70","-","0.04","0.24","208","--","0","1,605.00",
="077343","洋華群益4C購01","0","0","0","--","--","--","--"," ","0.00","0.28","25","0.29","10","52.50",
="077344","貿聯群益4A購01","0","0","0","--","--","--","--"," ","0.00","--","0","--","0","1,085.00",
="077345","上緯控群益4A購01","0","0","0","--","--","--","--"," ","0.00","5.00","10","--","0","114.50",
="077346","定穎控群益4A購01","0","0","0","--","--","--","--"," ","0.00","--","0","--","0","90.10",
="077347","智伸科群益4C購01","0","0","0","--","--","--","--"," ","0.00","1.07","19","--","0","139.50",
="077348","精銳群益4A購04","0","0","0","--","--","--","--"," ","0.00","--","0","--","0","695.00",
="077349","南寶群益4C購01","72,000","4","126,840","1.77","1.77","1.73","1.73","-","0.07","1.20","15","1.87","10","416.50",
="077350","遠傳群益4B購01","0","0","0","--","--","--","--"," ","0.00","--","0","0.12","10","85.90",
="077351","天鈺群益4A購01","0","0","0","--","--","--","--"," ","0.00","--","0","--","0","173.50",
="077352","天鈺群益4B購01","0","0","0","--","--","--","--"," ","0.00","--","0","0.14","10","173.50",
="077353","崇越群益4C購01","168,000","11","268,020","1.54","1.69","1.54","1.66","+","0.17","1.64","100","1.66","90","302.50",
="077354","遠雄群益4C購01","0","0","0","--","--","--","--"," ","0.00","0.01","539","--","0","63.20",
="077355","迎廣群益4A購03","0","0","0","--","--","--","--"," ","0.00","--","0","1.56","15","85.80",
="077356","瑞儀群益4A購01","0","0","0","--","--","--","--"," ","0.00","--","0","--","0","142.00",
="077357","瑞儀群益4B購01","0","0","0","--","--","--","--"," ","0.00","0.02","499","0.12","10","142.00",
="077358","元晶群益4A購02","0","0","0","--","--","--","--"," ","0.00","--","0","--","0","15.30",
="077359","達發群益54購01","3,000","1","2,280","0.76","0.76","0.76","0.76"," ","0.00","0.74","10","0.84","10","537.00",
="077360","帝寶群益4C購01","0","0","0","--","--","--","--"," ","0.00","0.03","25","0.04","10","134.00",
="077361","力智群益4A購01","0","0","0","--","--","--","--"," ","0.00","--","0","1.00","10","214.00",
="077362","AES群益4A購02","0","0","0","--","--","--","--"," ","0.00","--","0","--","0","1,195.00",
="077363","昇陽半群益4A購02","3,000","1","14,580","4.86","4.86","4.86","4.86","+","0.40","--","0","--","0","179.50",
="077364","臺股指群益4A購21","0","0","0","--","--","--","--"," ","0.00","6.80","499","6.85","499","0.00",
="077365","臺股指群益54購06","0","0","0","--","--","--","--"," ","0.00","12.10","499","12.20","499","0.00",
="077366","臺股指群益54購07","0","0","0","--","--","--","--"," ","0.00","4.58","499","4.59","499","0.00",
="077367","鴻海富邦4A購08","0","0","0","--","--","--","--"," ","0.00","4.14","30","4.21","10","0.00",
="077368","台積電富邦4A購07","0","0","0","--","--","--","--"," ","0.00","3.39","30","3.47","10","0.00",
="077369","台積電富邦4B購11","0","0","0","--","--","--","--"," ","0.00","3.55","30","3.63","10","0.00",
="07736P","南亞科統一51售06","254,000","14","10,220","0.04","0.05","0.04","0.04","-","0.01","0.04","463","0.05","932","0.00",
="077370","漢翔富邦4B購01","0","0","0","--","--","--","--"," ","0.00","1.65","30","1.75","10","0.00",
="077371","國泰金富邦4A購01","110,000","10","115,200","1.02","1.06","1.02","1.06","+","0.02","1.05","30","1.07","10","0.00",
="077372","創意富邦4A購06","0","0","0","--","--","--","--"," ","0.00","1.41","30","1.47","10","0.00",
="077373","創意富邦4B購01","0","0","0","--","--","--","--"," ","0.00","1.74","30","1.80","10","0.00",
="077374","滬深2X中信4A購02","0","0","0","--","--","--","--"," ","0.00","0.58","499","0.59","100","0.00",
="077375","大亞中信4B購01","16,000","4","5,580","0.35","0.36","0.33","0.33","-","0.04","0.33","10","0.34","10","0.00",
="077376","國泰金中信4A購01","0","0","0","--","--","--","--"," ","0.00","--","0","--","0","0.00",
="077377","創意中信4B購01","110,000","12","149,900","1.30","1.39","1.30","1.35","+","0.06","1.33","10","1.35","10","0.00",
="077378","保瑞中信4A購01","10,000","1","8,000","0.80","0.80","0.80","0.80","+","0.04","0.76","499","0.78","10","0.00",
="077379","晶心科中信4A購01","300,000","1","24,000","0.08","0.08","0.08","0.08","X","0.00","0.06","10","0.16","10","0.00",
="077380","台灣50永豐51購02","0","0","0","--","--","--","--"," ","0.00","61.00","499","63.00","10","58.45",
="077381","永光永豐4B購01","182,000","5","64,520","0.42","0.42","0.35","0.35","-","0.15","0.34","10","0.38","10","19.20",
="077382","鴻海永豐4A購08","0","0","0","--","--","--","--"," ","0.00","5.75","499","--","0","221.00",
="077383","台積電永豐57購01","0","0","0","--","--","--","--"," ","0.00","4.39","10","--","0","1,340.00",
="077384","台驊控永豐4B購01","0","0","0","--","--","--","--"," ","0.00","0.41","499","0.42","10","70.30",
="077385","潤泰全永豐4B購01","0","0","0","--","--","--","--"," ","0.00","0.04","10","0.05","10","52.30",
="077386","大立光永豐4A購01","0","0","0","--","--","--","--"," ","0.00","0.16","499","0.26","10","2,360.00",
="077387","晟銘電永豐4B購01","0","0","0","--","--","--","--"," ","0.00","0.96","10","0.98","10","121.00",
="077388","奇鋐永豐4A購05","0","0","0","--","--","--","--"," ","0.00","18.00","499","18.60","10","1,015.00",
="077389","欣興永豐4A購01","1,000","1","7,350","7.35","7.35","7.35","7.35","X","0.00","7.30","499","--","0","159.00",
="077390","明泰永豐4B購01","255,000","9","122,490","0.48","0.51","0.48","0.51","+","0.34","0.51","8","--","0","32.20",
="077391","乙盛永豐4B購01","0","0","0","--","--","--","--"," ","0.00","4.34","499","4.44","10","73.80",
="077392","遠雄永豐51購01","0","0","0","--","--","--","--"," ","0.00","0.36","499","0.37","10","63.20",
="077393","晶碩永豐4C購01","0","0","0","--","--","--","--"," ","0.00","0.29","10","0.30","10","316.00",
="077394","緯穎永豐4A購01","0","0","0","--","--","--","--"," ","0.00","5.75","499","--","0","3,140.00",
="077395","緯穎永豐4A購02","0","0","0","--","--","--","--"," ","0.00","5.95","499","--","0","3,140.00",
="077396","達方永豐4B購01","0","0","0","--","--","--","--"," ","0.00","0.12","10","0.13","10","36.95",
="077397","臺股指永豐53購02","7,000","4","33,470","4.77","4.87","4.73","4.87","+","0.41","4.90","499","4.91","10","0.00",
="077398","喬山統一54購01","0","0","0","--","--","--","--"," ","0.00","0.21","10","0.22","10","167.00",
="077399","旺宏統一54購01","40,000","4","57,200","1.47","1.47","1.39","1.43","+","0.08","1.39","10","1.40","10","26.75",
="07739P","T50正2永豐4B售01","0","0","0","--","--","--","--"," ","0.00","0.01","10","0.03","10","0.00",
="077400","藍天統一54購01","0","0","0","--","--","--","--"," ","0.00","0.36","10","0.37","10","41.45",
="077401","明泰統一54購01","180,000","18","179,330","0.91","1.04","0.91","1.00","+","0.29","1.00","40","--","0","32.20",
="077402","智伸科統一54購03","0","0","0","--","--","--","--"," ","0.00","1.21","10","1.24","10","139.50",
="077403","達麗統一54購01","6,000","1","5,100","0.85","0.85","0.85","0.85","-","0.02","0.85","10","0.87","10","50.10",
="077404","台灣50台新4A購02","0","0","0","--","--","--","--"," ","0.00","11.10","20","--","0","0.00",
="077405","台灣50台新4B購01","0","0","0","--","--","--","--"," ","0.00","33.50","10","--","0","0.00",
="077406","川湖台新4A購01","0","0","0","--","--","--","--"," ","0.00","5.80","10","--","0","0.00",
="077407","台達電台新4A購01","0","0","0","--","--","--","--"," ","0.00","26.00","20","--","0","0.00",
="077408","鴻海台新4A購01","0","0","0","--","--","--","--"," ","0.00","8.90","20","--","0","0.00",
="077409","鴻海台新4A購02","0","0","0","--","--","--","--"," ","0.00","34.30","10","--","0","0.00",
="07740P","臺股指永豐4C售01","0","0","0","--","--","--","--"," ","0.00","0.14","499","0.15","10","0.00",
="077410","台灣50凱基4A購11","0","0","0","--","--","--","--"," ","0.00","6.65","100","--","0","58.45",
="077411","台灣50凱基54購01","2,000","1","27,200","13.60","13.60","13.60","13.60","X","0.00","13.60","100","13.70","10","58.45",
="077412","直得凱基54購01","0","0","0","--","--","--","--"," ","0.00","0.60","10","0.61","10","81.30",
="077413","鴻海凱基64購02","0","0","0","--","--","--","--"," ","0.00","4.32","2","--","0","221.00",
="077414","台積電凱基64購02","0","0","0","--","--","--","--"," ","0.00","8.10","100","8.60","10","1,340.00",
="077415","台積電凱基64購03","5,000","2","42,900","8.50","8.60","8.50","8.60","+","0.70","8.80","15","9.00","10","1,340.00",
="077416","旺宏凱基4A購02","0","0","0","--","--","--","--"," ","0.00","0.21","1","0.30","10","26.75",
="077417","京元電凱基4A購02","0","0","0","--","--","--","--"," ","0.00","5.50","100","--","0","167.00",
="077418","一詮凱基51購02","0","0","0","--","--","--","--"," ","0.00","0.26","100","0.27","50","82.30",
="077419","京城凱基54購01","19,000","6","13,500","0.66","0.75","0.66","0.72","+","0.09","0.70","10","0.71","10","47.40",
="07741P","臺股指永豐4C售02","0","0","0","--","--","--","--"," ","0.00","0.09","10","0.10","10","0.00",
="077420","興富發凱基51購01","0","0","0","--","--","--","--"," ","0.00","0.41","10","0.43","30","44.80",
="077421","皇昌凱基4C購01","20,000","2","7,800","0.39","0.39","0.39","0.39"," ","0.00","0.39","10","0.40","30","72.70",
="077422","漢翔凱基4C購01","0","0","0","--","--","--","--"," ","0.00","2.88","100","--","0","62.60",
="077423","美食凱基4B購01","0","0","0","--","--","--","--"," ","0.00","0.07","10","0.09","10","75.60",
="077425","國票金凱基4C購01","25,000","1","36,750","1.47","1.47","1.47","1.47","+","0.01","1.47","10","1.50","10","14.90",
="077426","健和興凱基4C購01","156,000","8","134,680","0.94","0.94","0.82","0.82","-","0.12","0.84","10","0.94","10","53.70",
="077427","華立凱基51購01","0","0","0","--","--","--","--"," ","0.00","0.94","10","0.95","30","98.80",
="077428","威強電凱基4B購02","0","0","0","--","--","--","--"," ","0.00","--","0","0.10","10","67.20",
="077429","智易凱基4A購01","0","0","0","--","--","--","--"," ","0.00","0.11","10","0.21","10","223.00",
="077430","材料凱基51購04","0","0","0","--","--","--","--"," ","0.00","0.05","100","0.15","10","66.40",
="077431","遠傳凱基4C購01","0","0","0","--","--","--","--"," ","0.00","0.24","100","0.25","40","85.90",
="077432","崇越凱基54購01","99,000","7","180,400","1.77","1.87","1.73","1.85","+","0.17","1.84","10","1.87","10","302.50",
="077433","遠雄凱基51購01","235,000","1","77,550","0.33","0.33","0.33","0.33","X","0.00","0.34","10","0.44","10","63.20",
="077434","瑞儀凱基4C購01","0","0","0","--","--","--","--"," ","0.00","0.22","100","0.23","10","142.00",
="077435","訊芯凱基4B購01","0","0","0","--","--","--","--"," ","0.00","0.20","100","0.30","10","164.50",
="077436","帝寶凱基51購01","0","0","0","--","--","--","--"," ","0.00","0.20","10","0.21","30","134.00",
="077437","臺股指凱基4A購21","0","0","0","--","--","--","--"," ","0.00","6.00","100","--","0","0.00",
="077438","臺股指凱基54購03","0","0","0","--","--","--","--"," ","0.00","5.05","100","5.10","10","0.00",
="077439","台灣50群益4A購04","0","0","0","--","--","--","--"," ","0.00","--","0","--","0","58.45",
="077440","滬深2X群益4C購03","0","0","0","--","--","--","--"," ","0.00","0.11","4","--","0","19.04",
="077441","國企2X群益52購01","0","0","0","--","--","--","--"," ","0.00","1.17","10","1.27","10","11.65",
="077442","華城群益4A購05","0","0","0","--","--","--","--"," ","0.00","--","0","8.40","10","586.00",
="077443","大亞群益4A購02","0","0","0","--","--","--","--"," ","0.00","--","0","0.23","10","39.85",
="077444","喬山群益4A購01","0","0","0","--","--","--","--"," ","0.00","--","0","--","0","167.00",
="077445","正新群益51購01","0","0","0","--","--","--","--"," ","0.00","--","0","--","0","38.10",
="077446","鴻海群益4A購07","0","0","0","--","--","--","--"," ","0.00","--","0","--","0","221.00",
="077447","鴻海群益4A購08","0","0","0","--","--","--","--"," ","0.00","--","0","--","0","221.00",
="077448","台積電群益4A購34","0","0","0","--","--","--","--"," ","0.00","2.68","20","--","0","1,340.00",
="077449","台積電群益4A購35","0","0","0","--","--","--","--"," ","0.00","--","0","--","0","1,340.00",
="07744P","創意凱基4A售04","0","0","0","--","--","--","--"," ","0.00","0.06","10","0.08","10","0.00",
="077450","台積電群益4A購36","0","0","0","--","--","--","--"," ","0.00","--","0","--","0","1,340.00",
="077451","鴻準群益4A購03","30,000","3","59,200","1.95","2.00","1.95","2.00","+","0.10","0.83","12","1.95","20","70.70",
="077452","華碩群益4A購02","26,000","1","22,620","0.87","0.87","0.87","0.87","X","0.00","--","0","--","0","684.00",
="077453","金像電群益4A購01","0","0","0","--","--","--","--"," ","0.00","--","0","--","0","455.00",
="077454","台光電群益4A購01","0","0","0","--","--","--","--"," ","0.00","48.10","10","--","0","1,345.00",
="077455","群光群益4A購02","0","0","0","--","--","--","--"," ","0.00","--","0","0.12","10","140.00",
="077456","輔信群益4A購01","322,000","4","69,840","0.20","0.22","0.20","0.22","X","0.00","0.01","30","0.30","10","18.95",
="077457","南亞科群益4A購05","0","0","0","--","--","--","--"," ","0.00","--","0","--","0","81.00",
="077458","友達群益4B購02","0","0","0","--","--","--","--"," ","0.00","0.02","30","0.44","10","13.70",
="077459","聯發科群益4A購04","0","0","0","--","--","--","--"," ","0.00","--","0","--","0","1,375.00",
="077462","聯發科群益4A購05","73,000","3","73,300","1.08","1.08","1.00","1.07","-","0.16","0.73","5","--","0","1,375.00",
="077463","義隆群益4B購01","0","0","0","--","--","--","--"," ","0.00","0.38","5","0.49","10","132.50",
="077464","亞航群益4A購02","0","0","0","--","--","--","--"," ","0.00","--","0","3.67","10","55.20",
="077465","漢翔群益4A購04","0","0","0","--","--","--","--"," ","0.00","--","0","6.00","10","62.60",
="077466","奇鋐群益4A購03","0","0","0","--","--","--","--"," ","0.00","--","0","--","0","1,015.00",
="077467","威強電群益4A購02","0","0","0","--","--","--","--"," ","0.00","--","0","--","0","67.20",
="077468","群創群益4A購03","0","0","0","--","--","--","--"," ","0.00","--","0","0.12","10","14.15",
="077469","嘉澤群益4A購03","0","0","0","--","--","--","--"," ","0.00","--","0","1.09","10","1,605.00",
="077470","大聯大群益4B購01","31,000","1","24,490","0.79","0.79","0.79","0.79","-","0.01","0.79","25","0.81","10","66.10",
="077471","神達群益4A購01","0","0","0","--","--","--","--"," ","0.00","--","0","--","0","90.00",
="077472","精銳群益4A購05","0","0","0","--","--","--","--"," ","0.00","--","0","0.44","10","695.00",
="077474","達興群益4A購02","0","0","0","--","--","--","--"," ","0.00","--","0","--","0","399.00",
="077475","康舒群益4A購01","69,000","3","27,420","0.40","0.41","0.34","0.34"," ","0.00","0.32","10","0.42","10","30.10",
="077476","訊芯群益4B購03","236,000","7","111,370","0.49","0.50","0.46","0.46"," ","0.00","0.14","71","--","0","164.50",
="077477","穎崴群益4A購02","0","0","0","--","--","--","--"," ","0.00","9.90","10","--","0","2,015.00",
="077478","緯穎群益4A購06","0","0","0","--","--","--","--"," ","0.00","--","0","--","0","3,140.00",
="077479","惠特群益4C購01","572,000","72","435,300","0.67","0.82","0.67","0.71","+","0.04","0.71","5","0.73","10","79.70",
="077480","嘉基群益51購01","401,000","3","146,380","0.36","0.38","0.36","0.37","-","0.01","0.37","25","0.38","10","95.00",
="077481","昇陽半群益4A購03","30,000","3","135,400","4.10","4.76","4.10","4.76","+","0.71","0.58","27","3.74","10","179.50",
="077482","世紀鋼群益4A購02","0","0","0","--","--","--","--"," ","0.00","--","0","--","0","171.50",
="077483","臺股指群益4A購22","6,000","5","17,970","2.95","3.06","2.95","3.06","+","0.19","3.02","499","3.03","100","0.00",
="077484","臺股指群益4A購23","0","0","0","--","--","--","--"," ","0.00","2.76","499","2.77","100","0.00",
="077485","台灣50元富4A購03","0","0","0","--","--","--","--"," ","0.00","9.85","25","10.10","25","58.45",
="077486","台灣50元富4A購04","0","0","0","--","--","--","--"," ","0.00","12.10","25","12.40","25","58.45",
="077487","台灣50元富4A購05","0","0","0","--","--","--","--"," ","0.00","17.00","25","17.40","25","58.45",
="077488","滬深2X元富54購01","0","0","0","--","--","--","--"," ","0.00","0.32","3","3.66","3","19.04",
="077489","鴻海元富4A購06","0","0","0","--","--","--","--"," ","0.00","7.90","25","8.10","25","221.00",
="07748P","威強電群益51售02","0","0","0","--","--","--","--"," ","0.00","1.40","7","2.20","10","0.00",
="077490","鴻海元富4A購07","0","0","0","--","--","--","--"," ","0.00","11.00","25","11.30","25","221.00",
="077491","台積電元富4A購23","0","0","0","--","--","--","--"," ","0.00","--","0","--","0","1,340.00",
="077492","台積電元富54購01","0","0","0","--","--","--","--"," ","0.00","--","0","--","0","1,340.00",
="077493","台積電元富64購01","1,000","1","3,200","3.20","3.20","3.20","3.20","+","0.17","--","0","3.00","11","1,340.00",
="077494","旺宏元富4A購02","0","0","0","--","--","--","--"," ","0.00","3.38","25","3.48","10","26.75",
="077495","凱美元富4A購01","8,000","4","20,700","2.57","2.64","2.48","2.61","-","0.42","1.19","8","--","0","73.00",
="077496","凱美元富4A購02","1,267,000","19","1,069,230","0.79","0.94","0.70","0.94","-","0.21","0.84","499","3.36","1","73.00",
="077497","緯創元富4A購02","0","0","0","--","--","--","--"," ","0.00","2.72","25","2.82","10","122.50",
="077498","昇貿元富4A購02","0","0","0","--","--","--","--"," ","0.00","7.60","25","7.80","25","114.00",
="077499","昇貿元富4A購03","0","0","0","--","--","--","--"," ","0.00","7.75","25","--","0","114.00",
="077501","創意元富4A購01","0","0","0","--","--","--","--"," ","0.00","1.19","25","1.29","10","1,315.00",
="077502","創意元富54購01","19,000","5","192,400","10.20","10.20","10.10","10.10","X","0.00","10.00","1","10.10","25","1,315.00",
="077503","神達元富4A購01","0","0","0","--","--","--","--"," ","0.00","5.25","25","5.75","10","90.00",
="077504","保瑞元富4A購03","0","0","0","--","--","--","--"," ","0.00","2.89","25","2.99","10","693.00",
="077505","緯穎元富4A購04","0","0","0","--","--","--","--"," ","0.00","7.05","25","7.15","25","3,140.00",
="077506","AES元富4A購01","0","0","0","--","--","--","--"," ","0.00","4.62","25","4.72","25","1,195.00",
="077507","AES元富4A購02","0","0","0","--","--","--","--"," ","0.00","3.18","40","3.28","25","1,195.00",
="077508","上証2X國票4B購02","0","0","0","--","--","--","--"," ","0.00","2.85","25","2.89","10","47.20",
="077509","國企2X國票51購01","0","0","0","--","--","--","--"," ","0.00","0.72","25","0.73","10","11.65",
="077510","南僑國票51購01","20,000","1","12,000","0.60","0.60","0.60","0.60","-","0.03","0.60","25","0.61","10","40.30",
="077511","正新國票4C購01","0","0","0","--","--","--","--"," ","0.00","0.18","25","0.19","10","38.10",
="077512","正新國票52購01","141,000","2","18,330","0.13","0.13","0.13","0.13","-","0.02","0.12","26","0.13","10","38.10",
="077513","藍天國票51購01","1,000","1","1,210","1.21","1.21","1.21","1.21","X","0.00","1.23","25","1.26","10","41.45",
="077514","新巨國票51購01","0","0","0","--","--","--","--"," ","0.00","0.38","25","0.39","10","51.30",
="077515","興富發國票4C購01","161,000","14","162,550","0.99","1.02","0.99","1.00","-","0.04","1.00","21","1.01","10","44.80",
="077516","華固國票51購01","0","0","0","--","--","--","--"," ","0.00","0.33","25","0.34","10","96.60",
="077517","潤泰全國票4C購01","0","0","0","--","--","--","--"," ","0.00","0.75","25","0.76","10","52.30",
="077518","明泰國票51購01","178,000","31","326,630","1.28","2.16","1.28","1.93","+","0.85","2.20","2","3.44","6","32.20",
="077519","揚明光國票4C購01","368,000","10","1,165,720","2.98","3.35","2.98","3.15","+","0.25","2.71","25","2.77","10","62.10",
="077520","揚明光國票51購01","14,000","5","31,680","2.70","2.70","2.09","2.09","-","0.14","2.04","26","2.07","10","62.10",
="077521","TPK國票4C購01","13,000","4","26,970","2.15","2.17","2.00","2.00","-","0.21","2.10","25","2.11","10","39.30",
="077522","大聯大國票51購01","0","0","0","--","--","--","--"," ","0.00","1.94","25","1.95","10","66.10",
="077523","大銀國票4B購01","0","0","0","--","--","--","--"," ","0.00","0.66","25","0.68","10","120.00",
="077524","和碩國票4C購01","0","0","0","--","--","--","--"," ","0.00","0.28","25","0.30","10","71.10",
="077525","和碩國票52購01","132,000","4","92,110","0.69","0.70","0.66","0.66","+","0.02","0.64","25","0.65","10","71.10",
="077526","遠雄國票4C購01","0","0","0","--","--","--","--"," ","0.00","0.60","25","0.63","10","63.20",
="077527","瑞儀國票4C購01","0","0","0","--","--","--","--"," ","0.00","0.44","25","0.46","10","142.00",
="077528","瑞儀國票52購01","170,000","3","49,500","0.30","0.30","0.29","0.29","-","0.02","0.29","25","0.30","10","142.00",
="077529","康舒國票4C購01","599,000","29","683,630","1.16","1.23","1.12","1.12","+","0.08","1.10","25","1.11","10","30.10",
="077530","元晶國票51購01","110,000","3","83,100","0.75","0.77","0.75","0.77","-","0.05","0.76","25","0.77","10","15.30",
="077531","元晶國票54購01","2,000","1","1,440","0.72","0.72","0.72","0.72","X","0.00","0.72","10","0.73","10","15.30",
="077532","晶碩國票4B購01","0","0","0","--","--","--","--"," ","0.00","0.45","25","0.46","10","316.00",
="077533","晶碩國票51購01","200,000","4","93,750","0.47","0.47","0.46","0.46","-","0.02","0.45","25","0.46","5","316.00",
="077534","惠特國票51購01","525,000","53","865,250","1.45","1.75","1.45","1.57","+","0.10","1.53","30","1.55","10","79.70",
="077535","嘉基國票51購01","0","0","0","--","--","--","--"," ","0.00","0.13","25","0.14","10","95.00",
="077536","龍德船國票4C購01","114,000","10","224,990","2.12","2.12","1.85","1.91","-","0.51","1.92","25","1.94","10","151.50",
="077537","龍德船國票51購01","0","0","0","--","--","--","--"," ","0.00","2.30","25","2.35","10","151.50",
="077538","至上國票51購01","132,000","6","71,500","0.56","0.56","0.53","0.53","-","0.13","0.54","25","0.55","10","45.05",
="077539","達方國票51購01","0","0","0","--","--","--","--"," ","0.00","0.83","25","0.84","10","36.95",
="077540","欣巴巴國票51購01","0","0","0","--","--","--","--"," ","0.00","0.09","25","0.10","10","61.90",
="077541","台灣50元大4A購08","0","0","0","--","--","--","--"," ","0.00","5.55","300","6.05","10","58.45",
="077542","台灣50元大51購03","747,000","13","4,113,050","5.50","5.95","5.40","5.95","+","1.07","6.00","400","6.35","10","58.45",
="077543","T50反1元大4A購04","0","0","0","--","--","--","--"," ","0.00","--","0","0.03","9","18.29",
="077544","T50反1元大4B購02","0","0","0","--","--","--","--"," ","0.00","--","0","0.10","10","18.29",
="077545","T50反1元大4B購03","0","0","0","--","--","--","--"," ","0.00","--","0","0.10","10","18.29",
="077546","T50反1元大4C購04","0","0","0","--","--","--","--"," ","0.00","--","0","0.10","10","18.29",
="077547","滬深2X元大53購02","0","0","0","--","--","--","--"," ","0.00","2.07","250","2.08","250","19.04",
="077548","臺指反元大52購01","0","0","0","--","--","--","--"," ","0.00","0.03","100","0.13","10","2.96",
="077549","華新元大52購01","41,000","3","81,690","2.00","2.00","1.99","1.99","-","0.06","1.90","350","1.93","10","24.05",
="07754P","FBNQ2X元大4A售03","0","0","0","--","--","--","--"," ","0.00","--","0","0.10","10","0.00",
="077550","華新元大54購01","49,000","7","109,300","2.26","2.26","2.12","2.21","-","0.09","2.17","350","2.19","10","24.05",
="077551","喬山元大4A購02","0","0","0","--","--","--","--"," ","0.00","--","0","0.05","15","167.00",
="077552","喬山元大4A購03","0","0","0","--","--","--","--"," ","0.00","--","0","0.10","10","167.00",
="077553","鴻海元大4A購09","0","0","0","--","--","--","--"," ","0.00","5.00","150","--","0","221.00",
="077554","鴻海元大4A購10","0","0","0","--","--","--","--"," ","0.00","6.10","150","--","0","221.00",
="077555","鴻海元大4A購11","0","0","0","--","--","--","--"," ","0.00","5.15","150","--","0","221.00",
="077556","鴻海元大4B購05","0","0","0","--","--","--","--"," ","0.00","5.00","150","--","0","221.00",
="077558","鴻海元大4C購05","0","0","0","--","--","--","--"," ","0.00","3.55","200","--","0","221.00",
="077559","鴻海元大52購02","0","0","0","--","--","--","--"," ","0.00","3.97","200","4.03","10","221.00",
="07755P","FBNQ2X元大4C售02","0","0","0","--","--","--","--"," ","0.00","0.02","100","0.05","16","0.00",
="077560","台積電元大4A購16","0","0","0","--","--","--","--"," ","0.00","--","0","--","0","1,340.00",
="077561","台積電元大4A購17","0","0","0","--","--","--","--"," ","0.00","--","0","--","0","1,340.00",
="077562","台積電元大4A購18","0","0","0","--","--","--","--"," ","0.00","--","0","--","0","1,340.00",
="077563","台積電元大4A購19","33,000","2","187,600","5.65","5.70","5.65","5.70","+","0.75","--","0","--","0","1,340.00",
="077564","台積電元大4C購12","0","0","0","--","--","--","--"," ","0.00","--","0","--","0","1,340.00",
="077565","台積電元大51購23","0","0","0","--","--","--","--"," ","0.00","--","0","--","0","1,340.00",
="077567","友訊元大4A購02","0","0","0","--","--","--","--"," ","0.00","0.12","499","0.13","10","17.80",
="077568","所羅門元大4C購03","52,000","2","44,500","0.88","0.88","0.85","0.85","-","0.04","0.84","499","0.85","10","144.50",
="077569","所羅門元大51購02","60,000","1","55,800","0.93","0.93","0.93","0.93","-","0.04","0.93","499","0.95","10","144.50",
="07756P","美費半元大4A售02","0","0","0","--","--","--","--"," ","0.00","0.03","499","0.08","50","0.00",
="077574","台光電元大4B購02","0","0","0","--","--","--","--"," ","0.00","13.70","50","--","0","1,345.00",
="077575","京元電元大4A購04","0","0","0","--","--","--","--"," ","0.00","15.10","50","--","0","167.00",
="077576","京元電元大4A購05","5,000","1","47,000","9.40","9.40","9.40","9.40","X","0.00","9.40","100","--","0","167.00",
="077579","聯發科元大4B購06","0","0","0","--","--","--","--"," ","0.00","0.03","499","0.13","10","1,375.00",
="077580","聯發科元大4B購07","21,000","2","10,670","0.51","0.51","0.49","0.49","-","0.09","0.48","25","0.49","8","1,375.00",
="077581","聯發科元大52購02","174,000","1","153,120","0.88","0.88","0.88","0.88","X","0.00","0.84","25","0.86","10","1,375.00",
="077582","義隆元大4A購01","0","0","0","--","--","--","--"," ","0.00","0.15","499","0.16","10","132.50",
="077583","一詮元大4C購02","0","0","0","--","--","--","--"," ","0.00","0.38","499","0.39","10","82.30",
="077584","長榮元大4A購04","0","0","0","--","--","--","--"," ","0.00","--","0","0.10","10","182.00",
="077585","長榮元大51購08","0","0","0","--","--","--","--"," ","0.00","0.52","499","0.53","10","182.00",
="077586","奇鋐元大4A購02","0","0","0","--","--","--","--"," ","0.00","11.10","50","--","0","1,015.00",
="077587","奇鋐元大4A購03","0","0","0","--","--","--","--"," ","0.00","14.00","50","--","0","1,015.00",
="077588","奇鋐元大51購03","0","0","0","--","--","--","--"," ","0.00","10.30","50","--","0","1,015.00",
="077590","智原元大4B購04","0","0","0","--","--","--","--"," ","0.00","0.02","519","0.12","10","174.00",
="077591","智原元大4B購05","0","0","0","--","--","--","--"," ","0.00","0.11","499","0.12","10","174.00",
="077592","智原元大4C購02","17,000","5","4,230","0.24","0.26","0.24","0.24","+","0.04","0.23","499","0.24","10","174.00",
="077593","智原元大51購05","594,000","17","354,170","0.51","0.67","0.51","0.59","+","0.08","0.57","499","0.58","10","174.00",
="077594","欣興元大4B購08","0","0","0","--","--","--","--"," ","0.00","4.00","200","--","0","159.00",
="077595","欣興元大51購02","0","0","0","--","--","--","--"," ","0.00","6.90","100","--","0","159.00",
="077596","欣興元大52購01","1,000","1","8,300","8.30","8.30","8.30","8.30","+","1.00","7.50","100","7.65","10","159.00",
="077597","材料元大4A購02","0","0","0","--","--","--","--"," ","0.00","0.01","499","0.02","20","66.40",
="077598","崇越元大4A購02","0","0","0","--","--","--","--"," ","0.00","1.03","499","1.12","10","302.50",
="077599","保瑞元大4A購02","0","0","0","--","--","--","--"," ","0.00","2.86","250","2.96","10","693.00",
="077600","保瑞元大4C購02","0","0","0","--","--","--","--"," ","0.00","2.95","250","3.05","10","693.00",
="077601","保瑞元大51購01","0","0","0","--","--","--","--"," ","0.00","2.01","25","2.05","10","693.00",
="077602","穎崴元大4B購02","0","0","0","--","--","--","--"," ","0.00","4.69","150","--","0","2,015.00",
="077603","穎崴元大4C購02","0","0","0","--","--","--","--"," ","0.00","4.26","150","--","0","2,015.00",
="077604","AES元大4A購01","0","0","0","--","--","--","--"," ","0.00","1.94","350","2.01","10","1,195.00",
="077605","臺股指元大4A購24","0","0","0","--","--","--","--"," ","0.00","4.61","499","4.71","10","0.00",
="077606","臺股指元大4C購14","0","0","0","--","--","--","--"," ","0.00","3.71","499","3.81","10","0.00",
="077607","中興電兆豐54購01","20,000","3","33,000","1.65","1.65","1.65","1.65","X","0.00","1.59","20","--","0","159.00",
="077608","星宇第一4A購01","0","0","0","--","--","--","--"," ","0.00","0.13","10","0.14","10","0.00",
="077609","虎航第一4A購01","0","0","0","--","--","--","--"," ","0.00","0.08","10","0.09","10","0.00",
="077611","連加第一4A購01","0","0","0","--","--","--","--"," ","0.00","1.09","10","1.10","10","0.00",
="077612","奇鋐台新4A購01","0","0","0","--","--","--","--"," ","0.00","--","0","14.90","10","0.00",
="077613","世紀鋼台新4A購01","0","0","0","--","--","--","--"," ","0.00","0.55","20","--","0","0.00",
="077614","士電富邦4A購01","0","0","0","--","--","--","--"," ","0.00","1.39","30","1.45","10","0.00",
="077615","華城富邦4B購04","0","0","0","--","--","--","--"," ","0.00","2.26","10","2.36","10","0.00",
="077616","星宇富邦4A購01","0","0","0","--","--","--","--"," ","0.00","0.09","30","0.10","10","0.00",
="077617","星宇富邦4C購01","0","0","0","--","--","--","--"," ","0.00","0.29","30","0.30","10","0.00",
="077618","奇鋐富邦4B購05","0","0","0","--","--","--","--"," ","0.00","5.40","10","5.90","10","0.00",
="077619","嘉澤富邦4B購02","0","0","0","--","--","--","--"," ","0.00","1.38","13","1.48","10","0.00",
="077620","上品富邦4A購01","40,000","1","9,600","0.24","0.24","0.24","0.24","X","0.00","0.20","30","0.21","28","0.00",
="077621","亞翔富邦4A購03","0","0","0","--","--","--","--"," ","0.00","3.64","30","--","0","0.00",
="077622","保瑞富邦4B購02","0","0","0","--","--","--","--"," ","0.00","1.73","10","1.83","10","0.00",
="077623","虎航富邦4A購01","185,000","12","9,250","0.05","0.05","0.05","0.05","X","0.00","0.04","40","0.05","10","0.00",
="077624","虎航富邦4C購01","61,000","3","12,820","0.22","0.22","0.21","0.21","X","0.00","0.19","30","0.20","10","0.00",
="077625","ITH富邦4C購01","0","0","0","--","--","--","--"," ","0.00","0.12","10","0.13","10","0.00",
="077626","T50正2群益4A購03","0","0","0","--","--","--","--"," ","0.00","--","0","--","0","302.45",
="077627","T50反1群益4C購03","0","0","0","--","--","--","--"," ","0.00","0.02","298","0.28","100","18.29",
="077628","T50反1群益4C購04","0","0","0","--","--","--","--"," ","0.00","0.03","100","0.04","100","18.29",
="077629","臺指反群益52購02","0","0","0","--","--","--","--"," ","0.00","0.18","25","0.19","10","2.96",
="077630","台聚群益4A購01","0","0","0","--","--","--","--"," ","0.00","0.02","25","0.03","32","10.20",
="077631","國喬群益4C購01","0","0","0","--","--","--","--"," ","0.00","0.12","25","0.13","10","9.51",
="077632","得力群益4A購01","0","0","0","--","--","--","--"," ","0.00","--","0","--","0","11.00",
="077633","華城群益54購01","0","0","0","--","--","--","--"," ","0.00","7.75","5","8.10","10","586.00",
="077634","直得群益4A購01","0","0","0","--","--","--","--"," ","0.00","--","0","--","0","81.30",
="077635","允強群益4A購01","0","0","0","--","--","--","--"," ","0.00","--","0","--","0","19.75",
="077636","光寶科群益4A購01","0","0","0","--","--","--","--"," ","0.00","--","0","14.10","10","183.00",
="077637","鴻海群益4A購10","0","0","0","--","--","--","--"," ","0.00","--","0","--","0","221.00",
="077638","鴻海群益4B購04","0","0","0","--","--","--","--"," ","0.00","--","0","8.15","10","221.00",
="077639","台積電群益4A購37","0","0","0","--","--","--","--"," ","0.00","--","0","--","0","1,340.00",
="077640","台積電群益4C購06","2,000","1","15,000","7.50","7.50","7.50","7.50","X","0.00","0.01","200","--","0","1,340.00",
="077641","京元電群益4A購04","0","0","0","--","--","--","--"," ","0.00","--","0","13.50","10","167.00",
="077642","皇昌群益4A購06","0","0","0","--","--","--","--"," ","0.00","0.17","25","0.18","10","72.70",
="077643","漢翔群益4B購01","6,000","1","5,280","0.88","0.88","0.88","0.88","-","0.45","0.83","10","0.93","10","62.60",
="077644","八方群益4A購01","50,000","4","41,300","0.83","0.84","0.80","0.84","-","0.07","0.81","10","0.91","10","205.00",
="077645","台中銀群益4B購01","10,000","1","33,800","3.38","3.38","3.38","3.38","+","0.16","3.43","10","3.53","10","23.15",
="077646","奇鋐群益4A購04","0","0","0","--","--","--","--"," ","0.00","--","0","--","0","1,015.00",
="077647","新日興群益4A購03","0","0","0","--","--","--","--"," ","0.00","0.40","499","0.50","10","237.00",
="077648","晶睿群益4A購01","0","0","0","--","--","--","--"," ","0.00","--","0","--","0","94.10",
="077649","達邁群益4A購01","0","0","0","--","--","--","--"," ","0.00","0.17","20","--","0","73.10",
="077650","世芯群益4A購04","0","0","0","--","--","--","--"," ","0.00","--","0","6.70","10","3,700.00",
="077651","日月光群益4A購03","0","0","0","--","--","--","--"," ","0.00","--","0","1.69","10","174.50",
="077652","日月光群益4B購01","3,000","1","4,530","1.51","1.51","1.51","1.51","X","0.00","0.20","10","1.64","10","174.50",
="077653","定穎控群益4A購02","0","0","0","--","--","--","--"," ","0.00","--","0","--","0","90.10",
="077654","承業醫群益4B購01","0","0","0","--","--","--","--"," ","0.00","0.01","20","0.27","10","47.00",
="077655","材料群益52購03","0","0","0","--","--","--","--"," ","0.00","0.25","10","0.35","10","66.40",
="077656","上品群益4A購01","0","0","0","--","--","--","--"," ","0.00","0.01","30","0.43","10","308.00",
="077657","訊連群益4A購01","0","0","0","--","--","--","--"," ","0.00","0.01","30","--","0","97.60",
="077658","訊連群益4C購01","0","0","0","--","--","--","--"," ","0.00","0.15","10","0.25","10","97.60",
="077659","祥碩群益4B購01","0","0","0","--","--","--","--"," ","0.00","0.02","10","0.29","10","1,525.00",
="077660","瀚宇博群益4A購01","0","0","0","--","--","--","--"," ","0.00","--","0","--","0","104.00",
="077661","四維航群益4A購01","0","0","0","--","--","--","--"," ","0.00","--","0","0.17","10","17.00",
="077662","四維航群益4B購01","0","0","0","--","--","--","--"," ","0.00","0.12","10","0.22","10","17.00",
="077663","凌華群益4A購01","0","0","0","--","--","--","--"," ","0.00","--","0","--","0","62.40",
="077664","帆宣群益4A購01","0","0","0","--","--","--","--"," ","0.00","--","0","5.55","10","255.00",
="077666","飛捷群益4A購01","0","0","0","--","--","--","--"," ","0.00","0.02","25","0.03","10","106.50",
="077667","GIS群益4A購01","0","0","0","--","--","--","--"," ","0.00","--","0","--","0","63.40",
="077668","保瑞群益4C購01","0","0","0","--","--","--","--"," ","0.00","--","0","3.10","10","693.00",
="077669","穎崴群益4C購02","0","0","0","--","--","--","--"," ","0.00","9.75","10","10.50","10","2,015.00",
="077670","復盛群益4A購01","0","0","0","--","--","--","--"," ","0.00","--","0","--","0","265.00",
="077671","虎航群益4A購01","0","0","0","--","--","--","--"," ","0.00","--","0","0.14","10","75.80",
="077672","虎航群益4B購01","0","0","0","--","--","--","--"," ","0.00","0.05","25","0.06","10","75.80",
="077673","連加群益4A購01","0","0","0","--","--","--","--"," ","0.00","0.04","10","0.14","10","606.00",
="077674","世紀鋼群益4A購03","0","0","0","--","--","--","--"," ","0.00","--","0","0.33","10","171.50",
="077675","T50反1凱基4B購02","0","0","0","--","--","--","--"," ","0.00","--","0","0.02","10","18.29",
="077676","士電凱基4A購01","0","0","0","--","--","--","--"," ","0.00","1.46","100","1.56","10","183.00",
="077677","士電凱基4A購02","0","0","0","--","--","--","--"," ","0.00","1.15","10","1.25","10","183.00",
="077678","華榮凱基4C購01","229,000","5","254,860","1.18","1.18","1.08","1.08","-","0.10","1.08","10","1.12","10","29.70",
="077679","喬山凱基4B購01","0","0","0","--","--","--","--"," ","0.00","0.02","10","0.04","50","167.00",
="07767P","臺股指元大4A售21","0","0","0","--","--","--","--"," ","0.00","--","0","0.10","10","0.00",
="077680","廣宇凱基51購01","0","0","0","--","--","--","--"," ","0.00","1.21","100","1.22","10","54.10",
="077683","台積電凱基4A購40","0","0","0","--","--","--","--"," ","0.00","5.70","18","6.20","10","1,340.00",
="077684","台積電凱基4A購41","0","0","0","--","--","--","--"," ","0.00","9.35","11","9.85","10","1,340.00",
="077685","旺宏凱基54購01","167,000","8","513,620","3.03","3.34","3.01","3.03","+","0.26","3.03","5","3.07","10","26.75",
="077686","順德凱基4B購01","0","0","0","--","--","--","--"," ","0.00","0.52","10","0.53","10","81.90",
="077687","威盛凱基4B購01","0","0","0","--","--","--","--"," ","0.00","0.09","100","0.10","50","59.50",
="077688","義隆凱基4A購02","0","0","0","--","--","--","--"," ","0.00","0.08","100","--","0","132.50",
="077689","漢翔凱基51購02","42,000","2","104,620","2.51","2.51","2.49","2.49","-","0.36","2.43","100","2.44","10","62.60",
="07768P","臺股指元大4A售22","0","0","0","--","--","--","--"," ","0.00","--","0","0.10","10","0.00",
="077690","星宇凱基4C購01","14,000","2","9,320","0.68","0.68","0.66","0.66","-","0.06","0.65","499","0.66","40","24.90",
="077691","八方凱基4C購01","45,000","3","54,230","1.21","1.21","1.20","1.21","-","0.01","1.18","10","1.25","10","205.00",
="077693","晟銘電凱基4A購03","0","0","0","--","--","--","--"," ","0.00","0.32","100","0.58","2","121.00",
="077694","晶睿凱基4B購01","0","0","0","--","--","--","--"," ","0.00","0.02","10","0.12","10","94.10",
="077695","健策凱基4A購02","0","0","0","--","--","--","--"," ","0.00","10.70","100","--","0","2,355.00",
="077696","神達凱基4A購03","0","0","0","--","--","--","--"," ","0.00","10.00","100","--","0","90.00",
="077697","大銀凱基4B購01","0","0","0","--","--","--","--"," ","0.00","0.27","100","0.29","10","120.00",
="077698","上品凱基4A購01","0","0","0","--","--","--","--"," ","0.00","0.76","100","0.86","10","308.00",
="077699","凌華凱基4C購01","10,000","1","1,600","0.16","0.16","0.16","0.16","X","0.00","0.15","10","0.16","10","62.40",
="07769P","臺股指元大54售02","53,000","4","11,490","0.23","0.23","0.21","0.22","X","0.00","0.21","31","0.26","5","0.00",
="077700","凌華凱基4C購02","0","0","0","--","--","--","--"," ","0.00","0.05","10","0.07","10","62.40",
="077701","帆宣凱基4B購01","0","0","0","--","--","--","--"," ","0.00","6.50","10","7.00","10","255.00",
="077702","帆宣凱基4C購01","0","0","0","--","--","--","--"," ","0.00","3.09","10","3.19","10","255.00",
="077703","飛捷凱基4C購01","180,000","1","68,400","0.38","0.38","0.38","0.38","X","0.00","0.36","100","0.37","10","106.50",
="077704","穎崴凱基4B購03","0","0","0","--","--","--","--"," ","0.00","6.60","100","7.10","10","2,015.00",
="077705","虎航凱基52購01","0","0","0","--","--","--","--"," ","0.00","0.53","100","0.54","30","75.80",
="077706","AES凱基4A購01","0","0","0","--","--","--","--"," ","0.00","3.62","100","--","0","1,195.00",
="077707","采鈺凱基4A購01","0","0","0","--","--","--","--"," ","0.00","3.05","10","3.15","10","305.50",
="077708","采鈺凱基4B購01","74,000","11","220,690","3.02","3.07","2.87","2.87","-","0.10","2.75","10","2.77","10","305.50",
="077709","ITH凱基4A購01","0","0","0","--","--","--","--"," ","0.00","--","0","--","0","43.90",
="07770P","鴻海國票4A售04","0","0","0","--","--","--","--"," ","0.00","0.01","25","0.05","10","0.00",
="077710","昇陽半凱基4A購03","0","0","0","--","--","--","--"," ","0.00","3.74","100","3.84","10","179.50",
="077711","元黃金國票54購01","1,000","1","1,910","1.91","1.91","1.91","1.91","+","0.18","1.90","25","1.91","10","40.68",
="077712","華城國票4B購03","0","0","0","--","--","--","--"," ","0.00","9.50","25","10.00","10","586.00",
="077713","宇隆國票4B購02","0","0","0","--","--","--","--"," ","0.00","1.10","25","1.19","10","217.00",
="077714","台亞國票4B購01","252,000","9","340,400","1.29","1.36","1.29","1.33","-","0.08","1.33","25","1.38","10","27.80",
="077715","佳能國票4B購01","0","0","0","--","--","--","--"," ","0.00","11.30","25","12.30","10","88.80",
="077716","台光電國票4B購01","0","0","0","--","--","--","--"," ","0.00","46.60","25","47.60","10","1,345.00",
="077717","漢翔國票4B購02","0","0","0","--","--","--","--"," ","0.00","2.54","25","3.49","2","62.60",
="077718","大立光國票4B購03","0","0","0","--","--","--","--"," ","0.00","0.64","25","0.65","10","2,360.00",
="077719","奇鋐國票4B購01","0","0","0","--","--","--","--"," ","0.00","26.30","25","27.30","10","1,015.00",
="077720","嘉澤國票4B購01","0","0","0","--","--","--","--"," ","0.00","1.22","25","1.25","10","1,605.00",
="077721","健策國票4B購02","0","0","0","--","--","--","--"," ","0.00","6.30","25","6.80","10","2,355.00",
="077722","訊連國票4C購01","0","0","0","--","--","--","--"," ","0.00","0.13","25","0.14","10","97.60",
="077723","四維航國票4B購01","98,000","2","11,560","0.12","0.12","0.10","0.10","-","0.04","0.11","25","0.12","10","17.00",
="077724","訊芯國票51購01","35,000","3","33,000","0.93","0.96","0.93","0.93","+","0.11","0.86","25","0.88","10","164.50",
="077725","巧新統一56購01","0","0","0","--","--","--","--"," ","0.00","0.44","10","0.45","10","49.40",
="077726","聯電統一54購02","17,000","1","9,350","0.55","0.55","0.55","0.55","+","0.01","0.56","10","0.57","10","43.90",
="077727","一詮統一5A購02","0","0","0","--","--","--","--"," ","0.00","0.59","10","0.60","10","82.30",
="077728","星宇統一54購01","36,000","2","21,600","0.60","0.60","0.60","0.60","-","0.02","0.59","10","0.60","10","24.90",
="077729","飛捷統一56購01","0","0","0","--","--","--","--"," ","0.00","0.31","10","0.32","10","106.50",
="07772P","台積電國票4A售13","0","0","0","--","--","--","--"," ","0.00","0.01","25","0.05","10","0.00",
="077730","虎航統一56購01","236,000","3","97,270","0.43","0.43","0.41","0.42","-","0.03","0.42","10","0.43","10","75.80",
="077731","AES統一54購01","0","0","0","--","--","--","--"," ","0.00","1.01","10","1.02","10","1,195.00",
="077732","采鈺統一54購01","0","0","0","--","--","--","--"," ","0.00","1.15","10","1.16","10","305.50",
="077733","采鈺統一5A購01","0","0","0","--","--","--","--"," ","0.00","0.88","10","0.89","10","305.50",
="077734","富世達統一54購04","0","0","0","--","--","--","--"," ","0.00","1.87","10","1.88","10","1,010.00",
="077735","ITH統一56購01","0","0","0","--","--","--","--"," ","0.00","0.37","10","0.38","10","43.90",
="077736","聯電中信4A購01","0","0","0","--","--","--","--"," ","0.00","--","0","--","0","0.00",
="077737","上品中信4A購01","10,000","1","4,500","0.45","0.45","0.45","0.45","X","0.00","0.42","499","0.43","10","0.00",
="077738","帆宣中信4A購01","0","0","0","--","--","--","--"," ","0.00","3.10","499","--","0","0.00",
="077739","虎航中信4A購01","0","0","0","--","--","--","--"," ","0.00","--","0","0.02","76","0.00",
="07773P","南亞科國泰4B售01","25,000","1","250","0.01","0.01","0.01","0.01","-","0.01","0.01","554","0.02","166","0.00",
="077741","采鈺中信4A購01","40,000","4","80,300","2.04","2.04","1.96","1.96","+","0.01","1.77","10","1.82","10","0.00",
="077742","ITH中信4B購01","0","0","0","--","--","--","--"," ","0.00","0.04","499","0.05","10","0.00",
="077743","連加中信4A購01","0","0","0","--","--","--","--"," ","0.00","0.02","10","0.03","10","0.00",
="077744","連加中信4B購01","0","0","0","--","--","--","--"," ","0.00","0.14","499","0.15","10","0.00",
="077745","T50反1永豐54購01","0","0","0","--","--","--","--"," ","0.00","0.26","499","0.27","10","18.29",
="077746","國喬永豐4A購01","0","0","0","--","--","--","--"," ","0.00","--","0","0.02","23","9.51",
="077747","士電永豐4B購01","0","0","0","--","--","--","--"," ","0.00","1.45","10","1.48","10","183.00",
="077748","華榮永豐4A購01","0","0","0","--","--","--","--"," ","0.00","1.04","499","1.14","10","29.70",
="077749","喬山永豐4B購01","0","0","0","--","--","--","--"," ","0.00","0.02","499","0.03","10","167.00",
="077750","允強永豐4A購01","0","0","0","--","--","--","--"," ","0.00","--","0","0.03","10","19.75",
="077751","鴻海永豐4A購09","0","0","0","--","--","--","--"," ","0.00","6.55","499","7.05","10","221.00",
="077752","台積電永豐55購01","10,000","1","240,000","24.00","24.00","24.00","24.00","+","2.90","6.20","1","--","0","1,340.00",
="077753","台積電永豐56購01","53,000","4","1,319,500","24.00","25.50","24.00","25.50","+","4.90","5.60","1","--","0","1,340.00",
="077754","台積電永豐59購01","1,000","1","31,500","31.50","31.50","31.50","31.50","X","0.00","17.30","5","--","0","1,340.00",
="077755","大同永豐4A購01","0","0","0","--","--","--","--"," ","0.00","0.17","10","0.18","10","39.85",
="077756","聯發科永豐52購01","40,000","2","35,080","0.87","0.88","0.87","0.88","X","0.00","0.84","499","0.85","10","1,375.00",
="077757","敦陽科永豐4B購01","20,000","1","24,400","1.22","1.22","1.22","1.22","X","0.00","1.21","499","1.24","10","171.50",
="077758","長榮永豐52購01","9,000","2","28,940","3.22","3.22","3.21","3.21","-","0.15","3.15","10","3.17","10","182.00",
="077759","漢翔永豐4B購01","0","0","0","--","--","--","--"," ","0.00","1.82","10","--","0","62.60",
="077760","漢翔永豐51購01","0","0","0","--","--","--","--"," ","0.00","1.77","10","1.90","10","62.60",
="077761","星宇永豐4A購01","0","0","0","--","--","--","--"," ","0.00","0.03","499","0.05","10","24.90",
="077762","星宇永豐4A購02","0","0","0","--","--","--","--"," ","0.00","0.25","10","0.28","10","24.90",
="077763","星宇永豐4B購01","0","0","0","--","--","--","--"," ","0.00","0.13","499","0.14","10","24.90",
="077764","八方永豐4A購01","0","0","0","--","--","--","--"," ","0.00","0.65","499","0.75","10","205.00",
="077765","大立光永豐4A購02","0","0","0","--","--","--","--"," ","0.00","0.01","499","0.11","10","2,360.00",
="077766","晶睿永豐4A購01","0","0","0","--","--","--","--"," ","0.00","--","0","0.10","10","94.10",
="077767","神達永豐4A購03","0","0","0","--","--","--","--"," ","0.00","14.90","10","15.40","10","90.00",
="077768","上品永豐4A購01","0","0","0","--","--","--","--"," ","0.00","0.85","499","0.95","10","308.00",
="077769","瀚宇博永豐4B購01","0","0","0","--","--","--","--"," ","0.00","10.50","499","11.50","10","104.00",
="077770","凌華永豐4B購01","48,000","3","4,520","0.10","0.10","0.09","0.09","X","0.00","0.08","17","0.09","10","62.40",
="077771","飛捷永豐4A購01","0","0","0","--","--","--","--"," ","0.00","0.01","10","0.11","10","106.50",
="077772","GIS永豐4B購01","0","0","0","--","--","--","--"," ","0.00","2.93","499","3.01","10","63.40",
="077773","虎航永豐4B購01","0","0","0","--","--","--","--"," ","0.00","0.52","499","0.53","10","75.80",
="077774","AES永豐4A購01","0","0","0","--","--","--","--"," ","0.00","0.93","10","0.96","10","1,195.00",
="077775","采鈺永豐4B購01","0","0","0","--","--","--","--"," ","0.00","4.36","10","4.65","3","305.50",
="077776","ITH永豐4B購01","0","0","0","--","--","--","--"," ","0.00","0.16","10","0.17","10","43.90",
="077778","ITH永豐4C購01","0","0","0","--","--","--","--"," ","0.00","0.28","499","0.29","10","43.90",
="077779","得力國泰4B購01","0","0","0","--","--","--","--"," ","0.00","0.01","1,517","0.03","100","11.00",
="077780","敦陽科國泰4B購01","0","0","0","--","--","--","--"," ","0.00","5.20","499","--","0","171.50",
="077781","星宇國泰4B購01","0","0","0","--","--","--","--"," ","0.00","0.76","499","0.78","100","24.90",
="077782","達邁國泰4B購01","3,000","1","9,540","3.18","3.18","3.18","3.18","+","0.03","1.69","5","4.50","3","73.10",
="077784","健策國泰4B購01","0","0","0","--","--","--","--"," ","0.00","14.90","499","--","0","2,355.00",
="077785","承業醫國泰4B購01","10,000","1","6,500","0.65","0.65","0.65","0.65","X","0.00","0.65","489","0.66","100","47.00",
="077786","訊連國泰4B購01","0","0","0","--","--","--","--"," ","0.00","0.41","499","0.42","100","97.60",
="07778P","台灣50凱基51售01","0","0","0","--","--","--","--"," ","0.00","0.02","100","0.03","10","0.00",
="077790","四維航國泰4B購01","25,000","1","19,500","0.78","0.78","0.78","0.78","-","0.28","0.80","499","0.81","100","17.00",
="077791","凌華國泰4B購01","35,000","2","3,500","0.10","0.10","0.10","0.10","X","0.00","0.09","504","0.10","100","62.40",
="077793","帆宣國泰4B購01","0","0","0","--","--","--","--"," ","0.00","8.85","10","--","0","255.00",
="077795","穎崴國泰4B購01","0","0","0","--","--","--","--"," ","0.00","12.40","499","--","0","2,015.00",
="077796","虎航國泰4B購01","0","0","0","--","--","--","--"," ","0.00","0.39","499","0.40","100","75.80",
="077797","虎航國泰4B購02","0","0","0","--","--","--","--"," ","0.00","0.15","499","0.16","100","75.80",
="077804","ITH國泰4B購01","0","0","0","--","--","--","--"," ","0.00","0.30","499","0.31","100","43.90",
="077805","ITH國泰4B購02","0","0","0","--","--","--","--"," ","0.00","0.17","499","0.18","100","43.90",
="077809","連加國泰4B購01","0","0","0","--","--","--","--"," ","0.00","0.64","499","0.66","100","606.00",
="077811","連加國泰4B購02","0","0","0","--","--","--","--"," ","0.00","0.38","499","0.40","100","606.00",
="077812","連加國泰4C購01","0","0","0","--","--","--","--"," ","0.00","0.55","499","0.56","100","606.00",
="077813","連加國泰4C購02","3,000","1","1,650","0.55","0.55","0.55","0.55","X","0.00","0.52","499","0.54","100","606.00",
="077815","深中小元富4A購02","0","0","0","--","--","--","--"," ","0.00","0.10","50","--","0","15.68",
="077816","道瓊銀元富54購01","100,000","1","488,000","4.88","4.88","4.88","4.88","+","0.06","5.00","25","5.05","25","36.75",
="077817","美費半元富4A購01","0","0","0","--","--","--","--"," ","0.00","11.20","25","11.30","25","49.19",
="077818","國喬元富4A購01","0","0","0","--","--","--","--"," ","0.00","0.02","25","0.12","10","9.51",
="077819","士電元富4A購01","0","0","0","--","--","--","--"," ","0.00","2.36","25","2.44","25","183.00",
="077820","中興電元富4A購01","0","0","0","--","--","--","--"," ","0.00","2.08","25","2.16","25","159.00",
="077821","巧新元富4A購01","0","0","0","--","--","--","--"," ","0.00","--","0","0.10","25","49.40",
="077822","東聯元富4A購01","0","0","0","--","--","--","--"," ","0.00","--","0","--","0","12.30",
="077823","鴻海元富54購01","0","0","0","--","--","--","--"," ","0.00","11.60","25","11.90","25","221.00",
="077824","旺宏元富4A購03","100,000","1","245,000","2.45","2.45","2.45","2.45","X","0.00","2.39","25","2.49","10","26.75",
="077825","敦陽科元富4A購01","0","0","0","--","--","--","--"," ","0.00","6.05","25","6.55","25","171.50",
="077826","皇昌元富4A購02","0","0","0","--","--","--","--"," ","0.00","0.19","25","0.20","25","72.70",
="077827","長榮元富4C購02","0","0","0","--","--","--","--"," ","0.00","0.41","25","0.42","25","182.00",
="077828","漢翔元富4A購02","0","0","0","--","--","--","--"," ","0.00","1.37","25","1.40","25","62.60",
="077829","星宇元富4A購01","0","0","0","--","--","--","--"," ","0.00","0.49","25","0.50","25","24.90",
="077830","德律元富4A購01","0","0","0","--","--","--","--"," ","0.00","7.65","25","7.85","25","189.00",
="077831","世芯元富4A購04","0","0","0","--","--","--","--"," ","0.00","2.49","25","2.58","25","3,700.00",
="077832","日月光元富4A購01","0","0","0","--","--","--","--"," ","0.00","2.34","25","2.42","25","174.50",
="077833","上品元富4A購01","0","0","0","--","--","--","--"," ","0.00","0.84","25","0.87","25","308.00",
="077834","凌華元富54購01","4,000","3","2,430","0.61","0.61","0.60","0.60","X","0.00","0.59","27","0.60","25","62.40",
="077835","帆宣元富54購01","0","0","0","--","--","--","--"," ","0.00","5.55","25","6.05","10","255.00",
="077836","矽力元富4A購03","0","0","0","--","--","--","--"," ","0.00","--","0","0.10","25","273.00",
="077837","GIS元富54購01","1,000","1","4,270","4.27","4.27","4.27","4.27","-","0.07","4.29","25","4.39","25","63.40",
="077838","虎航元富4A購01","0","0","0","--","--","--","--"," ","0.00","0.21","25","0.22","25","75.80",
="077839","采鈺元富54購01","0","0","0","--","--","--","--"," ","0.00","4.83","25","4.88","25","305.50",
="077840","富世達元富4A購01","0","0","0","--","--","--","--"," ","0.00","9.25","25","9.75","10","1,010.00",
="077841","臺股指元富4A購03","0","0","0","--","--","--","--"," ","0.00","4.35","25","4.45","10","0.00",
="077842","臺股指元富4A購04","0","0","0","--","--","--","--"," ","0.00","4.58","25","4.68","25","0.00",
="077843","臺股指元富4A購05","0","0","0","--","--","--","--"," ","0.00","5.20","25","5.70","25","0.00",
="077844","台灣50元大4A購09","0","0","0","--","--","--","--"," ","0.00","15.10","20","16.10","10","58.45",
="077846","T50正2元大4A購06","0","0","0","--","--","--","--"," ","0.00","5.40","499","5.90","10","302.45",
="077847","T50正2元大52購01","20,000","1","69,200","3.46","3.46","3.46","3.46","+","0.52","3.41","100","3.51","10","302.45",
="077848","A50正2元大4A購01","0","0","0","--","--","--","--"," ","0.00","1.25","499","1.35","10","32.79",
="077849","元金2X元大4B購01","3,000","2","17,250","5.75","5.75","5.75","5.75","+","0.99","5.60","100","5.80","20","70.40",
="07784P","臺股指凱基53售02","0","0","0","--","--","--","--"," ","0.00","0.83","100","0.84","10","0.00",
="077850","士電元大4B購01","0","0","0","--","--","--","--"," ","0.00","1.41","499","1.45","10","183.00",
="077851","士電元大4C購01","0","0","0","--","--","--","--"," ","0.00","1.14","499","1.16","10","183.00",
="077852","華榮元大4A購01","0","0","0","--","--","--","--"," ","0.00","0.91","499","0.96","10","29.70",
="077853","允強元大4A購01","0","0","0","--","--","--","--"," ","0.00","--","0","0.10","10","19.75",
="077854","上銀元大4B購05","0","0","0","--","--","--","--"," ","0.00","0.58","499","0.59","10","217.50",
="077855","上銀元大52購01","23,000","5","27,260","1.19","1.22","1.16","1.18","-","0.04","1.16","503","1.18","5","217.50",
="077856","鴻海元大4A購14","86,000","9","374,920","4.09","4.47","4.09","4.47","+","0.62","4.56","200","4.66","10","221.00",
="077857","鴻海元大4A購15","40,000","4","218,500","5.30","5.55","5.30","5.55","+","0.68","5.50","150","5.60","10","221.00",
="077858","鴻海元大4A購16","10,000","1","39,100","3.91","3.91","3.91","3.91","X","0.00","3.88","200","3.95","10","221.00",
="077859","鴻海元大4B購06","127,000","18","491,710","3.65","4.20","3.65","4.06","+","0.67","4.01","200","4.06","10","221.00",
="07785P","欣興群益4A售03","0","0","0","--","--","--","--"," ","0.00","--","0","--","0","0.00",
="077860","鴻海元大51購08","1,000","1","5,450","5.45","5.45","5.45","5.45","X","0.00","5.40","150","5.45","10","221.00",
="077861","鴻海元大52購03","225,000","20","1,066,520","4.71","4.85","4.70","4.85","+","0.42","4.79","150","4.82","10","221.00",
="077862","廣宇元大4C購01","1,000","1","1,560","1.56","1.56","1.56","1.56","-","0.07","1.55","450","1.56","10","54.10",
="077863","廣宇元大4C購02","33,000","2","39,890","1.21","1.21","1.17","1.17","-","0.05","1.16","499","1.17","10","54.10",
="077864","台積電元大4A購20","0","0","0","--","--","--","--"," ","0.00","--","0","--","0","1,340.00",
="077865","台積電元大4A購21","0","0","0","--","--","--","--"," ","0.00","0.02","499","--","0","1,340.00",
="077866","台積電元大4A購22","0","0","0","--","--","--","--"," ","0.00","--","0","--","0","1,340.00",
="077867","台積電元大4A購23","30,000","5","148,200","4.84","4.99","4.84","4.99","+","1.06","--","0","--","0","1,340.00",
="077868","台積電元大4A購24","4,000","2","26,900","6.60","6.85","6.60","6.85","+","0.90","2.83","3","--","0","1,340.00",
="077869","台積電元大4A購25","40,000","4","141,700","3.47","3.62","3.47","3.54","X","0.00","--","0","--","0","1,340.00",
="07786P","臺股指群益53售03","60,000","3","9,100","0.15","0.16","0.15","0.16","X","0.00","0.15","499","0.16","489","0.00",
="077870","台積電元大51購24","3,000","3","16,800","5.60","5.60","5.60","5.60","+","0.50","0.46","2","--","0","1,340.00",
="077871","所羅門元大4A購03","0","0","0","--","--","--","--"," ","0.00","0.06","499","0.07","10","144.50",
="077872","所羅門元大4A購04","0","0","0","--","--","--","--"," ","0.00","0.33","499","0.34","10","144.50",
="077873","威盛元大4C購01","0","0","0","--","--","--","--"," ","0.00","0.30","499","0.31","10","59.50",
="077874","聯發科元大4A購06","0","0","0","--","--","--","--"," ","0.00","--","0","0.10","10","1,375.00",
="077875","聯發科元大4A購07","0","0","0","--","--","--","--"," ","0.00","--","0","0.10","10","1,375.00",
="077876","聯發科元大4B購08","0","0","0","--","--","--","--"," ","0.00","0.03","499","0.13","10","1,375.00",
="077877","一詮元大4C購03","0","0","0","--","--","--","--"," ","0.00","0.10","499","0.11","10","82.30",
="077878","一詮元大4C購04","0","0","0","--","--","--","--"," ","0.00","0.46","499","0.47","10","82.30",
="077879","皇昌元大4B購01","0","0","0","--","--","--","--"," ","0.00","0.51","499","0.52","10","72.70",
="077880","皇昌元大52購01","100,000","1","72,000","0.72","0.72","0.72","0.72","+","0.02","0.70","499","0.71","10","72.70",
="077881","皇昌元大54購01","100,000","2","98,000","0.99","0.99","0.97","0.97"," ","0.00","0.96","499","0.97","10","72.70",
="077882","長榮元大4A購05","0","0","0","--","--","--","--"," ","0.00","--","0","0.10","10","182.00",
="077883","長榮元大4A購06","0","0","0","--","--","--","--"," ","0.00","--","0","0.10","10","182.00",
="077884","長榮元大51購09","0","0","0","--","--","--","--"," ","0.00","0.38","499","0.39","10","182.00",
="077885","陽明元大4C購01","0","0","0","--","--","--","--"," ","0.00","0.63","499","0.64","10","55.20",
="077886","陽明元大52購01","3,000","1","2,340","0.78","0.78","0.78","0.78","-","0.06","0.77","499","0.78","10","55.20",
="077887","星宇元大4A購01","0","0","0","--","--","--","--"," ","0.00","--","0","0.10","10","24.90",
="077888","星宇元大4A購02","0","0","0","--","--","--","--"," ","0.00","0.13","499","0.14","10","24.90",
="077889","威強電元大4A購01","0","0","0","--","--","--","--"," ","0.00","0.01","499","0.06","9","67.20",
="07788P","元石油元大4A售01","0","0","0","--","--","--","--"," ","0.00","0.24","250","0.29","10","0.00",
="077890","偉訓元大4A購01","82,000","1","182,040","2.22","2.22","2.22","2.22","-","0.21","1.92","300","1.99","10","97.50",
="077891","偉訓元大4A購02","0","0","0","--","--","--","--"," ","0.00","3.99","150","4.09","10","97.50",
="077892","欣興元大4A購03","0","0","0","--","--","--","--"," ","0.00","5.60","150","5.75","10","159.00",
="077893","欣興元大51購03","0","0","0","--","--","--","--"," ","0.00","8.25","100","8.40","10","159.00",
="077894","景碩元大4A購03","545,000","32","2,003,260","4.27","4.45","3.15","3.15","-","0.71","3.00","250","3.10","10","111.50",
="077895","玉晶光元大4C購01","44,000","3","95,970","2.21","2.21","2.17","2.17","-","0.08","2.15","25","2.18","10","443.50",
="077896","玉晶光元大51購01","92,000","9","153,540","1.75","1.75","1.61","1.70","-","0.08","1.63","25","1.67","10","443.50",
="077897","晶睿元大4C購01","0","0","0","--","--","--","--"," ","0.00","0.02","499","0.12","10","94.10",
="077898","達邁元大4A購01","482,000","9","342,430","0.69","0.76","0.69","0.76","X","0.00","0.59","499","0.60","10","73.10",
="077899","達邁元大4A購02","0","0","0","--","--","--","--"," ","0.00","1.71","450","1.75","10","73.10",
="077900","世芯元大4A購06","0","0","0","--","--","--","--"," ","0.00","--","0","--","0","3,700.00",
="077901","世芯元大4A購07","0","0","0","--","--","--","--"," ","0.00","--","0","--","0","3,700.00",
="077902","世芯元大4A購08","0","0","0","--","--","--","--"," ","0.00","--","0","--","0","3,700.00",
="077903","承業醫元大4A購01","0","0","0","--","--","--","--"," ","0.00","0.18","499","0.19","10","47.00",
="077904","材料元大4A購03","0","0","0","--","--","--","--"," ","0.00","--","0","0.10","10","66.40",
="077905","材料元大4A購04","0","0","0","--","--","--","--"," ","0.00","--","0","0.10","10","66.40",
="077906","上品元大4A購01","0","0","0","--","--","--","--"," ","0.00","0.93","499","0.98","10","308.00",
="077907","上品元大4B購01","82,000","2","54,020","0.66","0.66","0.64","0.64","X","0.00","0.62","499","0.63","10","308.00",
="077908","訊連元大4C購01","0","0","0","--","--","--","--"," ","0.00","0.15","499","0.16","10","97.60",
="077909","訊連元大4C購02","0","0","0","--","--","--","--"," ","0.00","0.26","499","0.27","10","97.60",
="077910","瀚宇博元大4A購01","0","0","0","--","--","--","--"," ","0.00","8.50","100","--","0","104.00",
="077911","凌華元大4A購01","0","0","0","--","--","--","--"," ","0.00","--","0","0.09","10","62.40",
="077912","帆宣元大4B購01","0","0","0","--","--","--","--"," ","0.00","4.56","25","--","0","255.00",
="077913","帆宣元大4C購01","20,000","2","98,000","4.92","4.92","4.88","4.88","-","0.02","4.82","25","4.92","10","255.00",
="077915","飛捷元大4A購01","8,000","1","480","0.06","0.06","0.06","0.06","X","0.00","0.07","499","0.08","10","106.50",
="077916","飛捷元大4C購01","0","0","0","--","--","--","--"," ","0.00","0.24","499","0.25","10","106.50",
="077917","訊芯元大4A購03","499,000","1","29,940","0.06","0.06","0.06","0.06","X","0.00","0.04","499","0.06","4","164.50",
="077918","訊芯元大4A購04","176,000","2","51,040","0.29","0.29","0.29","0.29","X","0.00","0.21","499","0.22","10","164.50",
="077919","保瑞元大4A購03","69,000","1","85,560","1.24","1.24","1.24","1.24","X","0.00","1.15","499","1.22","10","693.00",
="077920","保瑞元大4C購03","69,000","1","86,250","1.25","1.25","1.25","1.25","-","0.03","1.23","499","1.27","10","693.00",
="077921","穎崴元大4A購02","0","0","0","--","--","--","--"," ","0.00","5.10","150","--","0","2,015.00",
="077922","穎崴元大4A購03","0","0","0","--","--","--","--"," ","0.00","4.79","150","--","0","2,015.00",
="077923","虎航元大4A購01","0","0","0","--","--","--","--"," ","0.00","0.06","499","0.07","10","75.80",
="077924","虎航元大4C購01","0","0","0","--","--","--","--"," ","0.00","0.19","499","0.20","10","75.80",
="077925","采鈺元大4A購01","0","0","0","--","--","--","--"," ","0.00","1.35","450","1.42","10","305.50",
="077926","采鈺元大4A購02","0","0","0","--","--","--","--"," ","0.00","3.09","200","3.17","10","305.50",
="077927","ITH元大4A購01","0","0","0","--","--","--","--"," ","0.00","--","0","0.10","10","43.90",
="077929","ITH元大4A購02","0","0","0","--","--","--","--"," ","0.00","0.04","499","0.14","10","43.90",
="07792P","華邦電元大4B售04","0","0","0","--","--","--","--"," ","0.00","--","0","0.10","10","0.00",
="077930","臺股指元大4A購25","0","0","0","--","--","--","--"," ","0.00","5.00","499","5.50","10","0.00",
="077931","臺股指元大4A購26","0","0","0","--","--","--","--"," ","0.00","5.75","499","6.25","10","0.00",
="077932","臺股指元大4A購27","0","0","0","--","--","--","--"," ","0.00","4.11","499","4.21","10","0.00",
="077933","喬山中信4A購01","0","0","0","--","--","--","--"," ","0.00","--","0","--","0","0.00",
="077934","T50正2永豐4B購02","0","0","0","--","--","--","--"," ","0.00","3.66","499","3.67","10","302.45",
="077935","中興電永豐4A購03","0","0","0","--","--","--","--"," ","0.00","1.65","499","--","0","159.00",
="077936","台積電永豐4B購11","1,000","1","36,400","36.40","36.40","36.40","36.40","X","0.00","6.65","2","38.80","1","1,340.00",
="077937","京元電永豐4A購02","0","0","0","--","--","--","--"," ","0.00","16.80","499","--","0","167.00",
="077938","可成永豐4B購01","0","0","0","--","--","--","--"," ","0.00","0.41","499","0.42","10","189.00",
="077939","富邦金永豐4B購01","178,000","4","221,160","1.22","1.30","1.22","1.30","+","0.01","1.25","9","1.32","10","88.40",
="077940","奇鋐永豐4A購06","0","0","0","--","--","--","--"," ","0.00","7.80","499","8.10","10","1,015.00",
="077943","玉晶光永豐4C購02","72,000","4","111,040","1.60","1.60","1.51","1.55","-","0.19","1.60","10","1.70","10","443.50",
="077944","佳必琪永豐4B購01","0","0","0","--","--","--","--"," ","0.00","1.80","499","1.90","10","160.00",
="077945","迅得永豐4A購03","0","0","0","--","--","--","--"," ","0.00","0.36","499","0.46","10","176.00",
="077946","世紀鋼永豐4A購03","0","0","0","--","--","--","--"," ","0.00","0.18","499","0.28","10","171.50",
="077947","臺股指永豐51購03","0","0","0","--","--","--","--"," ","0.00","4.45","499","4.46","10","0.00",
="077948","華城國泰4B購01","0","0","0","--","--","--","--"," ","0.00","5.70","499","--","0","586.00",
="077949","奇鋐國泰4B購01","0","0","0","--","--","--","--"," ","0.00","16.20","499","--","0","1,015.00",
="077950","緯創國泰4B購01","0","0","0","--","--","--","--"," ","0.00","3.65","499","--","0","122.50",
="077951","迅得國泰4B購01","0","0","0","--","--","--","--"," ","0.00","0.65","499","0.67","10","176.00",
="077952","中興電富邦4A購02","0","0","0","--","--","--","--"," ","0.00","0.71","30","0.73","10","0.00",
="077955","華新富邦4B購01","338,000","7","27,500","0.10","0.10","0.08","0.08","-","0.03","0.08","30","0.09","10","0.00",
="077956","旺宏富邦4C購01","906,000","26","1,012,570","1.09","1.25","1.05","1.13","+","0.16","1.08","30","1.09","10","0.00",
="077957","鴻準富邦4B購01","0","0","0","--","--","--","--"," ","0.00","1.10","10","1.20","10","0.00",
="077959","皇昌富邦4C購01","0","0","0","--","--","--","--"," ","0.00","0.65","10","0.66","10","0.00",
="07795P","富華新國票4A售05","0","0","0","--","--","--","--"," ","0.00","0.35","25","0.38","10","0.00",
="077960","長榮富邦51購01","0","0","0","--","--","--","--"," ","0.00","0.56","10","0.57","10","0.00",
="077961","健策富邦4A購01","0","0","0","--","--","--","--"," ","0.00","6.95","30","--","0","0.00",
="077963","緯穎富邦4A購05","0","0","0","--","--","--","--"," ","0.00","5.20","30","5.40","10","0.00",
="077964","世紀鋼富邦4A購03","0","0","0","--","--","--","--"," ","0.00","0.16","30","0.17","28","0.00",
="077965","士電統一54購01","0","0","0","--","--","--","--"," ","0.00","0.82","10","0.83","10","183.00",
="077966","華城統一54購02","1,000","1","1,480","1.48","1.48","1.48","1.48","X","0.00","1.42","10","1.43","10","586.00",
="077967","允強統一54購01","0","0","0","--","--","--","--"," ","0.00","0.20","10","0.21","10","19.75",
="077968","星宇統一54購02","2,497,000","6","873,950","0.35","0.35","0.35","0.35","-","0.02","0.35","30","0.36","10","24.90",
="077969","融程電統一54購01","263,000","13","215,200","0.83","0.83","0.78","0.80","-","0.01","0.80","10","0.81","10","184.00",
="077970","ITH統一54購01","11,000","3","2,090","0.19","0.19","0.19","0.19","-","0.01","0.16","10","0.19","25","43.90",
="077971","連加統一5A購01","5,000","1","2,300","0.46","0.46","0.46","0.46"," ","0.00","0.45","10","0.46","10","606.00",
="077972","一詮台新4A購01","0","0","0","--","--","--","--"," ","0.00","0.05","20","--","0","0.00",
="077973","星宇台新4A購01","0","0","0","--","--","--","--"," ","0.00","0.02","20","--","0","0.00",
="077974","材料台新4A購01","0","0","0","--","--","--","--"," ","0.00","--","0","--","0","0.00",
="077975","迅得台新4A購01","0","0","0","--","--","--","--"," ","0.00","0.09","20","--","0","0.00",
="077976","虎航台新4A購01","0","0","0","--","--","--","--"," ","0.00","0.03","20","--","0","0.00",
="077977","國喬國票4B購01","0","0","0","--","--","--","--"," ","0.00","0.04","25","0.05","10","9.51",
="077978","華榮國票4B購01","110,000","13","152,840","1.40","1.40","1.27","1.30","-","0.07","1.23","25","1.33","10","29.70",
="077979","新光鋼國票4B購01","0","0","0","--","--","--","--"," ","0.00","0.26","25","0.27","10","42.30",
="077980","允強國票4B購01","0","0","0","--","--","--","--"," ","0.00","0.03","25","0.04","10","19.75",
="077981","敦陽科國票4B購01","10,000","1","15,200","1.52","1.52","1.52","1.52","X","0.00","1.48","25","1.57","10","171.50",
="077982","中航國票4B購01","90,000","7","90,150","1.00","1.03","0.96","1.03","-","0.09","1.01","25","1.03","10","51.70",
="077983","德律國票4C購01","1,000","1","4,870","4.87","4.87","4.87","4.87","X","0.00","4.36","25","4.46","10","189.00",
="077984","達邁國票4B購01","30,000","4","79,500","2.68","2.70","2.58","2.58","+","0.26","2.41","25","2.49","10","73.10",
="077985","永崴控國票4B購02","0","0","0","--","--","--","--"," ","0.00","0.02","25","0.03","10","34.30",
="077986","國光生國票4B購01","6,000","2","750","0.12","0.13","0.12","0.13","-","0.01","0.13","25","0.14","10","18.35",
="077987","上品國票4B購01","0","0","0","--","--","--","--"," ","0.00","0.58","25","0.59","10","308.00",
="077988","訊連國票4B購01","0","0","0","--","--","--","--"," ","0.00","0.01","25","0.02","10","97.60",
="077989","帆宣國票4C購01","0","0","0","--","--","--","--"," ","0.00","4.64","25","4.75","10","255.00",
="077990","緯穎國票4B購03","0","0","0","--","--","--","--"," ","0.00","6.45","25","6.95","10","3,140.00",
="077991","永道國票4B購01","0","0","0","--","--","--","--"," ","0.00","0.01","25","0.02","10","141.50",
="077992","連加國票4B購01","0","0","0","--","--","--","--"," ","0.00","0.07","25","0.08","10","606.00",
="077993","連加國票4B購02","0","0","0","--","--","--","--"," ","0.00","0.11","25","0.12","10","606.00",
="077994","連加國票4B購03","0","0","0","--","--","--","--"," ","0.00","0.30","25","0.31","10","606.00",
="077995","矽創國票4B購01","101,000","2","156,520","1.52","1.55","1.52","1.55","-","0.54","1.62","25","1.65","10","225.00",
="077996","T50正2凱基4B購02","0","0","0","--","--","--","--"," ","0.00","5.80","10","5.85","10","302.45",
="077997","T50正2凱基52購02","58,000","2","311,000","5.30","5.50","5.30","5.50","+","0.60","5.60","10","5.65","10","302.45",
="077998","元黃金凱基4C購01","250,000","4","406,040","1.68","1.68","1.61","1.61","X","0.00","1.66","10","1.67","50","40.68",
="077999","台泥凱基4A購02","0","0","0","--","--","--","--"," ","0.00","--","0","0.10","10","23.75",
="078000","台聚凱基4A購01","35,000","1","350","0.01","0.01","0.01","0.01","X","0.00","0.01","10","0.11","10","10.20",
="078001","華城凱基4B購02","0","0","0","--","--","--","--"," ","0.00","4.07","100","4.17","10","586.00",
="078002","允強凱基4A購01","0","0","0","--","--","--","--"," ","0.00","--","0","0.10","10","19.75",
="078003","上銀凱基4B購04","0","0","0","--","--","--","--"," ","0.00","0.60","100","--","0","217.50",
="078004","鴻海凱基4C購03","0","0","0","--","--","--","--"," ","0.00","7.55","14","8.05","10","221.00",
="078005","鴻海凱基57購01","0","0","0","--","--","--","--"," ","0.00","6.55","80","6.85","1","221.00",
="078006","鴻海凱基57購02","14,000","9","209,900","15.00","15.10","14.80","15.10","+","1.30","15.00","100","15.10","10","221.00",
="078007","台積電凱基4A購43","0","0","0","--","--","--","--"," ","0.00","8.45","12","8.95","10","1,340.00",
="078008","台積電凱基4C購21","4,000","1","21,400","5.35","5.35","5.35","5.35","+","0.64","5.65","100","6.15","10","1,340.00",
="078009","台積電凱基64購04","0","0","0","--","--","--","--"," ","0.00","8.35","12","8.65","1","1,340.00",
="078010","智邦凱基4A購04","0","0","0","--","--","--","--"," ","0.00","11.10","10","--","0","1,005.00",
="078011","金像電凱基4A購02","0","0","0","--","--","--","--"," ","0.00","16.60","100","--","0","455.00",
="078012","皇昌凱基4A購06","0","0","0","--","--","--","--"," ","0.00","--","0","0.10","10","72.70",
="078013","長榮凱基51購05","101,000","3","100,500","1.00","1.00","0.99","0.99","-","0.04","0.98","499","1.00","30","182.00",
="078014","漢翔凱基4C購02","263,000","14","529,030","2.17","2.17","1.92","1.92","-","0.41","1.89","100","1.93","10","62.60",
="078015","星宇凱基4A購01","0","0","0","--","--","--","--"," ","0.00","--","0","0.13","5","24.90",
="078016","奇鋐凱基4A購04","0","0","0","--","--","--","--"," ","0.00","20.80","100","--","0","1,015.00",
="078017","嘉澤凱基4B購01","0","0","0","--","--","--","--"," ","0.00","1.27","10","1.35","10","1,605.00",
="078018","世芯凱基52購02","3,000","2","10,190","3.41","3.41","3.37","3.37","-","0.30","3.11","100","3.17","10","3,700.00",
="078019","定穎控凱基4A購01","0","0","0","--","--","--","--"," ","0.00","13.40","100","--","0","90.10",
="07801P","元石油凱基4A售01","0","0","0","--","--","--","--"," ","0.00","0.73","100","0.83","10","0.00",
="078020","瀚宇博凱基4A購01","0","0","0","--","--","--","--"," ","0.00","17.50","100","18.50","10","104.00",
="078021","佳必琪凱基4A購01","0","0","0","--","--","--","--"," ","0.00","0.85","100","0.95","10","160.00",
="078022","保瑞凱基4A購04","0","0","0","--","--","--","--"," ","0.00","2.31","100","2.41","10","693.00",
="078023","虎航凱基4C購01","0","0","0","--","--","--","--"," ","0.00","0.11","100","0.12","50","75.80",
="078024","連加凱基4A購01","0","0","0","--","--","--","--"," ","0.00","0.08","10","0.18","10","606.00",
="078025","世紀鋼凱基4B購04","0","0","0","--","--","--","--"," ","0.00","0.24","10","0.25","10","171.50",
="078026","臺股指凱基4A購23","0","0","0","--","--","--","--"," ","0.00","5.30","100","--","0","0.00",
="078027","臺股指凱基4A購24","0","0","0","--","--","--","--"," ","0.00","8.00","100","--","0","0.00",
="078028","臺股指凱基4A購25","0","0","0","--","--","--","--"," ","0.00","6.45","100","--","0","0.00",
="078029","T50正2群益4A購04","0","0","0","--","--","--","--"," ","0.00","2.53","25","2.54","10","302.45",
="078030","華城群益54購02","3,000","1","14,220","4.74","4.74","4.74","4.74","X","0.00","--","0","--","0","586.00",
="078031","巧新群益4A購01","0","0","0","--","--","--","--"," ","0.00","--","0","0.10","10","49.40",
="078032","華榮群益4A購01","0","0","0","--","--","--","--"," ","0.00","0.01","10","0.39","10","29.70",
="078033","鴻海群益4C購01","0","0","0","--","--","--","--"," ","0.00","--","0","10.40","10","221.00",
="078034","旺宏群益52購01","17,000","3","38,480","2.29","2.29","2.20","2.20","+","0.08","2.24","2","--","0","26.75",
="078035","智邦群益4A購03","0","0","0","--","--","--","--"," ","0.00","--","0","--","0","1,005.00",
="078036","所羅門群益4A購01","0","0","0","--","--","--","--"," ","0.00","--","0","0.21","10","144.50",
="078037","台光電群益4A購02","0","0","0","--","--","--","--"," ","0.00","51.00","10","--","0","1,345.00",
="078038","聯發科群益4A購06","0","0","0","--","--","--","--"," ","0.00","0.01","2","--","0","1,375.00",
="078039","義隆群益52購01","1,000","1","670","0.67","0.67","0.67","0.67","-","0.03","0.19","52","--","0","132.50",
="07803P","華邦電凱基53售01","410,000","27","16,900","0.04","0.05","0.03","0.05"," ","0.00","0.04","30","0.05","453","0.00",
="078040","敦陽科群益4A購01","0","0","0","--","--","--","--"," ","0.00","--","0","--","0","171.50",
="078041","漢翔群益52購01","242,000","29","571,650","2.45","2.45","2.25","2.25","-","0.35","2.23","10","2.33","10","62.60",
="078042","星宇群益4A購01","0","0","0","--","--","--","--"," ","0.00","0.09","25","0.10","10","24.90",
="078043","星宇群益4B購01","0","0","0","--","--","--","--"," ","0.00","0.31","100","0.32","100","24.90",
="078044","晟銘電群益4A購02","0","0","0","--","--","--","--"," ","0.00","0.82","25","0.83","10","121.00",
="078045","奇鋐群益4A購05","0","0","0","--","--","--","--"," ","0.00","--","0","--","0","1,015.00",
="078046","世芯群益4A購05","0","0","0","--","--","--","--"," ","0.00","--","0","5.65","10","3,700.00",
="078047","材料群益4C購04","0","0","0","--","--","--","--"," ","0.00","0.18","10","0.28","10","66.40",
="078048","四維航群益4A購02","0","0","0","--","--","--","--"," ","0.00","0.01","521","0.38","10","17.00",
="078049","佳必琪群益4A購01","20,000","2","7,700","0.38","0.39","0.38","0.39","-","0.06","0.01","509","--","0","160.00",
="078050","保瑞群益4C購02","0","0","0","--","--","--","--"," ","0.00","--","0","3.51","10","693.00",
="078051","穎崴群益4A購03","0","0","0","--","--","--","--"," ","0.00","10.10","10","--","0","2,015.00",
="078052","緯穎群益54購01","0","0","0","--","--","--","--"," ","0.00","--","0","3.40","10","3,140.00",
="078053","永道群益4A購02","0","0","0","--","--","--","--"," ","0.00","--","0","--","0","141.50",
="078054","ITH群益4A購01","0","0","0","--","--","--","--"," ","0.00","--","0","0.10","10","43.90",
="078055","台灣50元富54購02","0","0","0","--","--","--","--"," ","0.00","17.30","25","17.40","10","58.45",
="078056","S&P反1元富4A購01","0","0","0","--","--","--","--"," ","0.00","0.02","25","0.12","10","4.41",
="078057","元金2X元富54購01","163,000","14","216,300","1.33","1.35","1.30","1.31","+","0.10","1.32","25","1.33","25","70.40",
="078058","星宇元富4A購02","0","0","0","--","--","--","--"," ","0.00","0.03","25","0.10","10","24.90",
="078059","國泰金元富4A購01","0","0","0","--","--","--","--"," ","0.00","2.62","25","2.72","25","66.20",
="078060","奇鋐元富4A購10","0","0","0","--","--","--","--"," ","0.00","19.60","25","20.00","25","1,015.00",
="078061","世芯元富4A購05","0","0","0","--","--","--","--"," ","0.00","3.01","25","3.11","25","3,700.00",
="078062","緯穎元富4A購05","0","0","0","--","--","--","--"," ","0.00","4.37","25","4.44","25","3,140.00",
="078063","虎航元富4A購02","0","0","0","--","--","--","--"," ","0.00","0.01","25","0.10","10","75.80",
="078064","連加元富4A購01","0","0","0","--","--","--","--"," ","0.00","0.44","25","0.45","25","606.00",
="078065","連加元富4A購02","0","0","0","--","--","--","--"," ","0.00","0.08","25","0.10","10","606.00",
="078066","世紀鋼元富4A購01","0","0","0","--","--","--","--"," ","0.00","0.62","25","0.64","25","171.50",
="078067","台灣50元大4A購11","0","0","0","--","--","--","--"," ","0.00","24.50","20","25.50","10","58.45",
="078068","鴻海元大4A購17","0","0","0","--","--","--","--"," ","0.00","4.49","200","--","0","221.00",
="078069","鴻海元大4A購18","0","0","0","--","--","--","--"," ","0.00","4.55","200","--","0","221.00",
="07806P","群創凱基4A售04","20,000","1","5,200","0.26","0.26","0.26","0.26","X","0.00","0.22","499","0.23","10","0.00",
="078070","鴻海元大4A購19","0","0","0","--","--","--","--"," ","0.00","3.67","200","3.74","10","221.00",
="078072","鴻海元大4A購20","0","0","0","--","--","--","--"," ","0.00","4.74","150","4.84","10","221.00",
="078073","鴻海元大4C購07","0","0","0","--","--","--","--"," ","0.00","4.91","150","5.00","10","221.00",
="078074","鴻海元大51購09","0","0","0","--","--","--","--"," ","0.00","3.80","200","3.87","10","221.00",
="078075","鴻海元大52購04","56,000","16","269,660","4.73","4.94","4.73","4.86","+","0.33","4.82","150","4.86","10","221.00",
="078076","台積電元大4A購28","0","0","0","--","--","--","--"," ","0.00","--","0","--","0","1,340.00",
="078077","台積電元大4A購29","0","0","0","--","--","--","--"," ","0.00","--","0","--","0","1,340.00",
="078078","台積電元大4A購30","0","0","0","--","--","--","--"," ","0.00","--","0","--","0","1,340.00",
="078079","台積電元大4A購31","0","0","0","--","--","--","--"," ","0.00","0.01","499","--","0","1,340.00",
="078080","台積電元大4A購32","0","0","0","--","--","--","--"," ","0.00","0.02","499","--","0","1,340.00",
="078081","台積電元大4A購33","276,000","4","1,314,500","4.61","5.10","4.61","5.10","+","1.98","0.01","499","--","0","1,340.00",
="078082","台積電元大4A購34","174,000","1","574,200","3.30","3.30","3.30","3.30","X","0.00","--","0","--","0","1,340.00",
="078083","台積電元大51購25","188,000","4","573,860","3.06","3.11","3.05","3.11","X","0.00","0.24","4","--","0","1,340.00",
="078084","所羅門元大52購01","111,000","6","51,560","0.47","0.47","0.46","0.46"," ","0.00","0.44","499","0.45","10","144.50",
="078085","金像電元大4A購02","0","0","0","--","--","--","--"," ","0.00","9.80","100","--","0","455.00",
="078086","金像電元大4A購03","0","0","0","--","--","--","--"," ","0.00","10.70","50","--","0","455.00",
="078087","建準元大4A購02","68,000","7","302,390","4.62","4.70","4.05","4.05","-","0.11","3.77","200","3.87","10","129.00",
="078088","建準元大4A購03","34,000","3","105,020","3.03","3.13","3.03","3.13","+","0.55","2.20","300","2.30","10","129.00",
="078089","建準元大4A購04","0","0","0","--","--","--","--"," ","0.00","3.90","200","--","0","129.00",
="078091","長榮元大4A購07","0","0","0","--","--","--","--"," ","0.00","0.13","499","0.14","10","182.00",
="078092","長榮元大51購10","15,000","1","4,200","0.28","0.28","0.28","0.28","-","0.04","0.27","499","0.28","10","182.00",
="078093","凱基金元大51購01","0","0","0","--","--","--","--"," ","0.00","0.26","499","0.27","10","15.00",
="078094","偉訓元大52購01","0","0","0","--","--","--","--"," ","0.00","1.41","499","1.44","10","97.50",
="078097","富華新元大4A購01","0","0","0","--","--","--","--"," ","0.00","--","0","0.10","10","20.05",
="078098","創意元大4A購02","0","0","0","--","--","--","--"," ","0.00","0.99","25","1.02","10","1,315.00",
="078099","創意元大4A購03","0","0","0","--","--","--","--"," ","0.00","0.78","499","0.81","10","1,315.00",
="07809P","鴻海群益4B售03","0","0","0","--","--","--","--"," ","0.00","0.01","100","0.05","100","0.00",
="078100","創意元大4A購04","0","0","0","--","--","--","--"," ","0.00","0.88","499","0.92","10","1,315.00",
="078101","創意元大4A購05","0","0","0","--","--","--","--"," ","0.00","0.16","499","0.17","10","1,315.00",
="078102","創意元大4A購06","0","0","0","--","--","--","--"," ","0.00","0.11","499","0.12","10","1,315.00",
="078105","世芯元大4A購09","0","0","0","--","--","--","--"," ","0.00","--","0","--","0","3,700.00",
="078106","世芯元大52購03","4,000","2","19,060","4.79","4.79","4.74","4.74","-","0.26","4.65","2","--","0","3,700.00",
="078108","材料元大4A購05","0","0","0","--","--","--","--"," ","0.00","--","0","0.10","10","66.40",
="07810P","鴻海群益53售05","0","0","0","--","--","--","--"," ","0.00","0.07","100","0.08","100","0.00",
="078111","材料元大51購10","0","0","0","--","--","--","--"," ","0.00","0.05","499","0.06","10","66.40",
="078112","訊連元大51購01","0","0","0","--","--","--","--"," ","0.00","0.20","499","0.21","10","97.60",
="078113","四維航元大4A購01","0","0","0","--","--","--","--"," ","0.00","0.05","499","0.06","10","17.00",
="078114","迎廣元大4A購02","0","0","0","--","--","--","--"," ","0.00","0.02","499","0.12","10","85.80",
="078115","志強元大4A購01","190,000","1","9,500","0.05","0.05","0.05","0.05","-","0.01","0.03","499","0.07","10","104.50",
="078116","AES元大4A購02","0","0","0","--","--","--","--"," ","0.00","2.30","300","--","0","1,195.00",
="078117","雲豹元大4A購01","0","0","0","--","--","--","--"," ","0.00","--","0","0.05","30","119.00",
="078118","連加元大4A購01","0","0","0","--","--","--","--"," ","0.00","0.34","499","0.35","10","606.00",
="078119","南電元大4C購01","0","0","0","--","--","--","--"," ","0.00","5.85","100","--","0","234.50",
="07811P","臺股指群益4B售14","0","0","0","--","--","--","--"," ","0.00","0.03","499","0.04","499","0.00",
="078120","上証2X中信4A購01","0","0","0","--","--","--","--"," ","0.00","0.27","499","0.28","100","0.00",
="078121","S&P500中信4A購01","0","0","0","--","--","--","--"," ","0.00","0.12","499","0.13","100","0.00",
="078122","臺股指中信4B購08","0","0","0","--","--","--","--"," ","0.00","3.67","499","3.76","10","0.00",
="078123","滬深2X永豐4A購06","0","0","0","--","--","--","--"," ","0.00","5.15","499","--","0","19.04",
="078124","滬深2X永豐4B購05","0","0","0","--","--","--","--"," ","0.00","5.70","499","--","0","19.04",
="078125","台灣50富邦4A購05","0","0","0","--","--","--","--"," ","0.00","6.05","100","6.25","10","0.00",
="078126","台灣50富邦51購03","0","0","0","--","--","--","--"," ","0.00","6.70","100","6.90","10","0.00",
="078127","鴻海富邦4A購09","0","0","0","--","--","--","--"," ","0.00","4.65","30","4.71","10","0.00",
="078128","鴻海富邦4C購02","0","0","0","--","--","--","--"," ","0.00","4.93","30","5.00","10","0.00",
="078129","台積電富邦4A購08","0","0","0","--","--","--","--"," ","0.00","3.93","30","4.01","10","0.00",
="07812P","臺股指群益4B售15","0","0","0","--","--","--","--"," ","0.00","0.04","499","0.23","20","0.00",
="078130","台積電富邦4B購12","0","0","0","--","--","--","--"," ","0.00","5.40","30","5.65","10","0.00",
="078131","聯發科富邦4A購06","0","0","0","--","--","--","--"," ","0.00","0.84","30","0.89","10","0.00",
="078132","聯發科富邦4C購02","1,000","1","1,330","1.33","1.33","1.33","1.33","-","0.19","1.31","30","1.36","10","0.00",
="078133","材料富邦4B購03","0","0","0","--","--","--","--"," ","0.00","0.14","10","0.15","10","0.00",
="078134","臺股指富邦4A購09","0","0","0","--","--","--","--"," ","0.00","5.00","499","--","0","0.00",
="078135","臺股指富邦4A購10","0","0","0","--","--","--","--"," ","0.00","5.80","100","--","0","0.00",
="078136","臺股指富邦51購03","0","0","0","--","--","--","--"," ","0.00","5.40","100","5.60","10","0.00",
="078137","臺股指富邦52購03","0","0","0","--","--","--","--"," ","0.00","4.89","499","4.93","10","0.00",
="078138","中華電群益4A購02","0","0","0","--","--","--","--"," ","0.00","--","0","--","0","133.50",
="078139","富華新群益4A購02","0","0","0","--","--","--","--"," ","0.00","--","0","0.10","10","20.05",
="07813P","台積電統一51售09","0","0","0","--","--","--","--"," ","0.00","0.09","10","0.10","10","0.00",
="078140","臺股指群益4A購24","0","0","0","--","--","--","--"," ","0.00","3.66","499","3.68","100","0.00",
="078141","滬深2X國票4B購03","0","0","0","--","--","--","--"," ","0.00","4.98","25","5.05","10","19.04",
="078142","滬深2X國票4C購03","0","0","0","--","--","--","--"," ","0.00","4.13","25","4.17","10","19.04",
="078143","滬深2X國票53購01","0","0","0","--","--","--","--"," ","0.00","3.08","25","3.09","10","19.04",
="078144","滬深2X國票55購02","0","0","0","--","--","--","--"," ","0.00","3.63","25","3.64","10","19.04",
="078145","滬深2X國票57購01","0","0","0","--","--","--","--"," ","0.00","2.60","25","2.61","10","19.04",
="078146","滬深2X國票58購01","0","0","0","--","--","--","--"," ","0.00","3.64","25","3.65","10","19.04",
="078147","鴻海國票4B購04","0","0","0","--","--","--","--"," ","0.00","--","0","--","0","221.00",
="078148","鴻海國票53購01","1,000","1","7,100","7.10","7.10","7.10","7.10","+","0.60","7.15","25","7.35","10","221.00",
="078149","長榮國票4B購03","0","0","0","--","--","--","--"," ","0.00","1.32","25","1.36","10","182.00",
="078150","長榮國票4C購01","112,000","2","40,320","0.36","0.36","0.36","0.36","X","0.00","0.35","25","0.36","10","182.00",
="078151","大立光國票4B購05","0","0","0","--","--","--","--"," ","0.00","1.28","25","1.32","10","2,360.00",
="078152","奇鋐國票4B購03","0","0","0","--","--","--","--"," ","0.00","18.70","25","19.70","10","1,015.00",
="078153","材料國票4B購01","0","0","0","--","--","--","--"," ","0.00","0.04","25","0.05","10","66.40",
="078154","緯穎國票4B購04","0","0","0","--","--","--","--"," ","0.00","9.50","25","10.00","10","3,140.00",
="078155","昇陽半國票4B購02","0","0","0","--","--","--","--"," ","0.00","--","0","--","0","179.50",
="078156","滬深2X國泰4B購01","0","0","0","--","--","--","--"," ","0.00","4.44","499","4.54","10","19.04",
="078157","元債2X國泰4B購01","0","0","0","--","--","--","--"," ","0.00","0.26","499","0.27","100","7.35",
="078158","鴻海國泰4B購01","0","0","0","--","--","--","--"," ","0.00","11.70","499","--","0","221.00",
="078159","台積電國泰4B購04","0","0","0","--","--","--","--"," ","0.00","10.10","10","--","0","1,340.00",
="078160","台積電國泰4B購05","0","0","0","--","--","--","--"," ","0.00","9.30","10","--","0","1,340.00",
="078161","聯發科國泰4B購01","27,000","7","46,110","1.81","1.81","1.69","1.69","-","0.22","1.61","499","1.65","10","1,375.00",
="078162","慧洋國泰4B購02","0","0","0","--","--","--","--"," ","0.00","1.91","499","1.93","100","58.40",
="078163","世芯國泰4B購01","0","0","0","--","--","--","--"," ","0.00","7.40","10","--","0","3,700.00",
="078164","台灣50台新4A購05","0","0","0","--","--","--","--"," ","0.00","7.40","10","--","0","0.00",
="078165","台積電台新4A購04","0","0","0","--","--","--","--"," ","0.00","5.70","20","--","0","0.00",
="078166","台積電台新4A購05","0","0","0","--","--","--","--"," ","0.00","37.00","10","--","0","0.00",
="078167","T50正2元富4A購05","0","0","0","--","--","--","--"," ","0.00","3.81","25","3.87","25","302.45",
="078168","T50正2元富54購02","0","0","0","--","--","--","--"," ","0.00","2.66","25","2.70","25","302.45",
="078169","T50反1元富4A購01","0","0","0","--","--","--","--"," ","0.00","--","0","0.10","10","18.29",
="078170","T50反1元富54購01","0","0","0","--","--","--","--"," ","0.00","0.05","25","0.10","10","18.29",
="078171","上証2X元富4A購05","0","0","0","--","--","--","--"," ","0.00","0.10","50","--","0","47.20",
="078172","FBNQ2X元富4A購02","0","0","0","--","--","--","--"," ","0.00","3.73","25","3.83","10","159.20",
="078173","FBNQ2X元富54購01","7,000","1","23,590","3.37","3.37","3.37","3.37","X","0.00","3.37","25","3.47","25","159.20",
="078174","SGBR2X元富54購01","245,000","3","666,300","2.70","2.72","2.70","2.72","-","0.16","2.72","25","2.73","25","10.98",
="078175","中502X元富54購01","1,000","1","4,580","4.58","4.58","4.58","4.58","X","0.00","4.48","25","4.58","24","13.10",
="078176","FANG+元富54購01","0","0","0","--","--","--","--"," ","0.00","4.19","25","4.29","25","118.00",
="078177","台積電元富4A購26","0","0","0","--","--","--","--"," ","0.00","--","0","--","0","1,340.00",
="078178","台積電元富4A購27","0","0","0","--","--","--","--"," ","0.00","--","0","--","0","1,340.00",
="078179","台積電元富54購02","0","0","0","--","--","--","--"," ","0.00","--","0","--","0","1,340.00",
="078180","台積電元富54購03","0","0","0","--","--","--","--"," ","0.00","--","0","--","0","1,340.00",
="078181","臺股指元富4A購07","0","0","0","--","--","--","--"," ","0.00","3.86","25","3.96","25","0.00",
="078182","臺股指元富4A購08","0","0","0","--","--","--","--"," ","0.00","3.61","25","3.71","25","0.00",
="078183","臺股指元富4A購09","0","0","0","--","--","--","--"," ","0.00","3.36","25","3.46","25","0.00",
="078185","台灣50元大4A購13","0","0","0","--","--","--","--"," ","0.00","12.10","100","13.10","10","58.45",
="078186","台灣50元大4A購14","0","0","0","--","--","--","--"," ","0.00","9.80","100","--","0","58.45",
="078187","台灣50元大4A購15","0","0","0","--","--","--","--"," ","0.00","7.55","100","--","0","58.45",
="078188","台灣50元大4A購16","0","0","0","--","--","--","--"," ","0.00","7.05","200","--","0","58.45",
="078189","元黃金元大4C購01","305,000","15","869,330","2.86","2.94","2.83","2.87","+","0.28","2.89","100","2.90","100","40.68",
="078190","滬深2X元大4C購05","0","0","0","--","--","--","--"," ","0.00","2.64","499","--","0","19.04",
="078191","S&P正2元大51購01","0","0","0","--","--","--","--"," ","0.00","7.60","499","--","0","110.95",
="078192","香港2X元大4A購01","0","0","0","--","--","--","--"," ","0.00","3.16","499","3.26","10","18.02",
="078193","鴻海元大4A購21","0","0","0","--","--","--","--"," ","0.00","3.12","250","--","0","221.00",
="078194","鴻海元大51購10","0","0","0","--","--","--","--"," ","0.00","2.76","300","--","0","221.00",
="078195","鴻海元大52購05","0","0","0","--","--","--","--"," ","0.00","2.70","300","--","0","221.00",
="078196","台積電元大4A購35","0","0","0","--","--","--","--"," ","0.00","--","0","--","0","1,340.00",
="078197","台積電元大4A購36","0","0","0","--","--","--","--"," ","0.00","--","0","--","0","1,340.00",
="078198","台積電元大51購26","0","0","0","--","--","--","--"," ","0.00","--","0","--","0","1,340.00",
="078199","聯發科元大51購09","384,000","3","345,400","0.90","0.90","0.88","0.88","X","0.00","0.86","25","0.87","10","1,375.00",
="078200","聯發科元大52購03","379,000","5","415,710","1.12","1.12","1.06","1.06","-","0.11","1.03","25","1.05","10","1,375.00",
="078201","長榮元大4A購08","0","0","0","--","--","--","--"," ","0.00","0.44","499","0.47","10","182.00",
="078202","長榮元大51購11","0","0","0","--","--","--","--"," ","0.00","0.78","499","0.79","10","182.00",
="078203","漢翔元大4A購03","0","0","0","--","--","--","--"," ","0.00","2.66","250","--","0","62.60",
="078204","世芯元大4A購10","0","0","0","--","--","--","--"," ","0.00","--","0","--","0","3,700.00",
="078205","世芯元大52購04","0","0","0","--","--","--","--"," ","0.00","--","0","--","0","3,700.00",
="078206","訊連元大4A購01","0","0","0","--","--","--","--"," ","0.00","0.07","499","0.08","10","97.60",
="078207","訊連元大4A購02","0","0","0","--","--","--","--"," ","0.00","0.15","499","0.16","10","97.60",
="078208","訊連元大54購01","0","0","0","--","--","--","--"," ","0.00","0.49","500","0.50","10","97.60",
="078209","臺股指元大4A購30","0","0","0","--","--","--","--"," ","0.00","10.40","499","11.40","10","0.00",
="078210","臺股指元大4A購31","0","0","0","--","--","--","--"," ","0.00","7.95","499","8.45","10","0.00",
="078211","臺股指元大4A購32","0","0","0","--","--","--","--"," ","0.00","8.55","499","9.05","10","0.00",
="078212","臺股指元大4A購33","0","0","0","--","--","--","--"," ","0.00","6.20","499","6.70","10","0.00",
="078213","臺股指元大4A購34","0","0","0","--","--","--","--"," ","0.00","6.30","499","6.80","10","0.00",
="078214","臺股指元大4A購35","0","0","0","--","--","--","--"," ","0.00","5.35","499","5.85","10","0.00",
="078215","道瓊銀凱基4B購02","0","0","0","--","--","--","--"," ","0.00","1.90","10","1.95","4","36.75",
="078216","鴻海凱基4A購10","0","0","0","--","--","--","--"," ","0.00","5.30","19","--","0","221.00",
="078217","鴻海凱基52購02","0","0","0","--","--","--","--"," ","0.00","5.70","18","6.20","10","221.00",
="078218","台積電凱基4A購45","0","0","0","--","--","--","--"," ","0.00","12.10","10","--","0","1,340.00",
="078219","台積電凱基51購10","0","0","0","--","--","--","--"," ","0.00","10.90","10","11.90","10","1,340.00",
="07821P","創意群益4C售02","0","0","0","--","--","--","--"," ","0.00","0.21","6","--","0","0.00",
="078220","材料凱基4A購03","0","0","0","--","--","--","--"," ","0.00","0.28","100","0.38","10","66.40",
="078221","S&P正2中信4B購01","0","0","0","--","--","--","--"," ","0.00","2.03","499","2.04","10","0.00",
="078222","東陽中信4A購01","0","0","0","--","--","--","--"," ","0.00","--","0","0.05","10","0.00",
="078223","創意中信4A購01","0","0","0","--","--","--","--"," ","0.00","1.95","499","--","0","0.00",
="078224","緯穎中信4A購03","0","0","0","--","--","--","--"," ","0.00","4.78","499","4.83","10","0.00",
="078225","鴻海永豐4A購10","0","0","0","--","--","--","--"," ","0.00","7.05","499","--","0","221.00",
="078226","鴻海永豐4A購11","0","0","0","--","--","--","--"," ","0.00","7.00","499","--","0","221.00",
="078227","台積電永豐4A購13","0","0","0","--","--","--","--"," ","0.00","--","0","--","0","1,340.00",
="078228","所羅門永豐4C購02","0","0","0","--","--","--","--"," ","0.00","1.18","499","1.21","10","144.50",
="078229","欣興永豐4A購02","0","0","0","--","--","--","--"," ","0.00","13.10","499","--","0","159.00",
="07822P","臺股指群益55售02","3,000","1","870","0.29","0.29","0.29","0.29","-","0.03","0.29","499","0.30","499","0.00",
="078230","世芯永豐4A購08","0","0","0","--","--","--","--"," ","0.00","6.10","499","--","0","3,700.00",
="078231","保瑞永豐4C購01","18,000","1","40,680","2.26","2.26","2.26","2.26","X","0.00","2.21","499","2.31","10","693.00",
="078232","臺股指永豐4A購07","0","0","0","--","--","--","--"," ","0.00","5.35","499","5.50","10","0.00",
="078233","台灣50凱基4A購13","0","0","0","--","--","--","--"," ","0.00","11.60","100","--","0","58.45",
="078234","台灣50凱基4B購04","0","0","0","--","--","--","--"," ","0.00","17.90","100","--","0","58.45",
="078235","T50正2凱基4A購07","0","0","0","--","--","--","--"," ","0.00","10.70","10","--","0","302.45",
="078236","T50正2凱基4B購03","0","0","0","--","--","--","--"," ","0.00","12.80","10","--","0","302.45",
="078237","元黃金凱基54購01","2,000","2","7,760","3.87","3.89","3.87","3.89","+","0.27","3.91","10","3.92","50","40.68",
="078238","滬深2X凱基4B購07","0","0","0","--","--","--","--"," ","0.00","5.10","100","5.15","10","19.04",
="078239","日本2X凱基4B購01","0","0","0","--","--","--","--"," ","0.00","7.70","100","8.20","10","66.80",
="07823P","元金2X國票4B售01","0","0","0","--","--","--","--"," ","0.00","0.01","25","0.05","10","0.00",
="078240","國企2X凱基4A購06","0","0","0","--","--","--","--"," ","0.00","2.67","100","2.77","10","11.65",
="078241","元金2X凱基4C購01","20,000","1","40,600","2.03","2.03","2.03","2.03","+","0.19","2.05","100","--","0","70.40",
="078242","鴻海凱基4B購08","0","0","0","--","--","--","--"," ","0.00","4.96","21","5.25","10","221.00",
="078243","國巨凱基4A購06","0","0","0","--","--","--","--"," ","0.00","8.45","499","--","0","176.00",
="078244","長榮凱基4A購04","0","0","0","--","--","--","--"," ","0.00","1.24","100","--","0","182.00",
="078245","亞光凱基4B購01","0","0","0","--","--","--","--"," ","0.00","2.27","499","2.37","10","161.50",
="078246","世芯凱基4A購08","0","0","0","--","--","--","--"," ","0.00","7.90","100","--","0","3,700.00",
="078247","臺股指凱基4A購28","0","0","0","--","--","--","--"," ","0.00","9.15","100","--","0","0.00",
="078248","臺股指凱基4B購17","0","0","0","--","--","--","--"," ","0.00","10.60","100","--","0","0.00",
="078249","臺股指凱基4B購18","0","0","0","--","--","--","--"," ","0.00","11.30","100","12.30","10","0.00",
="07824P","大成鋼國票4A售04","0","0","0","--","--","--","--"," ","0.00","0.05","25","0.06","10","0.00",
="078250","台灣50元富4A購08","0","0","0","--","--","--","--"," ","0.00","14.50","25","14.90","25","58.45",
="078251","台灣50元富4A購09","0","0","0","--","--","--","--"," ","0.00","15.50","25","15.90","25","58.45",
="078252","台灣50元富4A購10","0","0","0","--","--","--","--"," ","0.00","16.90","25","17.30","10","58.45",
="078253","T50正2元富51購03","0","0","0","--","--","--","--"," ","0.00","5.15","25","5.25","25","302.45",
="078254","滬深2X元富4A購06","0","0","0","--","--","--","--"," ","0.00","0.10","50","--","0","19.04",
="078255","世芯元富4A購06","0","0","0","--","--","--","--"," ","0.00","4.26","25","4.35","25","3,700.00",
="078256","世芯元富4A購07","0","0","0","--","--","--","--"," ","0.00","2.99","25","3.06","25","3,700.00",
="078257","世芯元富51購05","0","0","0","--","--","--","--"," ","0.00","4.27","25","4.35","25","3,700.00",
="078258","世芯元富54購02","0","0","0","--","--","--","--"," ","0.00","4.31","25","4.40","25","3,700.00",
="078259","材料元富4A購07","0","0","0","--","--","--","--"," ","0.00","0.09","25","0.10","25","66.40",
="07825P","華邦電國票4B售03","0","0","0","--","--","--","--"," ","0.00","0.01","25","0.05","10","0.00",
="078260","緯穎元富51購03","0","0","0","--","--","--","--"," ","0.00","4.57","25","4.64","25","3,140.00",
="078261","虎航元富4A購03","0","0","0","--","--","--","--"," ","0.00","0.35","25","0.36","25","75.80",
="078262","國企2X國票4A購01","0","0","0","--","--","--","--"," ","0.00","2.63","25","2.72","10","11.65",
="078263","國企2X國票4C購01","1,000","1","1,600","1.60","1.60","1.60","1.60","-","0.06","1.50","25","1.51","10","11.65",
="078264","台積電國票4A購15","0","0","0","--","--","--","--"," ","0.00","--","0","--","0","1,340.00",
="078265","台積電國票4A購16","0","0","0","--","--","--","--"," ","0.00","--","0","--","0","1,340.00",
="078266","台積電國票4B購06","0","0","0","--","--","--","--"," ","0.00","9.85","25","10.70","10","1,340.00",
="078267","台積電國票4B購07","0","0","0","--","--","--","--"," ","0.00","--","0","--","0","1,340.00",
="078268","臺股指國票4A購06","7,000","4","64,200","9.10","9.25","9.10","9.25","+","0.40","9.20","499","9.40","1","0.00",
="078269","臺股指國票4A購07","2,000","1","16,100","8.05","8.05","8.05","8.05","X","0.00","8.20","499","8.30","2","0.00",
="07826P","台光電國票4A售05","0","0","0","--","--","--","--"," ","0.00","--","0","--","0","0.00",
="078270","臺股指國票4A購08","0","0","0","--","--","--","--"," ","0.00","7.20","499","7.70","10","0.00",
="078271","臺股指國票4A購09","0","0","0","--","--","--","--"," ","0.00","9.30","499","9.80","10","0.00",
="078272","華邦電國泰4B購01","0","0","0","--","--","--","--"," ","0.00","17.00","499","--","0","36.45",
="078273","大立光國泰4B購01","0","0","0","--","--","--","--"," ","0.00","3.86","499","3.92","10","2,360.00",
="078274","材料國泰4B購01","22,000","1","14,080","0.64","0.64","0.64","0.64"," ","0.00","0.63","499","0.64","100","66.40",
="078275","緯穎國泰4B購01","0","0","0","--","--","--","--"," ","0.00","9.40","10","--","0","3,140.00",
="078276","台灣50群益4A購05","0","0","0","--","--","--","--"," ","0.00","--","0","--","0","58.45",
="078277","台灣50群益4A購06","0","0","0","--","--","--","--"," ","0.00","--","0","--","0","58.45",
="078278","T50正2群益4A購06","0","0","0","--","--","--","--"," ","0.00","--","0","6.95","10","302.45",
="078279","上証2X群益52購01","0","0","0","--","--","--","--"," ","0.00","0.50","2","--","0","47.20",
="07827P","長榮國票4A售05","0","0","0","--","--","--","--"," ","0.00","1.33","25","1.37","10","0.00",
="078280","滬深2X群益52購01","0","0","0","--","--","--","--"," ","0.00","0.35","3","--","0","19.04",
="078281","FBNQ2X群益54購01","10,000","1","46,500","4.65","4.65","4.65","4.65","X","0.00","4.64","25","4.65","10","159.20",
="078282","SGBR2X群益54購01","0","0","0","--","--","--","--"," ","0.00","1.05","25","1.06","10","10.98",
="078283","中502X群益4C購01","0","0","0","--","--","--","--"," ","0.00","3.98","25","3.99","10","13.10",
="078284","統一群益4B購01","0","0","0","--","--","--","--"," ","0.00","0.41","10","0.51","10","78.40",
="078285","華新群益4A購05","0","0","0","--","--","--","--"," ","0.00","--","0","--","0","24.05",
="078286","台玻群益4A購03","0","0","0","--","--","--","--"," ","0.00","7.10","10","--","0","25.95",
="078287","台達電群益4A購01","0","0","0","--","--","--","--"," ","0.00","--","0","--","0","893.00",
="078288","鴻海群益4A購11","0","0","0","--","--","--","--"," ","0.00","--","0","--","0","221.00",
="078289","鴻海群益4B購05","0","0","0","--","--","--","--"," ","0.00","--","0","--","0","221.00",
="07828P","穎崴國票4A售05","0","0","0","--","--","--","--"," ","0.00","0.01","25","0.05","10","0.00",
="078290","鴻海群益54購02","0","0","0","--","--","--","--"," ","0.00","--","0","13.40","10","221.00",
="078291","仁寶群益4A購01","50,000","6","62,400","1.26","1.33","1.15","1.15","+","0.09","0.06","166","1.15","10","31.40",
="078292","台積電群益4A購38","0","0","0","--","--","--","--"," ","0.00","--","0","--","0","1,340.00",
="078293","台積電群益4A購39","0","0","0","--","--","--","--"," ","0.00","--","0","--","0","1,340.00",
="078294","瑞昱群益4A購02","0","0","0","--","--","--","--"," ","0.00","--","0","1.75","10","540.00",
="078295","友達群益4A購01","0","0","0","--","--","--","--"," ","0.00","--","0","1.42","10","13.70",
="078296","漢翔群益4A購05","0","0","0","--","--","--","--"," ","0.00","2.02","499","3.65","2","62.60",
="078297","富邦金群益4A購02","0","0","0","--","--","--","--"," ","0.00","--","0","1.68","10","88.40",
="078298","大立光群益4A購04","0","0","0","--","--","--","--"," ","0.00","--","0","--","0","2,360.00",
="078299","奇鋐群益54購03","0","0","0","--","--","--","--"," ","0.00","16.40","499","17.40","10","1,015.00",
="078300","亞光群益4A購02","0","0","0","--","--","--","--"," ","0.00","1.86","499","--","0","161.50",
="078301","創意群益4A購04","0","0","0","--","--","--","--"," ","0.00","2.00","6","--","0","1,315.00",
="078302","世芯群益54購01","0","0","0","--","--","--","--"," ","0.00","--","0","7.50","10","3,700.00",
="078303","材料群益54購01","19,000","1","15,200","0.80","0.80","0.80","0.80","X","0.00","0.79","10","0.89","10","66.40",
="078304","緯穎群益54購02","0","0","0","--","--","--","--"," ","0.00","--","0","4.94","10","3,140.00",
="078305","臺股指群益4A購25","0","0","0","--","--","--","--"," ","0.00","4.07","499","4.08","499","0.00",
="078306","臺股指群益4A購26","0","0","0","--","--","--","--"," ","0.00","3.27","499","3.28","499","0.00",
="078307","臺股指群益4A購27","0","0","0","--","--","--","--"," ","0.00","7.40","499","7.45","499","0.00",
="078308","T50反1台新4A購01","0","0","0","--","--","--","--"," ","0.00","--","0","--","0","0.00",
="078309","滬深2X台新4A購01","0","0","0","--","--","--","--"," ","0.00","3.08","20","--","0","0.00",
="078310","鴻海台新4A購04","0","0","0","--","--","--","--"," ","0.00","48.20","10","--","0","0.00",
="078311","聯發科台新4A購03","0","0","0","--","--","--","--"," ","0.00","0.59","10","--","0","0.00",
="078312","嘉澤台新4A購01","0","0","0","--","--","--","--"," ","0.00","2.61","10","--","0","0.00",
="078313","上証2X元大4C購01","0","0","0","--","--","--","--"," ","0.00","2.40","499","2.50","10","47.20",
="078314","滬深2X元大4A購08","0","0","0","--","--","--","--"," ","0.00","2.52","499","--","0","19.04",
="078315","滬深2X元大4B購07","0","0","0","--","--","--","--"," ","0.00","2.78","499","--","0","19.04",
="078318","日本2X元大4C購01","0","0","0","--","--","--","--"," ","0.00","5.80","499","--","0","66.80",
="078319","道瓊反元大54購01","100,000","2","4,000","0.04","0.04","0.04","0.04","-","0.01","0.04","110","0.05","310","5.81",
="078321","FBNQ2X元大4A購05","0","0","0","--","--","--","--"," ","0.00","6.90","499","--","0","159.20",
="078323","FBNQ2X元大4B購03","0","0","0","--","--","--","--"," ","0.00","6.40","499","--","0","159.20",
="078324","FBNQ2X元大4C購04","0","0","0","--","--","--","--"," ","0.00","6.25","499","--","0","159.20",
="078325","FANG+元大4A購03","0","0","0","--","--","--","--"," ","0.00","3.30","499","--","0","118.00",
="078326","FANG+元大4B購02","0","0","0","--","--","--","--"," ","0.00","2.85","499","2.95","10","118.00",
="078327","美費半元大4A購03","0","0","0","--","--","--","--"," ","0.00","8.10","499","--","0","49.19",
="078328","美費半元大4B購03","0","0","0","--","--","--","--"," ","0.00","6.70","499","--","0","49.19",
="078329","鴻海元大4A購22","0","0","0","--","--","--","--"," ","0.00","4.09","200","--","0","221.00",
="07832P","中502X元大4B售04","0","0","0","--","--","--","--"," ","0.00","0.72","250","0.73","100","0.00",
="078330","鴻海元大51購11","0","0","0","--","--","--","--"," ","0.00","3.45","250","--","0","221.00",
="078331","鴻海元大52購06","0","0","0","--","--","--","--"," ","0.00","3.74","200","--","0","221.00",
="078332","台積電元大4A購37","0","0","0","--","--","--","--"," ","0.00","--","0","--","0","1,340.00",
="078333","台積電元大4A購38","0","0","0","--","--","--","--"," ","0.00","--","0","--","0","1,340.00",
="078334","台積電元大51購27","0","0","0","--","--","--","--"," ","0.00","5.50","1","--","0","1,340.00",
="078335","聯發科元大4A購08","0","0","0","--","--","--","--"," ","0.00","0.16","25","0.17","10","1,375.00",
="078336","聯發科元大4A購09","288,000","2","99,300","0.35","0.35","0.32","0.32","X","0.00","0.30","25","0.31","10","1,375.00",
="078337","長榮元大4A購09","0","0","0","--","--","--","--"," ","0.00","0.40","499","0.41","10","182.00",
="078338","長榮元大4A購10","0","0","0","--","--","--","--"," ","0.00","0.83","499","0.87","10","182.00",
="078339","亞光元大4A購02","0","0","0","--","--","--","--"," ","0.00","1.47","450","1.51","10","161.50",
="078340","世芯元大4A購11","0","0","0","--","--","--","--"," ","0.00","--","0","--","0","3,700.00",
="078341","世芯元大4A購12","0","0","0","--","--","--","--"," ","0.00","--","0","--","0","3,700.00",
="078342","世芯元大52購05","0","0","0","--","--","--","--"," ","0.00","--","0","--","0","3,700.00",
="078343","元石油中信4C購01","0","0","0","--","--","--","--"," ","0.00","0.67","34","0.68","30","0.00",
="078344","道瓊反中信51購01","0","0","0","--","--","--","--"," ","0.00","0.47","499","0.48","100","0.00",
="078345","元債反中信4A購01","0","0","0","--","--","--","--"," ","0.00","0.32","499","0.33","100","0.00",
="078346","上銀中信4A購02","0","0","0","--","--","--","--"," ","0.00","0.50","499","--","0","0.00",
="078347","鴻海中信4B購01","0","0","0","--","--","--","--"," ","0.00","3.25","499","3.35","10","0.00",
="078348","台積電中信4A購04","0","0","0","--","--","--","--"," ","0.00","4.64","499","--","0","0.00",
="078349","緯穎中信4B購02","0","0","0","--","--","--","--"," ","0.00","5.00","499","5.05","10","0.00",
="078350","台灣50永豐4A購04","0","0","0","--","--","--","--"," ","0.00","13.80","10","--","0","58.45",
="078351","上証2X永豐4A購02","0","0","0","--","--","--","--"," ","0.00","0.07","50","--","0","47.20",
="078352","鴻海永豐4A購12","0","0","0","--","--","--","--"," ","0.00","7.90","10","--","0","221.00",
="078353","廣宇永豐51購01","10,000","1","33,800","3.38","3.38","3.38","3.38","X","0.00","3.42","499","3.46","10","54.10",
="078354","台積電永豐64購01","992,000","13","3,607,170","3.63","3.72","3.63","3.72","+","0.23","3.70","3","--","0","1,340.00",
="078355","長榮永豐4A購03","0","0","0","--","--","--","--"," ","0.00","0.75","499","0.78","10","182.00",
="078356","臺股指永豐4C購05","0","0","0","--","--","--","--"," ","0.00","7.40","499","7.45","10","0.00",
="078357","T50正2凱基51購04","0","0","0","--","--","--","--"," ","0.00","7.05","10","--","0","302.45",
="078358","S&P正2凱基51購01","0","0","0","--","--","--","--"," ","0.00","6.60","100","7.10","10","110.95",
="078359","FBNQ2X凱基4A購02","0","0","0","--","--","--","--"," ","0.00","6.95","100","7.45","10","159.20",
="078360","元金2X凱基54購01","178,000","7","474,240","2.65","2.68","2.62","2.64","+","0.23","2.64","80","2.65","50","70.40",
="078361","道瓊銀凱基4B購03","0","0","0","--","--","--","--"," ","0.00","1.96","10","2.06","10","36.75",
="078362","美費半凱基4B購03","0","0","0","--","--","--","--"," ","0.00","7.20","100","7.70","10","49.19",
="078363","鴻海凱基4C購04","0","0","0","--","--","--","--"," ","0.00","6.55","16","7.05","10","221.00",
="078364","台積電凱基4A購46","0","0","0","--","--","--","--"," ","0.00","10.10","10","--","0","1,340.00",
="078365","台積電凱基54購09","0","0","0","--","--","--","--"," ","0.00","5.40","19","5.90","10","1,340.00",
="078366","聯發科凱基51購03","38,000","3","50,180","1.36","1.36","1.29","1.29","-","0.10","1.25","5","1.26","10","1,375.00",
="078367","富邦金凱基4A購02","0","0","0","--","--","--","--"," ","0.00","2.40","100","2.50","10","88.40",
="078368","大立光凱基4A購05","0","0","0","--","--","--","--"," ","0.00","2.73","100","2.83","10","2,360.00",
="078369","世芯凱基4A購09","0","0","0","--","--","--","--"," ","0.00","10.60","100","--","0","3,700.00",
="078370","迅得凱基4A購02","0","0","0","--","--","--","--"," ","0.00","1.70","100","3.05","100","176.00",
="078371","緯穎凱基4A購08","0","0","0","--","--","--","--"," ","0.00","8.35","100","--","0","3,140.00",
="078372","台灣50群益4A購08","5,000","1","41,750","8.35","8.35","8.35","8.35","+","0.35","8.55","25","8.60","10","58.45",
="078373","T50正2群益4A購07","0","0","0","--","--","--","--"," ","0.00","--","0","7.85","10","302.45",
="078374","國企2X群益54購01","5,000","1","14,500","2.90","2.90","2.90","2.90","-","0.12","2.91","10","3.01","10","11.65",
="078375","鴻海群益52購02","0","0","0","--","--","--","--"," ","0.00","--","0","14.80","10","221.00",
="078376","國巨群益54購01","0","0","0","--","--","--","--"," ","0.00","--","0","7.55","10","176.00",
="078377","台積電群益4A購40","0","0","0","--","--","--","--"," ","0.00","4.63","100","--","0","1,340.00",
="078378","台積電群益4B購16","0","0","0","--","--","--","--"," ","0.00","4.75","2","6.95","10","1,340.00",
="078379","台積電群益4C購07","1,000","1","3,410","3.41","3.41","3.41","3.41","+","0.23","--","0","3.60","10","1,340.00",
="07837P","台積電中信4A售02","0","0","0","--","--","--","--"," ","0.00","0.05","499","0.06","10","0.00",
="078380","台積電群益52購03","15,000","2","69,500","4.58","4.66","4.58","4.66","+","0.57","1.60","6","4.83","10","1,340.00",
="078381","聯發科群益4A購07","0","0","0","--","--","--","--"," ","0.00","3.00","4","--","0","1,375.00",
="078382","聯發科群益4A購08","0","0","0","--","--","--","--"," ","0.00","--","0","--","0","1,375.00",
="078383","聯發科群益4C購03","0","0","0","--","--","--","--"," ","0.00","0.04","260","--","0","1,375.00",
="078384","亞光群益52購01","0","0","0","--","--","--","--"," ","0.00","--","0","2.11","10","161.50",
="078385","材料群益54購02","50,000","2","44,600","0.90","0.90","0.89","0.89","-","0.01","0.89","10","0.99","10","66.40",
="078386","臺股指群益4A購30","0","0","0","--","--","--","--"," ","0.00","4.47","499","4.48","499","0.00",
="078387","川湖台新4A購02","0","0","0","--","--","--","--"," ","0.00","8.55","10","--","0","0.00",
="078388","鴻海台新4A購05","0","0","0","--","--","--","--"," ","0.00","9.90","20","--","0","0.00",
="078389","台積電台新4A購06","0","0","0","--","--","--","--"," ","0.00","5.70","10","--","0","0.00",
="078390","大立光台新4A購01","0","0","0","--","--","--","--"," ","0.00","2.50","20","--","0","0.00",
="078391","奇鋐台新4A購02","0","0","0","--","--","--","--"," ","0.00","--","0","--","0","0.00",
="078392","世芯台新4A購01","0","0","0","--","--","--","--"," ","0.00","--","0","--","0","0.00",
="078393","台灣50元富4A購11","0","0","0","--","--","--","--"," ","0.00","8.55","25","8.70","25","58.45",
="078394","台灣50元富4A購12","0","0","0","--","--","--","--"," ","0.00","8.95","25","9.15","25","58.45",
="078395","FANG+元富54購02","0","0","0","--","--","--","--"," ","0.00","3.46","25","3.56","25","118.00",
="078396","鴻海元富4A購09","0","0","0","--","--","--","--"," ","0.00","5.70","25","5.80","25","221.00",
="078397","鴻海元富4A購10","0","0","0","--","--","--","--"," ","0.00","5.45","25","5.55","25","221.00",
="078398","台積電元富4A購28","0","0","0","--","--","--","--"," ","0.00","--","0","--","0","1,340.00",
="078399","台積電元富4A購29","0","0","0","--","--","--","--"," ","0.00","--","0","--","0","1,340.00",
="07839P","聯發科永豐4A售03","0","0","0","--","--","--","--"," ","0.00","0.45","499","0.47","10","0.00",
="078400","台積電元富4A購30","0","0","0","--","--","--","--"," ","0.00","4.95","20","--","0","1,340.00",
="078401","台積電元富4B購05","0","0","0","--","--","--","--"," ","0.00","--","0","--","0","1,340.00",
="078402","台積電元富54購04","0","0","0","--","--","--","--"," ","0.00","--","0","--","0","1,340.00",
="078403","台積電元富54購05","0","0","0","--","--","--","--"," ","0.00","--","0","--","0","1,340.00",
="078404","台積電元富64購02","0","0","0","--","--","--","--"," ","0.00","--","0","--","0","1,340.00",
="078405","富邦金元富54購01","63,000","8","218,370","3.47","3.55","3.45","3.53","+","0.01","3.48","20","3.55","10","88.40",
="078406","台灣50國票4A購03","0","0","0","--","--","--","--"," ","0.00","--","0","--","0","58.45",
="078407","台灣50國票4A購04","0","0","0","--","--","--","--"," ","0.00","--","0","--","0","58.45",
="078408","T50正2國票4A購05","0","0","0","--","--","--","--"," ","0.00","--","0","--","0","302.45",
="078409","T50正2國票4A購06","0","0","0","--","--","--","--"," ","0.00","--","0","--","0","302.45",
="078410","T50正2國票4A購07","0","0","0","--","--","--","--"," ","0.00","--","0","--","0","302.45",
="078411","材料國票4B購02","180,000","6","52,500","0.29","0.31","0.28","0.28","-","0.01","0.29","25","0.30","20","66.40",
="078412","大成鋼國泰4B購01","0","0","0","--","--","--","--"," ","0.00","0.18","499","0.20","100","37.90",
="078413","智邦國泰4B購01","0","0","0","--","--","--","--"," ","0.00","9.60","499","--","0","1,005.00",
="078414","T50正2元大4A購09","0","0","0","--","--","--","--"," ","0.00","7.60","499","--","0","302.45",
="078415","日本2X元大4B購01","0","0","0","--","--","--","--"," ","0.00","5.30","499","--","0","66.80",
="078416","國企2X元大4B購03","0","0","0","--","--","--","--"," ","0.00","3.73","499","--","0","11.65",
="078417","中502X元大4A購05","0","0","0","--","--","--","--"," ","0.00","5.10","100","--","0","13.10",
="078418","中502X元大4B購05","0","0","0","--","--","--","--"," ","0.00","3.79","499","--","0","13.10",
="078419","中502X元大4B購06","0","0","0","--","--","--","--"," ","0.00","4.68","499","--","0","13.10",
="07841P","時碩元富4A售03","0","0","0","--","--","--","--"," ","0.00","--","0","--","0","0.00",
="078420","中502X元大4C購04","0","0","0","--","--","--","--"," ","0.00","4.40","100","--","0","13.10",
="078421","鴻海元大4A購23","0","0","0","--","--","--","--"," ","0.00","4.49","150","--","0","221.00",
="078422","鴻海元大51購12","0","0","0","--","--","--","--"," ","0.00","4.38","200","--","0","221.00",
="078423","鴻海元大54購01","0","0","0","--","--","--","--"," ","0.00","4.06","200","--","0","221.00",
="078424","台積電元大4A購39","0","0","0","--","--","--","--"," ","0.00","--","0","--","0","1,340.00",
="078425","台積電元大4A購40","0","0","0","--","--","--","--"," ","0.00","--","0","--","0","1,340.00",
="078426","台積電元大4A購41","0","0","0","--","--","--","--"," ","0.00","--","0","--","0","1,340.00",
="078427","聯發科元大4A購10","10,000","1","10,800","1.08","1.08","1.08","1.08","X","0.00","1.00","499","1.04","10","1,375.00",
="078428","聯發科元大4A購11","0","0","0","--","--","--","--"," ","0.00","0.99","25","1.04","10","1,375.00",
="078429","聯發科元大51購10","90,000","1","102,600","1.14","1.14","1.14","1.14","-","0.08","1.09","10","1.11","10","1,375.00",
="07842P","南亞科國票4A售03","0","0","0","--","--","--","--"," ","0.00","--","0","--","0","0.00",
="078430","長榮元大4A購11","0","0","0","--","--","--","--"," ","0.00","1.11","499","1.15","10","182.00",
="078431","大立光元大4A購06","0","0","0","--","--","--","--"," ","0.00","2.34","300","2.41","10","2,360.00",
="078432","大立光元大4A購07","0","0","0","--","--","--","--"," ","0.00","1.94","400","2.01","10","2,360.00",
="078433","奇鋐元大4A購04","0","0","0","--","--","--","--"," ","0.00","13.30","50","--","0","1,015.00",
="078434","亞光元大4A購03","0","0","0","--","--","--","--"," ","0.00","1.89","350","1.94","10","161.50",
="078435","緯創元大4A購03","0","0","0","--","--","--","--"," ","0.00","3.62","200","--","0","122.50",
="078436","群創元大4A購03","0","0","0","--","--","--","--"," ","0.00","1.15","499","1.19","10","14.15",
="078437","世芯元大4A購13","0","0","0","--","--","--","--"," ","0.00","--","0","--","0","3,700.00",
="078438","亞翔元大4A購02","0","0","0","--","--","--","--"," ","0.00","6.70","100","--","0","358.50",
="078439","世紀鋼元大4A購03","0","0","0","--","--","--","--"," ","0.00","0.87","25","0.91","10","171.50",
="07843P","建準國票4A售02","0","0","0","--","--","--","--"," ","0.00","0.04","25","0.05","10","0.00",
="078440","臺股指元大4A購39","0","0","0","--","--","--","--"," ","0.00","10.90","499","--","0","0.00",
="078441","臺股指元大4A購40","0","0","0","--","--","--","--"," ","0.00","7.70","499","--","0","0.00",
="078442","臺股指元大4A購41","0","0","0","--","--","--","--"," ","0.00","5.80","499","--","0","0.00",
="078443","金融類元大4A購01","0","0","0","--","--","--","--"," ","0.00","2.17","499","2.27","10","0.00",
="078445","元債2X富邦54購01","0","0","0","--","--","--","--"," ","0.00","0.32","100","0.33","98","0.00",
="078446","台達電富邦4A購01","0","0","0","--","--","--","--"," ","0.00","17.80","30","18.30","10","0.00",
="078447","台達電富邦4B購01","0","0","0","--","--","--","--"," ","0.00","13.80","30","14.30","10","0.00",
="078448","大立光富邦4B購04","0","0","0","--","--","--","--"," ","0.00","2.00","10","2.10","10","0.00",
="078449","日月光富邦4A購02","0","0","0","--","--","--","--"," ","0.00","3.27","30","3.34","10","0.00",
="07844P","萬海國票4A售03","0","0","0","--","--","--","--"," ","0.00","0.11","25","0.12","10","0.00",
="078450","日月光富邦4C購01","0","0","0","--","--","--","--"," ","0.00","2.52","30","2.57","10","0.00",
="078451","臺股指富邦51購04","0","0","0","--","--","--","--"," ","0.00","6.80","100","7.00","10","0.00",
="078452","T50正2永豐51購03","0","0","0","--","--","--","--"," ","0.00","10.50","499","10.90","10","302.45",
="078453","國企2X永豐51購01","0","0","0","--","--","--","--"," ","0.00","1.74","499","1.75","10","11.65",
="078454","宇隆永豐51購01","0","0","0","--","--","--","--"," ","0.00","2.79","499","2.84","10","217.00",
="078455","鴻海永豐51購02","0","0","0","--","--","--","--"," ","0.00","3.45","499","--","0","221.00",
="078456","鴻海永豐51購03","0","0","0","--","--","--","--"," ","0.00","3.61","499","--","0","221.00",
="078457","世芯永豐4A購09","0","0","0","--","--","--","--"," ","0.00","4.87","499","--","0","3,700.00",
="078458","世芯永豐51購03","0","0","0","--","--","--","--"," ","0.00","5.20","499","5.25","10","3,700.00",
="078459","T50正2元富4B購03","0","0","0","--","--","--","--"," ","0.00","5.65","25","5.75","25","302.45",
="07845P","奇鋐國票4A售03","0","0","0","--","--","--","--"," ","0.00","--","0","--","0","0.00",
="078460","日本2X元富54購01","0","0","0","--","--","--","--"," ","0.00","4.46","25","4.56","25","66.80",
="078461","S&P反1元富54購01","0","0","0","--","--","--","--"," ","0.00","0.40","25","0.41","25","4.41",
="078462","國企2X元富54購01","0","0","0","--","--","--","--"," ","0.00","3.57","25","3.60","25","11.65",
="078463","國巨元富4A購01","0","0","0","--","--","--","--"," ","0.00","10.30","25","10.50","10","176.00",
="078464","大立光元富4A購01","0","0","0","--","--","--","--"," ","0.00","1.49","25","1.56","25","2,360.00",
="078465","智原元富4A購07","0","0","0","--","--","--","--"," ","0.00","0.04","25","0.10","10","174.00",
="078466","世芯元富4B購08","0","0","0","--","--","--","--"," ","0.00","2.08","25","2.13","25","3,700.00",
="078467","鈞興元富4A購01","0","0","0","--","--","--","--"," ","0.00","1.67","25","1.73","25","178.50",
="078468","材料元富4A購08","0","0","0","--","--","--","--"," ","0.00","0.08","25","0.10","10","66.40",
="078469","緯穎元富4A購06","0","0","0","--","--","--","--"," ","0.00","6.35","25","6.50","25","3,140.00",
="07846P","緯創國票4A售04","0","0","0","--","--","--","--"," ","0.00","0.02","25","0.05","10","0.00",
="078470","T50反1國票4A購02","0","0","0","--","--","--","--"," ","0.00","0.01","25","0.02","10","18.29",
="078471","T50反1國票4B購02","0","0","0","--","--","--","--"," ","0.00","0.01","25","0.04","10","18.29",
="078472","中502X國票4B購05","0","0","0","--","--","--","--"," ","0.00","3.29","25","3.34","10","13.10",
="078473","晟銘電國票4A購05","0","0","0","--","--","--","--"," ","0.00","1.61","25","1.71","10","121.00",
="078475","T50正2國泰51購01","0","0","0","--","--","--","--"," ","0.00","6.85","499","--","0","302.45",
="078476","元日2X國泰51購01","0","0","0","--","--","--","--"," ","0.00","0.10","499","0.11","100","5.87",
="078477","台積電國泰51購01","0","0","0","--","--","--","--"," ","0.00","10.40","10","--","0","1,340.00",
="078478","漢唐國泰51購01","0","0","0","--","--","--","--"," ","0.00","16.30","10","16.90","10","987.00",
="078479","皇昌國泰51購01","22,000","1","41,360","1.88","1.88","1.88","1.88","X","0.00","1.75","499","1.76","100","72.70",
="07847P","富世達國票4A售02","0","0","0","--","--","--","--"," ","0.00","0.01","25","0.05","110","0.00",
="078480","長榮國泰51購01","0","0","0","--","--","--","--"," ","0.00","1.05","499","1.06","499","182.00",
="078481","緯創國泰51購01","2,000","1","7,860","3.93","3.93","3.93","3.93","X","0.00","3.89","499","3.99","100","122.50",
="078482","保瑞國泰51購01","9,000","1","30,780","3.42","3.42","3.42","3.42","X","0.00","3.43","499","3.48","100","693.00",
="078483","元金2X元大4C購01","0","0","0","--","--","--","--"," ","0.00","4.90","100","5.00","10","70.40",
="078484","第一銅元大4A購01","10,000","1","5,200","0.52","0.52","0.52","0.52","-","0.04","0.53","499","0.54","10","33.95",
="078485","鴻海元大4A購24","0","0","0","--","--","--","--"," ","0.00","4.04","200","--","0","221.00",
="078487","鴻海元大4A購25","0","0","0","--","--","--","--"," ","0.00","4.13","200","--","0","221.00",
="078488","鴻海元大54購02","25,000","1","99,250","3.97","3.97","3.97","3.97","X","0.00","3.99","200","4.03","10","221.00",
="078489","台積電元大4A購42","0","0","0","--","--","--","--"," ","0.00","--","0","--","0","1,340.00",
="078490","台積電元大4A購43","0","0","0","--","--","--","--"," ","0.00","--","0","--","0","1,340.00",
="078491","台積電元大54購03","0","0","0","--","--","--","--"," ","0.00","--","0","--","0","1,340.00",
="078492","聯發科元大4A購12","20,000","2","2,000","0.11","0.11","0.09","0.09","-","0.04","0.07","25","0.08","10","1,375.00",
="078493","聯發科元大51購11","174,000","1","104,400","0.60","0.60","0.60","0.60","X","0.00","0.57","499","0.58","10","1,375.00",
="078494","長榮元大4A購12","0","0","0","--","--","--","--"," ","0.00","0.67","499","0.70","10","182.00",
="078495","長榮元大51購12","28,000","3","29,460","1.07","1.07","1.05","1.05","-","0.04","1.03","499","1.05","10","182.00",
="078496","大立光元大4A購08","0","0","0","--","--","--","--"," ","0.00","1.56","499","1.63","10","2,360.00",
="078497","大立光元大4A購09","0","0","0","--","--","--","--"," ","0.00","1.22","499","1.28","10","2,360.00",
="078498","奇鋐元大4A購05","0","0","0","--","--","--","--"," ","0.00","16.00","50","--","0","1,015.00",
="078499","亞光元大4A購04","1,000","1","1,690","1.69","1.69","1.69","1.69","X","0.00","1.62","450","--","0","161.50",
="07849P","台積電富邦51售05","2,000","1","60","0.03","0.03","0.03","0.03","X","0.00","0.02","32","0.03","10","0.00",
="078500","世芯元大4A購14","0","0","0","--","--","--","--"," ","0.00","--","0","--","0","3,700.00",
="078501","世芯元大4A購15","0","0","0","--","--","--","--"," ","0.00","--","0","--","0","3,700.00",
="078502","世芯元大54購01","0","0","0","--","--","--","--"," ","0.00","--","0","--","0","3,700.00",
="078503","材料元大4A購08","0","0","0","--","--","--","--"," ","0.00","0.11","499","0.12","10","66.40",
="078504","T50正2凱基4A購08","0","0","0","--","--","--","--"," ","0.00","11.30","10","--","0","302.45",
="078505","元黃金凱基57購01","16,000","3","26,130","1.62","1.65","1.62","1.65","+","0.15","1.62","10","1.63","50","40.68",
="078506","S&P正2凱基4B購01","0","0","0","--","--","--","--"," ","0.00","1.40","100","1.41","50","110.95",
="078507","國企2X凱基4C購02","0","0","0","--","--","--","--"," ","0.00","1.88","100","1.89","50","11.65",
="078508","中502X凱基4B購03","0","0","0","--","--","--","--"," ","0.00","4.68","100","4.78","10","13.10",
="078509","中502X凱基4C購03","35,000","1","136,850","3.91","3.91","3.91","3.91","X","0.00","3.88","100","3.98","10","13.10",
="07850P","元金2X凱基4B售01","0","0","0","--","--","--","--"," ","0.00","--","0","0.10","10","0.00",
="078510","第一銅凱基4A購01","0","0","0","--","--","--","--"," ","0.00","0.14","10","0.24","10","33.95",
="078511","鴻海凱基51購06","0","0","0","--","--","--","--"," ","0.00","7.15","14","7.65","10","221.00",
="078512","廣宇凱基4A購01","0","0","0","--","--","--","--"," ","0.00","3.20","100","--","0","54.10",
="078513","台積電凱基54購10","0","0","0","--","--","--","--"," ","0.00","4.93","21","5.10","10","1,340.00",
="078514","緯穎凱基4A購09","0","0","0","--","--","--","--"," ","0.00","6.30","100","6.80","10","3,140.00",
="078515","緯穎凱基4B購05","0","0","0","--","--","--","--"," ","0.00","7.10","100","7.60","10","3,140.00",
="078516","臺股指凱基4A購30","0","0","0","--","--","--","--"," ","0.00","7.05","100","--","0","0.00",
="078517","電子類凱基4A購03","0","0","0","--","--","--","--"," ","0.00","6.60","10","7.10","10","0.00",
="078518","T50正2台新4A購01","0","0","0","--","--","--","--"," ","0.00","5.15","20","--","0","0.00",
="078519","亞光台新4A購01","0","0","0","--","--","--","--"," ","0.00","1.88","20","--","0","0.00",
="07851P","中502X凱基4B售02","0","0","0","--","--","--","--"," ","0.00","1.34","10","1.35","50","0.00",
="078520","緯創台新4A購01","0","0","0","--","--","--","--"," ","0.00","2.78","10","3.00","10","0.00",
="078521","FBNQ2X群益52購01","0","0","0","--","--","--","--"," ","0.00","2.13","25","2.14","10","159.20",
="078522","第一銅群益4A購01","5,000","1","550","0.11","0.11","0.11","0.11","X","0.00","0.10","25","0.11","10","33.95",
="078523","大立光永豐51購01","8,000","5","1,840","0.24","0.24","0.22","0.23","-","0.01","0.22","10","0.23","10","2,360.00",
="078524","台積電群益4C購08","15,000","4","16,200","1.02","1.11","1.02","1.11","+","0.21","0.08","125","--","0","1,340.00",
="078525","聯發科群益52購01","0","0","0","--","--","--","--"," ","0.00","--","0","--","0","1,375.00",
="078526","富邦金群益54購01","92,000","4","160,530","1.71","1.76","1.71","1.76","+","0.01","0.63","31","--","0","88.40",
="078527","大立光群益52購01","0","0","0","--","--","--","--"," ","0.00","--","0","2.51","10","2,360.00",
="078528","亞光群益52購02","0","0","0","--","--","--","--"," ","0.00","--","0","2.17","10","161.50",
="078529","智易群益4A購03","0","0","0","--","--","--","--"," ","0.00","--","0","--","0","223.00",
="078530","世芯群益54購03","0","0","0","--","--","--","--"," ","0.00","4.32","100","4.42","10","3,700.00",
="078531","保瑞群益54購01","141,000","7","214,000","1.49","1.53","1.49","1.51","+","0.02","1.50","10","1.60","10","693.00",
="078532","T50反1中信54購01","0","0","0","--","--","--","--"," ","0.00","0.09","499","0.10","100","0.00",
="078533","香港2X中信51購01","0","0","0","--","--","--","--"," ","0.00","0.93","499","0.94","100","0.00",
="078534","陽明中信4A購01","0","0","0","--","--","--","--"," ","0.00","0.02","499","0.07","10","0.00",
="078535","陽明中信4B購01","0","0","0","--","--","--","--"," ","0.00","0.09","499","0.10","10","0.00",
="078536","萬海中信4A購01","0","0","0","--","--","--","--"," ","0.00","0.10","499","0.11","10","0.00",
="078537","中502X群益52購02","1,000","1","4,410","4.41","4.41","4.41","4.41","X","0.00","4.42","25","4.43","10","13.10",
="078538","鴻海群益4A購12","0","0","0","--","--","--","--"," ","0.00","--","0","--","0","221.00",
="078539","廣宇群益54購01","2,000","1","6,860","3.43","3.43","3.43","3.43","-","0.06","3.42","10","3.52","10","54.10",
="078540","材料群益4A購01","0","0","0","--","--","--","--"," ","0.00","--","0","--","0","66.40",
="078541","緯穎群益4C購01","0","0","0","--","--","--","--"," ","0.00","--","0","3.00","10","3,140.00",
="078542","元金2X永豐51購01","0","0","0","--","--","--","--"," ","0.00","1.71","10","1.72","10","70.40",
="078543","第一銅永豐51購01","0","0","0","--","--","--","--"," ","0.00","0.87","10","0.88","10","33.95",
="078544","鴻海永豐54購01","0","0","0","--","--","--","--"," ","0.00","3.01","10","--","0","221.00",
="078545","鴻海永豐54購02","20,000","3","145,750","7.20","7.45","7.20","7.45","X","0.00","7.45","499","7.65","10","221.00",
="078546","台積電永豐4A購14","0","0","0","--","--","--","--"," ","0.00","--","0","--","0","1,340.00",
="078547","奇鋐永豐4A購07","0","0","0","--","--","--","--"," ","0.00","16.40","499","17.00","10","1,015.00",
="078548","欣興永豐4A購03","0","0","0","--","--","--","--"," ","0.00","14.30","499","--","0","159.00",
="078549","穎崴永豐4B購01","0","0","0","--","--","--","--"," ","0.00","14.20","499","15.20","10","2,015.00",
="078550","臺股指永豐52購02","0","0","0","--","--","--","--"," ","0.00","1.88","499","1.89","10","0.00",
="078551","美債2X元富4A購02","0","0","0","--","--","--","--"," ","0.00","0.36","25","0.37","25","7.33",
="078552","美債2X元富51購02","0","0","0","--","--","--","--"," ","0.00","0.66","25","0.67","25","7.33",
="078553","美債2X元富54購01","0","0","0","--","--","--","--"," ","0.00","0.80","25","0.81","25","7.33",
="078554","FB越南元富54購01","0","0","0","--","--","--","--"," ","0.00","3.38","25","3.48","25","15.73",
="078555","長榮元富4A購02","0","0","0","--","--","--","--"," ","0.00","0.24","25","0.25","25","182.00",
="078556","長榮元富51購05","0","0","0","--","--","--","--"," ","0.00","0.52","25","0.53","25","182.00",
="078557","長榮元富52購01","0","0","0","--","--","--","--"," ","0.00","0.55","25","0.56","25","182.00",
="078558","長榮航元富4A購03","0","0","0","--","--","--","--"," ","0.00","0.36","25","0.37","25","38.85",
="078559","奇鋐元富4A購11","0","0","0","--","--","--","--"," ","0.00","14.20","25","15.20","25","1,015.00",
="078560","奇鋐元富4A購12","0","0","0","--","--","--","--"," ","0.00","15.60","25","16.60","25","1,015.00",
="078561","神達元富4A購02","0","0","0","--","--","--","--"," ","0.00","13.50","25","14.50","10","90.00",
="078562","神達元富54購01","0","0","0","--","--","--","--"," ","0.00","13.50","25","14.50","25","90.00",
="078563","道瓊銀國票4B購01","0","0","0","--","--","--","--"," ","0.00","3.71","25","3.81","10","36.75",
="078564","國巨國票4A購04","0","0","0","--","--","--","--"," ","0.00","7.10","25","--","0","176.00",
="078565","國巨國票4B購02","0","0","0","--","--","--","--"," ","0.00","7.30","25","--","0","176.00",
="078566","台光電富邦4A購02","0","0","0","--","--","--","--"," ","0.00","9.30","30","9.50","10","0.00",
="078567","華航富邦4A購01","0","0","0","--","--","--","--"," ","0.00","0.08","30","0.09","28","0.00",
="078568","萬海富邦4A購03","0","0","0","--","--","--","--"," ","0.00","0.19","30","0.20","28","0.00",
="078569","緯創富邦4A購02","0","0","0","--","--","--","--"," ","0.00","1.60","30","--","0","0.00",
="07856P","漢翔群益4A售03","0","0","0","--","--","--","--"," ","0.00","--","0","2.66","3","0.00",
="078570","世紀鋼富邦4A購04","0","0","0","--","--","--","--"," ","0.00","0.71","30","0.72","10","0.00",
="078571","T50反1台新4A購02","0","0","0","--","--","--","--"," ","0.00","--","0","--","0","0.00",
="078572","聯發科台新4A購04","0","0","0","--","--","--","--"," ","0.00","0.22","10","--","0","0.00",
="078573","長榮台新4A購01","0","0","0","--","--","--","--"," ","0.00","0.07","20","--","0","0.00",
="078574","日本2X元大4B購02","0","0","0","--","--","--","--"," ","0.00","6.65","499","--","0","66.80",
="078575","國企2X元大4B購04","0","0","0","--","--","--","--"," ","0.00","2.85","499","2.95","10","11.65",
="078576","大成鋼元大4A購06","0","0","0","--","--","--","--"," ","0.00","0.08","499","0.09","10","37.90",
="078577","鴻海元大4A購26","0","0","0","--","--","--","--"," ","0.00","3.52","250","--","0","221.00",
="078578","鴻海元大4A購27","0","0","0","--","--","--","--"," ","0.00","3.40","250","--","0","221.00",
="078579","鴻海元大54購03","0","0","0","--","--","--","--"," ","0.00","3.25","250","--","0","221.00",
="07857P","S&P正2元大4C售01","0","0","0","--","--","--","--"," ","0.00","0.31","100","0.32","100","0.00",
="078580","台積電元大4A購44","0","0","0","--","--","--","--"," ","0.00","--","0","--","0","1,340.00",
="078581","台積電元大4A購45","0","0","0","--","--","--","--"," ","0.00","--","0","--","0","1,340.00",
="078582","台積電元大54購04","0","0","0","--","--","--","--"," ","0.00","--","0","--","0","1,340.00",
="078583","聯發科元大4A購13","0","0","0","--","--","--","--"," ","0.00","0.29","499","0.30","10","1,375.00",
="078584","聯發科元大54購01","22,000","3","17,650","0.81","0.81","0.78","0.78","-","0.07","0.77","11","0.78","5","1,375.00",
="078585","皇昌元大4A購01","0","0","0","--","--","--","--"," ","0.00","1.02","499","1.04","10","72.70",
="078586","長榮元大4A購13","0","0","0","--","--","--","--"," ","0.00","0.27","499","0.28","10","182.00",
="078587","世芯元大4A購16","0","0","0","--","--","--","--"," ","0.00","--","0","--","0","3,700.00",
="078588","世芯元大4A購17","0","0","0","--","--","--","--"," ","0.00","--","0","--","0","3,700.00",
="078589","世芯元大54購02","0","0","0","--","--","--","--"," ","0.00","--","0","--","0","3,700.00",
="078590","緯穎元大4A購10","0","0","0","--","--","--","--"," ","0.00","5.15","150","--","0","3,140.00",
="078591","緯穎元大4A購11","0","0","0","--","--","--","--"," ","0.00","4.49","150","--","0","3,140.00",
="078592","緯穎元大4A購12","0","0","0","--","--","--","--"," ","0.00","3.64","200","--","0","3,140.00",
="078593","聯電凱基4A購02","42,000","2","37,540","0.77","0.90","0.77","0.90","X","0.00","0.81","10","0.91","10","43.90",
="078594","漢唐凱基4A購02","0","0","0","--","--","--","--"," ","0.00","20.20","10","--","0","987.00",
="078595","聯發科凱基4A購08","0","0","0","--","--","--","--"," ","0.00","0.29","100","--","0","1,375.00",
="078596","長榮凱基4A購05","0","0","0","--","--","--","--"," ","0.00","0.35","100","--","0","182.00",
="078597","大立光凱基4B購02","27,000","2","42,660","1.58","1.58","1.58","1.58","-","0.06","1.55","100","1.60","10","2,360.00",
="078598","奇鋐凱基4A購05","0","0","0","--","--","--","--"," ","0.00","15.00","100","--","0","1,015.00",
="078599","亞光凱基4A購03","0","0","0","--","--","--","--"," ","0.00","0.68","499","--","0","161.50",
="078600","世芯凱基54購01","0","0","0","--","--","--","--"," ","0.00","5.85","100","6.35","10","3,700.00",
="078601","緯穎凱基4A購10","0","0","0","--","--","--","--"," ","0.00","8.80","100","--","0","3,140.00",
="078602","創意台新4A購01","0","0","0","--","--","--","--"," ","0.00","2.73","20","--","0","0.00",
="078603","FBNQ2X群益4C購02","0","0","0","--","--","--","--"," ","0.00","3.42","25","3.43","10","159.20",
="078604","FB越南群益4C購01","0","0","0","--","--","--","--"," ","0.00","2.34","25","2.35","10","15.73",
="078605","中砂群益4B購01","0","0","0","--","--","--","--"," ","0.00","--","0","5.65","10","339.00",
="078606","聯電群益4B購01","0","0","0","--","--","--","--"," ","0.00","--","0","--","0","43.90",
="078607","鴻海群益54購03","0","0","0","--","--","--","--"," ","0.00","--","0","6.10","10","221.00",
="078608","仁寶群益4B購02","70,000","7","59,020","0.85","0.87","0.79","0.79","+","0.07","0.74","10","0.84","10","31.40",
="078609","華邦電群益4B購01","0","0","0","--","--","--","--"," ","0.00","8.55","2","--","0","36.45",
="078610","海悅群益4B購01","800,000","5","32,220","0.04","0.05","0.04","0.05","X","0.00","0.04","10","0.14","10","89.00",
="078611","順德群益4A購01","0","0","0","--","--","--","--"," ","0.00","--","0","1.13","10","81.90",
="078612","燿華群益4A購01","0","0","0","--","--","--","--"," ","0.00","0.10","30","0.93","10","27.50",
="078613","金像電群益4A購02","0","0","0","--","--","--","--"," ","0.00","--","0","--","0","455.00",
="078614","漢唐群益4A購01","0","0","0","--","--","--","--"," ","0.00","--","0","19.50","10","987.00",
="078615","盟立群益4A購01","0","0","0","--","--","--","--"," ","0.00","0.24","26","--","0","72.30",
="078616","強茂群益4A購01","0","0","0","--","--","--","--"," ","0.00","--","0","4.58","10","71.70",
="078617","中工群益4A購01","0","0","0","--","--","--","--"," ","0.00","0.01","30","0.37","10","10.90",
="078618","大立光群益4A購05","0","0","0","--","--","--","--"," ","0.00","0.27","499","0.37","10","2,360.00",
="078619","亞光群益4A購03","30,000","1","25,800","0.86","0.86","0.86","0.86","X","0.00","0.11","30","0.94","10","161.50",
="078620","智易群益4B購01","0","0","0","--","--","--","--"," ","0.00","0.76","10","0.86","10","223.00",
="078621","世芯群益52購02","0","0","0","--","--","--","--"," ","0.00","5.55","100","6.05","10","3,700.00",
="078622","材料群益54購04","0","0","0","--","--","--","--"," ","0.00","0.28","10","0.38","10","66.40",
="078623","緯穎群益52購01","0","0","0","--","--","--","--"," ","0.00","--","0","2.98","10","3,140.00",
="078624","鈺齊群益4B購01","10,000","1","6,100","0.61","0.61","0.61","0.61","-","0.05","0.56","25","0.57","10","101.50",
="078625","T50正2富邦4B購05","0","0","0","--","--","--","--"," ","0.00","10.40","100","10.80","10","0.00",
="078626","T50正2富邦51購01","0","0","0","--","--","--","--"," ","0.00","7.15","100","7.30","10","0.00",
="078627","T50反1富邦4A購03","0","0","0","--","--","--","--"," ","0.00","--","0","0.04","98","0.00",
="078628","T50反1富邦51購03","0","0","0","--","--","--","--"," ","0.00","--","0","0.04","98","0.00",
="078629","國巨富邦4A購02","0","0","0","--","--","--","--"," ","0.00","2.92","30","3.02","10","0.00",
="078630","華邦電富邦4A購03","0","0","0","--","--","--","--"," ","0.00","6.45","30","--","0","0.00",
="078631","欣興富邦4A購03","10,000","1","47,300","4.73","4.73","4.73","4.73","X","0.00","4.63","30","--","0","0.00",
="078632","川湖凱基4A購05","0","0","0","--","--","--","--"," ","0.00","8.65","100","9.15","10","3,220.00",
="078633","鴻海凱基4B購09","0","0","0","--","--","--","--"," ","0.00","3.25","31","3.35","10","221.00",
="078634","台積電凱基4A購47","0","0","0","--","--","--","--"," ","0.00","5.90","17","--","0","1,340.00",
="078635","亞光凱基51購01","0","0","0","--","--","--","--"," ","0.00","1.97","499","2.01","10","161.50",
="078636","緯創凱基4A購05","0","0","0","--","--","--","--"," ","0.00","1.37","100","1.47","10","122.50",
="078637","緯穎凱基51購03","0","0","0","--","--","--","--"," ","0.00","5.70","100","6.20","10","3,140.00",
="078638","矽創凱基4A購01","28,000","3","18,000","0.70","0.70","0.62","0.62","-","0.22","0.69","100","--","0","225.00",
="078640","臺股指凱基4B購22","0","0","0","--","--","--","--"," ","0.00","4.88","100","4.89","10","0.00",
="078641","牧德國泰51購01","0","0","0","--","--","--","--"," ","0.00","3.99","10","4.09","10","544.00",
="078643","T50正2中信51購02","20,000","2","78,900","3.89","4.00","3.89","4.00","+","0.34","3.98","100","4.10","10","0.00",
="078644","T50反1中信5A購01","51,000","2","12,740","0.25","0.25","0.24","0.24","-","0.02","0.24","100","0.25","100","0.00",
="078645","臺指反中信54購01","0","0","0","--","--","--","--"," ","0.00","0.04","100","0.05","100","0.00",
="078647","元油反中信4A購01","0","0","0","--","--","--","--"," ","0.00","0.07","499","0.08","100","0.00",
="078648","可成中信4A購01","0","0","0","--","--","--","--"," ","0.00","0.50","499","0.51","10","0.00",
="078649","長榮中信4B購01","0","0","0","--","--","--","--"," ","0.00","0.35","499","0.36","10","0.00",
="078650","嘉澤中信4A購01","10,000","1","13,000","1.30","1.30","1.30","1.30","-","0.22","1.20","499","1.26","10","0.00",
="078651","臺股指中信51購02","0","0","0","--","--","--","--"," ","0.00","0.49","499","0.50","100","0.00",
="078652","元黃金永豐51購01","343,000","17","196,480","0.57","0.59","0.55","0.57","+","0.09","0.56","10","0.57","10","40.68",
="078653","香港2X永豐54購01","0","0","0","--","--","--","--"," ","0.00","2.18","499","2.19","10","18.02",
="078654","國企2X永豐54購01","0","0","0","--","--","--","--"," ","0.00","1.62","499","1.63","10","11.65",
="078655","鴻海永豐52購01","0","0","0","--","--","--","--"," ","0.00","2.86","499","2.92","10","221.00",
="078656","牧德永豐4C購01","27,000","2","71,180","2.67","2.67","2.60","2.60","-","0.19","2.54","10","2.57","10","544.00",
="078657","世芯永豐54購02","30,000","3","133,180","4.70","4.70","4.42","4.47","-","0.51","4.47","499","4.50","10","3,700.00",
="078658","緯穎永豐4C購01","0","0","0","--","--","--","--"," ","0.00","3.67","10","3.77","10","3,140.00",
="078659","緯穎永豐51購01","0","0","0","--","--","--","--"," ","0.00","3.57","499","--","0","3,140.00",
="078660","龍德船永豐4C購01","40,000","5","112,830","3.01","3.01","2.63","2.63","-","0.58","2.60","499","2.70","10","151.50",
="078661","昇陽半永豐52購01","0","0","0","--","--","--","--"," ","0.00","1.86","10","1.92","10","179.50",
="078662","T50正2元富4A購07","0","0","0","--","--","--","--"," ","0.00","5.55","25","5.70","25","302.45",
="078663","T50反1元富54購02","0","0","0","--","--","--","--"," ","0.00","0.06","25","0.10","10","18.29",
="078664","美指2X元富4B購01","0","0","0","--","--","--","--"," ","0.00","0.18","25","0.19","25","20.19",
="078665","聯發科元富4A購15","0","0","0","--","--","--","--"," ","0.00","0.30","25","0.31","25","1,375.00",
="078666","長榮航元富4A購04","0","0","0","--","--","--","--"," ","0.00","0.16","25","0.17","25","38.85",
="078667","長榮航元富4A購05","0","0","0","--","--","--","--"," ","0.00","0.05","25","0.10","10","38.85",
="078668","亞航元富4A購02","2,000","1","4,980","2.49","2.49","2.49","2.49","X","0.00","--","0","2.53","25","55.20",
="078669","世芯元富4A購08","0","0","0","--","--","--","--"," ","0.00","3.74","25","3.84","25","3,700.00",
="078670","材料元富4A購09","0","0","0","--","--","--","--"," ","0.00","0.05","25","0.10","10","66.40",
="078671","材料元富4B購04","0","0","0","--","--","--","--"," ","0.00","0.21","25","0.22","25","66.40",
="078672","台達電國票4A購01","0","0","0","--","--","--","--"," ","0.00","--","0","--","0","893.00",
="078673","一詮國票4A購03","40,000","1","30,000","0.75","0.75","0.75","0.75","X","0.00","0.74","25","0.75","10","82.30",
="078674","新日興國票4A購03","0","0","0","--","--","--","--"," ","0.00","1.60","25","1.70","10","237.00",
="078675","玉晶光國票4A購03","0","0","0","--","--","--","--"," ","0.00","2.11","25","2.19","10","443.50",
="078676","飛捷國票4B購01","0","0","0","--","--","--","--"," ","0.00","0.09","25","0.10","10","106.50",
="078677","香港2X元大4B購01","0","0","0","--","--","--","--"," ","0.00","2.61","499","--","0","18.02",
="078678","國企2X元大4B購05","0","0","0","--","--","--","--"," ","0.00","2.15","499","2.25","10","11.65",
="078679","元金2X元大4A購02","91,000","10","229,170","2.57","2.66","2.44","2.52","+","0.59","2.55","100","2.60","5","70.40",
="078680","道瓊銀元大4A購02","0","0","0","--","--","--","--"," ","0.00","3.93","100","4.03","10","36.75",
="078681","鴻海元大4A購28","0","0","0","--","--","--","--"," ","0.00","2.27","350","2.32","10","221.00",
="078682","鴻海元大4A購29","0","0","0","--","--","--","--"," ","0.00","2.59","300","--","0","221.00",
="078683","鴻海元大54購04","56,000","4","116,470","2.04","2.11","2.04","2.08","X","0.00","2.08","400","2.09","10","221.00",
="078684","台積電元大4A購46","0","0","0","--","--","--","--"," ","0.00","--","0","--","0","1,340.00",
="078685","台積電元大4A購47","60,000","6","251,200","4.08","4.30","4.08","4.30","+","0.73","1.70","5","--","0","1,340.00",
="078686","台積電元大54購05","0","0","0","--","--","--","--"," ","0.00","--","0","--","0","1,340.00",
="078687","聯發科元大4A購14","0","0","0","--","--","--","--"," ","0.00","0.20","25","0.21","10","1,375.00",
="078688","聯發科元大51購12","46,000","6","15,850","0.35","0.35","0.33","0.35","-","0.03","0.31","25","0.32","10","1,375.00",
="078689","聯發科元大54購02","0","0","0","--","--","--","--"," ","0.00","0.62","25","0.63","10","1,375.00",
="078690","長榮元大4A購14","0","0","0","--","--","--","--"," ","0.00","0.03","499","0.13","10","182.00",
="078691","長榮元大4A購15","0","0","0","--","--","--","--"," ","0.00","0.14","499","0.15","10","182.00",
="078692","長榮元大4A購16","0","0","0","--","--","--","--"," ","0.00","0.08","499","0.09","10","182.00",
="078693","亞光元大4A購05","2,000","1","2,120","1.06","1.06","1.06","1.06","X","0.00","1.06","499","1.09","10","161.50",
="078694","世芯元大4A購18","0","0","0","--","--","--","--"," ","0.00","--","0","--","0","3,700.00",
="078695","世芯元大4A購19","0","0","0","--","--","--","--"," ","0.00","--","0","--","0","3,700.00",
="078696","緯穎元大4A購13","0","0","0","--","--","--","--"," ","0.00","3.45","200","--","0","3,140.00",
="078697","緯穎元大54購01","0","0","0","--","--","--","--"," ","0.00","2.83","250","2.86","10","3,140.00",
="078698","奇鋐富邦51購01","0","0","0","--","--","--","--"," ","0.00","5.40","10","5.90","10","0.00",
="078699","玉晶光富邦51購01","329,000","20","271,760","0.90","0.90","0.80","0.85","+","0.02","0.84","13","0.85","10","0.00",
="078700","材料富邦4B購04","0","0","0","--","--","--","--"," ","0.00","0.19","10","0.20","10","0.00",
="078701","T50反1中信52購01","0","0","0","--","--","--","--"," ","0.00","0.09","100","0.10","100","0.00",
="078702","臺指反中信4B購02","0","0","0","--","--","--","--"," ","0.00","0.02","499","0.03","10","0.00",
="078704","廣宇中信4B購02","41,000","1","27,880","0.68","0.68","0.68","0.68","X","0.00","0.64","10","0.72","10","0.00",
="078705","皇昌中信4B購01","0","0","0","--","--","--","--"," ","0.00","0.23","499","0.24","10","0.00",
="078706","欣興中信4B購01","30,000","2","76,100","2.53","2.55","2.53","2.55","+","0.07","2.44","499","2.49","10","0.00",
="078707","緯創中信4A購02","39,000","1","10,140","0.26","0.26","0.26","0.26","X","0.00","0.19","10","0.21","10","0.00",
="078708","世芯中信4B購01","30,000","3","33,000","1.13","1.13","1.04","1.04","-","0.14","0.96","10","0.98","10","0.00",
="078709","亞翔中信4B購02","38,000","4","74,960","1.97","1.98","1.97","1.98","+","0.04","1.94","499","1.95","10","0.00",
="07870P","南亞科群益4B售03","0","0","0","--","--","--","--"," ","0.00","--","0","--","0","0.00",
="078710","鴻海永豐4A購13","0","0","0","--","--","--","--"," ","0.00","3.16","499","--","0","221.00",
="078711","廣宇永豐51購02","0","0","0","--","--","--","--"," ","0.00","3.39","499","3.42","10","54.10",
="078712","華碩永豐4C購01","2,000","1","9,700","4.85","4.85","4.85","4.85","X","0.00","4.71","10","4.74","10","684.00",
="078713","所羅門永豐51購01","0","0","0","--","--","--","--"," ","0.00","1.61","10","1.62","10","144.50",
="078714","萬海永豐4C購01","0","0","0","--","--","--","--"," ","0.00","0.40","10","0.41","10","77.90",
="078715","材料永豐53購01","0","0","0","--","--","--","--"," ","0.00","0.21","10","0.22","10","66.40",
="078716","迅得永豐51購01","55,000","2","57,750","1.05","1.05","1.05","1.05","+","0.02","1.00","10","1.01","10","176.00",
="078717","緯穎永豐4C購02","0","0","0","--","--","--","--"," ","0.00","7.00","499","7.15","10","3,140.00",
="078718","臺股指永豐4A購10","0","0","0","--","--","--","--"," ","0.00","4.36","499","4.38","10","0.00",
="078719","台光電台新4A購01","0","0","0","--","--","--","--"," ","0.00","13.60","20","--","0","0.00",
="07871P","萬海群益51售01","0","0","0","--","--","--","--"," ","0.00","2.49","10","2.59","10","0.00",
="078720","智原台新4A購01","0","0","0","--","--","--","--"," ","0.00","0.01","20","--","0","0.00",
="078721","緯創台新4A購02","0","0","0","--","--","--","--"," ","0.00","9.25","10","--","0","0.00",
="078722","材料台新4A購02","0","0","0","--","--","--","--"," ","0.00","0.01","20","--","0","0.00",
="078723","台積電國泰4B購06","0","0","0","--","--","--","--"," ","0.00","10.90","10","--","0","1,340.00",
="078724","陽明國泰51購01","0","0","0","--","--","--","--"," ","0.00","0.40","499","0.41","100","55.20",
="078725","晟銘電國泰4B購01","0","0","0","--","--","--","--"," ","0.00","1.89","499","--","0","121.00",
="078726","材料國泰4B購02","0","0","0","--","--","--","--"," ","0.00","0.17","499","0.18","100","66.40",
="078727","T50正2群益4B購02","0","0","0","--","--","--","--"," ","0.00","--","0","3.66","10","302.45",
="078728","T50正2群益4C購01","0","0","0","--","--","--","--"," ","0.00","--","0","3.11","10","302.45",
="078729","上銀群益4C購04","46,000","3","31,220","0.69","0.69","0.67","0.67","-","0.02","0.66","100","0.67","100","217.50",
="07872P","富邦金群益4A售01","0","0","0","--","--","--","--"," ","0.00","0.04","10","--","0","0.00",
="078730","川湖群益54購01","0","0","0","--","--","--","--"," ","0.00","--","0","--","0","3,220.00",
="078731","鴻海群益4C購02","0","0","0","--","--","--","--"," ","0.00","--","0","4.29","10","221.00",
="078732","鴻海群益52購03","0","0","0","--","--","--","--"," ","0.00","--","0","4.77","10","221.00",
="078733","台積電群益54購06","0","0","0","--","--","--","--"," ","0.00","--","0","4.27","10","1,340.00",
="078734","台積電群益54購07","0","0","0","--","--","--","--"," ","0.00","3.43","100","3.53","10","1,340.00",
="078735","台積電群益54購08","20,000","2","43,400","2.17","2.17","2.17","2.17","X","0.00","0.65","28","--","0","1,340.00",
="078736","華碩群益4A購03","328,000","14","585,040","1.78","1.87","1.71","1.77","+","0.01","0.36","55","--","0","684.00",
="078737","金像電群益52購01","0","0","0","--","--","--","--"," ","0.00","--","0","8.40","10","455.00",
="078738","漢唐群益52購01","0","0","0","--","--","--","--"," ","0.00","--","0","12.00","10","987.00",
="078739","亞光群益4C購01","0","0","0","--","--","--","--"," ","0.00","0.74","12","1.58","10","161.50",
="078740","緯創群益54購01","94,000","10","229,280","2.39","2.51","2.36","2.36","+","0.07","1.19","8","--","0","122.50",
="078741","牧德群益4A購01","0","0","0","--","--","--","--"," ","0.00","--","0","--","0","544.00",
="078742","世芯群益52購03","0","0","0","--","--","--","--"," ","0.00","--","0","6.50","10","3,700.00",
="078743","材料群益52購04","0","0","0","--","--","--","--"," ","0.00","0.32","10","0.42","10","66.40",
="078744","台郡群益4A購01","0","0","0","--","--","--","--"," ","0.00","1.71","499","1.81","10","66.80",
="078745","緯穎群益54購04","0","0","0","--","--","--","--"," ","0.00","--","0","4.35","10","3,140.00",
="078746","矽創群益4A購01","0","0","0","--","--","--","--"," ","0.00","--","0","1.42","10","225.00",
="078747","世紀鋼群益4C購01","0","0","0","--","--","--","--"," ","0.00","0.62","10","0.72","10","171.50",
="078748","T50正2凱基4C購04","0","0","0","--","--","--","--"," ","0.00","5.10","10","--","0","302.45",
="078749","香港2X凱基4B購01","0","0","0","--","--","--","--"," ","0.00","3.33","100","3.43","10","18.02",
="078750","元金2X凱基51購04","298,000","12","383,610","1.26","1.32","1.25","1.26","+","0.18","1.27","100","1.28","50","70.40",
="078751","道瓊銀凱基4C購01","146,000","8","252,490","1.75","1.77","1.69","1.77","+","0.13","1.76","10","1.77","40","36.75",
="078752","上銀凱基4A購04","0","0","0","--","--","--","--"," ","0.00","0.82","100","--","0","217.50",
="078753","台積電凱基4A購49","0","0","0","--","--","--","--"," ","0.00","6.20","17","--","0","1,340.00",
="078754","聯發科凱基4A購09","0","0","0","--","--","--","--"," ","0.00","0.10","100","--","0","1,375.00",
="078755","一詮凱基4A購01","5,000","1","2,800","0.56","0.56","0.56","0.56","-","0.04","0.55","100","0.56","10","82.30",
="078756","長榮凱基4A購06","0","0","0","--","--","--","--"," ","0.00","0.11","100","--","0","182.00",
="078757","大立光凱基4A購06","0","0","0","--","--","--","--"," ","0.00","0.51","100","0.61","10","2,360.00",
="078758","亞光凱基4A購04","0","0","0","--","--","--","--"," ","0.00","0.32","499","--","0","161.50",
="078759","緯創凱基4A購06","0","0","0","--","--","--","--"," ","0.00","0.77","100","0.87","10","122.50",
="078760","牧德凱基4A購03","0","0","0","--","--","--","--"," ","0.00","2.61","100","2.71","10","544.00",
="078761","世芯凱基4A購10","0","0","0","--","--","--","--"," ","0.00","4.89","100","4.99","10","3,700.00",
="078762","緯穎凱基4C購02","0","0","0","--","--","--","--"," ","0.00","6.65","100","7.15","10","3,140.00",
="078763","臺股指凱基4A購32","0","0","0","--","--","--","--"," ","0.00","7.00","100","--","0","0.00",
="078764","臺股指凱基4A購33","0","0","0","--","--","--","--"," ","0.00","8.10","100","--","0","0.00",
="078765","上証2X國票4B購03","0","0","0","--","--","--","--"," ","0.00","2.86","25","2.88","10","47.20",
="078766","廣宇國票4A購04","0","0","0","--","--","--","--"," ","0.00","3.12","25","3.22","10","54.10",
="078767","華碩國票4A購02","30,000","1","34,200","1.14","1.14","1.14","1.14","-","0.02","1.13","25","1.22","10","684.00",
="078768","所羅門國票4A購03","0","0","0","--","--","--","--"," ","0.00","1.02","25","1.08","10","144.50",
="078769","立積國票4A購02","15,000","1","7,950","0.53","0.53","0.53","0.53","-","0.13","0.47","25","0.48","10","151.50",
="078770","ITH國票4B購01","0","0","0","--","--","--","--"," ","0.00","0.12","25","0.13","10","43.90",
="078771","電子類國票4C購01","0","0","0","--","--","--","--"," ","0.00","4.88","499","4.89","499","0.00",
="078772","電子類國票4C購02","0","0","0","--","--","--","--"," ","0.00","5.90","499","5.95","499","0.00",
="078773","電子類國票4C購03","0","0","0","--","--","--","--"," ","0.00","6.55","499","6.60","499","0.00",
="078774","台灣50元大4A購19","10,000","1","49,200","4.92","4.92","4.92","4.92","+","0.26","5.05","400","5.55","10","58.45",
="078775","台灣50元大4A購20","0","0","0","--","--","--","--"," ","0.00","4.02","400","--","0","58.45",
="078776","T50正2元大4A購11","0","0","0","--","--","--","--"," ","0.00","3.57","499","--","0","302.45",
="078777","元黃金元大4A購01","4,000","4","3,730","0.94","0.94","0.93","0.93","+","0.24","0.91","100","0.92","100","40.68",
="078778","A50正2元大4B購01","0","0","0","--","--","--","--"," ","0.00","1.59","499","1.69","10","32.79",
="078779","川湖元大4A購02","0","0","0","--","--","--","--"," ","0.00","5.75","25","--","0","3,220.00",
="078780","鴻海元大4A購30","0","0","0","--","--","--","--"," ","0.00","3.22","250","--","0","221.00",
="078781","鴻海元大4A購31","0","0","0","--","--","--","--"," ","0.00","2.95","250","--","0","221.00",
="078782","鴻海元大54購05","0","0","0","--","--","--","--"," ","0.00","2.58","300","2.60","10","221.00",
="078783","台積電元大4A購48","0","0","0","--","--","--","--"," ","0.00","--","0","--","0","1,340.00",
="078784","台積電元大4A購49","30,000","3","150,600","4.96","5.10","4.96","5.10","+","0.65","--","0","--","0","1,340.00",
="078785","台積電元大54購06","0","0","0","--","--","--","--"," ","0.00","--","0","--","0","1,340.00",
="078786","台光電元大4A購02","0","0","0","--","--","--","--"," ","0.00","11.20","50","--","0","1,345.00",
="078787","漢唐元大4A購02","0","0","0","--","--","--","--"," ","0.00","10.20","50","--","0","987.00",
="078788","漢唐元大4A購03","0","0","0","--","--","--","--"," ","0.00","8.50","100","--","0","987.00",
="078789","陽明元大4A購07","0","0","0","--","--","--","--"," ","0.00","0.04","499","0.14","10","55.20",
="07878P","宏致國票4A售02","40,000","2","4,000","0.10","0.10","0.10","0.10","X","0.00","0.10","25","0.11","10","0.00",
="078790","萬海元大4A購04","0","0","0","--","--","--","--"," ","0.00","0.14","499","0.15","10","77.90",
="078791","長榮航元大4A購03","0","0","0","--","--","--","--"," ","0.00","0.27","499","0.28","10","38.85",
="078792","奇鋐元大4A購06","0","0","0","--","--","--","--"," ","0.00","8.50","100","--","0","1,015.00",
="078793","亞光元大4A購06","0","0","0","--","--","--","--"," ","0.00","0.92","499","0.95","10","161.50",
="078794","材料元大54購01","52,000","2","31,200","0.60","0.60","0.60","0.60","X","0.00","0.59","499","0.60","10","66.40",
="078795","緯穎元大4A購14","0","0","0","--","--","--","--"," ","0.00","4.68","150","--","0","3,140.00",
="078796","緯穎元大54購02","15,000","2","58,800","3.90","3.96","3.90","3.96","X","0.00","3.90","200","3.94","10","3,140.00",
="078797","臺股指元大4A購43","0","0","0","--","--","--","--"," ","0.00","4.34","499","4.44","10","0.00",
="078798","臺股指元大4A購44","1,000","1","3,270","3.27","3.27","3.27","3.27","X","0.00","3.26","499","3.36","10","0.00",
="078799","台灣50元富4A購15","0","0","0","--","--","--","--"," ","0.00","11.60","25","11.90","25","58.45",
="07879P","健策國票4A售01","0","0","0","--","--","--","--"," ","0.00","0.01","25","0.05","10","0.00",
="078800","台灣50元富4A購16","0","0","0","--","--","--","--"," ","0.00","12.70","25","13.10","25","58.45",
="078801","T50反1元富54購03","0","0","0","--","--","--","--"," ","0.00","0.03","25","0.10","10","18.29",
="078802","T50反1元富54購04","0","0","0","--","--","--","--"," ","0.00","0.04","25","0.10","10","18.29",
="078803","日本2X元富54購02","0","0","0","--","--","--","--"," ","0.00","0.91","25","1.01","25","66.80",
="078804","S&P反1元富54購02","10,000","1","1,000","0.10","0.10","0.10","0.10","X","0.00","0.09","10","0.10","10","4.41",
="078805","元債2X元富54購01","0","0","0","--","--","--","--"," ","0.00","0.69","25","0.70","25","7.35",
="078806","台光電元富4A購08","0","0","0","--","--","--","--"," ","0.00","16.80","25","17.80","25","1,345.00",
="078807","聯發科元富54購04","0","0","0","--","--","--","--"," ","0.00","0.66","25","0.67","25","1,375.00",
="078808","聯發科元富54購05","0","0","0","--","--","--","--"," ","0.00","0.58","25","0.59","25","1,375.00",
="078809","聯發科元富54購06","0","0","0","--","--","--","--"," ","0.00","0.39","25","0.40","25","1,375.00",
="07880P","迎廣國票4A售03","0","0","0","--","--","--","--"," ","0.00","1.08","25","1.09","10","0.00",
="078810","全新元富4A購01","0","0","0","--","--","--","--"," ","0.00","4.56","25","4.66","10","160.00",
="078811","大立光元富4A購02","0","0","0","--","--","--","--"," ","0.00","1.06","25","1.11","25","2,360.00",
="078812","奇鋐元富51購02","0","0","0","--","--","--","--"," ","0.00","16.60","25","17.60","25","1,015.00",
="078813","亞光元富4A購03","10,000","1","9,300","0.93","0.93","0.93","0.93","-","0.10","0.84","25","0.86","25","161.50",
="078814","世芯元富54購03","0","0","0","--","--","--","--"," ","0.00","2.73","25","2.78","25","3,700.00",
="078815","貿聯元富4A購01","0","0","0","--","--","--","--"," ","0.00","9.50","25","9.80","25","1,085.00",
="078816","材料元富54購01","35,000","2","11,850","0.34","0.34","0.33","0.33","X","0.00","0.33","25","0.34","25","66.40",
="078817","緯穎元富54購01","0","0","0","--","--","--","--"," ","0.00","2.71","25","2.77","25","3,140.00",
="078818","台灣50永豐4A購05","0","0","0","--","--","--","--"," ","0.00","13.10","499","13.70","10","58.45",
="078819","大立光永豐52購01","0","0","0","--","--","--","--"," ","0.00","0.30","499","0.31","10","2,360.00",
="078820","亞光永豐4A購01","0","0","0","--","--","--","--"," ","0.00","1.74","499","1.81","10","161.50",
="078821","智原永豐4C購01","0","0","0","--","--","--","--"," ","0.00","0.26","499","0.27","10","174.00",
="078822","創意永豐4A購02","0","0","0","--","--","--","--"," ","0.00","6.35","499","6.80","10","1,315.00",
="078823","材料永豐51購01","0","0","0","--","--","--","--"," ","0.00","0.23","10","0.24","10","66.40",
="078824","T50反1中信51購01","0","0","0","--","--","--","--"," ","0.00","0.03","499","0.04","10","0.00",
="078825","鴻海中信4C購04","0","0","0","--","--","--","--"," ","0.00","2.78","499","2.88","10","0.00",
="078826","台積電中信4C購06","0","0","0","--","--","--","--"," ","0.00","3.24","499","3.28","10","0.00",
="078827","聯發科中信4C購02","0","0","0","--","--","--","--"," ","0.00","0.23","10","0.25","10","0.00",
="078828","長榮中信4C購02","0","0","0","--","--","--","--"," ","0.00","0.30","10","0.31","10","0.00",
="078829","晟銘電中信4A購01","10,000","1","11,300","1.13","1.13","1.13","1.13"," ","0.00","0.98","499","1.03","10","0.00",
="078830","富世達中信4A購02","2,000","1","9,920","4.96","4.96","4.96","4.96","+","0.06","5.05","499","5.30","10","0.00",
="078831","上銀群益4B購02","180,000","16","257,900","1.44","1.48","1.38","1.38","-","0.12","1.38","100","1.41","100","217.50",
="078832","鴻海群益54購04","0","0","0","--","--","--","--"," ","0.00","--","0","4.75","10","221.00",
="078833","一詮群益52購02","0","0","0","--","--","--","--"," ","0.00","0.65","25","0.66","10","82.30",
="078834","皇昌群益4C購01","0","0","0","--","--","--","--"," ","0.00","0.24","25","0.25","10","72.70",
="078835","大立光群益54購01","111,000","4","165,180","1.50","1.50","1.47","1.50","-","0.01","1.49","100","1.50","100","2,360.00",
="078836","亞光群益51購01","48,000","4","57,090","1.23","1.23","1.18","1.18","-","0.06","1.15","100","1.17","100","161.50",
="078837","智原群益51購01","306,000","10","109,310","0.37","0.37","0.34","0.35","+","0.05","0.33","10","0.43","10","174.00",
="078838","欣興群益4B購03","0","0","0","--","--","--","--"," ","0.00","4.66","20","7.60","10","159.00",
="078839","緯創群益54購02","59,000","7","162,450","2.81","2.84","2.67","2.67","+","0.12","1.33","7","2.95","14","122.50",
="078840","世芯群益52購04","0","0","0","--","--","--","--"," ","0.00","--","0","6.35","10","3,700.00",
="078841","神達群益52購01","0","0","0","--","--","--","--"," ","0.00","--","0","6.65","10","90.00",
="078842","材料群益52購05","0","0","0","--","--","--","--"," ","0.00","0.21","10","0.31","10","66.40",
="078843","迅得群益4A購02","0","0","0","--","--","--","--"," ","0.00","0.01","3","0.43","10","176.00",
="078844","緯穎群益52購02","0","0","0","--","--","--","--"," ","0.00","--","0","4.25","10","3,140.00",
="078845","臺股指群益4B購18","0","0","0","--","--","--","--"," ","0.00","6.60","499","--","0","0.00",
="078846","臺股指群益4B購19","0","0","0","--","--","--","--"," ","0.00","6.20","499","--","0","0.00",
="078847","臺股指群益4B購20","0","0","0","--","--","--","--"," ","0.00","5.80","499","--","0","0.00",
="078848","臺股指群益4B購21","0","0","0","--","--","--","--"," ","0.00","7.65","499","7.70","499","0.00",
="078849","臺股指群益4B購22","0","0","0","--","--","--","--"," ","0.00","6.40","499","--","0","0.00",
="078850","臺股指群益4B購23","0","0","0","--","--","--","--"," ","0.00","6.95","499","--","0","0.00",
="078851","臺股指群益4B購24","0","0","0","--","--","--","--"," ","0.00","6.30","499","6.80","10","0.00",
="078852","臺股指群益4B購25","6,000","1","16,860","2.81","2.81","2.81","2.81","X","0.00","3.01","499","3.02","499","0.00",
="078853","臺股指群益55購03","0","0","0","--","--","--","--"," ","0.00","5.40","499","5.50","100","0.00",
="078854","臺股指群益55購04","0","0","0","--","--","--","--"," ","0.00","4.92","499","4.94","100","0.00",
="078855","臺股指群益55購05","0","0","0","--","--","--","--"," ","0.00","3.43","499","3.44","499","0.00",
="078856","臺股指群益55購06","0","0","0","--","--","--","--"," ","0.00","2.40","499","2.41","499","0.00",
="078857","電子類群益4B購01","0","0","0","--","--","--","--"," ","0.00","7.70","499","7.75","499","0.00",
="078858","上銀富邦4A購02","0","0","0","--","--","--","--"," ","0.00","0.41","30","0.42","10","0.00",
="078861","上銀富邦4C購02","40,000","1","16,400","0.41","0.41","0.41","0.41","-","0.03","0.40","30","0.41","10","0.00",
="078862","光寶科富邦4A購01","0","0","0","--","--","--","--"," ","0.00","6.25","30","6.50","10","0.00",
="078863","聯電富邦4B購04","0","0","0","--","--","--","--"," ","0.00","0.20","30","0.21","10","0.00",
="078864","台達電富邦4A購02","0","0","0","--","--","--","--"," ","0.00","10.60","30","11.10","10","0.00",
="078865","國巨富邦4A購03","0","0","0","--","--","--","--"," ","0.00","3.37","30","3.47","10","0.00",
="078866","台積電富邦4A購09","0","0","0","--","--","--","--"," ","0.00","3.63","30","3.71","10","0.00",
="078867","英業達富邦4A購01","35,000","2","17,350","0.49","0.50","0.49","0.50","+","0.04","0.47","30","0.48","10","0.00",
="078868","技嘉富邦4B購01","0","0","0","--","--","--","--"," ","0.00","1.48","30","1.52","10","0.00",
="078869","日月光富邦4A購03","0","0","0","--","--","--","--"," ","0.00","1.80","30","1.85","10","0.00",
="07886P","元黃金元大51售01","0","0","0","--","--","--","--"," ","0.00","0.03","140","0.06","131","0.00",
="078870","日月光富邦4C購02","51,000","6","77,690","1.55","1.55","1.47","1.47","+","0.01","1.47","30","1.48","10","0.00",
="078871","材料富邦51購01","0","0","0","--","--","--","--"," ","0.00","0.09","10","0.10","10","0.00",
="078873","可成台新4A購01","0","0","0","--","--","--","--"," ","0.00","0.17","20","0.18","10","0.00",
="078874","牧德台新4A購01","0","0","0","--","--","--","--"," ","0.00","2.60","20","2.61","10","0.00",
="078875","緯穎台新4A購01","0","0","0","--","--","--","--"," ","0.00","6.70","20","--","0","0.00",
="078876","T50正2元富4A購08","0","0","0","--","--","--","--"," ","0.00","7.35","25","7.55","10","302.45",
="078877","元金2X元富54購02","35,000","8","84,330","2.41","2.42","2.36","2.36","X","0.00","2.38","25","2.39","25","70.40",
="078878","上銀元富4A購03","0","0","0","--","--","--","--"," ","0.00","1.02","25","1.04","25","217.50",
="078879","為升元富4A購01","0","0","0","--","--","--","--"," ","0.00","4.82","25","4.92","10","130.00",
="078880","為升元富51購01","100,000","17","227,850","2.34","2.34","2.00","2.22","-","0.40","2.24","25","2.28","25","130.00",
="078881","鴻準元富4A購01","30,000","1","54,300","1.81","1.81","1.81","1.81","X","0.00","1.62","25","1.65","25","70.70",
="078882","技嘉元富4A購04","0","0","0","--","--","--","--"," ","0.00","1.95","25","2.05","25","283.00",
="078883","威盛元富4A購02","0","0","0","--","--","--","--"," ","0.00","0.03","25","--","0","59.50",
="078884","緯創元富4A購03","0","0","0","--","--","--","--"," ","0.00","0.96","25","1.06","10","122.50",
="078885","材料元富4A購10","0","0","0","--","--","--","--"," ","0.00","0.01","25","0.10","10","66.40",
="078886","亞翔元富4A購04","0","0","0","--","--","--","--"," ","0.00","8.30","25","8.80","25","358.50",
="078887","星宇國票4A購01","0","0","0","--","--","--","--"," ","0.00","0.07","25","0.08","10","24.90",
="078888","八方國票4B購01","0","0","0","--","--","--","--"," ","0.00","0.61","25","0.63","10","205.00",
="078889","承業醫國票4A購01","10,000","1","5,700","0.57","0.57","0.57","0.57","X","0.00","0.57","25","0.58","10","47.00",
="078890","虎航國票4A購01","0","0","0","--","--","--","--"," ","0.00","0.09","25","0.10","10","75.80",
="078891","大成鋼國泰51購01","155,000","3","81,550","0.53","0.53","0.51","0.51","-","0.02","0.51","499","0.52","100","37.90",
="078892","川湖國泰51購01","0","0","0","--","--","--","--"," ","0.00","9.60","499","9.90","10","3,220.00",
="078893","鴻海國泰51購03","0","0","0","--","--","--","--"," ","0.00","8.05","499","--","0","221.00",
="078894","國巨國泰51購01","0","0","0","--","--","--","--"," ","0.00","7.60","499","--","0","176.00",
="078895","聯發科國泰51購02","5,000","1","6,850","1.37","1.37","1.37","1.37","X","0.00","1.32","499","1.35","499","1,375.00",
="078896","長榮國泰51購02","5,000","1","4,250","0.85","0.85","0.85","0.85","-","0.04","0.84","499","0.85","499","182.00",
="078898","緯創國泰51購02","6,000","6","16,640","2.79","2.79","2.74","2.74","X","0.00","2.71","499","2.79","150","122.50",
="078899","台灣50凱基4A購17","0","0","0","--","--","--","--"," ","0.00","7.00","100","7.10","10","58.45",
="078900","T50正2凱基53購01","0","0","0","--","--","--","--"," ","0.00","6.90","10","--","0","302.45",
="078901","T50反1凱基54購01","0","0","0","--","--","--","--"," ","0.00","0.04","100","0.05","10","18.29",
="078902","A50正2凱基4B購01","0","0","0","--","--","--","--"," ","0.00","6.80","100","7.30","10","32.79",
="078903","華邦電凱基4B購04","50,000","1","515,000","10.30","10.30","10.30","10.30","+","1.15","10.40","50","--","0","36.45",
="078904","所羅門凱基4A購03","3,000","1","2,910","0.97","0.97","0.97","0.97"," ","0.00","0.90","10","0.95","10","144.50",
="078905","國泰金凱基4A購01","0","0","0","--","--","--","--"," ","0.00","2.53","100","2.62","10","66.20",
="078907","玉晶光凱基4A購01","8,000","1","21,040","2.63","2.63","2.63","2.63","+","0.07","2.49","100","2.59","10","443.50",
="078908","世芯凱基4A購11","0","0","0","--","--","--","--"," ","0.00","5.10","100","5.60","10","3,700.00",
="078909","材料凱基4C購03","202,000","6","75,750","0.38","0.38","0.37","0.37","X","0.00","0.36","100","0.37","30","66.40",
="078910","立積凱基4A購03","29,000","3","18,180","0.64","0.64","0.62","0.62","-","0.04","0.56","100","0.59","10","151.50",
="078911","訊芯凱基4A購03","73,000","9","67,790","0.89","1.00","0.88","0.88","+","0.06","0.78","100","0.88","10","164.50",
="078912","保瑞凱基4A購05","0","0","0","--","--","--","--"," ","0.00","2.75","100","2.85","10","693.00",
="078913","緯穎凱基54購02","0","0","0","--","--","--","--"," ","0.00","4.74","100","4.84","10","3,140.00",
="078914","世紀鋼凱基4A購01","10,000","1","5,000","0.50","0.50","0.50","0.50","X","0.00","0.42","100","0.43","10","171.50",
="078915","T50反1元大4A購05","0","0","0","--","--","--","--"," ","0.00","--","0","0.10","10","18.29",
="078916","T50反1元大4C購05","0","0","0","--","--","--","--"," ","0.00","--","0","0.10","10","18.29",
="078917","SGBR2X元大4A購02","0","0","0","--","--","--","--"," ","0.00","0.33","499","0.34","50","10.98",
="078918","SGBR2X元大4A購03","4,000","2","2,080","0.52","0.52","0.52","0.52","X","0.00","0.52","100","0.53","50","10.98",
="078919","SGBR2X元大4B購02","25,000","3","26,100","1.06","1.06","1.03","1.03","-","0.10","1.04","100","1.05","50","10.98",
="078920","鴻海元大4A購32","0","0","0","--","--","--","--"," ","0.00","2.71","300","--","0","221.00",
="078921","鴻海元大53購01","0","0","0","--","--","--","--"," ","0.00","2.83","300","--","0","221.00",
="078922","鴻海元大54購06","0","0","0","--","--","--","--"," ","0.00","2.28","350","2.30","10","221.00",
="078923","廣宇元大4A購01","0","0","0","--","--","--","--"," ","0.00","4.68","150","--","0","54.10",
="078924","台積電元大4A購50","0","0","0","--","--","--","--"," ","0.00","--","0","--","0","1,340.00",
="078925","台積電元大4A購51","0","0","0","--","--","--","--"," ","0.00","2.45","4","--","0","1,340.00",
="078926","台積電元大4A購52","0","0","0","--","--","--","--"," ","0.00","--","0","--","0","1,340.00",
="078927","漢唐元大4A購04","0","0","0","--","--","--","--"," ","0.00","17.30","50","--","0","987.00",
="078928","漢唐元大53購02","0","0","0","--","--","--","--"," ","0.00","20.00","50","--","0","987.00",
="078929","京元電元大4A購06","0","0","0","--","--","--","--"," ","0.00","12.00","50","--","0","167.00",
="078930","聯發科元大4A購15","174,000","1","55,680","0.32","0.32","0.32","0.32","X","0.00","0.28","499","0.29","10","1,375.00",
="078932","聯發科元大4A購16","326,000","2","140,320","0.47","0.47","0.42","0.42","X","0.00","0.39","25","0.40","10","1,375.00",
="078933","長榮元大53購01","400,000","2","128,000","0.32","0.32","0.32","0.32"," ","0.00","0.31","499","0.32","10","182.00",
="078934","陽明元大4A購08","0","0","0","--","--","--","--"," ","0.00","0.14","499","0.15","10","55.20",
="078935","奇鋐元大4A購07","0","0","0","--","--","--","--"," ","0.00","14.70","50","--","0","1,015.00",
="078936","奇鋐元大4A購08","0","0","0","--","--","--","--"," ","0.00","13.60","50","--","0","1,015.00",
="078937","亞光元大4A購07","70,000","2","56,500","0.81","0.81","0.79","0.79","X","0.00","0.73","499","0.74","10","161.50",
="078938","緯創元大4A購04","0","0","0","--","--","--","--"," ","0.00","0.60","499","0.63","10","122.50",
="078939","貿聯元大4A購03","0","0","0","--","--","--","--"," ","0.00","7.65","100","--","0","1,085.00",
="078940","神達元大4A購07","0","0","0","--","--","--","--"," ","0.00","6.75","100","--","0","90.00",
="078941","材料元大4A購09","0","0","0","--","--","--","--"," ","0.00","0.09","499","0.10","10","66.40",
="078942","緯穎元大4A購15","0","0","0","--","--","--","--"," ","0.00","4.00","200","4.07","10","3,140.00",
="078943","緯穎元大53購01","3,000","1","10,710","3.57","3.57","3.57","3.57","-","0.01","3.53","200","3.57","10","3,140.00",
="078944","A50正2群益52購01","0","0","0","--","--","--","--"," ","0.00","0.42","2","--","0","32.79",
="078945","東陽群益52購01","0","0","0","--","--","--","--"," ","0.00","0.15","10","0.25","10","94.10",
="078946","中華群益52購01","12,000","2","9,300","0.79","0.79","0.76","0.76","-","0.07","0.79","10","0.89","10","63.40",
="078947","鴻海群益54購05","0","0","0","--","--","--","--"," ","0.00","--","0","6.65","10","221.00",
="078948","國巨群益52購01","0","0","0","--","--","--","--"," ","0.00","2.83","3","--","0","176.00",
="078949","廣宇群益4B購03","0","0","0","--","--","--","--"," ","0.00","--","0","3.59","10","54.10",
="078950","台積電群益54購09","20,000","2","62,100","3.08","3.13","3.08","3.13","X","0.00","0.86","15","--","0","1,340.00",
="078951","華邦電群益4A購06","0","0","0","--","--","--","--"," ","0.00","14.90","2","--","0","36.45",
="078952","智邦群益52購01","0","0","0","--","--","--","--"," ","0.00","--","0","11.60","10","1,005.00",
="078953","佳能群益4B購03","0","0","0","--","--","--","--"," ","0.00","9.05","50","9.55","10","88.80",
="078954","聯發科群益54購01","0","0","0","--","--","--","--"," ","0.00","--","0","--","0","1,375.00",
="078955","長榮群益5A購01","21,000","3","11,660","0.56","0.56","0.55","0.55","-","0.02","0.55","140","0.56","110","182.00",
="078956","華航群益52購01","0","0","0","--","--","--","--"," ","0.00","0.47","100","0.48","100","20.95",
="078957","長榮航群益4A購01","0","0","0","--","--","--","--"," ","0.00","0.32","10","0.42","10","38.85",
="078958","國泰金群益4B購01","31,000","4","68,080","2.19","2.22","2.18","2.22","+","0.05","2.18","100","2.28","100","66.20",
="078959","凱基金群益52購01","3,000","1","2,100","0.70","0.70","0.70","0.70","-","0.07","0.67","100","0.68","100","15.00",
="07895P","臺股指元大4A售23","0","0","0","--","--","--","--"," ","0.00","0.04","100","0.14","10","0.00",
="078960","玉晶光群益52購01","120,000","7","219,270","1.88","1.88","1.80","1.82","-","0.11","0.71","14","--","0","443.50",
="078961","華擎群益52購01","0","0","0","--","--","--","--"," ","0.00","--","0","4.96","10","278.00",
="078962","健策群益52購04","0","0","0","--","--","--","--"," ","0.00","--","0","13.80","10","2,355.00",
="078963","世芯群益54購04","0","0","0","--","--","--","--"," ","0.00","--","0","3.44","10","3,700.00",
="078964","日月光群益4A購04","0","0","0","--","--","--","--"," ","0.00","--","0","3.03","10","174.50",
="078965","鈞興群益4A購01","0","0","0","--","--","--","--"," ","0.00","--","0","1.89","10","178.50",
="078966","材料群益52購06","0","0","0","--","--","--","--"," ","0.00","0.26","10","0.36","10","66.40",
="078967","立積群益58購01","90,000","5","99,700","1.13","1.13","1.09","1.09","-","0.05","0.83","54","--","0","151.50",
="078968","jpp群益4B購01","0","0","0","--","--","--","--"," ","0.00","--","0","12.30","10","286.50",
="078969","達麗群益4C購01","7,000","2","13,330","1.90","1.93","1.90","1.93","+","0.01","0.67","14","2.30","4","50.10",
="07896P","臺股指元大4B售15","0","0","0","--","--","--","--"," ","0.00","0.16","100","0.26","10","0.00",
="078970","聯茂群益52購01","0","0","0","--","--","--","--"," ","0.00","4.72","10","4.82","10","111.50",
="078971","力成群益4A購03","0","0","0","--","--","--","--"," ","0.00","--","0","2.05","10","150.50",
="078972","訊芯群益4C購02","138,000","8","140,530","0.99","1.07","0.97","0.97","+","0.03","0.34","29","--","0","164.50",
="078973","保瑞群益4B購02","31,000","4","57,520","1.86","1.92","1.83","1.87","-","0.04","1.86","10","1.96","10","693.00",
="078974","緯穎群益52購03","3,000","1","16,350","5.45","5.45","5.45","5.45","X","0.00","--","0","--","0","3,140.00",
="078975","龍德船群益52購01","0","0","0","--","--","--","--"," ","0.00","3.70","1","3.79","10","151.50",
="078976","連加群益4C購01","0","0","0","--","--","--","--"," ","0.00","0.65","10","0.75","10","606.00",
="078977","世紀鋼群益4C購02","0","0","0","--","--","--","--"," ","0.00","0.51","10","0.61","10","171.50",
="078978","臺股指群益51購01","0","0","0","--","--","--","--"," ","0.00","3.12","499","--","0","0.00",
="078979","臺股指群益51購02","0","0","0","--","--","--","--"," ","0.00","4.37","499","4.39","499","0.00",
="07897P","力成中信49售02","0","0","0","--","--","--","--"," ","0.00","--","0","--","0","0.00",
="078980","台灣50中信54購01","0","0","0","--","--","--","--"," ","0.00","3.61","499","3.64","100","0.00",
="078981","T50正2中信4A購05","0","0","0","--","--","--","--"," ","0.00","3.10","499","3.11","10","0.00",
="078982","元石油中信4A購01","0","0","0","--","--","--","--"," ","0.00","0.08","499","0.09","100","0.00",
="078983","元債2X中信4B購01","0","0","0","--","--","--","--"," ","0.00","0.17","499","0.18","100","0.00",
="078984","美債2X中信4C購01","0","0","0","--","--","--","--"," ","0.00","0.12","100","0.13","100","0.00",
="078985","華邦電中信4A購01","0","0","0","--","--","--","--"," ","0.00","14.40","499","--","0","0.00",
="078986","華邦電中信4A購02","0","0","0","--","--","--","--"," ","0.00","18.40","499","--","0","0.00",
="078987","元金2X永豐4A購01","135,000","7","185,020","1.38","1.41","1.31","1.31","+","0.28","1.34","10","1.36","10","70.40",
="078988","道瓊銀永豐4C購01","0","0","0","--","--","--","--"," ","0.00","2.80","10","2.81","10","36.75",
="078989","上銀永豐4A購02","0","0","0","--","--","--","--"," ","0.00","1.39","499","1.42","10","217.50",
="07898P","AES群益4B售02","65,000","3","23,050","0.35","0.36","0.35","0.35","-","0.03","0.37","25","0.38","10","0.00",
="078990","台積電永豐4A購15","0","0","0","--","--","--","--"," ","0.00","--","0","--","0","1,340.00",
="078991","台積電永豐51購06","0","0","0","--","--","--","--"," ","0.00","--","0","--","0","1,340.00",
="078992","所羅門永豐4A購01","0","0","0","--","--","--","--"," ","0.00","0.75","499","0.77","10","144.50",
="078993","技嘉永豐4A購03","0","0","0","--","--","--","--"," ","0.00","3.90","499","3.97","10","283.00",
="078994","台光電永豐4A購03","0","0","0","--","--","--","--"," ","0.00","21.00","499","22.00","10","1,345.00",
="078995","玉晶光永豐4A購02","6,000","3","19,750","3.21","3.38","3.21","3.38","+","0.08","3.21","10","3.31","10","443.50",
="078996","世芯永豐52購03","0","0","0","--","--","--","--"," ","0.00","4.42","499","--","0","3,700.00",
="078997","世芯永豐53購02","0","0","0","--","--","--","--"," ","0.00","5.05","499","5.55","10","3,700.00",
="078998","緯穎永豐4A購04","0","0","0","--","--","--","--"," ","0.00","3.82","499","--","0","3,140.00",
="078999","緯穎永豐4A購05","0","0","0","--","--","--","--"," ","0.00","4.43","499","4.53","10","3,140.00",
="07899P","台灣50凱基49售12","0","0","0","--","--","--","--"," ","0.00","--","0","--","0","0.00",
="079000","元金2X富邦52購01","152,000","4","211,260","1.36","1.41","1.36","1.37","+","0.22","1.37","100","1.38","98","0.00",
="079001","智邦富邦4C購01","0","0","0","--","--","--","--"," ","0.00","4.15","10","4.25","10","0.00",
="079002","漢唐富邦51購01","0","0","0","--","--","--","--"," ","0.00","7.55","10","8.05","10","0.00",
="079003","長榮富邦4C購02","20,000","2","5,400","0.27","0.27","0.27","0.27","-","0.01","0.25","10","0.26","10","0.00",
="079004","新日興富邦4C購01","0","0","0","--","--","--","--"," ","0.00","1.34","10","1.44","10","0.00",
="079005","亞翔富邦4B購03","0","0","0","--","--","--","--"," ","0.00","2.53","30","2.58","10","0.00",
="079006","世紀鋼富邦4B購01","80,000","1","27,200","0.34","0.34","0.34","0.34","+","0.01","0.30","30","0.31","28","0.00",
="079007","臺股指富邦51購06","0","0","0","--","--","--","--"," ","0.00","3.17","499","3.21","10","0.00",
="079008","臺股指富邦51購07","0","0","0","--","--","--","--"," ","0.00","5.35","499","5.40","10","0.00",
="079009","臺股指富邦54購02","13,000","3","24,900","1.92","1.95","1.89","1.95","+","0.13","1.99","499","2.00","100","0.00",
="07900P","台灣50凱基49售13","0","0","0","--","--","--","--"," ","0.00","--","0","--","0","0.00",
="079010","台灣50元富4A購18","6,000","6","201,600","33.30","33.80","33.30","33.80","+","2.60","35.80","25","35.90","25","58.45",
="079011","T50反1元富4A購02","0","0","0","--","--","--","--"," ","0.00","--","0","0.10","10","18.29",
="079012","鴻海元富54購02","0","0","0","--","--","--","--"," ","0.00","6.35","25","6.50","25","221.00",
="079013","長榮元富4A購04","0","0","0","--","--","--","--"," ","0.00","0.01","25","0.10","10","182.00",
="079014","國泰金元富4A購02","0","0","0","--","--","--","--"," ","0.00","2.37","25","2.45","25","66.20",
="079015","材料元富53購04","0","0","0","--","--","--","--"," ","0.00","0.41","25","0.42","25","66.40",
="079016","祥碩元富4B購01","130,000","3","55,500","0.43","0.43","0.42","0.42","X","0.00","0.41","25","0.42","25","1,525.00",
="079017","祥碩元富51購01","0","0","0","--","--","--","--"," ","0.00","0.40","25","0.41","25","1,525.00",
="079018","保瑞元富4A購05","0","0","0","--","--","--","--"," ","0.00","2.52","25","2.62","10","693.00",
="079019","緯穎元富51購04","0","0","0","--","--","--","--"," ","0.00","4.78","25","4.87","25","3,140.00",
="07901P","元黃金凱基5B售01","50,000","2","13,000","0.26","0.26","0.26","0.26","X","0.00","0.25","100","0.26","50","0.00",
="079020","富世達元富4A購02","0","0","0","--","--","--","--"," ","0.00","15.30","25","15.60","25","1,010.00",
="079021","元黃金國票52購02","11,000","2","17,370","1.57","1.58","1.57","1.58","+","0.20","1.55","25","1.56","10","40.68",
="079022","華城國票4B購05","0","0","0","--","--","--","--"," ","0.00","10.10","25","10.80","10","586.00",
="079023","和大國票4B購02","0","0","0","--","--","--","--"," ","0.00","1.18","25","1.23","10","65.30",
="079024","鴻海國票4B購06","0","0","0","--","--","--","--"," ","0.00","--","0","--","0","221.00",
="079025","佳能國票4B購02","0","0","0","--","--","--","--"," ","0.00","11.20","25","12.20","10","88.80",
="079026","亞航國泰51購01","0","0","0","--","--","--","--"," ","0.00","--","0","--","0","55.20",
="079027","大立光國泰51購02","140,000","6","191,960","1.39","1.39","1.34","1.37"," ","0.00","1.34","499","1.35","100","2,360.00",
="079028","智原國泰51購01","0","0","0","--","--","--","--"," ","0.00","0.39","499","0.40","100","174.00",
="079029","T50反1台新4A購03","0","0","0","--","--","--","--"," ","0.00","--","0","--","0","0.00",
="07902P","聯發科凱基49售07","0","0","0","--","--","--","--"," ","0.00","--","0","0.01","182","0.00",
="079030","T50反1台新4A購05","0","0","0","--","--","--","--"," ","0.00","--","0","0.01","10","0.00",
="079031","材料台新4A購03","0","0","0","--","--","--","--"," ","0.00","0.05","20","0.06","10","0.00",
="079032","立積台新4A購01","0","0","0","--","--","--","--"," ","0.00","0.28","20","0.38","10","0.00",
="079033","華城凱基4A購03","0","0","0","--","--","--","--"," ","0.00","6.05","100","6.55","10","586.00",
="079034","鴻海凱基4A購13","0","0","0","--","--","--","--"," ","0.00","8.40","12","8.90","10","221.00",
="079035","鴻海凱基4A購14","0","0","0","--","--","--","--"," ","0.00","8.30","13","8.80","10","221.00",
="079036","廣宇凱基4A購02","0","0","0","--","--","--","--"," ","0.00","4.77","100","4.87","10","54.10",
="079037","京元電凱基4A購03","0","0","0","--","--","--","--"," ","0.00","10.00","100","11.00","10","167.00",
="079038","聯發科凱基54購01","0","0","0","--","--","--","--"," ","0.00","0.90","100","0.91","10","1,375.00",
="079039","長榮凱基53購01","1,000","1","1,030","1.03","1.03","1.03","1.03","-","0.03","1.02","499","1.05","40","182.00",
="07903P","漢翔凱基4A售03","0","0","0","--","--","--","--"," ","0.00","0.02","10","0.04","10","0.00",
="079040","漢翔凱基4A購04","0","0","0","--","--","--","--"," ","0.00","5.15","50","--","0","62.60",
="079041","奇鋐凱基4A購06","0","0","0","--","--","--","--"," ","0.00","16.80","100","17.80","10","1,015.00",
="079042","緯創凱基4A購08","71,000","7","26,010","0.31","0.39","0.31","0.39","X","0.00","0.29","100","0.31","10","122.50",
="079043","創意凱基4A購06","0","0","0","--","--","--","--"," ","0.00","1.96","100","2.06","10","1,315.00",
="079044","嘉澤凱基4A購04","0","0","0","--","--","--","--"," ","0.00","2.44","10","2.54","10","1,605.00",
="079045","健策凱基4B購01","0","0","0","--","--","--","--"," ","0.00","8.90","100","9.40","10","2,355.00",
="079046","穎崴凱基4A購02","1,000","1","14,000","14.00","14.00","14.00","14.00","+","0.30","13.60","100","14.00","1","2,015.00",
="079047","富世達凱基4A購02","0","0","0","--","--","--","--"," ","0.00","12.70","100","13.70","10","1,010.00",
="079048","臺股指凱基4A購35","0","0","0","--","--","--","--"," ","0.00","11.20","100","11.30","10","0.00",
="079049","臺股指凱基4B購23","0","0","0","--","--","--","--"," ","0.00","7.85","100","7.90","10","0.00",
="07904P","富邦金凱基49售02","0","0","0","--","--","--","--"," ","0.00","--","0","0.10","10","0.00",
="079050","臺股指凱基4C購16","25,000","9","134,300","5.30","5.40","5.30","5.40","+","0.53","5.40","99","5.45","10","0.00",
="079051","臺股指凱基55購03","0","0","0","--","--","--","--"," ","0.00","4.51","100","4.52","10","0.00",
="079052","臺股指凱基55購04","0","0","0","--","--","--","--"," ","0.00","6.45","100","6.50","10","0.00",
="079053","台灣50元大4A購23","0","0","0","--","--","--","--"," ","0.00","17.80","100","18.80","10","58.45",
="079054","台灣50元大4A購24","0","0","0","--","--","--","--"," ","0.00","9.10","200","9.60","10","58.45",
="079055","T50正2元大4A購13","0","0","0","--","--","--","--"," ","0.00","6.15","499","--","0","302.45",
="079056","T50正2元大4A購14","0","0","0","--","--","--","--"," ","0.00","6.10","499","--","0","302.45",
="079057","上証2X元大4C購02","0","0","0","--","--","--","--"," ","0.00","2.57","499","2.67","10","47.20",
="079058","華城元大4A購06","0","0","0","--","--","--","--"," ","0.00","4.06","200","--","0","586.00",
="079059","華城元大4A購07","0","0","0","--","--","--","--"," ","0.00","3.87","200","--","0","586.00",
="07905P","AES凱基49售03","0","0","0","--","--","--","--"," ","0.00","--","0","--","0","0.00",
="079060","華城元大54購01","0","0","0","--","--","--","--"," ","0.00","3.76","200","3.81","10","586.00",
="079061","鴻海元大4B購07","0","0","0","--","--","--","--"," ","0.00","2.84","300","--","0","221.00",
="079062","鴻海元大4C購08","0","0","0","--","--","--","--"," ","0.00","3.04","250","--","0","221.00",
="079063","鴻海元大53購02","10,000","1","21,000","2.10","2.10","2.10","2.10","X","0.00","2.12","10","2.14","10","221.00",
="079064","台積電元大4A購55","0","0","0","--","--","--","--"," ","0.00","--","0","--","0","1,340.00",
="079065","台積電元大4A購56","0","0","0","--","--","--","--"," ","0.00","--","0","--","0","1,340.00",
="079066","台積電元大51購28","0","0","0","--","--","--","--"," ","0.00","--","0","--","0","1,340.00",
="079067","台光電元大4A購04","0","0","0","--","--","--","--"," ","0.00","14.30","50","--","0","1,345.00",
="079068","漢唐元大4A購05","0","0","0","--","--","--","--"," ","0.00","13.20","50","--","0","987.00",
="079069","漢唐元大4A購06","0","0","0","--","--","--","--"," ","0.00","11.40","50","--","0","987.00",
="07906P","臺股指凱基49售40","0","0","0","--","--","--","--"," ","0.00","--","0","--","0","0.00",
="079070","漢唐元大53購03","0","0","0","--","--","--","--"," ","0.00","9.85","100","--","0","987.00",
="079071","聯發科元大4A購17","0","0","0","--","--","--","--"," ","0.00","0.03","499","0.13","10","1,375.00",
="079072","聯發科元大4A購18","0","0","0","--","--","--","--"," ","0.00","0.10","25","0.11","10","1,375.00",
="079073","長榮元大53購02","41,000","4","29,520","0.72","0.72","0.72","0.72","-","0.02","0.71","499","0.72","10","182.00",
="079074","陽明元大4A購10","0","0","0","--","--","--","--"," ","0.00","--","0","0.10","10","55.20",
="079075","奇鋐元大4A購09","0","0","0","--","--","--","--"," ","0.00","13.50","50","--","0","1,015.00",
="079076","亞光元大4A購08","171,000","6","109,030","0.66","0.66","0.63","0.63","-","0.04","0.58","499","0.59","10","161.50",
="079077","緯創元大4A購05","192,000","3","86,880","0.45","0.48","0.45","0.45","X","0.00","0.42","499","0.44","10","122.50",
="079078","緯創元大4A購06","10,000","1","7,200","0.72","0.72","0.72","0.72","X","0.00","0.69","499","0.72","10","122.50",
="079079","緯創元大4A購07","0","0","0","--","--","--","--"," ","0.00","0.99","499","1.02","10","122.50",
="07907P","AES統一4C售01","0","0","0","--","--","--","--"," ","0.00","0.22","10","0.23","10","0.00",
="079080","世芯元大4A購20","0","0","0","--","--","--","--"," ","0.00","--","0","--","0","3,700.00",
="079081","神達元大4A購08","0","0","0","--","--","--","--"," ","0.00","8.00","100","--","0","90.00",
="079082","材料元大4A購10","0","0","0","--","--","--","--"," ","0.00","--","0","0.10","10","66.40",
="079083","緯穎元大53購02","0","0","0","--","--","--","--"," ","0.00","3.49","200","--","0","3,140.00",
="079084","陽明富邦4B購02","0","0","0","--","--","--","--"," ","0.00","0.19","10","0.20","10","0.00",
="079085","嘉澤富邦4B購03","0","0","0","--","--","--","--"," ","0.00","2.22","10","2.32","10","0.00",
="079086","矽力富邦4C購01","0","0","0","--","--","--","--"," ","0.00","0.13","10","0.14","10","0.00",
="079088","迅得富邦4C購01","0","0","0","--","--","--","--"," ","0.00","0.88","10","0.98","10","0.00",
="07908P","東陽元富49售03","0","0","0","--","--","--","--"," ","0.00","1.89","25","1.93","25","0.00",
="079090","穎崴富邦4C購02","1,000","1","3,590","3.59","3.59","3.59","3.59","X","0.00","3.47","10","3.57","10","0.00",
="079091","緯穎富邦4A購06","0","0","0","--","--","--","--"," ","0.00","3.64","30","3.69","10","0.00",
="079092","台積電統一4A購01","22,000","2","124,050","5.65","5.65","5.60","5.60","+","0.45","5.50","10","5.55","10","1,340.00",
="079093","富世達富邦4C購01","0","0","0","--","--","--","--"," ","0.00","4.92","10","5.10","10","0.00",
="079094","國巨台新4A購01","0","0","0","--","--","--","--"," ","0.00","5.85","20","--","0","0.00",
="079095","新日興台新4A購01","0","0","0","--","--","--","--"," ","0.00","2.12","20","2.13","10","0.00",
="079096","元金2X元富54購03","677,000","19","1,359,090","2.07","2.10","2.00","2.03","+","0.26","2.04","25","2.05","45","70.40",
="079097","台積電元富4B購06","0","0","0","--","--","--","--"," ","0.00","--","0","--","0","1,340.00",
="079098","台積電元富4B購07","0","0","0","--","--","--","--"," ","0.00","--","0","--","0","1,340.00",
="079099","台積電元富4B購08","0","0","0","--","--","--","--"," ","0.00","--","0","--","0","1,340.00",
="07909P","鴻海元富49售13","0","0","0","--","--","--","--"," ","0.00","--","0","0.10","25","0.00",
="079100","台積電元富4B購09","0","0","0","--","--","--","--"," ","0.00","0.02","100","--","0","1,340.00",
="079101","台積電元富54購08","0","0","0","--","--","--","--"," ","0.00","--","0","--","0","1,340.00",
="079102","台積電元富54購09","0","0","0","--","--","--","--"," ","0.00","31.00","1","--","0","1,340.00",
="079103","台光電元富4A購09","0","0","0","--","--","--","--"," ","0.00","16.60","25","17.60","25","1,345.00",
="079104","台光電元富4A購10","0","0","0","--","--","--","--"," ","0.00","18.00","25","19.00","25","1,345.00",
="079105","漢唐元富4A購02","0","0","0","--","--","--","--"," ","0.00","--","0","--","0","987.00",
="079106","長榮元富5A購01","91,000","2","107,390","1.19","1.19","1.18","1.18","-","0.03","1.18","25","1.19","25","182.00",
="079107","智原元富51購01","0","0","0","--","--","--","--"," ","0.00","0.35","25","0.36","25","174.00",
="079109","緯創元富4A購05","300,000","3","284,000","0.90","0.99","0.90","0.99","X","0.00","0.86","25","0.96","10","122.50",
="07910P","陽明元富49售08","0","0","0","--","--","--","--"," ","0.00","0.82","25","0.86","25","0.00",
="079111","世芯元富54購04","0","0","0","--","--","--","--"," ","0.00","3.29","25","3.35","25","3,700.00",
="079112","臺股指元富51購07","0","0","0","--","--","--","--"," ","0.00","6.95","25","7.45","25","0.00",
="079113","臺股指元富54購02","0","0","0","--","--","--","--"," ","0.00","6.20","25","6.70","25","0.00",
="079114","元黃金國票51購01","3,000","2","6,870","2.27","2.30","2.27","2.30","+","0.25","2.28","25","2.29","10","40.68",
="079115","元金反國票51購01","8,000","1","960","0.12","0.12","0.12","0.12","-","0.02","0.11","55","0.12","10","6.80",
="079116","道瓊銀國票54購01","0","0","0","--","--","--","--"," ","0.00","3.11","25","3.12","10","36.75",
="079117","國喬國票4B購02","0","0","0","--","--","--","--"," ","0.00","0.01","25","0.02","10","9.51",
="079118","華邦電國票4B購04","0","0","0","--","--","--","--"," ","0.00","--","0","--","0","36.45",
="079119","鴻準國票4A購01","0","0","0","--","--","--","--"," ","0.00","1.76","25","1.86","10","70.70",
="07911P","宏致元富49售02","0","0","0","--","--","--","--"," ","0.00","--","0","0.10","25","0.00",
="079120","華碩國票4B購01","0","0","0","--","--","--","--"," ","0.00","3.13","25","3.23","10","684.00",
="079121","友達國票4A購01","1,326,000","12","705,320","0.52","0.63","0.46","0.55","+","0.06","0.54","25","0.55","10","13.70",
="079122","盟立國票4A購01","0","0","0","--","--","--","--"," ","0.00","2.08","25","2.18","10","72.30",
="079123","華航國票4A購01","0","0","0","--","--","--","--"," ","0.00","0.24","25","0.25","10","20.95",
="079124","長榮航國票4A購02","5,000","1","2,700","0.54","0.54","0.54","0.54","X","0.00","0.52","25","0.53","10","38.85",
="079125","神達國票4A購03","0","0","0","--","--","--","--"," ","0.00","9.00","25","9.50","10","90.00",
="079126","穎崴國票4B購01","0","0","0","--","--","--","--"," ","0.00","20.60","25","21.60","10","2,015.00",
="079127","元金2X國泰51購01","30,000","7","83,290","2.77","2.79","2.75","2.79","+","0.34","2.78","499","2.79","100","70.40",
="079128","台積電國泰51購03","0","0","0","--","--","--","--"," ","0.00","6.05","10","--","0","1,340.00",
="079129","台積電國泰51購04","0","0","0","--","--","--","--"," ","0.00","--","0","--","0","1,340.00",
="07912P","力成元富49售01","0","0","0","--","--","--","--"," ","0.00","--","0","0.10","25","0.00",
="079130","穎崴國泰4B購02","0","0","0","--","--","--","--"," ","0.00","11.10","499","--","0","2,015.00",
="079131","世紀鋼國泰51購01","22,000","1","21,780","0.99","0.99","0.99","0.99","X","0.00","0.89","499","0.91","499","171.50",
="079132","SGBR2X群益54購02","58,000","5","33,460","0.59","0.59","0.57","0.57","-","0.04","0.57","25","0.58","10","10.98",
="079133","國喬群益4A購01","0","0","0","--","--","--","--"," ","0.00","--","0","0.11","10","9.51",
="079134","華城群益54購03","0","0","0","--","--","--","--"," ","0.00","--","0","2.74","10","586.00",
="079135","大成鋼群益51購02","0","0","0","--","--","--","--"," ","0.00","0.65","10","0.75","10","37.90",
="079136","鴻海群益4B購07","0","0","0","--","--","--","--"," ","0.00","--","0","6.70","10","221.00",
="079137","廣宇群益4C購01","0","0","0","--","--","--","--"," ","0.00","--","0","4.03","10","54.10",
="079138","台積電群益4C購09","0","0","0","--","--","--","--"," ","0.00","--","0","--","0","1,340.00",
="079139","聯發科群益54購02","0","0","0","--","--","--","--"," ","0.00","--","0","--","0","1,375.00",
="07913P","上証2X國票4A售04","0","0","0","--","--","--","--"," ","0.00","0.03","25","0.05","10","0.00",
="079140","長榮群益52購02","0","0","0","--","--","--","--"," ","0.00","0.93","100","0.94","100","182.00",
="079141","漢翔群益4C購01","0","0","0","--","--","--","--"," ","0.00","--","0","2.33","10","62.60",
="079142","奇鋐群益54購05","0","0","0","--","--","--","--"," ","0.00","--","0","--","0","1,015.00",
="079143","緯創群益54購03","210,000","12","618,500","2.95","3.09","2.90","2.92","X","0.00","1.72","5","--","0","122.50",
="079144","創意群益4B購02","0","0","0","--","--","--","--"," ","0.00","2.79","499","2.89","10","1,315.00",
="079145","嘉澤群益4C購01","0","0","0","--","--","--","--"," ","0.00","--","0","2.33","10","1,605.00",
="079146","世芯群益54購05","0","0","0","--","--","--","--"," ","0.00","--","0","1.83","10","3,700.00",
="079147","材料群益52購07","0","0","0","--","--","--","--"," ","0.00","0.25","10","0.35","10","66.40",
="079148","穎崴群益52購02","0","0","0","--","--","--","--"," ","0.00","11.50","10","12.50","10","2,015.00",
="079149","富世達群益4C購02","0","0","0","--","--","--","--"," ","0.00","--","0","8.00","10","1,010.00",
="07914P","滬深2X國票4C售01","1,198,000","6","127,810","0.10","0.12","0.09","0.12","+","0.01","0.11","25","0.12","10","0.00",
="079150","台灣50凱基4A購19","0","0","0","--","--","--","--"," ","0.00","22.90","10","23.90","10","58.45",
="079151","T50正2凱基4A購09","0","0","0","--","--","--","--"," ","0.00","9.80","10","--","0","302.45",
="079152","東陽凱基51購01","0","0","0","--","--","--","--"," ","0.00","0.07","100","0.09","50","94.10",
="079153","台達電凱基4A購01","0","0","0","--","--","--","--"," ","0.00","22.50","100","23.50","10","893.00",
="079154","鴻海凱基4A購16","0","0","0","--","--","--","--"," ","0.00","8.05","13","8.55","10","221.00",
="079155","台積電凱基4A購52","0","0","0","--","--","--","--"," ","0.00","9.25","11","9.75","10","1,340.00",
="079156","台積電凱基57購04","0","0","0","--","--","--","--"," ","0.00","7.90","13","8.40","10","1,340.00",
="079157","台光電凱基4A購05","0","0","0","--","--","--","--"," ","0.00","16.60","100","17.60","10","1,345.00",
="079158","漢唐凱基4B購01","0","0","0","--","--","--","--"," ","0.00","13.90","10","14.90","10","987.00",
="079159","聯發科凱基4A購11","0","0","0","--","--","--","--"," ","0.00","0.02","100","0.12","10","1,375.00",
="07915P","智原國票4A售05","0","0","0","--","--","--","--"," ","0.00","0.35","25","0.36","10","0.00",
="079160","陽明凱基4A購04","0","0","0","--","--","--","--"," ","0.00","0.06","100","0.08","10","55.20",
="079161","華航凱基4A購01","0","0","0","--","--","--","--"," ","0.00","0.19","10","0.20","10","20.95",
="079162","長榮航凱基4A購04","0","0","0","--","--","--","--"," ","0.00","0.32","100","0.42","10","38.85",
="079163","亞光凱基51購02","36,000","3","62,340","1.75","1.75","1.73","1.73","-","0.08","1.67","100","1.69","10","161.50",
="079164","景碩凱基4A購02","0","0","0","--","--","--","--"," ","0.00","6.60","100","7.10","10","111.50",
="079165","牧德凱基4A購05","0","0","0","--","--","--","--"," ","0.00","3.30","100","3.40","10","544.00",
="079166","世芯凱基4A購12","0","0","0","--","--","--","--"," ","0.00","5.70","100","6.20","10","3,700.00",
="079167","貿聯凱基4A購04","0","0","0","--","--","--","--"," ","0.00","10.80","100","11.80","10","1,085.00",
="079168","神達凱基4A購04","0","0","0","--","--","--","--"," ","0.00","10.90","20","11.90","10","90.00",
="079169","日月光凱基4A購03","0","0","0","--","--","--","--"," ","0.00","2.03","100","2.10","10","174.50",
="07916P","群創國票49售02","0","0","0","--","--","--","--"," ","0.00","0.17","25","0.18","10","0.00",
="079170","力成凱基4A購02","10,000","1","8,700","0.87","0.87","0.87","0.87","+","0.02","0.76","100","0.79","10","150.50",
="079171","臺股指凱基51購08","0","0","0","--","--","--","--"," ","0.00","4.26","100","--","0","0.00",
="079172","臺股指凱基51購09","0","0","0","--","--","--","--"," ","0.00","4.86","100","4.88","10","0.00",
="079173","T50反1中信52購02","0","0","0","--","--","--","--"," ","0.00","0.01","100","0.02","65","0.00",
="079174","滬深反中信51購01","0","0","0","--","--","--","--"," ","0.00","0.20","100","0.21","100","0.00",
="079175","元金2X中信51購01","0","0","0","--","--","--","--"," ","0.00","0.68","499","0.69","100","0.00",
="079176","台積電中信54購01","6,000","2","9,240","1.53","1.55","1.53","1.55","+","0.16","1.50","3","1.57","3","0.00",
="079177","聯發科中信4C購03","0","0","0","--","--","--","--"," ","0.00","0.11","499","0.12","30","0.00",
="079178","宇隆永豐52購01","0","0","0","--","--","--","--"," ","0.00","1.79","10","1.82","10","217.00",
="079179","台積電永豐54購02","1,000","1","4,570","4.57","4.57","4.57","4.57","X","0.00","--","0","--","0","1,340.00",
="07917P","AES國票49售01","0","0","0","--","--","--","--"," ","0.00","0.01","25","0.05","10","0.00",
="079180","奇鋐永豐51購03","0","0","0","--","--","--","--"," ","0.00","11.60","499","12.00","10","1,015.00",
="079181","緯創永豐51購01","147,000","4","152,950","1.05","1.05","0.95","0.95","+","0.08","0.92","499","0.95","10","122.50",
="079182","新日興永豐4A購03","0","0","0","--","--","--","--"," ","0.00","--","0","--","0","237.00",
="079183","訊芯永豐4B購04","20,000","1","31,600","1.58","1.58","1.58","1.58","X","0.00","1.56","499","1.59","10","164.50",
="079184","台灣50元大4A購25","0","0","0","--","--","--","--"," ","0.00","15.30","100","16.30","10","58.45",
="079185","台灣50元大4A購26","0","0","0","--","--","--","--"," ","0.00","10.40","100","11.40","10","58.45",
="079186","元債2X元大4A購04","0","0","0","--","--","--","--"," ","0.00","0.53","499","0.54","50","7.35",
="079187","大成鋼元大54購01","2,000","1","1,400","0.70","0.70","0.70","0.70","X","0.00","0.66","499","0.67","10","37.90",
="079189","鴻海元大4A購36","0","0","0","--","--","--","--"," ","0.00","3.20","250","--","0","221.00",
="07918P","川湖元大49售13","0","0","0","--","--","--","--"," ","0.00","--","0","0.10","10","0.00",
="079190","鴻海元大53購03","0","0","0","--","--","--","--"," ","0.00","2.60","300","2.64","10","221.00",
="079191","台積電元大4B購10","0","0","0","--","--","--","--"," ","0.00","--","0","--","0","1,340.00",
="079192","台積電元大4B購11","0","0","0","--","--","--","--"," ","0.00","--","0","--","0","1,340.00",
="079193","台積電元大51購29","0","0","0","--","--","--","--"," ","0.00","--","0","--","0","1,340.00",
="079194","台光電元大4A購05","0","0","0","--","--","--","--"," ","0.00","12.30","50","--","0","1,345.00",
="079195","漢唐元大53購04","0","0","0","--","--","--","--"," ","0.00","9.25","100","--","0","987.00",
="079196","聯發科元大4A購19","0","0","0","--","--","--","--"," ","0.00","0.03","499","0.13","10","1,375.00",
="079197","聯發科元大4A購20","0","0","0","--","--","--","--"," ","0.00","0.07","499","0.08","10","1,375.00",
="079198","亞光元大4A購09","0","0","0","--","--","--","--"," ","0.00","0.35","499","0.36","10","161.50",
="079199","景碩元大4A購05","0","0","0","--","--","--","--"," ","0.00","3.59","200","--","0","111.50",
="07919P","鴻海元大49售08","0","0","0","--","--","--","--"," ","0.00","--","0","0.10","10","0.00",
="079200","群創元大4A購04","0","0","0","--","--","--","--"," ","0.00","0.40","499","0.42","10","14.15",
="079201","世芯元大4A購21","0","0","0","--","--","--","--"," ","0.00","--","0","--","0","3,700.00",
="079202","矽力元大4A購03","0","0","0","--","--","--","--"," ","0.00","--","0","0.10","10","273.00",
="079203","緯穎元大4C購07","0","0","0","--","--","--","--"," ","0.00","3.37","200","--","0","3,140.00",
="079204","緯穎元大53購03","0","0","0","--","--","--","--"," ","0.00","2.67","300","2.70","10","3,140.00",
="079205","臺股指元大4A購48","0","0","0","--","--","--","--"," ","0.00","6.45","499","6.95","10","0.00",
="079206","臺股指元大4A購49","0","0","0","--","--","--","--"," ","0.00","4.94","499","5.20","10","0.00",
="079207","臺股指元大4A購50","0","0","0","--","--","--","--"," ","0.00","3.47","499","--","0","0.00",
="079208","中興電富邦4C購01","0","0","0","--","--","--","--"," ","0.00","1.63","30","1.69","10","0.00",
="079209","聯電富邦4B購05","274,000","19","160,770","0.56","0.62","0.55","0.62","+","0.08","0.59","30","0.60","10","0.00",
="07920P","台積電元大49售39","0","0","0","--","--","--","--"," ","0.00","--","0","0.10","10","0.00",
="079210","欣興富邦4A購04","0","0","0","--","--","--","--"," ","0.00","4.28","30","4.35","10","0.00",
="079211","群創富邦4A購02","0","0","0","--","--","--","--"," ","0.00","0.49","30","0.50","10","0.00",
="079212","健策富邦4A購02","0","0","0","--","--","--","--"," ","0.00","5.40","30","5.60","10","0.00",
="079213","滬深2X台新4A購02","0","0","0","--","--","--","--"," ","0.00","1.64","20","1.65","10","0.00",
="079214","台積電台新4C購01","1,000","1","27,100","27.10","27.10","27.10","27.10","X","0.00","28.30","10","28.80","10","0.00",
="079215","長榮航台新4A購01","39,000","1","19,890","0.51","0.51","0.51","0.51","X","0.00","0.49","20","0.50","10","0.00",
="079216","嘉澤台新4A購02","0","0","0","--","--","--","--"," ","0.00","2.24","10","2.29","10","0.00",
="079217","穎崴台新4A購01","0","0","0","--","--","--","--"," ","0.00","15.20","20","--","0","0.00",
="079218","台灣50群益54購01","0","0","0","--","--","--","--"," ","0.00","7.35","25","7.40","10","58.45",
="079219","T50反1群益4A購02","0","0","0","--","--","--","--"," ","0.00","--","0","--","0","18.29",
="07921P","台積電元大49售40","0","0","0","--","--","--","--"," ","0.00","--","0","0.10","10","0.00",
="079220","臺指反群益4C購03","0","0","0","--","--","--","--"," ","0.00","0.02","25","0.03","10","2.96",
="079221","元債2X群益54購01","0","0","0","--","--","--","--"," ","0.00","0.65","25","0.66","10","7.35",
="079222","台達電群益4A購02","0","0","0","--","--","--","--"," ","0.00","--","0","--","0","893.00",
="079223","鴻海群益4C購05","0","0","0","--","--","--","--"," ","0.00","--","0","7.30","10","221.00",
="079224","矽統群益52購01","4,000","2","8,530","2.17","2.17","2.12","2.12","-","0.17","2.07","25","2.08","10","58.60",
="079225","台光電群益54購01","0","0","0","--","--","--","--"," ","0.00","18.20","50","19.20","10","1,345.00",
="079226","漢唐群益4C購01","0","0","0","--","--","--","--"," ","0.00","--","0","10.70","10","987.00",
="079227","陽明群益4A購03","0","0","0","--","--","--","--"," ","0.00","0.20","25","0.21","10","55.20",
="079228","萬海群益4B購02","0","0","0","--","--","--","--"," ","0.00","--","0","0.72","10","77.90",
="079229","長榮航群益4B購01","5,000","3","6,140","1.23","1.23","1.22","1.23","+","0.04","1.20","10","1.25","1","38.85",
="07922P","京元電元大49售01","0","0","0","--","--","--","--"," ","0.00","--","0","0.10","10","0.00",
="079230","奇鋐群益54購06","0","0","0","--","--","--","--"," ","0.00","11.90","499","--","0","1,015.00",
="079231","智原群益4A購02","114,000","2","29,660","0.27","0.27","0.26","0.26","+","0.09","0.23","10","0.33","10","174.00",
="079232","嘉澤群益4A購04","0","0","0","--","--","--","--"," ","0.00","--","0","2.54","10","1,605.00",
="079233","嘉澤群益4B購04","0","0","0","--","--","--","--"," ","0.00","2.25","1","2.50","10","1,605.00",
="079234","牧德群益4A購02","0","0","0","--","--","--","--"," ","0.00","--","0","--","0","544.00",
="079235","智易群益4B購02","0","0","0","--","--","--","--"," ","0.00","0.18","10","0.28","10","223.00",
="079236","貿聯群益4B購01","0","0","0","--","--","--","--"," ","0.00","--","0","--","0","1,085.00",
="079237","神達群益4B購01","0","0","0","--","--","--","--"," ","0.00","--","0","7.30","10","90.00",
="079238","日月光群益4A購05","0","0","0","--","--","--","--"," ","0.00","--","0","3.37","10","174.50",
="079239","材料群益52購08","24,000","1","7,200","0.30","0.30","0.30","0.30","X","0.00","0.29","10","0.39","10","66.40",
="07923P","聯發科元大49售14","0","0","0","--","--","--","--"," ","0.00","--","0","0.10","10","0.00",
="079240","GIS群益4B購01","0","0","0","--","--","--","--"," ","0.00","--","0","3.39","10","63.40",
="079241","緯穎群益54購05","0","0","0","--","--","--","--"," ","0.00","--","0","4.32","10","3,140.00",
="079242","八方第一4A購01","80,000","2","75,360","0.96","0.96","0.94","0.94","+","0.02","0.15","10","--","0","0.00",
="079243","台灣50凱基4A購20","0","0","0","--","--","--","--"," ","0.00","21.40","100","21.70","10","58.45",
="079244","滬深2X凱基4C購02","420,000","6","1,569,400","3.64","3.82","3.47","3.47","-","0.24","3.51","100","3.52","50","19.04",
="079245","元日2X凱基57購01","0","0","0","--","--","--","--"," ","0.00","0.12","100","0.13","50","5.87",
="079246","SGBR2X凱基4A購02","7,000","2","3,750","0.55","0.55","0.53","0.53","-","0.08","0.53","100","0.54","50","10.98",
="079247","華城凱基54購01","0","0","0","--","--","--","--"," ","0.00","4.31","100","4.41","10","586.00",
="079248","和大凱基4A購03","0","0","0","--","--","--","--"," ","0.00","0.68","100","0.69","10","65.30",
="079249","鴻海凱基4B購10","1,000","1","4,540","4.54","4.54","4.54","4.54","X","0.00","4.56","200","4.58","1","221.00",
="07924P","臺股指中信49售13","0","0","0","--","--","--","--"," ","0.00","--","0","0.02","10","0.00",
="079250","鴻海凱基4B購11","0","0","0","--","--","--","--"," ","0.00","5.00","20","5.50","10","221.00",
="079251","台積電凱基4A購53","0","0","0","--","--","--","--"," ","0.00","8.85","12","9.35","10","1,340.00",
="079252","華碩凱基4B購01","22,000","3","78,100","3.55","3.55","3.55","3.55","X","0.00","3.41","10","3.50","10","684.00",
="079253","金像電凱基4A購03","0","0","0","--","--","--","--"," ","0.00","13.20","100","14.20","10","455.00",
="079254","友達凱基4A購01","0","0","0","--","--","--","--"," ","0.00","0.78","100","0.81","10","13.70",
="079255","長榮凱基51購06","53,000","3","62,290","1.18","1.18","1.16","1.16","-","0.04","1.15","499","1.17","30","182.00",
="079256","緯創凱基4B購02","50,000","1","54,500","1.09","1.09","1.09","1.09","X","0.00","1.09","100","1.12","10","122.50",
="079257","嘉澤凱基4C購02","0","0","0","--","--","--","--"," ","0.00","3.37","10","3.47","10","1,605.00",
="079258","矽力凱基4A購03","11,000","2","300","0.02","0.10","0.02","0.10","+","0.08","--","0","0.10","20","273.00",
="079259","保瑞凱基4A購06","10,000","1","27,700","2.77","2.77","2.77","2.77","X","0.00","2.66","10","2.71","10","693.00",
="07925P","臺股指中信49售14","0","0","0","--","--","--","--"," ","0.00","--","0","0.01","200","0.00",
="079260","穎崴凱基4B購04","0","0","0","--","--","--","--"," ","0.00","15.60","100","--","0","2,015.00",
="079261","緯穎凱基53購01","0","0","0","--","--","--","--"," ","0.00","5.40","100","5.90","10","3,140.00",
="079262","富世達凱基4A購03","0","0","0","--","--","--","--"," ","0.00","15.20","100","16.20","10","1,010.00",
="079263","昇陽半凱基4B購01","10,000","1","44,000","4.40","4.40","4.40","4.40","+","0.14","4.11","100","4.21","10","179.50",
="079264","臺股指凱基4A購36","0","0","0","--","--","--","--"," ","0.00","7.45","100","7.50","10","0.00",
="079265","臺股指凱基54購06","0","0","0","--","--","--","--"," ","0.00","8.95","100","9.45","10","0.00",
="079266","滬深2X元富4A購07","0","0","0","--","--","--","--"," ","0.00","0.09","50","--","0","19.04",
="079267","香港2X元富4A購01","105,000","3","303,600","3.02","3.02","2.87","2.87","X","0.00","2.87","5","--","0","18.02",
="079268","國企2X元富4A購04","0","0","0","--","--","--","--"," ","0.00","0.49","25","0.59","10","11.65",
="079269","元日2X元富54購02","0","0","0","--","--","--","--"," ","0.00","0.17","25","0.18","25","5.87",
="07926P","東陽凱基49售02","0","0","0","--","--","--","--"," ","0.00","1.66","10","1.76","10","0.00",
="079270","美費半元富4A購02","0","0","0","--","--","--","--"," ","0.00","6.50","25","6.55","25","49.19",
="079271","奇鋐元富4A購13","0","0","0","--","--","--","--"," ","0.00","18.30","25","19.30","25","1,015.00",
="079272","晶睿元富54購01","5,000","1","1,900","0.38","0.38","0.38","0.38","X","0.00","0.38","25","0.39","25","94.10",
="079273","鈞興元富4A購02","1,000","1","1,170","1.17","1.17","1.17","1.17","-","0.04","1.14","25","1.18","25","178.50",
="079274","立積元富4A購01","0","0","0","--","--","--","--"," ","0.00","--","0","--","0","151.50",
="079275","華孚元富4A購01","555,000","20","1,435,100","2.64","2.68","2.28","2.28","-","0.47","2.13","7","2.59","10","68.70",
="079276","臺股指元富4A購20","0","0","0","--","--","--","--"," ","0.00","11.20","25","12.20","25","0.00",
="079277","T50反1中信54購02","0","0","0","--","--","--","--"," ","0.00","0.07","499","0.08","10","0.00",
="079278","滬深2X中信51購01","0","0","0","--","--","--","--"," ","0.00","0.57","499","0.58","100","0.00",
="079279","香港2X中信4A購01","0","0","0","--","--","--","--"," ","0.00","0.74","499","0.75","100","0.00",
="07927P","台積電凱基49售31","0","0","0","--","--","--","--"," ","0.00","--","0","0.10","10","0.00",
="079280","道瓊反中信52購01","0","0","0","--","--","--","--"," ","0.00","0.31","499","0.32","100","0.00",
="079281","元金2X中信51購02","1,000","1","540","0.54","0.54","0.54","0.54","+","0.06","0.54","200","0.55","200","0.00",
="079282","美律中信4A購01","0","0","0","--","--","--","--"," ","0.00","--","0","0.02","10","0.00",
="079283","長榮中信51購01","134,000","2","38,860","0.29","0.29","0.29","0.29"," ","0.00","0.28","10","0.29","10","0.00",
="079284","長榮航中信4A購01","0","0","0","--","--","--","--"," ","0.00","--","0","0.02","10","0.00",
="079285","緯創中信4A購04","94,000","14","148,340","1.47","1.63","1.35","1.39","+","0.05","1.39","9","1.43","10","0.00",
="079286","世芯中信4B購02","0","0","0","--","--","--","--"," ","0.00","--","0","--","0","0.00",
="079287","臺股指中信51購05","1,000","1","1,840","1.84","1.84","1.84","1.84","+","0.04","1.88","499","1.98","10","0.00",
="079288","台灣50永豐52購01","4,000","2","108,500","27.50","27.50","27.00","27.00","X","0.00","27.80","499","28.30","10","58.45",
="079289","滬深2X永豐51購01","0","0","0","--","--","--","--"," ","0.00","4.85","499","4.86","10","19.04",
="07928P","昇陽半凱基49售03","0","0","0","--","--","--","--"," ","0.00","--","0","0.10","10","0.00",
="079290","滬深2X永豐52購01","80,000","2","269,900","3.38","3.38","3.37","3.37","+","0.12","3.06","499","3.07","10","19.04",
="079291","滬深2X永豐53購01","0","0","0","--","--","--","--"," ","0.00","2.46","499","2.47","10","19.04",
="079292","元日2X永豐54購01","0","0","0","--","--","--","--"," ","0.00","0.20","499","0.21","10","5.87",
="079293","台積電永豐5A購01","1,000","1","2,570","2.57","2.57","2.57","2.57","+","0.25","1.72","5","--","0","1,340.00",
="079294","智易永豐51購01","20,000","1","10,400","0.52","0.52","0.52","0.52","X","0.00","0.49","499","0.50","10","223.00",
="079295","滬深2X國票54購01","23,000","1","27,600","1.20","1.20","1.20","1.20","-","0.17","1.23","25","1.24","10","19.04",
="079296","臺指反國票4B購01","0","0","0","--","--","--","--"," ","0.00","--","0","--","0","2.96",
="079297","道瓊反國票4A購01","1,000,000","3","10,000","0.01","0.01","0.01","0.01","X","0.00","0.01","25","0.02","10","5.81",
="079299","道瓊反國票4C購01","0","0","0","--","--","--","--"," ","0.00","0.02","524","0.03","10","5.81",
="07929P","臺股指凱基4A售19","0","0","0","--","--","--","--"," ","0.00","0.01","100","0.02","10","0.00",
="079300","FB臺反國票4A購02","0","0","0","--","--","--","--"," ","0.00","--","0","--","0","10.05",
="079302","京元電國票4A購01","0","0","0","--","--","--","--"," ","0.00","12.30","25","13.30","10","167.00",
="079303","聯詠國票4A購01","0","0","0","--","--","--","--"," ","0.00","0.09","25","0.19","10","443.00",
="079304","元日2X國泰51購02","0","0","0","--","--","--","--"," ","0.00","0.10","499","0.11","100","5.87",
="079305","廣宇國泰51購01","0","0","0","--","--","--","--"," ","0.00","5.45","499","--","0","54.10",
="079306","亞光國泰51購01","0","0","0","--","--","--","--"," ","0.00","3.47","499","3.51","100","161.50",
="079307","欣興國泰51購01","0","0","0","--","--","--","--"," ","0.00","10.90","499","--","0","159.00",
="079308","群創國泰51購01","0","0","0","--","--","--","--"," ","0.00","0.97","499","1.00","340","14.15",
="079309","嘉澤國泰51購01","0","0","0","--","--","--","--"," ","0.00","5.20","499","5.50","10","1,605.00",
="07930P","萬海元富49售05","0","0","0","--","--","--","--"," ","0.00","0.01","25","0.10","10","0.00",
="079310","貿聯國泰51購01","0","0","0","--","--","--","--"," ","0.00","11.40","10","12.00","10","1,085.00",
="079311","T50反1元大4A購06","0","0","0","--","--","--","--"," ","0.00","--","0","0.01","499","18.29",
="079312","滬深2X元大4A購09","0","0","0","--","--","--","--"," ","0.00","4.08","499","4.18","10","19.04",
="079313","A50正2元大4C購01","0","0","0","--","--","--","--"," ","0.00","2.04","499","2.14","10","32.79",
="079314","臺指反元大4A購03","0","0","0","--","--","--","--"," ","0.00","--","0","0.10","10","2.96",
="079315","元金反元大4C購01","0","0","0","--","--","--","--"," ","0.00","0.04","250","0.09","50","6.80",
="079316","聯電元大4A購01","0","0","0","--","--","--","--"," ","0.00","0.79","25","0.84","10","43.90",
="079317","台達電元大4A購01","0","0","0","--","--","--","--"," ","0.00","17.00","10","--","0","893.00",
="079318","台積電元大4B購12","0","0","0","--","--","--","--"," ","0.00","--","0","--","0","1,340.00",
="079319","台積電元大4C購13","0","0","0","--","--","--","--"," ","0.00","--","0","--","0","1,340.00",
="07931P","智原元富49售01","1,000","1","2,330","2.33","2.33","2.33","2.33","X","0.00","2.49","25","2.55","25","0.00",
="079320","台積電元大51購30","0","0","0","--","--","--","--"," ","0.00","--","0","--","0","1,340.00",
="079321","台光電元大53購01","0","0","0","--","--","--","--"," ","0.00","7.85","100","--","0","1,345.00",
="079322","威盛元大4A購02","0","0","0","--","--","--","--"," ","0.00","0.11","499","0.30","2","59.50",
="079323","漢唐元大4A購07","0","0","0","--","--","--","--"," ","0.00","14.50","50","--","0","987.00",
="079324","京元電元大4A購07","0","0","0","--","--","--","--"," ","0.00","9.30","100","--","0","167.00",
="079325","聯發科元大4A購22","0","0","0","--","--","--","--"," ","0.00","0.22","25","0.23","10","1,375.00",
="079326","長榮元大4A購17","0","0","0","--","--","--","--"," ","0.00","0.20","499","0.21","10","182.00",
="079327","奇鋐元大51購04","0","0","0","--","--","--","--"," ","0.00","9.15","100","--","0","1,015.00",
="079328","亞光元大4A購10","0","0","0","--","--","--","--"," ","0.00","0.96","499","0.99","10","161.50",
="079329","智原元大51購06","288,000","9","199,930","0.64","0.73","0.64","0.70","+","0.09","0.68","499","0.69","10","174.00",
="07932P","材料元富49售08","0","0","0","--","--","--","--"," ","0.00","--","0","0.10","25","0.00",
="079330","新日興元大4A購01","0","0","0","--","--","--","--"," ","0.00","--","0","--","0","237.00",
="079331","群創元大4A購05","803,000","10","230,900","0.28","0.31","0.28","0.29","-","0.01","0.28","499","0.29","10","14.15",
="079332","嘉澤元大4A購04","0","0","0","--","--","--","--"," ","0.00","2.14","350","--","0","1,605.00",
="079333","健策元大4A購01","0","0","0","--","--","--","--"," ","0.00","10.90","50","--","0","2,355.00",
="079334","世芯元大4A購22","0","0","0","--","--","--","--"," ","0.00","--","0","--","0","3,700.00",
="079335","材料元大4A購11","0","0","0","--","--","--","--"," ","0.00","0.18","499","0.19","10","66.40",
="079336","穎崴元大4A購05","0","0","0","--","--","--","--"," ","0.00","9.80","100","--","0","2,015.00",
="079337","緯穎元大4A購16","0","0","0","--","--","--","--"," ","0.00","3.94","200","--","0","3,140.00",
="079338","元債2X台新4A購01","0","0","0","--","--","--","--"," ","0.00","0.06","20","0.07","10","0.00",
="079339","南亞科台新4A購01","0","0","0","--","--","--","--"," ","0.00","7.10","20","--","0","0.00",
="07933P","啟碁元富49售03","0","0","0","--","--","--","--"," ","0.00","1.43","25","1.49","25","0.00",
="079340","光聖台新4A購01","0","0","0","--","--","--","--"," ","0.00","--","0","14.60","10","0.00",
="079341","滬深2X中信52購01","0","0","0","--","--","--","--"," ","0.00","0.55","499","0.56","100","0.00",
="079342","臺指反中信52購01","0","0","0","--","--","--","--"," ","0.00","0.12","499","0.13","100","0.00",
="079343","道瓊反中信4A購01","0","0","0","--","--","--","--"," ","0.00","--","0","0.02","10","0.00",
="079344","元金2X中信54購01","48,000","1","31,680","0.66","0.66","0.66","0.66","+","0.08","0.65","100","0.66","100","0.00",
="079345","南亞科中信4C購01","0","0","0","--","--","--","--"," ","0.00","16.30","499","--","0","0.00",
="079346","立積中信4B購01","129,000","2","64,880","0.52","0.52","0.48","0.48","-","0.10","0.50","10","0.51","10","0.00",
="079347","亞翔中信4B購03","0","0","0","--","--","--","--"," ","0.00","1.62","499","1.63","10","0.00",
="079348","臺股指中信4A購12","0","0","0","--","--","--","--"," ","0.00","3.79","499","--","0","0.00",
="079349","元金2X永豐54購01","12,000","3","11,670","0.99","0.99","0.97","0.97","+","0.11","0.97","10","0.98","10","70.40",
="07934P","漢翔國票4B售01","37,000","2","4,070","0.11","0.11","0.11","0.11","+","0.01","0.11","25","0.12","10","0.00",
="079350","鴻海永豐4A購14","0","0","0","--","--","--","--"," ","0.00","10.40","499","--","0","221.00",
="079351","南亞科永豐4A購02","0","0","0","--","--","--","--"," ","0.00","--","0","--","0","81.00",
="079352","嘉澤永豐4A購02","0","0","0","--","--","--","--"," ","0.00","2.46","10","2.56","10","1,605.00",
="079353","世芯永豐4A購10","0","0","0","--","--","--","--"," ","0.00","6.05","499","--","0","3,700.00",
="079354","迅得永豐52購01","8,000","1","10,800","1.35","1.35","1.35","1.35","X","0.00","1.29","499","1.31","10","176.00",
="079355","光聖永豐4B購01","0","0","0","--","--","--","--"," ","0.00","8.35","499","8.85","10","826.00",
="079356","光聖永豐52購01","0","0","0","--","--","--","--"," ","0.00","13.00","499","14.00","10","826.00",
="079357","光聖永豐53購01","0","0","0","--","--","--","--"," ","0.00","7.95","499","8.45","10","826.00",
="079358","緯穎永豐4A購06","0","0","0","--","--","--","--"," ","0.00","11.10","10","12.10","10","3,140.00",
="079359","台灣50群益4A購10","0","0","0","--","--","--","--"," ","0.00","--","0","8.55","10","58.45",
="07935P","創意國票4B售04","0","0","0","--","--","--","--"," ","0.00","0.10","25","0.11","10","0.00",
="079360","滬深2X群益52購02","0","0","0","--","--","--","--"," ","0.00","0.13","3","--","0","19.04",
="079361","滬深2X群益52購03","0","0","0","--","--","--","--"," ","0.00","0.11","9","--","0","19.04",
="079362","SGBR2X群益54購03","8,000","2","6,510","0.82","0.82","0.81","0.81","X","0.00","0.82","25","0.83","10","10.98",
="079363","華城群益54購04","0","0","0","--","--","--","--"," ","0.00","--","0","2.94","10","586.00",
="079364","宇隆群益51購01","10,000","1","19,900","1.99","1.99","1.99","1.99","-","0.10","1.96","10","2.06","10","217.00",
="079365","鴻海群益4C購06","0","0","0","--","--","--","--"," ","0.00","--","0","3.83","10","221.00",
="079366","台積電群益4A購41","0","0","0","--","--","--","--"," ","0.00","--","0","--","0","1,340.00",
="079367","台積電群益4A購42","0","0","0","--","--","--","--"," ","0.00","--","0","--","0","1,340.00",
="079368","友達群益54購01","212,000","14","356,920","1.67","1.78","1.53","1.69","+","0.12","1.66","10","1.69","100","13.70",
="079369","聯發科群益4A購09","0","0","0","--","--","--","--"," ","0.00","--","0","0.89","10","1,375.00",
="07936P","昇陽半國票4A售03","0","0","0","--","--","--","--"," ","0.00","0.01","25","0.05","10","0.00",
="079370","慧洋群益4A購03","0","0","0","--","--","--","--"," ","0.00","0.39","10","0.49","10","58.40",
="079371","緯創群益54購04","34,000","5","117,180","3.37","3.50","3.37","3.50","+","0.26","2.15","4","--","0","122.50",
="079372","光聖群益4C購01","0","0","0","--","--","--","--"," ","0.00","8.50","10","9.00","10","826.00",
="079373","保瑞群益4C購03","30,000","3","49,300","1.66","1.66","1.63","1.64","-","0.01","1.65","10","1.75","10","693.00",
="079374","穎崴群益52購03","0","0","0","--","--","--","--"," ","0.00","5.85","10","6.35","10","2,015.00",
="079375","緯穎群益52購04","0","0","0","--","--","--","--"," ","0.00","--","0","9.70","10","3,140.00",
="079376","富世達群益54購01","0","0","0","--","--","--","--"," ","0.00","6.15","100","6.65","10","1,010.00",
="079377","電子類群益4A購02","0","0","0","--","--","--","--"," ","0.00","4.99","499","5.00","499","0.00",
="079378","臺指反富邦54購01","0","0","0","--","--","--","--"," ","0.00","0.02","30","0.03","10","0.00",
="079379","國企2X富邦51購01","0","0","0","--","--","--","--"," ","0.00","0.95","100","0.96","98","0.00",
="07937P","昇陽半國票4A售04","0","0","0","--","--","--","--"," ","0.00","0.01","25","0.05","10","0.00",
="079380","SGBR2X富邦52購01","0","0","0","--","--","--","--"," ","0.00","0.56","100","0.57","28","0.00",
="079381","台積電富邦4A購11","0","0","0","--","--","--","--"," ","0.00","4.09","30","4.17","10","0.00",
="079382","台積電富邦4A購12","300,000","3","1,356,000","4.47","4.57","4.47","4.57","X","0.00","4.62","30","4.71","10","0.00",
="079383","友達富邦4A購01","180,000","2","98,820","0.52","0.55","0.52","0.55","+","0.09","0.54","30","0.55","10","0.00",
="079384","友達富邦4A購02","80,000","3","46,100","0.64","0.64","0.57","0.57","X","0.00","0.63","30","0.64","10","0.00",
="079385","長榮富邦4B購04","0","0","0","--","--","--","--"," ","0.00","0.50","60","0.51","10","0.00",
="079386","群創富邦4C購02","656,000","8","392,970","0.58","0.63","0.56","0.61","+","0.02","0.61","30","0.62","10","0.00",
="079387","智易富邦4C購01","10,000","1","2,600","0.26","0.26","0.26","0.26","-","0.01","0.25","30","0.26","10","0.00",
="079388","昇陽半第一4A購01","0","0","0","--","--","--","--"," ","0.00","1.40","10","1.45","10","0.00",
="079389","台灣50凱基4A購21","0","0","0","--","--","--","--"," ","0.00","11.20","100","--","0","58.45",
="07938P","智原群益49售05","0","0","0","--","--","--","--"," ","0.00","--","0","2.05","10","0.00",
="079390","台灣50凱基4A購22","1,000","1","12,400","12.40","12.40","12.40","12.40","+","2.65","13.60","10","13.80","10","58.45",
="079391","臺指反凱基4C購01","0","0","0","--","--","--","--"," ","0.00","--","0","0.10","10","2.96",
="079393","元金2X凱基51購05","260,000","4","270,400","1.04","1.06","1.02","1.02","+","0.17","1.03","100","1.04","50","70.40",
="079395","台積電統一4A購02","2,000","2","20,900","10.40","10.50","10.40","10.50","X","0.00","10.40","10","10.50","10","1,340.00",
="079396","聯電凱基4A購04","10,000","4","8,200","0.82","0.82","0.82","0.82","+","0.10","0.79","10","0.89","10","43.90",
="079397","鴻海凱基4B購12","0","0","0","--","--","--","--"," ","0.00","5.70","18","6.20","10","221.00",
="079398","台積電凱基4A購55","0","0","0","--","--","--","--"," ","0.00","13.10","10","14.10","10","1,340.00",
="079399","台積電凱基4A購56","0","0","0","--","--","--","--"," ","0.00","13.60","10","14.60","10","1,340.00",
="07939P","群創群益49售06","0","0","0","--","--","--","--"," ","0.00","--","0","--","0","0.00",
="079400","台積電凱基4A購57","0","0","0","--","--","--","--"," ","0.00","16.60","10","17.60","10","1,340.00",
="079401","聯發科統一4A購01","3,000","3","2,220","0.76","0.76","0.70","0.70","-","0.08","0.69","10","0.70","9","1,375.00",
="079403","矽統凱基4A購01","110,000","2","254,200","2.31","2.32","2.31","2.32","-","0.11","2.10","100","2.18","10","58.60",
="079404","台光電凱基4A購06","0","0","0","--","--","--","--"," ","0.00","17.70","100","18.70","10","1,345.00",
="079407","威盛凱基4A購06","0","0","0","--","--","--","--"," ","0.00","0.26","100","0.27","10","59.50",
="079408","漢唐凱基4A購03","0","0","0","--","--","--","--"," ","0.00","18.00","10","19.00","10","987.00",
="079409","聯發科凱基4A購13","0","0","0","--","--","--","--"," ","0.00","0.55","100","0.56","10","1,375.00",
="07940P","T50正2元大49售07","0","0","0","--","--","--","--"," ","0.00","--","0","0.10","32","0.00",
="079410","奇鋐凱基4A購07","0","0","0","--","--","--","--"," ","0.00","25.30","100","26.30","10","1,015.00",
="079411","聯詠凱基4A購02","260,000","27","107,590","0.40","0.45","0.40","0.41","+","0.08","0.35","100","0.45","10","443.00",
="079412","新日興凱基4A購03","10,000","1","36,000","3.60","3.60","3.60","3.60","+","0.40","3.37","10","3.47","10","237.00",
="079413","智易凱基4B購01","0","0","0","--","--","--","--"," ","0.00","0.09","10","0.10","10","223.00",
="079414","世芯凱基54購02","0","0","0","--","--","--","--"," ","0.00","6.45","100","6.95","10","3,700.00",
="079415","神達凱基4A購05","0","0","0","--","--","--","--"," ","0.00","11.30","100","12.30","10","90.00",
="079416","日月光凱基4A購04","0","0","0","--","--","--","--"," ","0.00","2.92","100","3.02","10","174.50",
="079417","光聖凱基4A購01","0","0","0","--","--","--","--"," ","0.00","13.40","100","14.40","10","826.00",
="079418","GIS凱基4B購01","0","0","0","--","--","--","--"," ","0.00","4.01","10","4.11","10","63.40",
="079419","華邦電元富4A購07","0","0","0","--","--","--","--"," ","0.00","15.20","25","--","0","36.45",
="07941P","台積電元大49售41","0","0","0","--","--","--","--"," ","0.00","--","0","0.10","10","0.00",
="079420","光聖元富4A購01","0","0","0","--","--","--","--"," ","0.00","13.70","25","14.70","10","826.00",
="079421","光聖元富4A購02","0","0","0","--","--","--","--"," ","0.00","15.20","25","16.20","10","826.00",
="079422","臺股指元富4A購23","0","0","0","--","--","--","--"," ","0.00","9.00","25","9.50","25","0.00",
="079423","元黃金國泰51購01","14,000","4","26,700","1.91","1.93","1.87","1.87","+","0.22","1.89","499","1.90","100","40.68",
="079424","元債2X國泰51購01","0","0","0","--","--","--","--"," ","0.00","0.57","499","0.58","100","7.35",
="079425","川湖國泰4B購01","0","0","0","--","--","--","--"," ","0.00","11.80","499","--","0","3,220.00",
="079426","漢翔國泰51購01","0","0","0","--","--","--","--"," ","0.00","4.07","499","4.13","10","62.60",
="079427","聯詠國泰51購01","107,000","8","131,160","1.10","1.28","1.10","1.22","+","0.08","1.20","499","1.21","100","443.00",
="079428","保瑞國泰51購02","0","0","0","--","--","--","--"," ","0.00","3.70","499","--","0","693.00",
="079429","富世達國泰51購01","0","0","0","--","--","--","--"," ","0.00","15.10","499","--","0","1,010.00",
="07942P","台積電元大49售42","0","0","0","--","--","--","--"," ","0.00","--","0","0.10","10","0.00",
="079430","台灣50元大4A購27","0","0","0","--","--","--","--"," ","0.00","17.20","100","18.20","10","58.45",
="079431","台灣50元大4A購28","0","0","0","--","--","--","--"," ","0.00","12.70","100","--","0","58.45",
="079432","台灣50元大4A購29","0","0","0","--","--","--","--"," ","0.00","7.75","100","--","0","58.45",
="079433","上銀元大4A購10","0","0","0","--","--","--","--"," ","0.00","1.28","499","1.33","10","217.50",
="079434","川湖元大4A購03","0","0","0","--","--","--","--"," ","0.00","5.45","150","--","0","3,220.00",
="079435","台達電元大4A購02","0","0","0","--","--","--","--"," ","0.00","14.50","50","--","0","893.00",
="079436","台積電元大4A購63","0","0","0","--","--","--","--"," ","0.00","2.43","4","--","0","1,340.00",
="079437","台積電元大4B購13","0","0","0","--","--","--","--"," ","0.00","--","0","--","0","1,340.00",
="079438","台積電元大4B購14","0","0","0","--","--","--","--"," ","0.00","--","0","--","0","1,340.00",
="079439","聯發科元大4A購24","0","0","0","--","--","--","--"," ","0.00","0.22","499","0.23","10","1,375.00",
="07943P","台積電元大49售43","0","0","0","--","--","--","--"," ","0.00","--","0","0.10","10","0.00",
="079440","長榮元大4B購07","0","0","0","--","--","--","--"," ","0.00","0.40","499","0.41","10","182.00",
="079441","奇鋐元大51購05","0","0","0","--","--","--","--"," ","0.00","9.50","100","--","0","1,015.00",
="079442","亞光元大4A購11","0","0","0","--","--","--","--"," ","0.00","0.41","499","0.42","10","161.50",
="079443","智原元大51購07","1,203,000","10","460,660","0.35","0.40","0.35","0.37","+","0.03","0.36","598","0.37","10","174.00",
="079444","欣興元大4A購04","0","0","0","--","--","--","--"," ","0.00","6.05","100","--","0","159.00",
="079445","緯創元大4B購04","1,000","1","1,040","1.04","1.04","1.04","1.04","+","0.04","1.04","499","1.05","15","122.50",
="079446","新日興元大4A購02","0","0","0","--","--","--","--"," ","0.00","--","0","--","0","237.00",
="079447","群創元大4B購03","80,000","2","54,400","0.65","0.71","0.65","0.71","+","0.02","0.70","499","0.71","10","14.15",
="079448","嘉澤元大4A購05","0","0","0","--","--","--","--"," ","0.00","1.43","499","1.48","10","1,605.00",
="079449","世芯元大4A購23","0","0","0","--","--","--","--"," ","0.00","--","0","--","0","3,700.00",
="07944P","華邦電元大49售27","0","0","0","--","--","--","--"," ","0.00","--","0","0.10","10","0.00",
="079450","光聖元大4A購01","0","0","0","--","--","--","--"," ","0.00","7.85","100","--","0","826.00",
="079451","光聖元大4A購02","0","0","0","--","--","--","--"," ","0.00","6.85","100","--","0","826.00",
="079452","保瑞元大4A購04","0","0","0","--","--","--","--"," ","0.00","1.82","25","1.92","10","693.00",
="079453","穎崴元大4A購06","0","0","0","--","--","--","--"," ","0.00","10.10","50","--","0","2,015.00",
="079454","緯穎元大4A購18","0","0","0","--","--","--","--"," ","0.00","4.98","150","--","0","3,140.00",
="079455","富世達元大4A購01","0","0","0","--","--","--","--"," ","0.00","8.45","100","--","0","1,010.00",
="079456","T50反1國票4C購01","0","0","0","--","--","--","--"," ","0.00","0.28","25","0.29","10","18.29",
="079457","元黃金國票54購02","615,000","4","459,100","0.76","0.76","0.74","0.74","+","0.07","0.75","25","0.76","10","40.68",
="079458","A50正2國票4B購01","0","0","0","--","--","--","--"," ","0.00","2.65","25","2.68","10","32.79",
="079459","元日2X國票57購01","0","0","0","--","--","--","--"," ","0.00","0.16","25","0.17","10","5.87",
="07945P","富邦金元大49售04","0","0","0","--","--","--","--"," ","0.00","--","0","0.10","10","0.00",
="079460","元金2X國票54購02","24,000","8","41,560","1.77","1.78","1.71","1.71","+","0.18","1.73","25","1.74","10","70.40",
="079461","道瓊銀國票54購02","1,000","1","3,820","3.82","3.82","3.82","3.82","+","0.08","3.89","25","3.92","1","36.75",
="079462","鴻海國票4C購02","0","0","0","--","--","--","--"," ","0.00","6.45","25","6.95","10","221.00",
="079463","台積電國票4A購18","0","0","0","--","--","--","--"," ","0.00","--","0","--","0","1,340.00",
="079464","牧德國票4B購02","0","0","0","--","--","--","--"," ","0.00","5.30","25","5.70","10","544.00",
="079465","材料國票4B購03","0","0","0","--","--","--","--"," ","0.00","0.30","25","0.31","10","66.40",
="079466","光聖國票4A購01","0","0","0","--","--","--","--"," ","0.00","11.40","25","12.40","10","826.00",
="079468","光聖國票4B購01","0","0","0","--","--","--","--"," ","0.00","--","0","12.10","10","826.00",
="079469","臺股指國票4B購04","0","0","0","--","--","--","--"," ","0.00","7.70","499","7.75","499","0.00",
="07946P","群創元大49售08","0","0","0","--","--","--","--"," ","0.00","0.02","499","0.12","10","0.00",
="079470","臺股指國票4B購05","0","0","0","--","--","--","--"," ","0.00","10.20","499","10.30","499","0.00",
="079471","臺股指國票4B購06","0","0","0","--","--","--","--"," ","0.00","8.70","499","8.75","499","0.00",
="079472","臺股指國票4B購07","0","0","0","--","--","--","--"," ","0.00","9.65","499","9.70","499","0.00",
="079473","滬深2X富邦51購02","0","0","0","--","--","--","--"," ","0.00","0.89","100","0.90","98","0.00",
="079474","台塑富邦4C購01","253,000","7","169,680","0.67","0.69","0.66","0.66","+","0.01","0.64","30","0.65","28","0.00",
="079475","華城富邦4B購05","0","0","0","--","--","--","--"," ","0.00","2.98","10","3.08","10","0.00",
="079476","大成鋼富邦4B購02","122,000","4","60,080","0.50","0.50","0.49","0.49"," ","0.00","0.46","10","0.47","10","0.00",
="079477","川湖台新4A購03","0","0","0","--","--","--","--"," ","0.00","6.80","20","--","0","0.00",
="079478","華邦電台新4A購01","0","0","0","--","--","--","--"," ","0.00","14.10","20","--","0","0.00",
="079479","元黃金元富4A購01","8,000","1","5,520","0.69","0.69","0.69","0.69","+","0.14","0.70","25","0.71","25","40.68",
="07947P","群創元大49售09","0","0","0","--","--","--","--"," ","0.00","0.12","499","0.22","10","0.00",
="079480","國企2X元富4A購05","0","0","0","--","--","--","--"," ","0.00","1.32","25","1.33","25","11.65",
="079481","FBNQ2X元富4A購04","0","0","0","--","--","--","--"," ","0.00","4.51","25","4.61","25","159.20",
="079482","英業達元富4A購04","12,000","1","20,280","1.69","1.69","1.69","1.69","+","0.07","0.25","40","--","0","45.00",
="079483","技嘉元富4A購05","0","0","0","--","--","--","--"," ","0.00","3.66","25","3.76","10","283.00",
="079484","祥碩元富4A購05","25,000","1","12,750","0.51","0.51","0.51","0.51"," ","0.00","0.51","75","--","0","1,525.00",
="079485","光聖元富54購01","0","0","0","--","--","--","--"," ","0.00","9.40","25","9.90","10","826.00",
="079486","世紀鋼元富4A購02","0","0","0","--","--","--","--"," ","0.00","0.80","25","0.82","25","171.50",
="079487","元黃金國票4B購03","3,000","2","7,410","2.45","2.48","2.45","2.48","+","0.24","2.46","25","2.47","10","40.68",
="079488","S&P反1國票51購01","0","0","0","--","--","--","--"," ","0.00","0.05","25","0.06","10","4.41",
="079489","元金2X國票53購02","38,000","8","70,390","1.85","1.89","1.80","1.80","+","0.21","1.83","25","1.84","10","70.40",
="07948P","嘉澤元大49售10","0","0","0","--","--","--","--"," ","0.00","--","0","0.10","10","0.00",
="079490","上銀國票4B購02","87,000","1","100,050","1.15","1.15","1.15","1.15","-","0.10","1.11","35","1.14","10","217.50",
="079491","大立光國票4B購07","0","0","0","--","--","--","--"," ","0.00","1.09","25","1.10","10","2,360.00",
="079492","聯詠國票4B購01","11,000","2","2,020","0.18","0.22","0.18","0.22","X","0.00","0.22","25","0.23","10","443.00",
="079493","欣興國票4B購05","0","0","0","--","--","--","--"," ","0.00","--","0","--","0","159.00",
="079494","創意國票4B購06","1,000","1","2,120","2.12","2.12","2.12","2.12","X","0.00","2.13","25","2.19","10","1,315.00",
="079495","嘉澤國票4B購03","0","0","0","--","--","--","--"," ","0.00","1.83","25","1.93","10","1,605.00",
="079496","精銳國票4B購03","0","0","0","--","--","--","--"," ","0.00","2.33","25","2.34","10","695.00",
="079497","愛普國票4A購01","0","0","0","--","--","--","--"," ","0.00","5.00","25","5.40","10","344.00",
="079498","世芯國泰51購01","0","0","0","--","--","--","--"," ","0.00","7.15","10","--","0","3,700.00",
="079499","精銳國泰51購01","1,000","1","2,350","2.35","2.35","2.35","2.35","-","0.14","2.37","499","2.38","100","695.00",
="07949P","昇陽半元大49售01","0","0","0","--","--","--","--"," ","0.00","--","0","0.10","10","0.00",
="079500","元黃金中信53購01","0","0","0","--","--","--","--"," ","0.00","0.48","499","0.49","100","0.00",
="079501","元金反中信51購01","0","0","0","--","--","--","--"," ","0.00","0.09","499","0.10","100","0.00",
="079502","元金2X中信4C購01","25,000","4","20,950","0.87","0.87","0.83","0.83","+","0.11","0.83","100","0.84","100","0.00",
="079503","中興電中信4B購01","0","0","0","--","--","--","--"," ","0.00","0.51","499","0.53","10","0.00",
="079504","川湖中信4B購01","0","0","0","--","--","--","--"," ","0.00","3.51","499","--","0","0.00",
="079505","台積電中信54購02","31,000","5","53,630","1.71","1.78","1.71","1.78","+","0.22","1.71","10","1.74","10","0.00",
="079506","欣興中信4A購01","17,000","2","26,520","1.56","1.56","1.56","1.56","+","0.07","1.48","499","--","0","0.00",
="079507","創意中信4A購03","10,000","1","11,600","1.16","1.16","1.16","1.16","X","0.00","1.12","499","1.14","10","0.00",
="079508","辛耘中信4A購01","0","0","0","--","--","--","--"," ","0.00","1.70","10","--","0","0.00",
="079509","AES中信4A購02","0","0","0","--","--","--","--"," ","0.00","1.39","499","1.44","10","0.00",
="07950P","台積電凱基49售34","0","0","0","--","--","--","--"," ","0.00","--","0","0.10","10","0.00",
="079510","南電中信4A購01","0","0","0","--","--","--","--"," ","0.00","5.05","499","5.55","10","0.00",
="079511","臺股指中信53購01","1,000","1","1,260","1.26","1.26","1.26","1.26","X","0.00","1.30","499","1.31","100","0.00",
="079512","台灣50群益54購02","18,000","2","83,520","4.61","4.67","4.61","4.67","X","0.00","4.79","25","4.80","10","58.45",
="079513","滬深2X群益53購01","0","0","0","--","--","--","--"," ","0.00","0.14","7","--","0","19.04",
="079514","聯電群益54購01","153,000","14","130,880","0.85","0.90","0.85","0.87","+","0.05","0.33","30","--","0","43.90",
="079515","鴻海群益57購01","0","0","0","--","--","--","--"," ","0.00","--","0","6.90","10","221.00",
="079516","台光電群益54購02","0","0","0","--","--","--","--"," ","0.00","--","0","18.10","10","1,345.00",
="079517","威盛群益53購01","165,000","7","38,300","0.24","0.24","0.23","0.23","-","0.02","0.22","25","0.23","10","59.50",
="079518","漢唐群益4A購02","0","0","0","--","--","--","--"," ","0.00","--","0","13.60","10","987.00",
="079519","晟銘電群益4A購03","0","0","0","--","--","--","--"," ","0.00","--","0","2.84","10","121.00",
="07951P","富邦金凱基49售03","0","0","0","--","--","--","--"," ","0.00","--","0","0.10","10","0.00",
="079520","奇鋐群益54購07","0","0","0","--","--","--","--"," ","0.00","11.60","499","12.60","10","1,015.00",
="079521","新日興群益54購01","0","0","0","--","--","--","--"," ","0.00","4.57","100","4.67","10","237.00",
="079522","新日興群益54購02","20,000","14","95,110","4.90","4.90","4.61","4.64","-","0.19","4.64","1","--","0","237.00",
="079523","世芯群益54購06","0","0","0","--","--","--","--"," ","0.00","--","0","8.50","10","3,700.00",
="079524","日月光群益4A購06","0","0","0","--","--","--","--"," ","0.00","--","0","2.44","10","174.50",
="079525","材料群益53購02","0","0","0","--","--","--","--"," ","0.00","0.21","10","0.31","10","66.40",
="079526","邁達特群益4A購02","0","0","0","--","--","--","--"," ","0.00","0.16","30","0.98","10","51.40",
="079527","光聖群益4C購02","0","0","0","--","--","--","--"," ","0.00","6.90","10","7.40","10","826.00",
="079528","緯穎群益53購02","0","0","0","--","--","--","--"," ","0.00","--","0","9.40","10","3,140.00",
="079529","元黃金永豐54購01","20,000","2","40,900","2.07","2.07","2.02","2.02","X","0.00","2.06","499","2.07","10","40.68",
="07952P","創意凱基4C售04","0","0","0","--","--","--","--"," ","0.00","0.29","10","0.30","10","0.00",
="079530","滬深2X永豐51購02","0","0","0","--","--","--","--"," ","0.00","2.50","499","2.51","10","19.04",
="079531","元金2X永豐4B購01","51,000","2","34,170","0.67","0.67","0.67","0.67","+","0.17","0.64","10","0.65","10","70.40",
="079532","華新永豐4A購02","0","0","0","--","--","--","--"," ","0.00","1.61","10","1.68","10","24.05",
="079533","鴻海永豐4A購16","0","0","0","--","--","--","--"," ","0.00","6.35","499","6.85","10","221.00",
="079534","南亞科永豐51購01","0","0","0","--","--","--","--"," ","0.00","--","0","--","0","81.00",
="079535","一詮永豐4A購01","0","0","0","--","--","--","--"," ","0.00","0.73","499","0.74","10","82.30",
="079536","欣興永豐4A購04","0","0","0","--","--","--","--"," ","0.00","4.86","499","4.96","10","159.00",
="079537","創意永豐4B購04","0","0","0","--","--","--","--"," ","0.00","3.89","499","3.96","10","1,315.00",
="079538","辛耘永豐4A購02","0","0","0","--","--","--","--"," ","0.00","5.65","499","6.00","10","388.00",
="079539","世芯永豐4A購12","0","0","0","--","--","--","--"," ","0.00","5.30","499","5.80","10","3,700.00",
="07953P","群創凱基49售04","0","0","0","--","--","--","--"," ","0.00","0.36","100","--","0","0.00",
="079540","日月光永豐4B購01","0","0","0","--","--","--","--"," ","0.00","2.28","499","2.35","10","174.50",
="079541","永崴控永豐4C購01","0","0","0","--","--","--","--"," ","0.00","0.41","499","0.42","10","34.30",
="079542","晶心科永豐51購01","162,000","7","217,020","1.38","1.40","1.31","1.31","X","0.00","1.30","10","1.31","10","325.50",
="079543","T50反1元大4A購07","0","0","0","--","--","--","--"," ","0.00","--","0","0.10","10","18.29",
="079544","元黃金元大4B購02","85,000","6","44,300","0.52","0.54","0.51","0.51","+","0.10","0.52","100","0.53","100","40.68",
="079545","華城元大4A購08","0","0","0","--","--","--","--"," ","0.00","3.82","200","3.91","10","586.00",
="079546","上銀元大4A購11","0","0","0","--","--","--","--"," ","0.00","0.98","499","1.02","10","217.50",
="079547","聯電元大4A購02","0","0","0","--","--","--","--"," ","0.00","0.02","499","0.12","10","43.90",
="079548","台達電元大4A購03","0","0","0","--","--","--","--"," ","0.00","20.80","50","--","0","893.00",
="079549","廣宇元大4A購02","0","0","0","--","--","--","--"," ","0.00","2.37","300","2.42","10","54.10",
="07954P","嘉澤凱基49售06","0","0","0","--","--","--","--"," ","0.00","--","0","0.10","10","0.00",
="079550","台積電元大4C購14","0","0","0","--","--","--","--"," ","0.00","--","0","--","0","1,340.00",
="079551","威盛元大4A購03","0","0","0","--","--","--","--"," ","0.00","--","0","0.07","20","59.50",
="079552","聯發科元大4A購25","0","0","0","--","--","--","--"," ","0.00","0.08","499","0.09","10","1,375.00",
="079554","亞光元大4A購12","0","0","0","--","--","--","--"," ","0.00","0.91","499","0.94","10","161.50",
="079555","新日興元大4A購03","0","0","0","--","--","--","--"," ","0.00","0.07","142","--","0","237.00",
="079556","新日興元大4A購04","0","0","0","--","--","--","--"," ","0.00","--","0","--","0","237.00",
="079558","群創元大51購04","192,000","6","71,200","0.38","0.38","0.35","0.37","+","0.03","0.37","499","0.38","10","14.15",
="07955P","台積電群益49售39","0","0","0","--","--","--","--"," ","0.00","--","0","--","0","0.00",
="079560","智易元大4A購02","0","0","0","--","--","--","--"," ","0.00","0.31","499","0.32","10","223.00",
="079562","健策元大4A購02","0","0","0","--","--","--","--"," ","0.00","10.70","50","--","0","2,355.00",
="079563","世芯元大4A購25","0","0","0","--","--","--","--"," ","0.00","--","0","--","0","3,700.00",
="079564","精銳元大4A購03","0","0","0","--","--","--","--"," ","0.00","1.10","499","1.17","10","695.00",
="079567","保瑞元大4A購05","0","0","0","--","--","--","--"," ","0.00","2.05","350","2.15","10","693.00",
="079568","穎崴元大4A購07","0","0","0","--","--","--","--"," ","0.00","10.30","50","--","0","2,015.00",
="079569","緯穎元大4A購20","0","0","0","--","--","--","--"," ","0.00","4.50","150","4.59","10","3,140.00",
="07956P","聯發科群益49售13","0","0","0","--","--","--","--"," ","0.00","--","0","--","0","0.00",
="079570","富世達元大4A購02","0","0","0","--","--","--","--"," ","0.00","10.10","100","--","0","1,010.00",
="079571","台灣50凱基4A購25","0","0","0","--","--","--","--"," ","0.00","18.90","100","--","0","58.45",
="079572","T50反1凱基4B購03","0","0","0","--","--","--","--"," ","0.00","--","0","0.02","10","18.29",
="079573","T50反1凱基4C購02","0","0","0","--","--","--","--"," ","0.00","--","0","0.02","10","18.29",
="079574","T50反1凱基4C購03","0","0","0","--","--","--","--"," ","0.00","--","0","0.02","10","18.29",
="079575","元黃金凱基54購02","0","0","0","--","--","--","--"," ","0.00","1.01","10","1.02","50","40.68",
="079576","元黃金凱基54購03","153,000","3","281,080","1.87","1.87","1.82","1.86","+","0.17","1.86","10","1.87","50","40.68",
="079577","元黃金凱基54購04","0","0","0","--","--","--","--"," ","0.00","1.33","10","1.34","50","40.68",
="079578","滬深2X凱基53購01","1,000","1","1,860","1.86","1.86","1.86","1.86","+","0.01","1.77","100","1.78","50","19.04",
="079579","道瓊銀凱基54購01","31,000","4","60,020","1.97","1.98","1.92","1.98","X","0.00","1.99","10","2.00","50","36.75",
="07957P","聯發科群益4B售06","0","0","0","--","--","--","--"," ","0.00","--","0","0.30","25","0.00",
="079580","道瓊2X凱基54購01","3,000","2","4,730","1.57","1.58","1.57","1.58","+","0.02","1.57","100","1.58","50","28.27",
="079581","華新凱基4A購06","309,000","41","359,730","1.29","1.29","0.97","1.13","-","0.20","1.08","100","1.14","10","24.05",
="079582","川湖凱基54購01","0","0","0","--","--","--","--"," ","0.00","8.25","100","8.75","10","3,220.00",
="079583","鴻海凱基54購04","0","0","0","--","--","--","--"," ","0.00","6.00","17","6.50","10","221.00",
="079584","台積電凱基4B購13","0","0","0","--","--","--","--"," ","0.00","11.20","10","12.20","10","1,340.00",
="079585","台積電凱基4B購14","0","0","0","--","--","--","--"," ","0.00","13.00","10","14.00","10","1,340.00",
="079586","台積電凱基4C購22","0","0","0","--","--","--","--"," ","0.00","10.40","10","11.40","10","1,340.00",
="079587","友達凱基4A購02","1,359,000","92","390,780","0.28","0.35","0.22","0.34","+","0.09","0.28","100","1.42","2","13.70",
="079588","長榮凱基4A購08","0","0","0","--","--","--","--"," ","0.00","0.01","100","0.11","10","182.00",
="079589","慧洋凱基4A購03","0","0","0","--","--","--","--"," ","0.00","0.37","10","0.39","10","58.40",
="07958P","創意群益49售16","0","0","0","--","--","--","--"," ","0.00","--","0","--","0","0.00",
="079590","欣興凱基4B購03","0","0","0","--","--","--","--"," ","0.00","8.70","100","9.20","10","159.00",
="079591","創意凱基4A購07","0","0","0","--","--","--","--"," ","0.00","1.71","100","1.77","10","1,315.00",
="079592","群創凱基4A購05","41,000","5","18,830","0.53","0.53","0.45","0.46","+","0.04","0.46","90","--","0","14.15",
="079593","光聖凱基4A購02","0","0","0","--","--","--","--"," ","0.00","10.40","100","11.40","10","826.00",
="079594","穎崴凱基4A購04","0","0","0","--","--","--","--"," ","0.00","16.80","100","--","0","2,015.00",
="079595","緯穎凱基4C購03","0","0","0","--","--","--","--"," ","0.00","5.50","100","5.60","10","3,140.00",
="079596","世紀鋼凱基4A購02","5,000","2","5,840","1.12","1.20","1.12","1.20","+","0.05","1.06","10","1.08","10","171.50",
="079597","士電富邦4A購02","0","0","0","--","--","--","--"," ","0.00","1.45","30","1.51","10","0.00",
="079598","華新富邦4A購01","774,000","46","837,670","1.17","1.22","0.96","1.04","-","0.12","1.03","30","1.04","9","0.00",
="079599","華新富邦4C購01","203,000","17","239,430","1.25","1.25","1.06","1.14","-","0.08","1.12","30","1.13","10","0.00",
="07959P","AES群益4B售03","0","0","0","--","--","--","--"," ","0.00","0.09","100","0.10","100","0.00",
="079600","緯穎富邦4A購07","0","0","0","--","--","--","--"," ","0.00","3.30","30","3.34","10","0.00",
="079601","臺股指富邦4B購07","0","0","0","--","--","--","--"," ","0.00","5.70","100","5.90","10","0.00",
="079602","臺股指富邦54購04","0","0","0","--","--","--","--"," ","0.00","4.19","499","4.20","100","0.00",
="079603","上銀台新4A購01","50,000","1","49,500","0.99","0.99","0.99","0.99","-","0.16","0.98","20","0.99","10","0.00",
="079604","智原台新4A購02","56,000","5","18,140","0.31","0.35","0.31","0.31"," ","0.00","0.31","20","0.32","10","0.00",
="079605","台灣50群益54購03","11,000","1","41,030","3.73","3.73","3.73","3.73","X","0.00","3.85","25","3.86","10","58.45",
="079606","華新群益4B購01","289,000","6","371,420","1.34","1.34","1.19","1.33","-","0.08","1.27","10","1.37","10","24.05",
="079607","川湖群益54購02","0","0","0","--","--","--","--"," ","0.00","--","0","--","0","3,220.00",
="079608","台積電群益54購10","34,000","3","115,440","3.36","3.46","3.36","3.41","+","0.31","1.28","7","--","0","1,340.00",
="079609","台積電群益54購11","12,000","2","34,440","2.87","2.87","2.87","2.87","X","0.00","0.73","5","--","0","1,340.00",
="07960P","FBNQ2X元大4A售04","0","0","0","--","--","--","--"," ","0.00","0.02","100","0.07","50","0.00",
="079610","台積電群益54購12","140,000","7","372,200","2.62","2.77","2.62","2.77","X","0.00","0.71","30","--","0","1,340.00",
="079611","台積電群益54購13","0","0","0","--","--","--","--"," ","0.00","--","0","--","0","1,340.00",
="079612","聯發科群益54購03","0","0","0","--","--","--","--"," ","0.00","--","0","--","0","1,375.00",
="079613","長榮群益54購01","0","0","0","--","--","--","--"," ","0.00","0.38","100","0.39","100","182.00",
="079614","長榮群益54購02","0","0","0","--","--","--","--"," ","0.00","0.38","100","0.39","100","182.00",
="079615","陽明群益54購01","0","0","0","--","--","--","--"," ","0.00","0.50","100","0.51","100","55.20",
="079616","亞光群益4C購02","122,000","4","158,150","1.40","1.40","1.29","1.29","-","0.13","1.31","100","1.34","100","161.50",
="079617","欣興群益4C購01","2,000","1","18,100","9.05","9.05","9.05","9.05","X","0.00","--","0","9.25","10","159.00",
="079618","群創群益4B購06","285,000","6","182,200","0.57","0.68","0.57","0.66","+","0.04","0.65","100","0.68","100","14.15",
="079619","凌華群益53購01","0","0","0","--","--","--","--"," ","0.00","0.31","25","0.32","10","62.40",
="07961P","FBNQ2X元大53售02","104,000","3","119,600","1.15","1.15","1.15","1.15","-","0.05","1.15","100","1.16","50","0.00",
="079620","矽力群益54購01","0","0","0","--","--","--","--"," ","0.00","0.05","18","--","0","273.00",
="079621","穎崴群益53購01","0","0","0","--","--","--","--"," ","0.00","5.95","10","6.45","10","2,015.00",
="079622","世紀鋼群益54購01","0","0","0","--","--","--","--"," ","0.00","0.41","10","0.51","10","171.50",
="079623","台灣50中信4C購02","2,000","1","13,900","6.95","6.95","6.95","6.95","X","0.00","6.95","499","7.05","10","0.00",
="079624","T50反1中信51購02","0","0","0","--","--","--","--"," ","0.00","0.06","499","0.07","100","0.00",
="079625","滬深2X中信4B購01","0","0","0","--","--","--","--"," ","0.00","0.70","499","0.71","100","0.00",
="079626","S&P反1中信53購01","0","0","0","--","--","--","--"," ","0.00","0.10","499","0.11","100","0.00",
="079627","元金反中信4A購01","0","0","0","--","--","--","--"," ","0.00","0.24","499","0.25","100","0.00",
="079628","東陽中信4A購02","0","0","0","--","--","--","--"," ","0.00","--","0","0.05","10","0.00",
="079629","南亞科中信4A購03","18,000","4","440,100","23.60","25.60","23.60","25.50","-","0.80","26.10","10","34.30","3","0.00",
="07962P","華邦電元大49售28","0","0","0","--","--","--","--"," ","0.00","--","0","0.10","10","0.00",
="079630","大立光中信4A購01","0","0","0","--","--","--","--"," ","0.00","0.36","499","0.38","10","0.00",
="079631","京鼎中信4A購01","600,000","3","308,000","0.53","0.53","0.48","0.48","+","0.07","0.46","10","0.47","10","0.00",
="079632","祥碩中信4A購01","0","0","0","--","--","--","--"," ","0.00","0.06","10","0.07","10","0.00",
="079633","元黃金永豐57購01","80,000","4","117,600","1.47","1.47","1.47","1.47","+","0.10","1.48","10","1.49","10","40.68",
="079634","滬深2X永豐51購03","0","0","0","--","--","--","--"," ","0.00","2.29","499","2.30","10","19.04",
="079635","滬深2X永豐54購01","6,000","5","15,720","2.75","2.85","2.50","2.50","X","0.00","2.58","499","2.59","10","19.04",
="079636","上銀永豐4C購02","166,000","17","1,314,150","7.85","8.00","7.55","7.90","-","0.30","7.55","10","7.60","10","217.50",
="079637","南亞科永豐4A購04","0","0","0","--","--","--","--"," ","0.00","--","0","--","0","81.00",
="079638","可成永豐4C購01","0","0","0","--","--","--","--"," ","0.00","3.07","10","3.17","10","189.00",
="079639","大立光永豐4A購03","0","0","0","--","--","--","--"," ","0.00","0.80","10","0.90","10","2,360.00",
="07963P","智邦元大49售15","0","0","0","--","--","--","--"," ","0.00","--","0","0.10","10","0.00",
="079640","亞光永豐4C購01","72,000","8","1,086,600","15.50","15.50","14.70","14.70","-","0.90","14.30","10","14.40","10","161.50",
="079641","緯穎永豐4A購08","0","0","0","--","--","--","--"," ","0.00","3.95","499","--","0","3,140.00",
="079642","緯創第一4A購01","309,000","14","147,710","0.48","0.53","0.46","0.46","+","0.05","0.44","10","0.45","10","0.00",
="079643","台灣50凱基53購02","0","0","0","--","--","--","--"," ","0.00","8.10","100","8.15","10","58.45",
="079644","香港2X凱基4A購01","0","0","0","--","--","--","--"," ","0.00","1.86","100","1.87","50","18.02",
="079645","台塑凱基53購01","0","0","0","--","--","--","--"," ","0.00","2.14","10","2.15","10","38.60",
="079646","華新凱基4A購07","0","0","0","--","--","--","--"," ","0.00","1.99","100","2.04","10","24.05",
="079647","台達電凱基4A購02","0","0","0","--","--","--","--"," ","0.00","26.50","100","27.50","10","893.00",
="079648","鴻海凱基54購05","0","0","0","--","--","--","--"," ","0.00","6.95","15","7.45","10","221.00",
="079649","台積電凱基4A購59","0","0","0","--","--","--","--"," ","0.00","15.40","10","16.40","10","1,340.00",
="07964P","南亞科元大49售23","0","0","0","--","--","--","--"," ","0.00","--","0","0.10","10","0.00",
="079650","台積電凱基4B購15","0","0","0","--","--","--","--"," ","0.00","14.00","10","15.00","10","1,340.00",
="079651","台積電凱基4C購23","0","0","0","--","--","--","--"," ","0.00","10.80","10","11.80","10","1,340.00",
="079652","漢唐凱基53購02","0","0","0","--","--","--","--"," ","0.00","12.00","10","13.00","10","987.00",
="079653","南亞科凱基4C購04","0","0","0","--","--","--","--"," ","0.00","12.60","10","13.60","10","81.00",
="079654","長榮航凱基4B購03","0","0","0","--","--","--","--"," ","0.00","1.55","100","1.65","10","38.85",
="079655","亞光凱基4A購05","360,000","4","96,260","0.27","0.27","0.25","0.25","-","0.07","0.25","100","0.26","10","161.50",
="079656","健鼎凱基4A購01","0","0","0","--","--","--","--"," ","0.00","8.60","10","9.10","10","309.50",
="079657","健策凱基4A購03","0","0","0","--","--","--","--"," ","0.00","12.30","100","13.30","10","2,355.00",
="079658","保瑞凱基4C購01","70,000","5","132,600","1.86","1.99","1.86","1.89","-","0.10","1.89","10","1.92","10","693.00",
="079659","緯穎凱基4C購04","0","0","0","--","--","--","--"," ","0.00","6.60","100","7.10","10","3,140.00",
="07965P","聯發科元大49售15","0","0","0","--","--","--","--"," ","0.00","0.14","499","0.24","10","0.00",
="079660","富世達凱基4C購01","0","0","0","--","--","--","--"," ","0.00","11.50","20","12.50","10","1,010.00",
="079661","台灣50元富54購03","0","0","0","--","--","--","--"," ","0.00","11.60","25","12.00","25","58.45",
="079662","T50正2元富4A購09","0","0","0","--","--","--","--"," ","0.00","9.10","25","9.25","10","302.45",
="079663","T50正2元富4A購10","0","0","0","--","--","--","--"," ","0.00","10.00","25","10.20","10","302.45",
="079664","滬深2X元富4A購09","8,000","1","19,280","2.41","2.41","2.41","2.41","+","0.07","0.08","125","--","0","19.04",
="079665","滬深2X元富54購02","0","0","0","--","--","--","--"," ","0.00","0.27","3","--","0","19.04",
="079666","道瓊銀元富4A購04","0","0","0","--","--","--","--"," ","0.00","1.37","25","1.47","25","36.75",
="079667","鴻海元富54購03","0","0","0","--","--","--","--"," ","0.00","7.10","25","7.20","25","221.00",
="079668","華新國票4A購03","390,000","1","768,300","1.97","1.97","1.97","1.97","-","0.27","1.92","25","2.00","10","24.05",
="079669","皇昌國票4A購03","0","0","0","--","--","--","--"," ","0.00","1.44","25","1.50","10","72.70",
="07966P","聯發科元大49售16","88,000","1","57,200","0.65","0.65","0.65","0.65","+","0.09","0.75","25","0.85","10","0.00",
="079670","裕民國票4B購02","12,000","6","13,590","1.18","1.18","1.08","1.08","-","0.14","1.11","25","1.13","10","55.30",
="079671","萬海國票4B購02","0","0","0","--","--","--","--"," ","0.00","0.83","25","0.84","10","77.90",
="079672","亞光國票4A購02","0","0","0","--","--","--","--"," ","0.00","1.33","25","1.43","10","161.50",
="079673","景碩國票4B購03","0","0","0","--","--","--","--"," ","0.00","6.75","25","7.10","10","111.50",
="079674","保瑞國票4A購01","0","0","0","--","--","--","--"," ","0.00","2.22","25","2.32","10","693.00",
="079675","AES國票4A購04","0","0","0","--","--","--","--"," ","0.00","5.05","25","5.50","10","1,195.00",
="079676","富世達國票4B購02","0","0","0","--","--","--","--"," ","0.00","16.50","25","17.50","10","1,010.00",
="079677","南電國票4B購01","0","0","0","--","--","--","--"," ","0.00","--","0","--","0","234.50",
="079678","世紀鋼國票4A購01","13,000","1","5,200","0.40","0.40","0.40","0.40","X","0.00","0.40","12","0.41","10","171.50",
="079679","台灣50國泰51購01","0","0","0","--","--","--","--"," ","0.00","12.30","499","--","0","58.45",
="07967P","欣興元大49售22","0","0","0","--","--","--","--"," ","0.00","--","0","0.10","10","0.00",
="079680","華邦電國泰4B購02","0","0","0","--","--","--","--"," ","0.00","15.50","499","--","0","36.45",
="079681","南亞科國泰51購01","0","0","0","--","--","--","--"," ","0.00","10.40","499","--","0","81.00",
="079682","T50正2元大4A購16","0","0","0","--","--","--","--"," ","0.00","11.20","499","--","0","302.45",
="079683","滬深2X元大4A購10","0","0","0","--","--","--","--"," ","0.00","3.13","100","3.23","10","19.04",
="079684","滬深2X元大51購03","0","0","0","--","--","--","--"," ","0.00","2.20","499","2.30","10","19.04",
="079685","東陽元大4A購01","0","0","0","--","--","--","--"," ","0.00","--","0","0.10","10","94.10",
="079687","和大元大4A購02","0","0","0","--","--","--","--"," ","0.00","0.92","499","0.94","10","65.30",
="079688","川湖元大4A購04","0","0","0","--","--","--","--"," ","0.00","4.32","150","--","0","3,220.00",
="079689","台積電元大4A購66","0","0","0","--","--","--","--"," ","0.00","--","0","--","0","1,340.00",
="07968P","臺股指元大51售05","25,000","4","5,070","0.20","0.21","0.19","0.21","-","0.01","0.19","93","0.21","152","0.00",
="079690","台光電元大4A購07","0","0","0","--","--","--","--"," ","0.00","14.00","50","--","0","1,345.00",
="079691","聯發科元大4A購26","0","0","0","--","--","--","--"," ","0.00","0.26","10","0.28","10","1,375.00",
="079693","可成元大4A購02","0","0","0","--","--","--","--"," ","0.00","0.03","499","0.13","10","189.00",
="079695","富邦金元大4A購01","0","0","0","--","--","--","--"," ","0.00","1.69","450","1.77","10","88.40",
="079696","亞光元大4A購13","776,000","12","330,480","0.45","0.45","0.41","0.42","-","0.06","0.39","499","0.40","10","161.50",
="079698","聯詠元大4A購01","32,000","7","3,420","0.09","0.13","0.09","0.10","+","0.01","0.10","5","0.11","10","443.00",
="079699","新日興元大4A購05","0","0","0","--","--","--","--"," ","0.00","--","0","--","0","237.00",
="07969P","台積電中信49售09","0","0","0","--","--","--","--"," ","0.00","--","0","--","0","0.00",
="079700","世芯元大4A購26","0","0","0","--","--","--","--"," ","0.00","--","0","--","0","3,700.00",
="079701","材料元大4A購12","0","0","0","--","--","--","--"," ","0.00","--","0","0.10","10","66.40",
="079703","穎崴元大4A購08","0","0","0","--","--","--","--"," ","0.00","9.75","100","--","0","2,015.00",
="079704","緯穎元大4A購22","0","0","0","--","--","--","--"," ","0.00","4.63","150","--","0","3,140.00",
="079705","富世達元大4A購03","0","0","0","--","--","--","--"," ","0.00","9.10","100","--","0","1,010.00",
="079706","昇陽半元大4A購02","0","0","0","--","--","--","--"," ","0.00","1.74","400","1.78","10","179.50",
="079707","亞光第一4A購01","0","0","0","--","--","--","--"," ","0.00","0.55","10","0.57","10","0.00",
="079708","訊芯台新4A購01","0","0","0","--","--","--","--"," ","0.00","0.84","20","0.85","10","0.00",
="079709","富世達台新4A購01","0","0","0","--","--","--","--"," ","0.00","--","0","12.60","10","0.00",
="07970P","聯發科中信49售07","0","0","0","--","--","--","--"," ","0.00","0.33","499","0.34","10","0.00",
="079710","台灣50群益4A購11","5,000","2","80,500","15.70","16.70","15.70","16.70","+","3.40","16.80","25","16.90","10","58.45",
="079711","台灣50群益4C購06","233,000","6","931,160","3.90","4.12","3.90","4.12","+","0.90","4.45","100","4.53","100","58.45",
="079712","國企2X群益54購02","28,000","3","26,980","0.97","0.98","0.96","0.96","X","0.00","0.92","10","1.02","10","11.65",
="079713","華新群益4C購01","4,000","1","6,880","1.72","1.72","1.72","1.72","-","0.21","1.66","10","1.76","10","24.05",
="079714","鴻海群益4C購07","0","0","0","--","--","--","--"," ","0.00","--","0","8.50","10","221.00",
="079715","南亞科群益4C購04","0","0","0","--","--","--","--"," ","0.00","--","0","--","0","81.00",
="079717","亞光群益4C購03","0","0","0","--","--","--","--"," ","0.00","1.30","100","1.31","100","161.50",
="079718","健鼎群益4A購01","0","0","0","--","--","--","--"," ","0.00","--","0","6.70","10","309.50",
="079719","辛耘群益4C購01","33,000","5","131,520","3.96","4.18","3.93","4.18","+","0.66","2.01","4","--","0","388.00",
="07971P","長榮中信49售06","0","0","0","--","--","--","--"," ","0.00","0.27","499","0.28","10","0.00",
="079720","富世達群益4A購03","0","0","0","--","--","--","--"," ","0.00","--","0","--","0","1,010.00",
="079721","臺股指群益4A購32","0","0","0","--","--","--","--"," ","0.00","11.30","499","--","0","0.00",
="079722","臺股指群益4A購33","0","0","0","--","--","--","--"," ","0.00","11.70","499","12.70","10","0.00",
="079723","台灣50元富54購04","0","0","0","--","--","--","--"," ","0.00","6.80","25","6.85","25","58.45",
="079724","上証2X元富51購01","40,000","2","49,200","1.32","1.32","1.14","1.14","X","0.00","0.10","10","--","0","47.20",
="079725","滬深2X元富54購03","0","0","0","--","--","--","--"," ","0.00","0.14","7","--","0","19.04",
="079726","國巨元富54購01","5,000","2","31,550","6.40","6.40","6.25","6.25","-","0.70","6.20","25","6.35","25","176.00",
="079727","京元電元富54購01","0","0","0","--","--","--","--"," ","0.00","11.00","25","11.20","25","167.00",
="079728","可成元富54購01","97,000","3","71,610","0.74","0.74","0.73","0.73","-","0.01","0.73","25","0.74","25","189.00",
="079729","大立光元富54購02","0","0","0","--","--","--","--"," ","0.00","1.80","25","1.83","25","2,360.00",
="07972P","大成鋼國票4A售05","0","0","0","--","--","--","--"," ","0.00","1.79","25","1.88","10","0.00",
="079730","奇鋐元富54購01","0","0","0","--","--","--","--"," ","0.00","8.05","25","8.55","25","1,015.00",
="079731","臺股指元富51購08","1,000","1","2,710","2.71","2.71","2.71","2.71","X","0.00","2.68","25","2.78","25","0.00",
="079732","臺股指元富51購09","1,000","1","2,930","2.93","2.93","2.93","2.93","X","0.00","2.89","25","2.99","25","0.00",
="079733","川湖國泰51購02","0","0","0","--","--","--","--"," ","0.00","6.55","499","--","0","3,220.00",
="079734","亞光國泰51購02","0","0","0","--","--","--","--"," ","0.00","2.57","499","2.62","10","161.50",
="079735","元金反國票51購02","0","0","0","--","--","--","--"," ","0.00","0.05","25","0.06","10","6.80",
="079736","SP黃豆國票4C購01","0","0","0","--","--","--","--"," ","0.00","0.36","25","0.37","10","19.68",
="079737","元金2X國票4C購01","28,000","7","46,500","1.63","1.69","1.63","1.65","+","0.25","1.63","25","1.64","10","70.40",
="079738","鴻海國票53購02","0","0","0","--","--","--","--"," ","0.00","--","0","--","0","221.00",
="079739","華邦電國票4C購02","0","0","0","--","--","--","--"," ","0.00","--","0","--","0","36.45",
="07973P","華邦電國票4A售06","0","0","0","--","--","--","--"," ","0.00","0.01","25","0.11","10","0.00",
="079740","智邦國票4C購01","0","0","0","--","--","--","--"," ","0.00","11.30","25","12.30","10","1,005.00",
="079741","長榮國票4C購02","0","0","0","--","--","--","--"," ","0.00","0.62","25","0.64","10","182.00",
="079742","立積國票4C購01","0","0","0","--","--","--","--"," ","0.00","0.91","25","0.93","10","151.50",
="079743","亞光統一58購03","256,000","10","273,950","1.08","1.08","1.04","1.04","-","0.05","1.03","10","1.04","10","161.50",
="079744","亞光統一58購04","38,000","2","39,280","1.04","1.04","1.03","1.03","-","0.02","0.99","10","1.00","10","161.50",
="079745","采鈺統一53購01","0","0","0","--","--","--","--"," ","0.00","1.82","10","1.84","10","305.50",
="079746","鴻海中信51購01","0","0","0","--","--","--","--"," ","0.00","2.03","10","2.13","10","0.00",
="079747","台積電中信53購01","76,000","6","169,490","2.17","2.30","2.17","2.30","+","0.34","2.22","10","2.25","10","0.00",
="079748","技嘉中信4A購01","76,000","2","61,660","0.81","0.82","0.81","0.82","-","0.01","0.79","499","0.84","10","0.00",
="079749","健策中信4A購01","0","0","0","--","--","--","--"," ","0.00","6.05","499","--","0","0.00",
="07974P","智邦國票4A售06","0","0","0","--","--","--","--"," ","0.00","--","0","--","0","0.00",
="079750","滬深2X永豐56購01","0","0","0","--","--","--","--"," ","0.00","2.17","499","2.18","10","19.04",
="079751","上銀永豐4C購03","290,000","2","179,200","0.62","0.62","0.59","0.59","-","0.09","0.59","10","0.60","10","217.50",
="079752","友訊永豐4C購01","0","0","0","--","--","--","--"," ","0.00","0.66","10","0.67","10","17.80",
="079753","旺宏永豐51購01","15,000","2","57,540","3.82","3.84","3.82","3.84","X","0.00","3.64","499","3.74","10","26.75",
="079754","鴻準永豐4A購02","0","0","0","--","--","--","--"," ","0.00","2.34","10","2.42","10","70.70",
="079755","裕民永豐4A購02","0","0","0","--","--","--","--"," ","0.00","0.93","499","0.94","10","55.30",
="079756","大立光永豐4A購04","0","0","0","--","--","--","--"," ","0.00","0.08","499","0.09","10","2,360.00",
="079757","華擎永豐4C購01","0","0","0","--","--","--","--"," ","0.00","3.80","10","--","0","278.00",
="079758","矽力永豐4C購01","0","0","0","--","--","--","--"," ","0.00","0.07","499","0.08","10","273.00",
="079759","緯穎永豐4C購03","0","0","0","--","--","--","--"," ","0.00","3.83","499","--","0","3,140.00",
="07975P","智原國票4A售06","0","0","0","--","--","--","--"," ","0.00","--","0","2.84","10","0.00",
="079760","富世達永豐4C購01","0","0","0","--","--","--","--"," ","0.00","15.90","499","16.90","10","1,010.00",
="079761","台灣50富邦51購04","0","0","0","--","--","--","--"," ","0.00","7.50","100","7.70","10","0.00",
="079762","台灣50富邦54購02","0","0","0","--","--","--","--"," ","0.00","7.40","100","7.45","10","0.00",
="079763","牧德富邦4C購01","0","0","0","--","--","--","--"," ","0.00","0.77","10","0.87","10","0.00",
="079764","台灣50凱基54購02","0","0","0","--","--","--","--"," ","0.00","12.20","100","--","0","58.45",
="079765","滬深2X凱基51購05","0","0","0","--","--","--","--"," ","0.00","4.38","100","4.39","50","19.04",
="079766","滬深2X凱基54購01","0","0","0","--","--","--","--"," ","0.00","2.87","100","2.88","50","19.04",
="079767","東陽凱基4A購01","0","0","0","--","--","--","--"," ","0.00","--","0","0.10","10","94.10",
="079768","華城凱基4A購04","0","0","0","--","--","--","--"," ","0.00","5.55","100","6.05","10","586.00",
="079769","川湖凱基4C購01","0","0","0","--","--","--","--"," ","0.00","5.75","100","6.25","10","3,220.00",
="07976P","迅得國票4A售03","0","0","0","--","--","--","--"," ","0.00","1.40","25","1.46","10","0.00",
="079770","國巨凱基4C購01","0","0","0","--","--","--","--"," ","0.00","8.20","499","8.70","10","176.00",
="079771","旺宏凱基4C購01","45,000","4","120,100","2.75","2.75","2.53","2.60","+","0.97","2.41","10","2.51","10","26.75",
="079772","台光電凱基4A購07","0","0","0","--","--","--","--"," ","0.00","19.50","100","20.50","10","1,345.00",
="079773","可成凱基4A購01","0","0","0","--","--","--","--"," ","0.00","0.01","100","0.11","10","189.00",
="079774","裕民凱基4C購03","0","0","0","--","--","--","--"," ","0.00","1.29","100","1.31","10","55.30",
="079775","陽明凱基4C購03","0","0","0","--","--","--","--"," ","0.00","0.24","100","0.25","30","55.20",
="079776","雄獅凱基4A購01","0","0","0","--","--","--","--"," ","0.00","1.46","10","1.50","10","158.50",
="079777","大立光凱基4A購07","0","0","0","--","--","--","--"," ","0.00","0.04","10","0.14","10","2,360.00",
="079778","奇鋐凱基4C購03","0","0","0","--","--","--","--"," ","0.00","9.20","100","9.70","10","1,015.00",
="079779","健策凱基51購02","0","0","0","--","--","--","--"," ","0.00","7.05","100","7.55","10","2,355.00",
="07977P","台積電富邦49售13","0","0","0","--","--","--","--"," ","0.00","--","0","0.03","10","0.00",
="079780","世芯凱基4A購13","0","0","0","--","--","--","--"," ","0.00","6.20","100","6.70","10","3,700.00",
="079781","日月光凱基4C購01","0","0","0","--","--","--","--"," ","0.00","2.43","100","2.53","10","174.50",
="079782","祥碩凱基4A購01","0","0","0","--","--","--","--"," ","0.00","0.06","100","0.16","10","1,525.00",
="079783","洋基凱基4A購01","0","0","0","--","--","--","--"," ","0.00","3.78","100","3.85","10","449.00",
="079784","富世達凱基4C購02","0","0","0","--","--","--","--"," ","0.00","11.00","100","12.00","10","1,010.00",
="079785","世紀鋼凱基4C購01","94,000","6","81,560","0.82","0.88","0.82","0.87","+","0.09","0.79","100","0.82","10","171.50",
="079786","台灣50元大4A購30","0","0","0","--","--","--","--"," ","0.00","10.30","300","11.30","10","58.45",
="079787","FBNQ2X元大4A購07","0","0","0","--","--","--","--"," ","0.00","5.40","499","--","0","159.20",
="079788","FBNQ2X元大4C購05","0","0","0","--","--","--","--"," ","0.00","5.10","499","--","0","159.20",
="079789","東陽元大4A購02","0","0","0","--","--","--","--"," ","0.00","0.02","499","0.12","10","94.10",
="07978P","台積電富邦4C售09","0","0","0","--","--","--","--"," ","0.00","0.01","599","0.03","40","0.00",
="079790","上銀元大4A購12","0","0","0","--","--","--","--"," ","0.00","0.48","499","0.49","10","217.50",
="079791","台積電元大4A購68","10,000","1","49,500","4.95","4.95","4.95","4.95","X","0.00","--","0","--","0","1,340.00",
="079792","漢唐元大4A購09","0","0","0","--","--","--","--"," ","0.00","13.90","50","--","0","987.00",
="079793","聯發科元大4C購07","53,000","3","28,560","0.54","0.54","0.52","0.52","-","0.07","0.50","25","0.51","10","1,375.00",
="079794","長榮航元大4A購04","0","0","0","--","--","--","--"," ","0.00","0.86","499","0.88","10","38.85",
="079795","晟銘電元大4A購02","0","0","0","--","--","--","--"," ","0.00","1.50","450","1.55","10","121.00",
="079796","奇鋐元大53購01","0","0","0","--","--","--","--"," ","0.00","5.85","150","--","0","1,015.00",
="079797","亞光元大4A購14","0","0","0","--","--","--","--"," ","0.00","0.71","499","0.73","10","161.50",
="079798","緯創元大4A購12","0","0","0","--","--","--","--"," ","0.00","0.38","499","0.40","10","122.50",
="079799","牧德元大4A購01","0","0","0","--","--","--","--"," ","0.00","1.52","450","1.55","10","544.00",
="07979P","台灣50元大49售32","0","0","0","--","--","--","--"," ","0.00","--","0","0.10","10","0.00",
="079800","健策元大4A購03","0","0","0","--","--","--","--"," ","0.00","4.47","200","--","0","2,355.00",
="079801","世芯元大4C購03","0","0","0","--","--","--","--"," ","0.00","2.85","3","--","0","3,700.00",
="079802","祥碩元大4A購02","0","0","0","--","--","--","--"," ","0.00","0.19","499","0.20","10","1,525.00",
="079803","迅得元大4A購02","418,000","14","373,010","0.92","0.94","0.85","0.85"," ","0.00","0.81","499","0.83","10","176.00",
="079804","保瑞元大4A購06","272,000","2","204,000","0.75","0.75","0.75","0.75","X","0.00","0.74","499","0.77","10","693.00",
="079805","緯穎元大4A購24","60,000","1","190,800","3.18","3.18","3.18","3.18","X","0.00","3.18","250","3.25","10","3,140.00",
="079806","富世達元大4A購04","0","0","0","--","--","--","--"," ","0.00","8.25","100","--","0","1,010.00",
="079807","昇陽半元大4A購03","0","0","0","--","--","--","--"," ","0.00","1.52","450","1.55","10","179.50",
="079808","臺股指元大4A購53","0","0","0","--","--","--","--"," ","0.00","6.00","499","6.50","10","0.00",
="079809","臺股指元大4C購16","0","0","0","--","--","--","--"," ","0.00","6.90","499","7.40","10","0.00",
="07980P","國企2X元大4A售03","0","0","0","--","--","--","--"," ","0.00","0.41","499","0.42","50","0.00",
="079810","香港2X台新4B購01","0","0","0","--","--","--","--"," ","0.00","1.72","20","1.73","10","0.00",
="079811","台灣50永豐52購02","0","0","0","--","--","--","--"," ","0.00","47.90","499","48.40","10","58.45",
="079812","元債2X永豐55購01","0","0","0","--","--","--","--"," ","0.00","0.54","499","0.55","10","7.35",
="079813","中砂永豐4B購02","0","0","0","--","--","--","--"," ","0.00","6.35","499","6.65","10","339.00",
="079814","台積電永豐51購07","0","0","0","--","--","--","--"," ","0.00","--","0","--","0","1,340.00",
="079815","台積電永豐52購03","0","0","0","--","--","--","--"," ","0.00","--","0","--","0","1,340.00",
="079816","京元電永豐4C購02","0","0","0","--","--","--","--"," ","0.00","9.85","499","10.70","10","167.00",
="079817","全新永豐51購01","0","0","0","--","--","--","--"," ","0.00","30.10","10","30.90","10","160.00",
="079818","中信金永豐4B購01","0","0","0","--","--","--","--"," ","0.00","0.01","100","--","0","43.25",
="079819","景碩永豐4C購01","0","0","0","--","--","--","--"," ","0.00","7.90","10","8.25","10","111.50",
="07981P","大成鋼元大49售16","0","0","0","--","--","--","--"," ","0.00","2.13","350","2.23","10","0.00",
="079820","牧德永豐4C購02","0","0","0","--","--","--","--"," ","0.00","3.38","499","3.43","10","544.00",
="079821","健策永豐4C購01","0","0","0","--","--","--","--"," ","0.00","84.50","499","89.50","10","2,355.00",
="079822","世芯永豐4B購07","0","0","0","--","--","--","--"," ","0.00","4.54","499","--","0","3,700.00",
="079823","世芯永豐4C購06","0","0","0","--","--","--","--"," ","0.00","5.65","499","--","0","3,700.00",
="079824","愛普永豐4C購01","0","0","0","--","--","--","--"," ","0.00","5.35","499","5.55","10","344.00",
="079825","緯穎永豐51購02","0","0","0","--","--","--","--"," ","0.00","3.78","499","--","0","3,140.00",
="079826","台灣50中信51購03","0","0","0","--","--","--","--"," ","0.00","4.51","499","4.54","10","0.00",
="079827","T50反1中信5B購01","41,000","2","13,970","0.37","0.37","0.34","0.34","X","0.00","0.34","100","0.35","100","0.00",
="079828","滬深2X中信4B購02","30,000","3","27,500","0.94","0.97","0.84","0.84","-","0.11","0.87","499","0.88","10","0.00",
="079829","三芳中信4B購01","0","0","0","--","--","--","--"," ","0.00","0.07","499","0.12","10","0.00",
="07982P","鴻海元大49售10","0","0","0","--","--","--","--"," ","0.00","--","0","0.10","25","0.00",
="079830","鴻海中信4C購05","10,000","1","23,200","2.32","2.32","2.32","2.32","+","0.12","2.32","499","--","0","0.00",
="079831","全新中信4B購01","0","0","0","--","--","--","--"," ","0.00","2.62","499","--","0","0.00",
="079832","精銳中信4B購01","0","0","0","--","--","--","--"," ","0.00","0.28","10","0.31","10","0.00",
="079833","臺股指中信53購02","0","0","0","--","--","--","--"," ","0.00","1.95","499","1.96","100","0.00",
="079834","旺宏群益55購01","0","0","0","--","--","--","--"," ","0.00","1.84","499","1.94","10","26.75",
="079835","大立光群益58購01","59,000","3","39,530","0.67","0.67","0.67","0.67"," ","0.00","0.66","100","0.67","100","2,360.00",
="079836","祥碩群益4B購02","130,000","2","17,900","0.14","0.14","0.13","0.13"," ","0.00","0.13","20","--","0","1,525.00",
="079837","洋基群益4B購01","0","0","0","--","--","--","--"," ","0.00","--","0","3.07","10","449.00",
="079838","世紀鋼群益4B購02","0","0","0","--","--","--","--"," ","0.00","0.16","10","0.26","10","171.50",
="079839","華城統一51購04","10,000","1","20,900","2.09","2.09","2.09","2.09","-","0.05","2.06","10","2.09","10","586.00",
="07983P","台積電元大49售48","0","0","0","--","--","--","--"," ","0.00","--","0","0.02","20","0.00",
="079840","美費半富邦51購01","0","0","0","--","--","--","--"," ","0.00","2.35","10","2.45","10","0.00",
="079841","鴻海富邦4B購07","0","0","0","--","--","--","--"," ","0.00","5.40","30","5.65","10","0.00",
="079842","鴻海富邦51購02","0","0","0","--","--","--","--"," ","0.00","6.05","30","6.30","10","0.00",
="079843","鴻海富邦53購01","0","0","0","--","--","--","--"," ","0.00","5.45","30","5.65","10","0.00",
="079844","台積電富邦51購06","0","0","0","--","--","--","--"," ","0.00","3.75","30","3.83","10","0.00",
="079845","台積電富邦51購07","0","0","0","--","--","--","--"," ","0.00","4.26","30","4.36","10","0.00",
="079846","裕民富邦51購01","20,000","1","10,200","0.51","0.51","0.51","0.51","-","0.07","0.52","10","0.53","10","0.00",
="079847","國泰金富邦4B購01","7,000","2","11,960","1.68","1.72","1.68","1.72","+","0.02","1.71","30","1.76","10","0.00",
="079848","中信金富邦4B購01","10,000","1","11,300","1.13","1.13","1.13","1.13","X","0.00","1.10","30","1.12","10","0.00",
="079849","景碩富邦51購01","0","0","0","--","--","--","--"," ","0.00","1.64","10","1.74","10","0.00",
="07984P","台積電元大49售49","1,000","1","30","0.03","0.03","0.03","0.03"," ","0.00","--","0","0.03","13","0.00",
="079850","精成科富邦51購01","0","0","0","--","--","--","--"," ","0.00","3.71","10","3.81","10","0.00",
="079851","AES富邦51購01","0","0","0","--","--","--","--"," ","0.00","1.50","10","1.60","10","0.00",
="079852","台灣50凱基55購02","0","0","0","--","--","--","--"," ","0.00","8.20","100","8.30","10","58.45",
="079853","FBNQ2X凱基4B購02","0","0","0","--","--","--","--"," ","0.00","6.55","100","7.05","10","159.20",
="079854","中砂凱基4B購01","10,000","2","49,500","4.95","4.95","4.95","4.95","X","0.00","5.00","100","5.50","10","339.00",
="079855","上銀凱基4C購03","79,000","9","133,330","1.71","1.75","1.67","1.67","-","0.07","1.65","100","1.69","10","217.50",
="079856","聯電凱基4C購01","0","0","0","--","--","--","--"," ","0.00","0.22","10","0.32","10","43.90",
="079857","智邦凱基4B購05","0","0","0","--","--","--","--"," ","0.00","8.40","100","8.90","10","1,005.00",
="079858","聯發科凱基52購04","11,000","1","11,660","1.06","1.06","1.06","1.06","-","0.10","1.00","100","1.01","10","1,375.00",
="079859","長榮凱基4C購02","0","0","0","--","--","--","--"," ","0.00","0.69","499","0.71","30","182.00",
="07985P","聯發科元大49售17","0","0","0","--","--","--","--"," ","0.00","--","0","0.10","10","0.00",
="079860","大立光凱基4B購04","10,000","1","12,200","1.22","1.22","1.22","1.22","-","0.07","1.20","100","1.24","10","2,360.00",
="079861","精銳凱基4B購03","3,000","1","5,160","1.72","1.72","1.72","1.72","-","0.08","1.60","100","1.67","10","695.00",
="079862","材料凱基4C購04","0","0","0","--","--","--","--"," ","0.00","0.11","100","0.12","50","66.40",
="079863","臺股指凱基4B購24","0","0","0","--","--","--","--"," ","0.00","8.90","100","9.40","10","0.00",
="079864","台灣50元大4B購06","0","0","0","--","--","--","--"," ","0.00","14.30","100","15.30","10","58.45",
="079865","台灣50元大4B購07","0","0","0","--","--","--","--"," ","0.00","6.75","200","--","0","58.45",
="079866","T50正2元大4C購05","0","0","0","--","--","--","--"," ","0.00","5.35","499","--","0","302.45",
="079867","上証2X元大4B購04","0","0","0","--","--","--","--"," ","0.00","2.87","499","2.97","10","47.20",
="079868","道瓊銅元大51購01","1,000","1","560","0.56","0.56","0.56","0.56","-","0.01","0.26","1","0.33","100","25.59",
="079869","東陽元大4B購01","0","0","0","--","--","--","--"," ","0.00","--","0","0.10","10","94.10",
="07986P","聯發科元大49售18","0","0","0","--","--","--","--"," ","0.00","--","0","0.10","10","0.00",
="079870","聯電元大4B購01","799,000","6","135,850","0.15","0.22","0.15","0.21","+","0.04","0.18","25","0.19","10","43.90",
="079871","台達電元大4B購01","0","0","0","--","--","--","--"," ","0.00","21.70","10","--","0","893.00",
="079872","台積電元大4C購15","10,000","1","43,000","4.30","4.30","4.30","4.30","X","0.00","--","0","--","0","1,340.00",
="079873","漢唐元大52購01","0","0","0","--","--","--","--"," ","0.00","13.20","50","--","0","987.00",
="079874","聯發科元大51購13","389,000","9","209,860","0.56","0.56","0.51","0.51","-","0.07","0.51","10","0.68","10","1,375.00",
="079875","富邦金元大4B購01","0","0","0","--","--","--","--"," ","0.00","1.17","499","1.20","10","88.40",
="079876","亞光元大4B購01","23,000","2","6,150","0.27","0.27","0.25","0.25","X","0.00","0.25","499","0.26","10","161.50",
="079877","牧德元大4B購01","173,000","7","160,410","0.97","0.97","0.89","0.93","-","0.12","0.90","499","0.91","10","544.00",
="079878","智易元大4B購01","0","0","0","--","--","--","--"," ","0.00","0.09","499","0.10","10","223.00",
="079879","健策元大4B購01","0","0","0","--","--","--","--"," ","0.00","4.85","150","--","0","2,355.00",
="07987P","嘉澤元大49售11","0","0","0","--","--","--","--"," ","0.00","--","0","0.10","10","0.00",
="079880","世芯元大51購11","0","0","0","--","--","--","--"," ","0.00","--","0","--","0","3,700.00",
="079881","保瑞元大4B購01","178,000","3","77,210","0.42","0.44","0.42","0.44","+","0.02","0.41","499","0.43","10","693.00",
="079882","緯穎元大52購01","0","0","0","--","--","--","--"," ","0.00","3.55","200","--","0","3,140.00",
="079883","T50反1元富4B購02","0","0","0","--","--","--","--"," ","0.00","--","0","0.10","25","18.29",
="079884","滬深2X元富55購01","0","0","0","--","--","--","--"," ","0.00","0.24","4","--","0","19.04",
="079885","元金2X元富52購01","50,000","1","40,500","0.81","0.81","0.81","0.81","X","0.00","0.82","25","0.85","10","70.40",
="079886","台積電元富4B購10","0","0","0","--","--","--","--"," ","0.00","--","0","--","0","1,340.00",
="079887","鈞興元富55購01","84,000","7","151,150","1.81","1.81","1.76","1.78","-","0.05","1.76","25","1.79","25","178.50",
="079888","矽力元富55購01","0","0","0","--","--","--","--"," ","0.00","0.24","25","0.25","25","273.00",
="079889","迅得元富55購01","37,000","2","58,460","1.58","1.58","1.58","1.58","+","0.10","1.44","25","1.45","25","176.00",
="07988P","臺股指元大49售59","0","0","0","--","--","--","--"," ","0.00","--","0","0.10","10","0.00",
="079890","保瑞元富55購01","3,000","1","10,650","3.55","3.55","3.55","3.55","-","0.07","3.58","25","3.68","10","693.00",
="079891","元金反國票57購01","0","0","0","--","--","--","--"," ","0.00","0.08","46","0.09","10","6.80",
="079893","中信金國票4C購01","0","0","0","--","--","--","--"," ","0.00","2.61","25","2.69","10","43.25",
="079894","玉晶光國票4C購01","3,000","2","7,260","2.42","2.42","2.42","2.42","+","0.03","2.42","23","2.45","2","443.50",
="079895","大銀國票4C購02","0","0","0","--","--","--","--"," ","0.00","0.32","25","0.33","10","120.00",
="079896","矽力國票4C購01","0","0","0","--","--","--","--"," ","0.00","0.05","25","0.06","10","273.00",
="079897","迅得國票4C購03","27,000","3","37,490","1.43","1.43","1.36","1.36","+","0.03","1.27","25","1.28","10","176.00",
="079898","T50反1國泰4C購01","0","0","0","--","--","--","--"," ","0.00","--","0","--","0","18.29",
="079899","華新國泰52購01","0","0","0","--","--","--","--"," ","0.00","2.70","380","2.98","20","24.05",
="07989P","臺股指元大49售60","0","0","0","--","--","--","--"," ","0.00","--","0","0.10","10","0.00",
="079900","台光電國泰52購01","0","0","0","--","--","--","--"," ","0.00","17.10","499","--","0","1,345.00",
="079901","富世達國泰52購01","0","0","0","--","--","--","--"," ","0.00","9.60","499","--","0","1,010.00",
="079902","上証2X富邦52購01","110,000","8","110,320","1.03","1.08","0.95","0.96","-","0.07","0.95","100","0.96","98","0.00",
="079903","國企2X富邦53購01","45,000","2","37,600","0.88","0.88","0.83","0.83","-","0.04","0.79","100","0.80","98","0.00",
="079904","中砂群益4C購02","136,000","18","252,120","1.76","1.97","1.73","1.84","+","0.23","1.80","10","1.90","10","339.00",
="079905","上銀群益4B購03","0","0","0","--","--","--","--"," ","0.00","0.41","25","0.42","10","217.50",
="079906","華通群益51購02","414,000","16","1,065,100","2.66","2.68","2.40","2.40","-","0.20","2.39","25","2.41","10","77.00",
="079907","國巨群益4B購02","0","0","0","--","--","--","--"," ","0.00","--","0","--","0","176.00",
="079908","智邦群益51購01","0","0","0","--","--","--","--"," ","0.00","2.92","1","6.25","10","1,005.00",
="079909","聯發科群益4B購08","0","0","0","--","--","--","--"," ","0.00","--","0","0.40","10","1,375.00",
="07990P","臺股指元大49售61","0","0","0","--","--","--","--"," ","0.00","--","0","0.10","10","0.00",
="079910","長榮群益4B購02","0","0","0","--","--","--","--"," ","0.00","0.02","10","0.32","10","182.00",
="079911","雄獅群益4B購01","10,000","1","9,200","0.92","0.92","0.92","0.92","-","0.06","0.86","25","0.87","10","158.50",
="079912","大立光群益52購02","820,000","9","744,900","0.92","0.92","0.88","0.92"," ","0.00","0.91","100","0.96","100","2,360.00",
="079913","景碩群益51購03","44,000","6","153,740","3.60","3.71","3.35","3.35","-","0.10","1.78","5","--","0","111.50",
="079916","精銳群益51購01","0","0","0","--","--","--","--"," ","0.00","0.84","10","0.94","10","695.00",
="079918","東科群益4B購01","143,000","4","70,660","0.48","0.52","0.48","0.52","+","0.05","0.51","25","0.53","10","112.50",
="079919","光聖統一55購01","22,000","4","78,060","3.58","3.58","3.42","3.42","+","0.01","3.37","10","3.42","10","826.00",
="07991P","臺股指元大49售62","0","0","0","--","--","--","--"," ","0.00","--","0","0.10","10","0.00",
="079920","光聖統一5B購01","10,000","1","24,200","2.42","2.42","2.42","2.42","+","0.04","2.33","10","2.38","10","826.00",
="079921","臺指反中信55購01","100,000","3","10,000","0.10","0.10","0.10","0.10","X","0.00","0.09","100","0.10","125","0.00",
="079922","元油反中信52購01","31,000","2","14,930","0.48","0.49","0.48","0.49","+","0.03","0.47","499","0.48","100","0.00",
="079923","華通中信4B購01","106,000","13","344,700","3.71","3.71","2.95","2.95","-","0.72","2.89","10","2.95","10","0.00",
="079924","鴻海中信51購03","0","0","0","--","--","--","--"," ","0.00","7.55","499","8.05","10","0.00",
="079928","台積電中信51購03","114,000","25","532,770","4.42","4.88","4.42","4.79","+","0.78","4.57","499","4.67","10","0.00",
="07992P","台積電凱基4A售37","0","0","0","--","--","--","--"," ","0.00","0.01","100","0.11","10","0.00",
="079930","聯發科中信51購02","0","0","0","--","--","--","--"," ","0.00","0.38","499","0.40","10","0.00",
="079931","臺股指中信53購05","0","0","0","--","--","--","--"," ","0.00","5.40","499","5.45","100","0.00",
="079932","長榮台新4B購01","0","0","0","--","--","--","--"," ","0.00","0.46","20","0.47","10","0.00",
="079933","牧德台新4B購01","0","0","0","--","--","--","--"," ","0.00","--","0","--","0","0.00",
="079934","保瑞台新4B購01","39,000","2","39,770","1.03","1.03","0.99","0.99","X","0.00","1.00","20","1.01","10","0.00",
="079935","中砂永豐51購01","0","0","0","--","--","--","--"," ","0.00","3.79","499","3.83","10","339.00",
="079936","上銀永豐51購02","10,000","1","5,600","0.56","0.56","0.56","0.56"," ","0.00","0.53","10","0.54","10","217.50",
="079937","鴻海永豐4B購05","0","0","0","--","--","--","--"," ","0.00","3.40","499","--","0","221.00",
="079938","鴻海永豐4B購06","0","0","0","--","--","--","--"," ","0.00","3.87","499","--","0","221.00",
="079939","智邦永豐4C購01","0","0","0","--","--","--","--"," ","0.00","--","0","--","0","1,005.00",
="07993P","聯發科凱基49售09","0","0","0","--","--","--","--"," ","0.00","1.04","100","--","0","0.00",
="079940","所羅門永豐51購02","801,000","45","401,990","0.51","0.51","0.48","0.49","X","0.00","0.48","10","0.49","10","144.50",
="079941","微星永豐51購01","0","0","0","--","--","--","--"," ","0.00","0.46","10","0.47","10","119.50",
="079942","正崴永豐4B購01","40,000","1","13,200","0.33","0.33","0.33","0.33","-","0.04","0.34","10","0.35","10","48.80",
="079943","亞光永豐4C購02","45,000","2","51,750","1.15","1.15","1.15","1.15","-","0.01","1.04","10","1.06","10","161.50",
="079944","新日興永豐51購01","7,000","3","64,350","9.50","9.60","9.05","9.05","-","0.25","3.83","2","--","0","237.00",
="079945","創意永豐55購01","0","0","0","--","--","--","--"," ","0.00","16.80","499","17.00","10","1,315.00",
="079946","世芯永豐51購04","0","0","0","--","--","--","--"," ","0.00","4.10","499","--","0","3,700.00",
="079947","啟碁永豐4B購01","53,000","2","15,340","0.29","0.29","0.28","0.28","-","0.01","0.27","10","0.28","10","121.00",
="079948","保瑞永豐51購01","23,000","2","43,180","1.86","1.88","1.86","1.88","+","0.04","1.83","499","1.93","10","693.00",
="079949","ITH永豐51購01","0","0","0","--","--","--","--"," ","0.00","0.48","10","0.49","10","43.90",
="07994P","陽明凱基49售05","0","0","0","--","--","--","--"," ","0.00","--","0","0.10","10","0.00",
="079950","東陽凱基4B購01","0","0","0","--","--","--","--"," ","0.00","0.01","100","0.11","10","94.10",
="079951","中砂凱基4B購02","140,000","8","489,710","2.98","3.55","2.98","3.55","+","0.93","3.07","100","3.13","10","339.00",
="079952","亞光凱基4B購02","5,000","1","4,700","0.94","0.94","0.94","0.94","+","0.01","0.82","100","0.84","10","161.50",
="079953","智原凱基52購02","328,000","9","276,710","0.85","0.87","0.80","0.80","+","0.11","0.80","100","0.81","10","174.00",
="079954","智易凱基4B購02","0","0","0","--","--","--","--"," ","0.00","0.12","10","0.13","10","223.00",
="079955","健策凱基55購01","0","0","0","--","--","--","--"," ","0.00","5.95","100","6.45","12","2,355.00",
="079956","立積凱基4B購01","104,000","5","73,360","0.77","0.77","0.68","0.68","-","0.25","0.69","100","0.73","10","151.50",
="079957","穎崴凱基4C購01","0","0","0","--","--","--","--"," ","0.00","15.00","100","--","0","2,015.00",
="079958","愛普凱基4B購01","0","0","0","--","--","--","--"," ","0.00","5.60","100","6.10","10","344.00",
="079959","世紀鋼凱基51購01","0","0","0","--","--","--","--"," ","0.00","0.53","10","0.54","10","171.50",
="07995P","聚陽中信49售01","0","0","0","--","--","--","--"," ","0.00","--","0","--","0","0.00",
="079960","聯發科第一4B購01","0","0","0","--","--","--","--"," ","0.00","0.18","10","0.19","10","0.00",
="079961","台灣50元大4B購08","0","0","0","--","--","--","--"," ","0.00","13.00","200","14.00","10","58.45",
="079962","台灣50元大4B購09","0","0","0","--","--","--","--"," ","0.00","18.90","100","19.90","10","58.45",
="079963","香港2X元大4B購02","0","0","0","--","--","--","--"," ","0.00","1.80","499","1.90","10","18.02",
="079964","元日2X元大4B購02","9,000","6","570","0.07","0.07","0.06","0.06","X","0.00","0.05","100","0.06","100","5.87",
="079965","元日2X元大51購04","0","0","0","--","--","--","--"," ","0.00","0.07","7","0.09","50","5.87",
="079966","大成鋼元大55購01","0","0","0","--","--","--","--"," ","0.00","0.79","499","0.80","10","37.90",
="079967","聯電元大4B購02","200,000","3","12,000","0.06","0.06","0.06","0.06","X","0.00","0.05","499","0.06","10","43.90",
="079968","台達電元大4B購02","0","0","0","--","--","--","--"," ","0.00","22.90","50","--","0","893.00",
="079969","廣宇元大4B購01","0","0","0","--","--","--","--"," ","0.00","2.70","250","--","0","54.10",
="07996P","仁寶中信49售01","0","0","0","--","--","--","--"," ","0.00","--","0","--","0","0.00",
="079970","台積電元大4B購16","30,000","3","130,600","4.24","4.47","4.24","4.47","X","0.00","0.01","100","--","0","1,340.00",
="079971","聯發科元大4B購09","0","0","0","--","--","--","--"," ","0.00","0.13","499","0.14","10","1,375.00",
="079972","可成元大4B購02","0","0","0","--","--","--","--"," ","0.00","--","0","--","0","189.00",
="079973","晟銘電元大4B購04","0","0","0","--","--","--","--"," ","0.00","1.26","499","1.29","10","121.00",
="079974","奇鋐元大54購01","0","0","0","--","--","--","--"," ","0.00","6.75","100","--","0","1,015.00",
="079975","智原元大4B購06","160,000","14","39,550","0.22","0.27","0.22","0.23","+","0.06","0.21","499","0.22","10","174.00",
="079976","緯創元大52購01","57,000","4","48,860","0.84","0.88","0.84","0.86","+","0.07","0.82","499","0.83","10","122.50",
="079977","新日興元大4B購04","6,000","1","7,860","1.31","1.31","1.31","1.31","-","0.02","--","0","--","0","237.00",
="079978","嘉澤元大4B購02","1,000","1","670","0.67","0.67","0.67","0.67","X","0.00","0.68","499","0.70","10","1,605.00",
="079979","健策元大4B購02","0","0","0","--","--","--","--"," ","0.00","4.37","200","--","0","2,355.00",
="07997P","漢翔中信49售03","0","0","0","--","--","--","--"," ","0.00","--","0","--","0","0.00",
="079980","世芯元大4C購04","0","0","0","--","--","--","--"," ","0.00","--","0","--","0","3,700.00",
="079981","貿聯元大4B購02","0","0","0","--","--","--","--"," ","0.00","7.40","100","--","0","1,085.00",
="079982","保瑞元大4B購02","0","0","0","--","--","--","--"," ","0.00","0.87","499","0.90","10","693.00",
="079983","富世達元大4B購01","0","0","0","--","--","--","--"," ","0.00","6.90","100","--","0","1,010.00",
="079984","臺股指元大4B購16","0","0","0","--","--","--","--"," ","0.00","5.45","499","5.95","10","0.00",
="079985","臺股指元大4B購17","0","0","0","--","--","--","--"," ","0.00","7.00","499","7.50","10","0.00",
="079986","臺股指元大4B購18","0","0","0","--","--","--","--"," ","0.00","5.65","499","6.15","10","0.00",
="079987","臺股指元大4B購19","0","0","0","--","--","--","--"," ","0.00","4.35","499","4.45","10","0.00",
="079988","臺股指元大4C購17","0","0","0","--","--","--","--"," ","0.00","4.49","499","4.59","10","0.00",
="079989","T50反1元富4C購07","0","0","0","--","--","--","--"," ","0.00","--","0","0.10","25","18.29",
="07998P","晟銘電永豐49售04","0","0","0","--","--","--","--"," ","0.00","0.31","499","0.36","10","0.00",
="079990","滬深2X元富55購02","20,000","2","37,000","1.85","1.85","1.85","1.85","X","0.00","0.17","6","--","0","19.04",
="079991","香港2X元富4B購01","0","0","0","--","--","--","--"," ","0.00","0.06","7","--","0","18.02",
="079992","士電元富55購01","0","0","0","--","--","--","--"," ","0.00","3.37","25","3.41","25","183.00",
="079993","長榮元富55購02","0","0","0","--","--","--","--"," ","0.00","0.60","25","0.61","25","182.00",
="079994","智原元富4B購02","361,000","9","167,020","0.47","0.49","0.39","0.39","+","0.09","0.38","25","0.39","25","174.00",
="079995","景碩元富55購01","0","0","0","--","--","--","--"," ","0.00","3.67","25","3.77","10","111.50",
="079996","緯穎元富52購02","0","0","0","--","--","--","--"," ","0.00","3.50","25","3.56","25","3,140.00",
="079997","南電元富55購01","0","0","0","--","--","--","--"," ","0.00","12.00","25","12.20","25","234.50",
="079998","香港2X國票51購01","15,000","4","24,020","1.72","1.72","1.57","1.57","-","0.15","1.56","25","1.57","10","18.02",
="079999","A50正2國票55購01","45,000","2","110,250","2.49","2.49","2.40","2.40","X","0.00","2.34","25","2.35","10","32.79",
="07999P","元金2X國票53售01","130,000","4","33,800","0.26","0.26","0.26","0.26","-","0.04","0.25","25","0.26","10","0.00",
="080000","直得國票4C購01","0","0","0","--","--","--","--"," ","0.00","0.31","25","0.33","10","81.30",
="080001","上銀國票4C購01","0","0","0","--","--","--","--"," ","0.00","0.88","25","0.89","10","217.50",
="080002","所羅門國票4C購02","39,000","5","44,340","1.19","1.19","1.11","1.14","-","0.09","1.12","25","1.13","10","144.50",
="080003","慧洋國票4B購03","0","0","0","--","--","--","--"," ","0.00","0.76","25","0.77","10","58.40",
="080004","偉訓國票4B購01","0","0","0","--","--","--","--"," ","0.00","3.98","25","4.08","10","97.50",
="080005","定穎控國票4C購01","0","0","0","--","--","--","--"," ","0.00","10.30","25","11.30","10","90.10",
="080006","精銳國票4C購01","1,000","1","990","0.99","0.99","0.99","0.99","X","0.00","0.92","25","0.93","10","695.00",
="080007","東科國票4B購01","41,000","3","19,480","0.46","0.48","0.46","0.48","+","0.04","0.48","25","0.49","10","112.50",
="080008","邁達特國票4B購01","8,000","2","4,820","0.61","0.61","0.59","0.59","X","0.00","0.56","25","0.57","10","51.40",
="080009","邁達特國票4C購01","0","0","0","--","--","--","--"," ","0.00","0.54","25","0.55","10","51.40",
="08000P","聚陽國票4A售02","0","0","0","--","--","--","--"," ","0.00","0.56","25","0.58","10","0.00",
="080010","邁達特國票51購01","0","0","0","--","--","--","--"," ","0.00","0.60","25","0.61","10","51.40",
="080011","迎廣國票4B購01","0","0","0","--","--","--","--"," ","0.00","0.78","25","0.79","10","85.80",
="080012","穎崴國票4C購01","10,000","1","281,000","28.10","28.10","28.10","28.10","+","1.80","26.00","25","27.00","10","2,015.00",
="080013","采鈺國票4B購01","0","0","0","--","--","--","--"," ","0.00","3.67","25","3.77","10","305.50",
="080014","ITH國票4C購01","0","0","0","--","--","--","--"," ","0.00","0.08","25","0.09","10","43.90",
="080015","中砂國泰52購01","0","0","0","--","--","--","--"," ","0.00","3.79","499","--","0","339.00",
="080016","智邦國泰52購01","0","0","0","--","--","--","--"," ","0.00","5.90","499","--","0","1,005.00",
="080017","世芯國泰52購01","0","0","0","--","--","--","--"," ","0.00","6.50","10","--","0","3,700.00",
="080018","邁達特國泰52購01","43,000","3","53,440","1.26","1.26","1.19","1.19"," ","0.00","1.16","200","1.17","100","51.40",
="080019","創意第一4B購01","18,000","2","8,740","0.48","0.49","0.48","0.49","X","0.00","0.47","10","0.48","10","0.00",
="08001P","川湖國票4A售08","0","0","0","--","--","--","--"," ","0.00","0.01","25","0.05","10","0.00",
="080020","緯穎第一4B購01","0","0","0","--","--","--","--"," ","0.00","6.35","10","6.45","10","0.00",
="080021","台達電國泰52購01","0","0","0","--","--","--","--"," ","0.00","22.00","10","--","0","893.00",
="080022","聯發科國泰52購01","350,000","88","410,500","1.19","1.19","1.14","1.14","-","0.17","1.11","499","1.14","439","1,375.00",
="080023","裕民國泰52購01","0","0","0","--","--","--","--"," ","0.00","1.72","499","1.73","100","55.30",
="080024","創意國泰52購01","0","0","0","--","--","--","--"," ","0.00","3.24","499","--","0","1,315.00",
="080025","祥碩國泰52購01","0","0","0","--","--","--","--"," ","0.00","0.86","499","0.88","499","1,525.00",
="080026","AES國泰52購01","0","0","0","--","--","--","--"," ","0.00","3.71","499","3.77","10","1,195.00",
="080027","川湖富邦4B購02","0","0","0","--","--","--","--"," ","0.00","3.24","30","3.29","10","0.00",
="080028","東陽國票4B購01","0","0","0","--","--","--","--"," ","0.00","0.02","25","0.03","10","94.10",
="080029","東陽國票4C購01","0","0","0","--","--","--","--"," ","0.00","0.02","25","0.03","10","94.10",
="08002P","旺宏國票49售03","0","0","0","--","--","--","--"," ","0.00","--","0","--","0","0.00",
="080030","義隆國票4B購01","0","0","0","--","--","--","--"," ","0.00","0.51","25","0.52","10","132.50",
="080031","義隆國票4C購01","1,000","1","360","0.36","0.36","0.36","0.36","-","0.03","0.35","25","0.36","10","132.50",
="080032","國泰金國票4C購01","9,000","1","10,710","1.19","1.19","1.19","1.19"," ","0.00","1.16","25","1.20","10","66.20",
="080033","立積國票4C購02","90,000","6","53,180","0.62","0.62","0.58","0.59","-","0.10","0.58","25","0.59","10","151.50",
="080034","迅得國票4B購02","0","0","0","--","--","--","--"," ","0.00","1.34","25","1.42","10","176.00",
="080035","滬深2X群益53購02","0","0","0","--","--","--","--"," ","0.00","0.14","7","--","0","19.04",
="080036","材料群益4B購02","0","0","0","--","--","--","--"," ","0.00","--","0","0.29","10","66.40",
="080037","愛普群益4C購01","0","0","0","--","--","--","--"," ","0.00","2.11","11","4.64","10","344.00",
="080038","世紀鋼群益4C購03","0","0","0","--","--","--","--"," ","0.00","0.16","10","0.26","10","171.50",
="080039","道瓊銀凱基55購01","5,000","1","22,050","4.41","4.41","4.41","4.41","+","0.17","4.41","20","4.42","50","36.75",
="08003P","金像電國票4A售03","0","0","0","--","--","--","--"," ","0.00","--","0","--","0","0.00",
="080040","亞德客凱基4B購01","0","0","0","--","--","--","--"," ","0.00","0.01","10","0.11","10","765.00",
="080041","華新凱基4C購01","66,000","5","153,510","2.45","2.45","2.11","2.26","-","0.13","2.18","100","--","0","24.05",
="080042","上銀凱基4B購05","0","0","0","--","--","--","--"," ","0.00","0.03","100","0.13","10","217.50",
="080043","華通凱基4C購02","0","0","0","--","--","--","--"," ","0.00","3.44","100","3.54","10","77.00",
="080044","台積電凱基4C購24","0","0","0","--","--","--","--"," ","0.00","8.40","12","8.90","10","1,340.00",
="080045","大立光凱基4C購03","0","0","0","--","--","--","--"," ","0.00","0.47","100","0.49","10","2,360.00",
="080046","奇鋐凱基55購01","0","0","0","--","--","--","--"," ","0.00","11.20","100","12.20","10","1,015.00",
="080047","智原凱基51購04","20,000","2","11,600","0.58","0.58","0.58","0.58","X","0.00","0.51","100","0.52","10","174.00",
="080048","精銳凱基4B購04","0","0","0","--","--","--","--"," ","0.00","0.72","100","0.75","10","695.00",
="080049","迅得凱基4C購01","316,000","14","455,640","1.44","1.48","1.30","1.33","-","0.01","1.28","100","1.30","10","176.00",
="08004P","長榮國票4A售06","0","0","0","--","--","--","--"," ","0.00","0.30","25","0.31","10","0.00",
="080050","保瑞凱基52購01","39,000","3","87,090","2.23","2.35","2.23","2.35","+","0.10","2.25","100","2.30","10","693.00",
="080051","ITH凱基4C購01","0","0","0","--","--","--","--"," ","0.00","0.46","100","0.47","40","43.90",
="080052","A50正2元富55購01","8,000","3","31,980","4.15","4.15","3.95","3.95","-","0.14","1.00","10","--","0","32.79",
="080053","SGBR2X元富4B購01","2,000","1","1,740","0.87","0.87","0.87","0.87","-","0.11","0.86","25","0.87","25","10.98",
="080054","華城元富4B購02","0","0","0","--","--","--","--"," ","0.00","3.90","25","4.00","10","586.00",
="080055","華城元富52購02","0","0","0","--","--","--","--"," ","0.00","4.47","25","4.57","10","586.00",
="080056","直得元富52購01","0","0","0","--","--","--","--"," ","0.00","0.28","25","0.29","25","81.30",
="080057","華新元富4B購01","0","0","0","--","--","--","--"," ","0.00","1.42","25","1.45","25","24.05",
="080058","鴻海元富55購01","0","0","0","--","--","--","--"," ","0.00","5.40","25","5.50","25","221.00",
="080059","台積電元富4B購11","0","0","0","--","--","--","--"," ","0.00","--","0","--","0","1,340.00",
="08005P","晟銘電國票49售04","0","0","0","--","--","--","--"," ","0.00","0.10","25","0.11","18","0.00",
="080060","所羅門元富4B購01","25,000","3","17,950","0.75","0.75","0.69","0.69","-","0.06","0.70","25","0.72","25","144.50",
="080061","昆盈元富4B購01","64,000","2","59,040","0.99","0.99","0.91","0.91","-","0.11","0.90","25","0.91","25","42.60",
="080062","盟立元富55購01","2,000","2","4,890","2.52","2.52","2.37","2.37","X","0.00","2.39","25","2.40","10","72.30",
="080063","長榮元富4B購06","0","0","0","--","--","--","--"," ","0.00","0.43","25","0.44","25","182.00",
="080064","富邦金元富4B購01","130,000","4","129,150","0.98","1.01","0.97","1.01","-","0.01","0.97","25","1.07","10","88.40",
="080065","凱基金元富4B購01","0","0","0","--","--","--","--"," ","0.00","0.74","25","0.76","25","15.00",
="080066","中信金元富4B購01","0","0","0","--","--","--","--"," ","0.00","0.01","100","--","0","43.25",
="080067","欣興元富52購02","0","0","0","--","--","--","--"," ","0.00","4.34","25","4.44","25","159.00",
="080068","華擎元富55購01","0","0","0","--","--","--","--"," ","0.00","7.35","25","7.55","25","278.00",
="080069","牧德元富4B購01","0","0","0","--","--","--","--"," ","0.00","2.29","25","2.39","25","544.00",
="08006P","貿聯國票4A售07","0","0","0","--","--","--","--"," ","0.00","0.01","25","0.05","10","0.00",
="080070","世芯元富4C購05","0","0","0","--","--","--","--"," ","0.00","5.85","25","5.95","25","3,700.00",
="080071","貿聯元富4B購02","0","0","0","--","--","--","--"," ","0.00","6.85","25","7.10","25","1,085.00",
="080072","鈞興元富55購02","22,000","1","59,620","2.71","2.71","2.71","2.71","-","0.06","2.64","25","2.69","25","178.50",
="080073","立積元富55購01","360,000","8","543,600","1.60","1.60","1.48","1.51","-","0.17","1.50","25","1.51","25","151.50",
="080074","光聖元富52購01","0","0","0","--","--","--","--"," ","0.00","5.95","25","6.45","10","826.00",
="080075","光聖元富52購02","0","0","0","--","--","--","--"," ","0.00","4.98","25","5.40","25","826.00",
="080076","ITH元富4B購01","0","0","0","--","--","--","--"," ","0.00","0.18","25","0.19","25","43.90",
="080077","ITH元富4B購02","0","0","0","--","--","--","--"," ","0.00","0.12","25","0.13","25","43.90",
="080078","中砂統一55購01","539,000","32","647,640","1.18","1.25","1.18","1.20","+","0.05","1.19","10","1.20","10","339.00",
="080079","大亞統一51購03","0","0","0","--","--","--","--"," ","0.00","0.97","10","1.01","10","39.85",
="08007P","AES國票4A售02","0","0","0","--","--","--","--"," ","0.00","0.03","25","0.05","10","0.00",
="080080","第一銅統一55購01","0","0","0","--","--","--","--"," ","0.00","0.43","10","0.44","10","33.95",
="080081","上銀統一51購02","0","0","0","--","--","--","--"," ","0.00","0.26","10","0.27","10","217.50",
="080082","一詮統一56購01","391,000","7","219,360","0.56","0.58","0.56","0.56","-","0.01","0.55","10","0.56","10","82.30",
="080083","晟銘電統一55購01","25,000","3","25,650","1.03","1.03","1.01","1.01","X","0.00","0.99","10","1.01","10","121.00",
="080084","精銳統一56購03","42,000","2","28,160","0.68","0.68","0.66","0.66","X","0.00","0.66","10","0.67","10","695.00",
="080085","世紀鋼統一51購04","0","0","0","--","--","--","--"," ","0.00","0.29","10","0.31","10","171.50",
="080086","臺股指中信53購07","0","0","0","--","--","--","--"," ","0.00","3.70","499","3.72","100","0.00",
="080087","台光電台新4B購01","0","0","0","--","--","--","--"," ","0.00","16.90","20","--","0","0.00",
="080088","世紀鋼台新4B購01","23,000","1","6,670","0.29","0.29","0.29","0.29","X","0.00","0.27","20","0.28","10","0.00",
="080089","滬深2X永豐53購02","0","0","0","--","--","--","--"," ","0.00","0.47","2","--","0","19.04",
="08008P","南電國票4A售03","2,000","2","1,090","0.60","0.60","0.49","0.49","+","0.40","--","0","0.25","3","0.00",
="080090","香港2X永豐4B購01","10,000","1","12,400","1.24","1.24","1.24","1.24","-","0.12","1.17","499","1.18","10","18.02",
="080091","台泥永豐4C購01","4,000","4","640","0.16","0.16","0.16","0.16","-","0.01","0.16","11","--","0","23.75",
="080092","亞德客永豐52購01","301,000","21","719,030","2.42","2.44","2.28","2.28"," ","0.00","2.27","10","2.31","10","765.00",
="080093","華邦電永豐51購01","0","0","0","--","--","--","--"," ","0.00","10.90","499","--","0","36.45",
="080094","友達永豐4B購01","151,000","3","62,530","0.42","0.53","0.40","0.53","X","0.00","0.43","10","0.45","10","13.70",
="080095","聯發科永豐55購01","77,000","4","155,940","2.01","2.04","2.01","2.04","-","0.16","1.93","11","2.03","10","1,375.00",
="080096","長榮永豐55購01","16,000","2","24,480","1.53","1.53","1.53","1.53","-","0.04","1.49","10","1.58","10","182.00",
="080097","立積永豐55購01","0","0","0","--","--","--","--"," ","0.00","0.98","499","1.00","10","151.50",
="080098","達興永豐4B購01","0","0","0","--","--","--","--"," ","0.00","9.45","499","--","0","399.00",
="080099","力成永豐51購01","0","0","0","--","--","--","--"," ","0.00","33.20","499","33.80","10","150.50",
="08009P","臺股指元富49售32","0","0","0","--","--","--","--"," ","0.00","--","0","0.10","10","0.00",
="080100","緯穎永豐4B購01","0","0","0","--","--","--","--"," ","0.00","7.80","499","--","0","3,140.00",
="080101","AES永豐4B購01","0","0","0","--","--","--","--"," ","0.00","2.49","499","2.55","10","1,195.00",
="080102","雲豹永豐4B購01","12,000","2","360","0.03","0.03","0.03","0.03","X","0.00","0.02","10","0.03","10","119.00",
="080103","世紀鋼永豐53購01","20,000","1","24,600","1.23","1.23","1.23","1.23","+","0.06","1.12","10","1.13","10","171.50",
="080104","東陽元大4B購02","0","0","0","--","--","--","--"," ","0.00","--","0","0.10","10","94.10",
="080105","和大元大4B購02","0","0","0","--","--","--","--"," ","0.00","0.33","499","0.34","10","65.30",
="080106","直得元大4B購01","0","0","0","--","--","--","--"," ","0.00","0.20","499","0.21","10","81.30",
="080107","上銀元大4B購06","0","0","0","--","--","--","--"," ","0.00","0.05","499","0.06","10","217.50",
="080108","台達電元大4B購03","0","0","0","--","--","--","--"," ","0.00","19.60","50","--","0","893.00",
="080109","廣宇元大4B購02","0","0","0","--","--","--","--"," ","0.00","1.40","499","1.44","10","54.10",
="08010P","鴻海群益4A售05","0","0","0","--","--","--","--"," ","0.00","0.01","25","0.05","10","0.00",
="080110","台積電元大4C購16","270,000","6","1,159,250","4.22","4.42","4.22","4.42","+","1.07","0.06","166","--","0","1,340.00",
="080111","所羅門元大4B購03","0","0","0","--","--","--","--"," ","0.00","0.16","499","0.17","10","144.50",
="080112","聯發科元大4C購08","0","0","0","--","--","--","--"," ","0.00","0.20","499","0.21","10","1,375.00",
="080113","亞光元大4B購03","0","0","0","--","--","--","--"," ","0.00","0.41","499","0.42","10","161.50",
="080114","智原元大4B購07","743,000","13","329,210","0.36","0.48","0.36","0.48","+","0.08","0.43","499","0.44","10","174.00",
="080115","緯創元大52購02","77,000","3","54,310","0.68","0.73","0.67","0.67","+","0.03","0.66","499","0.67","10","122.50",
="080116","新日興元大4B購05","20,000","1","22,000","1.10","1.10","1.10","1.10","-","0.15","0.17","58","--","0","237.00",
="080117","光聖元大4B購01","0","0","0","--","--","--","--"," ","0.00","10.40","10","--","0","826.00",
="080118","保瑞元大4C購04","72,000","1","84,960","1.18","1.18","1.18","1.18","X","0.00","1.12","499","1.15","10","693.00",
="080119","穎崴元大4B購03","0","0","0","--","--","--","--"," ","0.00","8.90","100","--","0","2,015.00",
="08011P","臺股指群益49售37","0","0","0","--","--","--","--"," ","0.00","--","0","--","0","0.00",
="080120","緯穎元大4C購08","0","0","0","--","--","--","--"," ","0.00","3.14","250","3.20","10","3,140.00",
="080121","T50反1中信5B購02","10,000","1","6,500","0.65","0.65","0.65","0.65","-","0.03","0.65","100","0.66","100","0.00",
="080122","元債2X中信52購01","0","0","0","--","--","--","--"," ","0.00","0.54","499","0.55","100","0.00",
="080123","美債2X中信52購01","0","0","0","--","--","--","--"," ","0.00","0.56","499","0.57","100","0.00",
="080124","SGBR2X中信4B購01","2,000","1","1,400","0.70","0.70","0.70","0.70","X","0.00","0.70","499","0.71","100","0.00",
="080125","士電中信4B購01","0","0","0","--","--","--","--"," ","0.00","0.51","10","0.53","10","0.00",
="080126","華城中信4B購01","20,000","2","25,000","1.26","1.26","1.24","1.24","-","0.07","1.21","499","1.24","10","0.00",
="080127","聯發科中信4B購01","0","0","0","--","--","--","--"," ","0.00","0.62","10","0.65","10","0.00",
="080128","光聖中信4B購01","41,000","5","165,330","4.16","4.16","3.93","3.94","-","0.08","3.83","10","3.88","10","0.00",
="080129","富世達中信4C購01","0","0","0","--","--","--","--"," ","0.00","4.41","499","4.46","10","0.00",
="08012P","台灣50凱基49售14","0","0","0","--","--","--","--"," ","0.00","--","0","--","0","0.00",
="080130","雲豹中信4B購01","0","0","0","--","--","--","--"," ","0.00","--","0","0.05","10","0.00",
="080131","台灣50永豐52購03","0","0","0","--","--","--","--"," ","0.00","14.60","499","15.00","10","58.45",
="080132","華友聯永豐4B購01","0","0","0","--","--","--","--"," ","0.00","0.05","499","0.06","10","73.20",
="080133","中興電永豐4C購01","0","0","0","--","--","--","--"," ","0.00","1.41","499","1.44","10","159.00",
="080134","華城永豐4B購02","0","0","0","--","--","--","--"," ","0.00","4.99","499","5.45","10","586.00",
="080135","大成鋼永豐4C購02","4,000","3","4,600","1.25","1.25","1.10","1.10","-","0.03","1.09","10","1.10","10","37.90",
="080136","聯電永豐4C購02","0","0","0","--","--","--","--"," ","0.00","1.48","499","1.49","10","43.90",
="080137","鴻海永豐4B購07","0","0","0","--","--","--","--"," ","0.00","3.06","499","--","0","221.00",
="080138","鴻海永豐4C購05","0","0","0","--","--","--","--"," ","0.00","3.04","499","--","0","221.00",
="080139","技嘉永豐52購01","0","0","0","--","--","--","--"," ","0.00","2.41","499","2.44","10","283.00",
="08013P","旺宏凱基49售06","0","0","0","--","--","--","--"," ","0.00","--","0","0.10","10","0.00",
="080140","台光電永豐51購01","0","0","0","--","--","--","--"," ","0.00","18.40","499","19.20","10","1,345.00",
="080141","皇昌永豐51購01","0","0","0","--","--","--","--"," ","0.00","0.61","10","0.62","10","72.70",
="080142","裕民永豐51購01","5,000","1","6,250","1.25","1.25","1.25","1.25","X","0.00","1.21","10","1.23","10","55.30",
="080143","陽明永豐4B購02","0","0","0","--","--","--","--"," ","0.00","0.21","10","0.22","10","55.20",
="080144","國泰金永豐4C購01","17,000","2","44,030","2.59","2.59","2.59","2.59","-","0.03","2.62","10","2.66","10","66.20",
="080145","緯創永豐55購01","269,000","4","3,988,600","14.80","15.20","14.20","14.20","+","0.50","14.20","10","14.40","10","122.50",
="080146","創意永豐51購02","75,000","7","98,500","1.30","1.32","1.29","1.32","+","0.04","1.30","10","1.33","10","1,315.00",
="080147","嘉澤永豐51購01","7,000","1","116,900","16.70","16.70","16.70","16.70","-","1.90","16.80","499","17.10","10","1,605.00",
="080148","碩天永豐4C購01","65,000","1","18,200","0.28","0.28","0.28","0.28","X","0.00","0.30","499","0.32","10","217.00",
="080149","世芯永豐4B購08","0","0","0","--","--","--","--"," ","0.00","4.53","499","--","0","3,700.00",
="08014P","皇昌凱基4A售05","0","0","0","--","--","--","--"," ","0.00","0.27","10","0.28","10","0.00",
="080150","世芯永豐4C購07","0","0","0","--","--","--","--"," ","0.00","4.44","499","--","0","3,700.00",
="080151","貿聯永豐51購02","0","0","0","--","--","--","--"," ","0.00","67.50","499","70.00","10","1,085.00",
="080152","迅得永豐4C購01","29,000","1","15,660","0.54","0.54","0.54","0.54","-","0.01","0.51","10","0.52","10","176.00",
="080153","穎崴永豐4C購01","0","0","0","--","--","--","--"," ","0.00","19.80","499","20.80","10","2,015.00",
="080154","緯穎永豐4B購02","0","0","0","--","--","--","--"," ","0.00","3.38","499","--","0","3,140.00",
="080155","緯穎永豐4B購03","0","0","0","--","--","--","--"," ","0.00","2.17","10","2.21","10","3,140.00",
="080156","士電統一55購02","90,000","5","75,560","0.85","0.85","0.82","0.84","-","0.01","0.84","10","0.85","10","183.00",
="080157","中興電統一55購01","30,000","1","24,900","0.83","0.83","0.83","0.83","-","0.05","0.82","10","0.83","10","159.00",
="080158","中興電統一55購02","0","0","0","--","--","--","--"," ","0.00","0.58","10","0.59","10","159.00",
="080159","亞力統一55購01","24,000","1","13,680","0.57","0.57","0.57","0.57"," ","0.00","0.55","10","0.57","10","102.50",
="08015P","日月光凱基4A售02","0","0","0","--","--","--","--"," ","0.00","0.05","100","0.15","10","0.00",
="080160","亞力統一55購02","37,000","1","21,460","0.58","0.58","0.58","0.58"," ","0.00","0.56","10","0.57","10","102.50",
="080161","華城統一55購03","0","0","0","--","--","--","--"," ","0.00","1.24","10","1.26","10","586.00",
="080162","晟銘電統一55購02","14,000","1","14,840","1.06","1.06","1.06","1.06"," ","0.00","0.98","12","0.99","10","121.00",
="080163","智原統一55購01","34,000","1","14,960","0.44","0.44","0.44","0.44"," ","0.00","0.46","10","0.47","10","174.00",
="080164","台灣50凱基4B購06","0","0","0","--","--","--","--"," ","0.00","12.10","100","--","0","58.45",
="080165","滬深2X凱基59購01","0","0","0","--","--","--","--"," ","0.00","5.50","100","6.00","10","19.04",
="080166","香港2X凱基4B購02","6,000","2","14,820","2.59","2.59","2.35","2.35","-","0.30","2.29","100","2.30","50","18.02",
="080167","SP黃豆凱基4B購01","0","0","0","--","--","--","--"," ","0.00","0.22","10","0.23","50","19.68",
="080168","SGBR2X凱基4B購01","7,000","2","13,530","1.94","1.94","1.93","1.93","X","0.00","1.93","100","1.94","50","10.98",
="080169","上銀凱基4B購06","25,000","2","14,350","0.57","0.59","0.57","0.59"," ","0.00","0.53","100","0.54","10","217.50",
="08016P","AES凱基49售05","0","0","0","--","--","--","--"," ","0.00","--","0","0.02","10","0.00",
="080170","台達電凱基4B購02","0","0","0","--","--","--","--"," ","0.00","28.70","100","29.70","10","893.00",
="080171","台積電凱基4B購16","0","0","0","--","--","--","--"," ","0.00","8.95","12","9.45","10","1,340.00",
="080172","智邦凱基4C購02","0","0","0","--","--","--","--"," ","0.00","4.55","10","4.65","10","1,005.00",
="080173","義隆凱基4C購01","20,000","2","7,200","0.35","0.37","0.35","0.37","X","0.00","0.34","100","0.35","10","132.50",
="080174","一詮凱基4C購01","3,000","2","2,160","0.72","0.72","0.72","0.72","-","0.03","0.68","100","0.69","10","82.30",
="080175","亞光凱基4B購03","34,000","3","50,580","1.62","1.62","1.47","1.47","-","0.19","1.47","100","1.50","10","161.50",
="080176","緯創凱基52購01","24,000","1","19,680","0.82","0.82","0.82","0.82","X","0.00","0.84","100","0.85","10","122.50",
="080177","新日興凱基4B購02","10,000","1","20,100","2.01","2.01","2.01","2.01","+","0.03","1.86","10","1.96","10","237.00",
="080178","世芯凱基52購03","0","0","0","--","--","--","--"," ","0.00","6.55","100","7.05","10","3,700.00",
="080179","精銳凱基51購02","1,000","1","1,150","1.15","1.15","1.15","1.15","-","0.04","1.12","100","1.16","10","695.00",
="08017P","臺股指凱基49售42","0","0","0","--","--","--","--"," ","0.00","--","0","--","0","0.00",
="080180","迅得凱基4B購03","1,047,000","15","690,150","0.69","0.70","0.58","0.59","-","0.05","0.57","100","0.58","10","176.00",
="080181","穎崴凱基52購01","0","0","0","--","--","--","--"," ","0.00","13.20","100","--","0","2,015.00",
="080182","緯穎凱基4B購07","3,000","2","12,880","4.38","4.38","4.25","4.25","-","0.05","4.20","100","4.25","10","3,140.00",
="080183","AES凱基4C購02","0","0","0","--","--","--","--"," ","0.00","1.64","100","1.68","10","1,195.00",
="080184","雲豹凱基4C購01","0","0","0","--","--","--","--"," ","0.00","0.03","100","0.13","10","119.00",
="080185","滬深2X群益4B購07","0","0","0","--","--","--","--"," ","0.00","0.06","57","--","0","19.04",
="080186","中興電群益4C購01","0","0","0","--","--","--","--"," ","0.00","0.28","100","0.29","100","159.00",
="080187","亞德客群益4C購01","20,000","4","4,500","0.23","0.23","0.22","0.22","X","0.00","0.20","10","0.30","10","765.00",
="080188","直得群益4C購01","0","0","0","--","--","--","--"," ","0.00","0.45","10","0.55","10","81.30",
="080189","華新群益4B購02","0","0","0","--","--","--","--"," ","0.00","--","0","1.10","10","24.05",
="08018P","臺股指凱基49售43","0","0","0","--","--","--","--"," ","0.00","--","0","--","0","0.00",
="080190","上銀群益53購01","257,000","15","225,230","0.89","0.91","0.85","0.86","-","0.04","0.85","121","0.86","100","217.50",
="080191","宇隆群益4C購01","23,000","5","52,290","2.40","2.40","2.04","2.06","-","0.28","2.03","10","2.13","10","217.00",
="080192","金寶群益4B購01","0","0","0","--","--","--","--"," ","0.00","0.31","25","0.88","99","19.60",
="080193","智邦群益51購02","10,000","1","47,900","4.79","4.79","4.79","4.79","X","0.00","--","0","4.79","10","1,005.00",
="080194","金像電群益4B購02","0","0","0","--","--","--","--"," ","0.00","--","0","12.00","10","455.00",
="080195","台光電群益51購02","0","0","0","--","--","--","--"," ","0.00","--","0","12.90","10","1,345.00",
="080199","中信金群益4B購01","0","0","0","--","--","--","--"," ","0.00","--","0","--","0","43.25",
="08019P","臺股指富邦53售01","0","0","0","--","--","--","--"," ","0.00","0.04","559","0.13","100","0.00",
="080200","大立光群益4B購01","0","0","0","--","--","--","--"," ","0.00","0.01","20","0.54","10","2,360.00",
="080203","奇鋐群益4B購02","0","0","0","--","--","--","--"," ","0.00","--","0","17.30","10","1,015.00",
="080204","智原群益4C購02","73,000","4","36,980","0.45","0.58","0.45","0.53","+","0.04","0.52","10","0.62","10","174.00",
="080205","精銳群益51購02","0","0","0","--","--","--","--"," ","0.00","1.04","10","1.14","10","695.00",
="080206","材料群益4B購03","0","0","0","--","--","--","--"," ","0.00","0.19","10","0.29","10","66.40",
="080209","祥碩群益4C購01","0","0","0","--","--","--","--"," ","0.00","--","0","--","0","1,525.00",
="08020P","FANG+元大49售02","0","0","0","--","--","--","--"," ","0.00","--","0","0.10","10","0.00",
="080210","迅得群益53購01","70,000","3","78,860","1.13","1.13","1.09","1.09","-","0.04","1.06","10","1.16","10","176.00",
="080211","保瑞群益51購02","42,000","1","83,580","1.99","1.99","1.99","1.99","-","0.05","1.99","10","2.09","10","693.00",
="080212","緯穎群益4B購02","0","0","0","--","--","--","--"," ","0.00","--","0","8.25","10","3,140.00",
="080213","臺股指群益4B購33","0","0","0","--","--","--","--"," ","0.00","2.66","499","--","0","0.00",
="080214","臺股指群益4C購07","0","0","0","--","--","--","--"," ","0.00","2.13","499","--","0","0.00",
="080215","SGBR2X元富4B購02","0","0","0","--","--","--","--"," ","0.00","1.95","25","1.97","25","10.98",
="080216","中興電元富55購01","0","0","0","--","--","--","--"," ","0.00","1.31","25","1.33","25","159.00",
="080217","華城元富4B購03","0","0","0","--","--","--","--"," ","0.00","2.57","25","2.67","10","586.00",
="080218","上銀元富55購01","13,000","3","23,040","1.74","1.83","1.73","1.83","+","0.04","1.73","25","1.74","25","217.50",
="080219","金寶元富55購01","27,000","4","25,830","0.96","0.97","0.95","0.97","+","0.05","0.93","25","0.94","25","19.60",
="08021P","電子類元大49售02","0","0","0","--","--","--","--"," ","0.00","--","0","0.10","10","0.00",
="080220","台光電元富55購01","0","0","0","--","--","--","--"," ","0.00","6.95","25","7.45","25","1,345.00",
="080221","友達元富55購01","45,000","2","49,050","1.09","1.09","1.09","1.09","X","0.00","1.05","25","1.07","25","13.70",
="080222","友達元富55購02","742,000","10","777,640","1.06","1.10","1.02","1.02","X","0.00","1.02","21","1.04","25","13.70",
="080223","美律元富4B購01","53,000","2","20,160","0.36","0.40","0.36","0.40","X","0.00","0.39","25","0.40","25","104.00",
="080224","嘉澤元富55購01","0","0","0","--","--","--","--"," ","0.00","1.80","25","1.83","25","1,605.00",
="080225","嘉澤元富55購02","0","0","0","--","--","--","--"," ","0.00","1.71","25","1.73","25","1,605.00",
="080226","貿聯元富4B購03","0","0","0","--","--","--","--"," ","0.00","5.65","25","5.90","25","1,085.00",
="080227","貿聯元富4C購01","0","0","0","--","--","--","--"," ","0.00","6.25","25","6.55","25","1,085.00",
="080228","緯穎元富55購01","0","0","0","--","--","--","--"," ","0.00","3.52","25","3.58","25","3,140.00",
="080229","國企2X台新4B購01","0","0","0","--","--","--","--"," ","0.00","0.91","20","0.92","10","0.00",
="08022P","臺股指富邦4B售05","0","0","0","--","--","--","--"," ","0.00","0.01","499","0.04","100","0.00",
="080230","台灣50元大4B購11","0","0","0","--","--","--","--"," ","0.00","8.75","200","9.05","10","58.45",
="080234","上証2X元大51購01","0","0","0","--","--","--","--"," ","0.00","1.45","100","1.50","10","47.20",
="080236","道瓊銀元大51購02","0","0","0","--","--","--","--"," ","0.00","2.76","100","2.81","10","36.75",
="080237","東陽元大4B購03","0","0","0","--","--","--","--"," ","0.00","--","0","0.10","10","94.10",
="08023P","臺股指富邦51售02","0","0","0","--","--","--","--"," ","0.00","0.11","499","0.12","100","0.00",
="080240","中砂元大4B購01","0","0","0","--","--","--","--"," ","0.00","1.97","400","2.02","10","339.00",
="080241","上銀元大4B購07","0","0","0","--","--","--","--"," ","0.00","0.44","499","0.45","10","217.50",
="080242","台達電元大4B購04","1,000","1","24,900","24.90","24.90","24.90","24.90","X","0.00","24.40","10","--","0","893.00",
="080243","鴻海元大54購07","294,000","12","551,640","1.85","1.91","1.85","1.88","X","0.00","1.89","450","1.90","10","221.00",
="080244","台積電元大4B購18","0","0","0","--","--","--","--"," ","0.00","0.01","200","--","0","1,340.00",
="080245","聯發科元大4B購11","122,000","1","73,200","0.60","0.60","0.60","0.60","-","0.11","0.56","25","0.58","10","1,375.00",
="080246","晟銘電元大4B購05","15,000","1","16,050","1.07","1.07","1.07","1.07","X","0.00","0.98","499","1.02","10","121.00",
="080247","亞光元大4B購04","294,000","6","220,820","0.78","0.78","0.73","0.73","-","0.08","0.71","499","0.72","10","161.50",
="080248","智原元大4B購08","0","0","0","--","--","--","--"," ","0.00","0.17","499","0.18","10","174.00",
="080249","緯創元大4B購06","20,000","2","9,100","0.49","0.49","0.42","0.42","X","0.00","0.41","499","0.42","10","122.50",
="08024P","聯發科兆豐4B售01","0","0","0","--","--","--","--"," ","0.00","0.31","10","0.32","10","0.00",
="080250","貿聯元大52購01","0","0","0","--","--","--","--"," ","0.00","4.80","150","--","0","1,085.00",
="080251","材料元大4B購07","0","0","0","--","--","--","--"," ","0.00","--","0","0.10","10","66.40",
="080252","穎崴元大4B購04","0","0","0","--","--","--","--"," ","0.00","8.85","100","--","0","2,015.00",
="080253","緯穎元大4C購09","0","0","0","--","--","--","--"," ","0.00","2.63","300","2.64","10","3,140.00",
="080254","臺股指元大4B購21","0","0","0","--","--","--","--"," ","0.00","6.65","499","7.00","10","0.00",
="080255","臺股指元大4B購22","0","0","0","--","--","--","--"," ","0.00","4.87","499","4.94","10","0.00",
="080256","元石油國票4B購01","22,000","3","33,590","1.53","1.53","1.49","1.49","-","0.15","1.49","25","1.50","10","16.00",
="080257","SGBR2X國票4B購01","13,000","3","22,430","1.74","1.75","1.70","1.70","X","0.00","1.72","25","1.73","10","10.98",
="080258","SGBR2X國票4C購02","20,000","1","29,400","1.47","1.47","1.47","1.47","-","0.16","1.46","25","1.47","10","10.98",
="080259","中興電國票51購01","0","0","0","--","--","--","--"," ","0.00","0.91","25","0.93","10","159.00",
="08025P","台灣50元富4A售02","0","0","0","--","--","--","--"," ","0.00","--","0","0.10","25","0.00",
="080260","宇隆國票4C購01","0","0","0","--","--","--","--"," ","0.00","1.68","25","1.70","10","217.00",
="080261","中信金國票4C購02","2,000","1","2,320","1.16","1.16","1.16","1.16","-","0.09","1.14","25","1.16","10","43.25",
="080262","亞光國票4C購01","0","0","0","--","--","--","--"," ","0.00","1.92","25","2.02","10","161.50",
="080263","華晶科國票4C購01","2,000","2","9,940","4.97","4.97","4.97","4.97","-","0.38","4.93","25","5.10","10","52.80",
="080264","緯創國票51購01","325,000","14","385,730","1.15","1.23","1.15","1.17","+","0.11","1.10","25","1.11","10","122.50",
="080265","世紀鋼國票4C購01","0","0","0","--","--","--","--"," ","0.00","0.29","25","0.30","10","171.50",
="080266","華城富邦51購01","0","0","0","--","--","--","--"," ","0.00","2.49","10","2.59","10","0.00",
="080267","中砂富邦51購01","0","0","0","--","--","--","--"," ","0.00","2.17","10","2.27","10","0.00",
="080268","亞德客富邦4C購01","521,000","20","186,300","0.36","0.37","0.34","0.34","-","0.01","0.34","10","0.35","10","0.00",
="080269","第一銅富邦4B購01","5,000","1","600","0.12","0.12","0.12","0.12","X","0.00","0.11","30","0.12","10","0.00",
="08026P","T50正2元富4A售03","0","0","0","--","--","--","--"," ","0.00","--","0","0.10","45","0.00",
="080270","智邦富邦51購01","0","0","0","--","--","--","--"," ","0.00","3.67","10","3.77","10","0.00",
="080271","京元電富邦4C購01","0","0","0","--","--","--","--"," ","0.00","4.62","10","4.72","10","0.00",
="080272","聯發科富邦4C購04","70,000","2","12,600","0.18","0.18","0.18","0.18","X","0.00","0.16","30","0.17","10","0.00",
="080273","慧洋富邦4B購01","0","0","0","--","--","--","--"," ","0.00","0.16","30","0.17","28","0.00",
="080274","晟銘電富邦51購01","0","0","0","--","--","--","--"," ","0.00","1.31","10","1.41","10","0.00",
="080275","亞光富邦4B購02","205,000","6","143,810","0.74","0.74","0.69","0.69","-","0.06","0.67","30","0.68","28","0.00",
="080276","碩天富邦4B購01","0","0","0","--","--","--","--"," ","0.00","0.01","100","0.03","10","0.00",
="080277","啟碁富邦51購01","2,000","1","760","0.38","0.38","0.38","0.38","+","0.02","0.35","10","0.36","10","0.00",
="080278","保瑞富邦52購01","116,000","6","104,500","0.90","0.91","0.89","0.91","-","0.01","0.91","10","0.92","10","0.00",
="080279","穎崴富邦51購01","0","0","0","--","--","--","--"," ","0.00","5.40","10","5.90","10","0.00",
="08027P","上銀元富4A售02","0","0","0","--","--","--","--"," ","0.00","2.17","25","2.27","10","0.00",
="080280","長華富邦4B購01","0","0","0","--","--","--","--"," ","0.00","0.14","30","0.15","10","0.00",
="080281","上証2X中信4C購02","0","0","0","--","--","--","--"," ","0.00","0.70","499","0.71","100","0.00",
="080282","香港2X中信51購02","0","0","0","--","--","--","--"," ","0.00","0.84","499","0.85","100","0.00",
="080283","SGBR2X中信51購01","46,000","2","38,830","0.84","0.85","0.84","0.85","X","0.00","0.85","499","0.86","100","0.00",
="080284","國泰金中信4B購01","105,000","2","83,220","0.80","0.80","0.79","0.79","-","0.06","0.79","499","0.83","10","0.00",
="080285","滬深2X永豐52購02","0","0","0","--","--","--","--"," ","0.00","5.80","499","--","0","19.04",
="080286","華新永豐51購01","345,000","5","580,200","1.76","1.76","1.67","1.67","-","0.09","1.64","10","1.65","10","24.05",
="080287","華航永豐51購01","10,000","1","6,600","0.66","0.66","0.66","0.66","X","0.00","0.67","10","0.68","10","20.95",
="080289","長榮航永豐51購02","0","0","0","--","--","--","--"," ","0.00","0.91","499","0.92","10","38.85",
="08028P","鴻海元富4A售04","0","0","0","--","--","--","--"," ","0.00","--","0","0.10","25","0.00",
="080290","智原永豐51購01","154,000","10","202,340","1.21","1.45","1.21","1.45","+","0.31","1.27","10","1.28","10","174.00",
="080291","虎航永豐4B購02","0","0","0","--","--","--","--"," ","0.00","0.06","499","0.07","10","75.80",
="080292","達運光永豐4B購01","0","0","0","--","--","--","--"," ","0.00","1.56","499","1.58","10","95.50",
="080293","金像電富邦4C購01","0","0","0","--","--","--","--"," ","0.00","5.95","30","6.15","10","0.00",
="080295","長榮航富邦4B購01","0","0","0","--","--","--","--"," ","0.00","0.15","30","0.16","10","0.00",
="080296","貿聯富邦4C購01","0","0","0","--","--","--","--"," ","0.00","4.49","30","4.58","10","0.00",
="080297","A50正2元富55購02","13,000","2","44,290","3.73","3.73","3.38","3.38","-","0.18","1.41","7","--","0","32.79",
="080298","美債2X元富55購01","0","0","0","--","--","--","--"," ","0.00","0.79","25","0.80","25","7.33",
="080299","SGBR2X元富4B購03","0","0","0","--","--","--","--"," ","0.00","2.59","25","2.69","25","10.98",
="08029P","鴻海元富4A售05","0","0","0","--","--","--","--"," ","0.00","--","0","0.10","25","0.00",
="080300","道瓊銀元富4B購01","0","0","0","--","--","--","--"," ","0.00","2.15","25","2.20","25","36.75",
="080301","中砂元富4B購01","0","0","0","--","--","--","--"," ","0.00","3.54","25","3.64","25","339.00",
="080302","鴻準元富55購01","33,000","4","100,250","3.04","3.04","2.97","2.97","+","0.09","2.87","25","2.88","25","70.70",
="080303","萬海元富55購01","43,000","6","64,580","1.50","1.51","1.49","1.49","-","0.10","1.48","25","1.49","23","77.90",
="080304","富邦金元富4B購02","0","0","0","--","--","--","--"," ","0.00","1.38","25","1.48","10","88.40",
="080305","牧德元富4B購02","0","0","0","--","--","--","--"," ","0.00","0.97","25","0.98","25","544.00",
="080306","達運光元富4B購01","0","0","0","--","--","--","--"," ","0.00","0.99","25","1.03","25","95.50",
="080307","昆盈國票4B購01","0","0","0","--","--","--","--"," ","0.00","1.65","25","1.72","10","42.60",
="080308","昆盈國票4C購01","9,000","2","17,020","1.98","1.98","1.88","1.88","-","0.10","1.85","25","1.86","10","42.60",
="080309","大同國票4B購01","0","0","0","--","--","--","--"," ","0.00","0.26","25","0.28","10","39.85",
="08030P","友訊元富4A售01","0","0","0","--","--","--","--"," ","0.00","0.79","25","0.82","10","0.00",
="080310","聯鈞國票4C購01","199,000","23","660,800","2.90","3.59","2.90","3.45","+","0.65","3.55","25","3.57","10","278.00",
="080311","嘉澤國票51購01","7,000","2","9,580","1.48","1.48","1.35","1.35","-","0.20","1.38","25","1.39","10","1,605.00",
="080312","牧德國票4C購01","0","0","0","--","--","--","--"," ","0.00","2.01","25","2.11","10","544.00",
="080313","穎崴國票4C購02","0","0","0","--","--","--","--"," ","0.00","15.80","25","16.80","10","2,015.00",
="080314","達運光國票4B購01","0","0","0","--","--","--","--"," ","0.00","1.02","25","1.04","10","95.50",
="080315","SGBR2X國泰4C購01","0","0","0","--","--","--","--"," ","0.00","2.62","499","2.66","10","10.98",
="080316","上銀國泰52購01","2,000","1","3,280","1.64","1.64","1.64","1.64","-","0.06","1.62","499","1.64","499","217.50",
="080317","大銀國泰52購01","180,000","4","377,760","2.05","2.11","2.05","2.11","+","0.07","2.02","3","2.03","260","120.00",
="080318","滬深2X群益4B購08","0","0","0","--","--","--","--"," ","0.00","0.06","57","--","0","19.04",
="080319","SGBR2X群益53購01","23,000","3","65,010","2.85","2.85","2.80","2.80","-","0.19","2.83","25","2.84","10","10.98",
="08031P","鴻海國泰4C售02","0","0","0","--","--","--","--"," ","0.00","0.12","499","0.13","100","0.00",
="080320","遠東新群益4B購01","0","0","0","--","--","--","--"," ","0.00","0.02","499","0.12","10","27.80",
="080321","士電群益4B購01","0","0","0","--","--","--","--"," ","0.00","0.48","10","0.58","10","183.00",
="080322","鴻海群益53購07","0","0","0","--","--","--","--"," ","0.00","--","0","2.55","10","221.00",
="080323","台積電群益51購04","40,000","3","142,800","3.50","3.64","3.50","3.64","+","0.72","0.62","16","--","0","1,340.00",
="080324","智邦群益53購01","0","0","0","--","--","--","--"," ","0.00","--","0","2.36","10","1,005.00",
="080325","緯創群益53購01","76,000","9","220,940","2.84","3.01","2.81","2.81","+","0.10","2.20","20","3.01","10","122.50",
="080326","聯鈞群益4B購01","531,000","64","999,250","1.62","2.10","1.62","2.01","+","0.43","1.98","7","--","0","278.00",
="080327","牧德群益4C購01","20,000","1","45,800","2.29","2.29","2.29","2.29","-","0.03","2.17","10","2.27","10","544.00",
="080328","世芯群益4B購05","0","0","0","--","--","--","--"," ","0.00","--","0","9.75","10","3,700.00",
="080329","迅得群益4B購01","0","0","0","--","--","--","--"," ","0.00","--","0","1.79","10","176.00",
="08032P","台積電國泰4B售01","0","0","0","--","--","--","--"," ","0.00","0.02","10","0.12","10","0.00",
="080330","穎崴群益4B購02","0","0","0","--","--","--","--"," ","0.00","27.90","10","--","0","2,015.00",
="080331","緯穎群益4B購03","0","0","0","--","--","--","--"," ","0.00","--","0","8.15","10","3,140.00",
="080332","虎航群益51購01","0","0","0","--","--","--","--"," ","0.00","0.19","100","0.20","100","75.80",
="080333","達運光群益4B購01","0","0","0","--","--","--","--"," ","0.00","--","0","1.25","10","95.50",
="080334","士電統一55購03","0","0","0","--","--","--","--"," ","0.00","0.54","10","0.55","10","183.00",
="080335","士電統一58購02","0","0","0","--","--","--","--"," ","0.00","0.66","10","0.67","10","183.00",
="080336","亞光統一55購01","78,000","4","61,490","0.79","0.79","0.76","0.76","-","0.04","0.75","10","0.76","10","161.50",
="080337","亞光統一55購02","0","0","0","--","--","--","--"," ","0.00","0.69","10","0.70","10","161.50",
="080338","聯鈞統一55購01","258,000","14","313,540","1.18","1.31","1.16","1.28","+","0.13","1.29","10","1.31","10","278.00",
="080339","聯鈞統一55購02","586,000","34","483,110","0.75","0.85","0.75","0.83","+","0.08","0.84","10","0.85","10","278.00",
="08033P","台積電國泰4B售02","0","0","0","--","--","--","--"," ","0.00","0.01","10","0.11","10","0.00",
="080340","聯鈞統一5B購01","389,000","19","495,060","1.24","1.35","1.22","1.32","+","0.09","1.34","10","1.35","10","278.00",
="080341","聯鈞統一5B購02","312,000","9","383,620","1.20","1.30","1.18","1.30","+","0.11","1.29","10","1.30","10","278.00",
="080342","光聖統一55購02","0","0","0","--","--","--","--"," ","0.00","2.20","10","2.21","10","826.00",
="080343","光聖統一55購03","10,000","2","21,000","2.10","2.10","2.10","2.10","X","0.00","2.10","7","2.31","27","826.00",
="080344","雲豹統一55購01","0","0","0","--","--","--","--"," ","0.00","0.15","10","0.16","10","119.00",
="080345","上証2X凱基51購01","8,000","6","12,180","1.56","1.57","1.48","1.48","-","0.02","1.52","100","1.53","50","47.20",
="080346","中砂凱基4C購03","0","0","0","--","--","--","--"," ","0.00","4.05","100","4.15","10","339.00",
="080347","亞德客凱基4B購02","20,000","2","4,200","0.22","0.22","0.20","0.20","X","0.00","0.18","10","0.19","50","765.00",
="080348","宇隆凱基4B購01","6,000","1","19,920","3.32","3.32","3.32","3.32"," ","0.00","2.81","100","2.91","10","217.00",
="080349","台積電凱基51購13","0","0","0","--","--","--","--"," ","0.00","7.75","13","8.25","10","1,340.00",
="08034P","台積電國泰4B售03","0","0","0","--","--","--","--"," ","0.00","--","0","0.02","22","0.00",
="080350","台光電凱基51購01","0","0","0","--","--","--","--"," ","0.00","14.20","100","15.20","10","1,345.00",
="080351","冠德凱基4B購01","0","0","0","--","--","--","--"," ","0.00","0.01","100","0.11","10","36.65",
="080352","智原凱基4B購01","102,000","9","83,900","0.77","0.88","0.74","0.76","+","0.08","0.75","100","0.76","10","174.00",
="080353","聯鈞凱基4B購01","345,000","25","951,380","2.73","3.01","2.29","2.91","+","0.67","2.99","10","3.00","10","278.00",
="080354","聯鈞凱基4B購02","1,901,000","105","4,251,240","1.74","2.52","1.74","2.45","+","0.76","2.42","10","2.45","8","278.00",
="080355","達興凱基4B購01","0","0","0","--","--","--","--"," ","0.00","16.10","10","17.10","10","399.00",
="080356","達運光凱基4B購01","0","0","0","--","--","--","--"," ","0.00","0.91","10","0.92","10","95.50",
="080357","東陽元大4B購04","0","0","0","--","--","--","--"," ","0.00","0.02","499","0.10","56","94.10",
="080358","華城元大4B購02","0","0","0","--","--","--","--"," ","0.00","2.30","300","2.35","10","586.00",
="080359","川湖元大4B購05","1,000","1","4,700","4.70","4.70","4.70","4.70","X","0.00","4.63","25","--","0","3,220.00",
="08035P","聯發科國泰4C售03","0","0","0","--","--","--","--"," ","0.00","1.18","499","1.20","499","0.00",
="080360","鴻海元大54購08","174,000","7","464,920","2.65","2.71","2.65","2.67","X","0.00","2.68","300","2.69","10","221.00",
="080361","台積電元大51購31","0","0","0","--","--","--","--"," ","0.00","--","0","--","0","1,340.00",
="080362","聯發科元大51購14","110,000","4","104,550","0.96","0.96","0.95","0.95","-","0.06","0.90","15","0.92","10","1,375.00",
="080363","聯詠元大4B購01","58,000","2","3,480","0.06","0.06","0.06","0.06","X","0.00","0.04","499","0.14","10","443.00",
="080365","智原元大4B購09","132,000","3","89,220","0.69","0.76","0.67","0.67","+","0.10","0.65","549","0.67","10","174.00",
="080366","聯鈞元大4B購01","993,000","30","1,359,580","1.20","1.59","1.20","1.57","+","0.38","1.52","25","1.57","9","278.00",
="080367","牧德元大52購01","120,000","11","181,860","1.57","1.57","1.50","1.50","-","0.01","1.47","25","1.48","10","544.00",
="080368","世芯元大51購12","0","0","0","--","--","--","--"," ","0.00","--","0","--","0","3,700.00",
="080369","大銀元大4B購01","0","0","0","--","--","--","--"," ","0.00","0.39","499","0.40","10","120.00",
="08036P","中502X國票4B售04","0","0","0","--","--","--","--"," ","0.00","0.27","25","0.28","10","0.00",
="080370","材料元大4C購06","54,000","2","27,540","0.51","0.51","0.51","0.51","+","0.01","0.50","499","0.51","10","66.40",
="080371","迅得元大4B購03","235,000","14","181,910","0.78","0.80","0.71","0.71","-","0.05","0.68","499","0.70","10","176.00",
="080372","緯穎元大4C購10","0","0","0","--","--","--","--"," ","0.00","2.84","250","2.85","10","3,140.00",
="080373","華航台新4B購02","0","0","0","--","--","--","--"," ","0.00","0.34","10","0.35","10","0.00",
="080374","長榮航台新4B購02","13,000","1","18,070","1.39","1.39","1.39","1.39","X","0.00","1.41","10","1.42","10","0.00",
="080375","聯鈞台新4B購01","2,000","2","5,550","2.70","2.85","2.70","2.85","+","0.82","2.85","19","2.86","10","0.00",
="080376","台灣50元富55購01","4,000","1","34,800","8.70","8.70","8.70","8.70","X","0.00","8.80","25","9.05","25","58.45",
="080377","滬深2X元富55購03","0","0","0","--","--","--","--"," ","0.00","0.35","3","--","0","19.04",
="080378","元債2X元富55購01","20,000","1","16,000","0.80","0.80","0.80","0.80"," ","0.00","0.78","25","0.79","25","7.35",
="080379","聯發科元富54購07","0","0","0","--","--","--","--"," ","0.00","1.50","25","1.53","25","1,375.00",
="08037P","宇隆國票4B售01","0","0","0","--","--","--","--"," ","0.00","0.18","25","0.19","10","0.00",
="080380","長榮元富4B購07","0","0","0","--","--","--","--"," ","0.00","0.64","25","0.65","25","182.00",
="080381","長榮航元富4B購02","0","0","0","--","--","--","--"," ","0.00","0.50","25","0.51","25","38.85",
="080382","長榮航元富4B購03","0","0","0","--","--","--","--"," ","0.00","0.28","25","0.29","25","38.85",
="080383","緯穎元富4B購05","0","0","0","--","--","--","--"," ","0.00","2.89","25","2.92","25","3,140.00",
="080384","世紀鋼元富55購01","74,000","3","93,820","1.25","1.27","1.25","1.27","+","0.02","1.20","25","1.21","25","171.50",
="080385","臺股指元富55購02","0","0","0","--","--","--","--"," ","0.00","4.45","25","4.55","25","0.00",
="080386","川湖國泰4C購01","0","0","0","--","--","--","--"," ","0.00","8.30","499","8.60","10","3,220.00",
="080387","台積電國泰52購01","7,000","3","45,550","6.30","6.55","6.30","6.55","+","0.65","3.40","2","--","0","1,340.00",
="080388","長榮航國泰52購01","0","0","0","--","--","--","--"," ","0.00","0.85","499","0.86","100","38.85",
="080389","華航台新4B購03","0","0","0","--","--","--","--"," ","0.00","0.12","20","0.13","10","0.00",
="08038P","鴻海國票58售01","31,000","3","15,720","0.52","0.52","0.50","0.50","-","0.07","0.50","25","0.51","10","0.00",
="080390","長榮航台新4B購03","0","0","0","--","--","--","--"," ","0.00","0.16","20","0.17","10","0.00",
="080391","虎航台新4B購01","0","0","0","--","--","--","--"," ","0.00","0.05","20","0.06","10","0.00",
="080392","長榮第一4B購01","0","0","0","--","--","--","--"," ","0.00","0.15","10","0.16","10","0.00",
="080393","SGBR2X凱基4B購02","418,000","16","354,270","0.88","0.88","0.83","0.85","-","0.11","0.85","100","0.86","50","10.98",
="080394","中高息凱基4B購01","30,000","1","46,800","1.56","1.56","1.56","1.56","X","0.00","1.56","100","1.57","50","13.84",
="080395","士電凱基4B購01","0","0","0","--","--","--","--"," ","0.00","0.49","10","0.50","10","183.00",
="080397","中興電凱基4B購02","0","0","0","--","--","--","--"," ","0.00","1.47","100","1.51","10","159.00",
="080398","台積電凱基54購11","0","0","0","--","--","--","--"," ","0.00","6.45","16","6.95","10","1,340.00",
="080399","智邦凱基54購01","12,000","2","52,200","4.36","4.36","4.30","4.30","X","0.00","4.30","100","4.36","10","1,005.00",
="08039P","台積電國票4B售04","0","0","0","--","--","--","--"," ","0.00","0.01","25","0.05","10","0.00",
="080401","長榮航凱基4B購04","0","0","0","--","--","--","--"," ","0.00","0.17","100","0.27","10","38.85",
="080402","晟銘電凱基4B購02","8,000","1","27,360","3.42","3.42","3.42","3.42","X","0.00","3.30","100","3.40","10","121.00",
="080403","貿聯凱基4B購03","0","0","0","--","--","--","--"," ","0.00","10.90","100","11.90","10","1,085.00",
="080404","緯穎凱基51購04","0","0","0","--","--","--","--"," ","0.00","4.05","100","4.15","10","3,140.00",
="080405","士電富邦4B購01","0","0","0","--","--","--","--"," ","0.00","0.36","30","0.37","10","0.00",
="080406","上銀富邦4B購02","0","0","0","--","--","--","--"," ","0.00","0.32","30","0.33","10","0.00",
="080407","台積電富邦55購01","0","0","0","--","--","--","--"," ","0.00","4.38","30","4.46","10","0.00",
="080408","台積電富邦55購02","4,000","1","11,080","2.77","2.77","2.77","2.77","X","0.00","2.86","30","2.93","14","0.00",
="080409","智原富邦4B購03","0","0","0","--","--","--","--"," ","0.00","0.21","30","0.22","10","0.00",
="08040P","台積電國票51售05","0","0","0","--","--","--","--"," ","0.00","0.10","25","0.12","10","0.00",
="080410","中砂統一55購02","813,000","21","833,610","0.99","1.07","0.99","1.07","+","0.10","0.99","10","1.00","10","339.00",
="080412","中砂統一59購01","0","0","0","--","--","--","--"," ","0.00","0.89","10","0.90","10","339.00",
="080413","台光電統一55購01","0","0","0","--","--","--","--"," ","0.00","3.19","10","3.20","10","1,345.00",
="080414","聯鈞統一55購03","710,000","28","601,180","0.82","0.91","0.81","0.91","+","0.12","0.92","10","0.93","10","278.00",
="080415","聯鈞統一59購01","269,000","14","306,710","1.09","1.22","1.07","1.18","+","0.11","1.21","10","1.22","10","278.00",
="080416","聯鈞統一61購01","226,000","10","233,660","0.94","1.05","0.94","1.03","+","0.10","1.04","10","1.05","10","278.00",
="080419","采鈺統一55購02","4,000","1","5,640","1.41","1.41","1.41","1.41","X","0.00","1.41","10","1.42","10","305.50",
="08041P","台積電國票51售06","0","0","0","--","--","--","--"," ","0.00","0.08","25","0.10","10","0.00",
="080420","高股息中信4B購01","1,000","1","1,260","1.26","1.26","1.26","1.26","X","0.00","1.22","499","1.23","10","0.00",
="080421","T50正2中信4B購02","0","0","0","--","--","--","--"," ","0.00","2.86","499","2.87","10","0.00",
="080422","T50反1中信4B購01","0","0","0","--","--","--","--"," ","0.00","0.02","499","0.03","10","0.00",
="080423","元石油中信4B購01","0","0","0","--","--","--","--"," ","0.00","0.07","100","0.08","100","0.00",
="080425","和大中信4B購01","0","0","0","--","--","--","--"," ","0.00","0.31","10","0.34","10","0.00",
="080426","華航中信4B購01","0","0","0","--","--","--","--"," ","0.00","0.05","499","0.06","10","0.00",
="080427","華航中信4B購02","0","0","0","--","--","--","--"," ","0.00","0.03","10","0.04","10","0.00",
="080428","長榮航中信4B購01","0","0","0","--","--","--","--"," ","0.00","0.08","499","0.09","10","0.00",
="080429","長榮航中信4B購02","0","0","0","--","--","--","--"," ","0.00","0.08","499","0.09","10","0.00",
="08042P","台積電國票54售02","600,000","3","72,000","0.12","0.12","0.12","0.12","X","0.00","0.11","25","0.12","10","0.00",
="080430","緯創中信4B購01","59,000","4","17,630","0.29","0.32","0.28","0.28","X","0.00","0.24","499","0.26","10","0.00",
="080431","虎航中信4B購01","0","0","0","--","--","--","--"," ","0.00","--","0","0.02","10","0.00",
="080432","台灣50永豐53購01","1,000","1","37,100","37.10","37.10","37.10","37.10","X","0.00","38.80","499","39.30","10","58.45",
="080433","日本2X永豐55購01","0","0","0","--","--","--","--"," ","0.00","0.98","499","0.99","10","66.80",
="080434","A50正2永豐52購01","0","0","0","--","--","--","--"," ","0.00","0.30","3","--","0","32.79",
="080435","國企2X永豐4B購02","0","0","0","--","--","--","--"," ","0.00","2.08","499","2.10","10","11.65",
="080436","SGBR2X永豐4B購01","22,000","4","16,940","0.77","0.77","0.77","0.77","X","0.00","0.77","10","0.78","10","10.98",
="080437","亞力永豐4C購01","20,000","2","6,600","0.33","0.33","0.33","0.33","-","0.03","0.32","10","0.33","10","102.50",
="080438","中砂永豐52購01","16,000","3","45,200","2.80","2.85","2.80","2.85","+","0.42","2.63","10","2.64","10","339.00",
="080439","中鋼永豐51購01","0","0","0","--","--","--","--"," ","0.00","0.26","499","0.27","10","19.45",
="08043P","欣興國票4B售03","1,000","1","50","0.05","0.05","0.05","0.05","-","0.01","--","0","0.05","498","0.00",
="080440","大同永豐4B購01","0","0","0","--","--","--","--"," ","0.00","0.15","499","0.16","10","39.85",
="080441","華航永豐51購02","21,000","1","11,340","0.54","0.54","0.54","0.54","-","0.03","0.55","10","0.56","10","20.95",
="080442","材料永豐52購01","0","0","0","--","--","--","--"," ","0.00","0.60","499","0.61","10","66.40",
="080443","緯穎永豐4B購04","0","0","0","--","--","--","--"," ","0.00","3.04","10","3.14","10","3,140.00",
="080444","緯穎永豐4C購04","0","0","0","--","--","--","--"," ","0.00","4.09","499","--","0","3,140.00",
="080445","虎航永豐51購01","0","0","0","--","--","--","--"," ","0.00","0.12","10","0.13","10","75.80",
="080446","上証2X群益4B購01","0","0","0","--","--","--","--"," ","0.00","0.06","14","--","0","47.20",
="080447","華城群益4B購02","10,000","2","21,440","2.13","2.15","2.13","2.15","X","0.00","0.01","100","--","0","586.00",
="080448","中砂群益4C購03","726,000","7","819,240","1.10","1.24","1.10","1.15","+","0.10","1.13","10","1.23","10","339.00",
="080449","亞德客群益4C購02","17,000","2","6,840","0.42","0.42","0.40","0.40"," ","0.00","0.39","10","0.49","10","765.00",
="08044P","精銳國票4B售01","0","0","0","--","--","--","--"," ","0.00","0.10","25","0.11","10","0.00",
="080450","台積電群益51購05","43,000","5","118,820","2.70","2.86","2.70","2.86","+","0.63","1.01","1","--","0","1,340.00",
="080451","台光電群益53購01","0","0","0","--","--","--","--"," ","0.00","7.75","50","8.25","10","1,345.00",
="080452","聯發科群益51購02","20,000","2","18,200","0.91","0.91","0.91","0.91","-","0.05","0.29","34","--","0","1,375.00",
="080453","冠德群益4B購01","305,000","2","24,750","0.08","0.15","0.08","0.15","X","0.00","0.01","130","0.16","10","36.65",
="080454","皇昌群益4B購01","0","0","0","--","--","--","--"," ","0.00","0.09","10","0.68","10","72.70",
="080455","亞光群益4B購01","23,000","3","33,080","1.46","1.46","1.41","1.46","-","0.01","1.32","100","1.33","100","161.50",
="080456","智原群益51購02","307,000","18","260,840","0.76","0.93","0.76","0.86","+","0.12","0.85","10","0.95","10","174.00",
="080457","聯鈞群益51購01","380,000","24","571,380","1.30","1.67","1.30","1.57","+","0.23","0.46","43","--","0","278.00",
="080458","牧德群益4B購02","0","0","0","--","--","--","--"," ","0.00","--","0","1.85","10","544.00",
="080459","世芯群益4B購06","0","0","0","--","--","--","--"," ","0.00","9.40","50","9.90","10","3,700.00",
="08045P","緯穎國票4B售02","0","0","0","--","--","--","--"," ","0.00","--","0","--","0","0.00",
="080460","達興群益4B購02","0","0","0","--","--","--","--"," ","0.00","--","0","15.20","10","399.00",
="080461","保瑞群益52購01","46,000","2","106,000","2.30","2.32","2.30","2.32","-","0.03","2.31","10","2.41","10","693.00",
="080462","緯穎群益4B購04","0","0","0","--","--","--","--"," ","0.00","7.20","50","7.70","10","3,140.00",
="080463","AES群益4B購04","0","0","0","--","--","--","--"," ","0.00","0.24","10","1.24","10","1,195.00",
="080464","達運光群益4B購02","0","0","0","--","--","--","--"," ","0.00","0.41","11","1.24","10","95.50",
="080465","統一元大4B購01","0","0","0","--","--","--","--"," ","0.00","0.44","25","0.45","10","78.40",
="080466","國喬元大4B購01","0","0","0","--","--","--","--"," ","0.00","0.05","499","0.08","10","9.51",
="080467","台積電元大51購32","0","0","0","--","--","--","--"," ","0.00","--","0","--","0","1,340.00",
="080468","台光電元大4B購03","0","0","0","--","--","--","--"," ","0.00","8.65","100","--","0","1,345.00",
="080469","聯發科元大51購15","130,000","6","95,800","0.74","0.74","0.71","0.71","X","0.00","0.71","11","--","0","1,375.00",
="08046P","臺股指國票4A售05","0","0","0","--","--","--","--"," ","0.00","--","0","--","0","0.00",
="080470","長榮航元大52購01","0","0","0","--","--","--","--"," ","0.00","0.61","499","0.62","10","38.85",
="080471","長榮航元大54購01","0","0","0","--","--","--","--"," ","0.00","0.26","499","0.27","10","38.85",
="080472","富邦金元大4B購02","850,000","14","626,610","0.73","0.75","0.70","0.75","-","0.04","0.70","499","0.71","10","88.40",
="080473","國泰金元大4B購01","0","0","0","--","--","--","--"," ","0.00","1.67","499","1.77","10","66.20",
="080474","奇鋐元大54購02","0","0","0","--","--","--","--"," ","0.00","4.81","150","--","0","1,015.00",
="080475","智原元大4B購10","746,000","5","318,200","0.43","0.43","0.42","0.42","+","0.06","0.39","499","0.40","10","174.00",
="080476","緯創元大4C購03","159,000","1","66,780","0.42","0.42","0.42","0.42","X","0.00","0.40","499","0.41","10","122.50",
="080477","嘉澤元大4B購03","100,000","1","99,000","0.99","0.99","0.99","0.99","-","0.10","1.00","10","1.04","10","1,605.00",
="080478","世芯元大51購13","0","0","0","--","--","--","--"," ","0.00","--","0","--","0","3,700.00",
="080479","貿聯元大4B購04","0","0","0","--","--","--","--"," ","0.00","6.00","100","--","0","1,085.00",
="08047P","臺股指國票4B售01","0","0","0","--","--","--","--"," ","0.00","0.08","499","0.10","499","0.00",
="080480","日月光元大4B購02","0","0","0","--","--","--","--"," ","0.00","1.36","499","1.40","10","174.50",
="080481","緯穎元大54購03","50,000","1","98,000","1.96","1.96","1.96","1.96","-","0.03","1.99","400","2.00","10","3,140.00",
="080482","元油反國票4C購01","0","0","0","--","--","--","--"," ","0.00","0.12","25","0.13","10","6.75",
="080483","中砂國票4C購03","0","0","0","--","--","--","--"," ","0.00","2.43","25","2.48","10","339.00",
="080484","亞德客國票4B購02","0","0","0","--","--","--","--"," ","0.00","0.02","25","0.03","10","765.00",
="080485","華新國票4C購01","770,000","3","1,324,400","1.72","1.72","1.72","1.72","-","0.20","1.68","25","1.69","10","24.05",
="080486","華新國票51購01","2,000","1","2,780","1.39","1.39","1.39","1.39","-","0.16","1.29","25","1.30","10","24.05",
="080487","中鋼國票4C購01","0","0","0","--","--","--","--"," ","0.00","0.15","25","0.16","10","19.45",
="080488","智邦國票4C購02","0","0","0","--","--","--","--"," ","0.00","8.65","25","9.10","10","1,005.00",
="080489","聯發科國票4B購02","0","0","0","--","--","--","--"," ","0.00","0.86","25","0.88","10","1,375.00",
="08048P","臺股指國票4C售01","0","0","0","--","--","--","--"," ","0.00","0.12","499","0.13","499","0.00",
="080490","長榮國票51購01","0","0","0","--","--","--","--"," ","0.00","0.78","25","0.79","10","182.00",
="080491","華航國票4B購01","0","0","0","--","--","--","--"," ","0.00","0.10","25","0.11","10","20.95",
="080492","華航國票4C購01","0","0","0","--","--","--","--"," ","0.00","0.28","25","0.29","10","20.95",
="080493","華航國票51購01","30,000","1","8,100","0.27","0.27","0.27","0.27","X","0.00","0.27","25","0.28","10","20.95",
="080494","長榮航國票4B購01","0","0","0","--","--","--","--"," ","0.00","0.07","25","0.08","10","38.85",
="080495","長榮航國票4C購01","0","0","0","--","--","--","--"," ","0.00","0.40","25","0.41","10","38.85",
="080496","辛耘國票4B購01","0","0","0","--","--","--","--"," ","0.00","3.65","25","3.76","10","388.00",
="080497","健策國票52購01","0","0","0","--","--","--","--"," ","0.00","8.45","25","8.95","10","2,355.00",
="080498","虎航國票4C購01","0","0","0","--","--","--","--"," ","0.00","0.09","25","0.10","10","75.80",
="080499","AES國票4C購01","40,000","1","92,400","2.31","2.31","2.31","2.31","X","0.00","2.24","25","2.28","10","1,195.00",
="08049P","FANG+凱基4A售01","0","0","0","--","--","--","--"," ","0.00","0.01","10","0.11","10","0.00",
="080500","世紀鋼國票51購01","0","0","0","--","--","--","--"," ","0.00","0.80","25","0.81","10","171.50",
="080501","雄獅中信4B購01","78,000","2","18,720","0.24","0.24","0.24","0.24","-","0.06","0.21","499","0.22","10","0.00",
="080502","滬深2X富邦52購01","0","0","0","--","--","--","--"," ","0.00","1.23","100","1.24","98","0.00",
="080503","台光電富邦4C購01","0","0","0","--","--","--","--"," ","0.00","5.85","30","6.05","10","0.00",
="080504","華航富邦4C購01","0","0","0","--","--","--","--"," ","0.00","0.11","30","0.12","28","0.00",
="080505","創意富邦4B購02","119,000","3","102,710","0.85","0.89","0.85","0.89","X","0.00","0.85","30","0.87","10","0.00",
="080506","貿聯富邦4C購02","0","0","0","--","--","--","--"," ","0.00","3.43","30","3.51","10","0.00",
="080507","愛普富邦4B購01","3,000","1","5,100","1.70","1.70","1.70","1.70","X","0.00","1.77","30","1.81","10","0.00",
="080508","長榮航統一55購02","0","0","0","--","--","--","--"," ","0.00","0.38","10","0.39","10","38.85",
="080509","聯鈞統一65購01","201,000","17","233,190","1.14","1.23","1.13","1.21","+","0.08","1.22","10","1.23","10","278.00",
="08050P","喬山凱基4A售01","0","0","0","--","--","--","--"," ","0.00","0.11","10","0.21","10","0.00",
="080510","世芯統一5B購01","85,000","9","162,210","1.92","1.93","1.85","1.85","-","0.05","1.84","10","1.85","2","3,700.00",
="080511","迅得統一58購01","267,000","8","171,590","0.66","0.67","0.64","0.64","-","0.01","0.62","10","0.63","10","176.00",
="080512","虎航統一55購01","0","0","0","--","--","--","--"," ","0.00","0.21","10","0.22","10","75.80",
="080513","達運光統一55購01","0","0","0","--","--","--","--"," ","0.00","0.85","10","0.87","10","95.50",
="080514","T50反1永豐53購01","0","0","0","--","--","--","--"," ","0.00","0.07","499","0.08","10","18.29",
="080515","滬深2X永豐54購02","0","0","0","--","--","--","--"," ","0.00","4.14","499","4.15","10","19.04",
="080516","聚陽永豐4C購01","0","0","0","--","--","--","--"," ","0.00","0.44","6","--","0","294.00",
="080517","和大永豐4C購01","0","0","0","--","--","--","--"," ","0.00","0.81","10","0.82","10","65.30",
="080518","聯發科永豐56購01","2,000","2","12,350","6.20","6.20","6.15","6.15","-","0.50","5.95","499","6.00","10","1,375.00",
="080519","聯茂永豐4B購01","0","0","0","--","--","--","--"," ","0.00","3.45","499","--","0","111.50",
="08051P","台積電凱基64售01","676,000","19","644,120","0.97","0.97","0.92","0.92","-","0.16","0.93","100","1.03","10","0.00",
="080520","迅得永豐52購02","0","0","0","--","--","--","--"," ","0.00","0.90","10","0.91","10","176.00",
="080521","台塑化永豐4C購01","0","0","0","--","--","--","--"," ","0.00","0.22","10","--","0","39.25",
="080522","緯穎永豐51購03","0","0","0","--","--","--","--"," ","0.00","3.56","499","3.58","10","3,140.00",
="080523","AES永豐4B購02","0","0","0","--","--","--","--"," ","0.00","1.20","499","1.25","10","1,195.00",
="080524","世紀鋼永豐53購02","2,000","1","11,700","5.85","5.85","5.85","5.85","+","0.55","5.30","10","5.40","10","171.50",
="080525","貿聯第一4B購01","0","0","0","--","--","--","--"," ","0.00","5.45","10","--","0","0.00",
="080526","統一凱基4B購01","0","0","0","--","--","--","--"," ","0.00","0.51","10","0.52","10","78.40",
="080527","東陽凱基4B購02","0","0","0","--","--","--","--"," ","0.00","0.07","100","0.09","50","94.10",
="080528","台積電凱基4C購25","0","0","0","--","--","--","--"," ","0.00","6.90","15","7.40","10","1,340.00",
="080529","聯發科凱基4C購09","46,000","9","13,640","0.30","0.32","0.29","0.29","-","0.07","0.27","100","0.28","10","1,375.00",
="08052P","智邦凱基4B售03","0","0","0","--","--","--","--"," ","0.00","--","0","0.02","50","0.00",
="080530","敦陽科凱基4B購01","58,000","3","80,100","1.33","1.40","1.33","1.39","+","0.09","1.41","10","1.44","10","171.50",
="080531","華航凱基52購01","1,000","1","890","0.89","0.89","0.89","0.89","X","0.00","0.88","10","0.90","10","20.95",
="080532","長榮航凱基54購01","28,000","1","15,120","0.54","0.54","0.54","0.54","+","0.01","0.52","100","0.62","10","38.85",
="080533","奇鋐凱基54購01","0","0","0","--","--","--","--"," ","0.00","9.05","100","9.55","10","1,015.00",
="080534","材料凱基52購03","17,000","1","15,300","0.90","0.90","0.90","0.90","+","0.03","0.89","100","0.90","10","66.40",
="080535","ITH凱基4C購02","0","0","0","--","--","--","--"," ","0.00","0.21","10","0.22","50","43.90",
="080536","台灣50元富4B購02","0","0","0","--","--","--","--"," ","0.00","12.20","25","12.50","10","58.45",
="080537","台灣50元富4B購03","0","0","0","--","--","--","--"," ","0.00","14.50","25","14.90","10","58.45",
="080538","滬深2X元富4B購02","0","0","0","--","--","--","--"," ","0.00","0.22","2","--","0","19.04",
="080539","滬深2X元富4B購03","0","0","0","--","--","--","--"," ","0.00","0.17","2","--","0","19.04",
="08053P","裕民凱基4A售02","0","0","0","--","--","--","--"," ","0.00","0.03","10","0.13","10","0.00",
="080540","A50正2元富4B購01","4,000","4","16,410","4.06","4.21","4.06","4.08","+","0.07","0.20","2","--","0","32.79",
="080541","世芯元富4C購06","0","0","0","--","--","--","--"," ","0.00","3.97","25","4.06","25","3,700.00",
="080542","緯穎元富4B購07","0","0","0","--","--","--","--"," ","0.00","3.01","25","3.07","25","3,140.00",
="080543","ITH元富4B購03","0","0","0","--","--","--","--"," ","0.00","0.10","25","0.11","25","43.90",
="080544","台塑台新4B購01","0","0","0","--","--","--","--"," ","0.00","0.03","333","--","0","0.00",
="080545","中砂台新4B購01","0","0","0","--","--","--","--"," ","0.00","1.42","20","1.43","10","0.00",
="080546","華新台新4B購01","0","0","0","--","--","--","--"," ","0.00","0.94","10","1.04","10","0.00",
="080547","台積電台新4B購02","0","0","0","--","--","--","--"," ","0.00","5.05","10","--","0","0.00",
="080548","台灣50群益53購01","0","0","0","--","--","--","--"," ","0.00","--","0","8.65","10","58.45",
="080549","T50正2群益53購01","5,000","1","40,250","8.05","8.05","8.05","8.05","+","0.45","8.15","25","8.20","10","302.45",
="08054P","偉訓凱基54售01","100,000","1","25,000","0.25","0.25","0.25","0.25","+","0.01","0.25","100","0.27","10","0.00",
="080550","元日2X群益55購01","0","0","0","--","--","--","--"," ","0.00","0.41","10","0.51","10","5.87",
="080551","SGBR2X群益4B購01","1,000","1","1,220","1.22","1.22","1.22","1.22","X","0.00","0.01","100","1.33","10","10.98",
="080552","中興電群益4B購05","12,000","1","7,080","0.59","0.59","0.59","0.59","X","0.00","0.58","100","0.59","100","159.00",
="080553","亞力群益4B購01","0","0","0","--","--","--","--"," ","0.00","0.30","100","0.31","100","102.50",
="080554","和大群益4B購02","0","0","0","--","--","--","--"," ","0.00","0.60","25","0.61","10","65.30",
="080555","川湖群益4B購02","0","0","0","--","--","--","--"," ","0.00","--","0","--","0","3,220.00",
="080556","智邦群益52購02","0","0","0","--","--","--","--"," ","0.00","--","0","2.17","10","1,005.00",
="080557","裕民群益4B購06","0","0","0","--","--","--","--"," ","0.00","0.42","10","1.66","10","55.30",
="080558","長榮航群益51購01","0","0","0","--","--","--","--"," ","0.00","0.60","10","0.70","10","38.85",
="080559","富邦金群益4C購01","59,000","4","110,870","1.83","1.93","1.83","1.93","+","0.03","0.31","10","--","0","88.40",
="08055P","嘉澤凱基4A售03","0","0","0","--","--","--","--"," ","0.00","0.01","100","0.11","10","0.00",
="080560","國泰金群益51購01","2,000","1","5,840","2.92","2.92","2.92","2.92","+","0.01","2.84","2","2.99","10","66.20",
="080561","晟銘電群益4B購02","0","0","0","--","--","--","--"," ","0.00","--","0","1.78","10","121.00",
="080562","奇鋐群益4B購03","0","0","0","--","--","--","--"," ","0.00","8.15","499","8.65","10","1,015.00",
="080563","世芯群益4B購07","0","0","0","--","--","--","--"," ","0.00","--","0","8.95","10","3,700.00",
="080564","貿聯群益55購01","0","0","0","--","--","--","--"," ","0.00","--","0","3.07","10","1,085.00",
="080565","材料群益4B購04","0","0","0","--","--","--","--"," ","0.00","0.03","10","0.29","10","66.40",
="080566","東聯國票4C購01","0","0","0","--","--","--","--"," ","0.00","0.10","25","0.11","10","12.30",
="080567","萬海國票4C購01","0","0","0","--","--","--","--"," ","0.00","1.16","25","1.17","10","77.90",
="080568","大立光國票51購01","0","0","0","--","--","--","--"," ","0.00","0.92","25","0.93","10","2,360.00",
="080569","穎崴國票4C購04","0","0","0","--","--","--","--"," ","0.00","--","0","--","0","2,015.00",
="08056P","健策凱基4A售01","0","0","0","--","--","--","--"," ","0.00","--","0","0.02","10","0.00",
="080570","中興電國泰4C購01","0","0","0","--","--","--","--"," ","0.00","2.51","499","2.57","10","159.00",
="080571","亞力國泰4C購01","0","0","0","--","--","--","--"," ","0.00","--","0","--","0","102.50",
="080572","貿聯國泰4C購01","0","0","0","--","--","--","--"," ","0.00","9.55","10","9.85","10","1,085.00",
="080573","緯穎國泰4C購04","0","0","0","--","--","--","--"," ","0.00","5.50","10","--","0","3,140.00",
="080574","台灣50元大4B購12","0","0","0","--","--","--","--"," ","0.00","5.85","300","6.15","10","58.45",
="080575","FB台50元大4B購01","0","0","0","--","--","--","--"," ","0.00","4.23","499","4.25","10","136.30",
="080576","SGBR2X元大4B購03","0","0","0","--","--","--","--"," ","0.00","1.24","110","1.30","10","10.98",
="080577","SGBR2X元大4C購02","0","0","0","--","--","--","--"," ","0.00","1.27","100","1.32","10","10.98",
="080578","SGBR2X元大51購01","10,000","1","15,300","1.53","1.53","1.53","1.53","X","0.00","1.54","250","1.55","100","10.98",
="080579","國喬元大4B購02","0","0","0","--","--","--","--"," ","0.00","0.01","499","0.11","10","9.51",
="08057P","立積凱基52售01","0","0","0","--","--","--","--"," ","0.00","1.41","100","1.42","10","0.00",
="080580","大成鋼元大51購06","0","0","0","--","--","--","--"," ","0.00","0.38","499","0.39","10","37.90",
="080581","台積電元大51購33","0","0","0","--","--","--","--"," ","0.00","--","0","--","0","1,340.00",
="080582","台光電元大4B購05","0","0","0","--","--","--","--"," ","0.00","9.70","100","--","0","1,345.00",
="080583","聯發科元大51購16","130,000","3","94,400","0.72","0.73","0.70","0.70","-","0.09","0.69","10","--","0","1,375.00",
="080584","長榮航元大52購02","5,000","1","4,850","0.97","0.97","0.97","0.97","X","0.00","0.97","494","0.98","10","38.85",
="080585","長榮航元大54購02","0","0","0","--","--","--","--"," ","0.00","0.73","499","0.74","10","38.85",
="080586","八方元大4B購01","0","0","0","--","--","--","--"," ","0.00","1.00","499","1.05","10","205.00",
="080587","富邦金元大4B購03","0","0","0","--","--","--","--"," ","0.00","1.59","499","1.62","10","88.40",
="080588","奇鋐元大54購03","3,000","2","16,850","5.75","5.75","5.35","5.35","+","0.05","5.15","150","5.25","10","1,015.00",
="080589","亞光元大4B購05","0","0","0","--","--","--","--"," ","0.00","1.27","499","1.30","10","161.50",
="08058P","電子類凱基4A售02","0","0","0","--","--","--","--"," ","0.00","--","0","0.10","10","0.00",
="080590","緯創元大4C購04","1,000","1","850","0.85","0.85","0.85","0.85","X","0.00","0.78","499","0.79","10","122.50",
="080591","嘉澤元大4B購04","0","0","0","--","--","--","--"," ","0.00","1.20","499","1.25","10","1,605.00",
="080592","世芯元大52購06","0","0","0","--","--","--","--"," ","0.00","--","0","--","0","3,700.00",
="080593","貿聯元大4B購05","0","0","0","--","--","--","--"," ","0.00","6.00","100","--","0","1,085.00",
="080594","材料元大51購11","0","0","0","--","--","--","--"," ","0.00","0.10","499","0.11","10","66.40",
="080595","緯穎元大52購02","30,000","1","73,500","2.45","2.45","2.45","2.45","-","0.15","2.42","300","2.43","10","3,140.00",
="080596","臺股指元大4B購23","40,000","3","202,100","5.05","5.10","5.05","5.10","X","0.00","5.25","499","5.30","10","0.00",
="080597","臺股指元大4B購24","0","0","0","--","--","--","--"," ","0.00","5.95","499","6.30","10","0.00",
="080598","臺股指元大4B購25","0","0","0","--","--","--","--"," ","0.00","4.10","499","4.17","10","0.00",
="080599","中砂富邦52購01","31,000","3","26,450","0.95","0.95","0.85","0.85","X","0.00","0.86","10","0.95","10","0.00",
="08059P","S&P正2元大4B售02","0","0","0","--","--","--","--"," ","0.00","0.16","100","0.17","100","0.00",
="080600","智邦富邦51購02","0","0","0","--","--","--","--"," ","0.00","3.12","10","3.22","10","0.00",
="080601","南亞科富邦51購01","0","0","0","--","--","--","--"," ","0.00","6.90","10","7.40","10","0.00",
="080602","大立光富邦4C購01","0","0","0","--","--","--","--"," ","0.00","1.48","10","1.58","10","0.00",
="080603","嘉澤富邦51購01","5,000","1","8,350","1.67","1.67","1.67","1.67","X","0.00","1.60","10","1.70","10","0.00",
="080604","立積富邦51購01","673,000","28","505,910","0.83","0.83","0.72","0.73","-","0.17","0.72","10","0.73","10","0.00",
="080605","穎崴富邦52購01","0","0","0","--","--","--","--"," ","0.00","5.25","10","5.75","10","0.00",
="080606","緯穎富邦52購01","0","0","0","--","--","--","--"," ","0.00","2.53","30","2.58","10","0.00",
="080607","臺股指富邦53購03","0","0","0","--","--","--","--"," ","0.00","4.11","499","4.12","100","0.00",
="080608","聯電台新4B購01","201,000","7","142,150","0.66","0.75","0.66","0.69","+","0.14","0.65","20","0.66","10","0.00",
="080609","台灣50群益53購02","7,000","5","43,850","6.10","6.35","6.05","6.35","+","0.65","1.11","9","6.85","10","58.45",
="08060P","元金2X元大51售01","0","0","0","--","--","--","--"," ","0.00","0.02","300","0.06","40","0.00",
="080610","敬鵬群益4B購01","360,000","9","312,140","0.87","0.88","0.83","0.83","-","0.11","0.81","10","0.91","10","36.55",
="080611","台光電群益55購01","0","0","0","--","--","--","--"," ","0.00","--","0","7.40","10","1,345.00",
="080612","聯發科群益4C購04","82,000","1","76,260","0.93","0.93","0.93","0.93","X","0.00","0.17","10","--","0","1,375.00",
="080613","長榮航群益51購02","0","0","0","--","--","--","--"," ","0.00","0.71","10","0.81","10","38.85",
="080614","富邦金群益4B購02","0","0","0","--","--","--","--"," ","0.00","--","0","5.65","10","88.40",
="080615","奇鋐群益4B購04","0","0","0","--","--","--","--"," ","0.00","8.95","499","9.45","10","1,015.00",
="080616","緯創群益4B購01","0","0","0","--","--","--","--"," ","0.00","0.02","30","--","0","122.50",
="080617","滬深2X中信4C購01","0","0","0","--","--","--","--"," ","0.00","1.33","499","1.34","100","0.00",
="080618","華新中信4B購01","126,000","10","75,550","0.64","0.65","0.57","0.57","-","0.06","0.54","10","0.56","10","0.00",
="080619","敬鵬中信4B購01","36,000","3","26,650","0.83","0.83","0.72","0.72","-","0.08","0.69","10","0.71","10","0.00",
="08061P","中砂元大4A售01","0","0","0","--","--","--","--"," ","0.00","--","0","0.10","10","0.00",
="080620","兆豐金中信4B購01","10,000","1","4,200","0.42","0.42","0.42","0.42","X","0.00","0.43","499","0.46","10","0.00",
="080621","奇鋐中信4C購01","0","0","0","--","--","--","--"," ","0.00","--","0","--","0","0.00",
="080622","群創中信4B購01","398,000","13","138,420","0.34","0.38","0.30","0.35","-","0.04","0.34","10","0.36","10","0.00",
="080623","牧德中信4B購01","0","0","0","--","--","--","--"," ","0.00","--","0","--","0","0.00",
="080624","世芯中信4C購02","0","0","0","--","--","--","--"," ","0.00","--","0","--","0","0.00",
="080625","AES中信4C購01","0","0","0","--","--","--","--"," ","0.00","0.80","499","0.85","10","0.00",
="080626","AES中信51購01","90,000","6","64,500","0.71","0.73","0.70","0.73","-","0.05","0.64","499","0.66","10","0.00",
="080627","T50正2永豐4B購04","0","0","0","--","--","--","--"," ","0.00","8.55","499","8.75","10","302.45",
="080628","台積電永豐4B購15","0","0","0","--","--","--","--"," ","0.00","--","0","--","0","1,340.00",
="080629","大同永豐4B購02","0","0","0","--","--","--","--"," ","0.00","0.31","499","0.32","10","39.85",
="08062P","大成鋼元大4A售05","0","0","0","--","--","--","--"," ","0.00","--","0","0.10","10","0.00",
="080630","八方永豐4B購01","0","0","0","--","--","--","--"," ","0.00","0.32","10","--","0","205.00",
="080631","晟銘電永豐4C購02","0","0","0","--","--","--","--"," ","0.00","1.28","499","1.30","10","121.00",
="080632","日電貿永豐4C購01","163,000","5","218,540","1.36","1.36","1.34","1.35","-","0.13","1.35","10","1.36","10","74.80",
="080633","京鼎永豐4C購01","88,000","4","108,460","1.23","1.24","1.22","1.24","+","0.11","1.14","10","1.15","10","306.00",
="080634","迅得永豐4B購02","57,000","3","37,350","0.68","0.68","0.65","0.65","+","0.05","0.58","10","0.59","10","176.00",
="080635","光聖永豐4C購01","0","0","0","--","--","--","--"," ","0.00","7.95","499","8.45","10","826.00",
="080636","鈺邦永豐4C購01","0","0","0","--","--","--","--"," ","0.00","15.80","499","16.20","10","198.50",
="080637","緯穎永豐4C購05","0","0","0","--","--","--","--"," ","0.00","2.82","499","--","0","3,140.00",
="080638","志強永豐4C購01","104,000","3","58,410","0.57","0.57","0.54","0.54","-","0.05","0.50","10","0.51","10","104.50",
="080639","中砂統一55購03","108,000","5","92,410","0.85","0.86","0.85","0.86","+","0.09","0.81","10","0.82","10","339.00",
="08063P","仁寶元大4A售02","0","0","0","--","--","--","--"," ","0.00","0.19","499","0.20","200","0.00",
="080640","中砂統一55購04","0","0","0","--","--","--","--"," ","0.00","0.87","10","0.88","10","339.00",
="080641","晟銘電統一55購03","51,000","1","48,960","0.96","0.96","0.96","0.96"," ","0.00","0.90","10","0.91","10","121.00",
="080642","智原統一55購02","207,000","18","98,560","0.48","0.50","0.46","0.48","X","0.00","0.45","10","0.46","10","174.00",
="080643","欣興統一55購01","0","0","0","--","--","--","--"," ","0.00","2.11","10","2.12","10","159.00",
="080644","創意統一55購01","362,000","13","310,740","0.85","0.90","0.84","0.88","+","0.03","0.88","31","0.89","10","1,315.00",
="080648","虎航統一55購02","0","0","0","--","--","--","--"," ","0.00","0.28","10","0.29","10","75.80",
="080649","T50反1元富55購02","0","0","0","--","--","--","--"," ","0.00","0.50","25","0.51","25","18.29",
="08064P","台積電元大4A售14","0","0","0","--","--","--","--"," ","0.00","--","0","0.01","308","0.00",
="080650","台塑元富4B購01","0","0","0","--","--","--","--"," ","0.00","0.41","25","0.42","25","38.60",
="080652","中砂元富4B購02","24,000","3","89,450","3.66","3.73","3.66","3.73","X","0.00","3.52","25","3.62","10","339.00",
="080653","台積電元富4B購13","0","0","0","--","--","--","--"," ","0.00","0.02","100","--","0","1,340.00",
="080655","台積電元富4B購14","1,000","1","35,100","35.10","35.10","35.10","35.10","X","0.00","0.02","100","--","0","1,340.00",
="080656","台積電元富4B購15","1,000","1","3,770","3.77","3.77","3.77","3.77","X","0.00","--","0","--","0","1,340.00",
="080658","台積電元富4B購16","0","0","0","--","--","--","--"," ","0.00","--","0","--","0","1,340.00",
="080659","台積電元富4B購17","0","0","0","--","--","--","--"," ","0.00","--","0","--","0","1,340.00",
="08065P","台積電元大4A售15","0","0","0","--","--","--","--"," ","0.00","--","0","0.09","100","0.00",
="080660","台積電元富4B購18","0","0","0","--","--","--","--"," ","0.00","--","0","--","0","1,340.00",
="080662","台積電元富4B購19","0","0","0","--","--","--","--"," ","0.00","--","0","--","0","1,340.00",
="080663","台積電元富4B購20","0","0","0","--","--","--","--"," ","0.00","0.02","100","--","0","1,340.00",
="080664","一詮元富4B購02","0","0","0","--","--","--","--"," ","0.00","0.71","25","0.72","25","82.30",
="080665","緯創元富55購01","0","0","0","--","--","--","--"," ","0.00","1.19","25","1.21","25","122.50",
="080667","京鼎元富4B購01","477,000","15","479,530","1.07","1.07","0.94","0.94","+","0.06","0.92","25","0.94","25","306.00",
="080668","群創元富4B購01","0","0","0","--","--","--","--"," ","0.00","0.43","25","0.45","25","14.15",
="08066P","奇鋐元大4A售01","0","0","0","--","--","--","--"," ","0.00","--","0","0.02","100","0.00",
="080671","牧德元富4B購03","0","0","0","--","--","--","--"," ","0.00","3.31","25","--","0","544.00",
="080672","世芯元富5B購02","0","0","0","--","--","--","--"," ","0.00","3.30","25","3.36","25","3,700.00",
="080673","臺股指元富4B購09","0","0","0","--","--","--","--"," ","0.00","4.26","25","4.36","25","0.00",
="080675","瑞昱國票4B購02","12,000","2","17,560","1.46","1.48","1.46","1.48","X","0.00","1.43","25","1.47","10","540.00",
="080676","皇昌國票51購01","0","0","0","--","--","--","--"," ","0.00","1.44","25","1.45","10","72.70",
="080677","雄獅國票4B購01","0","0","0","--","--","--","--"," ","0.00","0.91","25","0.96","10","158.50",
="080678","八方國票51購01","0","0","0","--","--","--","--"," ","0.00","0.55","25","0.56","10","205.00",
="08067P","景碩元大4A售01","0","0","0","--","--","--","--"," ","0.00","--","0","0.10","10","0.00",
="080681","聯鈞國票4C購03","579,000","36","2,054,130","3.15","4.02","3.15","3.96","+","0.87","3.89","25","3.96","10","278.00",
="080682","佳必琪國票4B購01","0","0","0","--","--","--","--"," ","0.00","1.33","25","1.36","10","160.00",
="080683","虎航國票51購01","0","0","0","--","--","--","--"," ","0.00","0.12","25","0.13","10","75.80",
="080684","振樺電國票4B購02","0","0","0","--","--","--","--"," ","0.00","0.20","25","0.21","10","229.50",
="080685","群創國泰4C購01","200,000","1","310,000","1.55","1.55","1.55","1.55","-","0.05","1.67","499","1.74","210","14.15",
="080686","台灣50凱基4B購09","0","0","0","--","--","--","--"," ","0.00","14.80","100","--","0","58.45",
="080687","滬深2X凱基4B購08","0","0","0","--","--","--","--"," ","0.00","4.04","100","4.05","50","19.04",
="080688","台光電凱基53購01","0","0","0","--","--","--","--"," ","0.00","6.75","100","7.25","10","1,345.00",
="080689","八方凱基4C購02","1,000","1","580","0.58","0.58","0.58","0.58","-","0.01","0.55","10","0.60","10","205.00",
="08068P","川湖群益4A售05","0","0","0","--","--","--","--"," ","0.00","--","0","0.10","10","0.00",
="080690","聯鈞凱基4B購04","56,000","15","208,050","3.38","4.05","3.38","4.00","+","0.67","4.04","10","4.14","10","278.00",
="080691","世芯凱基53購02","0","0","0","--","--","--","--"," ","0.00","5.30","100","5.80","10","3,700.00",
="080692","材料凱基4C購05","0","0","0","--","--","--","--"," ","0.00","0.19","100","0.20","50","66.40",
="080693","光聖凱基53購01","0","0","0","--","--","--","--"," ","0.00","8.05","100","8.55","10","826.00",
="080694","虎航凱基51購01","0","0","0","--","--","--","--"," ","0.00","0.05","100","0.15","10","75.80",
="080695","世紀鋼凱基4B購05","0","0","0","--","--","--","--"," ","0.00","0.12","10","0.13","30","171.50",
="080696","臺股指凱基4B購25","10,000","2","67,650","6.75","6.80","6.75","6.80","X","0.00","7.10","100","7.15","10","0.00",
="080697","臺股指凱基4B購26","0","0","0","--","--","--","--"," ","0.00","9.35","100","--","0","0.00",
="080698","T50反1元大4B購04","0","0","0","--","--","--","--"," ","0.00","0.02","100","0.07","10","18.29",
="080699","中砂元大4B購02","228,000","6","240,600","1.05","1.07","1.05","1.07","+","0.10","1.05","499","1.08","10","339.00",
="08069P","旺宏群益4A售01","0","0","0","--","--","--","--"," ","0.00","--","0","--","0","0.00",
="080700","台積電元大4C購18","0","0","0","--","--","--","--"," ","0.00","--","0","--","0","1,340.00",
="080701","金像電元大4B購02","0","0","0","--","--","--","--"," ","0.00","7.10","100","--","0","455.00",
="080702","聯發科元大4C購09","71,000","1","56,800","0.80","0.80","0.80","0.80","-","0.07","0.74","25","0.75","10","1,375.00",
="080703","長榮航元大51購03","0","0","0","--","--","--","--"," ","0.00","0.13","499","0.14","10","38.85",
="080704","晟銘電元大4B購06","43,000","1","43,000","1.00","1.00","1.00","1.00","-","0.11","0.97","499","1.00","10","121.00",
="080705","智原元大4B購11","82,000","3","23,490","0.29","0.29","0.25","0.25","+","0.07","0.23","499","0.24","10","174.00",
="080706","緯創元大4C購05","0","0","0","--","--","--","--"," ","0.00","0.70","499","0.72","10","122.50",
="080707","嘉澤元大4B購05","0","0","0","--","--","--","--"," ","0.00","1.29","499","1.33","10","1,605.00",
="080708","世芯元大51購14","0","0","0","--","--","--","--"," ","0.00","--","0","--","0","3,700.00",
="080709","貿聯元大51購01","0","0","0","--","--","--","--"," ","0.00","4.63","150","--","0","1,085.00",
="08070P","聯發科群益4B售07","16,000","2","2,240","0.14","0.14","0.14","0.14","X","0.00","--","0","0.22","50","0.00",
="080710","材料元大51購12","0","0","0","--","--","--","--"," ","0.00","0.17","499","0.18","10","66.40",
="080711","邁達特元大4B購01","83,000","1","40,670","0.49","0.49","0.49","0.49","X","0.00","0.44","25","0.45","10","51.40",
="080712","光聖元大4B購02","0","0","0","--","--","--","--"," ","0.00","9.00","25","--","0","826.00",
="080713","緯穎元大54購04","83,000","5","208,390","2.45","2.54","2.45","2.48","-","0.15","2.48","300","2.49","10","3,140.00",
="080714","虎航元大4B購01","0","0","0","--","--","--","--"," ","0.00","0.03","499","0.13","10","75.80",
="080715","緯創富邦4B購03","51,000","2","47,920","0.94","0.94","0.92","0.92","X","0.00","0.92","30","0.94","10","0.00",
="080716","臺股指富邦55購01","0","0","0","--","--","--","--"," ","0.00","4.20","499","4.21","100","0.00",
="080717","日電貿中信4B購01","0","0","0","--","--","--","--"," ","0.00","0.30","10","0.31","10","0.00",
="080718","光聖中信4C購01","0","0","0","--","--","--","--"," ","0.00","--","0","--","0","0.00",
="080719","緯穎中信4B購03","0","0","0","--","--","--","--"," ","0.00","2.09","10","2.19","10","0.00",
="08071P","景碩群益4A售02","0","0","0","--","--","--","--"," ","0.00","--","0","--","0","0.00",
="080720","滬深2X永豐55購01","0","0","0","--","--","--","--"," ","0.00","5.35","499","5.40","10","19.04",
="080721","台光電永豐4B購02","0","0","0","--","--","--","--"," ","0.00","13.40","10","--","0","1,345.00",
="080722","漢唐永豐4C購01","0","0","0","--","--","--","--"," ","0.00","--","0","--","0","987.00",
="080723","聯發科永豐58購01","40,000","5","423,500","10.50","10.60","10.40","10.60","-","0.40","10.10","10","10.20","10","1,375.00",
="080724","長榮永豐4B購02","153,000","3","123,930","0.81","0.81","0.81","0.81","-","0.05","0.77","10","0.78","10","182.00",
="080725","聯陽永豐4B購01","8,000","1","3,120","0.39","0.39","0.39","0.39","X","0.00","0.37","10","0.38","10","135.00",
="080726","世芯永豐4B購09","0","0","0","--","--","--","--"," ","0.00","3.11","499","--","0","3,700.00",
="080727","精成科永豐4B購02","0","0","0","--","--","--","--"," ","0.00","10.20","499","10.80","10","125.50",
="080728","緯穎永豐4B購05","57,000","2","934,800","16.40","16.40","16.40","16.40","-","1.40","16.40","499","17.40","10","3,140.00",
="080729","金像電群益4B購03","0","0","0","--","--","--","--"," ","0.00","--","0","8.95","10","455.00",
="08072P","貿聯群益4A售02","0","0","0","--","--","--","--"," ","0.00","--","0","0.04","30","0.00",
="080730","長榮航群益52購01","0","0","0","--","--","--","--"," ","0.00","0.70","10","0.80","10","38.85",
="080731","雄獅群益51購01","51,000","1","39,270","0.77","0.77","0.77","0.77","-","0.05","0.73","100","0.74","100","158.50",
="080732","緯創群益53購02","10,000","1","10,200","1.02","1.02","1.02","1.02","X","0.00","0.43","20","--","0","122.50",
="080733","材料群益4B購05","0","0","0","--","--","--","--"," ","0.00","0.15","45","0.25","10","66.40",
="080734","緯穎群益4B購05","0","0","0","--","--","--","--"," ","0.00","5.60","100","6.10","10","3,140.00",
="080735","虎航群益51購02","0","0","0","--","--","--","--"," ","0.00","0.05","100","0.06","100","75.80",
="080736","雲豹群益4B購01","100,000","1","13,000","0.13","0.13","0.13","0.13","X","0.00","0.11","25","0.12","10","119.00",
="080737","ITH群益4B購01","0","0","0","--","--","--","--"," ","0.00","0.19","10","0.29","10","43.90",
="080738","世紀鋼群益4B購03","0","0","0","--","--","--","--"," ","0.00","0.07","10","0.17","10","171.50",
="080739","國巨統一55購01","5,000","2","8,790","1.77","1.77","1.75","1.75","-","0.16","1.74","10","1.75","7","176.00",
="08073P","台灣50富邦4B售04","0","0","0","--","--","--","--"," ","0.00","--","0","0.04","98","0.00",
="080740","金像電統一55購01","0","0","0","--","--","--","--"," ","0.00","2.69","10","2.70","10","455.00",
="080741","金像電統一55購02","0","0","0","--","--","--","--"," ","0.00","3.29","10","3.33","10","455.00",
="080742","金像電統一58購01","0","0","0","--","--","--","--"," ","0.00","2.49","10","2.52","10","455.00",
="080743","台光電統一59購01","0","0","0","--","--","--","--"," ","0.00","2.36","10","2.39","10","1,345.00",
="080744","志聖統一55購01","648,000","45","1,001,210","1.50","1.65","1.46","1.46","+","0.01","1.45","11","1.46","9","197.00",
="080745","一詮統一55購01","62,000","2","32,140","0.52","0.52","0.51","0.51","-","0.02","0.50","10","0.51","10","82.30",
="080746","緯創統一55購01","1,010,000","29","954,340","0.92","0.97","0.91","0.91","+","0.03","0.91","10","0.92","10","122.50",
="080747","玉晶光統一55購01","1,206,000","22","1,454,010","1.22","1.22","1.16","1.18","+","0.02","1.18","90","--","0","443.50",
="080748","立積統一55購01","0","0","0","--","--","--","--"," ","0.00","0.75","10","0.76","10","151.50",
="080749","AES統一55購02","50,000","1","50,000","1.00","1.00","1.00","1.00","X","0.00","0.97","10","0.99","10","1,195.00",
="08074P","台灣50富邦54售01","0","0","0","--","--","--","--"," ","0.00","0.01","1,652","0.05","3","0.00",
="080750","金像電台新4B購01","0","0","0","--","--","--","--"," ","0.00","--","0","11.00","10","0.00",
="080751","緯穎台新4B購01","0","0","0","--","--","--","--"," ","0.00","3.81","20","3.82","10","0.00",
="080752","ITH台新4B購01","0","0","0","--","--","--","--"," ","0.00","0.19","20","0.20","10","0.00",
="080753","T50反1元富4B購03","0","0","0","--","--","--","--"," ","0.00","--","0","0.10","25","18.29",
="080754","台化元富55購01","0","0","0","--","--","--","--"," ","0.00","2.51","45","2.53","25","28.95",
="080755","美時元富55購01","70,000","4","50,700","0.72","0.74","0.72","0.74","+","0.03","0.73","25","0.74","25","192.00",
="080756","台積電元富65購01","13,000","10","141,900","10.80","11.20","10.80","11.20","+","0.70","6.75","8","--","0","1,340.00",
="080757","金像電元富4B購01","0","0","0","--","--","--","--"," ","0.00","6.85","25","7.35","10","455.00",
="080758","華航元富4B購02","1,000","1","770","0.77","0.77","0.77","0.77","X","0.00","0.75","25","0.77","25","20.95",
="080759","國泰金元富55購01","49,000","2","215,110","4.39","4.39","4.39","4.39","-","0.01","4.39","25","4.45","25","66.20",
="08075P","臺股指永豐53售01","30,000","4","9,000","0.31","0.31","0.29","0.29","-","0.04","0.29","10","0.30","10","0.00",
="080760","新日興元富4B購01","0","0","0","--","--","--","--"," ","0.00","--","0","--","0","237.00",
="080761","健策元富4B購01","0","0","0","--","--","--","--"," ","0.00","5.35","25","5.85","25","2,355.00",
="080762","晶心科元富55購01","84,000","12","206,670","2.44","2.54","2.39","2.42","X","0.00","2.37","25","2.39","25","325.50",
="080763","緯穎元富54購02","1,000","1","2,560","2.56","2.56","2.56","2.56","X","0.00","2.55","25","2.56","25","3,140.00",
="080764","世紀鋼元富4B購04","0","0","0","--","--","--","--"," ","0.00","0.19","25","0.20","25","171.50",
="080765","聯發科國泰4C購04","3,000","1","3,870","1.29","1.29","1.29","1.29","-","0.13","1.22","499","1.23","499","1,375.00",
="080766","智易國泰4C購01","0","0","0","--","--","--","--"," ","0.00","1.23","499","--","0","223.00",
="080767","世芯國泰4C購01","0","0","0","--","--","--","--"," ","0.00","6.20","10","6.50","10","3,700.00",
="080768","光聖國泰4C購01","0","0","0","--","--","--","--"," ","0.00","12.80","499","--","0","826.00",
="080769","AES國泰4C購01","0","0","0","--","--","--","--"," ","0.00","2.67","499","2.74","110","1,195.00",
="08076P","國企2X凱基4A售05","0","0","0","--","--","--","--"," ","0.00","0.46","10","0.56","10","0.00",
="080770","S&P反1國票4C購01","0","0","0","--","--","--","--"," ","0.00","0.06","25","0.07","10","4.41",
="080771","臺指反國票55購01","0","0","0","--","--","--","--"," ","0.00","0.06","25","0.07","10","2.96",
="080772","道瓊2X國票53購01","0","0","0","--","--","--","--"," ","0.00","1.49","25","1.50","10","28.27",
="080773","士電國票4B購02","107,000","4","91,980","0.86","0.90","0.84","0.90","-","0.04","0.89","25","0.90","10","183.00",
="080774","敬鵬國票4C購01","1,000","1","1,030","1.03","1.03","1.03","1.03","-","0.11","1.02","25","1.06","10","36.55",
="080775","亞航國票4B購01","0","0","0","--","--","--","--"," ","0.00","2.15","9","2.44","10","55.20",
="080776","亞航國票4C購01","1,000","1","2,700","2.70","2.70","2.70","2.70","-","0.60","1.91","10","2.22","10","55.20",
="080777","亞航國票51購01","467,000","38","969,340","2.30","2.34","1.68","1.68","-","1.15","1.47","5","1.68","10","55.20",
="080778","碩天國票4C購01","0","0","0","--","--","--","--"," ","0.00","0.36","25","0.37","10","217.00",
="080779","精成科國票4B購01","0","0","0","--","--","--","--"," ","0.00","10.10","25","--","0","125.50",
="08077P","大成鋼凱基4B售04","0","0","0","--","--","--","--"," ","0.00","1.19","10","1.20","10","0.00",
="080781","精成科國票4C購01","0","0","0","--","--","--","--"," ","0.00","9.15","25","9.65","10","125.50",
="080782","矽力國票4C購02","0","0","0","--","--","--","--"," ","0.00","0.11","25","0.12","10","273.00",
="080783","緯穎國票4C購03","0","0","0","--","--","--","--"," ","0.00","3.54","25","3.59","10","3,140.00",
="080784","富世達國票4C購02","0","0","0","--","--","--","--"," ","0.00","14.20","25","15.20","10","1,010.00",
="080785","元金反元大4B購01","313,000","5","54,610","0.17","0.18","0.16","0.18","-","0.04","0.17","250","0.18","100","6.80",
="080786","美債2X元大51購02","0","0","0","--","--","--","--"," ","0.00","0.60","499","0.61","100","7.33",
="080787","美債2X元大53購02","0","0","0","--","--","--","--"," ","0.00","0.57","250","0.58","100","7.33",
="080788","華城元大4B購03","0","0","0","--","--","--","--"," ","0.00","2.24","350","2.30","10","586.00",
="080789","上銀元大4B購08","46,000","4","13,860","0.31","0.32","0.29","0.29","-","0.04","0.28","499","0.29","10","217.50",
="08078P","仁寶凱基4A售01","0","0","0","--","--","--","--"," ","0.00","0.11","10","0.21","10","0.00",
="080790","廣宇元大4B購03","0","0","0","--","--","--","--"," ","0.00","2.25","300","2.27","10","54.10",
="080791","台積電元大51購34","285,000","14","793,970","2.70","2.79","2.65","2.79","+","0.36","0.23","43","--","0","1,340.00",
="080792","台光電元大4B購07","0","0","0","--","--","--","--"," ","0.00","5.75","150","--","0","1,345.00",
="080793","京元電元大4B購02","0","0","0","--","--","--","--"," ","0.00","8.90","100","--","0","167.00",
="080794","聯發科元大51購17","11,000","2","8,550","0.78","0.78","0.75","0.75","-","0.07","0.72","25","0.73","10","1,375.00",
="080795","雄獅元大4B購01","0","0","0","--","--","--","--"," ","0.00","0.72","499","0.74","10","158.50",
="080796","富邦金元大4B購04","0","0","0","--","--","--","--"," ","0.00","2.18","350","2.26","10","88.40",
="080797","國泰金元大4B購04","0","0","0","--","--","--","--"," ","0.00","2.25","350","2.35","10","66.20",
="080798","緯創元大54購01","86,000","6","85,180","0.98","1.01","0.98","1.01","X","0.00","0.95","499","0.97","10","122.50",
="080799","世芯元大51購15","0","0","0","--","--","--","--"," ","0.00","--","0","--","0","3,700.00",
="08079P","台積電凱基4C售20","0","0","0","--","--","--","--"," ","0.00","--","0","0.02","10","0.00",
="080800","貿聯元大4B購06","10,000","1","55,000","5.50","5.50","5.50","5.50","+","0.50","4.47","150","--","0","1,085.00",
="080801","光聖元大4B購03","0","0","0","--","--","--","--"," ","0.00","6.30","100","--","0","826.00",
="080802","保瑞元大54購01","149,000","7","208,440","1.38","1.42","1.37","1.42","+","0.03","1.37","25","1.39","10","693.00",
="080803","緯穎元大54購05","35,000","1","72,450","2.07","2.07","2.07","2.07","+","0.05","2.00","400","2.01","10","3,140.00",
="080804","AES元大4B購01","186,000","8","255,500","1.32","1.43","1.32","1.34","+","0.01","1.23","499","1.25","10","1,195.00",
="080805","SP黃豆凱基4C購01","220,000","3","22,000","0.10","0.10","0.10","0.10","-","0.03","0.09","60","0.10","50","19.68",
="080806","台積電凱基4C購26","0","0","0","--","--","--","--"," ","0.00","11.80","10","12.80","10","1,340.00",
="080807","台積電凱基51購14","0","0","0","--","--","--","--"," ","0.00","6.45","16","6.95","10","1,340.00",
="080808","金像電凱基4B購02","0","0","0","--","--","--","--"," ","0.00","14.80","100","15.80","10","455.00",
="080809","大同凱基4B購02","0","0","0","--","--","--","--"," ","0.00","0.47","10","0.48","30","39.85",
="08080P","慧洋凱基4A售02","0","0","0","--","--","--","--"," ","0.00","0.12","10","0.22","10","0.00",
="080810","富邦金凱基4B購01","46,000","4","101,370","2.20","2.25","2.18","2.25","-","0.02","2.18","100","2.28","10","88.40",
="080811","智原凱基4B購02","124,000","4","6,250","0.04","0.06","0.04","0.05","+","0.02","0.04","10","0.13","1","174.00",
="080812","嘉澤凱基4B購03","46,000","3","70,330","1.56","1.56","1.45","1.45","-","0.23","1.48","10","1.51","10","1,605.00",
="080813","光聖凱基4B購02","0","0","0","--","--","--","--"," ","0.00","11.20","10","12.20","10","826.00",
="080814","泰金寶凱基4C購01","124,000","2","18,020","0.15","0.15","0.14","0.14","-","0.03","0.14","100","0.15","50","6.02",
="080815","高股息中信53購01","0","0","0","--","--","--","--"," ","0.00","0.30","100","0.31","100","0.00",
="080816","A50正2中信52購01","117,000","5","74,850","0.65","0.67","0.62","0.62","-","0.09","0.64","100","0.65","100","0.00",
="080817","元金反中信4C購01","0","0","0","--","--","--","--"," ","0.00","0.05","499","0.06","100","0.00",
="080818","盟立中信4B購01","111,000","2","44,470","0.40","0.47","0.40","0.47","X","0.00","0.39","10","0.41","10","0.00",
="080819","滬深2X永豐51購04","12,000","2","41,700","3.52","3.52","3.43","3.43","X","0.00","3.47","499","3.48","10","19.04",
="08081P","奇鋐凱基4A售03","0","0","0","--","--","--","--"," ","0.00","--","0","--","0","0.00",
="080820","台光電永豐51購02","0","0","0","--","--","--","--"," ","0.00","65.50","499","68.50","10","1,345.00",
="080821","南亞科永豐4B購02","0","0","0","--","--","--","--"," ","0.00","--","0","--","0","81.00",
="080822","一詮永豐51購02","54,000","5","96,120","1.78","1.78","1.78","1.78"," ","0.00","1.72","10","1.74","10","82.30",
="080823","萬海永豐51購01","36,000","2","55,470","1.55","1.55","1.54","1.54","-","0.18","1.53","10","1.54","10","77.90",
="080824","亞光永豐4C購03","0","0","0","--","--","--","--"," ","0.00","1.41","499","1.44","10","161.50",
="080825","欣興永豐4B購01","0","0","0","--","--","--","--"," ","0.00","2.28","499","--","0","159.00",
="080826","新日興永豐4C購01","1,000","1","1,850","1.85","1.85","1.85","1.85","-","0.10","1.09","9","1.92","1","237.00",
="080827","群創永豐4B購01","0","0","0","--","--","--","--"," ","0.00","0.66","499","0.69","10","14.15",
="080828","華擎永豐4B購01","0","0","0","--","--","--","--"," ","0.00","1.83","499","1.85","10","278.00",
="080829","牧德永豐51購01","0","0","0","--","--","--","--"," ","0.00","1.20","499","1.22","10","544.00",
="08082P","貿聯凱基4B售01","0","0","0","--","--","--","--"," ","0.00","--","0","0.02","50","0.00",
="080830","健策永豐4C購02","0","0","0","--","--","--","--"," ","0.00","5.30","499","5.65","10","2,355.00",
="080831","世芯永豐4C購08","0","0","0","--","--","--","--"," ","0.00","4.13","499","4.16","10","3,700.00",
="080832","貿聯永豐4C購01","0","0","0","--","--","--","--"," ","0.00","5.65","499","6.00","10","1,085.00",
="080833","立積永豐4B購04","0","0","0","--","--","--","--"," ","0.00","--","0","--","0","151.50",
="080834","亞翔永豐51購01","0","0","0","--","--","--","--"," ","0.00","6.00","499","6.20","10","358.50",
="080835","富世達永豐4B購01","0","0","0","--","--","--","--"," ","0.00","6.90","499","7.25","10","1,010.00",
="080836","來億永豐4B購01","0","0","0","--","--","--","--"," ","0.00","0.02","10","0.04","10","224.00",
="080837","南電永豐51購01","0","0","0","--","--","--","--"," ","0.00","7.00","499","7.35","10","234.50",
="080838","羅昇永豐4B購01","0","0","0","--","--","--","--"," ","0.00","0.27","499","0.28","10","99.50",
="080839","華通台新4B購01","0","0","0","--","--","--","--"," ","0.00","2.45","20","2.46","10","0.00",
="08083P","臺股指凱基4C售13","0","0","0","--","--","--","--"," ","0.00","0.22","100","0.23","10","0.00",
="080840","牧德台新4B購02","0","0","0","--","--","--","--"," ","0.00","1.36","20","1.46","10","0.00",
="080841","緯穎第一55購01","10,000","1","16,800","1.68","1.68","1.68","1.68","X","0.00","1.67","10","1.69","10","0.00",
="080842","華城統一53購01","655,000","11","768,800","1.17","1.19","1.16","1.16","-","0.06","1.14","10","1.15","10","586.00",
="080843","技嘉統一55購01","53,000","2","42,400","0.80","0.80","0.80","0.80","X","0.00","0.79","10","0.80","10","283.00",
="080844","亞光統一65購01","0","0","0","--","--","--","--"," ","0.00","0.78","10","0.79","10","161.50",
="080845","世芯統一5B購02","62,000","8","99,670","1.61","1.62","1.55","1.55","-","0.12","1.55","10","1.56","10","3,700.00",
="080846","光聖統一55購04","0","0","0","--","--","--","--"," ","0.00","1.63","10","1.64","10","826.00",
="080847","光聖統一58購01","0","0","0","--","--","--","--"," ","0.00","2.05","10","2.11","10","826.00",
="080848","光聖統一61購01","1,262,000","56","2,213,760","1.79","1.80","1.69","1.71","-","0.04","1.69","15","1.70","10","826.00",
="080849","光聖統一65購01","20,000","3","32,610","1.68","1.68","1.59","1.59","-","0.10","1.58","10","--","0","826.00",
="08084P","鴻海群益4A售09","0","0","0","--","--","--","--"," ","0.00","--","0","--","0","0.00",
="080850","羅昇統一5B購01","16,000","1","14,400","0.90","0.90","0.90","0.90","-","0.01","0.84","10","0.85","10","99.50",
="080851","高股息凱基51購01","0","0","0","--","--","--","--"," ","0.00","1.71","100","1.72","50","36.94",
="080852","T50反1凱基4B購04","10,000","1","200","0.02","0.02","0.02","0.02","X","0.00","0.02","689","1.87","5","18.29",
="080853","T50反1凱基4C購04","0","0","0","--","--","--","--"," ","0.00","0.01","100","0.02","10","18.29",
="080854","臺指反凱基55購01","0","0","0","--","--","--","--"," ","0.00","0.07","100","0.08","50","2.96",
="080855","元金反凱基51購01","0","0","0","--","--","--","--"," ","0.00","0.09","100","0.10","50","6.80",
="080856","元債2X凱基51購02","10,000","1","5,600","0.56","0.56","0.56","0.56","X","0.00","0.55","499","0.56","489","7.35",
="080857","美債2X凱基51購01","0","0","0","--","--","--","--"," ","0.00","0.51","10","0.52","50","7.33",
="080858","SGBR2X凱基51購02","47,000","5","88,150","1.88","1.88","1.84","1.84","-","0.21","1.88","100","1.89","50","10.98",
="080859","所羅門凱基51購01","61,000","5","68,570","1.19","1.19","1.11","1.13","-","0.05","1.12","10","1.14","10","144.50",
="08085P","一詮群益4C售01","0","0","0","--","--","--","--"," ","0.00","0.53","25","0.54","10","0.00",
="080860","皇昌凱基4B購02","0","0","0","--","--","--","--"," ","0.00","1.75","10","1.76","10","72.70",
="080861","貿聯凱基51購01","0","0","0","--","--","--","--"," ","0.00","6.85","100","7.35","10","1,085.00",
="080862","材料凱基4B購02","0","0","0","--","--","--","--"," ","0.00","0.03","100","0.13","10","66.40",
="080863","光聖凱基4B購03","0","0","0","--","--","--","--"," ","0.00","8.25","100","8.75","10","826.00",
="080864","虎航凱基4B購02","0","0","0","--","--","--","--"," ","0.00","0.02","100","0.12","10","75.80",
="080865","富世達凱基4B購02","0","0","0","--","--","--","--"," ","0.00","11.70","100","12.70","10","1,010.00",
="080866","世紀鋼凱基55購01","0","0","0","--","--","--","--"," ","0.00","0.92","10","0.93","10","171.50",
="080867","T50反1群益51購01","0","0","0","--","--","--","--"," ","0.00","0.01","100","0.03","100","18.29",
="080868","廣宇群益4C購02","0","0","0","--","--","--","--"," ","0.00","3.63","100","3.73","10","54.10",
="080869","所羅門群益4B購04","0","0","0","--","--","--","--"," ","0.00","0.20","50","0.71","10","144.50",
="08086P","嘉澤群益4B售03","0","0","0","--","--","--","--"," ","0.00","0.01","499","0.11","10","0.00",
="080870","大同群益4B購01","0","0","0","--","--","--","--"," ","0.00","0.16","10","0.26","10","39.85",
="080871","京元電群益4C購01","0","0","0","--","--","--","--"," ","0.00","--","0","6.10","10","167.00",
="080872","智原群益4C購03","32,000","1","15,680","0.49","0.49","0.49","0.49","X","0.00","0.44","10","0.54","10","174.00",
="080873","緯創群益4B購02","30,000","1","17,100","0.57","0.57","0.57","0.57","X","0.00","--","0","--","0","122.50",
="080874","神達群益4B購02","0","0","0","--","--","--","--"," ","0.00","--","0","6.25","10","90.00",
="080875","光聖群益4B購02","0","0","0","--","--","--","--"," ","0.00","5.35","10","5.85","10","826.00",
="080876","光聖群益51購01","0","0","0","--","--","--","--"," ","0.00","4.93","10","5.15","10","826.00",
="080877","台塑化群益4B購03","0","0","0","--","--","--","--"," ","0.00","0.02","10","--","0","39.25",
="080878","羅昇群益4B購01","206,000","5","61,900","0.31","0.31","0.30","0.30","-","0.03","0.26","10","0.36","10","99.50",
="080879","臺股指群益54購08","0","0","0","--","--","--","--"," ","0.00","2.35","499","2.36","499","0.00",
="08087P","台灣50元富4A售06","0","0","0","--","--","--","--"," ","0.00","--","0","0.10","25","0.00",
="080880","臺股指群益54購09","0","0","0","--","--","--","--"," ","0.00","5.10","499","5.15","499","0.00",
="080881","滬深2X元大53購03","0","0","0","--","--","--","--"," ","0.00","2.79","499","2.80","100","19.04",
="080882","滬深2X元大54購02","0","0","0","--","--","--","--"," ","0.00","2.75","499","2.81","10","19.04",
="080883","國喬元大4B購03","0","0","0","--","--","--","--"," ","0.00","--","0","0.10","10","9.51",
="080884","和大元大4B購03","3,000","1","1,050","0.35","0.35","0.35","0.35","X","0.00","0.35","499","0.36","10","65.30",
="080885","大成鋼元大4B購07","1,000","1","810","0.81","0.81","0.81","0.81","+","0.02","0.75","499","0.76","10","37.90",
="080886","上銀元大4B購09","10,000","1","3,700","0.37","0.37","0.37","0.37","-","0.03","0.36","499","0.37","10","217.50",
="080887","廣宇元大4B購04","0","0","0","--","--","--","--"," ","0.00","3.29","200","3.36","10","54.10",
="080888","台積電元大51購35","340,000","7","605,800","1.70","1.82","1.70","1.80","+","0.27","0.18","55","--","0","1,340.00",
="080889","所羅門元大4B購05","0","0","0","--","--","--","--"," ","0.00","0.17","499","0.18","10","144.50",
="08088P","T50正2元富4B售02","0","0","0","--","--","--","--"," ","0.00","--","0","0.10","25","0.00",
="080890","台光電元大4B購08","0","0","0","--","--","--","--"," ","0.00","6.15","150","--","0","1,345.00",
="080891","聯發科元大51購18","0","0","0","--","--","--","--"," ","0.00","0.52","499","0.53","10","1,375.00",
="080892","皇昌元大4B購02","5,000","2","4,320","0.88","0.88","0.86","0.86","X","0.00","0.86","499","0.87","10","72.70",
="080893","雄獅元大4B購02","30,000","3","17,100","0.58","0.58","0.56","0.56","-","0.09","0.55","499","0.56","10","158.50",
="080894","緯創元大51購02","51,000","4","33,890","0.66","0.67","0.65","0.67","+","0.06","0.64","499","0.65","10","122.50",
="080895","嘉澤元大4B購06","0","0","0","--","--","--","--"," ","0.00","1.08","499","1.11","10","1,605.00",
="080896","貿聯元大54購01","0","0","0","--","--","--","--"," ","0.00","3.46","200","--","0","1,085.00",
="080897","大銀元大4B購02","0","0","0","--","--","--","--"," ","0.00","0.33","499","0.34","10","120.00",
="080898","材料元大51購13","0","0","0","--","--","--","--"," ","0.00","0.21","499","0.22","10","66.40",
="080899","祥碩元大4B購05","40,000","1","800","0.02","0.02","0.02","0.02","X","0.00","0.02","499","0.03","30","1,525.00",
="08089P","國企2X元富4A售02","0","0","0","--","--","--","--"," ","0.00","0.01","25","0.11","10","0.00",
="080900","光聖元大4B購04","221,000","18","984,440","4.67","4.69","4.24","4.24","-","0.29","4.24","25","4.33","10","826.00",
="080901","穎崴元大4B購05","0","0","0","--","--","--","--"," ","0.00","4.23","200","--","0","2,015.00",
="080902","緯穎元大51購05","1,000","1","1,760","1.76","1.76","1.76","1.76"," ","0.00","1.76","450","1.77","10","3,140.00",
="080903","富世達元大4B購02","0","0","0","--","--","--","--"," ","0.00","5.25","150","--","0","1,010.00",
="080904","台灣50元富4B購04","0","0","0","--","--","--","--"," ","0.00","51.00","25","52.50","25","58.45",
="080906","香港2X元富4B購02","675,000","9","1,033,430","1.68","1.69","1.42","1.42","-","0.26","1.36","100","--","0","18.02",
="080907","美費半元富55購01","0","0","0","--","--","--","--"," ","0.00","5.70","25","5.75","25","49.19",
="080908","東陽元富55購01","235,000","5","103,000","0.44","0.44","0.42","0.43","-","0.02","0.43","75","0.50","10","94.10",
="080909","華新元富4B購02","221,000","5","262,360","1.20","1.20","1.14","1.14"," ","0.00","1.03","25","1.05","25","24.05",
="08090P","台積電元富4A售24","0","0","0","--","--","--","--"," ","0.00","--","0","--","0","0.00",
="080910","智邦元富4C購01","0","0","0","--","--","--","--"," ","0.00","4.97","25","5.35","25","1,005.00",
="080911","所羅門元富52購01","71,000","4","90,790","1.29","1.29","1.23","1.23","-","0.05","1.23","25","1.25","25","144.50",
="080912","台光電元富4C購01","0","0","0","--","--","--","--"," ","0.00","8.80","25","9.30","25","1,345.00",
="080913","台光電元富53購01","0","0","0","--","--","--","--"," ","0.00","6.60","25","7.10","25","1,345.00",
="080914","威盛元富55購01","115,000","5","59,050","0.53","0.53","0.50","0.51","-","0.05","0.50","25","0.51","25","59.50",
="080917","世芯元富4B購09","0","0","0","--","--","--","--"," ","0.00","3.34","25","3.42","25","3,700.00",
="080918","世芯元富4B購10","0","0","0","--","--","--","--"," ","0.00","2.94","25","3.01","25","3,700.00",
="08091P","台積電元富4A售25","0","0","0","--","--","--","--"," ","0.00","--","0","--","0","0.00",
="080921","世芯元富4B購11","0","0","0","--","--","--","--"," ","0.00","1.94","25","1.96","25","3,700.00",
="080922","世芯元富4C購07","14,000","3","42,620","3.10","3.10","2.74","2.74","-","0.51","2.75","25","2.78","25","3,700.00",
="080923","光聖元富4B購01","0","0","0","--","--","--","--"," ","0.00","6.95","25","7.45","10","826.00",
="080924","光聖元富4B購02","0","0","0","--","--","--","--"," ","0.00","6.40","25","6.90","10","826.00",
="080925","光聖元富55購01","0","0","0","--","--","--","--"," ","0.00","3.36","25","3.46","10","826.00",
="080926","緯穎元富4B購09","34,000","3","76,550","2.25","2.30","2.22","2.22","-","0.21","2.18","25","2.19","25","3,140.00",
="080927","羅昇元富4B購01","100,000","1","48,000","0.48","0.48","0.48","0.48","X","0.00","0.42","25","0.43","25","99.50",
="080929","華邦電國票4C購03","0","0","0","--","--","--","--"," ","0.00","12.30","25","--","0","36.45",
="08092P","金像電元富4A售01","0","0","0","--","--","--","--"," ","0.00","--","0","0.02","140","0.00",
="080930","智邦國票4C購03","0","0","0","--","--","--","--"," ","0.00","6.30","25","6.65","10","1,005.00",
="080931","光聖國票4C購01","0","0","0","--","--","--","--"," ","0.00","6.85","25","7.35","10","826.00",
="080932","光聖國票51購01","0","0","0","--","--","--","--"," ","0.00","6.55","25","7.05","10","826.00",
="080933","光聖國票52購01","20,000","3","135,800","6.80","6.85","6.75","6.75","-","0.25","6.60","25","6.75","10","826.00",
="080934","鈺邦國票4B購01","0","0","0","--","--","--","--"," ","0.00","--","0","--","0","198.50",
="080935","穎崴國票4C購06","10,000","1","107,000","10.70","10.70","10.70","10.70","-","0.10","10.60","25","11.20","10","2,015.00",
="080937","志強國票51購01","11,000","1","4,290","0.39","0.39","0.39","0.39","-","0.03","0.37","25","0.38","10","104.50",
="080938","所羅門國泰4C購01","0","0","0","--","--","--","--"," ","0.00","1.51","499","1.53","330","144.50",
="080939","牧德國泰4C購01","310,000","2","565,100","1.89","1.89","1.76","1.76","X","0.00","1.76","10","1.79","10","544.00",
="08093P","元金2X國票54售01","0","0","0","--","--","--","--"," ","0.00","0.14","25","0.22","5","0.00",
="080940","材料國泰4C購01","0","0","0","--","--","--","--"," ","0.00","0.43","499","0.44","100","66.40",
="080941","光聖國泰4C購02","0","0","0","--","--","--","--"," ","0.00","8.80","100","9.10","10","826.00",
="080942","台灣50富邦4C購04","0","0","0","--","--","--","--"," ","0.00","4.91","100","4.96","10","0.00",
="080944","台灣50富邦55購01","0","0","0","--","--","--","--"," ","0.00","3.83","100","3.85","68","0.00",
="080945","鴻海富邦51購03","58,000","5","207,910","3.54","3.67","3.54","3.60","+","0.26","3.62","30","3.64","10","0.00",
="080946","所羅門富邦4B購01","135,000","4","42,100","0.32","0.32","0.30","0.30","-","0.03","0.30","30","0.31","28","0.00",
="080947","虎航富邦4B購01","0","0","0","--","--","--","--"," ","0.00","0.01","100","0.03","10","0.00",
="080948","香港2X中信4C購01","20,000","2","16,700","0.87","0.87","0.80","0.80","-","0.06","0.76","499","0.77","100","0.00",
="080949","A50正2中信51購01","9,000","3","7,500","0.87","0.87","0.82","0.82","X","0.00","0.83","100","0.84","100","0.00",
="08094P","和大國票4B售01","0","0","0","--","--","--","--"," ","0.00","0.36","25","0.37","10","0.00",
="080950","元金反群益55購01","0","0","0","--","--","--","--"," ","0.00","0.17","45","0.18","10","6.80",
="080951","美債2X群益55購01","0","0","0","--","--","--","--"," ","0.00","0.76","10","0.86","10","7.33",
="080952","SGBR2X群益4B購02","0","0","0","--","--","--","--"," ","0.00","1.30","25","1.31","10","10.98",
="080953","名軒群益4B購01","0","0","0","--","--","--","--"," ","0.00","--","0","--","0","44.60",
="080954","士電群益4B購02","0","0","0","--","--","--","--"," ","0.00","0.49","10","0.59","10","183.00",
="080955","台達電群益4C購01","0","0","0","--","--","--","--"," ","0.00","--","0","--","0","893.00",
="080956","所羅門群益4C購02","0","0","0","--","--","--","--"," ","0.00","--","0","--","0","144.50",
="080957","皇昌群益4C購02","0","0","0","--","--","--","--"," ","0.00","0.80","25","0.81","10","72.70",
="080958","創意群益52購01","0","0","0","--","--","--","--"," ","0.00","0.43","30","1.01","10","1,315.00",
="080959","貿聯群益4B購04","0","0","0","--","--","--","--"," ","0.00","--","0","6.40","10","1,085.00",
="08095P","廣宇國票4C售03","0","0","0","--","--","--","--"," ","0.00","0.16","25","0.17","10","0.00",
="080960","技嘉元富52購01","0","0","0","--","--","--","--"," ","0.00","0.20","25","0.21","25","283.00",
="080961","訊芯群益4C購03","3,000","1","2,100","0.70","0.70","0.70","0.70","+","0.07","0.17","10","--","0","164.50",
="080962","愛普群益4C購02","30,000","3","103,500","3.48","3.48","3.43","3.43","-","0.13","1.81","5","--","0","344.00",
="080963","晶心科群益4C購01","63,000","8","86,580","1.35","1.41","1.34","1.34","X","0.00","1.31","25","1.32","10","325.50",
="080964","富世達群益4B購02","0","0","0","--","--","--","--"," ","0.00","--","0","6.60","10","1,010.00",
="080965","世紀鋼群益4B購04","0","0","0","--","--","--","--"," ","0.00","0.37","10","0.47","10","171.50",
="080966","臺股指群益57購01","43,000","8","104,230","2.40","2.51","2.40","2.48","+","0.17","2.46","499","2.47","499","0.00",
="080967","和大統一55購02","0","0","0","--","--","--","--"," ","0.00","0.53","10","0.54","10","65.30",
="080968","信錦統一55購01","0","0","0","--","--","--","--"," ","0.00","0.38","10","0.39","10","69.40",
="080969","上銀統一55購01","0","0","0","--","--","--","--"," ","0.00","0.38","10","0.39","10","217.50",
="08096P","龍德船國票4B售01","0","0","0","--","--","--","--"," ","0.00","0.03","25","0.10","274","0.00",
="080970","佳能統一55購01","0","0","0","--","--","--","--"," ","0.00","2.09","10","2.10","10","88.80",
="080971","技嘉統一53購02","953,000","16","1,225,890","1.29","1.30","1.27","1.28","+","0.02","1.27","10","1.28","10","283.00",
="080972","奇鋐統一55購02","0","0","0","--","--","--","--"," ","0.00","2.74","10","2.79","10","1,015.00",
="080973","華擎統一55購01","50,000","1","44,000","0.88","0.88","0.88","0.88","-","0.02","0.88","10","0.89","10","278.00",
="080974","材料統一55購01","0","0","0","--","--","--","--"," ","0.00","0.31","10","0.32","10","66.40",
="080975","立積統一56購04","486,000","15","403,100","0.84","0.84","0.79","0.79","-","0.08","0.80","10","0.81","10","151.50",
="080976","瀚宇博統一55購01","102,000","16","315,470","3.16","3.16","3.03","3.16","+","0.37","2.58","10","2.66","10","104.00",
="080977","愛普統一55購01","0","0","0","--","--","--","--"," ","0.00","1.06","10","1.07","10","344.00",
="080978","緯穎統一51購06","61,000","3","79,000","1.30","1.30","1.28","1.28","X","0.00","1.30","10","1.31","10","3,140.00",
="080979","采鈺統一55購03","10,000","1","12,800","1.28","1.28","1.28","1.28","-","0.01","1.25","10","1.26","10","305.50",
="08097P","鴻海元大4A售12","0","0","0","--","--","--","--"," ","0.00","--","0","0.10","10","0.00",
="080980","富世達統一55購01","0","0","0","--","--","--","--"," ","0.00","1.90","10","1.91","10","1,010.00",
="080981","健策台新4B購01","0","0","0","--","--","--","--"," ","0.00","9.70","20","--","0","0.00",
="080982","迅得台新4B購01","10,000","1","10,500","1.05","1.05","1.05","1.05","X","0.00","1.04","20","1.09","10","0.00",
="080983","台灣50元大4B購13","0","0","0","--","--","--","--"," ","0.00","8.95","100","9.25","10","58.45",
="080984","台灣50元大4B購14","0","0","0","--","--","--","--"," ","0.00","5.65","300","6.15","10","58.45",
="080985","台灣50元大4B購17","0","0","0","--","--","--","--"," ","0.00","8.75","200","9.05","10","58.45",
="080986","台灣50元大4B購18","0","0","0","--","--","--","--"," ","0.00","8.95","200","9.25","10","58.45",
="080987","台灣50元大4B購19","0","0","0","--","--","--","--"," ","0.00","4.18","400","4.25","10","58.45",
="080988","道瓊2X元大4B購01","0","0","0","--","--","--","--"," ","0.00","2.43","499","2.49","10","28.27",
="080989","台積電元大51購36","215,000","7","457,660","2.02","2.17","2.02","2.17","+","0.31","0.16","62","--","0","1,340.00",
="08098P","鴻海元大4A售13","0","0","0","--","--","--","--"," ","0.00","--","0","0.10","10","0.00",
="080990","所羅門元大4B購06","10,000","1","5,900","0.59","0.59","0.59","0.59"," ","0.00","0.54","499","0.56","10","144.50",
="080991","昆盈元大4B購01","349,000","7","160,970","0.48","0.48","0.45","0.45","-","0.05","0.44","499","0.45","10","42.60",
="080992","聯發科元大4C購10","0","0","0","--","--","--","--"," ","0.00","0.57","499","0.58","10","1,375.00",
="080993","皇昌元大4B購03","0","0","0","--","--","--","--"," ","0.00","0.39","499","0.40","10","72.70",
="080994","長榮元大54購01","5,000","1","1,950","0.39","0.39","0.39","0.39","X","0.00","0.37","499","0.38","10","182.00",
="080995","陽明元大4B購04","0","0","0","--","--","--","--"," ","0.00","0.02","499","0.12","10","55.20",
="080996","萬海元大4C購01","287,000","5","55,580","0.21","0.21","0.18","0.18","-","0.03","0.18","499","0.19","10","77.90",
="080997","新日興元大4B購06","0","0","0","--","--","--","--"," ","0.00","0.07","45","--","0","237.00",
="080998","嘉澤元大4B購07","0","0","0","--","--","--","--"," ","0.00","1.20","499","1.24","10","1,605.00",
="080999","牧德元大4B購02","0","0","0","--","--","--","--"," ","0.00","0.39","25","0.40","10","544.00",
="08099P","鴻海元大4C售06","0","0","0","--","--","--","--"," ","0.00","--","0","0.10","10","0.00",
="081000","健策元大4B購03","0","0","0","--","--","--","--"," ","0.00","4.01","200","--","0","2,355.00",
="081001","世芯元大51購16","0","0","0","--","--","--","--"," ","0.00","--","0","--","0","3,700.00",
="081002","世芯元大54購03","61,000","5","115,890","1.92","1.92","1.88","1.89"," ","0.00","1.14","8","1.92","50","3,700.00",
="081003","貿聯元大54購02","0","0","0","--","--","--","--"," ","0.00","2.66","250","--","0","1,085.00",
="081004","迅得元大4B購04","2,130,000","20","1,057,780","0.53","0.53","0.47","0.47","-","0.02","0.45","499","0.46","10","176.00",
="081005","穎崴元大4B購06","0","0","0","--","--","--","--"," ","0.00","4.35","150","--","0","2,015.00",
="081006","緯穎元大4B購08","0","0","0","--","--","--","--"," ","0.00","1.54","499","1.57","10","3,140.00",
="081007","虎航元大4B購02","0","0","0","--","--","--","--"," ","0.00","0.13","499","0.14","10","75.80",
="081008","臺股指元大4B購27","0","0","0","--","--","--","--"," ","0.00","5.15","499","5.50","10","0.00",
="081009","臺股指元大4B購28","0","0","0","--","--","--","--"," ","0.00","3.95","499","4.02","10","0.00",
="08100P","欣興元大4A售02","0","0","0","--","--","--","--"," ","0.00","--","0","0.09","20","0.00",
="081010","滬深2X凱基54購02","0","0","0","--","--","--","--"," ","0.00","3.36","100","3.37","50","19.04",
="081011","元日2X凱基53購02","0","0","0","--","--","--","--"," ","0.00","0.39","100","0.40","50","5.87",
="081012","台積電凱基4C購27","0","0","0","--","--","--","--"," ","0.00","5.30","19","5.80","10","1,340.00",
="081013","台積電凱基51購15","0","0","0","--","--","--","--"," ","0.00","5.80","18","6.30","10","1,340.00",
="081014","華邦電凱基4B購05","11,000","2","131,100","12.10","12.10","11.90","11.90","+","1.20","12.60","20","13.60","10","36.45",
="081015","京元電凱基4B購02","0","0","0","--","--","--","--"," ","0.00","9.15","100","9.65","10","167.00",
="081016","聯發科凱基4B購03","72,000","7","28,400","0.43","0.43","0.37","0.37","-","0.08","0.35","100","0.36","10","1,375.00",
="081017","長榮凱基4B購09","0","0","0","--","--","--","--"," ","0.00","0.01","100","0.11","10","182.00",
="081018","嘉澤凱基51購02","58,000","3","86,720","1.52","1.52","1.49","1.49","-","0.07","1.44","10","1.46","10","1,605.00",
="081019","世芯凱基4C購05","14,000","1","37,660","2.69","2.69","2.69","2.69","-","0.27","2.68","100","2.71","10","3,700.00",
="08101P","景碩元大4A售02","0","0","0","--","--","--","--"," ","0.00","--","0","0.10","10","0.00",
="081020","材料凱基4B購03","4,000","1","800","0.20","0.20","0.20","0.20","-","0.01","0.20","100","0.21","40","66.40",
="081021","緯穎凱基54購03","6,000","2","17,650","2.94","2.95","2.94","2.95","-","0.01","2.90","100","2.92","10","3,140.00",
="081022","鴻海永豐53購01","0","0","0","--","--","--","--"," ","0.00","2.52","499","--","0","221.00",
="081023","台積電永豐5C購01","2,000","1","6,300","3.15","3.15","3.15","3.15","+","0.38","1.79","5","--","0","1,340.00",
="081024","台積電永豐65購01","205,000","11","522,200","2.49","2.61","2.49","2.61","+","0.23","1.40","14","--","0","1,340.00",
="081025","華邦電永豐52購01","0","0","0","--","--","--","--"," ","0.00","8.65","10","9.00","50","36.45",
="081026","長榮永豐51購03","0","0","0","--","--","--","--"," ","0.00","0.35","10","0.36","10","182.00",
="081027","陽明永豐4B購03","0","0","0","--","--","--","--"," ","0.00","0.16","499","0.17","10","55.20",
="081028","世紀鋼永豐52購01","0","0","0","--","--","--","--"," ","0.00","7.20","499","7.25","10","171.50",
="08102P","台灣50凱基4A售12","0","0","0","--","--","--","--"," ","0.00","--","0","22.90","10","0.00",
="081030","華碩元富4B購01","0","0","0","--","--","--","--"," ","0.00","--","0","--","0","684.00",
="081033","漢唐元富4B購01","0","0","0","--","--","--","--"," ","0.00","--","0","--","0","987.00",
="081034","長榮元富4B購08","0","0","0","--","--","--","--"," ","0.00","0.02","25","0.10","10","182.00",
="081035","牧德元富52購01","0","0","0","--","--","--","--"," ","0.00","0.92","25","0.93","25","544.00",
="081036","健策元富4B購02","0","0","0","--","--","--","--"," ","0.00","6.20","25","6.70","25","2,355.00",
="081037","健策元富52購01","0","0","0","--","--","--","--"," ","0.00","7.65","25","8.15","25","2,355.00",
="081038","世芯元富4B購12","3,000","1","5,070","1.69","1.69","1.69","1.69","-","0.18","1.50","25","1.51","25","3,700.00",
="081039","世芯元富4C購08","0","0","0","--","--","--","--"," ","0.00","2.38","25","2.41","25","3,700.00",
="08103P","T50正2凱基4C售02","0","0","0","--","--","--","--"," ","0.00","0.09","100","0.10","10","0.00",
="081040","神達元富4B購01","0","0","0","--","--","--","--"," ","0.00","6.05","25","6.55","25","90.00",
="081041","精成科元富4B購01","0","0","0","--","--","--","--"," ","0.00","4.68","25","--","0","125.50",
="081042","T50反1國票4B購03","0","0","0","--","--","--","--"," ","0.00","0.02","25","0.11","10","18.29",
="081043","T50反1國票4C購02","0","0","0","--","--","--","--"," ","0.00","0.19","25","0.20","10","18.29",
="081044","T50反1國票53購02","0","0","0","--","--","--","--"," ","0.00","0.47","25","0.48","10","18.29",
="081045","S&P正2國票52購01","0","0","0","--","--","--","--"," ","0.00","1.14","25","1.15","10","110.95",
="081046","長榮群益52購01","0","0","0","--","--","--","--"," ","0.00","1.74","25","1.84","10","182.00",
="081047","國喬國票52購01","0","0","0","--","--","--","--"," ","0.00","0.09","25","0.10","10","9.51",
="081048","華城國票4C購02","22,000","2","77,800","3.43","3.56","3.43","3.56","-","0.06","3.43","25","3.46","10","586.00",
="081049","鴻海國票51購03","0","0","0","--","--","--","--"," ","0.00","4.17","25","4.27","10","221.00",
="08104P","台積電凱基4A售42","0","0","0","--","--","--","--"," ","0.00","--","0","0.10","10","0.00",
="081050","台光電國票4C購03","2,000","2","42,600","20.70","21.90","20.70","21.90","X","0.00","20.40","25","21.40","10","1,345.00",
="081051","南亞科國票4C購02","0","0","0","--","--","--","--"," ","0.00","8.90","25","9.40","10","81.00",
="081052","晟銘電國票4C購02","0","0","0","--","--","--","--"," ","0.00","2.27","25","2.29","10","121.00",
="081053","華擎國票4C購01","0","0","0","--","--","--","--"," ","0.00","2.90","25","2.95","10","278.00",
="081054","嘉澤國票51購02","0","0","0","--","--","--","--"," ","0.00","1.87","25","1.89","10","1,605.00",
="081055","臻鼎國票4B購01","0","0","0","--","--","--","--"," ","0.00","4.16","25","4.26","10","171.50",
="081056","華邦電國泰4C購01","0","0","0","--","--","--","--"," ","0.00","13.30","499","--","0","36.45",
="081057","嘉澤國泰4C購01","0","0","0","--","--","--","--"," ","0.00","3.28","499","--","0","1,605.00",
="081058","健策國泰4C購01","0","0","0","--","--","--","--"," ","0.00","10.70","499","--","0","2,355.00",
="081059","T50反1富邦4B購01","0","0","0","--","--","--","--"," ","0.00","--","0","0.03","98","0.00",
="08105P","旺宏凱基4B售02","100,000","1","5,000","0.05","0.05","0.05","0.05","-","0.02","0.04","10","0.14","10","0.00",
="081060","T50反1富邦4C購03","0","0","0","--","--","--","--"," ","0.00","0.06","100","0.07","98","0.00",
="081061","T50反1富邦52購01","0","0","0","--","--","--","--"," ","0.00","0.05","100","0.06","98","0.00",
="081062","T50反1富邦53購01","0","0","0","--","--","--","--"," ","0.00","0.04","100","0.05","98","0.00",
="081063","滬深2X富邦52購02","0","0","0","--","--","--","--"," ","0.00","1.36","100","1.37","98","0.00",
="081064","牧德富邦52購01","3,000","2","2,100","0.72","0.72","0.69","0.69","-","0.07","0.66","15","0.67","10","0.00",
="081065","旺宏富邦4B購02","40,000","2","45,100","1.09","1.14","1.09","1.14","+","0.13","1.15","30","1.25","10","0.00",
="081066","智邦富邦52購01","168,000","3","321,630","1.91","1.95","1.88","1.88","X","0.00","1.88","10","1.95","10","0.00",
="081067","台光電富邦51購01","0","0","0","--","--","--","--"," ","0.00","4.53","30","4.60","10","0.00",
="081068","南亞科富邦4C購04","0","0","0","--","--","--","--"," ","0.00","2.80","10","2.90","10","0.00",
="081069","長榮富邦52購01","0","0","0","--","--","--","--"," ","0.00","0.36","10","0.37","10","0.00",
="08106P","欣興凱基4A售01","0","0","0","--","--","--","--"," ","0.00","--","0","--","0","0.00",
="081070","智原富邦4B購04","0","0","0","--","--","--","--"," ","0.00","0.20","30","0.21","10","0.00",
="081071","材料富邦51購02","0","0","0","--","--","--","--"," ","0.00","0.15","10","0.16","10","0.00",
="081072","AES富邦52購01","4,000","1","3,080","0.77","0.77","0.77","0.77","X","0.00","0.75","10","0.76","10","0.00",
="081073","陽明中信4B購02","0","0","0","--","--","--","--"," ","0.00","--","0","0.05","10","0.00",
="081074","萬海中信4B購01","0","0","0","--","--","--","--"," ","0.00","0.04","10","0.09","10","0.00",
="081075","奇鋐中信4B購01","0","0","0","--","--","--","--"," ","0.00","--","0","--","0","0.00",
="081076","奇鋐中信51購01","0","0","0","--","--","--","--"," ","0.00","1.63","10","1.73","10","0.00",
="081077","緯創中信4B購02","17,000","1","5,100","0.30","0.30","0.30","0.30","X","0.00","0.26","499","0.28","10","0.00",
="081078","世芯中信51購01","101,000","7","104,730","1.07","1.08","1.01","1.01","-","0.14","0.95","499","0.96","10","0.00",
="081079","貿聯中信4B購01","14,000","3","64,780","4.65","4.65","4.57","4.57","+","0.18","3.70","10","3.80","10","0.00",
="08107P","精銳凱基4B售02","0","0","0","--","--","--","--"," ","0.00","0.83","10","0.86","10","0.00",
="081080","富世達中信51購01","10,000","1","28,800","2.88","2.88","2.88","2.88","X","0.00","2.79","499","2.84","10","0.00",
="081081","T50反1群益4B購03","1,000","1","5,600","5.60","5.60","5.60","5.60","+","1.11","--","0","3.38","6","18.29",
="081082","滬深2X群益4B購09","0","0","0","--","--","--","--"," ","0.00","0.13","3","--","0","19.04",
="081083","宇隆群益4C購02","40,000","2","89,200","2.23","2.23","2.23","2.23","X","0.00","2.18","10","2.28","10","217.00",
="081084","華邦電群益4B購02","0","0","0","--","--","--","--"," ","0.00","--","0","8.00","10","36.45",
="081085","英業達群益4B購01","84,000","5","52,010","0.63","0.64","0.61","0.61","+","0.03","0.09","10","--","0","45.00",
="081086","南亞科群益4B購07","0","0","0","--","--","--","--"," ","0.00","--","0","--","0","81.00",
="081087","南亞科群益4B購08","0","0","0","--","--","--","--"," ","0.00","4.06","35","--","0","81.00",
="081088","南亞科群益51購03","0","0","0","--","--","--","--"," ","0.00","2.85","35","--","0","81.00",
="081089","京元電群益4C購02","0","0","0","--","--","--","--"," ","0.00","--","0","3.42","10","167.00",
="08108P","材料凱基51售05","0","0","0","--","--","--","--"," ","0.00","1.72","100","1.73","10","0.00",
="081090","長榮群益4B購03","0","0","0","--","--","--","--"," ","0.00","0.11","100","0.12","100","182.00",
="081091","華航群益4B購01","0","0","0","--","--","--","--"," ","0.00","0.58","100","0.59","100","20.95",
="081092","緯創群益4B購03","0","0","0","--","--","--","--"," ","0.00","--","0","--","0","122.50",
="081093","緯創群益51購02","0","0","0","--","--","--","--"," ","0.00","--","0","--","0","122.50",
="081094","世芯群益4B購08","7,000","5","30,990","4.62","4.62","4.08","4.08","-","1.07","1.81","5","--","0","3,700.00",
="081095","大銀群益4B購01","0","0","0","--","--","--","--"," ","0.00","0.10","25","0.11","10","120.00",
="081096","材料群益4B購06","60,000","2","10,600","0.16","0.18","0.16","0.18","X","0.00","0.16","14","0.26","10","66.40",
="081097","臺股指群益52購05","30,000","2","71,500","2.37","2.41","2.37","2.41","+","0.11","2.43","499","2.53","10","0.00",
="081098","臺股指群益52購06","1,000","1","3,280","3.28","3.28","3.28","3.28","X","0.00","3.26","499","3.27","499","0.00",
="081099","臺股指群益53購04","0","0","0","--","--","--","--"," ","0.00","3.23","499","3.24","499","0.00",
="08109P","新唐凱基4A售01","0","0","0","--","--","--","--"," ","0.00","0.90","1","0.92","10","0.00",
="081100","臺股指群益53購05","0","0","0","--","--","--","--"," ","0.00","1.73","499","1.74","499","0.00",
="081101","和大統一55購03","60,000","2","34,500","0.58","0.58","0.57","0.57","X","0.00","0.56","40","0.57","10","65.30",
="081102","上銀統一57購01","0","0","0","--","--","--","--"," ","0.00","0.54","10","0.55","10","217.50",
="081103","國巨統一55購02","10,000","2","15,450","1.54","1.55","1.54","1.55"," ","0.00","1.53","15","1.55","10","176.00",
="081104","廣宇統一57購01","25,000","1","28,250","1.13","1.13","1.13","1.13","+","0.02","1.10","10","1.12","10","54.10",
="081105","所羅門統一55購01","43,000","4","22,880","0.55","0.55","0.52","0.52","-","0.03","0.53","10","0.54","10","144.50",
="081106","金像電統一57購01","0","0","0","--","--","--","--"," ","0.00","3.05","10","3.09","10","455.00",
="081107","南亞科統一55購01","0","0","0","--","--","--","--"," ","0.00","2.16","10","2.17","10","81.00",
="081108","全新統一55購01","12,000","2","20,460","1.71","1.71","1.68","1.68","X","0.00","1.66","10","1.68","10","160.00",
="081109","長榮統一55購04","0","0","0","--","--","--","--"," ","0.00","0.39","10","0.40","10","182.00",
="08110P","喬山國票4B售01","1,000","1","1,190","1.19","1.19","1.19","1.19","X","0.00","1.20","25","1.25","10","0.00",
="081110","陽明統一55購03","0","0","0","--","--","--","--"," ","0.00","0.19","10","0.20","10","55.20",
="081111","萬海統一55購02","0","0","0","--","--","--","--"," ","0.00","0.27","10","0.28","10","77.90",
="081112","晶豪科統一57購01","418,000","22","756,840","1.83","1.84","1.72","1.80","-","0.05","1.79","10","1.95","1","81.00",
="081114","緯創統一55購02","261,000","9","220,860","0.82","0.86","0.82","0.86","+","0.07","0.80","10","0.81","10","122.50",
="081115","緯創統一55購03","918,000","22","770,000","0.82","0.87","0.82","0.83","+","0.03","0.81","10","0.82","10","122.50",
="081116","創意統一55購02","75,000","5","67,830","0.90","0.91","0.90","0.90","X","0.00","0.89","20","0.90","10","1,315.00",
="081117","辛耘統一55購01","458,000","23","597,030","1.28","1.34","1.27","1.33","+","0.10","1.27","10","1.28","10","388.00",
="081118","世芯統一55購01","0","0","0","--","--","--","--"," ","0.00","1.31","10","1.32","10","3,700.00",
="081119","世芯統一55購02","60,000","1","69,000","1.15","1.15","1.15","1.15","-","0.04","1.07","10","1.08","10","3,700.00",
="08111P","聯電中信4A售02","0","0","0","--","--","--","--"," ","0.00","--","0","--","0","0.00",
="081120","貿聯統一55購01","0","0","0","--","--","--","--"," ","0.00","2.12","10","2.18","10","1,085.00",
="081121","永崴控統一57購01","202,000","3","61,600","0.31","0.31","0.30","0.30"," ","0.00","0.29","11","0.30","10","34.30",
="081122","大銀統一55購01","49,000","1","16,660","0.34","0.34","0.34","0.34","X","0.00","0.33","10","0.34","10","120.00",
="081123","精銳統一55購02","0","0","0","--","--","--","--"," ","0.00","0.40","10","0.41","10","695.00",
="081124","材料統一55購02","0","0","0","--","--","--","--"," ","0.00","0.36","10","0.37","10","66.40",
="081125","訊芯統一57購01","64,000","3","46,880","0.72","0.74","0.72","0.74","+","0.06","0.69","10","0.70","10","164.50",
="081126","愛普統一57購01","8,000","2","10,110","1.27","1.27","1.26","1.26","+","0.01","1.28","10","1.29","10","344.00",
="081127","力積電統一55購02","2,048,000","60","2,175,960","0.99","1.18","0.99","1.18","+","0.27","1.13","10","--","0","23.45",
="081128","采鈺統一57購01","327,000","9","440,590","1.38","1.39","1.30","1.30","-","0.08","1.31","10","1.32","10","305.50",
="081129","采鈺統一58購01","119,000","4","180,030","1.52","1.52","1.45","1.45","-","0.03","1.43","10","1.44","10","305.50",
="08112P","臺股指永豐52售01","0","0","0","--","--","--","--"," ","0.00","0.23","499","0.24","10","0.00",
="081130","雲豹統一55購02","3,000","1","720","0.24","0.24","0.24","0.24","X","0.00","0.23","10","0.24","10","119.00",
="081131","ITH統一55購01","0","0","0","--","--","--","--"," ","0.00","0.22","10","0.23","10","43.90",
="081132","達運光統一51購01","0","0","0","--","--","--","--"," ","0.00","0.35","10","0.40","10","95.50",
="081133","旺宏元富51購03","0","0","0","--","--","--","--"," ","0.00","2.45","25","--","0","26.75",
="081134","南亞科元富4B購01","11,000","1","42,790","3.89","3.89","3.89","3.89","X","0.00","2.53","65","4.20","499","81.00",
="081135","長榮元富55購03","0","0","0","--","--","--","--"," ","0.00","0.38","25","0.39","25","182.00",
="081136","亞光元富4B購01","0","0","0","--","--","--","--"," ","0.00","2.03","25","2.09","25","161.50",
="081137","亞光元富52購01","10,000","1","12,300","1.23","1.23","1.23","1.23","-","0.02","1.17","25","1.19","25","161.50",
="081138","大銀元富52購01","50,000","1","30,000","0.60","0.60","0.60","0.60"," ","0.00","0.58","25","0.59","25","120.00",
="081139","佳必琪元富51購01","2,000","1","5,500","2.75","2.75","2.75","2.75","-","0.03","2.69","25","2.79","10","160.00",
="08113P","SGBR2X元富4A售01","0","0","0","--","--","--","--"," ","0.00","1.69","25","1.79","10","0.00",
="081140","佳必琪元富51購02","35,000","3","61,460","1.74","1.76","1.74","1.76","+","0.01","1.72","25","1.74","25","160.00",
="081141","南亞科台新4B購01","0","0","0","--","--","--","--"," ","0.00","7.15","10","--","0","0.00",
="081142","中砂國泰4C購01","33,000","2","80,060","2.42","2.44","2.42","2.44","X","0.00","2.50","499","2.53","100","339.00",
="081143","陽明國泰4C購01","0","0","0","--","--","--","--"," ","0.00","0.13","499","0.14","100","55.20",
="081144","貿聯國泰4C購02","0","0","0","--","--","--","--"," ","0.00","8.00","10","8.30","10","1,085.00",
="081145","SP黃豆國票4B購01","70,000","2","16,800","0.24","0.24","0.24","0.24","-","0.06","0.23","25","0.24","10","19.68",
="081146","合機國票4B購01","7,000","2","7,540","1.08","1.08","1.07","1.07","+","0.01","1.06","25","1.07","10","46.95",
="081147","大成鋼國票4C購01","0","0","0","--","--","--","--"," ","0.00","1.00","25","1.02","10","37.90",
="081148","允強國票4C購01","5,000","1","200","0.04","0.04","0.04","0.04","X","0.00","0.04","25","0.05","10","19.75",
="081149","為升國票4C購01","23,000","5","56,100","2.54","2.54","2.31","2.49","-","0.81","2.32","25","2.42","10","130.00",
="08114P","大成鋼元富4A售02","0","0","0","--","--","--","--"," ","0.00","1.48","25","1.58","10","0.00",
="081150","華泰國票4C購01","100,000","1","281,000","2.81","2.81","2.81","2.81","-","0.01","2.77","25","2.80","10","47.70",
="081151","技嘉國票4B購01","0","0","0","--","--","--","--"," ","0.00","1.46","25","1.48","10","283.00",
="081152","技嘉國票4C購01","22,000","1","21,780","0.99","0.99","0.99","0.99","X","0.00","0.95","25","0.96","10","283.00",
="081153","威盛國票4C購01","0","0","0","--","--","--","--"," ","0.00","0.25","25","0.26","10","59.50",
="081154","長榮國票4C購05","0","0","0","--","--","--","--"," ","0.00","0.09","25","0.10","10","182.00",
="081155","萬海國票4C購02","0","0","0","--","--","--","--"," ","0.00","0.14","25","0.15","10","77.90",
="081156","富邦金國票4B購01","6,000","2","12,600","2.10","2.10","2.10","2.10","-","0.06","2.15","25","2.18","10","88.40",
="081157","凱基金國票51購01","200,000","1","40,000","0.20","0.20","0.20","0.20","X","0.00","0.19","25","0.20","10","15.00",
="081158","晶豪科國票4B購02","0","0","0","--","--","--","--"," ","0.00","--","0","--","0","81.00",
="081159","智原國票4C購02","0","0","0","--","--","--","--"," ","0.00","0.32","25","0.33","10","174.00",
="08115P","大成鋼元富51售01","81,000","1","93,150","1.15","1.15","1.15","1.15","X","0.00","1.20","25","1.21","25","0.00",
="081160","華晶科國票4C購02","10,000","1","26,600","2.66","2.66","2.66","2.66","X","0.00","2.55","25","2.61","10","52.80",
="081161","建漢國票4C購01","0","0","0","--","--","--","--"," ","0.00","0.34","25","0.35","10","24.10",
="081162","全科國票4B購01","2,000","1","780","0.39","0.39","0.39","0.39","-","0.04","0.39","25","0.40","10","31.70",
="081163","緯創國票51購02","299,000","16","259,140","0.85","0.90","0.80","0.80","X","0.00","0.79","25","0.80","10","122.50",
="081164","新日興國票4B購01","1,000","1","1,830","1.83","1.83","1.83","1.83","-","0.07","1.55","25","1.57","10","237.00",
="081166","達邁國票4C購01","122,000","5","210,720","1.75","1.78","1.72","1.72","X","0.00","1.60","25","1.61","10","73.10",
="081167","健策國票51購01","0","0","0","--","--","--","--"," ","0.00","7.10","25","7.25","10","2,355.00",
="081168","神達國票4C購01","0","0","0","--","--","--","--"," ","0.00","--","0","--","0","90.00",
="081169","時碩國票4B購01","0","0","0","--","--","--","--"," ","0.00","0.26","25","0.27","10","55.70",
="08116P","鴻海元富4A售08","0","0","0","--","--","--","--"," ","0.00","--","0","0.10","25","0.00",
="081171","訊連國票4C購03","0","0","0","--","--","--","--"," ","0.00","0.28","25","0.29","10","97.60",
="081172","東科國票4C購01","0","0","0","--","--","--","--"," ","0.00","1.62","25","1.67","10","112.50",
="081173","達興國票4B購01","0","0","0","--","--","--","--"," ","0.00","10.40","25","11.40","10","399.00",
="081174","祥碩國票4B購01","0","0","0","--","--","--","--"," ","0.00","0.15","25","0.16","10","1,525.00",
="081175","緯穎國票4C購04","24,000","10","68,970","2.70","2.98","2.70","2.85","-","0.05","2.82","25","2.85","9","3,140.00",
="081176","富世達國票4C購03","0","0","0","--","--","--","--"," ","0.00","9.25","25","9.70","10","1,010.00",
="081178","來億國票4B購01","0","0","0","--","--","--","--"," ","0.00","0.06","25","0.07","10","224.00",
="081179","來億國票4C購01","0","0","0","--","--","--","--"," ","0.00","0.11","25","0.12","10","224.00",
="08117P","臺股指元富4A售06","0","0","0","--","--","--","--"," ","0.00","--","0","0.10","25","0.00",
="081180","ITH國票4C購02","0","0","0","--","--","--","--"," ","0.00","0.09","25","0.10","10","43.90",
="081181","國企2X永豐4C購03","0","0","0","--","--","--","--"," ","0.00","0.44","499","0.45","10","11.65",
="081182","美債2X永豐54購02","0","0","0","--","--","--","--"," ","0.00","0.61","499","0.62","10","7.33",
="081183","和大永豐51購01","1,000","1","340","0.34","0.34","0.34","0.34","X","0.00","0.32","499","0.33","10","65.30",
="081184","中砂永豐52購02","29,000","2","54,360","1.86","1.89","1.86","1.89","X","0.00","1.89","499","1.92","10","339.00",
="081185","鴻海永豐4B購09","0","0","0","--","--","--","--"," ","0.00","2.94","499","2.99","10","221.00",
="081186","鴻海永豐4B購10","59,000","8","102,600","1.70","1.82","1.60","1.78","X","0.00","1.68","10","1.78","10","221.00",
="081187","華泰永豐4C購01","2,000","2","10,500","5.25","5.25","5.25","5.25","+","0.25","5.00","10","5.10","10","47.70",
="081188","技嘉永豐53購01","0","0","0","--","--","--","--"," ","0.00","1.88","10","1.90","10","283.00",
="081189","南亞科永豐51購02","0","0","0","--","--","--","--"," ","0.00","2.90","3","--","0","81.00",
="08118P","臺股指元富51售05","60,000","2","7,500","0.13","0.13","0.12","0.12","-","0.02","0.11","55","0.12","25","0.00",
="081191","京元電永豐52購01","0","0","0","--","--","--","--"," ","0.00","3.96","499","4.04","10","167.00",
="081193","皇昌永豐4B購01","0","0","0","--","--","--","--"," ","0.00","0.12","10","0.13","10","72.70",
="081194","陽明永豐52購01","0","0","0","--","--","--","--"," ","0.00","0.56","499","0.57","10","55.20",
="081195","晶豪科永豐4C購01","17,000","6","84,800","5.35","5.35","4.69","4.69","-","0.71","5.20","10","5.50","10","81.00",
="081196","緯創永豐53購01","136,000","14","120,080","0.86","0.94","0.84","0.93","+","0.14","0.85","10","0.86","10","122.50",
="081197","嘉澤永豐4C購02","0","0","0","--","--","--","--"," ","0.00","1.62","499","1.67","10","1,605.00",
="081198","世芯永豐55購02","0","0","0","--","--","--","--"," ","0.00","3.41","499","3.44","10","3,700.00",
="081199","日月光永豐51購01","4,000","1","68,400","17.10","17.10","17.10","17.10","+","1.10","16.50","10","16.90","10","174.50",
="08119P","臺股指元富51售06","0","0","0","--","--","--","--"," ","0.00","0.11","25","0.12","25","0.00",
="081200","精銳永豐4C購02","0","0","0","--","--","--","--"," ","0.00","0.46","10","0.48","10","695.00",
="081201","祥碩永豐51購01","0","0","0","--","--","--","--"," ","0.00","0.56","499","0.57","10","1,525.00",
="081202","ITH永豐52購01","0","0","0","--","--","--","--"," ","0.00","0.24","499","0.25","10","43.90",
="081203","達運光永豐4B購02","70,000","2","41,300","0.59","0.59","0.59","0.59","-","0.14","0.55","10","0.56","10","95.50",
="081204","臺股指永豐53購05","132,000","20","161,430","1.17","1.33","1.17","1.25","+","0.19","1.25","10","1.26","10","0.00",
="081205","T50反1凱基54購02","0","0","0","--","--","--","--"," ","0.00","0.04","100","0.05","10","18.29",
="081206","士電凱基4B購02","0","0","0","--","--","--","--"," ","0.00","0.33","10","0.35","10","183.00",
="081207","華城凱基53購01","9,000","2","27,450","2.97","3.06","2.97","3.06","-","0.09","2.96","100","3.06","10","586.00",
="081208","台積電凱基65購01","10,000","2","38,700","3.86","3.88","3.86","3.88","+","0.36","3.86","100","3.96","10","1,340.00",
="081209","華邦電凱基4C購02","1,000","1","10,900","10.90","10.90","10.90","10.90","+","1.50","11.10","50","--","0","36.45",
="08120P","臺股指元富54售01","0","0","0","--","--","--","--"," ","0.00","0.27","25","0.28","25","0.00",
="081210","皇昌凱基4B購03","0","0","0","--","--","--","--"," ","0.00","0.56","10","0.57","10","72.70",
="081211","雄獅凱基4B購01","0","0","0","--","--","--","--"," ","0.00","0.90","10","0.92","10","158.50",
="081212","晟銘電凱基4B購03","15,000","2","8,100","0.56","0.56","0.53","0.53","-","0.10","0.53","90","0.57","10","121.00",
="081213","奇鋐凱基4B購05","0","0","0","--","--","--","--"," ","0.00","7.80","100","8.05","10","1,015.00",
="081214","新日興凱基4B購04","47,000","5","66,120","1.45","1.45","1.26","1.26","-","0.19","1.31","10","1.41","10","237.00",
="081215","健策凱基4B購02","0","0","0","--","--","--","--"," ","0.00","7.30","100","--","0","2,355.00",
="081216","貿聯凱基4B購05","0","0","0","--","--","--","--"," ","0.00","7.20","100","7.70","10","1,085.00",
="081217","大銀凱基4C購02","200,000","3","33,500","0.15","0.18","0.15","0.18","-","0.03","0.14","100","0.15","30","120.00",
="081218","材料凱基4B購04","0","0","0","--","--","--","--"," ","0.00","0.08","100","0.09","50","66.40",
="081219","穎崴凱基4C購02","0","0","0","--","--","--","--"," ","0.00","6.30","100","6.80","10","2,015.00",
="08121P","台灣50元大4A售10","0","0","0","--","--","--","--"," ","0.00","--","0","0.10","10","0.00",
="081220","愛普凱基4B購02","950,000","13","3,503,200","3.75","3.75","3.52","3.72","-","0.06","3.75","100","3.84","10","344.00",
="081221","緯穎凱基53購02","0","0","0","--","--","--","--"," ","0.00","4.22","100","4.32","10","3,140.00",
="081222","來億凱基4B購01","0","0","0","--","--","--","--"," ","0.00","0.03","10","0.05","50","224.00",
="081223","臺股指凱基4B購29","0","0","0","--","--","--","--"," ","0.00","6.85","100","6.90","10","0.00",
="081224","香港2X元大4C購02","0","0","0","--","--","--","--"," ","0.00","3.09","499","3.15","10","18.02",
="081225","A50正2元大51購01","0","0","0","--","--","--","--"," ","0.00","1.97","499","1.98","100","32.79",
="081226","FB臺反元大4C購01","0","0","0","--","--","--","--"," ","0.00","0.01","599","0.11","10","10.05",
="081227","FB臺反元大4C購02","700,000","2","14,000","0.02","0.02","0.02","0.02","X","0.00","0.02","100","0.12","10","10.05",
="081228","元債2X元大51購03","740,000","4","599,400","0.81","0.81","0.81","0.81"," ","0.00","0.80","250","0.81","100","7.35",
="081229","元債2X元大53購04","0","0","0","--","--","--","--"," ","0.00","0.53","250","0.54","100","7.35",
="08122P","T50正2元大4A售04","0","0","0","--","--","--","--"," ","0.00","--","0","0.10","10","0.00",
="081230","南亞元大4B購01","29,000","6","45,910","1.62","1.84","1.20","1.20","-","0.17","1.20","7","1.24","10","39.80",
="081231","中砂元大4B購04","266,000","6","304,310","1.12","1.25","1.12","1.25","X","0.00","1.12","499","1.16","10","339.00",
="081232","直得元大4B購02","0","0","0","--","--","--","--"," ","0.00","0.04","499","0.14","10","81.30",
="081233","上銀元大4B購10","0","0","0","--","--","--","--"," ","0.00","0.07","499","0.08","10","217.50",
="081234","上銀元大4B購11","0","0","0","--","--","--","--"," ","0.00","0.21","499","0.22","10","217.50",
="081235","上銀元大4B購12","0","0","0","--","--","--","--"," ","0.00","0.28","499","0.29","10","217.50",
="081236","宇隆元大4B購01","23,000","4","54,010","2.12","2.58","2.12","2.49","+","0.13","2.06","300","2.14","10","217.00",
="081237","台積電元大51購37","4,000","4","7,470","1.84","1.95","1.84","1.95","+","0.27","0.15","66","--","0","1,340.00",
="081238","佳能元大4B購01","5,000","2","79,200","15.60","15.90","15.60","15.90","X","0.00","15.40","50","15.90","10","88.80",
="081239","聯發科元大51購19","120,000","2","118,800","0.99","0.99","0.99","0.99","-","0.13","0.95","499","0.97","10","1,375.00",
="08123P","T50正2元大4A售05","0","0","0","--","--","--","--"," ","0.00","--","0","0.10","10","0.00",
="081240","萬海元大4C購02","0","0","0","--","--","--","--"," ","0.00","0.05","499","0.06","10","77.90",
="081241","長榮航元大54購03","25,000","3","26,900","1.08","1.08","1.07","1.08","-","0.05","1.10","499","1.11","10","38.85",
="081242","八方元大4B購02","12,000","1","9,960","0.83","0.83","0.83","0.83","X","0.00","0.79","499","0.84","10","205.00",
="081243","奇鋐元大54購04","29,000","3","282,550","9.80","9.80","9.25","9.25","+","0.40","8.70","100","8.80","10","1,015.00",
="081244","嘉澤元大54購01","0","0","0","--","--","--","--"," ","0.00","1.06","499","1.08","10","1,605.00",
="081245","貿聯元大51購02","0","0","0","--","--","--","--"," ","0.00","6.35","100","6.85","10","1,085.00",
="081246","貿聯元大54購03","45,000","5","339,750","7.75","7.75","7.35","7.35","-","0.20","6.85","100","--","0","1,085.00",
="081247","立積元大4B購03","130,000","5","149,600","1.14","1.17","1.14","1.17","-","0.11","1.15","25","1.19","10","151.50",
="081248","洋基元大4B購01","3,000","1","4,500","1.50","1.50","1.50","1.50","+","0.07","1.52","499","1.55","10","449.00",
="081249","虎航元大4B購03","0","0","0","--","--","--","--"," ","0.00","0.04","499","0.14","10","75.80",
="08124P","台積電元大4A售26","0","0","0","--","--","--","--"," ","0.00","--","0","0.01","50","0.00",
="081250","連加元大51購01","298,000","2","113,640","0.38","0.39","0.38","0.39","-","0.01","0.38","504","0.39","10","606.00",
="081251","長華元大4B購01","0","0","0","--","--","--","--"," ","0.00","0.06","499","0.07","10","40.60",
="081252","中砂元富4B購03","717,000","16","824,510","1.10","1.23","1.08","1.11","+","0.10","1.10","25","1.11","25","339.00",
="081253","台玻元富4C購01","0","0","0","--","--","--","--"," ","0.00","5.50","25","--","0","25.95",
="081254","志聖元富4B購01","33,000","5","64,430","1.84","2.09","1.84","1.97","+","0.23","1.76","25","1.86","10","197.00",
="081255","萬海元富4B購01","0","0","0","--","--","--","--"," ","0.00","0.03","25","0.10","10","77.90",
="081256","慧洋元富4B購01","0","0","0","--","--","--","--"," ","0.00","0.32","25","0.33","25","58.40",
="081257","建漢元富4C購01","25,000","6","22,560","0.93","0.95","0.87","0.87","-","0.08","0.86","25","0.87","25","24.10",
="081258","建漢元富4C購02","8,000","1","2,960","0.37","0.37","0.37","0.37","-","0.04","0.36","25","0.37","25","24.10",
="081259","訊芯元富4B購01","547,000","6","500,740","0.90","0.94","0.90","0.94","+","0.08","0.84","25","0.85","10","164.50",
="08125P","台積電元大4A售27","0","0","0","--","--","--","--"," ","0.00","--","0","0.10","10","0.00",
="081260","采鈺元富4B購01","0","0","0","--","--","--","--"," ","0.00","1.99","25","2.09","25","305.50",
="081261","香港2X國票51購02","0","0","0","--","--","--","--"," ","0.00","1.38","25","1.39","10","18.02",
="081262","A50正2國票4C購01","115,000","5","184,800","1.76","1.76","1.56","1.60","-","0.26","1.61","25","1.62","10","32.79",
="081263","和大國票4C購01","0","0","0","--","--","--","--"," ","0.00","0.76","25","0.78","10","65.30",
="081264","漢唐國票4C購02","0","0","0","--","--","--","--"," ","0.00","16.70","25","17.70","10","987.00",
="081265","瑞軒國票4C購01","0","0","0","--","--","--","--"," ","0.00","0.12","25","0.13","10","13.55",
="081266","晟銘電國票51購01","20,000","2","19,000","0.95","0.95","0.95","0.95","X","0.00","0.91","25","0.92","10","121.00",
="081267","群創國票4B購01","1,497,000","3","1,167,660","0.78","0.78","0.78","0.78","X","0.00","0.85","25","0.87","10","14.15",
="081268","群創國票4C購01","4,092,000","29","3,396,060","0.78","0.87","0.74","0.87","+","0.09","0.82","25","--","0","14.15",
="081269","世芯國票4B購02","0","0","0","--","--","--","--"," ","0.00","3.95","25","4.05","10","3,700.00",
="08126P","臺股指元大4A售28","0","0","0","--","--","--","--"," ","0.00","--","0","0.10","10","0.00",
="081270","材料國票4C購02","0","0","0","--","--","--","--"," ","0.00","0.13","25","0.14","10","66.40",
="081271","保瑞國票4B購01","28,000","4","47,940","1.73","1.73","1.68","1.68","-","0.05","1.67","25","1.69","10","693.00",
="081272","保瑞國票51購01","11,000","2","18,230","1.73","1.73","1.65","1.65","-","0.10","1.68","25","1.70","10","693.00",
="081273","富世達國票4C購04","0","0","0","--","--","--","--"," ","0.00","9.40","25","9.70","10","1,010.00",
="081274","金融類國票4B購02","0","0","0","--","--","--","--"," ","0.00","2.45","499","2.46","399","0.00",
="081275","上銀國泰4C購01","0","0","0","--","--","--","--"," ","0.00","0.64","499","0.65","499","217.50",
="081276","鴻海國泰4C購03","0","0","0","--","--","--","--"," ","0.00","5.45","499","5.65","10","221.00",
="081277","台光電國泰4C購01","0","0","0","--","--","--","--"," ","0.00","11.80","499","--","0","1,345.00",
="081278","祥碩國泰4C購01","0","0","0","--","--","--","--"," ","0.00","0.27","499","0.28","100","1,525.00",
="081279","矽力國泰4C購01","0","0","0","--","--","--","--"," ","0.00","0.08","10","0.09","10","273.00",
="08127P","臺股指元大4A售29","0","0","0","--","--","--","--"," ","0.00","--","0","0.10","10","0.00",
="081280","國企2X富邦52購01","36,000","1","30,600","0.85","0.85","0.85","0.85"," ","0.00","0.77","100","0.78","98","0.00",
="081281","華碩富邦4B購01","361,000","11","255,330","0.70","0.72","0.68","0.70","+","0.02","0.67","30","0.68","10","0.00",
="081282","可成富邦4B購01","0","0","0","--","--","--","--"," ","0.00","0.03","30","0.04","10","0.00",
="081283","陽明富邦52購01","0","0","0","--","--","--","--"," ","0.00","0.05","10","0.10","10","0.00",
="081284","奇鋐富邦51購02","0","0","0","--","--","--","--"," ","0.00","3.00","10","3.10","10","0.00",
="081285","亞光富邦4C購01","229,000","7","154,080","0.71","0.71","0.66","0.67","-","0.07","0.65","30","0.66","28","0.00",
="081286","日電貿富邦4B購01","12,000","2","4,300","0.36","0.36","0.35","0.35","-","0.06","0.33","30","0.34","10","0.00",
="081287","緯創富邦4C購01","0","0","0","--","--","--","--"," ","0.00","0.50","30","0.52","28","0.00",
="081288","祥碩富邦51購01","0","0","0","--","--","--","--"," ","0.00","0.21","10","0.22","10","0.00",
="081289","帆宣富邦4B購01","0","0","0","--","--","--","--"," ","0.00","2.78","30","2.86","10","0.00",
="08128P","台灣50永豐4A售03","0","0","0","--","--","--","--"," ","0.00","--","0","0.10","10","0.00",
="081290","矽力富邦4C購02","0","0","0","--","--","--","--"," ","0.00","0.07","10","0.10","10","0.00",
="081291","緯穎富邦4C購02","119,000","3","165,940","1.38","1.41","1.38","1.41","-","0.07","1.36","30","1.37","28","0.00",
="081292","富世達富邦51購01","0","0","0","--","--","--","--"," ","0.00","3.13","10","3.23","10","0.00",
="081293","世紀鋼富邦4C購02","40,000","1","13,200","0.33","0.33","0.33","0.33","X","0.00","0.30","30","0.31","28","0.00",
="081294","鴻海中信4C購06","24,000","13","79,100","3.22","3.35","3.22","3.35","+","0.46","3.25","499","3.31","10","0.00",
="081295","台積電中信4C購08","17,000","2","46,310","2.63","2.83","2.63","2.83","+","0.66","2.73","499","2.83","10","0.00",
="081296","所羅門中信4C購01","0","0","0","--","--","--","--"," ","0.00","0.20","499","0.21","10","0.00",
="081297","漢唐中信4B購01","0","0","0","--","--","--","--"," ","0.00","--","0","--","0","0.00",
="081298","聯發科中信4C購05","49,000","2","21,960","0.48","0.48","0.44","0.44","X","0.00","0.37","499","0.39","10","0.00",
="081299","長榮中信51購04","0","0","0","--","--","--","--"," ","0.00","0.06","499","0.07","10","0.00",
="08129P","臺股指永豐51售01","0","0","0","--","--","--","--"," ","0.00","0.20","10","0.21","10","0.00",
="081300","亞光中信4B購01","234,000","4","119,440","0.52","0.52","0.51","0.51","-","0.02","0.46","10","0.47","10","0.00",
="081301","嘉澤中信4B購01","85,000","5","49,450","0.61","0.61","0.55","0.55","-","0.05","0.52","10","0.56","10","0.00",
="081302","富世達中信51購02","5,000","1","15,150","3.03","3.03","3.03","3.03","+","0.03","3.02","499","3.07","10","0.00",
="081303","羅昇中信4C購01","0","0","0","--","--","--","--"," ","0.00","0.14","499","0.15","10","0.00",
="081304","T50反1永豐4C購01","0","0","0","--","--","--","--"," ","0.00","0.01","10","0.09","10","18.29",
="081305","元債2X永豐55購02","0","0","0","--","--","--","--"," ","0.00","1.28","10","1.30","10","7.35",
="081306","國喬永豐51購01","0","0","0","--","--","--","--"," ","0.00","0.28","499","0.29","10","9.51",
="081307","中砂永豐53購01","145,000","21","2,645,500","17.70","19.60","17.40","18.50","+","1.50","18.10","10","18.30","10","339.00",
="081308","台積電永豐5A購02","0","0","0","--","--","--","--"," ","0.00","--","0","--","0","1,340.00",
="081309","所羅門永豐4B購01","0","0","0","--","--","--","--"," ","0.00","0.24","10","0.25","10","144.50",
="08130P","臺股指永豐51售02","0","0","0","--","--","--","--"," ","0.00","0.15","10","0.16","10","0.00",
="081310","漢唐永豐51購01","0","0","0","--","--","--","--"," ","0.00","10.40","499","10.70","10","987.00",
="081311","長榮永豐4B購03","0","0","0","--","--","--","--"," ","0.00","0.11","499","0.12","10","182.00",
="081312","萬海永豐4B購02","0","0","0","--","--","--","--"," ","0.00","0.03","10","0.04","10","77.90",
="081313","神基永豐51購01","0","0","0","--","--","--","--"," ","0.00","2.31","10","2.39","10","163.50",
="081314","亞光永豐52購01","114,000","4","836,900","7.35","7.35","7.15","7.15","-","0.60","7.15","11","7.25","10","161.50",
="081315","貿聯永豐4B購01","0","0","0","--","--","--","--"," ","0.00","4.97","499","5.35","10","1,085.00",
="081316","神達永豐51購02","67,000","8","452,000","6.80","6.80","6.40","6.60","+","0.40","6.65","499","6.90","10","90.00",
="081317","矽力永豐51購01","0","0","0","--","--","--","--"," ","0.00","0.22","10","0.23","10","273.00",
="081318","世紀鋼永豐52購02","31,000","2","26,480","0.86","0.86","0.80","0.80","+","0.01","0.78","10","0.79","10","171.50",
="081319","臺股指永豐4B購10","0","0","0","--","--","--","--"," ","0.00","2.63","499","2.64","10","0.00",
="08131P","台灣50兆豐54售01","0","0","0","--","--","--","--"," ","0.00","0.68","10","0.69","10","0.00",
="081320","緯穎第一55購02","0","0","0","--","--","--","--"," ","0.00","0.99","10","1.01","10","0.00",
="081321","鴻海群益4B購08","0","0","0","--","--","--","--"," ","0.00","--","0","3.66","10","221.00",
="081322","祥碩群益51購01","0","0","0","--","--","--","--"," ","0.00","0.10","299","--","0","1,525.00",
="081323","ITH群益4C購01","0","0","0","--","--","--","--"," ","0.00","0.15","10","0.25","10","43.90",
="081324","臺股指群益4B購34","1,000","1","5,450","5.45","5.45","5.45","5.45","X","0.00","5.45","499","--","0","0.00",
="081325","臺股指群益4B購35","0","0","0","--","--","--","--"," ","0.00","4.64","499","--","0","0.00",
="081326","臺股指群益4B購36","0","0","0","--","--","--","--"," ","0.00","3.88","499","--","0","0.00",
="081327","臺股指群益4B購37","0","0","0","--","--","--","--"," ","0.00","4.32","499","4.42","10","0.00",
="081328","臺股指群益58購01","0","0","0","--","--","--","--"," ","0.00","4.71","499","4.72","499","0.00",
="081329","華新統一55購01","60,000","2","41,300","0.69","0.69","0.64","0.64","-","0.04","0.64","10","0.65","10","24.05",
="08132P","宇隆國票4B售03","0","0","0","--","--","--","--"," ","0.00","0.01","25","0.05","10","0.00",
="081330","台達電統一54購01","0","0","0","--","--","--","--"," ","0.00","5.15","10","5.65","10","893.00",
="081331","鴻海統一52購03","11,000","4","19,100","1.70","1.75","1.70","1.75","+","0.14","1.73","10","1.74","10","221.00",
="081332","華泰統一55購01","40,000","4","44,000","1.12","1.12","1.08","1.08","-","0.06","1.08","10","1.09","10","47.70",
="081333","華泰統一55購02","0","0","0","--","--","--","--"," ","0.00","0.91","10","0.92","10","47.70",
="081334","台積電統一52購08","10,000","2","21,650","2.15","2.18","2.15","2.18","+","0.20","2.17","10","2.20","10","1,340.00",
="081335","華邦電統一4C購03","3,000","2","12,360","4.12","4.12","4.12","4.12","X","0.00","4.67","10","4.73","10","36.45",
="081336","金像電統一54購01","88,000","5","325,610","3.70","3.71","3.68","3.69","+","0.14","3.60","10","3.61","10","455.00",
="081337","技嘉統一54購01","86,000","4","70,720","0.82","0.83","0.82","0.83","+","0.03","0.81","10","0.82","10","283.00",
="081338","技嘉統一55購02","839,000","12","838,570","1.00","1.01","0.99","1.00","+","0.01","0.99","10","1.00","10","283.00",
="081339","台光電統一52購01","0","0","0","--","--","--","--"," ","0.00","3.12","10","3.18","10","1,345.00",
="08133P","永崴控國票4B售01","0","0","0","--","--","--","--"," ","0.00","1.70","25","1.72","10","0.00",
="081340","京元電統一55購01","64,000","7","122,390","1.94","1.94","1.89","1.92","-","0.04","1.88","10","1.90","10","167.00",
="081341","皇昌統一52購07","0","0","0","--","--","--","--"," ","0.00","0.57","10","0.58","10","72.70",
="081342","長榮統一52購03","0","0","0","--","--","--","--"," ","0.00","0.29","10","0.30","10","182.00",
="081343","長榮統一53購03","0","0","0","--","--","--","--"," ","0.00","0.12","10","0.13","10","182.00",
="081344","長榮統一54購01","0","0","0","--","--","--","--"," ","0.00","0.11","10","0.12","10","182.00",
="081345","陽明統一52購04","0","0","0","--","--","--","--"," ","0.00","0.18","10","0.19","10","55.20",
="081346","陽明統一53購04","0","0","0","--","--","--","--"," ","0.00","0.11","10","0.12","10","55.20",
="081347","聯發科凱基4A購01","0","0","0","--","--","--","--"," ","0.00","0.18","100","0.19","10","1,375.00",
="081348","萬海統一52購03","0","0","0","--","--","--","--"," ","0.00","0.21","10","0.22","10","77.90",
="081349","萬海統一54購01","50,000","1","5,000","0.10","0.10","0.10","0.10","X","0.00","0.09","10","0.10","10","77.90",
="08134P","永崴控國票4C售01","0","0","0","--","--","--","--"," ","0.00","0.94","25","0.95","10","0.00",
="081350","晶豪科統一55購01","206,000","7","257,600","1.26","1.27","1.19","1.22","-","0.04","1.25","10","1.26","10","81.00",
="081351","晟銘電統一52購06","0","0","0","--","--","--","--"," ","0.00","0.64","10","0.65","10","121.00",
="081352","奇鋐統一52購04","0","0","0","--","--","--","--"," ","0.00","2.63","10","2.71","10","1,015.00",
="081353","奇鋐統一55購03","0","0","0","--","--","--","--"," ","0.00","2.27","10","2.32","10","1,015.00",
="081354","奇鋐統一55購04","0","0","0","--","--","--","--"," ","0.00","1.82","10","1.83","10","1,015.00",
="081355","亞光統一53購01","86,000","3","90,810","1.06","1.06","1.05","1.05","+","0.02","0.99","10","1.00","10","161.50",
="081356","亞光統一54購02","278,000","5","247,420","0.89","0.89","0.89","0.89","-","0.01","0.85","10","0.86","10","161.50",
="081357","緯創統一52購04","502,000","18","356,440","0.68","0.74","0.68","0.73","+","0.09","0.66","10","0.67","10","122.50",
="081358","緯創統一54購01","270,000","8","190,280","0.70","0.73","0.69","0.73","X","0.00","0.67","10","0.68","10","122.50",
="081359","緯創統一55購04","9,000","1","4,410","0.49","0.49","0.49","0.49","X","0.00","0.47","20","0.48","10","122.50",
="08135P","台積電凱基4A售44","0","0","0","--","--","--","--"," ","0.00","--","0","0.10","10","0.00",
="081360","京鼎統一56購01","385,000","11","269,090","0.69","0.73","0.68","0.68"," ","0.00","0.68","10","0.69","10","306.00",
="081361","華擎統一52購02","0","0","0","--","--","--","--"," ","0.00","1.20","10","1.22","10","278.00",
="081362","華擎統一55購02","2,000","2","2,780","1.39","1.39","1.39","1.39","-","0.03","1.37","10","1.39","9","278.00",
="081363","健策統一52購04","0","0","0","--","--","--","--"," ","0.00","2.75","10","2.78","10","2,355.00",
="081364","世芯統一52購05","43,000","5","55,030","1.29","1.29","1.20","1.20","-","0.12","1.20","10","1.21","10","3,700.00",
="081365","大銀統一51購01","0","0","0","--","--","--","--"," ","0.00","0.21","10","0.22","10","120.00",
="081366","大銀統一55購02","50,000","1","16,500","0.33","0.33","0.33","0.33","X","0.00","0.31","10","0.32","10","120.00",
="081367","訊芯統一54購02","1,337,000","26","1,162,090","0.84","0.89","0.83","0.83"," ","0.00","0.79","10","0.80","10","164.50",
="081368","緯穎統一52購04","85,000","3","139,270","1.63","1.65","1.63","1.65","-","0.11","1.60","10","1.62","10","3,140.00",
="081369","龍德船統一55購03","0","0","0","--","--","--","--"," ","0.00","1.40","10","1.41","10","151.50",
="08136P","漢翔凱基4B售01","0","0","0","--","--","--","--"," ","0.00","--","0","0.02","50","0.00",
="081370","志強統一55購01","390,000","11","219,900","0.57","0.58","0.53","0.53","-","0.06","0.54","10","0.55","10","104.50",
="081371","采鈺統一55購04","0","0","0","--","--","--","--"," ","0.00","1.18","10","1.19","10","305.50",
="081372","達運光統一55購02","54,000","7","27,530","0.53","0.53","0.50","0.50","-","0.07","0.48","10","0.49","10","95.50",
="081373","南電統一55購02","0","0","0","--","--","--","--"," ","0.00","3.48","10","3.49","10","234.50",
="081374","皇昌台新4B購01","0","0","0","--","--","--","--"," ","0.00","0.51","20","0.52","10","0.00",
="081375","祥碩台新4B購01","0","0","0","--","--","--","--"," ","0.00","0.06","10","0.16","10","0.00",
="081376","緯穎台新4B購02","0","0","0","--","--","--","--"," ","0.00","2.52","10","2.55","10","0.00",
="081377","日本反元大51購01","2,000","1","320","0.16","0.16","0.16","0.16"," ","0.00","0.16","250","0.17","100","5.00",
="081378","美指反元大4C購01","0","0","0","--","--","--","--"," ","0.00","0.47","250","0.48","100","15.86",
="081379","台積電元大54購07","0","0","0","--","--","--","--"," ","0.00","0.19","5","3.79","2","1,340.00",
="08137P","亞翔凱基4A售01","0","0","0","--","--","--","--"," ","0.00","--","0","0.01","30","0.00",
="081380","金像電元大4B購04","0","0","0","--","--","--","--"," ","0.00","8.95","100","--","0","455.00",
="081381","聯發科元大51購20","204,000","3","108,320","0.53","0.54","0.53","0.53","X","0.00","0.50","499","0.51","10","1,375.00",
="081382","皇昌元大51購03","0","0","0","--","--","--","--"," ","0.00","0.40","499","0.41","10","72.70",
="081383","長榮元大51購13","0","0","0","--","--","--","--"," ","0.00","0.09","499","0.10","10","182.00",
="081384","長榮元大54購02","0","0","0","--","--","--","--"," ","0.00","0.39","499","0.40","10","182.00",
="081385","萬海元大4B購04","0","0","0","--","--","--","--"," ","0.00","0.01","499","0.11","10","77.90",
="081386","緯創元大54購02","6,000","1","9,360","1.56","1.56","1.56","1.56","+","0.10","1.51","499","1.54","10","122.50",
="081387","嘉澤元大54購02","0","0","0","--","--","--","--"," ","0.00","1.14","499","1.15","10","1,605.00",
="081388","牧德元大51購01","1,000","1","410","0.41","0.41","0.41","0.41"," ","0.00","0.39","25","0.40","10","544.00",
="081389","貿聯元大4C購01","0","0","0","--","--","--","--"," ","0.00","8.10","100","--","0","1,085.00",
="08138P","臺股指凱基4A售26","0","0","0","--","--","--","--"," ","0.00","--","0","--","0","0.00",
="081390","貿聯元大51購03","0","0","0","--","--","--","--"," ","0.00","6.85","100","--","0","1,085.00",
="081391","立積元大4B購04","0","0","0","--","--","--","--"," ","0.00","0.76","25","0.78","10","151.50",
="081392","GIS元大4B購01","10,000","1","27,400","2.74","2.74","2.74","2.74","X","0.00","2.22","300","2.32","10","63.40",
="081393","緯穎元大51購06","46,000","4","159,480","3.46","3.50","3.38","3.38","-","0.05","3.35","250","3.37","10","3,140.00",
="081394","緯穎元大54購06","10,000","1","10,800","1.08","1.08","1.08","1.08","-","0.01","1.07","509","1.08","10","3,140.00",
="081395","FB台50凱基4B購01","0","0","0","--","--","--","--"," ","0.00","5.55","100","5.60","50","136.30",
="081396","T50反1凱基4B購05","0","0","0","--","--","--","--"," ","0.00","0.01","50","0.02","10","18.29",
="081397","上証2X凱基4B購03","13,000","2","16,310","1.43","1.43","1.05","1.05","X","0.00","1.08","100","1.09","50","47.20",
="081398","中502X凱基51購03","0","0","0","--","--","--","--"," ","0.00","2.71","100","2.72","50","13.10",
="081399","宇隆凱基4C購01","20,000","1","51,000","2.55","2.55","2.55","2.55","-","0.19","2.50","100","2.55","10","217.00",
="08139P","臺股指凱基4A售27","0","0","0","--","--","--","--"," ","0.00","--","0","--","0","0.00",
="081400","台積電凱基65購02","2,000","2","8,800","4.35","4.45","4.35","4.45","+","0.30","4.38","23","4.48","10","1,340.00",
="081401","技嘉凱基4C購01","0","0","0","--","--","--","--"," ","0.00","0.58","100","0.59","10","283.00",
="081402","漢唐凱基51購01","0","0","0","--","--","--","--"," ","0.00","20.80","10","21.80","10","987.00",
="081403","陽明凱基4C購04","0","0","0","--","--","--","--"," ","0.00","0.13","100","0.14","50","55.20",
="081404","萬海凱基4B購03","0","0","0","--","--","--","--"," ","0.00","0.01","100","0.11","10","77.90",
="081405","萬海凱基4B購04","0","0","0","--","--","--","--"," ","0.00","0.02","100","0.12","10","77.90",
="081406","緯創凱基4B購04","0","0","0","--","--","--","--"," ","0.00","0.38","100","0.40","10","122.50",
="081407","嘉澤凱基4B購04","0","0","0","--","--","--","--"," ","0.00","1.96","10","2.01","10","1,605.00",
="081408","貿聯凱基4B購06","0","0","0","--","--","--","--"," ","0.00","8.00","100","8.50","10","1,085.00",
="081409","祥碩凱基4B購04","0","0","0","--","--","--","--"," ","0.00","0.02","100","0.12","10","1,525.00",
="08140P","臺股指凱基52售04","20,000","1","18,600","0.93","0.93","0.93","0.93","X","0.00","0.92","100","0.93","10","0.00",
="081410","保瑞凱基4B購01","76,000","5","91,070","1.22","1.29","1.17","1.20","-","0.14","1.20","10","1.23","10","693.00",
="081411","志強凱基4B購01","50,000","1","12,500","0.25","0.25","0.25","0.25","+","0.01","0.22","100","0.23","10","104.50",
="081412","ITH凱基4B購01","0","0","0","--","--","--","--"," ","0.00","0.08","100","0.10","50","43.90",
="081413","臺股指凱基53購06","0","0","0","--","--","--","--"," ","0.00","3.71","100","3.72","10","0.00",
="081414","士電永豐4C購01","0","0","0","--","--","--","--"," ","0.00","1.46","10","1.48","10","183.00",
="081415","中興電永豐4C購02","0","0","0","--","--","--","--"," ","0.00","0.76","499","0.78","10","159.00",
="081416","中興電永豐52購01","11,000","2","117,600","10.70","10.70","10.60","10.60","-","0.90","10.40","10","10.60","10","159.00",
="081417","中砂永豐4C購01","0","0","0","--","--","--","--"," ","0.00","1.15","499","1.16","10","339.00",
="081418","川湖永豐51購01","0","0","0","--","--","--","--"," ","0.00","3.63","499","--","0","3,220.00",
="081419","仁寶永豐4C購01","120,000","9","202,900","1.71","1.81","1.53","1.53","+","0.10","1.53","10","1.60","10","31.40",
="08141P","T50正2群益4A售05","0","0","0","--","--","--","--"," ","0.00","--","0","--","0","0.00",
="081420","大同永豐55購01","0","0","0","--","--","--","--"," ","0.00","1.49","499","1.50","10","39.85",
="081421","美律永豐51購01","1,000","1","550","0.55","0.55","0.55","0.55","X","0.00","0.54","499","0.55","10","104.00",
="081422","裕民永豐51購02","0","0","0","--","--","--","--"," ","0.00","1.21","10","1.22","10","55.30",
="081423","陽明永豐4B購04","0","0","0","--","--","--","--"," ","0.00","0.04","499","0.05","10","55.20",
="081424","陽明永豐51購03","0","0","0","--","--","--","--"," ","0.00","0.23","499","0.24","10","55.20",
="081425","雄獅永豐4C購01","0","0","0","--","--","--","--"," ","0.00","0.88","499","0.90","10","158.50",
="081426","神達永豐4B購03","0","0","0","--","--","--","--"," ","0.00","10.40","499","10.90","10","90.00",
="081427","帆宣永豐51購01","0","0","0","--","--","--","--"," ","0.00","4.62","499","4.72","10","255.00",
="081428","世紀鋼永豐4B購03","0","0","0","--","--","--","--"," ","0.00","0.42","499","0.43","10","171.50",
="081429","上証2X群益4B購02","0","0","0","--","--","--","--"," ","0.00","0.33","4","--","0","47.20",
="08142P","T50正2群益4B售01","0","0","0","--","--","--","--"," ","0.00","0.04","25","0.05","10","0.00",
="081430","元債2X群益55購01","0","0","0","--","--","--","--"," ","0.00","0.68","25","0.69","10","7.35",
="081431","中502X群益4B購03","0","0","0","--","--","--","--"," ","0.00","2.29","25","2.30","10","13.10",
="081432","中興電群益51購01","0","0","0","--","--","--","--"," ","0.00","0.53","100","0.54","100","159.00",
="081433","技嘉群益4B購01","80,000","7","106,950","1.34","1.34","1.33","1.33","+","0.01","1.30","10","1.40","10","283.00",
="081434","長榮群益4B購04","0","0","0","--","--","--","--"," ","0.00","0.01","100","0.03","100","182.00",
="081435","陽明群益4C購06","0","0","0","--","--","--","--"," ","0.00","0.06","100","0.07","100","55.20",
="081436","萬海群益4C購01","0","0","0","--","--","--","--"," ","0.00","0.05","10","0.15","10","77.90",
="081437","萬海群益51購02","0","0","0","--","--","--","--"," ","0.00","0.08","10","0.18","10","77.90",
="081438","亞光群益4C購05","36,000","3","30,000","0.85","0.85","0.81","0.81","-","0.06","0.79","100","0.81","100","161.50",
="081439","新日興群益4B購02","129,000","11","259,100","2.08","2.15","1.82","1.82","-","0.23","1.79","3","--","0","237.00",
="08143P","台灣50元富4A售07","0","0","0","--","--","--","--"," ","0.00","--","0","0.10","25","0.00",
="081440","嘉澤群益4B購05","0","0","0","--","--","--","--"," ","0.00","0.43","116","--","0","1,605.00",
="081441","牧德群益4C購02","0","0","0","--","--","--","--"," ","0.00","0.74","10","0.84","10","544.00",
="081442","健策群益4B購02","0","0","0","--","--","--","--"," ","0.00","--","0","6.10","10","2,355.00",
="081443","神達群益4B購03","0","0","0","--","--","--","--"," ","0.00","--","0","4.32","10","90.00",
="081446","士電統一49購01","0","0","0","--","--","--","--"," ","0.00","--","0","0.01","20","183.00",
="081447","材料群益4B購07","0","0","0","--","--","--","--"," ","0.00","0.08","10","0.18","10","66.40",
="081448","中租群益4B購01","0","0","0","--","--","--","--"," ","0.00","--","0","--","0","118.00",
="081449","穎崴群益4B購03","0","0","0","--","--","--","--"," ","0.00","8.45","10","--","0","2,015.00",
="08144P","T50正2元富4A售04","0","0","0","--","--","--","--"," ","0.00","--","0","0.10","25","0.00",
="081450","緯穎群益4B購06","0","0","0","--","--","--","--"," ","0.00","5.95","199","6.45","10","3,140.00",
="081452","中興電凱基4B購03","0","0","0","--","--","--","--"," ","0.00","0.13","100","0.14","10","159.00",
="081453","金像電凱基4B購04","0","0","0","--","--","--","--"," ","0.00","14.30","100","15.30","10","455.00",
="081454","漢唐凱基4C購03","0","0","0","--","--","--","--"," ","0.00","22.10","10","23.10","10","987.00",
="081455","聯發科統一4A購02","0","0","0","--","--","--","--"," ","0.00","0.26","10","0.36","10","1,375.00",
="081457","聯發科凱基4B購04","1,355,000","6","100,840","0.09","0.09","0.07","0.07","-","0.03","0.06","100","0.10","10","1,375.00",
="081458","瑞軒凱基4C購01","0","0","0","--","--","--","--"," ","0.00","0.29","10","0.30","10","13.55",
="081459","皇昌凱基51購03","0","0","0","--","--","--","--"," ","0.00","0.36","10","0.37","50","72.70",
="08145P","道瓊銀元富4A售02","0","0","0","--","--","--","--"," ","0.00","--","0","0.10","10","0.00",
="081460","長榮凱基54購01","0","0","0","--","--","--","--"," ","0.00","0.21","100","0.22","30","182.00",
="081461","陽明凱基4B購01","0","0","0","--","--","--","--"," ","0.00","0.06","100","0.16","10","55.20",
="081462","萬海凱基4B購05","0","0","0","--","--","--","--"," ","0.00","--","0","0.10","10","77.90",
="081465","亞光凱基4B購05","12,000","2","8,840","0.77","0.77","0.69","0.69","-","0.11","0.68","499","0.69","30","161.50",
="081466","日電貿凱基4B購01","58,000","4","48,110","0.84","0.84","0.80","0.80","-","0.14","0.78","10","0.79","10","74.80",
="081467","嘉澤凱基54購01","20,000","1","30,000","1.50","1.50","1.50","1.50","-","0.03","1.46","10","1.48","10","1,605.00",
="081468","GIS凱基4B購02","0","0","0","--","--","--","--"," ","0.00","2.18","10","2.26","10","63.40",
="081469","羅昇凱基4B購01","72,000","2","23,040","0.32","0.32","0.32","0.32","-","0.02","0.27","100","0.28","10","99.50",
="08146P","保瑞元富4A售04","0","0","0","--","--","--","--"," ","0.00","--","0","0.10","25","0.00",
="081470","電子類凱基4B購01","0","0","0","--","--","--","--"," ","0.00","7.75","10","7.80","10","0.00",
="081471","金融類凱基4B購01","0","0","0","--","--","--","--"," ","0.00","1.73","10","1.75","10","0.00",
="081476","士電統一55購04","32,000","2","18,240","0.57","0.57","0.57","0.57","X","0.00","0.57","10","0.58","10","183.00",
="081477","士電統一55購05","0","0","0","--","--","--","--"," ","0.00","0.49","10","0.50","10","183.00",
="081478","中興電統一56購01","0","0","0","--","--","--","--"," ","0.00","0.68","10","0.69","10","159.00",
="081479","中砂統一5B購01","113,000","5","70,060","0.62","0.62","0.62","0.62","+","0.04","0.60","10","0.61","10","339.00",
="08147P","台灣50元大4A售12","0","0","0","--","--","--","--"," ","0.00","--","0","0.10","10","0.00",
="081482","上銀統一53購03","0","0","0","--","--","--","--"," ","0.00","0.34","10","0.35","10","217.50",
="081483","智邦統一55購01","201,000","6","212,050","1.05","1.07","1.05","1.05","+","0.05","1.03","10","1.04","10","1,005.00",
="081484","大同統一55購02","98,000","6","72,360","0.73","0.75","0.73","0.74","X","0.00","0.74","10","0.75","10","39.85",
="081485","大同統一5B購01","23,000","1","14,720","0.64","0.64","0.64","0.64","-","0.01","0.65","10","0.66","10","39.85",
="081486","技嘉統一55購03","50,000","1","25,000","0.50","0.50","0.50","0.50","+","0.01","0.49","41","0.50","10","283.00",
="081487","京元電統一55購02","0","0","0","--","--","--","--"," ","0.00","1.54","10","1.55","10","167.00",
="081488","萬海統一55購03","0","0","0","--","--","--","--"," ","0.00","0.14","10","0.15","10","77.90",
="081489","萬海統一5B購01","0","0","0","--","--","--","--"," ","0.00","0.25","10","0.26","10","77.90",
="08148P","T50正2元大4A售07","0","0","0","--","--","--","--"," ","0.00","--","0","0.10","10","0.00",
="081490","雄獅統一55購01","0","0","0","--","--","--","--"," ","0.00","0.45","10","0.46","10","158.50",
="081491","亞光統一5B購01","0","0","0","--","--","--","--"," ","0.00","0.70","10","0.71","10","161.50",
="081492","牧德統一55購01","0","0","0","--","--","--","--"," ","0.00","0.56","10","0.57","10","544.00",
="081493","辛耘統一55購02","455,000","19","574,640","1.23","1.30","1.21","1.22","+","0.11","1.20","10","1.21","10","388.00",
="081494","碩天統一52購02","0","0","0","--","--","--","--"," ","0.00","0.28","10","0.29","10","217.00",
="081495","精銳統一58購01","0","0","0","--","--","--","--"," ","0.00","0.42","10","0.43","10","695.00",
="081496","祥碩統一55購01","0","0","0","--","--","--","--"," ","0.00","0.24","10","0.25","10","1,525.00",
="081497","龍德船統一55購04","0","0","0","--","--","--","--"," ","0.00","1.06","10","1.07","10","151.50",
="081498","志強統一55購02","103,000","3","42,860","0.42","0.42","0.40","0.40","-","0.04","0.39","10","0.40","10","104.50",
="081499","ITH統一55購02","0","0","0","--","--","--","--"," ","0.00","0.25","10","0.26","10","43.90",
="08149P","T50正2元大4A售08","0","0","0","--","--","--","--"," ","0.00","--","0","0.10","10","0.00",
="081500","A50中信52購01","0","0","0","--","--","--","--"," ","0.00","0.72","499","0.73","100","0.00",
="081501","道瓊反中信53購01","0","0","0","--","--","--","--"," ","0.00","0.23","499","0.24","100","0.00",
="081502","長榮中信53購01","0","0","0","--","--","--","--"," ","0.00","0.05","10","0.06","10","0.00",
="081503","T50反1元富4B購04","0","0","0","--","--","--","--"," ","0.00","--","0","0.10","25","18.29",
="081504","SGBR2X元富4B購04","0","0","0","--","--","--","--"," ","0.00","1.55","25","1.56","25","10.98",
="081505","中興電元富54購01","0","0","0","--","--","--","--"," ","0.00","0.79","25","0.80","25","159.00",
="081506","上銀元富4B購02","15,000","1","17,400","1.16","1.16","1.16","1.16"," ","0.00","1.01","25","1.03","25","217.50",
="081507","致茂元富4B購01","0","0","0","--","--","--","--"," ","0.00","5.75","25","6.25","25","614.00",
="081508","長榮元富55購04","0","0","0","--","--","--","--"," ","0.00","0.40","25","0.41","25","182.00",
="081509","健和興元富4B購01","21,000","1","5,040","0.24","0.24","0.24","0.24","-","0.01","0.23","25","0.24","25","53.70",
="08150P","群臺2X元大4A售01","0","0","0","--","--","--","--"," ","0.00","--","0","0.10","12","0.00",
="081510","創意元富4B購02","0","0","0","--","--","--","--"," ","0.00","0.96","25","--","0","1,315.00",
="081511","神達元富4B購02","12,000","2","55,610","4.65","4.65","4.46","4.46","+","0.11","4.65","25","4.75","25","90.00",
="081512","定穎控元富4B購01","0","0","0","--","--","--","--"," ","0.00","7.75","25","--","0","90.10",
="081513","樺漢元富4B購01","40,000","1","29,200","0.73","0.73","0.73","0.73","X","0.00","0.72","25","0.73","25","299.00",
="081514","緯穎元富55購02","0","0","0","--","--","--","--"," ","0.00","2.16","25","2.18","25","3,140.00",
="081515","復盛元富4B購01","0","0","0","--","--","--","--"," ","0.00","0.11","25","0.12","25","265.00",
="081516","洋基元富4B購01","33,000","3","43,950","1.34","1.37","1.31","1.37","+","0.11","1.33","25","1.43","10","449.00",
="081517","泰金寶元富4C購01","0","0","0","--","--","--","--"," ","0.00","0.27","25","0.28","25","6.02",
="081518","臺股指元富4B購10","0","0","0","--","--","--","--"," ","0.00","4.81","25","4.91","25","0.00",
="081519","臺股指元富4B購11","0","0","0","--","--","--","--"," ","0.00","5.15","25","5.20","25","0.00",
="08151P","技嘉元大4A售01","0","0","0","--","--","--","--"," ","0.00","--","0","0.10","10","0.00",
="081520","臺股指元富4B購12","0","0","0","--","--","--","--"," ","0.00","4.72","25","4.73","25","0.00",
="081521","臺股指元富4B購13","0","0","0","--","--","--","--"," ","0.00","4.56","25","4.57","25","0.00",
="081522","S&P反1國票53購01","0","0","0","--","--","--","--"," ","0.00","0.24","25","0.25","10","4.41",
="081523","S&P反1國票55購01","1,600,000","7","192,000","0.12","0.12","0.12","0.12","-","0.01","0.12","25","0.13","10","4.41",
="081524","元債2X國票4C購01","0","0","0","--","--","--","--"," ","0.00","0.47","25","0.48","10","7.35",
="081525","美債2X國票4B購01","0","0","0","--","--","--","--"," ","0.00","0.59","25","0.60","10","7.33",
="081526","中興電國票4C購01","0","0","0","--","--","--","--"," ","0.00","0.51","25","0.52","10","159.00",
="081527","合機國票4C購01","2,000","1","1,480","0.74","0.74","0.74","0.74"," ","0.00","0.74","25","0.75","10","46.95",
="081528","仁寶國票4C購01","380,000","12","568,700","1.55","1.59","1.41","1.42","+","0.12","1.36","25","1.37","10","31.40",
="081529","台光電國票4C購04","0","0","0","--","--","--","--"," ","0.00","19.60","25","20.60","10","1,345.00",
="08152P","景碩元大4A售04","0","0","0","--","--","--","--"," ","0.00","--","0","0.10","10","0.00",
="081530","京元電國票4B購01","0","0","0","--","--","--","--"," ","0.00","7.70","25","8.20","10","167.00",
="081531","冠德國票4C購02","0","0","0","--","--","--","--"," ","0.00","0.02","25","0.03","10","36.65",
="081532","陽明國票4B購04","0","0","0","--","--","--","--"," ","0.00","0.01","25","0.02","10","55.20",
="081533","陽明國票4C購01","0","0","0","--","--","--","--"," ","0.00","0.02","25","0.03","10","55.20",
="081534","華航國票4B購02","2,000","1","1,040","0.52","0.52","0.52","0.52","-","0.03","0.51","25","0.52","10","20.95",
="081535","中航國票4C購01","36,000","6","29,440","0.80","0.83","0.79","0.83","-","0.03","0.82","25","0.83","10","51.70",
="081536","國泰金國票4C購03","0","0","0","--","--","--","--"," ","0.00","0.31","25","0.32","10","66.20",
="081537","中信金國票4C購03","0","0","0","--","--","--","--"," ","0.00","0.44","25","0.45","10","43.25",
="081538","奇鋐國票4C購05","0","0","0","--","--","--","--"," ","0.00","10.70","25","11.70","10","1,015.00",
="081539","亞光國票4C購02","5,000","1","7,000","1.40","1.40","1.40","1.40","-","0.01","1.29","25","1.30","10","161.50",
="08153P","材料元大4A售07","0","0","0","--","--","--","--"," ","0.00","0.58","499","0.59","200","0.00",
="081540","世芯國票4C購01","0","0","0","--","--","--","--"," ","0.00","3.61","25","3.69","10","3,700.00",
="081541","神達國票4C購02","0","0","0","--","--","--","--"," ","0.00","--","0","--","0","90.00",
="081542","祥碩國票4C購01","5,000","1","1,000","0.20","0.20","0.20","0.20","X","0.00","0.18","25","0.19","10","1,525.00",
="081543","保瑞國票4C購01","0","0","0","--","--","--","--"," ","0.00","2.24","25","2.29","10","693.00",
="081545","晶心科國票4B購02","36,000","6","47,430","1.33","1.37","1.26","1.29","X","0.00","1.25","25","1.26","10","325.50",
="081546","洋基國票4C購02","0","0","0","--","--","--","--"," ","0.00","3.26","25","3.35","10","449.00",
="081547","亞光國泰4C購01","0","0","0","--","--","--","--"," ","0.00","1.89","499","1.92","240","161.50",
="081548","萬海富邦4C購01","0","0","0","--","--","--","--"," ","0.00","0.05","30","0.06","28","0.00",
="081549","神達富邦4C購01","0","0","0","--","--","--","--"," ","0.00","2.72","30","2.76","10","0.00",
="08154P","臺股指中信51售01","0","0","0","--","--","--","--"," ","0.00","0.03","699","0.04","10","0.00",
="081550","臺股指富邦4B購08","0","0","0","--","--","--","--"," ","0.00","2.42","499","2.46","10","0.00",
="081551","漢唐台新4B購01","0","0","0","--","--","--","--"," ","0.00","--","0","16.10","10","0.00",
="081552","長榮台新4B購02","0","0","0","--","--","--","--"," ","0.00","0.68","10","0.69","10","0.00",
="081553","萬海台新4B購01","0","0","0","--","--","--","--"," ","0.00","0.01","10","0.04","10","0.00",
="081554","T50正2元大4B購06","0","0","0","--","--","--","--"," ","0.00","4.71","499","--","0","302.45",
="081555","國喬元大4B購04","0","0","0","--","--","--","--"," ","0.00","0.01","499","0.11","10","9.51",
="081556","川湖元大4B購06","0","0","0","--","--","--","--"," ","0.00","8.75","100","9.25","10","3,220.00",
="081557","微星元大4B購01","10,000","1","700","0.07","0.07","0.07","0.07","X","0.00","0.06","499","0.07","10","119.50",
="081558","漢唐元大53購05","7,000","3","58,700","8.15","8.50","8.15","8.45"," ","0.00","8.55","25","8.65","10","987.00",
="081559","京元電元大4B購03","0","0","0","--","--","--","--"," ","0.00","3.76","200","3.85","10","167.00",
="08155P","鴻海國票4B售03","0","0","0","--","--","--","--"," ","0.00","--","0","0.10","10","0.00",
="081560","聯發科元大53購01","256,000","4","158,850","0.64","0.64","0.60","0.60","-","0.08","0.58","25","0.59","10","1,375.00",
="081561","長榮元大51購14","5,000","1","200","0.04","0.04","0.04","0.04","X","0.00","0.04","499","0.14","10","182.00",
="081562","萬海元大4B購06","0","0","0","--","--","--","--"," ","0.00","--","0","0.06","30","77.90",
="081563","雄獅元大4B購03","0","0","0","--","--","--","--"," ","0.00","0.13","499","0.14","10","158.50",
="081564","國泰金元大4B購05","0","0","0","--","--","--","--"," ","0.00","0.40","499","0.42","10","66.20",
="081565","嘉澤元大51購04","223,000","5","235,390","1.06","1.06","1.03","1.03","-","0.07","1.03","499","1.04","10","1,605.00",
="081566","健策元大4B購04","0","0","0","--","--","--","--"," ","0.00","3.01","250","3.08","10","2,355.00",
="081567","祥碩元大4B購06","0","0","0","--","--","--","--"," ","0.00","0.01","499","0.08","100","1,525.00",
="081568","晶心科元大4B購02","340,000","10","283,670","0.81","0.87","0.78","0.80","+","0.13","0.76","499","0.77","10","325.50",
="08156P","大立光國票4B售04","0","0","0","--","--","--","--"," ","0.00","0.07","25","0.08","10","0.00",
="081570","緯穎元大51購07","74,000","2","87,960","1.17","1.19","1.17","1.19","X","0.00","1.17","499","1.18","10","3,140.00",
="081571","AES元大4B購02","250,000","6","187,400","0.76","0.80","0.72","0.72","-","0.02","0.70","10","0.72","10","1,195.00",
="081572","來億元大4B購01","0","0","0","--","--","--","--"," ","0.00","0.13","499","0.14","10","224.00",
="081573","臺股指元大4B購31","38,000","31","47,390","1.15","1.40","1.11","1.29","+","0.25","1.28","100","1.29","6","0.00",
="081574","臺股指元大4B購32","0","0","0","--","--","--","--"," ","0.00","4.51","499","4.58","10","0.00",
="081575","臺股指元大4B購33","0","0","0","--","--","--","--"," ","0.00","3.73","499","3.80","10","0.00",
="081576","臺股指元大4B購34","0","0","0","--","--","--","--"," ","0.00","3.93","499","4.00","10","0.00",
="081577","香港2X群益4B購01","70,000","1","68,600","0.98","0.98","0.98","0.98","X","0.00","0.97","10","1.07","10","18.02",
="081578","華城群益4B購03","0","0","0","--","--","--","--"," ","0.00","--","0","6.20","10","586.00",
="081579","中砂群益4B購04","33,000","12","40,320","1.11","1.32","1.11","1.18","+","0.14","1.15","10","1.25","11","339.00",
="08157P","奇鋐國票4B售02","0","0","0","--","--","--","--"," ","0.00","0.01","25","0.05","10","0.00",
="081580","金像電群益4B購05","0","0","0","--","--","--","--"," ","0.00","--","0","13.90","10","455.00",
="081581","台光電群益52購01","0","0","0","--","--","--","--"," ","0.00","--","0","4.44","10","1,345.00",
="081582","漢唐群益51購01","0","0","0","--","--","--","--"," ","0.00","--","0","9.75","10","987.00",
="081583","陽明群益4B購03","0","0","0","--","--","--","--"," ","0.00","0.01","100","0.03","100","55.20",
="081584","亞光群益4B購02","0","0","0","--","--","--","--"," ","0.00","0.87","100","0.90","100","161.50",
="081585","日電貿群益4B購01","735,000","5","595,210","0.82","0.82","0.79","0.80","-","0.08","0.77","10","0.87","10","74.80",
="081586","新日興群益4B購03","0","0","0","--","--","--","--"," ","0.00","--","0","--","0","237.00",
="081587","玉晶光群益4B購02","256,000","4","570,550","2.23","2.25","2.20","2.23","-","0.16","0.38","52","3.50","2","443.50",
="081588","嘉澤群益4B購06","68,000","1","102,000","1.50","1.50","1.50","1.50","-","0.26","0.29","30","--","0","1,605.00",
="081589","世芯群益4B購09","0","0","0","--","--","--","--"," ","0.00","5.75","499","6.25","10","3,700.00",
="08158P","台灣50台新4A售03","0","0","0","--","--","--","--"," ","0.00","--","0","--","0","0.00",
="081590","穎崴群益4B購04","0","0","0","--","--","--","--"," ","0.00","8.20","10","--","0","2,015.00",
="081591","羅昇群益51購01","0","0","0","--","--","--","--"," ","0.00","0.38","10","0.48","10","99.50",
="081592","臺股指群益51購05","0","0","0","--","--","--","--"," ","0.00","4.07","499","4.08","499","0.00",
="081593","臺股指群益5A購01","0","0","0","--","--","--","--"," ","0.00","3.51","499","3.52","499","0.00",
="081594","萬海台新4B購02","0","0","0","--","--","--","--"," ","0.00","0.07","20","0.08","10","0.00",
="081595","S&P反1凱基55購01","0","0","0","--","--","--","--"," ","0.00","0.20","100","0.21","50","4.41",
="081596","元債2X凱基55購02","0","0","0","--","--","--","--"," ","0.00","1.19","499","1.20","499","7.35",
="081597","美債2X凱基55購01","0","0","0","--","--","--","--"," ","0.00","1.20","10","1.21","50","7.33",
="081598","遠東新凱基4B購01","0","0","0","--","--","--","--"," ","0.00","0.04","100","0.14","10","27.80",
="081599","大成鋼凱基4B購05","66,000","4","75,240","1.15","1.15","1.13","1.14","-","0.01","1.05","100","1.08","10","37.90",
="08159P","台灣50台新4A售04","0","0","0","--","--","--","--"," ","0.00","--","0","--","0","0.00",
="081600","仁寶凱基4B購01","287,000","14","501,410","1.83","1.97","1.60","1.60","+","0.11","1.57","100","1.67","10","31.40",
="081601","台積電凱基4B購23","0","0","0","--","--","--","--"," ","0.00","2.02","50","2.12","10","1,340.00",
="081602","技嘉凱基4B購02","11,000","5","20,210","1.85","1.85","1.79","1.82","-","0.02","1.78","100","1.80","10","283.00",
="081603","陽明凱基4B購03","0","0","0","--","--","--","--"," ","0.00","--","0","0.10","10","55.20",
="081604","萬海凱基4B購07","0","0","0","--","--","--","--"," ","0.00","--","0","0.10","10","77.90",
="081605","長榮航凱基51購01","0","0","0","--","--","--","--"," ","0.00","0.66","100","0.76","10","38.85",
="081606","雄獅凱基4B購02","0","0","0","--","--","--","--"," ","0.00","0.18","10","0.19","10","158.50",
="081607","國泰金凱基4B購02","16,000","2","35,830","2.20","2.29","2.20","2.29","+","0.02","2.26","10","2.31","10","66.20",
="081608","神達凱基4B購04","0","0","0","--","--","--","--"," ","0.00","7.90","100","8.40","10","90.00",
="081609","晶心科凱基4B購01","143,000","13","224,670","1.52","1.64","1.49","1.51","+","0.16","1.47","100","1.51","6","325.50",
="08160P","鴻海台新4A售03","0","0","0","--","--","--","--"," ","0.00","--","0","--","0","0.00",
="081610","雲豹凱基51購01","0","0","0","--","--","--","--"," ","0.00","0.07","299","0.15","10","119.00",
="081611","臺股指凱基4B購31","0","0","0","--","--","--","--"," ","0.00","2.30","100","2.31","10","0.00",
="081612","中砂統一5B購02","50,000","1","34,500","0.69","0.69","0.69","0.69","X","0.00","0.67","10","0.68","10","339.00",
="081614","仁寶統一55購01","245,000","22","148,190","0.62","0.65","0.59","0.59","+","0.03","0.58","10","0.59","10","31.40",
="081615","大同統一52購04","0","0","0","--","--","--","--"," ","0.00","0.47","10","0.48","10","39.85",
="081616","大同統一55購03","0","0","0","--","--","--","--"," ","0.00","0.51","10","0.52","10","39.85",
="081617","漢唐統一55購02","0","0","0","--","--","--","--"," ","0.00","2.46","10","2.47","10","987.00",
="081618","漢唐統一5B購01","0","0","0","--","--","--","--"," ","0.00","1.99","10","2.08","10","987.00",
="081619","長榮統一52購04","0","0","0","--","--","--","--"," ","0.00","0.05","10","0.06","10","182.00",
="08161P","台積電台新4A售03","0","0","0","--","--","--","--"," ","0.00","--","0","0.02","300","0.00",
="081620","長榮統一53購05","0","0","0","--","--","--","--"," ","0.00","0.18","108","0.19","108","182.00",
="081621","長榮統一65購01","0","0","0","--","--","--","--"," ","0.00","0.34","10","0.35","10","182.00",
="081622","裕民統一55購01","0","0","0","--","--","--","--"," ","0.00","0.37","10","0.38","10","55.30",
="081623","陽明統一52購05","0","0","0","--","--","--","--"," ","0.00","0.08","10","0.09","10","55.20",
="081624","陽明統一65購01","0","0","0","--","--","--","--"," ","0.00","0.29","10","0.30","10","55.20",
="081625","萬海統一53購03","0","0","0","--","--","--","--"," ","0.00","0.07","10","0.08","10","77.90",
="081626","萬海統一65購01","0","0","0","--","--","--","--"," ","0.00","0.27","10","0.28","10","77.90",
="081627","大立光統一55購02","1,000","1","560","0.56","0.56","0.56","0.56","-","0.02","0.57","10","0.58","10","2,360.00",
="081628","晶心科統一55購02","251,000","8","293,840","1.12","1.18","1.12","1.15","+","0.05","1.14","10","1.15","10","325.50",
="081629","道瓊銅元富4C購01","0","0","0","--","--","--","--"," ","0.00","0.46","25","0.47","25","25.59",
="08162P","聯發科台新4A售02","0","0","0","--","--","--","--"," ","0.00","--","0","--","0","0.00",
="081630","台積電元富4B購26","6,000","5","138,200","21.80","24.60","21.80","23.70","+","7.80","0.70","14","--","0","1,340.00",
="081631","美律元富4B購02","0","0","0","--","--","--","--"," ","0.00","0.09","25","0.10","25","104.00",
="081632","陽明元富4B購02","0","0","0","--","--","--","--"," ","0.00","0.01","25","0.10","10","55.20",
="081633","萬海元富4B購02","1,000","1","90","0.09","0.09","0.09","0.09","-","0.01","0.01","524","0.09","47","77.90",
="081634","材料元富55購01","0","0","0","--","--","--","--"," ","0.00","0.36","25","0.37","25","66.40",
="081635","祥碩元富53購01","0","0","0","--","--","--","--"," ","0.00","0.23","25","0.24","25","1,525.00",
="081636","虎航元富4B購01","0","0","0","--","--","--","--"," ","0.00","0.05","25","0.10","10","75.80",
="081637","雲豹元富4B購01","0","0","0","--","--","--","--"," ","0.00","0.03","25","0.10","10","119.00",
="081638","雲豹元富55購01","0","0","0","--","--","--","--"," ","0.00","0.29","25","0.30","25","119.00",
="081639","華城永豐51購01","0","0","0","--","--","--","--"," ","0.00","1.89","499","1.99","10","586.00",
="08163P","T50正2元富4A售06","0","0","0","--","--","--","--"," ","0.00","--","0","0.10","25","0.00",
="081640","英業達永豐4B購02","16,000","3","22,190","1.39","1.39","1.38","1.38","+","0.04","1.38","5","1.40","5","45.00",
="081641","長榮永豐4C購02","0","0","0","--","--","--","--"," ","0.00","0.17","499","0.18","10","182.00",
="081642","華晶科永豐52購01","0","0","0","--","--","--","--"," ","0.00","4.22","499","4.26","10","52.80",
="081643","材料永豐4B購03","0","0","0","--","--","--","--"," ","0.00","0.20","10","0.21","10","66.40",
="081644","穎崴永豐4C購02","0","0","0","--","--","--","--"," ","0.00","7.55","499","--","0","2,015.00",
="081645","采鈺永豐52購01","0","0","0","--","--","--","--"," ","0.00","5.85","10","5.95","10","305.50",
="081646","雲豹永豐4C購01","0","0","0","--","--","--","--"," ","0.00","0.11","499","0.12","10","119.00",
="081647","元債2X國票4B購03","0","0","0","--","--","--","--"," ","0.00","0.77","25","0.78","10","7.35",
="081648","元債2X國票4C購02","0","0","0","--","--","--","--"," ","0.00","0.70","25","0.71","10","7.35",
="081649","美債2X國票4C購02","0","0","0","--","--","--","--"," ","0.00","0.84","25","0.85","10","7.33",
="08164P","FBNQ2X元富54售02","0","0","0","--","--","--","--"," ","0.00","0.49","25","0.50","25","0.00",
="081650","元日2X國票55購02","0","0","0","--","--","--","--"," ","0.00","0.35","25","0.36","10","5.87",
="081651","和大國票4C購02","5,000","1","3,700","0.74","0.74","0.74","0.74","X","0.00","0.70","25","0.72","10","65.30",
="081652","一詮國票4B購02","74,000","4","41,060","0.56","0.57","0.53","0.53","-","0.04","0.52","25","0.53","10","82.30",
="081653","長榮國票51購02","0","0","0","--","--","--","--"," ","0.00","0.07","25","0.08","10","182.00",
="081654","裕民國票4C購01","103,000","4","61,150","0.60","0.60","0.55","0.57","-","0.11","0.57","25","0.58","10","55.30",
="081655","陽明國票4B購05","0","0","0","--","--","--","--"," ","0.00","0.04","25","0.05","10","55.20",
="081656","陽明國票51購01","0","0","0","--","--","--","--"," ","0.00","0.14","25","0.15","10","55.20",
="081657","陽明國票52購01","0","0","0","--","--","--","--"," ","0.00","0.13","25","0.14","10","55.20",
="081658","慧洋國票4C購02","0","0","0","--","--","--","--"," ","0.00","0.76","25","0.77","10","58.40",
="081659","亞光國票4B購01","20,000","2","18,000","0.91","0.91","0.89","0.89","-","0.12","0.88","25","0.89","10","161.50",
="08165P","臺股指元富4A售10","0","0","0","--","--","--","--"," ","0.00","--","0","0.10","25","0.00",
="081660","神達國票51購01","2,000","1","15,000","7.50","7.50","7.50","7.50","+","0.60","7.35","25","7.55","10","90.00",
="081661","材料國票4C購04","0","0","0","--","--","--","--"," ","0.00","0.05","25","0.06","10","66.40",
="081662","雲豹國票4C購03","0","0","0","--","--","--","--"," ","0.00","0.09","25","0.10","10","119.00",
="081663","台虹國票4C購01","13,000","4","55,310","4.77","4.77","4.10","4.10","X","0.00","3.98","25","4.08","10","63.30",
="081664","長榮國泰4C購01","0","0","0","--","--","--","--"," ","0.00","0.12","499","0.13","100","182.00",
="081665","萬海國泰4C購01","794,000","3","79,400","0.10","0.10","0.10","0.10","-","0.02","0.10","499","0.11","100","77.90",
="081666","T50正2富邦53購01","0","0","0","--","--","--","--"," ","0.00","4.16","100","4.17","38","0.00",
="081667","統一富邦4B購01","0","0","0","--","--","--","--"," ","0.00","0.24","30","0.25","28","0.00",
="081668","華邦電富邦4B購02","0","0","0","--","--","--","--"," ","0.00","5.45","30","5.65","10","0.00",
="081669","陽明富邦51購01","0","0","0","--","--","--","--"," ","0.00","0.17","10","0.18","10","0.00",
="08166P","臺股指元富4A售11","0","0","0","--","--","--","--"," ","0.00","--","0","0.10","45","0.00",
="081670","雲豹富邦4B購01","0","0","0","--","--","--","--"," ","0.00","0.03","30","0.04","28","0.00",
="081671","A50正2元大53購01","10,000","1","23,300","2.33","2.33","2.33","2.33","X","0.00","2.32","250","2.33","90","32.79",
="081672","士電元大4B購02","40,000","1","14,000","0.35","0.35","0.35","0.35","X","0.00","0.38","499","0.39","10","183.00",
="081673","台積電元大4B購27","97,000","7","132,240","1.33","1.48","1.33","1.48","+","0.32","0.05","200","--","0","1,340.00",
="081674","台積電元大51購38","40,000","7","74,500","1.76","1.91","1.76","1.91","+","0.31","0.14","71","--","0","1,340.00",
="081675","聯發科元大51購21","15,000","1","10,200","0.68","0.68","0.68","0.68","-","0.08","0.64","10","0.65","10","1,375.00",
="081676","全新元大4B購01","1,000","1","7,950","7.95","7.95","7.95","7.95","X","0.00","7.65","100","7.80","10","160.00",
="081677","長榮元大51購15","0","0","0","--","--","--","--"," ","0.00","0.04","499","0.14","10","182.00",
="081678","陽明元大4B購05","0","0","0","--","--","--","--"," ","0.00","0.03","499","0.13","10","55.20",
="081679","陽明元大4B購06","0","0","0","--","--","--","--"," ","0.00","--","0","0.10","10","55.20",
="08167P","臺股指元富4A售12","0","0","0","--","--","--","--"," ","0.00","--","0","0.01","1","0.00",
="081680","陽明元大4B購07","0","0","0","--","--","--","--"," ","0.00","--","0","0.10","10","55.20",
="081681","萬海元大4B購08","0","0","0","--","--","--","--"," ","0.00","0.02","499","0.12","10","77.90",
="081682","萬海元大4B購09","0","0","0","--","--","--","--"," ","0.00","0.01","499","0.11","10","77.90",
="081683","萬海元大4B購10","0","0","0","--","--","--","--"," ","0.00","--","0","0.10","10","77.90",
="081684","萬海元大4B購11","0","0","0","--","--","--","--"," ","0.00","--","0","0.10","10","77.90",
="081685","萬海元大4B購12","0","0","0","--","--","--","--"," ","0.00","--","0","0.10","10","77.90",
="081686","長榮航元大53購01","0","0","0","--","--","--","--"," ","0.00","1.02","499","1.03","10","38.85",
="081687","奇鋐元大51購06","0","0","0","--","--","--","--"," ","0.00","9.50","100","9.75","10","1,015.00",
="081688","緯創元大4B購08","116,000","3","71,840","0.64","0.64","0.58","0.58","+","0.08","0.54","499","0.56","10","122.50",
="081689","牧德元大4B購03","416,000","11","300,640","0.78","0.78","0.70","0.72","-","0.10","0.70","25","0.71","10","544.00",
="08168P","台灣50元大4A售17","0","0","0","--","--","--","--"," ","0.00","--","0","0.10","10","0.00",
="081690","帆宣元大4B購02","47,000","1","147,110","3.13","3.13","3.13","3.13","X","0.00","3.07","250","3.17","10","255.00",
="081691","緯穎元大51購08","2,000","2","2,870","1.45","1.45","1.42","1.42","-","0.06","1.41","499","1.42","10","3,140.00",
="081692","泓德元大4B購01","0","0","0","--","--","--","--"," ","0.00","--","0","0.10","10","125.50",
="081693","ITH元大4B購01","0","0","0","--","--","--","--"," ","0.00","0.05","499","0.06","10","43.90",
="081696","中興電統一4A購01","0","0","0","--","--","--","--"," ","0.00","0.03","10","0.10","10","159.00",
="081697","中興電統一4A購02","0","0","0","--","--","--","--"," ","0.00","0.04","10","0.10","10","159.00",
="081698","羅昇元大4B購01","0","0","0","--","--","--","--"," ","0.00","0.09","499","0.10","10","99.50",
="081699","世紀鋼元大4B購04","453,000","3","175,850","0.41","0.41","0.36","0.36"," ","0.00","0.34","25","0.35","10","171.50",
="08169P","台灣50元大4A售18","0","0","0","--","--","--","--"," ","0.00","--","0","0.10","10","0.00",
="081704","士電中信4C購01","10,000","1","2,100","0.21","0.21","0.21","0.21","X","0.00","0.21","10","0.22","10","0.00",
="081705","川湖中信4B購02","0","0","0","--","--","--","--"," ","0.00","2.62","499","--","0","0.00",
="081706","長榮中信4C購03","0","0","0","--","--","--","--"," ","0.00","0.07","499","0.08","10","0.00",
="081707","世芯中信4C購03","25,000","7","32,030","1.32","1.32","1.19","1.19","-","0.12","1.13","10","1.16","10","0.00",
="08170P","漢翔元大4A售04","0","0","0","--","--","--","--"," ","0.00","--","0","0.10","10","0.00",
="081711","永崴控中信4B購01","0","0","0","--","--","--","--"," ","0.00","--","0","0.05","10","0.00",
="081712","愛普中信4B購01","20,000","2","32,400","1.62","1.62","1.62","1.62","+","0.04","1.60","499","1.62","10","0.00",
="081713","采鈺中信4B購01","40,000","4","54,200","1.40","1.40","1.25","1.25","-","0.09","1.21","10","1.23","10","0.00",
="081714","雲豹中信4C購01","0","0","0","--","--","--","--"," ","0.00","0.01","998","0.06","10","0.00",
="081715","矽創中信4B購01","1,151,000","28","562,590","0.52","0.52","0.46","0.47","-","0.13","0.50","160","0.51","10","0.00",
="081716","台虹中信4B購01","0","0","0","--","--","--","--"," ","0.00","1.67","10","--","0","0.00",
="081717","台塑永豐53購01","21,000","3","116,050","5.50","5.55","5.50","5.55","+","0.50","5.20","10","5.25","10","38.60",
="081719","華新永豐52購01","10,000","1","22,100","2.21","2.21","2.21","2.21","+","0.08","2.14","10","2.16","10","24.05",
="08171P","臺股指元大4A售36","0","0","0","--","--","--","--"," ","0.00","--","0","0.10","10","0.00",
="081720","旺宏永豐52購01","52,000","9","193,720","3.70","4.11","3.60","3.89","+","0.50","3.70","10","3.80","10","26.75",
="081721","欣興永豐4B購02","0","0","0","--","--","--","--"," ","0.00","2.16","10","2.26","10","159.00",
="081723","愛普永豐51購01","0","0","0","--","--","--","--"," ","0.00","2.13","4","--","0","344.00",
="081724","雲豹永豐4B購02","0","0","0","--","--","--","--"," ","0.00","0.01","499","0.03","10","119.00",
="081726","連加永豐51購01","30,000","2","22,900","0.73","0.78","0.73","0.78"," ","0.00","0.74","499","0.75","10","606.00",
="081727","振樺電永豐4C購01","0","0","0","--","--","--","--"," ","0.00","0.15","499","0.16","10","229.50",
="081728","道瓊銀元富55購01","51,000","6","74,020","1.47","1.47","1.45","1.46","+","0.03","1.47","25","1.48","25","36.75",
="08172P","臺股指元大4A售37","0","0","0","--","--","--","--"," ","0.00","--","0","0.10","10","0.00",
="081731","士電元富4B購02","0","0","0","--","--","--","--"," ","0.00","0.41","25","0.42","25","183.00",
="081732","仁寶元富55購01","137,000","4","288,520","2.28","2.28","2.09","2.09","+","0.11","2.02","25","2.03","25","31.40",
="081733","大同元富55購01","33,000","4","57,270","1.75","1.75","1.72","1.72","-","0.02","1.82","25","1.83","25","39.85",
="081734","世芯元富4B購14","0","0","0","--","--","--","--"," ","0.00","1.66","25","1.71","25","3,700.00",
="081735","世芯元富55購02","0","0","0","--","--","--","--"," ","0.00","2.21","25","2.23","25","3,700.00",
="081736","愛普元富4B購01","0","0","0","--","--","--","--"," ","0.00","--","0","--","0","344.00",
="081737","力積電元富4B購01","0","0","0","--","--","--","--"," ","0.00","7.15","25","--","0","23.45",
="081738","寶成元富55購01","118,000","3","101,910","0.87","0.87","0.85","0.86","-","0.01","0.86","25","0.87","25","28.90",
="081739","華晶科統一55購02","0","0","0","--","--","--","--"," ","0.00","0.89","10","0.90","10","52.80",
="08173P","臺股指元大4A售38","0","0","0","--","--","--","--"," ","0.00","--","0","0.10","10","0.00",
="081740","佳必琪統一55購01","0","0","0","--","--","--","--"," ","0.00","0.75","30","0.77","10","160.00",
="081741","士電兆豐51購01","0","0","0","--","--","--","--"," ","0.00","0.51","10","0.52","10","183.00",
="081742","漢唐兆豐55購01","0","0","0","--","--","--","--"," ","0.00","4.91","10","--","0","987.00",
="081743","大立光兆豐4B購01","0","0","0","--","--","--","--"," ","0.00","0.84","10","0.87","10","2,360.00",
="081744","智原兆豐51購01","95,000","4","53,050","0.52","0.59","0.52","0.59","+","0.13","0.51","10","0.52","10","174.00",
="081745","元債2X群益55購02","0","0","0","--","--","--","--"," ","0.00","0.53","25","0.54","10","7.35",
="081746","美債2X群益55購02","0","0","0","--","--","--","--"," ","0.00","0.57","10","0.67","10","7.33",
="081747","亞泥群益4C購01","0","0","0","--","--","--","--"," ","0.00","0.08","10","0.18","10","36.85",
="081748","新光鋼群益4C購01","0","0","0","--","--","--","--"," ","0.00","0.42","25","0.43","10","42.30",
="081749","仁寶群益4B購03","102,000","3","29,670","0.34","0.34","0.29","0.29","+","0.02","0.28","10","0.38","10","31.40",
="08174P","創意中信4A售02","0","0","0","--","--","--","--"," ","0.00","--","0","0.02","10","0.00",
="081750","凌陽群益4C購01","18,000","5","15,380","0.87","0.87","0.83","0.83","-","0.09","0.82","25","0.83","8","23.65",
="081751","一詮群益4B購02","6,000","2","4,080","0.68","0.68","0.68","0.68","-","0.03","0.64","25","0.65","10","82.30",
="081752","普安群益4C購01","1,111,000","41","643,190","0.41","0.63","0.41","0.57","X","0.00","0.55","10","0.65","10","23.25",
="081753","陽明群益51購01","0","0","0","--","--","--","--"," ","0.00","0.09","100","0.10","100","55.20",
="081754","國泰金群益4B購03","111,000","3","129,710","1.15","1.19","1.15","1.19","-","0.01","1.18","100","1.23","100","66.20",
="081755","嘉澤群益4B購07","0","0","0","--","--","--","--"," ","0.00","--","0","2.16","10","1,605.00",
="081756","達邁群益4C購01","242,000","21","372,930","1.49","1.60","1.47","1.50","+","0.12","1.39","10","1.48","10","73.10",
="081757","jpp群益4B購02","7,000","5","34,950","5.10","5.10","4.95","4.98","X","0.00","2.63","7","5.55","10","286.50",
="081758","緯穎群益4B購07","0","0","0","--","--","--","--"," ","0.00","--","0","8.15","10","3,140.00",
="081759","雲豹群益4B購02","0","0","0","--","--","--","--"," ","0.00","0.02","25","0.03","10","119.00",
="08175P","緯穎中信4A售04","0","0","0","--","--","--","--"," ","0.00","--","0","0.02","10","0.00",
="081760","緯穎第一55購03","0","0","0","--","--","--","--"," ","0.00","1.74","10","1.76","10","0.00",
="081761","元日2X凱基57購02","0","0","0","--","--","--","--"," ","0.00","0.32","100","0.33","50","5.87",
="081762","士電凱基4B購03","10,000","1","1,100","0.11","0.11","0.11","0.11","X","0.00","0.11","10","0.13","30","183.00",
="081763","華城凱基4B購05","0","0","0","--","--","--","--"," ","0.00","3.75","100","3.85","10","586.00",
="081764","仁寶凱基4B購02","177,000","7","90,940","0.57","0.57","0.45","0.45","+","0.06","0.42","100","0.52","10","31.40",
="081765","台積電凱基4C購29","0","0","0","--","--","--","--"," ","0.00","1.99","51","2.09","10","1,340.00",
="081766","華邦電凱基54購01","112,000","9","1,010,750","9.15","9.65","8.80","9.40","+","1.60","9.60","50","10.20","10","36.45",
="081767","金像電凱基4B購05","0","0","0","--","--","--","--"," ","0.00","14.60","100","15.60","10","455.00",
="081768","長榮凱基54購02","0","0","0","--","--","--","--"," ","0.00","0.66","499","0.67","40","182.00",
="081769","裕民凱基4B購01","0","0","0","--","--","--","--"," ","0.00","0.43","10","0.44","10","55.30",
="08176P","臺股指永豐4A售06","0","0","0","--","--","--","--"," ","0.00","--","0","0.03","10","0.00",
="081770","陽明凱基54購01","0","0","0","--","--","--","--"," ","0.00","0.45","100","0.46","30","55.20",
="081771","慧洋凱基4B購03","0","0","0","--","--","--","--"," ","0.00","0.26","10","0.27","30","58.40",
="081772","緯創凱基53購01","48,000","7","73,500","1.52","1.61","1.52","1.52","+","0.08","1.49","100","1.51","10","122.50",
="081775","世芯凱基4B購05","173,000","6","318,270","2.00","2.00","1.67","1.67","-","0.27","1.64","100","1.69","10","3,700.00",
="081776","緯穎凱基51購05","0","0","0","--","--","--","--"," ","0.00","2.66","100","2.68","10","3,140.00",
="081777","A50正2國票4C購03","49,000","11","125,550","2.70","3.11","2.44","2.44","-","0.39","2.51","25","2.52","10","32.79",
="081778","臺指反國票54購01","0","0","0","--","--","--","--"," ","0.00","0.08","60","0.10","10","2.96",
="081779","元債2X國票51購02","5,000","1","3,250","0.65","0.65","0.65","0.65","-","0.02","0.66","25","0.67","10","7.35",
="08177P","台灣50凱基4A售14","0","0","0","--","--","--","--"," ","0.00","--","0","--","0","0.00",
="081780","元債2X國票52購01","8,000","1","4,240","0.53","0.53","0.53","0.53","X","0.00","0.53","25","0.54","10","7.35",
="081781","士電國票4C購01","0","0","0","--","--","--","--"," ","0.00","0.42","25","0.43","10","183.00",
="081782","美時國票4B購01","0","0","0","--","--","--","--"," ","0.00","0.16","25","0.17","10","192.00",
="081783","台達電國票4C購01","0","0","0","--","--","--","--"," ","0.00","--","0","--","0","893.00",
="081784","海悅國票4B購01","860,000","2","68,800","0.08","0.08","0.08","0.08","-","0.01","0.08","25","0.09","10","89.00",
="081785","鴻準國票4B購01","0","0","0","--","--","--","--"," ","0.00","3.07","25","3.17","10","70.70",
="081786","鴻準國票4C購01","0","0","0","--","--","--","--"," ","0.00","2.12","25","2.13","10","70.70",
="081787","華碩國票4B購02","1,000","1","980","0.98","0.98","0.98","0.98","+","0.05","0.90","25","0.92","10","684.00",
="081788","華碩國票4C購01","17,000","4","29,800","1.66","1.77","1.66","1.74","+","0.08","1.68","25","1.72","10","684.00",
="081789","燿華國票4B購01","0","0","0","--","--","--","--"," ","0.00","1.49","25","1.50","10","27.50",
="08178P","台灣50凱基4B售05","0","0","0","--","--","--","--"," ","0.00","--","0","0.02","10","0.00",
="081790","大同國票4C購01","67,000","6","69,050","0.97","1.05","0.97","1.03","+","0.04","1.07","25","1.09","10","39.85",
="081791","大同國票51購01","15,000","2","11,700","0.78","0.78","0.78","0.78","-","0.02","0.85","25","0.88","10","39.85",
="081792","億光國票4B購01","0","0","0","--","--","--","--"," ","0.00","0.09","25","0.10","10","63.10",
="081793","漢唐國票4C購03","0","0","0","--","--","--","--"," ","0.00","17.20","25","18.00","10","987.00",
="081794","精成科國票4C購02","0","0","0","--","--","--","--"," ","0.00","--","0","--","0","125.50",
="081795","泓德國票4B購01","0","0","0","--","--","--","--"," ","0.00","0.01","25","0.02","10","125.50",
="081796","士電國泰4C購01","2,000","1","2,620","1.31","1.31","1.31","1.31","X","0.00","1.30","499","1.31","100","183.00",
="081797","智邦國泰4C購01","0","0","0","--","--","--","--"," ","0.00","5.35","499","--","0","1,005.00",
="081798","京元電國泰4C購01","0","0","0","--","--","--","--"," ","0.00","10.40","499","--","0","167.00",
="081799","裕民國泰4C購01","0","0","0","--","--","--","--"," ","0.00","0.07","45","--","0","55.30",
="08179P","T50正2凱基4B售04","0","0","0","--","--","--","--"," ","0.00","0.01","100","0.02","10","0.00",
="081800","亞力富邦51購01","81,000","3","26,050","0.33","0.33","0.32","0.33"," ","0.00","0.31","10","0.32","10","0.00",
="081801","仁寶富邦51購01","51,000","8","41,220","0.82","0.84","0.79","0.79","+","0.03","0.76","10","0.77","10","0.00",
="081802","微星富邦4B購01","0","0","0","--","--","--","--"," ","0.00","0.12","30","0.13","28","0.00",
="081803","漢唐富邦52購01","0","0","0","--","--","--","--"," ","0.00","3.51","10","3.61","10","0.00",
="081804","一詮富邦51購01","151,000","10","92,060","0.63","0.63","0.60","0.60","-","0.05","0.60","10","0.61","10","0.00",
="081805","長榮富邦52購02","0","0","0","--","--","--","--"," ","0.00","0.08","10","0.10","10","0.00",
="081806","大立光富邦51購01","81,000","3","40,090","0.51","0.51","0.49","0.49","-","0.03","0.49","10","0.50","10","0.00",
="081807","智易富邦4C購02","0","0","0","--","--","--","--"," ","0.00","0.81","10","0.91","10","0.00",
="081808","材料富邦4C購03","0","0","0","--","--","--","--"," ","0.00","0.14","10","0.15","10","0.00",
="081809","祥碩富邦4C購01","205,000","4","36,900","0.18","0.18","0.18","0.18","+","0.01","0.17","10","0.18","10","0.00",
="08180P","亞光凱基4A售02","0","0","0","--","--","--","--"," ","0.00","--","0","--","0","0.00",
="081810","台積電凱基4A購02","0","0","0","--","--","--","--"," ","0.00","7.90","13","8.40","10","1,340.00",
="081811","美費半元大53購01","5,000","2","17,710","3.50","3.57","3.50","3.57","+","0.13","3.50","100","3.57","10","49.19",
="081812","士電元大4B購03","0","0","0","--","--","--","--"," ","0.00","0.35","499","0.36","10","183.00",
="081813","士電元大4B購04","0","0","0","--","--","--","--"," ","0.00","0.46","499","0.47","10","183.00",
="081815","台積電元大4B購28","54,000","4","85,040","1.57","1.72","1.57","1.72","+","0.36","0.03","333","--","0","1,340.00",
="081816","微星元大4B購02","21,000","2","5,250","0.25","0.25","0.25","0.25","-","0.02","0.23","499","0.24","10","119.50",
="081817","瑞昱元大4B購01","0","0","0","--","--","--","--"," ","0.00","0.25","25","0.26","10","540.00",
="081818","聯發科元大51購22","118,000","6","500,860","4.23","4.36","4.18","4.18","-","0.34","4.05","25","4.11","10","1,375.00",
="081819","長榮元大55購01","0","0","0","--","--","--","--"," ","0.00","0.17","499","0.18","10","182.00",
="08181P","臺股指凱基4A售29","0","0","0","--","--","--","--"," ","0.00","--","0","--","0","0.00",
="081820","陽明元大51購01","0","0","0","--","--","--","--"," ","0.00","0.22","499","0.23","10","55.20",
="081821","長榮航元大53購02","40,000","1","27,600","0.69","0.69","0.69","0.69","X","0.00","0.68","499","0.69","10","38.85",
="081822","奇鋐元大51購07","7,000","1","16,870","2.41","2.41","2.41","2.41","X","0.00","2.09","350","2.15","10","1,015.00",
="081823","華擎元大4B購01","0","0","0","--","--","--","--"," ","0.00","1.66","450","1.70","10","278.00",
="081824","神達元大53購01","24,000","6","103,240","4.37","4.52","4.16","4.52","+","0.47","4.32","200","4.37","10","90.00",
="081825","材料元大51購14","0","0","0","--","--","--","--"," ","0.00","0.44","499","0.45","10","66.40",
="081826","飛捷元大4B購01","0","0","0","--","--","--","--"," ","0.00","0.14","499","0.15","10","106.50",
="081827","迅得元大4B購05","0","0","0","--","--","--","--"," ","0.00","0.24","499","0.25","10","176.00",
="081828","雲豹元大4B購01","0","0","0","--","--","--","--"," ","0.00","0.01","499","0.11","10","119.00",
="081829","ITH元大4B購02","0","0","0","--","--","--","--"," ","0.00","0.07","499","0.08","10","43.90",
="08182P","臺股指凱基4B售19","0","0","0","--","--","--","--"," ","0.00","--","0","0.02","10","0.00",
="081830","振樺電元大4B購01","0","0","0","--","--","--","--"," ","0.00","0.02","499","0.12","10","229.50",
="081831","世紀鋼元大4B購05","68,000","1","32,640","0.48","0.48","0.48","0.48","X","0.00","0.41","25","0.42","10","171.50",
="081832","陽明台新4B購01","0","0","0","--","--","--","--"," ","0.00","0.07","20","0.08","10","0.00",
="081833","世芯台新4B購02","0","0","0","--","--","--","--"," ","0.00","3.39","20","3.40","10","0.00",
="081834","士電台新4B購01","0","0","0","--","--","--","--"," ","0.00","0.73","20","0.74","10","0.00",
="081835","上銀兆豐55購01","141,000","4","93,720","0.68","0.69","0.66","0.66","-","0.04","0.66","10","0.67","10","217.50",
="081836","鴻海兆豐55購01","1,000","1","3,670","3.67","3.67","3.67","3.67","X","0.00","3.67","9","--","0","221.00",
="081837","技嘉兆豐4B購01","0","0","0","--","--","--","--"," ","0.00","0.97","10","0.99","10","283.00",
="081838","義隆兆豐51購01","21,000","5","13,180","0.63","0.64","0.62","0.62","-","0.03","0.61","10","0.62","5","132.50",
="081839","長榮兆豐51購01","0","0","0","--","--","--","--"," ","0.00","0.10","10","0.11","10","182.00",
="08183P","T50正2元富51售04","0","0","0","--","--","--","--"," ","0.00","0.03","25","0.10","10","0.00",
="081840","世芯兆豐51購01","19,000","2","30,540","1.56","1.66","1.56","1.66","-","0.07","1.66","1","1.71","10","3,700.00",
="081841","精銳兆豐51購01","0","0","0","--","--","--","--"," ","0.00","0.43","10","0.44","10","695.00",
="081842","材料兆豐4B購01","0","0","0","--","--","--","--"," ","0.00","0.05","10","0.06","10","66.40",
="081843","金像電群益4C購02","0","0","0","--","--","--","--"," ","0.00","--","0","7.85","10","455.00",
="081844","金像電群益4C購03","0","0","0","--","--","--","--"," ","0.00","--","0","7.30","10","455.00",
="081845","奇鋐群益51購02","0","0","0","--","--","--","--"," ","0.00","1.81","30","3.42","10","1,015.00",
="081846","世芯群益4B購10","4,000","2","10,830","2.76","2.76","2.55","2.55","-","0.43","1.11","12","--","0","3,700.00",
="081847","瀚宇博群益4B購01","2,000","2","18,000","9.00","9.00","9.00","9.00","+","2.15","7.45","50","--","0","104.00",
="081848","緯穎群益4B購08","0","0","0","--","--","--","--"," ","0.00","--","0","6.60","10","3,140.00",
="081849","辛耘中信4C購01","133,000","15","166,160","1.27","1.33","1.20","1.20","X","0.00","1.18","10","1.19","10","0.00",
="08184P","台灣50群益4A售07","0","0","0","--","--","--","--"," ","0.00","--","0","--","0","0.00",
="081850","GIS中信4B購01","5,000","1","8,900","1.78","1.78","1.78","1.78","+","0.18","1.51","10","1.61","10","0.00",
="081851","東陽永豐51購01","0","0","0","--","--","--","--"," ","0.00","1.44","499","1.54","10","94.10",
="081852","聯電永豐4C購03","0","0","0","--","--","--","--"," ","0.00","0.41","10","0.42","10","43.90",
="081853","金像電永豐52購01","0","0","0","--","--","--","--"," ","0.00","11.70","499","11.90","10","455.00",
="081854","台光電永豐4C購01","0","0","0","--","--","--","--"," ","0.00","5.85","499","6.20","10","1,345.00",
="081855","神基永豐52購01","0","0","0","--","--","--","--"," ","0.00","23.40","10","24.40","10","163.50",
="081856","奇鋐永豐4B購05","0","0","0","--","--","--","--"," ","0.00","21.30","10","22.30","10","1,015.00",
="081857","智原永豐4B購02","141,000","10","63,350","0.40","0.48","0.40","0.43","+","0.06","0.41","499","0.42","10","174.00",
="081858","聯鈞永豐4C購01","175,000","8","610,110","3.05","3.70","3.05","3.70","+","0.67","3.74","10","3.77","10","278.00",
="081859","佳必琪永豐51購01","13,000","2","184,000","14.20","14.20","14.00","14.00","-","0.10","14.20","499","14.30","10","160.00",
="08185P","台灣50群益4B售06","0","0","0","--","--","--","--"," ","0.00","--","0","--","0","0.00",
="081860","保瑞永豐52購01","726,000","5","1,011,640","1.39","1.41","1.39","1.40"," ","0.00","1.38","10","1.48","10","693.00",
="081861","視陽永豐4B購01","37,000","2","18,780","0.48","0.51","0.48","0.51","+","0.03","0.53","499","0.54","10","192.50",
="081862","元債2X國泰4C購01","0","0","0","--","--","--","--"," ","0.00","0.73","499","0.75","100","7.35",
="081863","華邦電國泰4C購02","0","0","0","--","--","--","--"," ","0.00","12.30","499","--","0","36.45",
="081864","陽明國泰4C購02","0","0","0","--","--","--","--"," ","0.00","0.10","499","0.11","100","55.20",
="081865","奇鋐國泰4C購01","0","0","0","--","--","--","--"," ","0.00","8.35","499","--","0","1,015.00",
="081866","聯鈞國泰4C購01","26,000","5","92,660","3.56","3.65","3.52","3.52","+","0.94","3.54","499","3.59","10","278.00",
="081867","台積電富邦51購08","0","0","0","--","--","--","--"," ","0.00","1.43","30","1.46","10","0.00",
="081868","長榮航富邦4C購01","0","0","0","--","--","--","--"," ","0.00","0.12","30","0.13","10","0.00",
="081869","亞光富邦4C購02","29,000","4","38,680","1.35","1.35","1.32","1.32","+","0.01","1.25","10","1.27","10","0.00",
="08186P","台灣50群益4C售05","0","0","0","--","--","--","--"," ","0.00","0.04","100","0.05","100","0.00",
="081870","緯創富邦4B購04","45,000","5","37,150","0.81","0.87","0.80","0.80","+","0.05","0.77","10","0.78","10","0.00",
="081871","創意富邦4B購03","241,000","11","161,430","0.64","0.69","0.62","0.69","+","0.06","0.66","30","0.67","10","0.00",
="081872","緯穎富邦4B購02","0","0","0","--","--","--","--"," ","0.00","1.58","10","1.62","10","0.00",
="081873","世紀鋼富邦4B購02","79,000","3","34,080","0.44","0.44","0.42","0.42","-","0.08","0.39","10","0.40","10","0.00",
="081874","T50正2元富55購01","0","0","0","--","--","--","--"," ","0.00","3.15","25","3.21","25","302.45",
="081875","A50正2元富55購03","0","0","0","--","--","--","--"," ","0.00","0.35","3","--","0","32.79",
="081876","國巨元富4B購01","0","0","0","--","--","--","--"," ","0.00","28.40","25","--","0","176.00",
="081877","一詮元富4B購03","0","0","0","--","--","--","--"," ","0.00","0.51","25","0.52","25","82.30",
="081878","長榮元富55購05","0","0","0","--","--","--","--"," ","0.00","0.26","25","0.27","25","182.00",
="081879","長榮元富65購01","0","0","0","--","--","--","--"," ","0.00","0.75","25","0.76","25","182.00",
="08187P","大立光群益51售01","0","0","0","--","--","--","--"," ","0.00","0.05","15","0.15","10","0.00",
="081880","中信金元富4B購02","26,000","1","46,540","1.79","1.79","1.79","1.79","X","0.00","0.01","200","--","0","43.25",
="081881","中信金元富4B購03","0","0","0","--","--","--","--"," ","0.00","0.03","333","--","0","43.25",
="081882","聯鈞元富4B購01","743,000","60","615,470","0.66","0.90","0.66","0.89","+","0.23","0.88","25","0.89","15","278.00",
="081883","聯鈞元富4B購02","32,000","3","57,380","1.78","1.91","1.76","1.91","+","0.19","0.96","10","--","0","278.00",
="081884","聯鈞元富4B購03","278,000","14","371,250","1.23","1.60","1.23","1.51","+","0.27","1.54","25","1.55","2","278.00",
="081886","聯鈞元富55購01","87,000","10","177,810","2.02","2.30","2.02","2.30","+","0.25","2.33","25","2.34","25","278.00",
="081887","矽格元富55購01","19,000","3","88,500","4.65","4.68","4.65","4.68","+","0.10","4.43","25","4.53","10","93.00",
="081888","ITH元富4B購04","0","0","0","--","--","--","--"," ","0.00","0.03","25","0.10","10","43.90",
="081889","聯鈞統一5B購03","207,000","16","190,230","0.87","0.95","0.87","0.95","+","0.12","0.95","10","0.96","10","278.00",
="08188P","臺股指群益4A售28","0","0","0","--","--","--","--"," ","0.00","--","0","--","0","0.00",
="081890","聯鈞統一65購02","136,000","27","121,440","0.85","0.91","0.85","0.88","+","0.04","0.90","10","0.91","10","278.00",
="081891","雲豹統一55購03","0","0","0","--","--","--","--"," ","0.00","0.17","10","0.18","10","119.00",
="081892","東陽元大4B購05","0","0","0","--","--","--","--"," ","0.00","--","0","0.10","10","94.10",
="081893","士電元大4B購05","0","0","0","--","--","--","--"," ","0.00","0.33","499","0.34","10","183.00",
="081894","士電元大4B購06","2,000","1","1,800","0.90","0.90","0.90","0.90","X","0.00","0.90","499","0.91","10","183.00",
="081895","鴻海元大4B購16","0","0","0","--","--","--","--"," ","0.00","1.84","10","1.89","10","221.00",
="081896","台積電元大4B購30","228,000","4","373,180","1.56","1.66","1.56","1.66","+","0.26","0.03","333","--","0","1,340.00",
="081897","台積電元大51購39","0","0","0","--","--","--","--"," ","0.00","--","0","--","0","1,340.00",
="081898","鴻準元大4B購06","0","0","0","--","--","--","--"," ","0.00","2.66","300","2.72","10","70.70",
="081899","聯發科元大51購23","9,000","3","8,450","0.93","0.95","0.93","0.95","-","0.12","0.89","25","0.91","10","1,375.00",
="08189P","臺股指群益4A售29","0","0","0","--","--","--","--"," ","0.00","--","0","--","0","0.00",
="081900","長榮元大55購02","0","0","0","--","--","--","--"," ","0.00","0.16","499","0.17","10","182.00",
="081901","陽明元大4B購08","0","0","0","--","--","--","--"," ","0.00","0.01","499","0.11","10","55.20",
="081902","長榮航元大53購03","23,000","2","26,120","1.13","1.14","1.13","1.14","-","0.05","1.16","499","1.17","10","38.85",
="081903","奇鋐元大4B購10","0","0","0","--","--","--","--"," ","0.00","11.60","50","11.90","10","1,015.00",
="081904","智原元大51購08","10,000","3","6,920","0.64","0.76","0.64","0.69","+","0.02","0.69","499","0.70","10","174.00",
="081905","日電貿元大4B購01","0","0","0","--","--","--","--"," ","0.00","0.56","499","0.57","10","74.80",
="081906","聯鈞元大4B購03","818,000","57","1,186,190","1.32","1.64","1.21","1.64","+","0.32","1.61","25","1.64","9","278.00",
="081907","聯鈞元大4B購04","427,000","21","776,520","1.64","2.01","1.64","1.99","+","0.48","2.05","25","2.09","10","278.00",
="081908","聯鈞元大4B購05","76,000","8","180,000","2.12","2.44","2.12","2.44","+","0.57","2.40","25","2.44","10","278.00",
="081909","世芯元大51購17","135,000","15","481,870","3.72","3.72","3.27","3.27","-","0.48","1.14","43","--","0","3,700.00",
="08190P","臺股指群益4B售16","0","0","0","--","--","--","--"," ","0.00","0.02","499","0.03","499","0.00",
="081910","帆宣元大4B購03","0","0","0","--","--","--","--"," ","0.00","2.26","25","2.36","10","255.00",
="081911","佳必琪元大4B購01","42,000","1","58,380","1.39","1.39","1.39","1.39","-","0.01","1.34","499","1.37","10","160.00",
="081912","保瑞元大55購01","141,000","5","237,760","1.65","1.70","1.65","1.70","X","0.00","1.64","450","1.67","10","693.00",
="081913","采鈺元大4B購01","40,000","7","80,810","2.07","2.07","1.90","1.90","-","0.24","1.94","350","1.96","10","305.50",
="081914","采鈺元大4B購02","1,000","1","2,910","2.91","2.91","2.91","2.91","-","0.22","2.82","250","2.88","10","305.50",
="081915","雲豹元大4B購02","0","0","0","--","--","--","--"," ","0.00","0.02","499","0.12","10","119.00",
="081916","ITH元大4B購03","0","0","0","--","--","--","--"," ","0.00","0.16","499","0.17","10","43.90",
="081918","連加元大4B購01","0","0","0","--","--","--","--"," ","0.00","0.17","499","0.18","10","606.00",
="081919","長華元大4B購02","0","0","0","--","--","--","--"," ","0.00","0.13","509","0.14","10","40.60",
="08191P","臺股指群益4B售17","0","0","0","--","--","--","--"," ","0.00","--","0","--","0","0.00",
="081920","振樺電元大4B購02","0","0","0","--","--","--","--"," ","0.00","0.03","499","0.13","10","229.50",
="081921","上証2X凱基51購02","26,000","2","43,880","1.68","1.72","1.68","1.72","-","0.19","1.76","100","1.77","50","47.20",
="081922","國企2X凱基51購01","0","0","0","--","--","--","--"," ","0.00","0.63","100","0.64","50","11.65",
="081923","士電凱基4C購01","0","0","0","--","--","--","--"," ","0.00","1.17","10","1.20","10","183.00",
="081924","台達電凱基4B購03","0","0","0","--","--","--","--"," ","0.00","32.60","100","33.60","10","893.00",
="081925","台積電凱基4C購31","0","0","0","--","--","--","--"," ","0.00","2.06","100","2.16","10","1,340.00",
="081926","大同凱基4B購03","0","0","0","--","--","--","--"," ","0.00","0.31","10","0.32","30","39.85",
="081927","微星凱基4B購01","345,000","5","85,210","0.25","0.25","0.21","0.23","-","0.03","0.21","100","0.23","9","119.50",
="081928","瑞昱凱基4B購01","19,000","2","28,710","1.54","1.54","1.49","1.49","X","0.00","1.46","100","1.50","10","540.00",
="081929","台光電凱基4B購06","0","0","0","--","--","--","--"," ","0.00","15.30","100","16.30","10","1,345.00",
="08192P","S&P正2元大4A售02","0","0","0","--","--","--","--"," ","0.00","--","0","0.10","10","0.00",
="081930","南亞科凱基4B購03","0","0","0","--","--","--","--"," ","0.00","5.20","10","--","0","81.00",
="081931","國泰金凱基4B購03","0","0","0","--","--","--","--"," ","0.00","0.47","10","0.49","10","66.20",
="081932","奇鋐凱基4B購07","0","0","0","--","--","--","--"," ","0.00","9.85","100","10.70","10","1,015.00",
="081933","聯鈞凱基51購01","627,000","61","1,469,900","2.06","2.64","2.06","2.51","+","0.49","2.62","10","2.64","10","278.00",
="081934","世芯凱基51購06","2,000","1","6,080","3.04","3.04","3.04","3.04","-","0.25","2.75","100","2.78","10","3,700.00",
="081935","帆宣凱基4B購02","0","0","0","--","--","--","--"," ","0.00","4.53","10","4.63","10","255.00",
="081936","飛捷凱基4B購01","0","0","0","--","--","--","--"," ","0.00","0.19","100","0.20","10","106.50",
="081937","愛普凱基4B購03","0","0","0","--","--","--","--"," ","0.00","3.48","100","3.56","10","344.00",
="081938","雲豹凱基4B購01","0","0","0","--","--","--","--"," ","0.00","0.05","100","0.15","10","119.00",
="081939","振樺電凱基4B購01","0","0","0","--","--","--","--"," ","0.00","0.03","10","0.05","50","229.50",
="08193P","FBNQ2X元大4A售06","0","0","0","--","--","--","--"," ","0.00","--","0","0.05","60","0.00",
="081940","世紀鋼凱基53購01","2,000","1","5,660","2.83","2.83","2.83","2.83","-","0.04","2.72","10","2.76","10","171.50",
="081941","道瓊反國票51購01","100,000","3","15,600","0.16","0.16","0.15","0.15","-","0.02","0.15","25","0.16","10","5.81",
="081942","FB臺反國票4B購01","0","0","0","--","--","--","--"," ","0.00","0.13","25","0.14","10","10.05",
="081943","FB臺反國票51購01","0","0","0","--","--","--","--"," ","0.00","0.10","25","0.19","10","10.05",
="081944","聯電國票4B購01","100,000","2","21,000","0.21","0.21","0.21","0.21","X","0.00","0.20","25","0.21","10","43.90",
="081945","台達電國票51購01","0","0","0","--","--","--","--"," ","0.00","47.70","25","48.70","10","893.00",
="081946","光罩國票4C購01","10,000","1","22,000","2.20","2.20","2.20","2.20","X","0.00","2.20","25","2.26","10","41.20",
="081947","智邦國票4C購05","3,000","1","13,050","4.35","4.35","4.35","4.35","X","0.00","4.25","25","4.35","7","1,005.00",
="081949","金像電國票4C購03","20,000","1","256,000","12.80","12.80","12.80","12.80","+","0.40","12.80","25","13.10","10","455.00",
="08194P","美費半元大4C售02","0","0","0","--","--","--","--"," ","0.00","0.04","10","0.13","10","0.00",
="081950","台光電國票4C購05","0","0","0","--","--","--","--"," ","0.00","16.60","25","17.10","10","1,345.00",
="081952","鉅祥國票4B購01","0","0","0","--","--","--","--"," ","0.00","5.80","25","6.10","10","108.50",
="081954","聯發科統一53購01","29,000","2","7,450","0.25","0.26","0.25","0.26","-","0.01","0.24","10","0.25","10","1,375.00",
="081955","亞光國票4C購03","30,000","1","35,700","1.19","1.19","1.19","1.19","-","0.02","1.08","25","1.09","10","161.50",
="081956","欣興國票4C購02","0","0","0","--","--","--","--"," ","0.00","--","0","--","0","159.00",
="081958","緯創國票51購03","19,000","2","16,150","0.85","0.85","0.85","0.85","X","0.00","0.74","25","0.75","10","122.50",
="081959","聯鈞國票4C購04","628,000","32","1,932,430","2.70","3.49","2.70","3.37","+","0.65","3.38","25","3.39","10","278.00",
="08195P","上銀中信4A售03","0","0","0","--","--","--","--"," ","0.00","--","0","--","0","0.00",
="081961","海華國票4B購03","0","0","0","--","--","--","--"," ","0.00","6.35","25","6.85","10","83.80",
="081963","上緯控國票4B購01","0","0","0","--","--","--","--"," ","0.00","3.43","25","3.53","10","114.50",
="081965","帆宣國票4C購03","0","0","0","--","--","--","--"," ","0.00","3.18","25","3.24","10","255.00",
="081968","佳能中信4B購01","0","0","0","--","--","--","--"," ","0.00","4.03","10","--","0","0.00",
="081969","國泰金中信4B購03","0","0","0","--","--","--","--"," ","0.00","0.22","499","0.23","10","0.00",
="08196P","緯創中信4A售01","0","0","0","--","--","--","--"," ","0.00","--","0","0.01","113","0.00",
="081970","大銀中信4B購01","0","0","0","--","--","--","--"," ","0.00","0.05","10","0.06","10","0.00",
="081972","昇陽半中信4B購01","358,000","26","313,420","0.90","0.96","0.80","0.80","-","0.05","0.78","10","0.80","10","0.00",
="081973","陽明元富4B購04","0","0","0","--","--","--","--"," ","0.00","0.01","25","0.10","10","55.20",
="081974","台塑國票4B購01","0","0","0","--","--","--","--"," ","0.00","1.85","25","1.90","10","38.60",
="081975","台化國票4B購01","0","0","0","--","--","--","--"," ","0.00","2.25","25","2.35","10","28.95",
="081976","雄獅國票4C購01","0","0","0","--","--","--","--"," ","0.00","0.75","25","0.78","10","158.50",
="081979","雄獅國票51購01","0","0","0","--","--","--","--"," ","0.00","0.81","25","0.82","10","158.50",
="08197P","台灣50凱基4C售06","0","0","0","--","--","--","--"," ","0.00","0.17","100","0.18","10","0.00",
="081980","材料國票4C購05","0","0","0","--","--","--","--"," ","0.00","0.11","25","0.12","10","66.40",
="081981","亞翔國票4B購02","0","0","0","--","--","--","--"," ","0.00","6.25","25","6.75","10","358.50",
="081982","精成科國票51購01","24,000","6","214,750","9.45","9.45","8.35","8.35","-","1.25","8.05","25","8.15","10","125.50",
="081983","聯茂國票4C購01","0","0","0","--","--","--","--"," ","0.00","5.55","25","6.05","10","111.50",
="081984","泓德國票4C購01","0","0","0","--","--","--","--"," ","0.00","0.01","25","0.02","10","125.50",
="081985","振樺電國票4C購01","0","0","0","--","--","--","--"," ","0.00","0.18","25","0.19","10","229.50",
="081986","嘉澤國泰4C購02","0","0","0","--","--","--","--"," ","0.00","3.12","499","3.18","10","1,605.00",
="081987","元債2X富邦52購03","0","0","0","--","--","--","--"," ","0.00","1.16","100","1.17","10","0.00",
="081988","國巨富邦4B購02","0","0","0","--","--","--","--"," ","0.00","3.56","30","3.63","10","0.00",
="081989","華晶科富邦51購01","20,000","2","34,100","1.69","1.72","1.69","1.72","+","0.17","1.55","10","1.65","10","0.00",
="08198P","鴻海凱基4A售11","0","0","0","--","--","--","--"," ","0.00","--","0","--","0","0.00",
="081990","聯鈞富邦4B購01","2,237,000","113","1,938,440","0.71","0.96","0.71","0.93","+","0.23","0.92","30","0.93","7","0.00",
="081991","辛耘富邦4B購01","0","0","0","--","--","--","--"," ","0.00","1.40","30","1.41","10","0.00",
="081992","昇陽半富邦4C購01","4,000","2","5,390","1.35","1.35","1.34","1.34","+","0.04","1.25","30","1.27","10","0.00",
="081993","聯電兆豐51購01","0","0","0","--","--","--","--"," ","0.00","0.30","10","0.31","10","43.90",
="081994","華碩兆豐51購01","159,000","7","212,450","1.31","1.37","1.30","1.37","+","0.06","1.33","10","1.37","10","684.00",
="081995","台光電兆豐4B購01","0","0","0","--","--","--","--"," ","0.00","6.85","10","--","0","1,345.00",
="081996","聯發科兆豐4C購01","140,000","4","90,000","0.64","0.66","0.64","0.64","-","0.08","0.60","10","0.61","10","1,375.00",
="081997","裕民兆豐55購01","10,000","5","7,600","0.78","0.78","0.74","0.74","-","0.07","0.76","10","0.77","10","55.30",
="081998","立積兆豐55購01","201,000","10","239,430","1.24","1.24","1.17","1.19","-","0.23","1.22","10","1.23","10","151.50",
="081999","雲豹台新4B購01","0","0","0","--","--","--","--"," ","0.00","0.06","20","0.07","10","0.00",
="08199P","鴻海凱基54售01","100,000","1","10,000","0.10","0.10","0.10","0.10","-","0.01","0.09","100","0.10","50","0.00",
="082000","昇陽半台新4B購01","27,000","2","76,110","2.68","2.83","2.68","2.83","+","0.21","2.50","20","2.51","10","0.00",
="082001","緯穎第一55購04","0","0","0","--","--","--","--"," ","0.00","1.78","10","1.80","10","0.00",
="082002","FB臺反凱基4B購01","0","0","0","--","--","--","--"," ","0.00","--","0","0.10","10","10.05",
="082003","FB臺反凱基51購01","0","0","0","--","--","--","--"," ","0.00","0.04","10","0.14","10","10.05",
="082004","群臺2X凱基4B購03","0","0","0","--","--","--","--"," ","0.00","8.65","10","9.15","10","108.15",
="082005","美時凱基4B購02","0","0","0","--","--","--","--"," ","0.00","0.21","100","0.22","10","192.00",
="082006","仁寶凱基4C購01","111,000","5","127,480","1.16","1.21","1.06","1.06","+","0.06","1.00","100","1.10","10","31.40",
="082007","台積電凱基4C購33","50,000","5","90,900","1.76","1.86","1.76","1.82","+","0.23","1.78","100","1.88","10","1,340.00",
="082008","智邦凱基51購01","0","0","0","--","--","--","--"," ","0.00","5.35","100","5.85","10","1,005.00",
="082009","金像電凱基4C購02","0","0","0","--","--","--","--"," ","0.00","11.80","100","12.80","10","455.00",
="08200P","台積電凱基4B售10","0","0","0","--","--","--","--"," ","0.00","--","0","0.10","130","0.00",
="082010","佳能凱基4B購02","0","0","0","--","--","--","--"," ","0.00","13.30","100","14.30","10","88.80",
="082011","全新凱基4B購01","10,000","1","32,900","3.29","3.29","3.29","3.29","-","0.38","3.03","100","3.07","10","160.00",
="082012","鉅祥凱基4B購02","0","0","0","--","--","--","--"," ","0.00","7.45","50","7.95","10","108.50",
="082013","長榮凱基55購01","0","0","0","--","--","--","--"," ","0.00","0.46","499","0.47","40","182.00",
="082014","聯鈞凱基4B購06","318,000","30","877,060","2.36","3.14","2.36","3.03","+","0.76","3.02","10","3.09","10","278.00",
="082015","保瑞凱基55購01","36,000","1","57,600","1.60","1.60","1.60","1.60","-","0.04","1.61","100","1.63","10","693.00",
="082016","采鈺凱基4B購02","0","0","0","--","--","--","--"," ","0.00","3.64","10","3.71","10","305.50",
="082017","ITH凱基4B購02","0","0","0","--","--","--","--"," ","0.00","0.02","10","0.12","10","43.90",
="082018","昇陽半凱基4B購02","79,000","14","114,630","1.36","1.57","1.28","1.28","-","0.11","1.27","100","1.29","10","179.50",
="082019","聯鈞統一55購04","2,673,000","89","3,335,860","1.18","1.37","1.16","1.31","+","0.17","1.33","10","1.36","10","278.00",
="08201P","臺股指凱基4C售15","0","0","0","--","--","--","--"," ","0.00","0.01","100","0.02","10","0.00",
="082020","牧德統一59購01","0","0","0","--","--","--","--"," ","0.00","0.58","10","0.59","10","544.00",
="082021","瀚宇博統一55購02","50,000","6","126,370","2.56","2.56","2.49","2.55","+","0.21","2.21","10","2.30","10","104.00",
="082022","雲豹統一56購02","20,000","2","5,000","0.25","0.25","0.25","0.25","X","0.00","0.24","10","0.25","10","119.00",
="082023","美時永豐55購01","41,000","2","29,930","0.73","0.73","0.73","0.73"," ","0.00","0.75","10","0.76","10","192.00",
="082024","金像電永豐51購02","0","0","0","--","--","--","--"," ","0.00","36.00","499","37.00","10","455.00",
="082025","聯發科永豐51購02","0","0","0","--","--","--","--"," ","0.00","1.01","499","1.02","10","1,375.00",
="082026","長榮永豐52購02","0","0","0","--","--","--","--"," ","0.00","0.67","499","0.68","10","182.00",
="082027","陽明永豐4B購05","0","0","0","--","--","--","--"," ","0.00","0.13","499","0.14","10","55.20",
="082028","亞光永豐52購02","0","0","0","--","--","--","--"," ","0.00","1.35","499","1.37","10","161.50",
="082029","群創永豐52購01","43,000","2","38,170","0.88","0.89","0.88","0.89","X","0.00","0.84","499","0.86","10","14.15",
="08202P","奇鋐群益54售04","0","0","0","--","--","--","--"," ","0.00","0.01","499","--","0","0.00",
="082030","華擎永豐4B購02","0","0","0","--","--","--","--"," ","0.00","2.24","499","2.34","10","278.00",
="082031","辛耘永豐52購01","0","0","0","--","--","--","--"," ","0.00","5.25","499","5.75","10","388.00",
="082032","世芯永豐56購02","0","0","0","--","--","--","--"," ","0.00","4.38","499","4.41","10","3,700.00",
="082033","貿聯永豐52購01","30,000","3","476,300","15.90","15.90","15.80","15.80","-","0.30","14.90","499","15.30","10","1,085.00",
="082034","聯茂永豐4C購01","21,000","4","95,580","4.53","4.61","4.25","4.25","-","0.24","4.18","499","4.28","10","111.50",
="082035","迅得永豐4C購02","362,000","5","112,010","0.32","0.32","0.29","0.30"," ","0.00","0.26","499","0.27","10","176.00",
="082036","昇陽半永豐53購01","69,000","4","349,860","4.88","5.15","4.84","5.15","+","0.41","4.57","10","4.67","10","179.50",
="082037","世紀鋼永豐53購03","8,000","1","8,880","1.11","1.11","1.11","1.11","X","0.00","1.05","10","1.06","10","171.50",
="082038","群高息元大4C購02","0","0","0","--","--","--","--"," ","0.00","0.79","499","0.80","10","21.44",
="082039","中興電元大51購03","1,000","1","720","0.72","0.72","0.72","0.72","-","0.03","0.69","499","0.70","10","159.00",
="08203P","世芯群益54售02","36,000","3","4,320","0.12","0.12","0.12","0.12"," ","0.00","0.07","30","0.22","499","0.00",
="082040","中興電元大55購01","6,000","2","6,070","1.02","1.02","1.01","1.01","-","0.03","0.98","499","0.99","10","159.00",
="082041","光寶科元大4B購01","589,000","22","3,224,900","5.30","5.70","5.15","5.45","-","0.55","5.40","151","5.90","10","183.00",
="082042","台達電元大4B購05","0","0","0","--","--","--","--"," ","0.00","26.60","50","--","0","893.00",
="082043","台積電元大4C購20","11,000","5","19,550","1.80","1.80","1.75","1.75","+","0.18","0.14","71","--","0","1,340.00",
="082044","台積電元大51購40","3,000","3","5,030","1.64","1.73","1.64","1.73","+","0.28","0.13","76","--","0","1,340.00",
="082045","智邦元大4B購03","10,000","1","14,900","1.49","1.49","1.49","1.49","X","0.00","0.01","100","--","0","1,005.00",
="082046","金像電元大4B購06","0","0","0","--","--","--","--"," ","0.00","7.60","100","--","0","455.00",
="082047","金像電元大4B購07","0","0","0","--","--","--","--"," ","0.00","7.75","100","--","0","455.00",
="082048","漢唐元大4B購04","0","0","0","--","--","--","--"," ","0.00","9.75","25","--","0","987.00",
="082049","聯發科元大51購24","174,000","1","175,740","1.01","1.01","1.01","1.01","X","0.00","0.96","25","0.98","10","1,375.00",
="08204P","材料群益54售03","0","0","0","--","--","--","--"," ","0.00","0.53","10","0.63","10","0.00",
="082050","長榮元大55購03","0","0","0","--","--","--","--"," ","0.00","0.14","499","0.15","10","182.00",
="082051","長榮航元大53購04","14,000","1","14,560","1.04","1.04","1.04","1.04","-","0.01","1.03","499","1.04","10","38.85",
="082052","大立光元大51購08","84,000","4","101,490","1.23","1.23","1.20","1.20","-","0.07","1.21","499","1.24","10","2,360.00",
="082053","奇鋐元大4B購12","0","0","0","--","--","--","--"," ","0.00","11.10","50","11.50","10","1,015.00",
="082054","奇鋐元大4B購13","50,000","1","111,000","2.22","2.22","2.22","2.22","X","0.00","2.20","350","2.27","10","1,015.00",
="082055","材料元大4C購07","0","0","0","--","--","--","--"," ","0.00","0.13","499","0.14","10","66.40",
="082056","精成科元大4B購01","50,000","12","448,650","9.30","9.30","7.70","7.70","-","1.80","7.70","100","7.85","10","125.50",
="082057","精成科元大4B購02","0","0","0","--","--","--","--"," ","0.00","7.35","100","--","0","125.50",
="082058","佳必琪元大4B購02","144,000","5","272,100","1.87","1.90","1.87","1.90","+","0.01","1.84","400","1.87","10","160.00",
="082059","保瑞元大55購02","52,000","2","87,360","1.68","1.68","1.68","1.68","X","0.00","1.64","25","1.67","10","693.00",
="08205P","緯穎群益54售03","0","0","0","--","--","--","--"," ","0.00","0.08","30","--","0","0.00",
="082060","雲豹元大4B購03","0","0","0","--","--","--","--"," ","0.00","0.07","499","0.08","10","119.00",
="082061","ITH元大4B購04","0","0","0","--","--","--","--"," ","0.00","0.05","499","0.06","10","43.90",
="082062","昇陽半元大4C購02","263,000","14","309,230","1.21","1.27","1.10","1.10","-","0.03","1.08","499","1.10","9","179.50",
="082063","昇陽半元大53購01","130,000","10","169,380","1.32","1.37","1.23","1.23","-","0.05","1.21","499","1.23","10","179.50",
="082064","世紀鋼元大4B購06","0","0","0","--","--","--","--"," ","0.00","0.25","25","0.26","10","171.50",
="082065","上証2X群益4B購03","0","0","0","--","--","--","--"," ","0.00","0.15","18","--","0","47.20",
="082066","辛耘群益4B購01","0","0","0","--","--","--","--"," ","0.00","0.48","10","--","0","388.00",
="082067","達邁群益4C購02","23,000","2","28,450","1.25","1.25","1.22","1.22","+","0.06","1.17","10","1.27","10","73.10",
="082068","世芯群益4B購11","0","0","0","--","--","--","--"," ","0.00","--","0","--","0","3,700.00",
="082069","鈞興群益51購01","0","0","0","--","--","--","--"," ","0.00","1.06","25","1.08","10","178.50",
="08206P","台灣50元富4A售13","0","0","0","--","--","--","--"," ","0.00","--","0","0.10","25","0.00",
="082070","精成科群益4C購02","1,000","1","3,420","3.42","3.42","3.42","3.42","X","0.00","3.34","100","3.44","10","125.50",
="082071","金像電台新4B購02","0","0","0","--","--","--","--"," ","0.00","--","0","--","0","0.00",
="082072","富世達台新4B購01","0","0","0","--","--","--","--"," ","0.00","--","0","--","0","0.00",
="082073","精成科中信4C購01","0","0","0","--","--","--","--"," ","0.00","--","0","--","0","0.00",
="082074","臺股指中信53購09","0","0","0","--","--","--","--"," ","0.00","1.69","499","1.71","100","0.00",
="082075","日本2X永豐51購01","35,000","2","63,300","1.80","1.81","1.80","1.81"," ","0.00","1.81","10","1.82","10","66.80",
="082076","聯發科永豐4C購04","231,000","9","1,925,950","8.50","8.55","8.15","8.15","-","1.15","7.85","499","8.35","10","1,375.00",
="082077","雄獅永豐53購01","0","0","0","--","--","--","--"," ","0.00","8.20","499","8.30","10","158.50",
="082078","大立光永豐4B購01","0","0","0","--","--","--","--"," ","0.00","0.84","10","0.85","10","2,360.00",
="082079","奇鋐永豐4B購06","0","0","0","--","--","--","--"," ","0.00","13.30","499","13.80","10","1,015.00",
="08207P","台灣50元富4A售14","0","0","0","--","--","--","--"," ","0.00","--","0","0.10","25","0.00",
="082080","欣興永豐4B購03","0","0","0","--","--","--","--"," ","0.00","1.68","10","1.73","10","159.00",
="082081","欣興永豐4C購01","0","0","0","--","--","--","--"," ","0.00","1.76","499","--","0","159.00",
="082082","欣興永豐4C購02","10,000","3","27,300","2.98","2.98","2.56","2.56","+","0.14","2.52","10","2.56","10","159.00",
="082083","嘉澤永豐53購01","0","0","0","--","--","--","--"," ","0.00","1.31","10","1.33","10","1,605.00",
="082084","牧德永豐53購01","28,000","1","34,160","1.22","1.22","1.22","1.22","-","0.09","1.18","499","1.20","10","544.00",
="082085","材料永豐53購02","0","0","0","--","--","--","--"," ","0.00","0.54","10","0.55","10","66.40",
="082086","達興永豐4C購01","0","0","0","--","--","--","--"," ","0.00","7.15","499","--","0","399.00",
="082087","富世達永豐4C購02","0","0","0","--","--","--","--"," ","0.00","3.35","10","3.45","10","1,010.00",
="082088","富世達永豐53購01","0","0","0","--","--","--","--"," ","0.00","10.70","499","10.90","10","1,010.00",
="082089","寶成永豐51購01","0","0","0","--","--","--","--"," ","0.00","1.38","499","1.39","10","28.90",
="08208P","台積電元富4A售31","0","0","0","--","--","--","--"," ","0.00","--","0","0.03","2","0.00",
="082090","佳能統一55購02","0","0","0","--","--","--","--"," ","0.00","2.01","10","2.07","10","88.80",
="082091","志聖統一55購02","491,000","18","450,430","0.89","0.98","0.87","0.87","+","0.02","0.85","10","0.86","10","197.00",
="082092","志聖統一57購01","89,000","7","78,330","0.88","0.91","0.85","0.85"," ","0.00","0.85","10","0.86","10","197.00",
="082093","長榮統一55購05","0","0","0","--","--","--","--"," ","0.00","0.24","10","0.25","10","182.00",
="082094","陽明統一55購04","0","0","0","--","--","--","--"," ","0.00","0.13","10","0.14","10","55.20",
="082095","陽明統一55購05","0","0","0","--","--","--","--"," ","0.00","0.13","10","0.14","10","55.20",
="082096","嘉澤統一55購01","88,000","2","72,380","0.81","0.83","0.81","0.83","-","0.03","0.81","10","0.82","10","1,605.00",
="082097","瀚宇博統一55購03","0","0","0","--","--","--","--"," ","0.00","1.85","10","1.86","10","104.00",
="082098","精成科統一55購02","0","0","0","--","--","--","--"," ","0.00","1.17","10","1.18","10","125.50",
="082099","聯茂統一55購01","0","0","0","--","--","--","--"," ","0.00","1.05","10","1.06","10","111.50",
="08209P","台灣50國票4A售05","0","0","0","--","--","--","--"," ","0.00","0.01","25","0.05","10","0.00",
="082100","愛普統一55購02","64,000","2","51,660","0.79","0.81","0.79","0.81","-","0.02","0.83","10","0.84","10","344.00",
="082101","中砂兆豐51購01","26,000","2","30,120","1.17","1.17","1.15","1.15","+","0.12","1.14","10","1.15","10","339.00",
="082102","華新兆豐51購01","227,000","9","288,100","1.30","1.30","1.22","1.23","-","0.06","1.20","10","1.21","10","24.05",
="082103","威盛兆豐55購01","50,000","1","26,500","0.53","0.53","0.53","0.53","-","0.04","0.52","10","0.53","10","59.50",
="082104","創意兆豐51購01","70,000","2","93,800","1.34","1.34","1.34","1.34","+","0.11","1.32","10","1.34","10","1,315.00",
="082105","泓德兆豐51購01","0","0","0","--","--","--","--"," ","0.00","0.04","10","0.05","10","125.50",
="082106","東陽凱基4B購03","0","0","0","--","--","--","--"," ","0.00","0.04","100","0.14","10","94.10",
="082107","台化凱基4B購02","0","0","0","--","--","--","--"," ","0.00","2.03","100","2.13","10","28.95",
="082108","中興電凱基4B購04","0","0","0","--","--","--","--"," ","0.00","0.86","100","0.96","10","159.00",
="082109","聯發科凱基51購04","0","0","0","--","--","--","--"," ","0.00","1.43","100","1.44","10","1,375.00",
="08210P","臺股指國票4A售10","0","0","0","--","--","--","--"," ","0.00","--","0","--","0","0.00",
="082110","陽明凱基4C購05","0","0","0","--","--","--","--"," ","0.00","0.07","100","0.08","50","55.20",
="082111","華航凱基4B購02","5,000","1","1,950","0.39","0.39","0.39","0.39","X","0.00","0.38","10","0.39","10","20.95",
="082112","長榮航凱基53購01","15,000","1","16,800","1.12","1.12","1.12","1.12","X","0.00","1.14","100","1.24","10","38.85",
="082113","國泰金凱基4C購02","25,000","1","27,250","1.09","1.09","1.09","1.09","-","0.04","1.12","10","1.15","10","66.20",
="082114","華擎凱基4B購01","0","0","0","--","--","--","--"," ","0.00","2.43","100","2.48","10","278.00",
="082115","嘉澤凱基51購03","60,000","2","114,800","1.96","1.96","1.89","1.89","-","0.11","1.91","10","1.93","10","1,605.00",
="082116","辛耘凱基4B購01","8,000","1","26,240","3.28","3.28","3.28","3.28","+","0.35","3.20","10","3.30","10","388.00",
="082117","世芯凱基4B購07","124,000","12","274,790","2.39","2.39","2.09","2.09","-","0.31","2.07","100","2.10","10","3,700.00",
="082118","精成科凱基4B購01","0","0","0","--","--","--","--"," ","0.00","6.15","100","--","0","125.50",
="082119","聯茂凱基4B購01","0","0","0","--","--","--","--"," ","0.00","3.38","100","3.48","10","111.50",
="08211P","T50正2元大4A售10","0","0","0","--","--","--","--"," ","0.00","--","0","0.10","10","0.00",
="082120","富世達凱基4C購03","0","0","0","--","--","--","--"," ","0.00","6.25","100","--","0","1,010.00",
="082122","雲豹凱基4B購02","0","0","0","--","--","--","--"," ","0.00","0.09","100","0.11","30","119.00",
="082123","泓德凱基4B購01","0","0","0","--","--","--","--"," ","0.00","0.01","100","0.11","10","125.50",
="082124","世紀鋼凱基51購02","0","0","0","--","--","--","--"," ","0.00","0.28","10","0.29","10","171.50",
="082125","臺股指凱基4B購32","0","0","0","--","--","--","--"," ","0.00","6.80","100","6.85","10","0.00",
="082126","國企2X群益51購01","0","0","0","--","--","--","--"," ","0.00","0.72","10","0.82","10","11.65",
="082127","士電群益4B購03","0","0","0","--","--","--","--"," ","0.00","0.09","10","0.19","10","183.00",
="082128","智邦群益4B購01","0","0","0","--","--","--","--"," ","0.00","2.39","100","2.48","100","1,005.00",
="082129","金像電群益4B購06","0","0","0","--","--","--","--"," ","0.00","--","0","8.45","10","455.00",
="08212P","臺股指元大4A售42","0","0","0","--","--","--","--"," ","0.00","--","0","0.10","10","0.00",
="082130","鉅祥群益4B購01","0","0","0","--","--","--","--"," ","0.00","2.59","3","6.10","10","108.50",
="082131","長榮群益4B購05","0","0","0","--","--","--","--"," ","0.00","0.04","100","0.05","100","182.00",
="082132","裕民群益4B購07","22,000","1","22,000","1.00","1.00","1.00","1.00","-","0.18","0.97","10","1.07","10","55.30",
="082133","長榮航群益4C購02","10,000","1","8,100","0.81","0.81","0.81","0.81","+","0.03","0.78","10","0.88","10","38.85",
="082134","王品群益4B購01","0","0","0","--","--","--","--"," ","0.00","0.44","100","0.45","100","230.00",
="082135","奇鋐群益54購08","9,000","3","25,930","2.97","2.97","2.86","2.86","X","0.00","2.65","499","2.75","10","1,015.00",
="082136","貿聯群益54購01","0","0","0","--","--","--","--"," ","0.00","--","0","2.56","10","1,085.00",
="082137","帆宣群益4B購01","0","0","0","--","--","--","--"," ","0.00","--","0","3.14","10","255.00",
="082138","保瑞群益51購03","23,000","2","36,340","1.58","1.58","1.58","1.58","X","0.00","1.58","10","1.68","10","693.00",
="082139","T50反1元大4B購05","0","0","0","--","--","--","--"," ","0.00","0.01","100","0.06","10","18.29",
="08213P","金融類元大4A售02","0","0","0","--","--","--","--"," ","0.00","0.01","499","0.11","10","0.00",
="082140","T50反1元大4B購06","0","0","0","--","--","--","--"," ","0.00","0.01","100","0.06","10","18.29",
="082141","中興電元大4B購04","2,000","1","700","0.35","0.35","0.35","0.35","-","0.01","0.33","499","0.34","10","159.00",
="082142","華城元大51購08","0","0","0","--","--","--","--"," ","0.00","--","0","--","0","586.00",
="082143","川湖元大4B購07","18,000","2","65,070","3.39","3.66","3.39","3.66","-","0.55","3.32","250","3.42","10","3,220.00",
="082144","鴻海元大51購13","47,000","4","110,730","2.34","2.41","2.34","2.36","X","0.00","2.38","350","2.39","10","221.00",
="082145","仁寶元大4B購01","45,000","2","65,250","1.45","1.45","1.45","1.45","X","0.00","1.29","499","1.31","10","31.40",
="082146","台積電元大4C購21","2,000","1","5,180","2.59","2.59","2.59","2.59","X","0.00","--","0","2.67","1","1,340.00",
="082147","台積電元大51購41","492,000","12","1,036,330","2.00","2.13","2.00","2.09","+","0.24","0.50","20","--","0","1,340.00",
="082148","金像電元大4B購08","0","0","0","--","--","--","--"," ","0.00","8.00","100","--","0","455.00",
="082149","微星元大4B購03","20,000","2","2,700","0.14","0.14","0.13","0.13","-","0.01","0.11","499","0.12","10","119.50",
="08214P","臺股指富邦4A售11","0","0","0","--","--","--","--"," ","0.00","--","0","0.04","5","0.00",
="082150","聯發科元大53購02","234,000","3","307,580","1.34","1.34","1.29","1.29","-","0.13","1.24","25","1.26","10","1,375.00",
="082151","長榮元大55購04","0","0","0","--","--","--","--"," ","0.00","0.14","499","0.15","10","182.00",
="082152","陽明元大4B購09","0","0","0","--","--","--","--"," ","0.00","0.01","499","0.11","10","55.20",
="082153","華航元大4B購03","0","0","0","--","--","--","--"," ","0.00","0.56","499","0.57","10","20.95",
="082154","大立光元大4B購02","78,000","3","25,840","0.34","0.34","0.33","0.33","-","0.03","0.33","499","0.34","10","2,360.00",
="082155","奇鋐元大4B購14","0","0","0","--","--","--","--"," ","0.00","2.41","300","2.47","10","1,015.00",
="082156","亞光元大4B購07","63,000","2","32,270","0.54","0.54","0.49","0.49","-","0.03","0.48","499","0.49","10","161.50",
="082157","智原元大4B購14","0","0","0","--","--","--","--"," ","0.00","0.24","499","0.25","10","174.00",
="082158","群創元大53購01","0","0","0","--","--","--","--"," ","0.00","0.75","499","0.76","10","14.15",
="082159","華擎元大4B購02","0","0","0","--","--","--","--"," ","0.00","1.71","450","1.75","10","278.00",
="08215P","臺股指富邦4C售09","0","0","0","--","--","--","--"," ","0.00","0.01","499","0.03","100","0.00",
="082160","嘉澤元大4B購08","352,000","8","198,580","0.57","0.57","0.53","0.54","-","0.05","0.53","499","0.55","10","1,605.00",
="082161","達邁元大4B購01","366,000","19","356,380","0.93","1.01","0.88","0.88","+","0.02","0.87","499","0.88","8","73.10",
="082162","世芯元大51購18","60,000","1","81,600","1.36","1.36","1.36","1.36","-","0.11","0.35","28","--","0","3,700.00",
="082163","神達元大4B購05","0","0","0","--","--","--","--"," ","0.00","6.80","100","6.95","10","90.00",
="082164","材料元大51購15","0","0","0","--","--","--","--"," ","0.00","0.07","499","0.08","10","66.40",
="082165","精成科元大4B購03","0","0","0","--","--","--","--"," ","0.00","5.35","100","--","0","125.50",
="082166","富世達元大4B購03","0","0","0","--","--","--","--"," ","0.00","6.95","100","--","0","1,010.00",
="082167","雲豹元大4B購04","0","0","0","--","--","--","--"," ","0.00","0.01","499","0.10","20","119.00",
="082168","泓德元大4B購02","0","0","0","--","--","--","--"," ","0.00","--","0","0.10","10","125.50",
="082169","長榮元富4B購10","0","0","0","--","--","--","--"," ","0.00","0.07","25","0.10","10","182.00",
="08216P","臺股指富邦51售05","0","0","0","--","--","--","--"," ","0.00","0.02","499","0.05","100","0.00",
="082170","欣興元富4B購01","276,000","15","1,503,150","5.55","5.75","5.15","5.15","+","0.10","4.94","25","5.00","25","159.00",
="082171","世芯元富56購03","0","0","0","--","--","--","--"," ","0.00","3.44","25","3.49","25","3,700.00",
="082172","保瑞元富55購02","1,000","1","4,190","4.19","4.19","4.19","4.19","+","0.02","4.06","25","4.16","10","693.00",
="082173","穎崴元富51購01","109,000","2","411,020","3.78","3.78","3.76","3.76","X","0.00","3.83","25","3.93","25","2,015.00",
="082174","愛普元富4B購02","6,000","1","10,020","1.67","1.67","1.67","1.67","-","0.08","0.60","16","--","0","344.00",
="082175","緯穎元富55購03","0","0","0","--","--","--","--"," ","0.00","2.04","25","2.06","25","3,140.00",
="082176","富世達元富55購01","0","0","0","--","--","--","--"," ","0.00","7.00","25","7.20","25","1,010.00",
="082177","台塑國票4C購01","0","0","0","--","--","--","--"," ","0.00","1.56","25","1.58","10","38.60",
="082178","士電國票51購01","10,000","1","7,300","0.73","0.73","0.73","0.73","X","0.00","0.76","25","0.77","10","183.00",
="082179","士電國票53購01","0","0","0","--","--","--","--"," ","0.00","0.57","25","0.58","10","183.00",
="08217P","道瓊2X中信51售01","0","0","0","--","--","--","--"," ","0.00","0.35","30","0.36","30","0.00",
="082180","華城國票4C購03","0","0","0","--","--","--","--"," ","0.00","5.10","25","5.15","10","586.00",
="082181","美時國票4B購02","0","0","0","--","--","--","--"," ","0.00","0.07","25","0.08","10","192.00",
="082182","仁寶國票4C購02","76,000","2","52,880","0.69","0.73","0.69","0.73","X","0.00","0.61","25","0.62","10","31.40",
="082183","京元電國票4C購01","0","0","0","--","--","--","--"," ","0.00","9.55","25","9.95","10","167.00",
="082184","冠德國票4C購03","70,000","2","6,300","0.09","0.09","0.09","0.09","+","0.01","0.08","25","0.09","10","36.65",
="082185","富邦金國票4C購02","39,000","5","78,600","1.97","2.05","1.97","2.05","+","0.02","2.01","25","2.03","10","88.40",
="082186","全漢國票4B購01","0","0","0","--","--","--","--"," ","0.00","0.33","25","0.34","10","54.80",
="082187","京鼎國票4C購02","5,000","1","5,050","1.01","1.01","1.01","1.01","+","0.06","0.99","25","1.03","10","306.00",
="082188","華擎國票4C購02","0","0","0","--","--","--","--"," ","0.00","3.38","25","3.40","10","278.00",
="082189","辛耘國票4C購01","18,000","5","57,030","3.15","3.31","3.11","3.22","+","0.44","3.00","25","3.04","10","388.00",
="08218P","臺股指元富4A售13","0","0","0","--","--","--","--"," ","0.00","--","0","0.10","25","0.00",
="082190","辛耘國票51購01","634,000","25","1,857,140","2.86","3.15","2.86","2.90","+","0.22","2.90","10","--","0","388.00",
="082191","達邁國票4C購02","51,000","10","106,380","2.02","2.18","2.01","2.01","+","0.16","1.90","25","1.91","10","73.10",
="082192","達邁國票4C購03","16,000","2","40,770","2.50","2.57","2.50","2.57","+","0.36","2.26","25","2.27","10","73.10",
="082193","訊連國票4C購04","0","0","0","--","--","--","--"," ","0.00","0.41","25","0.42","10","97.60",
="082194","愛普國票4B購01","1,000","1","1,780","1.78","1.78","1.78","1.78","-","0.17","1.92","25","1.97","10","344.00",
="082195","愛普國票4C購01","211,000","5","332,510","1.71","1.71","1.57","1.71","-","0.01","1.74","25","1.75","10","344.00",
="082196","采鈺國票4B購02","370,000","7","1,024,920","3.00","3.00","2.67","2.73","-","0.33","2.71","25","2.73","10","305.50",
="082197","采鈺國票4C購01","0","0","0","--","--","--","--"," ","0.00","3.70","25","3.78","10","305.50",
="082198","雲豹國票4C購04","674,000","50","45,920","0.07","0.08","0.06","0.06","-","0.01","0.06","27","0.07","110","119.00",
="082199","台虹國票4C購02","0","0","0","--","--","--","--"," ","0.00","3.50","25","3.60","10","63.30",
="08219P","臺股指元富4A售14","0","0","0","--","--","--","--"," ","0.00","--","0","0.10","25","0.00",
="082200","和大國泰4C購01","10,000","2","15,850","1.65","1.65","1.52","1.52","-","0.18","1.51","499","1.52","250","65.30",
="082201","鈞興國泰4C購01","1,000","1","2,200","2.20","2.20","2.20","2.20","-","0.09","2.12","499","2.15","100","178.50",
="082202","精成科國泰4C購01","0","0","0","--","--","--","--"," ","0.00","5.95","499","6.25","10","125.50",
="082203","泓德國泰4C購01","0","0","0","--","--","--","--"," ","0.00","0.04","499","0.05","499","125.50",
="082204","鴻海富邦51購04","0","0","0","--","--","--","--"," ","0.00","3.78","30","3.84","10","0.00",
="082205","台積電富邦51購09","100,000","10","281,700","2.74","2.85","2.74","2.85","X","0.00","2.84","30","2.91","10","0.00",
="082208","中興電統一4B購01","0","0","0","--","--","--","--"," ","0.00","0.02","10","0.10","36","159.00",
="082209","金像電富邦4C購02","0","0","0","--","--","--","--"," ","0.00","4.24","30","4.28","10","0.00",
="08220P","臺股指元富4A售15","0","0","0","--","--","--","--"," ","0.00","--","0","0.10","25","0.00",
="082212","台積電統一53購01","2,000","2","19,500","9.65","9.85","9.65","9.85","X","0.00","9.55","10","9.60","10","1,340.00",
="082213","聯發科富邦51購05","0","0","0","--","--","--","--"," ","0.00","1.07","30","1.09","10","0.00",
="082214","雄獅富邦4B購01","10,000","1","3,000","0.30","0.30","0.30","0.30","-","0.04","0.29","30","0.30","28","0.00",
="082216","貿聯富邦4B購01","0","0","0","--","--","--","--"," ","0.00","2.84","30","2.90","10","0.00",
="082217","神達富邦4C購02","0","0","0","--","--","--","--"," ","0.00","3.04","10","3.08","10","0.00",
="082218","精銳富邦4C購01","0","0","0","--","--","--","--"," ","0.00","0.16","30","0.17","28","0.00",
="082219","長榮台新4B購04","0","0","0","--","--","--","--"," ","0.00","0.10","20","0.11","10","0.00",
="08221P","國企2X國票4B售01","0","0","0","--","--","--","--"," ","0.00","0.05","25","0.06","10","0.00",
="082220","精成科台新4B購01","0","0","0","--","--","--","--"," ","0.00","--","0","--","0","0.00",
="082221","華城元富4B購04","5,000","1","49,000","9.80","9.80","9.80","9.80","X","0.00","9.30","25","9.80","10","586.00",
="082222","聯發科元富5A購05","211,000","12","222,950","1.08","1.08","1.03","1.03","-","0.06","1.02","25","1.03","15","1,375.00",
="082223","聯發科元富5A購06","5,000","1","4,000","0.80","0.80","0.80","0.80","-","0.03","0.77","25","0.78","25","1,375.00",
="082224","聯發科元富5A購07","10,000","1","7,300","0.73","0.73","0.73","0.73","X","0.00","0.71","25","0.72","25","1,375.00",
="082225","晟銘電元富55購01","0","0","0","--","--","--","--"," ","0.00","1.79","25","1.81","25","121.00",
="082226","全漢元富4B購02","26,000","1","10,660","0.41","0.41","0.41","0.41","X","0.00","0.39","25","0.40","25","54.80",
="082227","全漢元富53購01","0","0","0","--","--","--","--"," ","0.00","0.34","25","0.35","25","54.80",
="082228","欣興元富55購01","7,000","3","30,870","4.47","4.47","4.25","4.25","+","0.16","4.10","25","4.16","25","159.00",
="082229","貿聯元富55購01","0","0","0","--","--","--","--"," ","0.00","4.33","25","4.43","10","1,085.00",
="08222P","台積電國票4A售17","5,000","1","50","0.01","0.01","0.01","0.01","X","0.00","0.01","25","0.05","10","0.00",
="082231","香港2X國票55購01","1,000","1","2,430","2.43","2.43","2.43","2.43","-","0.04","2.28","25","2.29","10","18.02",
="082232","和大國票4C購03","0","0","0","--","--","--","--"," ","0.00","0.72","25","0.74","10","65.30",
="082233","精成科國票53購01","0","0","0","--","--","--","--"," ","0.00","5.65","25","5.75","10","125.50",
="082234","愛普國票4C購02","0","0","0","--","--","--","--"," ","0.00","3.20","25","3.22","10","344.00",
="082235","復盛國票4B購01","0","0","0","--","--","--","--"," ","0.00","0.13","25","0.14","10","265.00",
="082236","復盛國票4C購01","0","0","0","--","--","--","--"," ","0.00","0.12","25","0.13","10","265.00",
="082237","勤誠國票4C購01","0","0","0","--","--","--","--"," ","0.00","9.00","25","9.30","10","600.00",
="082238","鴻海國泰4C購04","0","0","0","--","--","--","--"," ","0.00","7.70","190","7.85","100","221.00",
="082239","台積電國泰4C購03","10,000","1","71,500","7.15","7.15","7.15","7.15","X","0.00","--","0","--","0","1,340.00",
="08223P","台光電國票4B售02","0","0","0","--","--","--","--"," ","0.00","--","0","0.14","14","0.00",
="082240","聯發科國泰4C購05","0","0","0","--","--","--","--"," ","0.00","0.80","499","0.82","499","1,375.00",
="082241","長榮國泰4C購02","0","0","0","--","--","--","--"," ","0.00","0.17","499","0.18","100","182.00",
="082242","牧德國泰4C購02","0","0","0","--","--","--","--"," ","0.00","1.15","499","1.17","250","544.00",
="082243","精成科國泰4C購02","0","0","0","--","--","--","--"," ","0.00","5.25","499","5.75","10","125.50",
="082244","采鈺國泰4C購01","12,000","3","65,400","5.45","5.50","5.30","5.30","-","0.05","5.20","499","5.40","100","305.50",
="082245","中興電富邦4B購01","0","0","0","--","--","--","--"," ","0.00","0.44","30","0.45","10","0.00",
="082246","華城富邦51購02","0","0","0","--","--","--","--"," ","0.00","1.52","10","1.62","10","0.00",
="082247","美時富邦51購01","0","0","0","--","--","--","--"," ","0.00","0.23","10","0.24","60","0.00",
="082248","皇昌富邦4C購02","0","0","0","--","--","--","--"," ","0.00","0.57","10","0.58","10","0.00",
="082249","長榮富邦53購01","0","0","0","--","--","--","--"," ","0.00","0.38","10","0.39","10","0.00",
="08224P","長榮國票4B售04","10,000","1","500","0.05","0.05","0.05","0.05","X","0.00","0.04","25","0.05","10","0.00",
="082250","陽明富邦53購01","0","0","0","--","--","--","--"," ","0.00","0.02","10","0.10","10","0.00",
="082251","奇鋐富邦51購03","0","0","0","--","--","--","--"," ","0.00","2.94","10","3.04","10","0.00",
="082252","欣興富邦4C購01","0","0","0","--","--","--","--"," ","0.00","2.13","10","2.18","10","0.00",
="082253","聯鈞富邦51購01","1,031,000","38","1,360,770","1.29","1.40","1.20","1.35","+","0.17","1.37","30","1.38","10","0.00",
="082254","嘉澤富邦4C購02","0","0","0","--","--","--","--"," ","0.00","1.28","10","1.38","10","0.00",
="082255","力成富邦4B購01","0","0","0","--","--","--","--"," ","0.00","1.16","10","1.18","10","0.00",
="082256","保瑞富邦53購01","237,000","5","134,290","0.56","0.57","0.56","0.57","+","0.01","0.56","10","0.57","10","0.00",
="082257","富世達富邦53購01","0","0","0","--","--","--","--"," ","0.00","2.24","10","2.34","10","0.00",
="082258","欣興兆豐55購01","170,000","7","556,900","3.35","3.35","3.20","3.20","+","0.14","3.09","10","3.11","10","159.00",
="082259","精成科兆豐51購01","0","0","0","--","--","--","--"," ","0.00","2.17","10","--","0","125.50",
="08225P","萬海國票4B售01","0","0","0","--","--","--","--"," ","0.00","0.13","25","0.14","10","0.00",
="082260","昇陽半兆豐4C購01","1,000","1","1,950","1.95","1.95","1.95","1.95","X","0.00","1.79","10","1.88","10","179.50",
="082261","上証2X群益4B購04","0","0","0","--","--","--","--"," ","0.00","0.20","2","--","0","47.20",
="082262","國企2X群益56購01","9,000","2","8,020","0.90","0.90","0.88","0.88","-","0.03","0.85","10","0.95","10","11.65",
="082263","川湖群益4B購03","0","0","0","--","--","--","--"," ","0.00","5.90","1","--","0","3,220.00",
="082264","智邦群益55購01","0","0","0","--","--","--","--"," ","0.00","0.91","10","1.52","10","1,005.00",
="082265","聯發科群益4B購11","0","0","0","--","--","--","--"," ","0.00","--","0","2.06","10","1,375.00",
="082266","裕民群益4B購08","7,000","1","3,640","0.52","0.52","0.52","0.52","-","0.12","0.53","10","0.63","10","55.30",
="082267","奇鋐群益54購09","0","0","0","--","--","--","--"," ","0.00","2.69","499","2.79","10","1,015.00",
="082268","欣興群益4B購04","0","0","0","--","--","--","--"," ","0.00","4.10","25","4.20","10","159.00",
="082269","神達群益4C購01","0","0","0","--","--","--","--"," ","0.00","3.78","10","3.88","10","90.00",
="08226P","創意國票4B售05","0","0","0","--","--","--","--"," ","0.00","0.01","25","0.05","10","0.00",
="082270","精成科群益4C購03","0","0","0","--","--","--","--"," ","0.00","--","0","--","0","125.50",
="082271","聯茂群益4B購01","52,000","3","78,390","1.81","1.81","1.50","1.58","-","0.21","0.43","23","2.00","1","111.50",
="082272","穎崴群益53購02","0","0","0","--","--","--","--"," ","0.00","3.22","10","--","0","2,015.00",
="082273","新興統一55購01","122,000","3","53,260","0.44","0.44","0.43","0.43","-","0.04","0.44","56","0.45","10","22.60",
="082274","慧洋統一55購02","50,000","1","20,000","0.40","0.40","0.40","0.40","-","0.01","0.39","10","0.40","10","58.40",
="082275","佳必琪統一55購02","0","0","0","--","--","--","--"," ","0.00","0.69","10","0.70","10","160.00",
="082276","聯茂統一58購01","335,000","17","321,090","0.95","0.99","0.94","0.98","+","0.03","0.90","10","0.91","10","111.50",
="082277","泓德統一55購03","0","0","0","--","--","--","--"," ","0.00","0.10","10","0.11","10","125.50",
="082278","昇陽半統一58購01","233,000","12","271,500","1.16","1.20","1.12","1.12","-","0.01","1.09","10","1.10","10","179.50",
="082279","勤誠統一55購01","40,000","7","82,060","2.04","2.09","2.04","2.09","X","0.00","2.00","10","2.01","10","600.00",
="08227P","永崴控國票4B售03","0","0","0","--","--","--","--"," ","0.00","0.10","25","0.11","10","0.00",
="082280","道瓊2X中信53購03","3,000","2","3,210","1.07","1.07","1.07","1.07"," ","0.00","1.07","499","1.08","100","0.00",
="082281","牧德中信4B購02","0","0","0","--","--","--","--"," ","0.00","0.08","10","0.42","5","0.00",
="082282","鴻海永豐4B購12","0","0","0","--","--","--","--"," ","0.00","3.57","499","3.65","10","221.00",
="082283","瑞昱永豐51購01","8,000","1","14,720","1.84","1.84","1.84","1.84","X","0.00","1.81","10","1.84","10","540.00",
="082284","長榮永豐4B購05","0","0","0","--","--","--","--"," ","0.00","0.39","499","0.40","10","182.00",
="082285","大立光永豐4B購02","0","0","0","--","--","--","--"," ","0.00","0.12","499","0.13","10","2,360.00",
="082286","大立光永豐4B購03","12,000","2","2,100","0.17","0.18","0.17","0.18","-","0.01","0.18","24","0.19","10","2,360.00",
="082287","奇鋐永豐4C購03","0","0","0","--","--","--","--"," ","0.00","14.30","499","14.70","10","1,015.00",
="082288","世芯永豐4B購12","29,000","1","58,290","2.01","2.01","2.01","2.01","-","0.37","1.93","499","1.95","10","3,700.00",
="082289","亞翔永豐4C購02","30,000","3","258,500","8.80","8.80","8.40","8.40","-","0.15","8.45","20","8.70","10","358.50",
="08228P","訊芯國票4B售01","0","0","0","--","--","--","--"," ","0.00","0.08","25","0.09","10","0.00",
="082290","聯茂永豐51購01","190,000","21","323,690","1.64","1.76","1.51","1.51","-","0.13","1.52","10","1.62","10","111.50",
="082291","緯穎永豐4B購06","0","0","0","--","--","--","--"," ","0.00","2.07","499","2.08","10","3,140.00",
="082292","泓德永豐4C購01","0","0","0","--","--","--","--"," ","0.00","0.05","10","0.06","10","125.50",
="082293","緯穎第一55購05","0","0","0","--","--","--","--"," ","0.00","1.60","10","1.62","10","0.00",
="082294","T50反1凱基4B購06","0","0","0","--","--","--","--"," ","0.00","--","0","0.02","10","18.29",
="082295","士電凱基4C購02","0","0","0","--","--","--","--"," ","0.00","0.50","10","0.51","10","183.00",
="082296","華城凱基4B購06","0","0","0","--","--","--","--"," ","0.00","4.61","100","4.71","10","586.00",
="082297","美時凱基51購01","15,000","1","5,250","0.35","0.35","0.35","0.35","+","0.02","0.36","10","0.37","10","192.00",
="082298","志聖凱基4B購02","367,000","27","674,940","1.89","2.05","1.70","1.81","+","0.05","1.76","100","1.86","10","197.00",
="082299","長榮凱基4C購03","0","0","0","--","--","--","--"," ","0.00","0.08","100","0.09","50","182.00",
="08229P","臺股指國票4A售11","0","0","0","--","--","--","--"," ","0.00","--","0","--","0","0.00",
="082300","華航凱基4B購03","0","0","0","--","--","--","--"," ","0.00","0.72","100","0.73","10","20.95",
="082301","王品凱基4B購01","0","0","0","--","--","--","--"," ","0.00","0.54","10","0.55","10","230.00",
="082302","雄獅凱基51購01","0","0","0","--","--","--","--"," ","0.00","0.48","10","0.49","10","158.50",
="082303","大立光凱基51購04","40,000","3","68,400","1.72","1.72","1.67","1.67","-","0.10","1.70","100","1.73","10","2,360.00",
="082304","晟銘電凱基4B購04","15,000","1","19,350","1.29","1.29","1.29","1.29","X","0.00","1.24","499","1.26","20","121.00",
="082305","奇鋐凱基51購03","0","0","0","--","--","--","--"," ","0.00","9.75","100","9.95","10","1,015.00",
="082306","智原凱基4B購03","1,350,000","11","510,050","0.38","0.41","0.37","0.40","X","0.00","0.32","100","0.33","10","174.00",
="082307","嘉澤凱基4B購05","0","0","0","--","--","--","--"," ","0.00","0.87","10","0.89","10","1,605.00",
="082308","帆宣凱基4B購03","17,000","2","77,550","4.57","4.57","4.55","4.55","+","0.01","4.26","10","4.36","10","255.00",
="082309","力成凱基4B購02","0","0","0","--","--","--","--"," ","0.00","2.20","100","2.26","10","150.50",
="08230P","臺股指國票4A售12","0","0","0","--","--","--","--"," ","0.00","--","0","--","0","0.00",
="082310","南亞元大4B購02","18,000","1","79,020","4.39","4.39","4.39","4.39","+","0.52","3.67","200","3.77","10","39.80",
="082311","士電元大4B購07","17,000","1","9,350","0.55","0.55","0.55","0.55","X","0.00","0.55","499","0.56","10","183.00",
="082312","士電元大53購01","0","0","0","--","--","--","--"," ","0.00","0.76","499","0.77","10","183.00",
="082313","台積電元大4B購32","69,000","4","216,500","3.09","3.33","3.02","3.33","+","0.64","0.21","47","--","0","1,340.00",
="082314","台積電元大4B購33","0","0","0","--","--","--","--"," ","0.00","1.52","1","--","0","1,340.00",
="082315","聯發科元大4B購19","45,000","3","38,250","0.87","0.87","0.83","0.83","-","0.12","0.79","25","0.81","10","1,375.00",
="082316","聯發科元大53購03","0","0","0","--","--","--","--"," ","0.00","1.17","10","1.19","10","1,375.00",
="082317","長榮元大4B購12","0","0","0","--","--","--","--"," ","0.00","0.04","499","0.14","10","182.00",
="082318","陽明元大4B購10","0","0","0","--","--","--","--"," ","0.00","0.03","499","0.13","10","55.20",
="082319","雄獅元大4B購04","336,000","3","101,880","0.33","0.33","0.30","0.30","-","0.06","0.31","499","0.32","10","158.50",
="08231P","臺股指國票4B售02","0","0","0","--","--","--","--"," ","0.00","0.03","499","0.04","499","0.00",
="082320","晟銘電元大4B購07","243,000","1","126,360","0.52","0.52","0.52","0.52","X","0.00","0.49","499","0.50","10","121.00",
="082321","嘉澤元大4B購09","23,000","3","17,260","0.77","0.77","0.72","0.72","-","0.09","0.70","499","0.72","10","1,605.00",
="082322","牧德元大4B購04","0","0","0","--","--","--","--"," ","0.00","0.22","25","0.23","10","544.00",
="082323","世芯元大4B購09","33,000","3","80,010","2.53","2.53","2.39","2.39","-","0.30","0.83","60","--","0","3,700.00",
="082324","神達元大4B購06","0","0","0","--","--","--","--"," ","0.00","6.50","100","6.60","10","90.00",
="082325","永崴控元大4B購01","0","0","0","--","--","--","--"," ","0.00","0.01","499","0.09","8","34.30",
="082326","鈞興元大4B購01","0","0","0","--","--","--","--"," ","0.00","1.57","450","1.62","10","178.50",
="082327","材料元大4B購08","0","0","0","--","--","--","--"," ","0.00","0.03","499","0.13","10","66.40",
="082328","精成科元大4B購04","0","0","0","--","--","--","--"," ","0.00","5.25","100","--","0","125.50",
="082329","精成科元大4B購05","1,000","1","5,000","5.00","5.00","5.00","5.00","-","0.90","5.00","100","5.10","10","125.50",
="08232P","臺股指國票4B售03","0","0","0","--","--","--","--"," ","0.00","0.03","499","0.04","499","0.00",
="082330","精成科元大53購01","610,000","39","3,258,900","5.90","5.90","5.20","5.20","-","0.80","5.20","100","5.25","10","125.50",
="082331","聯茂元大4B購01","95,000","5","322,060","3.43","3.56","3.11","3.30","-","0.06","2.99","25","3.06","10","111.50",
="082332","聯茂元大4B購02","439,000","18","832,650","1.88","1.99","1.74","1.74","-","0.16","1.71","25","1.75","10","111.50",
="082333","迅得元大4B購06","1,000","1","230","0.23","0.23","0.23","0.23","-","0.01","0.21","499","0.22","10","176.00",
="082334","穎崴元大53購01","1,000","1","6,300","6.30","6.30","6.30","6.30","+","0.05","6.25","120","6.75","10","2,015.00",
="082335","緯穎元大4B購10","169,000","4","192,960","1.12","1.16","1.12","1.13","-","0.01","1.11","499","1.12","10","3,140.00",
="082336","復盛元大4B購01","0","0","0","--","--","--","--"," ","0.00","0.04","499","0.14","10","265.00",
="082337","世紀鋼元大4B購07","200,000","1","144,000","0.72","0.72","0.72","0.72","X","0.00","0.65","499","0.66","10","171.50",
="082338","世紀鋼元大4B購08","148,000","4","80,340","0.55","0.55","0.52","0.52","+","0.02","0.49","25","0.50","10","171.50",
="082339","臺股指元大4B購40","0","0","0","--","--","--","--"," ","0.00","4.32","499","4.39","10","0.00",
="08233P","台灣50凱基4A售15","0","0","0","--","--","--","--"," ","0.00","--","0","--","0","0.00",
="082340","臺股指元大4B購41","0","0","0","--","--","--","--"," ","0.00","4.80","499","4.87","10","0.00",
="082341","T50正2中信54購01","0","0","0","--","--","--","--"," ","0.00","8.75","499","8.80","100","0.00",
="082342","T50反1中信54購03","0","0","0","--","--","--","--"," ","0.00","0.34","499","0.35","100","0.00",
="082343","上銀中信4C購01","100,000","1","11,000","0.11","0.11","0.11","0.11","-","0.04","0.11","10","0.12","10","0.00",
="082344","T50反1永豐51購01","0","0","0","--","--","--","--"," ","0.00","0.15","499","0.16","10","18.29",
="082345","華城永豐52購02","0","0","0","--","--","--","--"," ","0.00","10.60","10","11.60","10","586.00",
="082346","智邦永豐51購01","0","0","0","--","--","--","--"," ","0.00","6.90","499","7.15","10","1,005.00",
="082347","欣興永豐56購01","117,000","7","3,905,900","35.30","35.30","33.10","33.40","+","1.50","32.10","499","32.30","10","159.00",
="082348","南電永豐51購02","16,000","2","1,269,000","84.00","84.00","79.00","79.00","+","3.50","79.00","499","82.50","10","234.50",
="082349","川湖兆豐53購01","0","0","0","--","--","--","--"," ","0.00","3.60","10","--","0","3,220.00",
="08234P","鴻海凱基4C售05","0","0","0","--","--","--","--"," ","0.00","--","0","0.10","10","0.00",
="082350","神達兆豐52購01","0","0","0","--","--","--","--"," ","0.00","3.10","10","--","0","90.00",
="082351","緯穎兆豐56購01","0","0","0","--","--","--","--"," ","0.00","--","0","--","0","3,140.00",
="082352","T50反1群益4C購05","0","0","0","--","--","--","--"," ","0.00","0.01","519","--","0","18.29",
="082353","滬深反群益4C購01","40,000","2","6,200","0.15","0.16","0.15","0.16","X","0.00","0.15","10","0.25","10","6.93",
="082354","華城群益4C購04","0","0","0","--","--","--","--"," ","0.00","--","0","5.00","10","586.00",
="082355","台玻群益4C購01","0","0","0","--","--","--","--"," ","0.00","5.00","10","--","0","25.95",
="082356","南亞科群益51購05","0","0","0","--","--","--","--"," ","0.00","2.75","10","--","0","81.00",
="082357","長榮群益4C購02","0","0","0","--","--","--","--"," ","0.00","0.23","100","0.24","100","182.00",
="082358","大立光群益4C購02","29,000","1","17,980","0.62","0.62","0.62","0.62","-","0.03","0.59","100","0.65","100","2,360.00",
="082359","奇鋐群益55購01","2,000","1","5,040","2.52","2.52","2.52","2.52","+","0.03","1.48","6","2.48","10","1,015.00",
="08235P","台積電凱基4B售11","0","0","0","--","--","--","--"," ","0.00","--","0","0.10","10","0.00",
="082360","欣興群益51購01","0","0","0","--","--","--","--"," ","0.00","3.06","25","3.13","10","159.00",
="082361","精成科群益4C購04","0","0","0","--","--","--","--"," ","0.00","0.14","7","1.14","10","125.50",
="082362","南電群益52購01","0","0","0","--","--","--","--"," ","0.00","5.65","31","11.10","10","234.50",
="082363","世紀鋼群益4C購04","0","0","0","--","--","--","--"," ","0.00","0.95","10","1.05","10","171.50",
="082364","南亞凱基4C購01","19,000","4","59,200","3.23","3.57","2.26","2.26","X","0.00","2.21","10","2.31","10","39.80",
="082365","台積電凱基4C購35","0","0","0","--","--","--","--"," ","0.00","3.20","32","3.30","10","1,340.00",
="082366","金像電凱基4C購03","0","0","0","--","--","--","--"," ","0.00","10.40","100","11.40","10","455.00",
="082367","盟立凱基4C購01","52,000","8","102,040","1.96","2.06","1.89","1.89","X","0.00","1.89","10","1.99","10","72.30",
="082368","陽明凱基52購01","0","0","0","--","--","--","--"," ","0.00","0.09","100","0.10","50","55.20",
="082369","全漢凱基4C購01","0","0","0","--","--","--","--"," ","0.00","0.26","10","0.27","30","54.80",
="08236P","台積電凱基57售02","0","0","0","--","--","--","--"," ","0.00","0.27","100","0.37","10","0.00",
="082370","欣興凱基4C購05","0","0","0","--","--","--","--"," ","0.00","2.86","100","2.96","10","159.00",
="082371","牧德凱基52購01","2,000","1","1,380","0.69","0.69","0.69","0.69","-","0.02","0.64","100","0.65","10","544.00",
="082372","世芯凱基51購07","0","0","0","--","--","--","--"," ","0.00","3.81","100","3.91","10","3,700.00",
="082373","貿聯凱基4C購02","0","0","0","--","--","--","--"," ","0.00","8.65","100","9.15","10","1,085.00",
="082374","神達凱基51購03","0","0","0","--","--","--","--"," ","0.00","5.80","100","5.90","10","90.00",
="082375","精成科凱基4C購02","392,000","7","1,786,340","5.30","5.30","4.40","4.40","-","1.35","4.39","50","4.49","10","125.50",
="082376","佳必琪凱基4C購01","0","0","0","--","--","--","--"," ","0.00","0.98","100","1.00","10","160.00",
="082377","聯茂凱基4C購01","21,000","3","37,590","1.78","1.99","1.78","1.99","+","0.19","1.58","100","1.63","10","111.50",
="082378","復盛凱基51購01","0","0","0","--","--","--","--"," ","0.00","0.17","100","0.18","10","265.00",
="082379","泓德凱基4C購01","0","0","0","--","--","--","--"," ","0.00","--","0","0.07","5","125.50",
="08237P","長榮航凱基4A售03","0","0","0","--","--","--","--"," ","0.00","0.02","100","0.12","10","0.00",
="082380","勤誠凱基4C購01","0","0","0","--","--","--","--"," ","0.00","12.20","100","13.20","10","600.00",
="082381","臺股指凱基4C購17","0","0","0","--","--","--","--"," ","0.00","6.55","100","6.60","10","0.00",
="082382","聯發科元富51購01","50,000","1","26,000","0.52","0.52","0.52","0.52","X","0.00","0.45","25","0.46","25","1,375.00",
="082383","聯發科元富51購02","0","0","0","--","--","--","--"," ","0.00","1.34","25","1.44","10","1,375.00",
="082384","臺股指凱基51購14","0","0","0","--","--","--","--"," ","0.00","6.05","100","6.10","10","0.00",
="082385","全漢統一56購01","0","0","0","--","--","--","--"," ","0.00","0.39","10","0.40","10","54.80",
="082386","全漢統一56購02","0","0","0","--","--","--","--"," ","0.00","0.35","10","0.36","10","54.80",
="082387","欣興統一56購01","6,000","2","8,540","1.39","1.43","1.39","1.43","+","0.06","1.36","10","1.37","10","159.00",
="082388","欣興統一57購02","143,000","9","202,480","1.40","1.48","1.39","1.39","+","0.04","1.36","10","1.37","10","159.00",
="082389","景碩統一56購01","0","0","0","--","--","--","--"," ","0.00","1.02","10","1.03","10","111.50",
="08238P","緯穎凱基4B售06","0","0","0","--","--","--","--"," ","0.00","--","0","0.02","50","0.00",
="082390","精成科統一56購01","786,000","22","1,118,190","1.46","1.46","1.24","1.24","-","0.17","1.24","10","1.25","10","125.50",
="082391","聯茂統一56購01","50,000","1","43,000","0.86","0.86","0.86","0.86","+","0.01","0.82","10","0.83","10","111.50",
="082392","南電統一56購01","0","0","0","--","--","--","--"," ","0.00","3.24","10","3.25","10","234.50",
="082393","南電統一56購02","0","0","0","--","--","--","--"," ","0.00","1.81","10","1.84","10","234.50",
="082394","亞力元富56購01","100,000","1","105,000","1.05","1.05","1.05","1.05","-","0.02","1.03","25","1.05","25","102.50",
="082395","華城元富51購02","0","0","0","--","--","--","--"," ","0.00","2.70","25","2.80","10","586.00",
="082397","信錦元富56購01","0","0","0","--","--","--","--"," ","0.00","0.68","25","0.69","25","69.40",
="082398","欣興元富4C購02","0","0","0","--","--","--","--"," ","0.00","3.11","25","3.19","25","159.00",
="082399","世芯元富4C購09","0","0","0","--","--","--","--"," ","0.00","1.78","25","1.81","25","3,700.00",
="08239P","台灣50台新4A售06","0","0","0","--","--","--","--"," ","0.00","--","0","--","0","0.00",
="082400","世芯元富52購08","0","0","0","--","--","--","--"," ","0.00","1.83","25","1.85","25","3,700.00",
="082401","鈞興元富4C購02","0","0","0","--","--","--","--"," ","0.00","1.22","25","1.27","25","178.50",
="082402","穎崴元富54購01","6,000","1","44,700","7.45","7.45","7.45","7.45","+","0.65","7.10","25","--","0","2,015.00",
="082403","泓德元富54購01","0","0","0","--","--","--","--"," ","0.00","0.05","25","0.10","10","125.50",
="082404","百和元富56購01","73,000","3","115,450","1.60","1.60","1.57","1.57","-","0.08","0.66","15","--","0","55.50",
="082405","A50正2國票51購01","0","0","0","--","--","--","--"," ","0.00","2.60","25","2.61","10","32.79",
="082406","東陽國票52購01","20,000","1","1,400","0.07","0.07","0.07","0.07","X","0.00","0.06","25","0.07","10","94.10",
="082407","亞力國票4C購01","0","0","0","--","--","--","--"," ","0.00","0.53","25","0.55","10","102.50",
="082409","大亞國票51購01","0","0","0","--","--","--","--"," ","0.00","1.32","25","1.35","10","39.85",
="08240P","鴻海台新4A售06","0","0","0","--","--","--","--"," ","0.00","--","0","--","0","0.00",
="082410","台玻國票51購01","0","0","0","--","--","--","--"," ","0.00","4.79","25","4.86","10","25.95",
="082411","上銀國票51購01","200,000","1","106,000","0.53","0.53","0.53","0.53","-","0.05","0.51","25","0.52","10","217.50",
="082412","奇鋐國票51購01","0","0","0","--","--","--","--"," ","0.00","11.60","25","12.40","10","1,015.00",
="082414","欣興國票52購01","50,000","1","131,000","2.62","2.62","2.62","2.62","X","0.00","2.55","25","2.65","10","159.00",
="082415","群創國票53購01","549,000","5","369,840","0.69","0.75","0.66","0.75","+","0.04","0.73","25","0.74","31","14.15",
="082416","貿聯國票51購01","0","0","0","--","--","--","--"," ","0.00","13.60","25","14.40","10","1,085.00",
="08241P","台灣50群益4A售09","0","0","0","--","--","--","--"," ","0.00","--","0","--","0","0.00",
="082420","定穎控國票51購01","0","0","0","--","--","--","--"," ","0.00","10.20","25","11.20","10","90.10",
="082421","達興國票51購01","0","0","0","--","--","--","--"," ","0.00","8.15","25","8.65","10","399.00",
="082425","達興國票52購01","0","0","0","--","--","--","--"," ","0.00","9.10","25","9.60","10","399.00",
="082427","精成科國票51購02","23,000","2","78,660","3.50","3.50","3.27","3.27","-","0.25","2.92","25","2.94","10","125.50",
="082428","聯茂國票51購01","0","0","0","--","--","--","--"," ","0.00","2.93","25","3.03","10","111.50",
="082429","昇陽半國票51購01","67,000","11","210,950","3.11","3.47","2.93","2.93","-","0.27","2.96","25","2.99","10","179.50",
="08242P","臺股指群益4A售31","0","0","0","--","--","--","--"," ","0.00","--","0","--","0","0.00",
="082430","南電國票52購01","0","0","0","--","--","--","--"," ","0.00","9.05","25","9.55","10","234.50",
="082431","泰金寶國票4C購01","0","0","0","--","--","--","--"," ","0.00","0.32","25","0.33","10","6.02",
="082432","泰金寶國票51購01","0","0","0","--","--","--","--"," ","0.00","0.16","25","0.17","10","6.02",
="082434","世紀鋼國票52購01","0","0","0","--","--","--","--"," ","0.00","0.59","25","0.60","10","171.50",
="082436","元債2X國泰51購02","0","0","0","--","--","--","--"," ","0.00","0.78","499","--","0","7.35",
="082437","華泰國泰51購01","120,000","8","555,000","4.84","4.85","4.39","4.39","-","0.31","4.43","80","4.53","80","47.70",
="082438","台積電國泰51購05","6,000","2","39,900","6.65","6.65","6.65","6.65","+","0.45","3.70","5","--","0","1,340.00",
="082439","大立光國泰51購03","0","0","0","--","--","--","--"," ","0.00","--","0","1.23","280","2,360.00",
="08243P","T50正2中信4B售01","0","0","0","--","--","--","--"," ","0.00","0.02","499","0.03","10","0.00",
="082440","緯創國泰51購03","0","0","0","--","--","--","--"," ","0.00","1.40","499","1.43","499","122.50",
="082441","貿聯國泰51購02","0","0","0","--","--","--","--"," ","0.00","8.75","10","9.05","10","1,085.00",
="082442","穎崴國泰51購01","0","0","0","--","--","--","--"," ","0.00","8.80","499","--","0","2,015.00",
="082443","昇陽半國泰51購01","10,000","1","39,300","3.93","3.93","3.93","3.93","X","0.00","3.57","499","3.63","100","179.50",
="082444","美指反元大54購01","0","0","0","--","--","--","--"," ","0.00","0.24","250","0.25","100","15.86",
="082445","美債2X元大52購01","0","0","0","--","--","--","--"," ","0.00","1.19","100","1.25","10","7.33",
="082446","FH富產元大4C購02","131,000","7","97,950","0.75","0.75","0.74","0.75","X","0.00","0.74","101","0.75","50","8.69",
="082447","道瓊銀元大53購01","123,000","4","189,630","1.61","1.61","1.54","1.54","X","0.00","1.57","100","1.62","10","36.75",
="082448","川湖元大4C購01","0","0","0","--","--","--","--"," ","0.00","2.62","25","2.72","10","3,220.00",
="082449","廣宇元大4C購03","7,000","2","23,330","3.47","3.47","3.31","3.31","+","0.03","3.28","200","3.31","4","54.10",
="08244P","T50正2中信51售01","0","0","0","--","--","--","--"," ","0.00","0.69","100","0.70","100","0.00",
="082450","台積電元大4C購22","0","0","0","--","--","--","--"," ","0.00","0.17","69","--","0","1,340.00",
="082451","台積電元大51購42","0","0","0","--","--","--","--"," ","0.00","--","0","--","0","1,340.00",
="082452","金像電元大4C購03","0","0","0","--","--","--","--"," ","0.00","7.95","100","--","0","455.00",
="082453","金像電元大51購01","0","0","0","--","--","--","--"," ","0.00","7.90","100","--","0","455.00",
="082454","微星元大4C購01","0","0","0","--","--","--","--"," ","0.00","0.16","499","0.17","10","119.50",
="082455","京元電元大4C購03","0","0","0","--","--","--","--"," ","0.00","4.73","150","4.83","10","167.00",
="082456","陽明元大4C購02","0","0","0","--","--","--","--"," ","0.00","0.09","499","0.10","10","55.20",
="082457","奇鋐元大4C購03","0","0","0","--","--","--","--"," ","0.00","7.80","100","8.05","10","1,015.00",
="082458","亞光元大4C購01","194,000","9","338,960","1.80","1.80","1.67","1.67","-","0.15","1.64","400","1.67","10","161.50",
="082459","威強電元大4C購01","10,000","1","1,000","0.10","0.10","0.10","0.10","X","0.00","0.09","499","0.10","10","67.20",
="08245P","S&P正2中信51售01","0","0","0","--","--","--","--"," ","0.00","0.77","10","0.78","10","0.00",
="082460","嘉澤元大4C購02","0","0","0","--","--","--","--"," ","0.00","0.87","499","0.89","10","1,605.00",
="082461","世芯元大4C購05","50,000","5","116,800","2.43","2.43","2.26","2.26","-","0.36","0.37","27","--","0","3,700.00",
="082462","神達元大4C購03","0","0","0","--","--","--","--"," ","0.00","6.65","100","--","0","90.00",
="082463","精成科元大4C購01","10,000","1","19,000","1.90","1.90","1.90","1.90","X","0.00","1.97","300","2.01","10","125.50",
="082464","精成科元大4C購02","0","0","0","--","--","--","--"," ","0.00","1.20","450","--","0","125.50",
="082465","精成科元大4C購03","1,000","1","1,740","1.74","1.74","1.74","1.74","-","0.25","1.77","350","1.80","10","125.50",
="082466","保瑞元大54購02","236,000","4","129,900","0.56","0.56","0.55","0.55","-","0.01","0.55","25","0.56","10","693.00",
="082467","穎崴元大4C購03","1,000","1","3,930","3.93","3.93","3.93","3.93","+","0.73","3.75","200","--","0","2,015.00",
="082468","穎崴元大54購01","2,000","1","5,800","2.90","2.90","2.90","2.90","+","0.70","2.79","250","--","0","2,015.00",
="082469","愛普元大4C購02","22,000","4","59,870","2.79","2.79","2.70","2.71","-","0.06","1.08","9","--","0","344.00",
="08246P","陽明中信4A售02","0","0","0","--","--","--","--"," ","0.00","0.13","499","0.14","30","0.00",
="082470","緯穎元大4C購11","71,000","2","78,000","1.08","1.10","1.08","1.10","-","0.04","1.07","499","1.08","10","3,140.00",
="082471","AES元大4C購01","205,000","4","112,500","0.58","0.58","0.53","0.53"," ","0.00","0.49","499","0.50","10","1,195.00",
="082472","ITH元大4C購01","0","0","0","--","--","--","--"," ","0.00","0.14","499","0.15","10","43.90",
="082473","昇陽半元大54購01","72,000","6","116,400","1.60","1.64","1.50","1.50","-","0.07","1.48","499","1.50","9","179.50",
="082474","泰金寶元大52購01","0","0","0","--","--","--","--"," ","0.00","0.17","499","0.18","10","6.02",
="082475","台玻富邦4C購01","0","0","0","--","--","--","--"," ","0.00","4.57","30","4.67","10","0.00",
="082476","健策富邦4C購01","0","0","0","--","--","--","--"," ","0.00","3.36","10","3.41","10","0.00",
="082477","緯穎富邦4C購03","0","0","0","--","--","--","--"," ","0.00","1.77","10","1.81","10","0.00",
="082478","南電富邦4C購01","0","0","0","--","--","--","--"," ","0.00","6.85","30","7.35","10","0.00",
="082479","南電富邦52購01","0","0","0","--","--","--","--"," ","0.00","7.75","30","8.25","10","0.00",
="08247P","萬海中信4A售02","0","0","0","--","--","--","--"," ","0.00","0.07","499","0.08","10","0.00",
="082480","臺股指富邦4C購11","0","0","0","--","--","--","--"," ","0.00","4.38","499","4.42","10","0.00",
="082481","臺股指富邦56購04","0","0","0","--","--","--","--"," ","0.00","5.45","499","5.50","100","0.00",
="082482","奇鋐台新4C購01","0","0","0","--","--","--","--"," ","0.00","--","0","--","0","0.00",
="082483","神達台新4C購01","0","0","0","--","--","--","--"," ","0.00","6.95","20","--","0","0.00",
="082484","國巨兆豐4C購01","0","0","0","--","--","--","--"," ","0.00","5.00","10","--","0","176.00",
="082485","旺宏兆豐56購01","102,000","16","223,170","2.08","2.24","2.08","2.14","+","0.19","2.07","10","2.09","10","26.75",
="082486","聯發科兆豐51購01","55,000","2","37,200","0.66","0.69","0.66","0.69","X","0.00","0.61","10","0.62","10","1,375.00",
="082487","萬海兆豐52購01","0","0","0","--","--","--","--"," ","0.00","0.11","10","0.12","10","77.90",
="082488","辛耘兆豐56購01","0","0","0","--","--","--","--"," ","0.00","2.30","10","--","0","388.00",
="082489","材料兆豐52購01","0","0","0","--","--","--","--"," ","0.00","0.19","10","0.20","10","66.40",
="08248P","臺股指中信4C售03","21,000","3","940","0.05","0.05","0.04","0.04","-","0.01","0.03","561","0.04","10","0.00",
="082490","祥碩兆豐56購01","227,000","8","78,750","0.36","0.36","0.34","0.35","-","0.02","0.34","10","0.35","10","1,525.00",
="082491","勤誠兆豐54購01","0","0","0","--","--","--","--"," ","0.00","3.42","10","--","0","600.00",
="082492","美利達兆豐56購01","118,000","3","108,740","0.94","0.94","0.88","0.88","-","0.06","0.87","13","0.88","10","108.00",
="082493","台積電凱基4C購36","0","0","0","--","--","--","--"," ","0.00","6.05","17","6.55","10","1,340.00",
="082494","微星凱基4C購01","0","0","0","--","--","--","--"," ","0.00","0.17","100","0.18","10","119.50",
="082495","京元電凱基51購01","0","0","0","--","--","--","--"," ","0.00","5.80","100","6.30","10","167.00",
="082496","長榮凱基51購07","0","0","0","--","--","--","--"," ","0.00","0.28","499","0.29","40","182.00",
="082497","萬海凱基4C購02","0","0","0","--","--","--","--"," ","0.00","0.01","100","0.11","10","77.90",
="082498","萬海凱基51購01","0","0","0","--","--","--","--"," ","0.00","0.04","100","0.13","20","77.90",
="082499","萬海凱基52購01","0","0","0","--","--","--","--"," ","0.00","0.05","100","0.15","10","77.90",
="08249P","臺股指中信4C售04","0","0","0","--","--","--","--"," ","0.00","0.04","499","0.05","100","0.00",
="082500","萬海凱基56購01","0","0","0","--","--","--","--"," ","0.00","0.25","100","0.26","50","77.90",
="082501","萬海凱基56購02","0","0","0","--","--","--","--"," ","0.00","0.33","100","0.34","50","77.90",
="082502","大立光凱基51購05","0","0","0","--","--","--","--"," ","0.00","0.81","100","0.84","10","2,360.00",
="082503","奇鋐凱基55購02","0","0","0","--","--","--","--"," ","0.00","3.80","100","3.88","10","1,015.00",
="082504","欣興凱基52購01","12,000","1","33,600","2.80","2.80","2.80","2.80","+","0.23","2.59","100","2.64","10","159.00",
="082505","牧德凱基52購02","54,000","3","52,660","0.98","0.99","0.95","0.95","-","0.01","0.92","100","0.93","10","544.00",
="082506","上品凱基4C購01","89,000","7","133,180","1.49","1.56","1.45","1.45","-","0.02","1.49","10","1.52","10","308.00",
="082507","達興凱基52購01","0","0","0","--","--","--","--"," ","0.00","10.60","10","11.60","10","399.00",
="082508","緯穎凱基55購01","142,000","10","420,190","2.92","3.01","2.91","2.91","-","0.01","2.90","100","2.92","10","3,140.00",
="082509","AES凱基4C購03","3,000","1","4,050","1.35","1.35","1.35","1.35","+","0.09","1.19","100","1.21","10","1,195.00",
="08250P","萬海群益54售01","20,000","2","8,400","0.42","0.42","0.42","0.42","X","0.00","0.41","10","0.51","10","0.00",
="082510","泰金寶凱基52購01","0","0","0","--","--","--","--"," ","0.00","0.15","100","0.16","50","6.02",
="082511","友訊統一56購01","0","0","0","--","--","--","--"," ","0.00","0.60","10","0.61","10","17.80",
="082512","所羅門統一56購01","20,000","1","11,200","0.56","0.56","0.56","0.56","X","0.00","0.55","10","0.56","10","144.50",
="082513","萬海統一5C購01","0","0","0","--","--","--","--"," ","0.00","0.22","10","0.23","10","77.90",
="082514","欣興統一56購02","0","0","0","--","--","--","--"," ","0.00","1.50","10","1.53","10","159.00",
="082515","瀚宇博統一57購01","129,000","11","270,760","2.11","2.14","1.87","1.87","-","0.05","1.81","10","1.88","10","104.00",
="082516","精成科統一56購02","0","0","0","--","--","--","--"," ","0.00","0.90","10","0.91","10","125.50",
="082517","精成科統一5C購01","330,000","19","264,600","0.85","0.85","0.75","0.75","-","0.08","0.74","10","--","0","125.50",
="082518","聯茂統一56購02","0","0","0","--","--","--","--"," ","0.00","1.02","10","1.07","10","111.50",
="082519","羅昇統一57購01","22,000","1","12,980","0.59","0.59","0.59","0.59","-","0.01","0.54","10","0.55","10","99.50",
="08251P","創意群益54售01","104,000","2","56,160","0.54","0.54","0.54","0.54","-","0.04","0.35","28","--","0","0.00",
="082520","元債2X中信52購02","0","0","0","--","--","--","--"," ","0.00","0.77","499","0.78","100","0.00",
="082521","美債2X中信52購02","0","0","0","--","--","--","--"," ","0.00","0.81","499","0.82","100","0.00",
="082522","所羅門中信4C購02","88,000","2","27,280","0.31","0.31","0.31","0.31","+","0.01","0.28","10","0.30","10","0.00",
="082523","技嘉中信4C購01","256,000","3","99,840","0.39","0.39","0.39","0.39"," ","0.00","0.38","10","0.39","10","0.00",
="082524","萬海中信4C購01","0","0","0","--","--","--","--"," ","0.00","0.01","499","0.06","10","0.00",
="082525","萬海中信51購01","0","0","0","--","--","--","--"," ","0.00","0.02","10","0.07","10","0.00",
="082526","欣興中信4C購01","8,000","3","15,940","1.99","2.00","1.99","1.99","+","0.09","1.89","499","1.94","10","0.00",
="082527","AES中信54購01","0","0","0","--","--","--","--"," ","0.00","0.51","10","0.52","10","0.00",
="082528","南電中信4C購01","0","0","0","--","--","--","--"," ","0.00","6.20","499","6.45","10","0.00",
="082529","所羅門永豐52購01","2,000","1","1,560","0.78","0.78","0.78","0.78","X","0.00","0.76","10","0.78","10","144.50",
="08252P","臺股指永豐4A售08","0","0","0","--","--","--","--"," ","0.00","--","0","0.03","10","0.00",
="082530","陽明永豐53購01","0","0","0","--","--","--","--"," ","0.00","0.74","10","0.75","10","55.20",
="082531","萬海永豐52購02","0","0","0","--","--","--","--"," ","0.00","0.11","499","0.12","10","77.90",
="082532","王品永豐51購01","1,000","1","1,410","1.41","1.41","1.41","1.41","-","0.06","1.38","10","1.39","10","230.00",
="082533","精成科永豐53購01","4,000","2","11,180","2.90","2.90","2.69","2.69","-","0.37","2.55","499","2.58","10","125.50",
="082534","美利達永豐51購01","0","0","0","--","--","--","--"," ","0.00","0.56","499","0.57","10","108.00",
="082535","穎崴元富54購02","0","0","0","--","--","--","--"," ","0.00","7.10","25","7.60","25","2,015.00",
="082536","緯穎元富56購01","0","0","0","--","--","--","--"," ","0.00","2.43","25","2.46","25","3,140.00",
="082537","AES元富54購01","35,000","2","37,600","1.08","1.08","1.04","1.04","-","0.03","1.01","25","1.02","25","1,195.00",
="082538","勤誠元富51購01","0","0","0","--","--","--","--"," ","0.00","10.90","25","11.90","25","600.00",
="082539","勤誠元富51購02","0","0","0","--","--","--","--"," ","0.00","8.95","25","9.45","25","600.00",
="08253P","T50正2元富51售05","0","0","0","--","--","--","--"," ","0.00","0.06","25","0.10","10","0.00",
="082540","台玻群益4C購02","0","0","0","--","--","--","--"," ","0.00","3.80","10","--","0","25.95",
="082541","台積電群益4C購12","0","0","0","--","--","--","--"," ","0.00","--","0","14.50","10","1,340.00",
="082542","聯發科群益4C購06","22,000","2","43,120","1.96","1.96","1.96","1.96","X","0.00","0.52","20","1.94","10","1,375.00",
="082543","萬海群益4C購02","0","0","0","--","--","--","--"," ","0.00","0.02","10","0.12","10","77.90",
="082544","萬海群益51購03","0","0","0","--","--","--","--"," ","0.00","0.10","10","0.20","10","77.90",
="082545","萬海群益52購01","0","0","0","--","--","--","--"," ","0.00","0.09","10","0.19","10","77.90",
="082546","昇貿群益4C購01","0","0","0","--","--","--","--"," ","0.00","--","0","8.25","10","114.00",
="082547","世芯群益4C購10","13,000","6","58,830","4.75","4.75","4.21","4.21","-","0.49","1.52","6","--","0","3,700.00",
="082548","佳必琪群益52購01","10,000","1","20,800","2.08","2.08","2.08","2.08","+","0.01","0.95","30","--","0","160.00",
="082549","飛捷群益55購01","0","0","0","--","--","--","--"," ","0.00","0.62","100","0.63","100","106.50",
="08254P","SGBR2X元富4A售02","0","0","0","--","--","--","--"," ","0.00","0.17","25","0.27","10","0.00",
="082550","統一國票4C購01","0","0","0","--","--","--","--"," ","0.00","0.67","25","0.68","10","78.40",
="082551","統一國票51購01","0","0","0","--","--","--","--"," ","0.00","0.43","25","0.44","10","78.40",
="082552","友訊國票51購01","1,000","1","470","0.47","0.47","0.47","0.47","X","0.00","0.47","25","0.49","10","17.80",
="082553","萬海國票52購01","0","0","0","--","--","--","--"," ","0.00","0.05","25","0.06","10","77.90",
="082554","全漢國票51購01","5,000","1","3,600","0.72","0.72","0.72","0.72","X","0.00","0.74","25","0.76","10","54.80",
="082555","健策國票52購02","66,000","18","480,850","6.65","7.50","6.65","7.15","+","0.65","6.90","25","7.00","10","2,355.00",
="082556","精成科國票56購01","42,000","3","183,120","4.36","4.36","4.36","4.36","-","0.17","3.86","25","3.89","10","125.50",
="082557","GIS國票4C購01","0","0","0","--","--","--","--"," ","0.00","2.87","25","2.95","10","63.40",
="082558","GIS國票51購01","0","0","0","--","--","--","--"," ","0.00","3.06","25","3.09","10","63.40",
="082559","台塑化國票4C購01","20,000","2","28,100","1.44","1.44","1.37","1.37","-","0.05","1.37","25","1.40","10","39.25",
="08255P","長榮元富4A售03","0","0","0","--","--","--","--"," ","0.00","0.17","25","0.18","25","0.00",
="082560","台塑化國票51購01","4,000","1","2,640","0.66","0.66","0.66","0.66","X","0.00","0.60","25","0.61","10","39.25",
="082561","AES國票51購01","1,000","1","840","0.84","0.84","0.84","0.84","X","0.00","0.75","25","0.76","10","1,195.00",
="082562","美時國泰51購01","76,000","1","26,600","0.35","0.35","0.35","0.35","X","0.00","0.38","499","0.39","100","192.00",
="082563","國巨國泰51購02","0","0","0","--","--","--","--"," ","0.00","8.55","499","--","0","176.00",
="082564","萬海國泰51購01","0","0","0","--","--","--","--"," ","0.00","0.17","499","0.18","100","77.90",
="082565","萬海國泰51購02","0","0","0","--","--","--","--"," ","0.00","0.08","499","0.09","100","77.90",
="082566","欣興國泰51購02","5,000","2","21,350","4.31","4.31","4.26","4.26","X","0.00","4.11","499","4.19","10","159.00",
="082567","精成科國泰51購01","69,000","8","298,620","4.78","4.78","4.08","4.08","-","0.77","4.08","499","4.13","10","125.50",
="082568","AES國泰51購01","0","0","0","--","--","--","--"," ","0.00","1.82","499","1.85","150","1,195.00",
="082569","華泰富邦4C購01","40,000","3","70,700","1.78","1.78","1.75","1.75","-","0.15","1.76","30","1.80","10","0.00",
="08256P","華城國票4B售04","0","0","0","--","--","--","--"," ","0.00","0.01","30","0.05","10","0.00",
="082570","旺宏富邦52購01","0","0","0","--","--","--","--"," ","0.00","1.32","30","1.42","10","0.00",
="082571","所羅門富邦51購01","288,000","10","170,760","0.62","0.62","0.57","0.57","-","0.06","0.57","10","0.58","10","0.00",
="082572","所羅門富邦52購01","200,000","12","123,000","0.62","0.62","0.61","0.61","-","0.01","0.57","10","0.58","10","0.00",
="082573","技嘉富邦52購01","75,000","4","62,200","0.83","0.83","0.82","0.82"," ","0.00","0.82","30","0.83","10","0.00",
="082574","萬海富邦51購01","0","0","0","--","--","--","--"," ","0.00","0.02","10","0.05","10","0.00",
="082575","欣興富邦4C購02","0","0","0","--","--","--","--"," ","0.00","1.67","10","1.72","10","0.00",
="082576","神達富邦4C購03","0","0","0","--","--","--","--"," ","0.00","2.64","10","2.68","10","0.00",
="082577","精成科富邦52購01","92,000","13","153,080","1.84","1.84","1.36","1.38","-","0.38","1.38","14","1.40","10","0.00",
="082578","元油反元大4C購01","0","0","0","--","--","--","--"," ","0.00","0.28","250","0.29","50","6.75",
="082579","元油反元大51購01","0","0","0","--","--","--","--"," ","0.00","0.20","499","0.21","100","6.75",
="08257P","智邦國票4B售01","0","0","0","--","--","--","--"," ","0.00","--","0","--","0","0.00",
="082580","士電元大4C購02","0","0","0","--","--","--","--"," ","0.00","0.48","499","0.49","10","183.00",
="082581","台積電元大4C購23","0","0","0","--","--","--","--"," ","0.00","--","0","2.55","10","1,340.00",
="082582","佳能元大4C購01","10,000","1","94,000","9.40","9.40","9.40","9.40","+","0.50","10.00","100","--","0","88.80",
="082583","萬海元大4C購03","0","0","0","--","--","--","--"," ","0.00","0.07","499","0.08","10","77.90",
="082584","萬海元大4C購07","0","0","0","--","--","--","--"," ","0.00","0.01","499","0.11","10","77.90",
="082585","萬海元大51購01","0","0","0","--","--","--","--"," ","0.00","0.03","499","0.13","10","77.90",
="082586","萬海元大52購01","0","0","0","--","--","--","--"," ","0.00","0.06","499","0.07","10","77.90",
="082587","萬海元大54購01","0","0","0","--","--","--","--"," ","0.00","0.12","499","0.13","10","77.90",
="082588","牧德元大4C購01","87,000","2","39,420","0.46","0.46","0.44","0.44","-","0.05","0.44","25","0.45","10","544.00",
="082589","辛耘元大4C購01","172,000","12","532,410","2.94","3.33","2.92","3.33","+","0.78","2.92","25","2.98","10","388.00",
="08258P","嘉澤國票4B售02","0","0","0","--","--","--","--"," ","0.00","0.01","25","0.05","10","0.00",
="082590","健策元大4C購01","0","0","0","--","--","--","--"," ","0.00","3.07","250","3.13","10","2,355.00",
="082591","達興元大4C購01","6,000","2","37,700","6.15","6.95","6.15","6.95","+","0.35","6.90","150","7.10","10","399.00",
="082592","精成科元大4C購04","1,000","1","5,350","5.35","5.35","5.35","5.35","-","0.60","4.80","100","4.90","10","125.50",
="082593","精成科元大4C購05","0","0","0","--","--","--","--"," ","0.00","4.86","100","4.96","10","125.50",
="082594","精成科元大51購02","0","0","0","--","--","--","--"," ","0.00","3.51","150","--","0","125.50",
="082596","聯茂元大4C購01","77,000","2","230,230","2.99","2.99","2.99","2.99","+","0.23","2.47","25","2.53","10","111.50",
="082598","聯茂元大4C購02","37,000","5","182,060","4.86","5.00","4.86","5.00","+","0.07","4.54","25","4.63","10","111.50",
="082599","台積電台新4C購02","0","0","0","--","--","--","--"," ","0.00","32.70","10","--","0","0.00",
="08259P","健策國票4B售03","0","0","0","--","--","--","--"," ","0.00","0.01","25","0.05","10","0.00",
="082600","萬海台新4C購01","0","0","0","--","--","--","--"," ","0.00","0.06","20","0.07","10","0.00",
="082601","台積電群益4C購13","12,000","4","123,000","10.40","10.60","10.20","10.60","+","1.95","10.50","1","--","0","1,340.00",
="082602","台積電群益4C購14","8,000","4","68,700","8.65","8.65","8.40","8.65","X","0.00","0.55","1","--","0","1,340.00",
="082603","京元電群益4C購03","10,000","1","99,000","9.90","9.90","9.90","9.90","X","0.00","--","0","10.60","10","167.00",
="082604","義隆群益4C購01","0","0","0","--","--","--","--"," ","0.00","0.03","10","--","0","132.50",
="082605","萬海群益4C購03","0","0","0","--","--","--","--"," ","0.00","0.04","10","0.14","10","77.90",
="082606","萬海群益4C購04","0","0","0","--","--","--","--"," ","0.00","0.04","10","0.14","10","77.90",
="082607","萬海群益55購01","0","0","0","--","--","--","--"," ","0.00","0.08","10","0.18","10","77.90",
="082608","大立光群益4C購03","0","0","0","--","--","--","--"," ","0.00","0.53","100","0.58","100","2,360.00",
="082609","智原群益51購03","83,000","9","64,600","0.80","0.85","0.77","0.77","+","0.12","0.76","10","0.86","10","174.00",
="08260P","台灣50台新4A售07","0","0","0","--","--","--","--"," ","0.00","--","0","--","0","0.00",
="082610","欣興群益52購01","0","0","0","--","--","--","--"," ","0.00","3.57","25","3.67","10","159.00",
="082611","達興群益4C購01","0","0","0","--","--","--","--"," ","0.00","--","0","7.90","10","399.00",
="082612","愛普群益51購01","0","0","0","--","--","--","--"," ","0.00","1.72","1","--","0","344.00",
="082613","ITH群益4C購02","0","0","0","--","--","--","--"," ","0.00","0.24","10","0.34","10","43.90",
="082614","泰金寶群益53購01","0","0","0","--","--","--","--"," ","0.00","0.49","10","0.59","10","6.02",
="082615","士電統一53購01","0","0","0","--","--","--","--"," ","0.00","1.06","10","1.07","10","183.00",
="082616","士電統一54購02","0","0","0","--","--","--","--"," ","0.00","0.64","10","0.65","10","183.00",
="082617","美時統一53購01","55,000","1","22,550","0.41","0.41","0.41","0.41","-","0.01","0.43","10","0.44","10","192.00",
="082618","川湖統一54購04","3,000","2","6,680","2.24","2.24","2.22","2.22","-","0.09","2.21","10","2.23","10","3,220.00",
="082619","鴻海統一5C購02","151,000","8","260,910","1.72","1.76","1.72","1.75","+","0.05","1.75","10","1.76","10","221.00",
="08261P","台灣50凱基4A售16","0","0","0","--","--","--","--"," ","0.00","--","0","--","0","0.00",
="082620","台積電統一5C購04","25,000","2","39,200","1.56","1.58","1.56","1.58","+","0.13","1.57","10","1.58","10","1,340.00",
="082622","友訊統一56購02","0","0","0","--","--","--","--"," ","0.00","0.46","10","0.47","10","17.80",
="082624","金像電統一53購02","0","0","0","--","--","--","--"," ","0.00","--","0","3.25","2","455.00",
="082625","台光電統一53購04","0","0","0","--","--","--","--"," ","0.00","5.85","10","6.35","10","1,345.00",
="082626","南亞科統一56購01","0","0","0","--","--","--","--"," ","0.00","2.29","10","2.30","10","81.00",
="082627","聯發科統一53購07","49,000","1","37,240","0.76","0.76","0.76","0.76","X","0.00","0.73","10","0.74","10","1,375.00",
="082628","國泰金統一53購01","423,000","14","564,210","1.32","1.37","1.32","1.37","+","0.03","1.36","10","1.37","10","66.20",
="082629","晟銘電統一56購01","0","0","0","--","--","--","--"," ","0.00","0.73","10","0.74","10","121.00",
="08262P","台光電凱基4A售04","0","0","0","--","--","--","--"," ","0.00","--","0","0.10","10","0.00",
="082630","欣興統一54購02","33,000","3","66,720","2.02","2.04","2.02","2.02","+","0.06","1.96","10","1.97","10","159.00",
="082631","景碩統一56購02","947,000","19","1,037,460","1.08","1.12","1.07","1.07","-","0.01","1.03","10","1.04","10","111.50",
="082632","嘉澤統一53購01","92,000","4","115,470","1.26","1.26","1.24","1.24","-","0.04","1.23","10","1.25","10","1,605.00",
="082633","瀚宇博統一53購01","231,000","10","757,650","3.28","3.31","2.80","2.80","-","0.06","2.60","10","2.66","10","104.00",
="082634","日月光國票4B購01","40,000","2","13,000","0.33","0.33","0.32","0.32","X","0.00","0.30","25","0.32","10","174.50",
="082635","聯茂統一53購01","0","0","0","--","--","--","--"," ","0.00","1.26","10","1.30","10","111.50",
="082636","富世達統一53購01","0","0","0","--","--","--","--"," ","0.00","3.89","10","3.99","10","1,010.00",
="082637","來億統一56購01","0","0","0","--","--","--","--"," ","0.00","0.21","10","0.22","10","224.00",
="082638","鈺齊統一56購01","24,000","1","11,520","0.48","0.48","0.48","0.48","-","0.01","0.45","10","0.46","10","101.50",
="082639","T50正2中信56購01","13,000","1","50,310","3.87","3.87","3.87","3.87","+","0.18","4.06","100","4.15","10","0.00",
="08263P","創意凱基4B售04","0","0","0","--","--","--","--"," ","0.00","--","0","0.02","50","0.00",
="082640","T50反1中信56購01","0","0","0","--","--","--","--"," ","0.00","0.84","499","0.85","100","0.00",
="082641","臺指反中信5C購01","326,000","4","104,120","0.32","0.32","0.31","0.31","-","0.03","0.30","125","0.31","80","0.00",
="082642","元日2X永豐57購01","0","0","0","--","--","--","--"," ","0.00","0.34","499","0.35","10","5.87",
="082643","鴻海永豐4C購07","0","0","0","--","--","--","--"," ","0.00","2.65","499","--","0","221.00",
="082644","鴻海永豐52購02","0","0","0","--","--","--","--"," ","0.00","3.20","499","--","0","221.00",
="082645","台積電永豐56購02","3,000","1","10,230","3.41","3.41","3.41","3.41","+","0.34","1.82","5","3.67","3","1,340.00",
="082646","金像電永豐51購03","0","0","0","--","--","--","--"," ","0.00","5.85","499","6.35","10","455.00",
="082647","台光電永豐51購03","0","0","0","--","--","--","--"," ","0.00","6.50","499","6.80","10","1,345.00",
="082648","台光電永豐53購01","0","0","0","--","--","--","--"," ","0.00","35.60","499","36.60","10","1,345.00",
="082649","漢唐永豐51購02","0","0","0","--","--","--","--"," ","0.00","--","0","--","0","987.00",
="08264P","台灣50台新4B售02","0","0","0","--","--","--","--"," ","0.00","0.03","10","0.06","10","0.00",
="082650","南亞科永豐4C購01","0","0","0","--","--","--","--"," ","0.00","--","0","--","0","81.00",
="082651","皇昌永豐52購01","0","0","0","--","--","--","--"," ","0.00","0.60","499","0.61","10","72.70",
="082652","材料永豐54購01","10,000","2","5,750","0.57","0.58","0.57","0.58","+","0.02","0.57","499","0.58","10","66.40",
="082653","聯陽元富51購01","0","0","0","--","--","--","--"," ","0.00","1.35","25","1.45","10","135.00",
="082655","日月光元富56購01","30,000","4","106,700","3.67","3.67","3.47","3.47"," ","0.00","3.49","25","3.53","25","174.50",
="082656","力智元富56購01","33,000","3","75,960","2.22","2.31","2.22","2.31","+","0.01","2.31","25","2.33","25","214.00",
="082657","ITH元富54購01","50,000","1","17,000","0.34","0.34","0.34","0.34","X","0.00","0.33","135","0.34","25","43.90",
="082658","南電元富4C購01","0","0","0","--","--","--","--"," ","0.00","10.10","25","10.30","25","234.50",
="082659","臺股指元富56購02","10,000","1","34,600","3.46","3.46","3.46","3.46","X","0.00","3.53","25","3.54","25","0.00",
="08265P","鴻海台新4B售01","0","0","0","--","--","--","--"," ","0.00","--","0","--","0","0.00",
="082660","臺股指元富56購03","0","0","0","--","--","--","--"," ","0.00","4.05","25","4.06","25","0.00",
="082661","群臺2X國票4C購02","0","0","0","--","--","--","--"," ","0.00","--","0","--","0","108.15",
="082662","中砂國票51購01","16,000","3","30,360","1.83","2.12","1.83","1.93","+","0.20","1.91","25","1.93","10","339.00",
="082663","台達電國票4C購03","0","0","0","--","--","--","--"," ","0.00","--","0","--","0","893.00",
="082664","英業達國票51購01","415,000","4","767,050","1.87","1.87","1.78","1.78","X","0.00","1.78","75","1.80","10","45.00",
="082665","金像電國票51購01","0","0","0","--","--","--","--"," ","0.00","12.80","25","13.20","10","455.00",
="082668","漢唐國票51購01","0","0","0","--","--","--","--"," ","0.00","15.70","25","16.70","10","987.00",
="082669","友達國票4C購01","43,000","5","23,410","0.50","0.57","0.43","0.57","+","0.12","0.50","25","0.51","10","13.70",
="08266P","台積電台新4A售07","0","0","0","--","--","--","--"," ","0.00","--","0","--","0","0.00",
="082670","全新國票4C購01","0","0","0","--","--","--","--"," ","0.00","--","0","--","0","160.00",
="082671","亞航國票4C購03","0","0","0","--","--","--","--"," ","0.00","--","0","5.40","10","55.20",
="082672","威強電國票4C購03","5,000","1","1,250","0.25","0.25","0.25","0.25","X","0.00","0.24","25","0.25","10","67.20",
="082673","日電貿國票4C購01","415,000","3","319,950","0.81","0.81","0.77","0.77","-","0.12","0.76","25","0.77","10","74.80",
="082674","華擎國票51購01","0","0","0","--","--","--","--"," ","0.00","2.92","25","2.97","10","278.00",
="082675","牧德國票51購01","8,000","6","5,880","0.72","0.76","0.71","0.71","X","0.00","0.68","25","0.72","10","544.00",
="082676","鈞興國票4C購01","0","0","0","--","--","--","--"," ","0.00","1.64","25","1.67","10","178.50",
="082677","迎廣國票51購02","0","0","0","--","--","--","--"," ","0.00","0.54","25","0.55","10","85.80",
="082678","飛捷國票51購01","0","0","0","--","--","--","--"," ","0.00","0.44","25","0.45","10","106.50",
="082679","矽力國票51購01","4,000","1","960","0.24","0.24","0.24","0.24","+","0.02","0.22","25","0.23","10","273.00",
="08267P","嘉澤群益54售01","2,000","1","780","0.39","0.39","0.39","0.39","X","0.00","0.36","10","--","0","0.00",
="082680","力積電國票4C購01","0","0","0","--","--","--","--"," ","0.00","4.32","25","--","0","23.45",
="082681","力積電國票51購01","3,000","3","12,230","3.89","4.39","3.89","4.39","+","1.25","4.29","25","--","0","23.45",
="082682","台玻國泰51購01","0","0","0","--","--","--","--"," ","0.00","9.15","499","9.45","10","25.95",
="082683","迎廣國泰51購01","0","0","0","--","--","--","--"," ","0.00","0.93","499","0.94","100","85.80",
="082684","臺股指富邦4C購13","0","0","0","--","--","--","--"," ","0.00","6.85","100","7.05","10","0.00",
="082685","元油反凱基51購01","0","0","0","--","--","--","--"," ","0.00","0.17","100","0.18","50","6.75",
="082686","台玻凱基4C購01","0","0","0","--","--","--","--"," ","0.00","--","0","--","0","25.95",
="082687","上銀凱基52購01","0","0","0","--","--","--","--"," ","0.00","0.89","100","0.90","10","217.50",
="082688","川湖凱基4C購04","1,000","1","4,180","4.18","4.18","4.18","4.18","-","1.52","4.24","100","4.34","10","3,220.00",
="082689","鴻海凱基54購06","0","0","0","--","--","--","--"," ","0.00","5.60","18","6.10","10","221.00",
="08268P","T50正2凱基4C售03","0","0","0","--","--","--","--"," ","0.00","0.03","100","0.04","10","0.00",
="082690","台積電凱基4C購37","0","0","0","--","--","--","--"," ","0.00","3.45","29","3.55","10","1,340.00",
="082691","友訊凱基51購01","438,000","7","297,980","0.71","0.71","0.65","0.69","+","0.02","0.68","10","0.70","10","17.80",
="082692","鴻準凱基4C購02","0","0","0","--","--","--","--"," ","0.00","2.84","100","2.90","10","70.70",
="082693","英業達凱基4C購01","76,000","9","106,890","1.42","1.44","1.36","1.36","+","0.07","1.38","10","1.39","10","45.00",
="082694","燿華凱基4C購01","0","0","0","--","--","--","--"," ","0.00","0.89","10","0.99","10","27.50",
="082695","金像電凱基4C購04","0","0","0","--","--","--","--"," ","0.00","11.60","100","12.60","10","455.00",
="082696","台光電凱基4C購03","1,000","1","11,400","11.40","11.40","11.40","11.40","X","0.00","11.30","100","12.30","10","1,345.00",
="082697","聯發科凱基52購05","31,000","3","42,580","1.38","1.38","1.36","1.36","-","0.16","1.32","100","1.33","10","1,375.00",
="082698","緯創凱基52購02","2,000","2","1,470","0.70","0.77","0.70","0.77","X","0.00","0.69","100","0.70","10","122.50",
="082699","健策凱基4C購01","6,000","2","46,500","7.75","7.75","7.75","7.75","+","0.75","7.45","50","7.55","10","2,355.00",
="08269P","鴻海凱基4A售12","0","0","0","--","--","--","--"," ","0.00","--","0","--","0","0.00",
="082700","世芯凱基52購04","94,000","7","282,630","3.25","3.25","2.90","2.91","-","0.33","2.89","100","2.93","10","3,700.00",
="082701","聯茂凱基4C購02","0","0","0","--","--","--","--"," ","0.00","5.35","100","5.45","10","111.50",
="082702","緯穎凱基4C購05","20,000","2","38,800","1.93","1.95","1.93","1.95","-","0.06","1.92","100","2.53","10","3,140.00",
="082703","南電凱基51購01","0","0","0","--","--","--","--"," ","0.00","10.60","100","--","0","234.50",
="082704","美利達凱基4C購01","0","0","0","--","--","--","--"," ","0.00","0.24","100","0.25","10","108.00",
="082705","元上證元大4C購01","0","0","0","--","--","--","--"," ","0.00","1.78","250","1.80","100","33.28",
="082706","A50元大4C購01","0","0","0","--","--","--","--"," ","0.00","2.45","100","2.51","10","24.90",
="082707","深中小元大4C購01","0","0","0","--","--","--","--"," ","0.00","2.83","499","2.91","10","15.68",
="082708","香港2X元大52購02","0","0","0","--","--","--","--"," ","0.00","1.31","499","1.37","10","18.02",
="082709","中高息元大51購01","10,000","1","15,000","1.50","1.50","1.50","1.50","X","0.00","1.42","100","1.49","10","13.84",
="08270P","台積電凱基4A售48","0","0","0","--","--","--","--"," ","0.00","--","0","0.10","10","0.00",
="082710","中興電元大4C購03","0","0","0","--","--","--","--"," ","0.00","0.74","10","0.76","10","159.00",
="082711","廣宇元大4C購04","0","0","0","--","--","--","--"," ","0.00","2.97","250","3.02","10","54.10",
="082712","金像電元大4C購04","4,000","1","22,600","5.65","5.65","5.65","5.65","+","0.60","5.40","150","5.50","10","455.00",
="082713","瑞昱元大4C購01","50,000","4","27,700","0.56","0.56","0.55","0.55","-","0.01","0.53","25","0.55","10","540.00",
="082714","聯鈞元大4C購01","24,000","2","57,860","2.43","2.43","2.41","2.41","+","0.47","2.59","25","--","0","278.00",
="082715","華擎元大4C購01","0","0","0","--","--","--","--"," ","0.00","1.35","499","1.39","10","278.00",
="082716","嘉澤元大4C購03","0","0","0","--","--","--","--"," ","0.00","0.95","499","0.97","10","1,605.00",
="082717","貿聯元大54購04","0","0","0","--","--","--","--"," ","0.00","4.21","150","--","0","1,085.00",
="082718","神達元大4C購04","0","0","0","--","--","--","--"," ","0.00","4.48","200","--","0","90.00",
="082719","達興元大4C購02","0","0","0","--","--","--","--"," ","0.00","5.25","150","--","0","399.00",
="08271P","聯詠凱基4A售01","0","0","0","--","--","--","--"," ","0.00","0.26","10","0.36","10","0.00",
="082720","瀚宇博元大4C購01","2,000","2","14,000","7.00","7.00","7.00","7.00","+","1.60","5.85","25","--","0","104.00",
="082721","迅得元大4C購01","393,000","16","262,460","0.71","0.71","0.62","0.62","-","0.06","0.61","499","0.62","5","176.00",
="082722","穎崴元大52購01","111,000","13","457,500","4.39","4.39","3.93","4.14","+","0.11","4.12","200","4.18","10","2,015.00",
="082723","虎航元大4C購02","0","0","0","--","--","--","--"," ","0.00","0.23","499","0.24","10","75.80",
="082724","來億元大4C購01","0","0","0","--","--","--","--"," ","0.00","0.21","499","0.22","10","224.00",
="082725","ITH元大4C購02","0","0","0","--","--","--","--"," ","0.00","0.19","499","0.20","10","43.90",
="082726","神基兆豐56購01","0","0","0","--","--","--","--"," ","0.00","2.58","10","2.64","10","163.50",
="082727","聯詠兆豐56購01","964,000","33","519,210","0.50","0.58","0.49","0.55","+","0.04","0.55","10","0.56","10","443.00",
="082728","智原兆豐53購01","893,000","30","645,210","0.68","0.83","0.68","0.78","+","0.11","0.75","10","0.76","10","174.00",
="082729","采鈺兆豐52購01","0","0","0","--","--","--","--"," ","0.00","2.80","10","--","0","305.50",
="08272P","臺股指凱基4B售21","0","0","0","--","--","--","--"," ","0.00","--","0","0.02","10","0.00",
="082730","富世達兆豐52購01","0","0","0","--","--","--","--"," ","0.00","3.93","10","--","0","1,010.00",
="082731","南電兆豐56購01","0","0","0","--","--","--","--"," ","0.00","7.05","10","--","0","234.50",
="082732","南亞永豐52購01","0","0","0","--","--","--","--"," ","0.00","7.10","499","7.60","10","39.80",
="082733","台化永豐52購01","0","0","0","--","--","--","--"," ","0.00","3.66","499","3.70","10","28.95",
="082734","金寶永豐51購01","27,000","1","28,350","1.05","1.05","1.05","1.05","+","0.04","1.00","10","1.02","10","19.60",
="082735","台積電永豐4C購11","0","0","0","--","--","--","--"," ","0.00","--","0","--","0","1,340.00",
="082736","台積電永豐51購08","0","0","0","--","--","--","--"," ","0.00","--","0","--","0","1,340.00",
="082737","聯發科永豐4C購05","74,000","12","210,590","3.00","3.00","2.72","2.72","-","0.44","2.70","3","2.73","10","1,375.00",
="082738","萬海永豐4C購03","0","0","0","--","--","--","--"," ","0.00","0.07","499","0.08","10","77.90",
="082739","所羅門台新4C購01","0","0","0","--","--","--","--"," ","0.00","1.25","20","1.26","10","0.00",
="08273P","台光電中信4A售01","0","0","0","--","--","--","--"," ","0.00","--","0","0.01","156","0.00",
="082740","立積台新4C購01","0","0","0","--","--","--","--"," ","0.00","2.71","20","2.81","10","0.00",
="082741","亞泥中信4C購01","1,000","1","30","0.03","0.03","0.03","0.03","-","0.02","0.04","499","0.05","10","0.00",
="082742","中鋼中信4C購01","13,000","3","8,230","0.64","0.64","0.61","0.61","+","0.02","0.59","10","0.61","10","0.00",
="082743","中鴻中信4C購01","5,000","1","700","0.14","0.14","0.14","0.14"," ","0.00","0.13","10","0.14","10","0.00",
="082744","台積電中信52購02","0","0","0","--","--","--","--"," ","0.00","11.50","499","12.00","10","0.00",
="082745","聯發科中信53購01","0","0","0","--","--","--","--"," ","0.00","1.30","499","1.34","10","0.00",
="082746","國泰金中信4C購02","268,000","7","396,900","1.42","1.52","1.42","1.48","-","0.04","1.46","10","1.56","10","0.00",
="082747","群臺2X凱基51購01","0","0","0","--","--","--","--"," ","0.00","7.85","10","8.35","10","108.15",
="082748","台達電凱基4C購02","0","0","0","--","--","--","--"," ","0.00","30.60","100","31.60","10","893.00",
="082749","仁寶凱基4C購02","27,000","2","71,880","2.70","2.70","2.64","2.64","+","0.37","2.40","6","2.47","10","31.40",
="08274P","嘉澤中信4A售02","0","0","0","--","--","--","--"," ","0.00","--","0","0.02","10","0.00",
="082750","台積電凱基4C購38","0","0","0","--","--","--","--"," ","0.00","6.70","15","7.20","10","1,340.00",
="082751","瑞昱凱基4C購01","20,000","2","17,870","0.89","0.90","0.89","0.90","-","0.01","0.83","10","0.86","10","540.00",
="082752","毅嘉凱基4C購01","0","0","0","--","--","--","--"," ","0.00","5.05","10","5.55","10","53.50",
="082753","京元電凱基4C購01","0","0","0","--","--","--","--"," ","0.00","12.80","100","13.80","10","167.00",
="082754","聯發科凱基4C購11","25,000","5","47,580","1.95","1.95","1.86","1.86","-","0.44","1.79","100","1.82","10","1,375.00",
="082755","義隆凱基4C購02","95,000","3","65,430","0.67","0.69","0.67","0.69","-","0.03","0.66","100","0.70","10","132.50",
="082756","皇昌凱基4C購02","0","0","0","--","--","--","--"," ","0.00","0.88","10","0.89","10","72.70",
="082757","萬海凱基54購02","0","0","0","--","--","--","--"," ","0.00","0.32","100","0.33","50","77.90",
="082758","智原凱基4C購04","451,000","19","693,830","1.39","1.82","1.37","1.64","+","0.30","1.61","100","1.64","10","174.00",
="082759","欣興凱基51購01","1,000","1","4,560","4.56","4.56","4.56","4.56","X","0.00","4.30","100","4.40","10","159.00",
="08275P","臺股指中信51售03","3,000","3","150","0.05","0.05","0.05","0.05","X","0.00","0.04","499","0.05","100","0.00",
="082760","智易凱基4C購01","12,000","1","19,320","1.61","1.61","1.61","1.61","X","0.00","1.58","10","1.60","10","223.00",
="082761","材料凱基54購01","2,000","1","1,020","0.51","0.51","0.51","0.51","X","0.00","0.50","100","0.51","30","66.40",
="082762","飛捷凱基51購01","48,000","2","25,440","0.53","0.53","0.53","0.53","X","0.00","0.52","100","0.53","10","106.50",
="082763","愛普凱基51購01","32,000","6","135,780","4.27","4.29","3.91","4.29","-","0.02","4.27","100","4.32","10","344.00",
="082764","虎航凱基4C購02","6,000","1","2,040","0.34","0.34","0.34","0.34","X","0.00","0.33","100","0.34","30","75.80",
="082765","ITH凱基4C購03","0","0","0","--","--","--","--"," ","0.00","0.11","10","0.12","50","43.90",
="082766","長華凱基4C購01","0","0","0","--","--","--","--"," ","0.00","0.15","10","0.16","50","40.60",
="082767","鴻海統一54購04","0","0","0","--","--","--","--"," ","0.00","1.83","499","1.84","499","221.00",
="082768","金像電統一54購02","2,000","1","5,040","2.52","2.52","2.52","2.52","+","0.09","2.46","10","2.49","10","455.00",
="082769","威盛統一56購01","199,000","4","131,220","0.66","0.66","0.65","0.65","-","0.03","0.64","10","0.87","10","59.50",
="08276P","國企2X元富4A售03","0","0","0","--","--","--","--"," ","0.00","--","0","0.10","10","0.00",
="082770","全新統一56購01","0","0","0","--","--","--","--"," ","0.00","1.69","10","1.70","10","160.00",
="082771","智原統一56購02","71,000","8","40,750","0.55","0.61","0.55","0.57","X","0.00","0.56","10","0.57","10","174.00",
="082772","智原統一56購03","483,000","14","338,870","0.69","0.75","0.68","0.73","+","0.06","0.71","10","0.72","10","174.00",
="082773","台積電群益51購06","0","0","0","--","--","--","--"," ","0.00","0.01","100","--","0","1,340.00",
="082774","鴻準群益4C購03","0","0","0","--","--","--","--"," ","0.00","1.03","4","2.87","10","70.70",
="082775","台光電群益4C購01","0","0","0","--","--","--","--"," ","0.00","8.90","50","9.40","10","1,345.00",
="082776","聯發科群益4C購07","0","0","0","--","--","--","--"," ","0.00","0.01","100","--","0","1,375.00",
="082777","弘憶股群益4C購01","0","0","0","--","--","--","--"," ","0.00","0.38","25","0.39","10","44.10",
="082778","牧德群益52購01","32,000","1","22,080","0.69","0.69","0.69","0.69"," ","0.00","0.66","10","0.76","10","544.00",
="082779","世芯群益4C購11","0","0","0","--","--","--","--"," ","0.00","--","0","3.64","10","3,700.00",
="08277P","聯發科元富4A售16","0","0","0","--","--","--","--"," ","0.00","0.18","25","0.19","25","0.00",
="082780","上緯控群益4C購01","0","0","0","--","--","--","--"," ","0.00","1.43","100","1.47","100","114.50",
="082781","材料群益52購09","0","0","0","--","--","--","--"," ","0.00","0.32","10","0.42","10","66.40",
="082782","材料群益52購10","0","0","0","--","--","--","--"," ","0.00","0.37","10","0.47","10","66.40",
="082783","訊連群益51購01","0","0","0","--","--","--","--"," ","0.00","0.24","10","0.34","10","97.60",
="082784","保瑞群益4C購04","74,000","4","89,960","1.21","1.26","1.21","1.26"," ","0.00","1.20","10","1.30","10","693.00",
="082785","緯穎群益4C購02","0","0","0","--","--","--","--"," ","0.00","--","0","3.80","10","3,140.00",
="082786","台化元富4C購02","100,000","1","415,000","4.15","4.15","4.15","4.15","-","0.04","4.09","25","4.19","10","28.95",
="082787","美時元富4C購01","899,000","2","170,810","0.19","0.19","0.19","0.19","X","0.00","0.18","25","0.19","25","192.00",
="082788","鴻海元富4C購04","19,000","10","666,700","33.70","35.30","33.70","35.30","+","4.20","35.30","25","36.20","25","221.00",
="082789","國巨元富4C購01","1,000","1","19,200","19.20","19.20","19.20","19.20","X","0.00","17.80","25","--","0","176.00",
="08278P","臺股指元富4A售16","0","0","0","--","--","--","--"," ","0.00","--","0","0.10","25","0.00",
="082790","T50正2國票4C購05","0","0","0","--","--","--","--"," ","0.00","--","0","--","0","302.45",
="082791","T50正2國票4C購06","0","0","0","--","--","--","--"," ","0.00","14.90","25","15.10","10","302.45",
="082792","T50正2國票52購01","0","0","0","--","--","--","--"," ","0.00","12.10","25","12.20","10","302.45",
="082793","香港2X國票4C購02","20,000","2","93,440","4.71","4.71","4.67","4.67","X","0.00","4.68","25","4.75","10","18.02",
="082794","A50正2國票51購02","0","0","0","--","--","--","--"," ","0.00","2.68","25","2.70","10","32.79",
="082795","美指反國票54購01","0","0","0","--","--","--","--"," ","0.00","0.31","25","0.32","10","15.86",
="082797","台泥國票51購01","5,000","1","1,050","0.21","0.21","0.21","0.21","-","0.06","0.20","25","0.21","10","23.75",
="082798","美時國票52購01","0","0","0","--","--","--","--"," ","0.00","0.38","25","0.39","10","192.00",
="082799","中鴻國票51購01","1,000","1","610","0.61","0.61","0.61","0.61","-","0.04","0.60","27","0.61","10","15.90",
="08279P","臺股指元富4A售17","0","0","0","--","--","--","--"," ","0.00","--","0","0.10","25","0.00",
="082800","大成鋼國票51購01","0","0","0","--","--","--","--"," ","0.00","1.53","25","1.55","10","37.90",
="082801","瑞昱國票51購01","0","0","0","--","--","--","--"," ","0.00","1.50","25","1.54","10","540.00",
="082802","義隆國票52購01","30,000","1","21,600","0.72","0.72","0.72","0.72","-","0.06","0.72","25","0.73","10","132.50",
="082803","皇昌國票52購01","0","0","0","--","--","--","--"," ","0.00","0.73","25","0.75","10","72.70",
="082804","日勝生國票51購01","15,000","1","1,650","0.11","0.11","0.11","0.11"," ","0.00","0.11","25","0.12","10","11.15",
="082805","智原國票51購01","518,000","14","515,860","0.96","1.11","0.94","0.94","+","0.08","0.91","25","0.94","10","174.00",
="082806","弘憶股國票4C購01","0","0","0","--","--","--","--"," ","0.00","0.43","25","0.44","10","44.10",
="082807","嘉澤國票51購03","0","0","0","--","--","--","--"," ","0.00","1.91","25","1.96","10","1,605.00",
="082808","智易國票51購01","0","0","0","--","--","--","--"," ","0.00","1.10","25","1.11","10","223.00",
="082809","上緯控國票51購01","0","0","0","--","--","--","--"," ","0.00","2.55","25","2.60","10","114.50",
="08280P","臺股指元富4A售18","0","0","0","--","--","--","--"," ","0.00","--","0","0.10","25","0.00",
="082810","上緯控國票52購01","16,000","4","38,460","2.43","2.43","2.37","2.37","-","0.25","2.35","5","2.36","10","114.50",
="082811","訊連國票52購01","0","0","0","--","--","--","--"," ","0.00","0.40","25","0.41","10","97.60",
="082812","亞翔國票52購01","0","0","0","--","--","--","--"," ","0.00","6.05","25","6.15","10","358.50",
="082813","保瑞國票51購02","36,000","1","46,080","1.28","1.28","1.28","1.28","X","0.00","1.32","25","1.33","10","693.00",
="082814","美利達國票4C購02","77,000","2","31,570","0.41","0.41","0.41","0.41","X","0.00","0.36","25","0.38","10","108.00",
="082815","臺股指國票4C購05","6,000","2","103,800","17.30","17.30","17.30","17.30","X","0.00","17.20","499","17.40","499","0.00",
="082816","臺股指國票4C購06","0","0","0","--","--","--","--"," ","0.00","20.60","499","20.90","499","0.00",
="082817","臺股指國票4C購07","0","0","0","--","--","--","--"," ","0.00","17.80","499","17.90","499","0.00",
="082818","鴻海國泰51購04","0","0","0","--","--","--","--"," ","0.00","5.25","499","--","0","221.00",
="082819","奇鋐國泰51購01","0","0","0","--","--","--","--"," ","0.00","12.60","499","--","0","1,015.00",
="08281P","臺股指元富4A售19","0","0","0","--","--","--","--"," ","0.00","--","0","0.10","25","0.00",
="082820","世芯國泰53購01","0","0","0","--","--","--","--"," ","0.00","4.00","10","4.10","10","3,700.00",
="082821","材料國泰51購01","0","0","0","--","--","--","--"," ","0.00","0.38","499","0.39","100","66.40",
="082822","ITH國泰51購01","0","0","0","--","--","--","--"," ","0.00","0.34","499","0.35","100","43.90",
="082823","上銀富邦51購01","0","0","0","--","--","--","--"," ","0.00","0.24","30","0.25","10","0.00",
="082824","台達電富邦4C購01","0","0","0","--","--","--","--"," ","0.00","8.20","30","8.45","10","0.00",
="082825","京元電富邦51購01","0","0","0","--","--","--","--"," ","0.00","4.19","10","4.29","10","0.00",
="082826","八方富邦51購01","0","0","0","--","--","--","--"," ","0.00","0.55","10","0.58","10","0.00",
="082827","富世達富邦51購02","0","0","0","--","--","--","--"," ","0.00","3.76","10","3.86","10","0.00",
="082828","滬深2X元大53購04","1,000","1","5,350","5.35","5.35","5.35","5.35","-","0.25","5.40","100","--","0","19.04",
="082829","臺指反元大4C購01","0","0","0","--","--","--","--"," ","0.00","0.02","100","0.07","10","2.96",
="08282P","中鋼國票4B售02","0","0","0","--","--","--","--"," ","0.00","0.16","25","0.17","10","0.00",
="082830","統一元大4C購01","38,000","1","26,980","0.71","0.71","0.71","0.71","X","0.00","0.72","25","0.73","10","78.40",
="082831","台化元大4C購01","0","0","0","--","--","--","--"," ","0.00","1.94","400","1.99","10","28.95",
="082832","亞力元大4C購01","0","0","0","--","--","--","--"," ","0.00","0.19","499","0.20","10","102.50",
="082833","台積電凱基4A購03","10,000","2","58,000","5.80","5.80","5.80","5.80","+","0.30","5.85","18","--","0","1,340.00",
="082834","鴻準元大4C購03","0","0","0","--","--","--","--"," ","0.00","2.01","350","2.05","10","70.70",
="082835","金像電元大4C購05","14,000","2","74,900","5.35","5.35","5.35","5.35","+","0.66","5.15","150","5.20","10","455.00",
="082836","台光電元大4C購06","0","0","0","--","--","--","--"," ","0.00","6.75","100","--","0","1,345.00",
="082837","台光電元大4C購07","10,000","1","55,500","5.55","5.55","5.55","5.55","X","0.00","5.25","150","5.45","10","1,345.00",
="082838","台光電元大51購01","0","0","0","--","--","--","--"," ","0.00","3.85","200","3.95","10","1,345.00",
="082839","京元電元大4C購04","0","0","0","--","--","--","--"," ","0.00","8.90","100","--","0","167.00",
="08283P","大成鋼國票4B售01","0","0","0","--","--","--","--"," ","0.00","0.01","25","0.05","10","0.00",
="082840","長榮元大56購01","0","0","0","--","--","--","--"," ","0.00","0.36","499","0.37","10","182.00",
="082841","華航元大4C購03","0","0","0","--","--","--","--"," ","0.00","0.09","499","0.10","10","20.95",
="082842","萬海元大4C購14","0","0","0","--","--","--","--"," ","0.00","0.03","499","0.13","10","77.90",
="082843","晟銘電元大4C購02","0","0","0","--","--","--","--"," ","0.00","1.23","499","1.25","10","121.00",
="082844","奇鋐元大4C購05","50,000","2","182,100","3.73","3.73","3.62","3.62","+","0.29","3.22","250","3.31","10","1,015.00",
="082845","華擎元大4C購02","0","0","0","--","--","--","--"," ","0.00","2.21","350","2.28","10","278.00",
="082846","嘉澤元大4C購04","0","0","0","--","--","--","--"," ","0.00","1.45","499","1.50","10","1,605.00",
="082847","智易元大4C購01","0","0","0","--","--","--","--"," ","0.00","0.90","499","0.93","10","223.00",
="082848","貿聯元大54購05","3,000","1","9,750","3.25","3.25","3.25","3.25","-","0.12","3.11","200","--","0","1,085.00",
="082849","神達元大4C購05","0","0","0","--","--","--","--"," ","0.00","5.05","150","--","0","90.00",
="08284P","上銀國票4B售01","0","0","0","--","--","--","--"," ","0.00","0.01","25","0.05","10","0.00",
="082850","神達元大54購01","1,000","1","4,270","4.27","4.27","4.27","4.27","+","0.27","4.27","200","--","0","90.00",
="082852","神達元大56購01","100,000","23","426,240","4.37","4.48","4.18","4.24","+","0.13","4.32","200","4.34","10","90.00",
="082853","日月光元大4C購01","0","0","0","--","--","--","--"," ","0.00","1.53","499","1.59","10","174.50",
="082854","穎崴元大4C購04","0","0","0","--","--","--","--"," ","0.00","3.49","200","--","0","2,015.00",
="082855","虎航元大4C購03","0","0","0","--","--","--","--"," ","0.00","0.06","499","0.07","10","75.80",
="082856","富世達元大4C購02","0","0","0","--","--","--","--"," ","0.00","4.08","200","--","0","1,010.00",
="082857","ITH元大4C購03","0","0","0","--","--","--","--"," ","0.00","0.09","499","0.10","10","43.90",
="082858","世紀鋼元大4C購02","248,000","1","116,560","0.47","0.47","0.47","0.47","+","0.02","0.42","25","0.43","10","171.50",
="082859","臺股指元大4C購18","0","0","0","--","--","--","--"," ","0.00","7.35","499","7.70","10","0.00",
="08285P","華邦電國票4C售01","0","0","0","--","--","--","--"," ","0.00","0.01","25","0.05","70","0.00",
="082860","臺股指元大4C購19","0","0","0","--","--","--","--"," ","0.00","4.06","499","4.13","10","0.00",
="082863","電子類元大4C購01","0","0","0","--","--","--","--"," ","0.00","5.45","499","5.80","10","0.00",
="082864","滬深2X元富4C購02","0","0","0","--","--","--","--"," ","0.00","0.24","1","--","0","19.04",
="082865","南亞科元富4C購03","0","0","0","--","--","--","--"," ","0.00","--","0","--","0","81.00",
="082867","南亞科元富56購01","0","0","0","--","--","--","--"," ","0.00","--","0","--","0","81.00",
="082868","長榮元富56購03","0","0","0","--","--","--","--"," ","0.00","0.34","25","0.35","25","182.00",
="082869","奇鋐元富51購03","0","0","0","--","--","--","--"," ","0.00","5.80","25","6.30","25","1,015.00",
="08286P","漢唐國票4B售02","0","0","0","--","--","--","--"," ","0.00","--","0","0.01","20","0.00",
="082870","奇鋐元富54購02","0","0","0","--","--","--","--"," ","0.00","5.55","25","5.65","25","1,015.00",
="082871","世芯元富56購04","0","0","0","--","--","--","--"," ","0.00","3.96","25","4.03","25","3,700.00",
="082872","材料元富54購02","14,000","1","9,940","0.71","0.71","0.71","0.71","+","0.02","0.69","25","0.70","25","66.40",
="082873","臻鼎元富56購01","0","0","0","--","--","--","--"," ","0.00","6.35","25","6.50","25","171.50",
="082874","矽力元富56購01","0","0","0","--","--","--","--"," ","0.00","0.80","25","0.90","10","273.00",
="082875","穎崴元富54購03","0","0","0","--","--","--","--"," ","0.00","4.34","25","4.44","25","2,015.00",
="082876","虎航元富52購01","0","0","0","--","--","--","--"," ","0.00","0.23","25","0.24","25","75.80",
="082877","聯發科國泰55購01","0","0","0","--","--","--","--"," ","0.00","1.10","499","1.12","499","1,375.00",
="082878","漢翔國泰51購02","0","0","0","--","--","--","--"," ","0.00","6.25","499","6.55","10","62.60",
="082879","中鴻富邦4C購01","0","0","0","--","--","--","--"," ","0.00","0.44","30","0.45","10","0.00",
="08287P","南亞科國票4B售01","0","0","0","--","--","--","--"," ","0.00","0.01","30","0.05","10","0.00",
="082880","華通富邦4C購01","0","0","0","--","--","--","--"," ","0.00","1.63","10","1.67","10","0.00",
="082881","鴻海富邦54購01","6,000","6","41,850","6.80","7.05","6.80","7.00","+","0.60","7.05","30","7.10","10","0.00",
="082882","台積電富邦51購11","0","0","0","--","--","--","--"," ","0.00","8.65","30","8.95","10","0.00",
="082883","台積電富邦52購01","0","0","0","--","--","--","--"," ","0.00","8.75","30","8.90","10","0.00",
="082884","聯發科富邦4C購05","0","0","0","--","--","--","--"," ","0.00","1.70","30","1.76","10","0.00",
="082885","聯發科富邦52購01","10,000","1","20,600","2.06","2.06","2.06","2.06","X","0.00","1.97","30","2.00","10","0.00",
="082886","聯發科富邦54購01","244,000","6","523,720","2.23","2.23","2.11","2.17","-","0.19","2.08","30","2.11","10","0.00",
="082887","國泰金富邦4C購01","252,000","13","218,190","0.85","0.88","0.85","0.88","+","0.01","0.87","10","0.88","10","0.00",
="082888","牧德富邦52購02","8,000","4","5,020","0.65","0.65","0.62","0.62","-","0.07","0.60","10","0.61","10","0.00",
="082889","亞翔富邦51購01","0","0","0","--","--","--","--"," ","0.00","2.45","10","2.50","10","0.00",
="08288P","中信金國票4B售01","0","0","0","--","--","--","--"," ","0.00","0.01","25","0.05","10","0.00",
="082890","緯穎第一56購01","0","0","0","--","--","--","--"," ","0.00","1.25","10","1.27","10","0.00",
="082892","群高息中信53購01","0","0","0","--","--","--","--"," ","0.00","1.05","499","1.06","100","0.00",
="082893","元日2X國票66購01","10,000","1","3,200","0.32","0.32","0.32","0.32","+","0.01","0.31","25","0.32","10","5.87",
="082894","川湖國票52購01","6,000","1","36,900","6.15","6.15","6.15","6.15","-","1.30","6.10","25","6.15","4","3,220.00",
="082895","華泰國票51購02","581,000","19","1,763,550","3.10","3.10","2.88","2.88","-","0.20","2.78","25","2.79","10","47.70",
="082896","聯發科國票4C購02","60,000","2","38,800","0.66","0.66","0.58","0.58","-","0.11","0.57","25","0.59","10","1,375.00",
="082897","聯發科國票51購01","25,000","3","26,200","1.06","1.06","1.03","1.03","-","0.13","1.02","25","1.03","10","1,375.00",
="082898","聯發科國票52購01","0","0","0","--","--","--","--"," ","0.00","0.74","25","0.75","10","1,375.00",
="082899","富邦金國票52購01","71,000","11","149,540","2.04","2.12","2.04","2.12","+","0.02","2.09","25","2.10","10","88.40",
="08289P","智原國票4B售01","0","0","0","--","--","--","--"," ","0.00","0.72","25","0.73","10","0.00",
="082900","奇鋐國票51購02","0","0","0","--","--","--","--"," ","0.00","9.50","25","9.75","10","1,015.00",
="082902","保瑞國票4C購02","3,000","1","1,050","0.35","0.35","0.35","0.35","X","0.00","0.35","25","0.36","10","693.00",
="082903","緯穎國票51購02","0","0","0","--","--","--","--"," ","0.00","2.87","25","2.90","10","3,140.00",
="082904","復盛國票51購01","0","0","0","--","--","--","--"," ","0.00","0.44","25","0.45","10","265.00",
="082905","臺股指國票51購04","0","0","0","--","--","--","--"," ","0.00","12.60","499","12.70","499","0.00",
="082906","臺股指國票51購05","0","0","0","--","--","--","--"," ","0.00","11.90","499","12.00","499","0.00",
="082907","所羅門兆豐52購01","158,000","5","113,770","0.75","0.75","0.71","0.72","-","0.03","0.72","10","0.74","10","144.50",
="082908","微星兆豐51購01","0","0","0","--","--","--","--"," ","0.00","0.25","10","0.26","10","119.50",
="082909","漢翔兆豐53購01","0","0","0","--","--","--","--"," ","0.00","2.66","10","2.75","10","62.60",
="08290P","景碩國票4B售01","0","0","0","--","--","--","--"," ","0.00","0.01","25","0.05","10","0.00",
="082910","川湖永豐52購01","0","0","0","--","--","--","--"," ","0.00","3.09","10","3.19","10","3,220.00",
="082911","華通永豐52購01","0","0","0","--","--","--","--"," ","0.00","4.13","499","4.17","10","77.00",
="082912","華泰永豐52購01","25,000","3","106,240","4.26","4.26","4.00","4.00","-","0.27","3.94","10","3.96","10","47.70",
="082913","金像電永豐52購02","0","0","0","--","--","--","--"," ","0.00","11.90","499","12.10","10","455.00",
="082916","技嘉永豐52購02","36,000","2","100,080","2.78","2.78","2.78","2.78","+","0.03","2.73","10","2.75","10","283.00",
="082917","台光電永豐52購02","0","0","0","--","--","--","--"," ","0.00","3.94","499","4.04","10","1,345.00",
="082918","聯發科永豐5A購02","6,000","2","19,730","3.33","3.33","3.28","3.28","X","0.00","3.23","10","3.32","10","1,375.00",
="082919","德律永豐52購01","0","0","0","--","--","--","--"," ","0.00","33.60","499","34.30","10","189.00",
="08291P","緯穎國票4B售05","0","0","0","--","--","--","--"," ","0.00","0.01","25","0.05","10","0.00",
="082920","威健永豐4C購01","0","0","0","--","--","--","--"," ","0.00","0.28","10","0.29","10","28.25",
="082921","健策永豐52購01","0","0","0","--","--","--","--"," ","0.00","5.35","499","5.50","10","2,355.00",
="082922","貿聯永豐52購02","0","0","0","--","--","--","--"," ","0.00","13.60","499","14.00","10","1,085.00",
="082923","達興永豐4C購02","0","0","0","--","--","--","--"," ","0.00","5.30","499","--","0","399.00",
="082924","飛捷永豐4C購01","115,000","1","36,800","0.32","0.32","0.32","0.32","X","0.00","0.31","10","0.32","10","106.50",
="082925","保瑞永豐53購01","0","0","0","--","--","--","--"," ","0.00","0.99","499","1.09","10","693.00",
="082926","緯穎永豐4C購06","0","0","0","--","--","--","--"," ","0.00","3.72","10","3.77","10","3,140.00",
="082928","緯穎永豐4C購07","0","0","0","--","--","--","--"," ","0.00","2.65","499","2.66","10","3,140.00",
="082929","台積電統一58購03","8,000","1","48,000","6.00","6.00","6.00","6.00","+","0.50","5.85","10","5.90","10","1,340.00",
="08292P","日本2X元大4A售02","0","0","0","--","--","--","--"," ","0.00","--","0","0.04","100","0.00",
="082930","所羅門統一56購02","230,000","8","180,900","0.80","0.80","0.77","0.78","-","0.02","0.77","78","0.78","10","144.50",
="082931","金像電統一56購01","0","0","0","--","--","--","--"," ","0.00","2.11","10","2.12","10","455.00",
="082932","台光電統一56購01","0","0","0","--","--","--","--"," ","0.00","1.91","10","1.92","10","1,345.00",
="082933","萬海統一56購01","0","0","0","--","--","--","--"," ","0.00","0.18","10","0.19","10","77.90",
="082934","德律統一56購01","17,000","2","21,590","1.27","1.27","1.27","1.27","+","0.01","1.25","10","1.27","10","189.00",
="082935","統一群益4C購01","0","0","0","--","--","--","--"," ","0.00","0.44","10","0.54","10","78.40",
="082936","川湖群益4C購01","0","0","0","--","--","--","--"," ","0.00","--","0","--","0","3,220.00",
="082937","光寶科群益51購01","4,000","4","30,350","7.35","7.90","7.20","7.90"," ","0.00","7.55","25","8.05","10","183.00",
="082938","台達電群益51購01","0","0","0","--","--","--","--"," ","0.00","--","0","--","0","893.00",
="082939","金像電群益51購03","0","0","0","--","--","--","--"," ","0.00","--","0","5.75","10","455.00",
="08293P","鴻海中信4C售03","0","0","0","--","--","--","--"," ","0.00","--","0","0.02","10","0.00",
="082940","技嘉群益4C購02","12,000","6","9,840","0.82","0.82","0.82","0.82","X","0.00","0.80","10","0.90","10","283.00",
="082941","技嘉群益4C購03","0","0","0","--","--","--","--"," ","0.00","0.45","10","0.55","10","283.00",
="082942","瑞昱群益4C購02","30,000","1","26,400","0.88","0.88","0.88","0.88","X","0.00","0.85","10","0.95","10","540.00",
="082943","漢唐群益4C購03","0","0","0","--","--","--","--"," ","0.00","9.00","50","9.50","10","987.00",
="082944","聯發科群益4C購08","13,000","2","18,070","1.39","1.39","1.39","1.39","-","0.23","0.29","10","--","0","1,375.00",
="082945","皇昌群益52購01","0","0","0","--","--","--","--"," ","0.00","0.66","25","0.69","10","72.70",
="082946","雄獅群益52購01","0","0","0","--","--","--","--"," ","0.00","0.55","100","0.59","100","158.50",
="082947","智原群益4C購05","264,000","9","252,440","0.89","1.11","0.88","0.92","+","0.20","0.90","10","1.00","10","174.00",
="082948","貿聯群益51購01","10,000","1","49,200","4.92","4.92","4.92","4.92","+","0.03","2.69","3","4.36","10","1,085.00",
="082949","達興群益4C購02","0","0","0","--","--","--","--"," ","0.00","4.56","100","4.66","10","399.00",
="08294P","台積電中信51售01","0","0","0","--","--","--","--"," ","0.00","0.06","499","0.07","100","0.00",
="082950","達興群益51購01","0","0","0","--","--","--","--"," ","0.00","4.77","10","4.89","10","399.00",
="082951","T50正2凱基51購07","0","0","0","--","--","--","--"," ","0.00","16.10","10","17.10","10","302.45",
="082952","日本反凱基52購01","0","0","0","--","--","--","--"," ","0.00","0.18","10","0.19","50","5.00",
="082953","香港2X凱基52購02","30,000","7","134,110","4.72","4.72","4.37","4.37","-","0.23","4.40","100","4.41","50","18.02",
="082954","道瓊反凱基54購01","0","0","0","--","--","--","--"," ","0.00","0.21","100","0.22","50","5.81",
="082955","亞力凱基4C購01","0","0","0","--","--","--","--"," ","0.00","0.60","100","0.62","10","102.50",
="082956","川湖凱基4C購05","0","0","0","--","--","--","--"," ","0.00","4.44","100","4.54","10","3,220.00",
="082957","鴻海凱基51購07","0","0","0","--","--","--","--"," ","0.00","5.10","499","5.20","150","221.00",
="082958","台積電凱基4C購39","0","0","0","--","--","--","--"," ","0.00","3.70","100","3.80","10","1,340.00",
="082959","台光電凱基51購02","0","0","0","--","--","--","--"," ","0.00","14.50","100","14.80","10","1,345.00",
="08295P","緯創中信4A售03","0","0","0","--","--","--","--"," ","0.00","--","0","0.02","10","0.00",
="082960","日勝生凱基51購01","50,000","1","7,000","0.14","0.14","0.14","0.14","X","0.00","0.15","10","0.16","10","11.15",
="082961","長榮凱基56購01","0","0","0","--","--","--","--"," ","0.00","0.39","499","0.40","40","182.00",
="082962","華航凱基4C購01","0","0","0","--","--","--","--"," ","0.00","0.10","10","0.11","40","20.95",
="082963","晟銘電凱基4C購03","0","0","0","--","--","--","--"," ","0.00","1.28","100","1.31","10","121.00",
="082964","奇鋐凱基4C購04","0","0","0","--","--","--","--"," ","0.00","6.30","100","6.45","10","1,015.00",
="082965","華擎凱基4C購02","0","0","0","--","--","--","--"," ","0.00","3.06","10","3.12","10","278.00",
="082966","嘉澤凱基4C購03","0","0","0","--","--","--","--"," ","0.00","2.68","10","2.78","10","1,605.00",
="082967","世芯凱基51購08","0","0","0","--","--","--","--"," ","0.00","4.38","100","4.48","10","3,700.00",
="082968","貿聯凱基54購01","0","0","0","--","--","--","--"," ","0.00","7.10","100","7.60","10","1,085.00",
="082969","中租凱基4C購01","24,000","2","14,120","0.58","0.59","0.58","0.59","-","0.02","0.62","10","0.63","10","118.00",
="08296P","臺股指中信4B售09","0","0","0","--","--","--","--"," ","0.00","--","0","0.02","10","0.00",
="082970","保瑞凱基54購01","0","0","0","--","--","--","--"," ","0.00","0.82","100","0.83","10","693.00",
="082971","緯穎凱基4C購06","0","0","0","--","--","--","--"," ","0.00","4.43","100","4.53","10","3,140.00",
="082972","力積電凱基4C購02","21,000","3","147,200","6.60","7.05","6.60","6.65","X","0.00","6.65","92","7.00","10","23.45",
="082973","臺股指凱基51購15","0","0","0","--","--","--","--"," ","0.00","8.00","100","8.05","10","0.00",
="082974","電子類凱基51購02","0","0","0","--","--","--","--"," ","0.00","6.90","10","7.40","10","0.00",
="082975","台光電台新4C購01","0","0","0","--","--","--","--"," ","0.00","9.65","20","--","0","0.00",
="082976","上証2X元大52購01","0","0","0","--","--","--","--"," ","0.00","3.40","100","3.46","10","47.20",
="082977","SGBR2X元大51購02","265,000","11","220,490","0.85","0.85","0.82","0.82","-","0.08","0.83","273","0.84","100","10.98",
="082978","台泥元大4C購01","694,000","9","128,200","0.25","0.25","0.17","0.18","-","0.07","0.17","499","0.18","10","23.75",
="082979","中鋼元大4C購01","0","0","0","--","--","--","--"," ","0.00","0.47","499","0.49","10","19.45",
="08297P","臺股指永豐4A售09","0","0","0","--","--","--","--"," ","0.00","0.02","499","0.04","10","0.00",
="082980","金像電元大4C購07","6,000","1","33,600","5.60","5.60","5.60","5.60","+","0.60","5.35","150","5.45","10","455.00",
="082981","金像電元大51購02","51,000","8","263,350","5.15","5.20","5.05","5.15","+","0.27","4.95","150","5.00","10","455.00",
="082982","技嘉元大4C購01","70,000","1","23,100","0.33","0.33","0.33","0.33","X","0.00","0.33","499","0.34","10","283.00",
="082983","技嘉元大4C購02","331,000","3","158,200","0.47","0.48","0.47","0.48","X","0.00","0.48","10","0.49","10","283.00",
="082984","台光電元大4C購09","0","0","0","--","--","--","--"," ","0.00","4.49","200","4.59","10","1,345.00",
="082985","台光電元大51購02","0","0","0","--","--","--","--"," ","0.00","4.63","200","4.73","10","1,345.00",
="082986","漢唐元大4C購01","2,000","1","18,600","9.30","9.30","9.30","9.30","+","0.05","9.10","100","9.30","10","987.00",
="082987","萬海元大4C購16","0","0","0","--","--","--","--"," ","0.00","0.07","499","0.08","10","77.90",
="082988","聯鈞元大4C購03","20,000","5","48,540","2.31","2.51","2.31","2.51","+","0.27","2.59","25","--","0","278.00",
="082989","嘉澤元大4C購05","3,000","1","3,090","1.03","1.03","1.03","1.03","X","0.00","1.02","3","1.03","10","1,605.00",
="08298P","中鋼群益4C售03","0","0","0","--","--","--","--"," ","0.00","0.78","100","0.79","100","0.00",
="082990","貿聯元大4C購02","0","0","0","--","--","--","--"," ","0.00","3.19","200","--","0","1,085.00",
="082991","神達元大4C購06","2,000","1","11,500","5.75","5.75","5.75","5.75","+","0.70","5.60","150","5.70","10","90.00",
="082992","上緯控元大4C購01","1,000","1","2,670","2.67","2.67","2.67","2.67"," ","0.00","2.42","250","2.52","10","114.50",
="082993","瀚宇博元大4C購02","0","0","0","--","--","--","--"," ","0.00","6.15","100","--","0","104.00",
="082994","力成元大4C購01","0","0","0","--","--","--","--"," ","0.00","1.63","450","1.68","10","150.50",
="082995","保瑞元大4C購05","30,000","4","10,800","0.38","0.38","0.35","0.38","X","0.00","0.35","25","0.36","10","693.00",
="082996","保瑞元大54購03","363,000","6","209,440","0.58","0.59","0.56","0.59","+","0.01","0.57","25","0.58","10","693.00",
="082997","穎崴元大4C購05","4,000","2","13,600","3.45","3.45","3.35","3.35","X","0.00","3.27","250","3.37","10","2,015.00",
="082998","緯穎元大4C購13","10,000","4","12,660","1.37","1.37","1.24","1.24","-","0.13","1.27","499","1.29","10","3,140.00",
="082999","技嘉國票51購01","0","0","0","--","--","--","--"," ","0.00","1.04","25","1.05","10","283.00",
="08299P","鴻海群益4C售03","0","0","0","--","--","--","--"," ","0.00","--","0","--","0","0.00",
="083000","台光電國票51購02","4,000","4","66,500","16.10","17.20","16.10","16.70","+","2.40","16.30","25","16.70","10","1,345.00",
="083001","正崴國票51購01","5,000","1","3,650","0.73","0.73","0.73","0.73","-","0.08","0.72","25","0.73","10","48.80",
="083002","南亞科國票51購02","40,000","4","344,000","8.60","8.60","8.60","8.60","-","0.95","9.75","25","10.10","10","81.00",
="083003","長榮國票51購04","0","0","0","--","--","--","--"," ","0.00","0.21","25","0.22","10","182.00",
="083004","富邦金國票4C購04","0","0","0","--","--","--","--"," ","0.00","0.57","25","0.58","10","88.40",
="083005","大立光國票51購02","114,000","9","41,010","0.39","0.39","0.35","0.37","-","0.02","0.36","25","0.37","10","2,360.00",
="083006","欣興國票52購02","20,000","5","81,850","4.09","4.14","4.05","4.05","+","0.20","3.92","25","4.02","10","159.00",
="083007","健鼎國票51購01","0","0","0","--","--","--","--"," ","0.00","6.70","25","6.85","10","309.50",
="083008","景碩國票51購01","11,000","2","70,050","7.05","7.05","6.30","6.30","-","0.25","6.15","25","6.35","10","111.50",
="083009","新日興國票4C購01","0","0","0","--","--","--","--"," ","0.00","3.15","25","3.25","10","237.00",
="08300P","華邦電群益51售01","0","0","0","--","--","--","--"," ","0.00","--","0","--","0","0.00",
="083010","融程電國票4C購01","0","0","0","--","--","--","--"," ","0.00","2.54","25","2.64","10","184.00",
="083011","聯鈞國票51購02","10,000","6","41,650","4.15","4.55","4.05","4.55","+","0.70","4.45","25","4.55","10","278.00",
="083012","貿聯國票51購02","0","0","0","--","--","--","--"," ","0.00","15.10","25","15.90","10","1,085.00",
="083013","日月光國票51購01","10,000","1","20,400","2.04","2.04","2.04","2.04","+","0.12","2.04","25","2.09","10","174.50",
="083014","承業醫國票4C購01","11,000","2","7,930","0.73","0.73","0.72","0.72","-","0.07","0.71","25","0.72","10","47.00",
="083015","材料國票51購02","0","0","0","--","--","--","--"," ","0.00","0.08","25","0.09","10","66.40",
="083016","中租國票52購01","21,000","2","11,870","0.55","0.57","0.55","0.57"," ","0.00","0.55","25","0.56","10","118.00",
="083017","富世達國票51購01","2,000","2","19,600","9.80","9.80","9.80","9.80","X","0.00","10.30","25","10.60","10","1,010.00",
="083018","天虹國票4C購01","0","0","0","--","--","--","--"," ","0.00","2.59","25","2.65","10","252.50",
="083019","羅昇國票52購01","0","0","0","--","--","--","--"," ","0.00","0.49","25","0.50","10","99.50",
="08301P","南亞科群益54售01","50,000","1","3,500","0.07","0.07","0.07","0.07","-","0.01","0.06","50","0.12","499","0.00",
="083020","臺股指國票51購06","0","0","0","--","--","--","--"," ","0.00","9.75","499","9.80","499","0.00",
="083021","技嘉國泰51購01","0","0","0","--","--","--","--"," ","0.00","1.33","499","1.34","499","283.00",
="083022","智原國泰51購02","85,000","6","106,450","1.18","1.30","1.18","1.27","+","0.22","1.17","499","1.18","100","174.00",
="083023","材料國泰51購02","0","0","0","--","--","--","--"," ","0.00","0.14","499","0.15","100","66.40",
="083024","緯穎國泰51購01","0","0","0","--","--","--","--"," ","0.00","3.27","10","3.31","10","3,140.00",
="083025","富世達國泰51購02","0","0","0","--","--","--","--"," ","0.00","6.85","499","--","0","1,010.00",
="083026","元日2X富邦53購01","0","0","0","--","--","--","--"," ","0.00","0.14","100","0.15","100","0.00",
="083027","中興電富邦4C購02","0","0","0","--","--","--","--"," ","0.00","0.80","30","0.81","10","0.00",
="083028","川湖富邦51購01","17,000","1","46,070","2.71","2.71","2.71","2.71","-","0.54","2.61","10","2.65","10","0.00",
="083029","金像電富邦51購01","0","0","0","--","--","--","--"," ","0.00","3.59","10","3.63","10","0.00",
="08302P","陽明群益4C售05","20,000","1","13,200","0.66","0.66","0.66","0.66","X","0.00","0.66","100","0.67","100","0.00",
="083030","台光電富邦4C購03","0","0","0","--","--","--","--"," ","0.00","5.70","10","5.90","10","0.00",
="083031","萬海富邦4C購02","0","0","0","--","--","--","--"," ","0.00","0.04","10","0.05","10","0.00",
="083032","聯發科第一56購01","0","0","0","--","--","--","--"," ","0.00","0.78","10","0.79","10","0.00",
="083033","上証2X凱基52購01","12,000","6","65,000","5.65","5.90","5.15","5.15","-","0.45","5.25","100","5.30","50","47.20",
="083034","A50凱基4C購01","71,000","3","156,570","2.21","2.37","2.11","2.11","-","0.09","2.11","100","2.12","50","24.90",
="083035","元石油凱基4C購01","41,000","26","49,520","1.23","1.23","1.20","1.20","-","0.12","1.22","10","1.23","50","16.00",
="083036","台泥凱基4C購01","10,000","1","1,400","0.14","0.14","0.14","0.14","-","0.11","0.14","90","0.23","187","23.75",
="083037","台積電凱基4C購40","0","0","0","--","--","--","--"," ","0.00","6.60","100","7.10","10","1,340.00",
="083038","金像電凱基51購01","0","0","0","--","--","--","--"," ","0.00","7.50","100","7.60","10","455.00",
="083039","瑞昱凱基4C購02","0","0","0","--","--","--","--"," ","0.00","0.43","10","0.45","10","540.00",
="08303P","中信金群益54售01","0","0","0","--","--","--","--"," ","0.00","0.11","21","--","0","0.00",
="083040","正崴凱基4C購01","0","0","0","--","--","--","--"," ","0.00","0.18","10","0.19","50","48.80",
="083041","漢唐凱基51購02","0","0","0","--","--","--","--"," ","0.00","12.80","10","13.80","10","987.00",
="083042","聯發科凱基54購02","0","0","0","--","--","--","--"," ","0.00","1.06","100","1.07","10","1,375.00",
="083043","富邦金凱基4C購01","0","0","0","--","--","--","--"," ","0.00","0.28","100","0.38","10","88.40",
="083044","國泰金凱基4C購03","0","0","0","--","--","--","--"," ","0.00","0.21","10","0.22","30","66.20",
="083045","智原凱基4C購05","94,000","7","66,310","0.64","0.75","0.64","0.65","+","0.13","0.64","100","0.65","5","174.00",
="083046","世芯凱基56購01","0","0","0","--","--","--","--"," ","0.00","3.36","100","3.39","10","3,700.00",
="083047","瀚宇博凱基4C購01","0","0","0","--","--","--","--"," ","0.00","9.85","100","--","0","104.00",
="083048","川湖元富54購01","0","0","0","--","--","--","--"," ","0.00","1.78","25","1.88","10","3,220.00",
="083049","華通元富51購01","0","0","0","--","--","--","--"," ","0.00","4.40","25","4.50","10","77.00",
="08304P","國企2X凱基4A售07","0","0","0","--","--","--","--"," ","0.00","--","0","0.10","10","0.00",
="083050","華通元富51購02","0","0","0","--","--","--","--"," ","0.00","3.03","25","3.06","25","77.00",
="083051","金像電元富4C購03","0","0","0","--","--","--","--"," ","0.00","5.45","25","5.95","25","455.00",
="083052","金像電元富4C購04","0","0","0","--","--","--","--"," ","0.00","6.30","25","6.80","10","455.00",
="083053","技嘉元富51購02","268,000","7","456,240","1.69","1.73","1.69","1.70","+","0.02","1.68","25","1.69","25","283.00",
="083054","技嘉元富51購03","24,000","1","20,160","0.84","0.84","0.84","0.84","+","0.06","0.81","25","0.82","25","283.00",
="083055","台光電元富51購01","0","0","0","--","--","--","--"," ","0.00","5.30","25","5.80","25","1,345.00",
="083056","台光電元富51購02","0","0","0","--","--","--","--"," ","0.00","6.30","25","6.80","25","1,345.00",
="083057","正崴元富51購01","0","0","0","--","--","--","--"," ","0.00","0.70","25","0.71","25","48.80",
="083058","正崴元富51購02","0","0","0","--","--","--","--"," ","0.00","0.33","25","0.34","25","48.80",
="08305P","聯電凱基4A售03","0","0","0","--","--","--","--"," ","0.00","0.07","10","0.17","10","0.00",
="083060","晶豪科元富51購01","5,000","1","27,250","5.45","5.45","5.45","5.45","X","0.00","5.65","25","6.15","25","81.00",
="083061","晶豪科元富51購02","17,000","2","70,830","4.29","4.29","4.15","4.15","+","0.40","1.71","35","--","0","81.00",
="083062","奇鋐元富54購03","0","0","0","--","--","--","--"," ","0.00","5.35","25","5.45","25","1,015.00",
="083063","智原元富51購02","757,000","13","1,206,920","1.48","1.72","1.48","1.57","+","0.25","1.55","25","1.57","15","174.00",
="083064","智原元富51購03","107,000","3","100,150","0.92","0.95","0.92","0.95","+","0.23","0.86","25","0.88","25","174.00",
="083065","材料元富53購05","0","0","0","--","--","--","--"," ","0.00","0.23","25","0.24","25","66.40",
="083066","啟碁元富56購01","21,000","2","28,970","1.37","1.39","1.37","1.39","-","0.01","1.37","25","1.39","25","121.00",
="083067","緯穎元富51購05","9,000","1","19,440","2.16","2.16","2.16","2.16","X","0.00","2.09","25","2.11","25","3,140.00",
="083068","虎航元富55購01","20,000","1","6,000","0.30","0.30","0.30","0.30","-","0.02","0.27","25","0.28","25","75.80",
="083069","AES元富54購02","20,000","1","22,400","1.12","1.12","1.12","1.12","+","0.03","1.02","25","1.04","25","1,195.00",
="08306P","台積電凱基4A售50","0","0","0","--","--","--","--"," ","0.00","--","0","0.10","10","0.00",
="083070","ITH元富52購01","20,000","1","3,800","0.19","0.19","0.19","0.19","X","0.00","0.19","25","0.20","25","43.90",
="083071","世紀鋼元富56購01","49,000","2","83,790","1.71","1.71","1.71","1.71","+","0.08","1.57","25","1.59","25","171.50",
="083072","美時兆豐53購01","0","0","0","--","--","--","--"," ","0.00","0.26","10","0.27","10","192.00",
="083073","台達電兆豐4C購01","0","0","0","--","--","--","--"," ","0.00","10.20","10","--","0","893.00",
="083074","技嘉兆豐51購01","0","0","0","--","--","--","--"," ","0.00","0.75","10","0.76","10","283.00",
="083075","奇鋐兆豐4C購01","0","0","0","--","--","--","--"," ","0.00","3.42","10","--","0","1,015.00",
="083076","新唐兆豐56購01","138,000","10","95,390","0.72","0.72","0.67","0.67","-","0.07","0.66","10","0.68","10","64.60",
="083077","中磊兆豐56購01","834,000","31","882,880","1.06","1.08","1.03","1.08","+","0.06","1.05","10","1.06","10","105.50",
="083078","美時統一5C購01","0","0","0","--","--","--","--"," ","0.00","0.41","10","0.42","10","192.00",
="083079","一詮統一56購02","95,000","2","96,900","1.02","1.02","1.02","1.02","-","0.01","0.99","10","1.00","10","82.30",
="08307P","長榮凱基4A售07","0","0","0","--","--","--","--"," ","0.00","0.32","499","--","0","0.00",
="083080","萬海統一56購02","652,000","3","97,800","0.15","0.15","0.15","0.15","X","0.00","0.14","10","0.15","10","77.90",
="083081","群創統一56購01","207,000","17","171,850","0.78","0.87","0.78","0.86","+","0.05","0.83","10","0.84","10","14.15",
="083082","台達電永豐51購01","0","0","0","--","--","--","--"," ","0.00","25.40","499","26.40","10","893.00",
="083083","台積電永豐56購03","9,000","2","229,800","25.70","25.70","25.40","25.40","X","0.00","10.90","15","--","0","1,340.00",
="083084","金像電永豐51購04","0","0","0","--","--","--","--"," ","0.00","10.40","499","11.40","10","455.00",
="083085","正崴永豐4C購02","0","0","0","--","--","--","--"," ","0.00","0.21","10","0.22","10","48.80",
="083086","南亞科永豐52購01","0","0","0","--","--","--","--"," ","0.00","5.40","33","--","0","81.00",
="083087","南亞科永豐52購02","0","0","0","--","--","--","--"," ","0.00","3.49","10","--","0","81.00",
="083088","長榮永豐56購01","18,000","2","20,160","1.12","1.12","1.12","1.12"," ","0.00","1.10","499","1.11","10","182.00",
="083089","健鼎永豐4C購01","0","0","0","--","--","--","--"," ","0.00","9.55","499","9.70","10","309.50",
="08308P","大立光凱基4B售03","0","0","0","--","--","--","--"," ","0.00","0.05","100","0.15","10","0.00",
="083090","創意永豐54購01","22,000","3","29,200","1.30","1.35","1.30","1.35","X","0.00","1.32","10","1.34","10","1,315.00",
="083091","同欣電永豐52購01","0","0","0","--","--","--","--"," ","0.00","14.00","10","14.20","10","120.50",
="083092","愛普永豐52購01","6,000","1","58,200","9.70","9.70","9.70","9.70","-","0.10","7.20","1","--","0","344.00",
="083093","富世達永豐52購01","38,000","4","851,600","22.00","23.20","22.00","22.00","X","0.00","21.60","499","22.60","10","1,010.00",
="083094","中興電群益4C購03","0","0","0","--","--","--","--"," ","0.00","0.67","100","0.69","100","159.00",
="083095","亞力群益4C購02","10,000","1","4,900","0.49","0.49","0.49","0.49","-","0.02","0.47","110","0.50","100","102.50",
="083096","上銀群益4C購05","0","0","0","--","--","--","--"," ","0.00","0.58","100","0.59","100","217.50",
="083097","川湖群益4C購02","0","0","0","--","--","--","--"," ","0.00","--","0","--","0","3,220.00",
="083098","台積電凱基4A購04","0","0","0","--","--","--","--"," ","0.00","7.30","14","7.80","10","1,340.00",
="083099","台積電群益4C購16","0","0","0","--","--","--","--"," ","0.00","--","0","3.41","10","1,340.00",
="08309P","臺股指凱基4A售31","0","0","0","--","--","--","--"," ","0.00","--","0","--","0","0.00",
="083100","鴻準群益4C購04","499,000","2","593,810","1.19","1.19","1.19","1.19","X","0.00","1.15","10","1.25","10","70.70",
="083101","台光電群益4C購03","0","0","0","--","--","--","--"," ","0.00","5.40","100","5.90","10","1,345.00",
="083102","南亞科群益51購06","6,000","1","22,080","3.68","3.68","3.68","3.68","X","0.00","2.05","65","--","0","81.00",
="083103","長榮群益4C購05","0","0","0","--","--","--","--"," ","0.00","0.53","100","0.54","100","182.00",
="083104","大立光群益4C購04","0","0","0","--","--","--","--"," ","0.00","0.22","100","0.25","100","2,360.00",
="083105","奇鋐群益51購03","0","0","0","--","--","--","--"," ","0.00","1.94","499","2.04","10","1,015.00",
="083106","智原群益4C購06","170,000","5","131,540","0.63","0.80","0.63","0.79","+","0.14","0.78","10","0.88","10","174.00",
="083107","嘉澤群益4C購02","29,000","1","47,850","1.65","1.65","1.65","1.65","-","0.30","0.40","25","--","0","1,605.00",
="083108","健策群益4C購01","0","0","0","--","--","--","--"," ","0.00","--","0","--","0","2,355.00",
="083109","健策群益52購05","0","0","0","--","--","--","--"," ","0.00","--","0","5.65","10","2,355.00",
="08310P","喬山國票4B售02","0","0","0","--","--","--","--"," ","0.00","0.05","25","0.06","10","0.00",
="083110","世芯群益4C購12","0","0","0","--","--","--","--"," ","0.00","--","0","3.15","10","3,700.00",
="083111","貿聯群益4C購04","0","0","0","--","--","--","--"," ","0.00","--","0","--","0","1,085.00",
="083112","材料群益56購01","0","0","0","--","--","--","--"," ","0.00","0.24","10","0.34","10","66.40",
="083113","緯穎群益4C購03","18,000","2","25,280","1.42","1.42","1.38","1.38","X","0.00","0.31","7","--","0","3,140.00",
="083114","力積電群益4C購02","214,000","32","1,037,020","4.64","4.94","4.64","4.86","+","1.50","1.29","7","--","0","23.45",
="083115","富世達群益52購01","0","0","0","--","--","--","--"," ","0.00","--","0","7.65","10","1,010.00",
="083116","臺股指群益4C購08","0","0","0","--","--","--","--"," ","0.00","7.15","499","--","0","0.00",
="083117","臺股指群益4C購09","0","0","0","--","--","--","--"," ","0.00","7.35","499","--","0","0.00",
="083118","臺股指群益4C購10","0","0","0","--","--","--","--"," ","0.00","10.00","499","10.10","499","0.00",
="083119","士電元大4C購03","0","0","0","--","--","--","--"," ","0.00","0.75","499","0.76","10","183.00",
="08311P","光寶科國票4B售01","0","0","0","--","--","--","--"," ","0.00","--","0","--","0","0.00",
="083120","直得元大4C購01","0","0","0","--","--","--","--"," ","0.00","0.18","499","0.19","10","81.30",
="083121","台積電元大4C購24","0","0","0","--","--","--","--"," ","0.00","--","0","--","0","1,340.00",
="083122","金像電元大4C購08","37,000","6","166,750","4.46","4.57","4.39","4.57","+","0.73","4.29","200","4.38","10","455.00",
="083124","台光電元大4C購12","117,000","12","556,050","4.77","4.77","4.65","4.65","X","0.00","4.49","200","4.59","10","1,345.00",
="083125","京元電元大4C購05","0","0","0","--","--","--","--"," ","0.00","4.71","150","4.81","10","167.00",
="083126","萬海元大4C購17","0","0","0","--","--","--","--"," ","0.00","0.06","499","0.07","10","77.90",
="083127","緯創元大4C購06","25,000","2","6,650","0.29","0.29","0.26","0.26","+","0.02","0.24","499","0.25","10","122.50",
="083128","嘉澤元大4C購06","14,000","1","18,200","1.30","1.30","1.30","1.30","-","0.07","1.25","499","1.27","10","1,605.00",
="083129","貿聯元大4C購03","0","0","0","--","--","--","--"," ","0.00","4.63","150","--","0","1,085.00",
="08312P","鴻海國票4B售05","0","0","0","--","--","--","--"," ","0.00","0.01","25","0.05","10","0.00",
="083130","神達元大4C購07","189,000","20","816,650","4.18","4.44","3.95","4.06","+","0.37","4.18","200","4.21","10","90.00",
="083131","大銀元大4C購02","0","0","0","--","--","--","--"," ","0.00","0.23","499","0.24","10","120.00",
="083132","材料元大4C購08","0","0","0","--","--","--","--"," ","0.00","0.02","499","0.12","10","66.40",
="083133","材料元大51購16","0","0","0","--","--","--","--"," ","0.00","0.03","499","0.13","10","66.40",
="083134","材料元大52購03","0","0","0","--","--","--","--"," ","0.00","0.10","499","0.11","10","66.40",
="083135","聯茂元大4C購03","45,000","3","121,150","2.77","2.77","2.48","2.48","X","0.00","2.48","10","--","0","111.50",
="083136","緯穎元大4C購14","171,000","6","175,140","1.02","1.06","0.99","1.00","-","0.04","1.01","499","1.02","10","3,140.00",
="083137","世紀鋼元大55購01","268,000","4","152,160","0.57","0.57","0.54","0.54","X","0.00","0.53","25","0.54","10","171.50",
="083139","中興電凱基4C購02","0","0","0","--","--","--","--"," ","0.00","0.64","100","0.65","10","159.00",
="08313P","金像電國票4B售02","0","0","0","--","--","--","--"," ","0.00","--","0","0.01","168","0.00",
="083140","國巨凱基52購01","0","0","0","--","--","--","--"," ","0.00","5.55","499","--","0","176.00",
="083141","華泰凱基51購01","185,000","6","513,350","2.87","2.87","2.68","2.68","-","0.35","2.70","100","2.73","10","47.70",
="083142","台積電凱基4C購41","0","0","0","--","--","--","--"," ","0.00","3.55","100","3.65","10","1,340.00",
="083143","鴻準凱基51購01","300,000","4","444,000","1.49","1.49","1.46","1.46","+","0.01","1.41","10","1.42","10","70.70",
="083144","南亞科凱基51購04","20,000","2","94,500","4.55","4.90","4.55","4.90","-","0.03","4.87","10","4.97","10","81.00",
="083145","國泰金凱基4C購05","0","0","0","--","--","--","--"," ","0.00","0.97","100","--","0","66.20",
="083146","德律凱基51購01","0","0","0","--","--","--","--"," ","0.00","4.10","100","4.20","10","189.00",
="083147","健鼎凱基51購01","0","0","0","--","--","--","--"," ","0.00","7.20","10","7.70","10","309.50",
="083148","嘉澤凱基4C購04","68,000","3","52,760","0.80","0.80","0.75","0.75","-","0.18","0.77","10","0.79","10","1,605.00",
="08314P","威盛國票4B售01","0","0","0","--","--","--","--"," ","0.00","0.08","25","0.09","10","0.00",
="083150","貿聯凱基4C購03","0","0","0","--","--","--","--"," ","0.00","8.00","100","8.50","10","1,085.00",
="083154","日月光凱基4C購02","262,000","19","556,490","2.27","2.27","2.07","2.13","+","0.08","2.09","10","2.17","10","174.50",
="083155","迅得凱基4C購02","0","0","0","--","--","--","--"," ","0.00","0.54","100","0.55","10","176.00",
="083156","緯穎凱基4C購07","0","0","0","--","--","--","--"," ","0.00","2.34","100","2.36","10","3,140.00",
="083157","世紀鋼凱基55購02","0","0","0","--","--","--","--"," ","0.00","0.35","10","0.36","10","171.50",
="083159","南亞科中信4C購02","460,000","56","1,818,590","4.11","4.21","3.61","4.21","+","0.07","4.20","5","7.00","4","0.00",
="08315P","裕民國票4B售01","0","0","0","--","--","--","--"," ","0.00","0.01","25","0.05","10","0.00",
="083160","南亞科中信52購01","165,000","12","318,540","1.96","2.10","1.87","2.10","+","0.04","1.99","10","2.10","9","0.00",
="083161","台泥永豐4C購02","0","0","0","--","--","--","--"," ","0.00","0.48","499","0.49","10","23.75",
="083162","金像電永豐52購03","0","0","0","--","--","--","--"," ","0.00","4.41","499","4.51","10","455.00",
="083163","微星永豐4C購01","11,000","2","4,050","0.37","0.37","0.35","0.35","-","0.04","0.34","10","0.35","9","119.50",
="083165","萬海永豐56購01","0","0","0","--","--","--","--"," ","0.00","0.24","499","0.25","10","77.90",
="083166","緯創永豐56購01","94,000","7","167,030","1.72","1.82","1.72","1.82","+","0.16","1.68","499","1.72","10","122.50",
="08316P","大立光國票4B售06","0","0","0","--","--","--","--"," ","0.00","0.01","25","0.16","10","0.00",
="083170","力成永豐52購01","2,000","2","4,010","2.02","2.02","1.99","1.99","-","0.02","1.97","10","2.02","10","150.50",
="083171","川湖台新4C購01","0","0","0","--","--","--","--"," ","0.00","5.00","20","5.05","10","0.00",
="083172","緯創台新4C購01","5,000","1","33,250","6.65","6.65","6.65","6.65","X","0.00","6.40","10","6.55","10","0.00",
="083173","美時統一56購01","0","0","0","--","--","--","--"," ","0.00","0.44","10","0.45","10","192.00",
="083174","台達電統一56購01","0","0","0","--","--","--","--"," ","0.00","5.00","10","5.30","10","893.00",
="083175","華通統一56購01","318,000","10","427,780","1.37","1.37","1.29","1.29","-","0.05","1.26","10","1.27","10","77.00",
="083176","國巨統一56購01","16,000","5","23,540","1.50","1.50","1.44","1.44"," ","0.00","1.43","10","1.44","10","176.00",
="083177","國巨統一56購02","95,000","9","185,580","2.00","2.00","1.93","1.93","-","0.05","1.93","10","1.94","10","176.00",
="083178","華泰統一5C購01","0","0","0","--","--","--","--"," ","0.00","0.73","10","0.74","10","47.70",
="08317P","緯創國票4B售02","0","0","0","--","--","--","--"," ","0.00","0.07","25","0.08","10","0.00",
="083180","順德統一56購01","0","0","0","--","--","--","--"," ","0.00","0.94","10","0.95","10","81.90",
="083181","燿華統一56購01","14,000","2","12,720","0.93","0.93","0.90","0.90","-","0.06","0.89","10","--","0","27.50",
="083182","台光電統一56購02","0","0","0","--","--","--","--"," ","0.00","2.48","10","2.52","10","1,345.00",
="083183","正崴統一56購01","0","0","0","--","--","--","--"," ","0.00","0.40","10","0.41","10","48.80",
="083184","南亞科統一54購01","1,000","1","2,050","2.05","2.05","2.05","2.05","-","0.14","2.17","10","2.19","10","81.00",
="083185","南亞科統一56購02","563,000","8","1,330,530","2.36","2.50","2.35","2.48","+","0.02","2.52","66","2.62","66","81.00",
="083186","南亞科統一56購03","18,000","2","35,460","1.87","1.99","1.87","1.99","-","0.05","2.02","10","2.04","10","81.00",
="083187","南亞科統一56購04","103,000","6","169,610","1.66","1.71","1.61","1.71","-","0.04","1.76","10","1.79","10","81.00",
="083188","南亞科統一56購05","0","0","0","--","--","--","--"," ","0.00","1.78","10","1.79","10","81.00",
="083189","南亞科統一59購02","734,000","36","916,190","1.10","1.40","1.10","1.37","+","0.03","1.34","10","1.37","9","81.00",
="08318P","大銀國票4B售02","1,000","1","600","0.60","0.60","0.60","0.60","+","0.10","0.01","25","0.05","10","0.00",
="083190","南亞科統一5C購01","202,000","3","301,060","1.51","1.51","1.49","1.49","-","0.10","1.30","105","1.80","12","81.00",
="083191","聯發科統一56購03","0","0","0","--","--","--","--"," ","0.00","0.67","499","0.68","499","1,375.00",
="083192","晶豪科統一5C購01","375,000","21","478,970","1.29","1.29","1.21","1.24","-","0.09","1.25","10","1.26","10","81.00",
="083193","德律統一56購02","0","0","0","--","--","--","--"," ","0.00","1.27","10","1.28","10","189.00",
="083194","智原統一56購04","0","0","0","--","--","--","--"," ","0.00","0.49","10","0.50","10","174.00",
="083195","創意統一56購02","1,176,000","20","860,400","0.71","0.75","0.69","0.73","+","0.03","0.74","10","0.75","10","1,315.00",
="083196","嘉澤統一56購01","78,000","9","78,250","1.01","1.01","0.98","0.98","-","0.07","0.98","10","0.99","10","1,605.00",
="083197","日月光統一56購01","174,000","5","205,580","1.19","1.19","1.17","1.17","+","0.03","1.16","10","1.18","10","174.50",
="083198","定穎控統一56購01","0","0","0","--","--","--","--"," ","0.00","2.32","10","2.41","10","90.10",
="083199","大銀統一56購01","95,000","3","48,490","0.49","0.52","0.49","0.52"," ","0.00","0.48","10","0.49","10","120.00",
="08319P","矽力國票4B售01","0","0","0","--","--","--","--"," ","0.00","1.14","25","1.16","10","0.00",
="083200","大銀統一59購01","0","0","0","--","--","--","--"," ","0.00","0.43","10","0.44","10","120.00",
="083201","中租統一56購01","97,000","3","45,190","0.47","0.47","0.46","0.46","-","0.01","0.46","10","0.47","10","118.00",
="083202","天虹統一57購01","91,000","6","112,410","1.22","1.31","1.20","1.31","+","0.09","1.21","10","1.23","10","252.50",
="083203","T50正2群益4C購04","0","0","0","--","--","--","--"," ","0.00","10.40","25","10.50","10","302.45",
="083204","上証2X群益52購02","40,000","2","148,000","3.85","3.85","3.55","3.55","-","0.08","0.33","30","--","0","47.20",
="083205","滬深2X群益4C購04","0","0","0","--","--","--","--"," ","0.00","0.20","2","--","0","19.04",
="083206","台泥群益52購01","226,000","7","95,080","0.42","0.44","0.41","0.44","-","0.10","0.44","10","0.54","10","23.75",
="083207","中砂群益51購01","0","0","0","--","--","--","--"," ","0.00","1.06","10","1.16","10","339.00",
="083208","金像電群益4C購04","0","0","0","--","--","--","--"," ","0.00","--","0","5.50","10","455.00",
="083209","台光電群益4C購04","0","0","0","--","--","--","--"," ","0.00","--","0","--","0","1,345.00",
="08320P","電子類國票4C售04","0","0","0","--","--","--","--"," ","0.00","0.04","14","0.08","499","0.00",
="083210","正崴群益4C購01","0","0","0","--","--","--","--"," ","0.00","0.30","10","0.40","10","48.80",
="083211","友達群益51購01","32,000","2","19,620","0.62","0.62","0.61","0.61","X","0.00","0.58","100","0.60","100","13.70",
="083212","盟立群益4C購02","6,000","3","8,910","1.53","1.53","1.38","1.38","+","0.02","0.44","22","--","0","72.30",
="083213","富邦金群益4C購04","60,000","2","49,320","0.81","0.84","0.81","0.84","+","0.01","0.10","10","--","0","88.40",
="083214","國泰金群益4C購02","0","0","0","--","--","--","--"," ","0.00","0.54","100","0.58","100","66.20",
="083215","智原群益4C購07","205,000","6","112,100","0.47","0.70","0.47","0.56","+","0.09","0.56","10","0.66","10","174.00",
="083216","嘉澤群益4C購03","0","0","0","--","--","--","--"," ","0.00","0.01","100","1.39","10","1,605.00",
="083217","jpp群益4C購01","0","0","0","--","--","--","--"," ","0.00","--","0","4.39","10","286.50",
="083218","jpp群益51購01","0","0","0","--","--","--","--"," ","0.00","4.53","100","4.63","10","286.50",
="083219","邁達特群益4C購01","0","0","0","--","--","--","--"," ","0.00","--","0","--","0","51.40",
="08321P","電子類國票4C售05","0","0","0","--","--","--","--"," ","0.00","0.01","998","0.02","499","0.00",
="083220","亞翔群益4C購01","0","0","0","--","--","--","--"," ","0.00","--","0","2.59","10","358.50",
="083221","聯茂群益4C購01","0","0","0","--","--","--","--"," ","0.00","1.01","9","--","0","111.50",
="083222","穎崴群益4C購03","0","0","0","--","--","--","--"," ","0.00","9.80","10","10.60","10","2,015.00",
="083223","愛普群益51購02","25,000","3","46,500","1.90","1.90","1.77","1.77","-","0.20","0.68","14","--","0","344.00",
="083224","AES群益56購01","0","0","0","--","--","--","--"," ","0.00","--","0","1.01","10","1,195.00",
="083225","富世達群益51購02","0","0","0","--","--","--","--"," ","0.00","6.70","50","7.20","10","1,010.00",
="083226","達運光群益52購01","36,000","2","59,880","1.68","1.68","1.58","1.58","-","0.15","1.51","10","1.61","10","95.50",
="083227","世紀鋼群益4C購06","0","0","0","--","--","--","--"," ","0.00","0.18","10","0.28","10","171.50",
="083228","鴻海元富4C購05","0","0","0","--","--","--","--"," ","0.00","5.70","25","5.85","25","221.00",
="083229","鴻海元富4C購06","0","0","0","--","--","--","--"," ","0.00","5.70","25","5.90","25","221.00",
="08322P","電子類國票4C售06","0","0","0","--","--","--","--"," ","0.00","0.01","499","0.02","499","0.00",
="083230","華泰元富4C購01","474,000","7","875,880","1.77","1.87","1.71","1.71","-","0.11","1.66","25","1.67","25","47.70",
="083231","正崴元富54購01","50,000","1","23,500","0.47","0.47","0.47","0.47","X","0.00","0.47","25","0.48","25","48.80",
="083232","南亞科元富51購02","16,000","5","60,650","3.75","3.90","3.75","3.90","+","0.05","2.47","35","--","0","81.00",
="083233","嘉澤元富51購01","0","0","0","--","--","--","--"," ","0.00","2.53","25","2.59","25","1,605.00",
="083234","世芯元富53購02","0","0","0","--","--","--","--"," ","0.00","1.96","25","1.97","25","3,700.00",
="083235","jpp元富4C購01","0","0","0","--","--","--","--"," ","0.00","7.50","25","7.70","25","286.50",
="083236","力成元富4C購01","0","0","0","--","--","--","--"," ","0.00","2.37","25","2.42","25","150.50",
="083237","愛普元富4C購01","0","0","0","--","--","--","--"," ","0.00","0.42","1","--","0","344.00",
="083238","力積電元富56購01","509,000","6","3,714,750","6.55","7.50","6.55","7.50","+","1.60","7.55","5","--","0","23.45",
="083239","富世達元富4C購01","0","0","0","--","--","--","--"," ","0.00","33.20","25","34.20","10","1,010.00",
="08323P","台灣50元大4A售21","0","0","0","--","--","--","--"," ","0.00","--","0","0.10","10","0.00",
="083240","中砂國票51購02","127,000","20","376,540","2.83","3.23","2.79","2.92","+","0.24","2.93","25","2.94","10","339.00",
="083241","國巨國票4C購01","0","0","0","--","--","--","--"," ","0.00","9.65","25","10.30","10","176.00",
="083242","國巨國票51購01","0","0","0","--","--","--","--"," ","0.00","--","0","--","0","176.00",
="083243","聯發科國票4C購03","0","0","0","--","--","--","--"," ","0.00","1.37","25","1.43","10","1,375.00",
="083244","王品國票51購01","0","0","0","--","--","--","--"," ","0.00","0.58","25","0.59","10","230.00",
="083245","智原國票51購03","313,000","9","127,880","0.39","0.48","0.39","0.43","+","0.09","0.43","27","0.44","10","174.00",
="083246","日電貿國票51購01","235,000","17","209,660","0.93","0.93","0.87","0.89","-","0.08","0.88","25","0.89","10","74.80",
="083247","嘉澤國票52購01","48,000","2","77,040","1.63","1.63","1.55","1.55","-","0.17","1.57","25","1.59","10","1,605.00",
="083248","jpp國票51購01","0","0","0","--","--","--","--"," ","0.00","--","0","--","0","286.50",
="083249","佳必琪國票51購01","0","0","0","--","--","--","--"," ","0.00","1.56","25","1.57","10","160.00",
="08324P","台灣50元大4A售22","0","0","0","--","--","--","--"," ","0.00","--","0","0.10","10","0.00",
="083250","佳必琪國票52購01","0","0","0","--","--","--","--"," ","0.00","1.52","25","1.53","10","160.00",
="083251","矽力國票51購02","0","0","0","--","--","--","--"," ","0.00","0.06","25","0.07","10","273.00",
="083252","南電國票51購01","0","0","0","--","--","--","--"," ","0.00","8.45","25","8.95","10","234.50",
="083253","世紀鋼國票4C購02","0","0","0","--","--","--","--"," ","0.00","0.16","25","0.17","10","171.50",
="083254","世紀鋼國票52購02","0","0","0","--","--","--","--"," ","0.00","0.36","25","0.37","10","171.50",
="083255","臺股指國票52購02","0","0","0","--","--","--","--"," ","0.00","8.80","499","8.85","399","0.00",
="083256","臺股指國票54購01","0","0","0","--","--","--","--"," ","0.00","6.70","499","6.75","499","0.00",
="083257","國巨國泰51購03","0","0","0","--","--","--","--"," ","0.00","7.75","499","--","0","176.00",
="083258","健鼎國泰51購01","0","0","0","--","--","--","--"," ","0.00","6.00","499","--","0","309.50",
="083259","嘉澤國泰51購02","24,000","1","73,440","3.06","3.06","3.06","3.06","-","0.17","2.96","499","3.01","100","1,605.00",
="08325P","臺股指元大4A售45","0","0","0","--","--","--","--"," ","0.00","--","0","0.10","10","0.00",
="083260","泓德國泰51購01","0","0","0","--","--","--","--"," ","0.00","0.03","499","0.04","100","125.50",
="083261","T50反1富邦52購02","0","0","0","--","--","--","--"," ","0.00","0.12","100","0.13","100","0.00",
="083262","T50反1富邦53購02","120,000","1","15,600","0.13","0.13","0.13","0.13","X","0.00","0.12","100","0.13","100","0.00",
="083263","台泥富邦4C購01","0","0","0","--","--","--","--"," ","0.00","0.15","30","0.16","10","0.00",
="083264","光寶科富邦4C購01","169,000","2","790,920","4.68","4.68","4.68","4.68","-","0.11","4.60","30","4.67","10","0.00",
="083265","台積電富邦52購02","7,000","4","22,540","3.17","3.42","3.17","3.42","+","0.58","3.44","30","3.48","10","0.00",
="083266","台積電富邦56購01","9,000","6","53,800","5.70","6.20","5.70","6.05","+","0.90","6.15","30","6.20","10","0.00",
="083267","健鼎富邦4C購01","0","0","0","--","--","--","--"," ","0.00","2.38","30","2.43","10","0.00",
="083268","創意富邦52購01","335,000","14","323,110","0.92","0.98","0.92","0.96","+","0.09","0.95","30","0.96","10","0.00",
="083269","創意富邦54購01","315,000","18","413,190","1.27","1.33","1.25","1.32","+","0.07","1.30","30","1.31","10","0.00",
="08326P","臺股指元大4A售46","0","0","0","--","--","--","--"," ","0.00","--","0","0.10","10","0.00",
="083270","世芯富邦52購01","0","0","0","--","--","--","--"," ","0.00","1.87","10","1.97","10","0.00",
="083271","世芯富邦52購02","0","0","0","--","--","--","--"," ","0.00","1.44","10","1.54","10","0.00",
="083272","世芯富邦53購01","62,000","4","112,380","1.87","1.87","1.73","1.73","-","0.12","1.72","10","1.73","5","0.00",
="083273","日月光富邦54購01","31,000","8","81,930","2.65","2.68","2.58","2.58","+","0.07","2.53","30","2.55","10","0.00",
="083274","臺股指富邦52購09","0","0","0","--","--","--","--"," ","0.00","8.65","100","8.70","10","0.00",
="083275","國巨兆豐51購01","0","0","0","--","--","--","--"," ","0.00","3.62","10","3.71","10","176.00",
="083276","華碩兆豐52購01","170,000","4","163,870","0.94","0.99","0.94","0.98","+","0.03","0.97","10","0.99","10","684.00",
="083277","聯發科兆豐53購01","9,000","1","8,730","0.97","0.97","0.97","0.97","-","0.04","0.89","10","0.90","10","1,375.00",
="083278","晶豪科兆豐56購01","272,000","11","779,210","2.87","2.96","2.80","2.84","+","0.04","2.91","10","2.98","10","81.00",
="083279","奇鋐兆豐51購01","0","0","0","--","--","--","--"," ","0.00","2.79","10","--","0","1,015.00",
="08327P","臺股指元大4A售47","0","0","0","--","--","--","--"," ","0.00","--","0","0.01","56","0.00",
="083280","健鼎兆豐53購01","0","0","0","--","--","--","--"," ","0.00","2.92","10","--","0","309.50",
="083281","嘉澤兆豐4C購01","0","0","0","--","--","--","--"," ","0.00","1.31","10","1.33","10","1,605.00",
="083282","ITH兆豐56購01","70,000","1","31,500","0.45","0.45","0.45","0.45","-","0.02","0.44","10","0.45","10","43.90",
="083283","T50反1元大4C購06","217,000","6","29,410","0.14","0.14","0.13","0.13","-","0.03","0.12","165","0.13","10","18.29",
="083284","道瓊反元大51購01","0","0","0","--","--","--","--"," ","0.00","0.27","251","0.28","297","5.81",
="083285","道瓊反元大54購02","0","0","0","--","--","--","--"," ","0.00","0.26","499","0.27","100","5.81",
="083286","台泥元大4C購02","667,000","8","164,320","0.24","0.26","0.24","0.25","-","0.09","0.24","499","0.25","10","23.75",
="083287","士電元大4C購04","0","0","0","--","--","--","--"," ","0.00","0.65","499","0.66","10","183.00",
="083288","廣宇元大4C購05","22,000","1","66,660","3.03","3.03","3.03","3.03","-","0.03","2.91","277","2.94","10","54.10",
="083289","華泰元大4C購01","1,000","1","1,340","1.34","1.34","1.34","1.34","+","0.01","1.23","499","1.24","10","47.70",
="08328P","台灣50元富4A售17","0","0","0","--","--","--","--"," ","0.00","--","0","0.10","25","0.00",
="083290","技嘉元大4C購03","78,000","2","28,760","0.37","0.37","0.36","0.36","X","0.00","0.35","499","0.36","10","283.00",
="083291","南亞科元大52購01","195,000","11","438,900","2.30","2.31","2.18","2.26","-","0.02","2.32","25","2.36","10","81.00",
="083292","南亞科元大55購01","209,000","15","400,620","1.98","1.98","1.84","1.98","+","0.03","1.98","25","2.02","10","81.00",
="083293","奇鋐元大4C購07","73,000","6","189,730","2.70","2.70","2.37","2.37","-","0.29","2.28","350","2.35","10","1,015.00",
="083294","亞光元大52購01","0","0","0","--","--","--","--"," ","0.00","1.05","499","1.06","10","161.50",
="083295","緯創元大4C購07","0","0","0","--","--","--","--"," ","0.00","0.27","499","0.28","10","122.50",
="083296","新日興元大4C購04","0","0","0","--","--","--","--"," ","0.00","--","0","--","0","237.00",
="083297","群創元大4C購03","124,000","2","79,360","0.64","0.64","0.64","0.64","+","0.03","0.62","499","0.64","10","14.15",
="083298","嘉澤元大52購01","87,000","1","75,690","0.87","0.87","0.87","0.87","-","0.07","0.83","499","0.85","10","1,605.00",
="083299","世芯元大51購19","24,000","14","366,200","16.30","16.30","14.70","14.70","-","1.20","8.40","1","--","0","3,700.00",
="08329P","元債2X元富4A售04","0","0","0","--","--","--","--"," ","0.00","0.35","25","0.36","25","0.00",
="083300","貿聯元大4C購04","0","0","0","--","--","--","--"," ","0.00","5.30","100","--","0","1,085.00",
="083301","飛捷元大4C購02","72,000","1","20,880","0.29","0.29","0.29","0.29","X","0.00","0.28","499","0.29","10","106.50",
="083302","聯茂元大4C購04","7,000","3","15,400","2.26","2.26","2.11","2.11","-","0.12","2.07","25","2.11","10","111.50",
="083303","緯穎元大4C購15","78,000","2","92,520","1.16","1.19","1.16","1.19","X","0.00","1.16","499","1.17","10","3,140.00",
="083304","雲豹元大4C購01","0","0","0","--","--","--","--"," ","0.00","0.02","499","0.12","10","119.00",
="083305","泓德元大4C購01","0","0","0","--","--","--","--"," ","0.00","0.01","499","0.11","10","125.50",
="083306","ITH元大4C購04","0","0","0","--","--","--","--"," ","0.00","0.06","499","0.07","10","43.90",
="083307","世紀鋼元大55購02","0","0","0","--","--","--","--"," ","0.00","0.42","499","0.43","10","171.50",
="083308","臺指反中信53購01","0","0","0","--","--","--","--"," ","0.00","0.12","499","0.13","100","0.00",
="083309","元債2X中信53購01","0","0","0","--","--","--","--"," ","0.00","1.04","499","1.05","100","0.00",
="08330P","中502X元富54售02","0","0","0","--","--","--","--"," ","0.00","0.28","25","0.29","25","0.00",
="083310","長榮中信52購01","0","0","0","--","--","--","--"," ","0.00","0.58","10","0.59","10","0.00",
="083312","臺股指中信53購10","1,000","1","3,930","3.93","3.93","3.93","3.93","+","0.41","3.97","499","3.99","100","0.00",
="083313","台塑永豐51購02","0","0","0","--","--","--","--"," ","0.00","2.12","499","2.14","10","38.60",
="083314","台光電永豐52購03","0","0","0","--","--","--","--"," ","0.00","6.00","499","6.15","10","1,345.00",
="083315","南亞科永豐56購01","0","0","0","--","--","--","--"," ","0.00","2.86","6","--","0","81.00",
="083316","奇鋐永豐56購01","6,000","1","60,000","10.00","10.00","10.00","10.00","+","1.20","8.70","10","8.95","10","1,015.00",
="083317","智原永豐4C購02","303,000","17","279,830","0.80","1.00","0.80","0.86","+","0.08","0.85","10","0.86","10","174.00",
="083318","貿聯永豐52購03","0","0","0","--","--","--","--"," ","0.00","13.40","499","13.70","10","1,085.00",
="083319","富世達永豐53購02","37,000","3","154,940","4.05","4.24","4.05","4.24","X","0.00","4.10","10","4.20","10","1,010.00",
="08331P","台積電元富54售06","0","0","0","--","--","--","--"," ","0.00","--","0","--","0","0.00",
="083320","台化群益4C購01","0","0","0","--","--","--","--"," ","0.00","2.40","25","2.50","10","28.95",
="083321","中興電群益4C購04","0","0","0","--","--","--","--"," ","0.00","0.45","100","0.47","100","159.00",
="083322","南亞科群益4C購07","0","0","0","--","--","--","--"," ","0.00","2.48","65","--","0","81.00",
="083323","偉詮電群益4C購01","19,000","4","17,240","0.84","0.92","0.84","0.92","+","0.05","0.89","10","0.99","10","56.00",
="083324","萬海群益51購04","0","0","0","--","--","--","--"," ","0.00","0.09","10","0.19","10","77.90",
="083325","嘉澤群益52購01","0","0","0","--","--","--","--"," ","0.00","--","0","1.35","10","1,605.00",
="083326","貿聯群益4C購05","0","0","0","--","--","--","--"," ","0.00","--","0","5.80","10","1,085.00",
="083327","亞翔群益4C購02","0","0","0","--","--","--","--"," ","0.00","--","0","2.68","10","358.50",
="083328","力成群益4C購01","11,000","2","22,550","2.05","2.05","2.05","2.05","-","0.12","1.99","3","--","0","150.50",
="083329","昇陽半群益52購01","157,000","18","618,510","3.72","4.10","3.53","3.55","-","0.22","3.53","10","3.63","10","179.50",
="08332P","台灣50中信51售01","0","0","0","--","--","--","--"," ","0.00","0.06","499","0.07","100","0.00",
="083330","鴻準統一56購01","104,000","4","72,200","0.70","0.70","0.68","0.68","-","0.01","0.68","10","0.69","10","70.70",
="083331","金像電統一56購02","224,000","10","726,710","3.26","3.26","3.22","3.26","+","0.15","3.17","10","3.21","10","455.00",
="083332","台光電統一54購02","24,000","20","53,880","2.12","2.34","2.12","2.32","+","0.28","2.17","10","2.21","10","1,345.00",
="083333","正崴統一54購02","60,000","3","23,000","0.39","0.39","0.38","0.38","-","0.02","0.38","10","0.39","10","48.80",
="083334","正崴統一56購02","0","0","0","--","--","--","--"," ","0.00","0.31","10","0.32","10","48.80",
="083335","南亞科統一5C購02","19,000","2","30,210","1.59","1.59","1.59","1.59","-","0.02","1.29","65","--","0","81.00",
="083336","友達統一56購01","12,000","3","6,590","0.57","0.62","0.54","0.62","X","0.00","0.58","10","0.59","10","13.70",
="083337","聯發科統一56購04","199,000","4","158,210","0.79","0.80","0.79","0.79","-","0.04","0.76","108","0.77","108","1,375.00",
="083338","長榮統一54購02","0","0","0","--","--","--","--"," ","0.00","0.26","100","0.27","100","182.00",
="083339","陽明統一54購02","0","0","0","--","--","--","--"," ","0.00","0.16","10","0.17","10","55.20",
="08333P","T50正2中信51售03","0","0","0","--","--","--","--"," ","0.00","0.14","100","0.15","100","0.00",
="083340","萬海統一54購02","0","0","0","--","--","--","--"," ","0.00","0.16","10","0.17","10","77.90",
="083341","晶豪科統一54購02","891,000","40","1,211,380","1.37","1.40","1.32","1.37","+","0.01","1.35","10","1.36","10","81.00",
="083342","奇鋐統一54購01","0","0","0","--","--","--","--"," ","0.00","1.96","10","2.00","10","1,015.00",
="083343","亞光統一53購02","467,000","10","428,620","0.92","0.92","0.90","0.91","-","0.02","0.87","10","0.88","10","161.50",
="083344","亞光統一54購03","606,000","14","522,190","0.87","0.87","0.84","0.84","-","0.04","0.82","10","0.83","10","161.50",
="083345","德律統一53購02","0","0","0","--","--","--","--"," ","0.00","1.64","10","1.66","10","189.00",
="083346","緯創統一56購01","20,000","2","12,300","0.61","0.62","0.61","0.62","+","0.06","0.58","10","0.59","10","122.50",
="083347","新日興統一56購01","453,000","9","500,360","1.11","1.12","1.10","1.10","-","0.04","1.05","10","1.06","10","237.00",
="083348","日月光統一56購02","50,000","2","55,500","1.11","1.11","1.11","1.11","+","0.03","1.08","10","1.09","10","174.50",
="083349","日月光國票4C購01","67,000","3","25,310","0.39","0.39","0.32","0.32","X","0.00","0.31","25","0.33","25","174.50",
="08334P","臺股指群益4B售26","0","0","0","--","--","--","--"," ","0.00","--","0","--","0","0.00",
="083350","聯茂統一54購01","0","0","0","--","--","--","--"," ","0.00","2.32","10","2.42","10","111.50",
="083351","矽力統一54購03","0","0","0","--","--","--","--"," ","0.00","0.28","10","0.29","10","273.00",
="083352","保瑞統一54購01","25,000","1","15,000","0.60","0.60","0.60","0.60"," ","0.00","0.60","10","0.61","10","693.00",
="083353","富世達統一56購02","76,000","2","117,880","1.53","1.57","1.53","1.57","+","0.05","1.53","10","1.58","10","1,010.00",
="083354","振樺電統一56購01","0","0","0","--","--","--","--"," ","0.00","0.49","10","0.50","10","229.50",
="083355","T50反1凱基4C購05","0","0","0","--","--","--","--"," ","0.00","0.09","100","0.10","10","18.29",
="083356","T50反1凱基52購01","300,000","2","35,000","0.12","0.12","0.11","0.11","X","0.00","0.10","200","0.11","10","18.29",
="083357","道瓊反凱基54購02","0","0","0","--","--","--","--"," ","0.00","0.26","100","0.27","50","5.81",
="083358","台泥凱基4C購02","248,000","9","80,880","0.31","0.36","0.31","0.33","-","0.20","0.32","100","0.42","10","23.75",
="083359","中砂凱基4C購04","231,000","13","280,150","1.12","1.33","1.11","1.23","+","0.14","1.17","100","1.19","10","339.00",
="08335P","臺股指群益4B售27","0","0","0","--","--","--","--"," ","0.00","0.03","499","0.04","499","0.00",
="083360","光寶科凱基51購01","0","0","0","--","--","--","--"," ","0.00","8.05","100","--","0","183.00",
="083361","廣宇凱基4C購01","0","0","0","--","--","--","--"," ","0.00","4.29","100","4.39","10","54.10",
="083362","台積電凱基4C購42","25,000","3","153,200","5.90","6.30","5.90","6.30","+","0.95","6.15","100","6.65","10","1,340.00",
="083363","金像電凱基4C購06","0","0","0","--","--","--","--"," ","0.00","9.10","100","9.60","10","455.00",
="083364","南亞科凱基51購05","0","0","0","--","--","--","--"," ","0.00","2.67","25","--","0","81.00",
="083365","南亞科凱基54購01","10,000","1","40,500","4.05","4.05","4.05","4.05","-","0.21","4.18","499","4.28","10","81.00",
="083366","友達凱基51購01","190,000","4","93,500","0.43","0.53","0.43","0.49","X","0.00","0.48","100","0.49","10","13.70",
="083367","聯發科凱基51購06","1,155,000","21","1,428,250","1.22","1.26","1.17","1.17","-","0.16","1.16","100","1.17","7","1,375.00",
="083368","富邦金凱基4C購03","44,000","2","42,240","0.96","0.96","0.96","0.96","-","0.05","0.96","100","1.06","10","88.40",
="083369","兆豐金凱基4C購01","87,000","14","199,580","2.26","2.38","2.23","2.38","+","0.04","2.38","5","2.48","10","41.70",
="08336P","臺股指群益4B售28","0","0","0","--","--","--","--"," ","0.00","0.03","499","0.04","499","0.00",
="083370","亞光凱基4C購02","72,000","11","144,640","2.04","2.10","1.95","1.96","-","0.16","1.92","100","1.99","10","161.50",
="083371","新日興凱基4C購01","8,000","2","26,920","3.36","3.38","3.36","3.38","+","0.21","3.20","10","3.30","10","237.00",
="083372","祥碩凱基51購01","6,000","1","1,980","0.33","0.33","0.33","0.33"," ","0.00","0.32","100","0.33","10","1,525.00",
="083373","精成科凱基4C購04","0","0","0","--","--","--","--"," ","0.00","9.50","100","10.00","10","125.50",
="083374","佳必琪凱基4C購02","65,000","5","128,570","1.97","2.01","1.97","2.01","+","0.04","1.94","100","1.97","10","160.00",
="083375","愛普凱基4C購02","90,000","4","115,730","1.26","1.32","1.26","1.27","-","0.07","1.29","100","1.34","10","344.00",
="083376","富世達凱基51購01","10,000","1","54,000","5.40","5.40","5.40","5.40","+","0.40","5.60","100","--","0","1,010.00",
="083377","泓德凱基4C購02","0","0","0","--","--","--","--"," ","0.00","0.01","599","0.11","10","125.50",
="083379","ITH凱基4C購04","11,000","2","3,730","0.34","0.34","0.33","0.33","-","0.06","0.33","10","0.34","40","43.90",
="08337P","臺股指群益4B售29","0","0","0","--","--","--","--"," ","0.00","0.02","499","0.03","499","0.00",
="083380","臺股指凱基52購05","0","0","0","--","--","--","--"," ","0.00","6.45","100","6.50","10","0.00",
="083381","中鴻元富56購01","0","0","0","--","--","--","--"," ","0.00","1.85","25","1.88","25","15.90",
="083382","南亞科元富56購02","0","0","0","--","--","--","--"," ","0.00","2.55","3","--","0","81.00",
="083383","南亞科元富56購03","5,000","5","17,400","3.50","3.61","3.34","3.61","-","0.04","2.61","35","--","0","81.00",
="083384","京元電元富4C購02","90,000","4","548,000","6.20","6.20","6.00","6.00","-","0.40","5.95","25","6.10","25","167.00",
="083385","聯發科元富51購04","0","0","0","--","--","--","--"," ","0.00","2.16","25","2.26","10","1,375.00",
="083386","聯發科元富51購05","7,000","4","125,900","17.90","18.50","17.90","17.90","-","1.30","17.20","25","18.20","10","1,375.00",
="083387","保瑞元富4C購02","0","0","0","--","--","--","--"," ","0.00","1.48","25","1.58","10","693.00",
="083388","世紀鋼元富4C購01","50,000","1","9,500","0.19","0.19","0.19","0.19","X","0.00","0.16","25","0.17","25","171.50",
="083389","臺股指元富4C購04","0","0","0","--","--","--","--"," ","0.00","9.00","25","9.05","25","0.00",
="08338P","臺股指群益4B售30","0","0","0","--","--","--","--"," ","0.00","0.07","499","0.08","499","0.00",
="083390","臺股指元富56購04","10,000","10","20,350","1.99","2.08","1.99","2.08","+","0.13","2.04","25","2.05","25","0.00",
="083391","臺股指元富56購05","26,000","5","55,990","2.14","2.22","2.14","2.22","+","0.16","2.22","25","2.23","25","0.00",
="083392","臺股指元富56購06","0","0","0","--","--","--","--"," ","0.00","2.20","25","2.21","25","0.00",
="083393","臺股指元富56購07","0","0","0","--","--","--","--"," ","0.00","8.70","25","8.75","25","0.00",
="083394","T50反1國泰51購01","0","0","0","--","--","--","--"," ","0.00","0.04","499","0.05","100","18.29",
="083395","中砂國泰51購01","2,000","2","6,110","3.14","3.14","2.97","2.97","X","0.00","2.93","499","2.95","200","339.00",
="083396","合機國泰51購01","0","0","0","--","--","--","--"," ","0.00","1.35","150","1.38","100","46.95",
="083397","台達電國泰51購01","0","0","0","--","--","--","--"," ","0.00","25.60","10","--","0","893.00",
="083398","雄獅國泰51購01","26,000","2","44,050","1.70","1.70","1.67","1.67","-","0.13","1.62","499","1.65","220","158.50",
="083399","昇貿國泰51購01","0","0","0","--","--","--","--"," ","0.00","--","0","--","0","114.00",
="08339P","臺股指群益4B售31","0","0","0","--","--","--","--"," ","0.00","0.10","499","0.11","499","0.00",
="083400","世芯國泰51購02","0","0","0","--","--","--","--"," ","0.00","4.04","10","4.14","10","3,700.00",
="083401","保瑞國泰51購03","21,000","1","31,920","1.52","1.52","1.52","1.52","X","0.00","0.31","10","--","0","693.00",
="083402","穎崴國泰51購02","0","0","0","--","--","--","--"," ","0.00","9.75","499","--","0","2,015.00",
="083403","富世達國泰51購03","0","0","0","--","--","--","--"," ","0.00","6.25","499","--","0","1,010.00",
="083404","滬深2X富邦51購03","0","0","0","--","--","--","--"," ","0.00","2.10","100","2.14","10","0.00",
="083405","南亞科富邦53購01","7,000","3","15,270","2.20","2.30","1.97","2.30","X","0.00","2.21","10","2.30","1","0.00",
="083406","奇鋐富邦52購01","0","0","0","--","--","--","--"," ","0.00","3.25","10","3.35","10","0.00",
="083407","玉晶光富邦52購01","20,000","2","28,300","1.42","1.42","1.41","1.41","+","0.04","1.34","10","1.44","10","0.00",
="083408","世芯富邦52購03","127,000","4","160,390","1.32","1.32","1.25","1.25","-","0.14","1.20","10","1.21","10","0.00",
="083409","世芯富邦53購02","0","0","0","--","--","--","--"," ","0.00","1.70","10","1.80","10","0.00",
="08340P","臺股指群益4B售32","0","0","0","--","--","--","--"," ","0.00","0.07","499","0.08","499","0.00",
="083410","世芯富邦53購03","0","0","0","--","--","--","--"," ","0.00","1.10","10","1.20","10","0.00",
="083411","貿聯富邦52購01","0","0","0","--","--","--","--"," ","0.00","3.87","10","3.95","10","0.00",
="083412","精成科富邦52購02","0","0","0","--","--","--","--"," ","0.00","2.82","10","2.92","10","0.00",
="083413","緯穎富邦52購02","77,000","7","141,530","1.80","1.89","1.80","1.81","-","0.04","1.79","10","1.80","10","0.00",
="083414","金像電兆豐56購01","0","0","0","--","--","--","--"," ","0.00","4.20","10","--","0","455.00",
="083415","聯發科兆豐51購02","0","0","0","--","--","--","--"," ","0.00","1.14","19","1.16","10","1,375.00",
="083416","奇鋐兆豐51購02","0","0","0","--","--","--","--"," ","0.00","3.54","10","--","0","1,015.00",
="083417","新日興兆豐51購01","78,000","6","120,840","1.57","1.63","1.50","1.50","-","0.02","1.51","10","1.52","10","237.00",
="083418","嘉澤兆豐4C購02","401,000","6","529,320","1.32","1.32","1.32","1.32","-","0.05","1.28","10","1.30","10","1,605.00",
="08341P","臺股指群益55售07","0","0","0","--","--","--","--"," ","0.00","0.32","499","0.33","499","0.00",
="083420","迅得兆豐53購01","284,000","5","203,820","0.72","0.72","0.66","0.66","-","0.03","0.65","10","0.66","10","176.00",
="083421","保瑞兆豐4C購01","0","0","0","--","--","--","--"," ","0.00","0.63","10","0.64","10","693.00",
="083422","愛普兆豐4C購01","0","0","0","--","--","--","--"," ","0.00","0.83","10","0.85","10","344.00",
="083423","世紀鋼兆豐56購01","0","0","0","--","--","--","--"," ","0.00","0.38","10","0.39","10","171.50",
="083424","台泥元大4C購03","100,000","1","9,000","0.09","0.09","0.09","0.09"," ","0.00","0.09","499","0.10","10","23.75",
="083425","台化元大4C購02","100,000","1","85,000","0.85","0.85","0.85","0.85","X","0.00","0.81","499","0.83","10","28.95",
="083426","中興電元大4C購04","0","0","0","--","--","--","--"," ","0.00","0.25","499","0.26","10","159.00",
="083427","台積電元大4C購25","9,000","2","15,290","1.69","1.73","1.69","1.73","+","0.32","0.12","8","--","0","1,340.00",
="083428","台積電元大4C購26","5,000","1","12,200","2.44","2.44","2.44","2.44","+","0.35","0.19","52","--","0","1,340.00",
="083429","台積電元大52購07","315,000","6","619,090","1.93","2.01","1.93","1.99","+","0.31","0.20","50","--","0","1,340.00",
="08342P","臺股指群益55售08","0","0","0","--","--","--","--"," ","0.00","0.56","499","0.57","499","0.00",
="083430","金像電元大4C購09","0","0","0","--","--","--","--"," ","0.00","2.82","300","2.88","10","455.00",
="083431","技嘉元大4C購04","71,000","1","39,050","0.55","0.55","0.55","0.55","X","0.00","0.53","499","0.54","10","283.00",
="083432","漢唐元大4C購02","0","0","0","--","--","--","--"," ","0.00","6.55","100","--","0","987.00",
="083433","南亞科元大55購02","58,000","8","79,340","1.34","1.42","1.31","1.42"," ","0.00","1.41","25","1.43","10","81.00",
="083434","聯發科元大4C購12","176,000","2","107,340","0.61","0.61","0.60","0.60","X","0.00","0.57","25","0.59","10","1,375.00",
="083435","聯發科元大4C購13","4,000","1","5,240","1.31","1.31","1.31","1.31","-","0.03","1.17","25","1.19","10","1,375.00",
="083436","王品元大4C購01","0","0","0","--","--","--","--"," ","0.00","0.75","499","0.76","10","230.00",
="083437","雄獅元大4C購01","420,000","8","254,660","0.64","0.64","0.60","0.60","-","0.09","0.61","499","0.62","10","158.50",
="083438","奇鋐元大4C購09","52,000","4","301,950","6.25","6.25","5.55","5.55","+","0.25","5.25","150","5.35","10","1,015.00",
="083439","奇鋐元大4C購10","438,000","15","765,440","1.80","1.83","1.73","1.73","+","0.09","1.51","499","1.56","10","1,015.00",
="08343P","臺股指群益55售09","0","0","0","--","--","--","--"," ","0.00","0.32","499","0.33","499","0.00",
="083440","德律元大4C購01","0","0","0","--","--","--","--"," ","0.00","8.55","100","8.70","10","189.00",
="083443","德律元大4C購02","0","0","0","--","--","--","--"," ","0.00","7.95","100","8.15","10","189.00",
="083444","嘉澤元大52購02","0","0","0","--","--","--","--"," ","0.00","0.95","499","0.97","10","1,605.00",
="083445","精銳元大4C購03","238,000","1","99,960","0.42","0.42","0.42","0.42","X","0.00","0.39","25","0.41","10","695.00",
="083446","東科元大4C購01","75,000","2","132,030","1.69","1.81","1.69","1.81","+","0.18","1.76","450","1.81","10","112.50",
="083447","jpp元大4C購01","110,000","12","421,660","4.00","4.03","3.67","3.95","+","0.05","3.80","13","3.83","10","286.50",
="083448","保瑞元大51購02","190,000","2","115,900","0.61","0.61","0.61","0.61"," ","0.00","0.58","499","0.60","10","693.00",
="083449","緯穎元大4C購17","50,000","1","121,000","2.42","2.42","2.42","2.42","-","0.21","2.33","300","2.35","10","3,140.00",
="08344P","世芯元富4A售09","0","0","0","--","--","--","--"," ","0.00","--","0","0.07","360","0.00",
="083450","緯穎元大4C購18","0","0","0","--","--","--","--"," ","0.00","0.96","499","0.97","10","3,140.00",
="083451","洋基元大4C購01","0","0","0","--","--","--","--"," ","0.00","4.88","150","4.98","10","449.00",
="083452","臺股指元大4C購20","2,000","1","6,200","3.10","3.10","3.10","3.10","+","0.47","3.16","100","3.17","10","0.00",
="083453","臺股指元大4C購21","0","0","0","--","--","--","--"," ","0.00","5.25","100","5.30","10","0.00",
="083454","臺股指元大4C購22","317,000","6","1,300,590","3.95","4.31","3.90","4.31","+","0.66","4.26","100","4.27","10","0.00",
="083455","中502X國票51購02","0","0","0","--","--","--","--"," ","0.00","2.90","25","2.91","10","13.10",
="083456","中興電國票52購01","0","0","0","--","--","--","--"," ","0.00","0.55","25","0.56","10","159.00",
="083457","大成鋼國票51購02","254,000","2","210,820","0.83","0.83","0.83","0.83","+","0.01","0.82","25","0.85","10","37.90",
="083459","上銀國票51購02","606,000","6","290,550","0.48","0.49","0.47","0.48","X","0.00","0.47","25","0.48","10","217.50",
="08345P","緯穎元富4A售07","0","0","0","--","--","--","--"," ","0.00","--","0","0.10","25","0.00",
="083460","川湖國票52購02","17,000","3","104,200","6.00","6.25","6.00","6.05","-","0.20","6.00","25","6.05","10","3,220.00",
="083461","光寶科國票51購01","0","0","0","--","--","--","--"," ","0.00","4.05","25","4.15","10","183.00",
="083462","華通國票51購02","135,000","4","511,700","3.82","3.82","3.66","3.66","-","0.49","3.50","25","3.52","10","77.00",
="083463","微星國票51購01","7,000","3","2,030","0.30","0.30","0.28","0.28","-","0.02","0.27","25","0.28","8","119.50",
="083464","南亞科國票52購01","23,000","6","188,900","8.25","8.70","8.00","8.70"," ","0.00","8.80","25","9.10","10","81.00",
="083465","陽明國票4C購03","0","0","0","--","--","--","--"," ","0.00","0.34","25","0.35","10","55.20",
="083466","萬海國票51購03","0","0","0","--","--","--","--"," ","0.00","0.05","25","0.06","10","77.90",
="083467","牧德國票51購02","0","0","0","--","--","--","--"," ","0.00","1.28","25","1.31","10","544.00",
="083468","精成科國票4C購03","0","0","0","--","--","--","--"," ","0.00","--","0","--","0","125.50",
="083469","精成科國票52購01","0","0","0","--","--","--","--"," ","0.00","7.80","25","8.00","10","125.50",
="08346P","中興電國票4B售01","0","0","0","--","--","--","--"," ","0.00","0.01","25","0.05","10","0.00",
="083470","力成國票52購01","155,000","11","298,980","2.05","2.05","1.86","1.96","-","0.04","1.94","25","1.96","10","150.50",
="083471","啟碁國票51購02","0","0","0","--","--","--","--"," ","0.00","0.50","25","0.51","10","121.00",
="083472","泓德國票4C購02","0","0","0","--","--","--","--"," ","0.00","0.02","25","0.06","10","125.50",
="083473","勤誠國票4C購02","0","0","0","--","--","--","--"," ","0.00","9.65","25","10.30","10","600.00",
="083474","台玻國票51購03","0","0","0","--","--","--","--"," ","0.00","5.10","25","5.15","10","25.95",
="083475","華泰國票51購03","226,000","3","574,730","2.55","2.55","2.48","2.49","X","0.00","2.48","25","2.50","10","47.70",
="083476","海悅國票4C購02","7,000","2","2,060","0.29","0.30","0.29","0.30","-","0.04","0.30","25","0.33","10","89.00",
="083477","國泰金國票51購03","0","0","0","--","--","--","--"," ","0.00","0.32","25","0.33","10","66.20",
="083478","永豐金國票52購01","0","0","0","--","--","--","--"," ","0.00","0.78","25","0.80","10","24.70",
="083479","緯創國票51購04","0","0","0","--","--","--","--"," ","0.00","0.57","25","0.58","10","122.50",
="08347P","貿聯國票4B售01","0","0","0","--","--","--","--"," ","0.00","0.01","25","0.05","10","0.00",
="083480","虎航國票4C購02","0","0","0","--","--","--","--"," ","0.00","0.81","25","0.82","10","75.80",
="083481","富世達國票51購02","0","0","0","--","--","--","--"," ","0.00","8.30","25","8.60","10","1,010.00",
="083482","長華國票4C購01","0","0","0","--","--","--","--"," ","0.00","1.09","25","1.10","10","40.60",
="083483","長華國票51購01","0","0","0","--","--","--","--"," ","0.00","0.93","25","0.94","10","40.60",
="083484","富鼎國票51購01","282,000","15","289,410","0.98","1.08","0.98","1.04"," ","0.00","1.03","25","1.05","10","95.50",
="083485","華通兆豐4C購01","0","0","0","--","--","--","--"," ","0.00","1.96","10","--","0","77.00",
="083486","台光電兆豐51購01","0","0","0","--","--","--","--"," ","0.00","4.88","10","--","0","1,345.00",
="083487","奇鋐兆豐4C購02","0","0","0","--","--","--","--"," ","0.00","3.44","10","--","0","1,015.00",
="083488","聯發科國泰52購03","0","0","0","--","--","--","--"," ","0.00","1.27","499","1.29","100","1,375.00",
="083489","奇鋐國泰51購02","0","0","0","--","--","--","--"," ","0.00","7.95","499","8.15","100","1,015.00",
="08348P","台灣50凱基4A售18","0","0","0","--","--","--","--"," ","0.00","--","0","0.02","10","0.00",
="083490","健策國泰51購01","0","0","0","--","--","--","--"," ","0.00","8.95","499","--","0","2,355.00",
="083491","jpp國泰51購01","0","0","0","--","--","--","--"," ","0.00","6.70","10","8.55","1","286.50",
="083492","精成科國泰51購02","0","0","0","--","--","--","--"," ","0.00","7.40","499","7.70","10","125.50",
="083493","中興電富邦4C購03","29,000","2","26,410","0.93","0.93","0.91","0.91","-","0.06","0.90","30","0.91","10","0.00",
="083494","川湖富邦52購01","0","0","0","--","--","--","--"," ","0.00","2.70","10","2.74","10","0.00",
="083495","台光電富邦4C購04","0","0","0","--","--","--","--"," ","0.00","3.94","10","4.01","10","0.00",
="083496","台光電富邦53購01","0","0","0","--","--","--","--"," ","0.00","3.61","10","3.68","10","0.00",
="083497","鉅祥富邦4C購01","0","0","0","--","--","--","--"," ","0.00","2.69","30","2.77","10","0.00",
="083498","長榮航富邦4C購02","406,000","16","483,260","1.16","1.22","1.15","1.20","-","0.02","1.19","30","1.20","10","0.00",
="083499","長榮航富邦52購01","189,000","8","191,100","0.99","1.03","0.99","1.02","+","0.04","1.00","30","1.01","10","0.00",
="08349P","緯創凱基4A售07","0","0","0","--","--","--","--"," ","0.00","--","0","0.10","10","0.00",
="083501","威強電富邦4C購01","0","0","0","--","--","--","--"," ","0.00","0.39","30","0.40","10","0.00",
="083502","聯發科台新4C購01","239,000","3","369,230","1.54","1.57","1.54","1.54","-","0.18","1.38","20","1.39","10","0.00",
="083503","大亞統一57購01","88,000","4","59,770","0.68","0.69","0.65","0.69"," ","0.00","0.67","10","0.68","10","39.85",
="083504","燿華統一56購02","0","0","0","--","--","--","--"," ","0.00","--","0","--","0","27.50",
="083505","全新統一54購01","0","0","0","--","--","--","--"," ","0.00","1.64","10","1.67","10","160.00",
="083506","全新統一56購02","0","0","0","--","--","--","--"," ","0.00","1.35","10","1.36","10","160.00",
="083507","鉅祥統一56購01","0","0","0","--","--","--","--"," ","0.00","2.22","10","2.31","10","108.50",
="083508","智原統一56購05","10,000","1","5,000","0.50","0.50","0.50","0.50","+","0.05","0.50","10","0.51","10","174.00",
="083509","智原統一56購06","0","0","0","--","--","--","--"," ","0.00","0.50","10","0.51","10","174.00",
="08350P","牧德凱基4A售04","0","0","0","--","--","--","--"," ","0.00","--","0","0.02","10","0.00",
="083510","鈺邦統一56購02","10,000","1","15,000","1.50","1.50","1.50","1.50","+","0.01","1.35","10","1.39","10","198.50",
="083511","鈺邦統一56購03","0","0","0","--","--","--","--"," ","0.00","1.62","10","1.63","10","198.50",
="083512","晶心科統一59購01","4,000","1","3,320","0.83","0.83","0.83","0.83","X","0.00","0.80","10","0.81","10","325.50",
="083513","泓德統一56購01","0","0","0","--","--","--","--"," ","0.00","0.08","10","0.09","10","125.50",
="083514","ITH統一56購02","0","0","0","--","--","--","--"," ","0.00","0.28","10","0.29","10","43.90",
="083515","鈺齊統一56購02","23,000","1","8,970","0.39","0.39","0.39","0.39","X","0.00","0.38","10","0.39","10","101.50",
="083516","百和統一56購01","79,000","2","50,460","0.64","0.64","0.63","0.63","-","0.02","0.62","10","0.63","10","55.50",
="083517","T50反1群益4C購06","0","0","0","--","--","--","--"," ","0.00","--","0","0.14","10","18.29",
="083518","台泥群益4C購01","80,000","1","25,600","0.32","0.32","0.32","0.32","-","0.14","0.32","10","0.42","10","23.75",
="083519","名軒群益4C購01","0","0","0","--","--","--","--"," ","0.00","--","0","--","0","44.60",
="08351P","臺股指凱基4A售34","0","0","0","--","--","--","--"," ","0.00","--","0","0.02","10","0.00",
="083520","中砂群益4C購04","233,000","9","330,360","1.29","1.52","1.29","1.39","+","0.18","1.35","10","1.45","10","339.00",
="083521","台玻群益4C購03","0","0","0","--","--","--","--"," ","0.00","4.13","10","4.23","10","25.95",
="083522","光寶科群益4C購01","12,000","5","71,000","5.65","6.15","5.65","6.05","-","0.45","3.51","2","6.45","10","183.00",
="083523","廣宇群益4C購03","0","0","0","--","--","--","--"," ","0.00","3.54","10","3.64","10","54.10",
="083524","台積電群益4C購18","0","0","0","--","--","--","--"," ","0.00","--","0","--","0","1,340.00",
="083525","友達群益4C購02","1,000","1","1,050","1.05","1.05","1.05","1.05","+","0.14","0.97","100","1.03","100","13.70",
="083526","聯發科群益51購03","32,000","3","46,940","1.52","1.52","1.42","1.45","-","0.16","0.36","10","--","0","1,375.00",
="083527","永豐金群益4C購01","87,000","4","88,350","1.02","1.02","1.00","1.00","+","0.01","1.00","8","1.10","10","24.70",
="083528","亞光群益53購02","0","0","0","--","--","--","--"," ","0.00","0.94","100","0.96","100","161.50",
="083529","健鼎群益4C購02","0","0","0","--","--","--","--"," ","0.00","5.95","10","6.45","10","309.50",
="08352P","電子類凱基4A售04","0","0","0","--","--","--","--"," ","0.00","--","0","0.10","10","0.00",
="083530","新日興群益4C購01","35,000","4","266,550","7.50","7.65","7.35","7.35","-","0.25","4.00","12","--","0","237.00",
="083531","海華群益4C購01","0","0","0","--","--","--","--"," ","0.00","3.05","10","3.15","10","83.80",
="083532","祥碩群益4C購02","0","0","0","--","--","--","--"," ","0.00","0.01","539","--","0","1,525.00",
="083533","邁達特群益4C購02","0","0","0","--","--","--","--"," ","0.00","0.19","30","--","0","51.40",
="083534","迎廣群益4C購01","0","0","0","--","--","--","--"," ","0.00","0.35","10","0.45","10","85.80",
="083535","精成科群益4C購05","0","0","0","--","--","--","--"," ","0.00","--","0","--","0","125.50",
="083536","愛普群益4C購03","0","0","0","--","--","--","--"," ","0.00","0.43","23","--","0","344.00",
="083537","富鼎群益51購01","329,000","7","264,670","0.83","0.88","0.79","0.88","+","0.04","0.32","31","0.96","5","95.50",
="083538","滬深2X永豐52購03","0","0","0","--","--","--","--"," ","0.00","4.56","499","4.57","10","19.04",
="083539","華城永豐51購02","0","0","0","--","--","--","--"," ","0.00","6.55","499","7.05","10","586.00",
="08353P","T50正2元大4A售12","0","0","0","--","--","--","--"," ","0.00","--","0","0.10","10","0.00",
="083540","中砂永豐52購03","0","0","0","--","--","--","--"," ","0.00","3.70","499","3.73","10","339.00",
="083541","國巨永豐51購01","0","0","0","--","--","--","--"," ","0.00","10.30","499","11.30","10","176.00",
="083542","皇昌永豐56購01","10,000","1","6,600","0.66","0.66","0.66","0.66","X","0.00","0.63","10","0.64","10","72.70",
="083543","雄獅永豐52購01","0","0","0","--","--","--","--"," ","0.00","0.95","499","0.96","10","158.50",
="083544","健策永豐52購02","0","0","0","--","--","--","--"," ","0.00","5.10","499","5.25","10","2,355.00",
="083545","AES永豐56購01","0","0","0","--","--","--","--"," ","0.00","1.98","499","2.00","10","1,195.00",
="083546","鴻海元富4C購07","0","0","0","--","--","--","--"," ","0.00","30.10","25","31.00","25","221.00",
="083547","鴻準元富4C購03","15,000","4","48,480","3.38","3.38","3.02","3.02","+","0.01","2.98","25","3.08","10","70.70",
="083548","聯發科元富51購06","0","0","0","--","--","--","--"," ","0.00","1.65","25","1.75","10","1,375.00",
="083549","聯發科元富51購07","0","0","0","--","--","--","--"," ","0.00","1.40","25","1.50","10","1,375.00",
="08354P","T50正2元大4B售03","0","0","0","--","--","--","--"," ","0.00","0.01","499","0.11","100","0.00",
="083550","全新元富4C購01","0","0","0","--","--","--","--"," ","0.00","3.54","25","3.64","10","160.00",
="083551","奇鋐元富51購04","0","0","0","--","--","--","--"," ","0.00","7.60","25","8.10","10","1,015.00",
="083552","嘉澤元富51購02","27,000","1","57,510","2.13","2.13","2.13","2.13","-","0.24","2.13","25","2.16","25","1,605.00",
="083553","世芯元富4C購11","4,000","4","77,700","19.30","19.50","19.30","19.50","X","0.00","19.20","25","19.50","25","3,700.00",
="083554","世芯元富53購03","0","0","0","--","--","--","--"," ","0.00","3.20","25","3.28","25","3,700.00",
="083555","達興元富4C購01","2,000","2","20,200","10.10","10.10","10.10","10.10","+","0.65","11.10","25","11.30","25","399.00",
="083556","聯發科第一56購02","0","0","0","--","--","--","--"," ","0.00","0.54","10","0.55","10","0.00",
="083557","A50正2凱基55購01","0","0","0","--","--","--","--"," ","0.00","3.58","100","3.68","10","32.79",
="083558","台化凱基4C購01","4,000","2","6,600","1.65","1.65","1.65","1.65","+","0.07","1.52","10","1.53","10","28.95",
="083559","聚陽凱基4C購01","60,000","2","119,300","1.99","1.99","1.98","1.98","X","0.00","1.99","10","2.09","10","294.00",
="08355P","國企2X元大4A售04","0","0","0","--","--","--","--"," ","0.00","0.02","499","0.07","50","0.00",
="083560","中興電凱基52購01","0","0","0","--","--","--","--"," ","0.00","0.52","100","0.53","10","159.00",
="083562","中砂凱基4C購05","92,000","12","143,600","1.43","1.64","1.41","1.64","+","0.33","1.47","100","1.49","10","339.00",
="083563","大成鋼凱基4C購05","0","0","0","--","--","--","--"," ","0.00","1.99","100","2.00","10","37.90",
="083564","上銀凱基4C購04","13,000","3","15,990","1.23","1.27","1.21","1.27","+","0.04","1.17","102","--","0","217.50",
="083565","國巨凱基51購01","0","0","0","--","--","--","--"," ","0.00","9.90","499","10.80","10","176.00",
="083566","台積電凱基4C購43","0","0","0","--","--","--","--"," ","0.00","3.41","100","3.51","10","1,340.00",
="083567","技嘉凱基4C購02","15,000","7","11,370","0.75","0.76","0.75","0.76","X","0.00","0.74","100","0.75","10","283.00",
="083568","大立光凱基4C購04","61,000","3","79,180","1.32","1.32","1.26","1.26","-","0.12","1.30","100","1.34","10","2,360.00",
="083569","奇鋐凱基51購04","0","0","0","--","--","--","--"," ","0.00","3.63","100","3.71","10","1,015.00",
="08356P","台積電元大4A售53","0","0","0","--","--","--","--"," ","0.00","--","0","0.10","10","0.00",
="083570","德律凱基4C購01","26,000","4","99,930","3.79","4.27","3.74","3.74","-","0.07","3.74","10","3.79","10","189.00",
="083571","華晶科凱基52購01","0","0","0","--","--","--","--"," ","0.00","1.80","100","1.90","10","52.80",
="083573","嘉澤凱基52購01","13,000","1","24,570","1.89","1.89","1.89","1.89","-","0.22","1.91","10","1.94","10","1,605.00",
="083574","牧德凱基51購02","0","0","0","--","--","--","--"," ","0.00","0.99","100","1.00","10","544.00",
="083575","貿聯凱基54購02","0","0","0","--","--","--","--"," ","0.00","5.80","100","6.30","10","1,085.00",
="083576","力成凱基52購01","140,000","15","303,440","2.22","2.22","2.10","2.17","-","0.05","2.14","100","2.17","28","150.50",
="083577","臺股指凱基4C購20","0","0","0","--","--","--","--"," ","0.00","7.40","100","7.45","10","0.00",
="083578","臺股指凱基52購06","0","0","0","--","--","--","--"," ","0.00","7.50","100","7.55","10","0.00",
="083579","臺股指凱基56購06","10,000","5","39,230","3.92","3.96","3.89","3.96","+","0.15","4.07","100","4.08","10","0.00",
="08357P","台積電元大4A售54","0","0","0","--","--","--","--"," ","0.00","--","0","0.10","10","0.00",
="083580","中興電元大4C購05","0","0","0","--","--","--","--"," ","0.00","0.29","499","0.30","10","159.00",
="083581","台達電元大4C購01","0","0","0","--","--","--","--"," ","0.00","33.50","10","--","0","893.00",
="083582","廣宇元大4C購06","4,000","3","13,420","3.34","3.36","3.34","3.36","-","0.04","3.20","250","3.23","10","54.10",
="083583","台光電元大4C購14","25,000","2","74,370","2.99","2.99","2.97","2.97","X","0.00","3.14","250","3.24","10","1,345.00",
="083584","京元電元大4C購06","2,000","2","8,500","4.25","4.25","4.25","4.25","-","0.30","4.20","150","4.30","10","167.00",
="083585","奇鋐元大51購08","75,000","2","479,250","6.65","6.65","6.35","6.35","+","0.40","5.75","150","5.85","10","1,015.00",
="083586","奇鋐元大54購05","189,000","3","311,950","1.72","1.72","1.65","1.65","+","0.05","1.50","499","1.54","10","1,015.00",
="083587","日電貿元大4C購02","505,000","15","261,730","0.53","0.54","0.49","0.49","-","0.11","0.49","494","0.50","10","74.80",
="083588","嘉澤元大51購05","0","0","0","--","--","--","--"," ","0.00","0.74","499","0.76","10","1,605.00",
="083589","辛耘元大4C購02","138,000","14","419,730","2.93","3.16","2.93","3.16","+","0.63","2.74","25","5.55","1","388.00",
="08358P","鴻海群益4B售06","0","0","0","--","--","--","--"," ","0.00","--","0","--","0","0.00",
="083590","貿聯元大4C購05","0","0","0","--","--","--","--"," ","0.00","3.14","200","--","0","1,085.00",
="083591","神達元大4C購08","6,000","3","44,600","7.65","7.65","7.25","7.25","+","0.55","7.45","100","7.50","10","90.00",
="083592","達興元大4C購03","58,000","7","277,080","4.83","5.60","4.68","5.60","+","0.55","5.55","150","5.65","10","399.00",
="083593","邁達特元大4C購01","47,000","1","23,970","0.51","0.51","0.51","0.51","-","0.02","0.47","499","0.48","10","51.40",
="083594","邁達特元大4C購02","45,000","2","33,980","0.76","0.76","0.75","0.75","X","0.00","0.66","499","0.68","10","51.40",
="083595","精成科元大51購03","0","0","0","--","--","--","--"," ","0.00","9.40","50","--","0","125.50",
="083596","穎崴元大4C購06","95,000","6","301,710","3.37","3.37","3.15","3.15","+","0.25","3.15","195","3.25","10","2,015.00",
="083597","富世達元大4C購03","12,000","2","55,080","4.59","4.59","4.59","4.59","X","0.00","4.61","200","4.71","10","1,010.00",
="08359P","鴻海群益4C售04","0","0","0","--","--","--","--"," ","0.00","--","0","--","0","0.00",
="083600","泓德元大4C購02","0","0","0","--","--","--","--"," ","0.00","--","0","0.10","10","125.50",
="083601","ITH元大4C購05","0","0","0","--","--","--","--"," ","0.00","0.26","499","0.27","10","43.90",
="083602","昇陽半元大4C購03","188,000","14","408,660","2.11","2.24","1.99","1.99","-","0.11","1.93","350","1.95","10","179.50",
="083603","振樺電元大4C購01","0","0","0","--","--","--","--"," ","0.00","0.41","499","0.42","10","229.50",
="083604","世紀鋼元大56購01","89,000","2","158,420","1.78","1.78","1.78","1.78","+","0.04","1.65","450","1.67","10","171.50",
="083605","臺股指元大4C購23","0","0","0","--","--","--","--"," ","0.00","19.60","499","20.60","10","0.00",
="083606","臺股指元大4C購24","110,000","3","847,750","7.50","7.85","7.50","7.85","+","0.95","7.75","499","7.80","10","0.00",
="083607","臺股指元大4C購25","0","0","0","--","--","--","--"," ","0.00","5.80","499","6.15","10","0.00",
="083609","臺股指元大4C購26","0","0","0","--","--","--","--"," ","0.00","2.84","499","2.91","10","0.00",
="08360P","貿聯群益4C售03","0","0","0","--","--","--","--"," ","0.00","--","0","0.05","200","0.00",
="083611","台光電台新4C購03","0","0","0","--","--","--","--"," ","0.00","21.00","10","--","0","0.00",
="083612","華城國泰51購01","0","0","0","--","--","--","--"," ","0.00","4.82","499","4.88","10","586.00",
="083613","台積電國泰51購06","0","0","0","--","--","--","--"," ","0.00","1.92","30","--","0","1,340.00",
="083614","台積電國泰51購07","0","0","0","--","--","--","--"," ","0.00","--","0","--","0","1,340.00",
="083616","智邦國泰51購01","0","0","0","--","--","--","--"," ","0.00","4.19","499","4.29","10","1,005.00",
="083617","華擎國泰51購01","0","0","0","--","--","--","--"," ","0.00","3.25","499","3.31","10","278.00",
="083619","華城兆豐53購01","0","0","0","--","--","--","--"," ","0.00","2.13","10","2.22","10","586.00",
="08361P","臺股指群益51售03","0","0","0","--","--","--","--"," ","0.00","0.12","499","0.13","499","0.00",
="083620","台光電兆豐4C購01","0","0","0","--","--","--","--"," ","0.00","3.78","10","--","0","1,345.00",
="083621","健策兆豐53購01","0","0","0","--","--","--","--"," ","0.00","3.67","10","--","0","2,355.00",
="083622","台表科兆豐56購01","101,000","6","94,850","0.94","0.95","0.93","0.93","-","0.01","0.91","10","0.92","10","107.00",
="083623","AES兆豐53購01","0","0","0","--","--","--","--"," ","0.00","1.49","10","1.51","10","1,195.00",
="083624","台玻統一56購01","0","0","0","--","--","--","--"," ","0.00","1.37","10","1.42","10","25.95",
="083625","金像電統一56購03","30,000","1","66,600","2.22","2.22","2.22","2.22","+","0.06","2.18","10","2.21","10","455.00",
="083626","台光電統一56購03","0","0","0","--","--","--","--"," ","0.00","1.73","10","1.74","10","1,345.00",
="083627","台光電統一5C購01","441,000","21","450,230","1.00","1.07","1.00","1.02","+","0.07","1.03","13","1.04","10","1,345.00",
="083628","全新統一54購02","265,000","5","383,910","1.42","1.45","1.40","1.40","X","0.00","1.42","3","1.43","10","160.00",
="083629","志聖統一56購01","686,000","16","664,790","0.93","1.02","0.91","1.02","+","0.09","0.91","10","0.92","10","197.00",
="08362P","臺股指群益51售04","12,000","1","1,320","0.11","0.11","0.11","0.11","X","0.00","0.11","499","0.12","499","0.00",
="083630","大立光統一54購01","147,000","2","99,960","0.68","0.68","0.68","0.68","-","0.01","0.67","10","0.68","10","2,360.00",
="083631","健鼎統一54購01","44,000","3","127,750","2.90","2.93","2.90","2.93","+","0.06","2.89","10","2.92","10","309.50",
="083632","玉晶光統一56購03","0","0","0","--","--","--","--"," ","0.00","0.81","10","0.82","10","443.50",
="083633","貿聯統一54購01","0","0","0","--","--","--","--"," ","0.00","4.13","10","4.23","10","1,085.00",
="083634","神達統一52購04","108,000","12","468,140","4.28","4.55","4.22","4.31","+","0.20","4.36","10","4.37","10","90.00",
="083635","達興統一56購02","0","0","0","--","--","--","--"," ","0.00","1.41","10","1.42","10","399.00",
="083636","矽力統一56購01","0","0","0","--","--","--","--"," ","0.00","0.19","10","0.20","10","273.00",
="083637","矽力統一56購02","0","0","0","--","--","--","--"," ","0.00","0.20","10","0.21","10","273.00",
="083638","訊芯統一56購01","65,000","3","58,090","0.89","0.90","0.89","0.90","+","0.03","0.85","10","0.86","10","164.50",
="083639","愛普統一56購01","0","0","0","--","--","--","--"," ","0.00","0.63","10","0.64","10","344.00",
="08363P","緯穎永豐4A售03","0","0","0","--","--","--","--"," ","0.00","--","0","0.10","10","0.00",
="083640","晶心科統一56購01","275,000","10","216,740","0.77","0.81","0.77","0.78","+","0.06","0.76","10","0.77","10","325.50",
="083641","富世達統一54購05","0","0","0","--","--","--","--"," ","0.00","1.48","10","1.51","10","1,010.00",
="083642","勤誠統一5C購01","38,000","3","67,060","1.75","1.79","1.75","1.79","X","0.00","1.72","10","1.74","10","600.00",
="083643","T50反1中信53購02","112,000","8","33,040","0.30","0.30","0.29","0.29","-","0.05","0.28","108","0.29","100","0.00",
="083644","信錦中信4C購01","0","0","0","--","--","--","--"," ","0.00","0.27","10","0.28","10","0.00",
="083645","佳能中信51購01","0","0","0","--","--","--","--"," ","0.00","2.88","10","--","0","0.00",
="083646","台光電中信4C購01","89,000","9","242,530","2.32","3.06","2.32","2.77","+","0.39","2.72","10","2.77","10","0.00",
="083647","緯穎中信51購01","0","0","0","--","--","--","--"," ","0.00","1.33","499","1.43","10","0.00",
="083648","雲豹中信51購01","4,000","4","200","0.05","0.05","0.05","0.05","-","0.01","0.05","10","0.06","10","0.00",
="083649","泓德中信4C購01","0","0","0","--","--","--","--"," ","0.00","0.22","499","0.23","10","0.00",
="08364P","臺股指富邦4B售06","0","0","0","--","--","--","--"," ","0.00","0.01","499","0.03","100","0.00",
="083650","T50正2群益51購03","0","0","0","--","--","--","--"," ","0.00","4.82","25","4.83","10","302.45",
="083651","T50反1群益4C購07","0","0","0","--","--","--","--"," ","0.00","0.01","190","0.24","10","18.29",
="083652","台泥群益52購02","202,000","13","230,710","1.14","1.19","1.12","1.16","-","0.19","1.16","20","1.26","10","23.75",
="083653","中砂群益4C購05","24,000","5","24,680","1.03","1.14","0.98","1.14","+","0.20","1.02","10","1.12","10","339.00",
="083654","大成鋼群益4C購03","0","0","0","--","--","--","--"," ","0.00","1.39","10","1.49","10","37.90",
="083655","國巨群益52購02","0","0","0","--","--","--","--"," ","0.00","--","0","--","0","176.00",
="083656","台積電群益56購01","72,000","5","260,660","3.59","3.77","3.59","3.77","+","0.50","0.96","10","--","0","1,340.00",
="083657","金像電群益51購04","0","0","0","--","--","--","--"," ","0.00","--","0","5.50","10","455.00",
="083658","大立光群益4C購05","0","0","0","--","--","--","--"," ","0.00","0.31","100","0.35","100","2,360.00",
="083659","奇鋐群益4C購02","20,000","1","43,000","2.15","2.15","2.15","2.15","X","0.00","0.42","30","1.88","10","1,015.00",
="08365P","臺股指富邦54售03","150,000","2","8,500","0.07","0.07","0.05","0.05","+","0.01","0.05","20","0.07","100","0.00",
="083660","日電貿群益4C購01","0","0","0","--","--","--","--"," ","0.00","0.44","10","0.54","10","74.80",
="083661","緯創群益4C購01","0","0","0","--","--","--","--"," ","0.00","--","0","--","0","122.50",
="083662","嘉澤群益4C購04","32,000","1","44,480","1.39","1.39","1.39","1.39","-","0.14","0.44","22","--","0","1,605.00",
="083663","牧德群益4C購04","0","0","0","--","--","--","--"," ","0.00","0.59","10","0.69","10","544.00",
="083664","達興群益51購02","0","0","0","--","--","--","--"," ","0.00","--","0","4.04","10","399.00",
="083665","jpp群益51購02","2,000","1","8,040","4.02","4.02","4.02","4.02","+","0.02","1.72","5","--","0","286.50",
="083666","中磊群益51購01","222,000","5","120,480","0.54","0.55","0.54","0.55","+","0.06","0.54","100","0.56","100","105.50",
="083667","訊芯群益4C購04","0","0","0","--","--","--","--"," ","0.00","--","0","1.57","10","164.50",
="083668","穎崴群益54購01","51,000","2","146,160","2.86","2.87","2.86","2.87","+","0.03","2.86","10","2.96","10","2,015.00",
="083669","緯穎群益4C購04","0","0","0","--","--","--","--"," ","0.00","1.74","10","--","0","3,140.00",
="08366P","台灣50元富4A售19","0","0","0","--","--","--","--"," ","0.00","--","0","0.10","25","0.00",
="083670","鈺齊群益4C購01","0","0","0","--","--","--","--"," ","0.00","0.34","25","0.35","10","101.50",
="083671","世紀鋼群益4C購07","0","0","0","--","--","--","--"," ","0.00","0.09","10","0.19","10","171.50",
="083672","T50反1永豐52購01","0","0","0","--","--","--","--"," ","0.00","0.07","499","0.08","10","18.29",
="083673","台積電永豐66購01","40,000","2","120,000","3.00","3.00","3.00","3.00","X","0.00","1.24","30","--","0","1,340.00",
="083674","智邦永豐4C購02","0","0","0","--","--","--","--"," ","0.00","2.24","499","2.34","10","1,005.00",
="083675","聯發科永豐52購02","22,000","2","28,560","1.30","1.30","1.28","1.28","-","0.15","1.25","10","1.35","10","1,375.00",
="083676","長榮永豐4C購04","0","0","0","--","--","--","--"," ","0.00","0.21","10","0.23","10","182.00",
="083677","奇鋐永豐56購02","48,000","11","498,800","10.40","10.50","9.55","9.55","+","0.25","9.25","10","9.30","10","1,015.00",
="083678","欣興永豐4C購03","0","0","0","--","--","--","--"," ","0.00","1.87","499","1.92","10","159.00",
="083679","欣興永豐51購01","0","0","0","--","--","--","--"," ","0.00","2.07","10","2.65","5","159.00",
="08367P","台灣50元富4A售20","0","0","0","--","--","--","--"," ","0.00","--","0","0.10","25","0.00",
="083680","辛耘永豐52購02","6,000","2","23,520","3.92","3.92","3.92","3.92","X","0.00","3.66","10","3.67","10","388.00",
="083681","智易永豐54購01","37,000","3","49,700","1.34","1.35","1.33","1.35"," ","0.00","1.31","10","1.32","10","223.00",
="083682","富世達永豐51購01","0","0","0","--","--","--","--"," ","0.00","2.72","499","2.82","10","1,010.00",
="083683","勤誠永豐53購01","6,000","2","37,200","6.20","6.20","6.20","6.20","X","0.00","6.00","499","6.15","10","600.00",
="083684","世紀鋼永豐52購03","0","0","0","--","--","--","--"," ","0.00","0.21","10","0.22","10","171.50",
="083685","元日2X富邦53購02","0","0","0","--","--","--","--"," ","0.00","0.28","100","0.29","100","0.00",
="083686","台塑富邦51購01","110,000","3","75,100","0.71","0.71","0.67","0.67","-","0.01","0.66","10","0.68","10","0.00",
="083687","華新富邦52購01","112,000","19","110,130","1.01","1.04","0.86","0.92","-","0.06","0.90","30","0.91","10","0.00",
="083688","凱基金富邦53購01","45,000","1","19,800","0.44","0.44","0.44","0.44","-","0.01","0.42","10","0.43","10","0.00",
="083689","智原富邦4C購02","339,000","8","125,450","0.33","0.39","0.33","0.37","+","0.06","0.35","30","0.36","10","0.00",
="08368P","FBNQ2X元富4A售03","0","0","0","--","--","--","--"," ","0.00","--","0","0.10","10","0.00",
="083690","辛耘富邦4C購02","0","0","0","--","--","--","--"," ","0.00","1.64","30","1.68","10","0.00",
="083691","勤誠富邦4C購01","0","0","0","--","--","--","--"," ","0.00","3.41","30","3.51","10","0.00",
="083692","勤誠富邦52購01","0","0","0","--","--","--","--"," ","0.00","2.52","30","2.57","10","0.00",
="083693","T50反1元富4C購08","0","0","0","--","--","--","--"," ","0.00","0.01","524","0.11","25","18.29",
="083694","S&P反1元富4C購01","0","0","0","--","--","--","--"," ","0.00","0.22","25","0.23","25","4.41",
="083695","國企2X元富4C購01","17,000","10","30,870","1.90","1.90","1.81","1.81","-","0.16","1.82","25","1.84","25","11.65",
="083696","FBNQ2X元富4C購03","0","0","0","--","--","--","--"," ","0.00","2.91","25","2.95","25","159.20",
="083697","元油反元富4C購02","0","0","0","--","--","--","--"," ","0.00","0.23","25","0.24","25","6.75",
="083698","美債2X元富56購01","111,000","2","126,540","1.14","1.14","1.14","1.14","X","0.00","1.14","25","1.15","25","7.33",
="083699","元日2X元富56購01","0","0","0","--","--","--","--"," ","0.00","0.33","25","0.34","25","5.87",
="08369P","台積電元富4A售32","0","0","0","--","--","--","--"," ","0.00","--","0","0.01","455","0.00",
="083700","SGBR2X元富4C購03","0","0","0","--","--","--","--"," ","0.00","1.67","25","1.68","25","10.98",
="083701","中502X元富4C購01","0","0","0","--","--","--","--"," ","0.00","2.77","25","2.81","25","13.10",
="083702","台玻元富4C購02","0","0","0","--","--","--","--"," ","0.00","3.24","25","3.34","25","25.95",
="083703","台積電元富4C購06","0","0","0","--","--","--","--"," ","0.00","--","0","--","0","1,340.00",
="083704","台積電元富4C購07","0","0","0","--","--","--","--"," ","0.00","--","0","--","0","1,340.00",
="083705","台積電元富4C購08","0","0","0","--","--","--","--"," ","0.00","0.28","4","--","0","1,340.00",
="083706","台積電元富4C購09","0","0","0","--","--","--","--"," ","0.00","0.20","5","--","0","1,340.00",
="083707","台積電元富4C購10","5,000","4","168,000","32.20","35.70","32.20","35.70","X","0.00","2.74","2","--","0","1,340.00",
="083708","台積電元富66購01","1,000","1","3,660","3.66","3.66","3.66","3.66","+","0.16","2.25","5","--","0","1,340.00",
="083709","華邦電元富51購02","0","0","0","--","--","--","--"," ","0.00","12.50","25","--","0","36.45",
="08370P","台積電元富54售07","0","0","0","--","--","--","--"," ","0.00","0.01","998","--","0","0.00",
="083710","台光電元富51購03","95,000","4","1,018,050","9.20","11.00","9.20","11.00","X","0.00","10.10","25","11.10","25","1,345.00",
="083711","台光電元富51購04","105,000","28","646,050","5.65","6.50","5.65","6.20","+","1.10","6.05","25","6.30","3","1,345.00",
="083712","聯發科元富51購08","0","0","0","--","--","--","--"," ","0.00","2.41","25","2.51","10","1,375.00",
="083713","聯發科元富51購09","0","0","0","--","--","--","--"," ","0.00","1.75","25","1.85","10","1,375.00",
="083714","長榮元富4C購03","0","0","0","--","--","--","--"," ","0.00","1.25","25","1.27","25","182.00",
="083715","奇鋐元富51購05","0","0","0","--","--","--","--"," ","0.00","9.85","25","10.70","10","1,015.00",
="083716","嘉澤元富51購03","0","0","0","--","--","--","--"," ","0.00","2.55","25","2.59","25","1,605.00",
="083717","健策元富4C購01","0","0","0","--","--","--","--"," ","0.00","4.04","25","4.14","25","2,355.00",
="083718","健策元富4C購02","8,000","2","29,760","3.52","3.84","3.52","3.84","+","0.08","3.81","25","3.87","25","2,355.00",
="083719","達興元富4C購02","0","0","0","--","--","--","--"," ","0.00","6.35","25","6.50","25","399.00",
="08371P","華碩元富4A售01","0","0","0","--","--","--","--"," ","0.00","0.01","25","0.11","10","0.00",
="083720","AES元富51購01","0","0","0","--","--","--","--"," ","0.00","1.89","25","1.92","25","1,195.00",
="083721","雲豹元富4C購01","0","0","0","--","--","--","--"," ","0.00","0.08","25","0.10","10","119.00",
="083722","T50反1國票4C購03","0","0","0","--","--","--","--"," ","0.00","0.08","25","0.18","10","18.29",
="083723","T50反1國票52購01","0","0","0","--","--","--","--"," ","0.00","0.39","25","0.40","10","18.29",
="083724","T50反1國票56購01","120,000","4","57,500","0.48","0.48","0.47","0.47","X","0.00","0.36","25","0.46","10","18.29",
="083725","道瓊反國票56購01","0","0","0","--","--","--","--"," ","0.00","0.20","25","0.21","10","5.81",
="083726","元油反國票51購01","0","0","0","--","--","--","--"," ","0.00","0.47","25","0.48","10","6.75",
="083727","元債2X國票53購01","0","0","0","--","--","--","--"," ","0.00","1.14","30","--","0","7.35",
="083728","佳能國票51購01","0","0","0","--","--","--","--"," ","0.00","11.00","25","11.30","10","88.80",
="083729","台光電國票51購03","12,000","6","115,450","8.60","10.50","8.60","10.00","+","1.75","9.85","25","10.20","10","1,345.00",
="08372P","緯創元富4A售04","0","0","0","--","--","--","--"," ","0.00","--","0","0.10","10","0.00",
="083730","偉詮電國票51購01","115,000","30","155,240","1.30","1.44","1.24","1.35","+","0.03","1.34","25","1.35","10","56.00",
="083731","志聖國票51購02","140,000","11","243,030","1.66","1.89","1.66","1.66"," ","0.00","1.69","25","1.70","10","197.00",
="083732","可成國票4C購01","0","0","0","--","--","--","--"," ","0.00","0.39","25","0.40","10","189.00",
="083735","偉訓國票4C購01","0","0","0","--","--","--","--"," ","0.00","4.82","25","4.92","10","97.50",
="083736","融程電國票51購01","10,000","1","25,200","2.52","2.52","2.52","2.52","-","0.04","2.47","25","2.54","10","184.00",
="083737","貿聯國票51購03","0","0","0","--","--","--","--"," ","0.00","11.60","25","11.90","10","1,085.00",
="083738","神達國票52購01","0","0","0","--","--","--","--"," ","0.00","--","0","--","0","90.00",
="083739","訊連國票51購01","100,000","1","42,000","0.42","0.42","0.42","0.42","-","0.01","0.40","25","0.41","10","97.60",
="08373P","新日興元富4A售01","0","0","0","--","--","--","--"," ","0.00","--","0","--","0","0.00",
="083740","邁達特國票52購01","0","0","0","--","--","--","--"," ","0.00","1.40","25","1.41","10","51.40",
="083741","鈺邦國票51購01","0","0","0","--","--","--","--"," ","0.00","--","0","--","0","198.50",
="083742","洋基國票51購01","0","0","0","--","--","--","--"," ","0.00","3.89","25","3.99","10","449.00",
="083743","泓德國票52購01","0","0","0","--","--","--","--"," ","0.00","0.04","25","--","0","125.50",
="083744","來億國票51購01","15,000","2","7,450","0.49","0.50","0.49","0.50","+","0.01","0.49","25","0.50","10","224.00",
="083745","ITH國票51購01","1,000","1","100","0.10","0.10","0.10","0.10","-","0.02","0.09","26","0.10","10","43.90",
="083746","T50反1凱基4C購06","127,000","4","10,160","0.08","0.08","0.08","0.08","-","0.02","0.07","125","0.08","10","18.29",
="083747","台光電凱基4C購05","27,000","4","85,650","3.10","3.42","3.10","3.21","+","0.43","3.22","100","3.27","10","1,345.00",
="083748","台光電凱基4C購07","0","0","0","--","--","--","--"," ","0.00","4.61","100","4.71","10","1,345.00",
="083749","聯發科凱基51購07","50,000","1","31,500","0.63","0.63","0.63","0.63","-","0.09","0.56","100","0.57","10","1,375.00",
="08374P","創意元富4A售02","0","0","0","--","--","--","--"," ","0.00","--","0","0.10","10","0.00",
="083750","可成凱基4C購02","0","0","0","--","--","--","--"," ","0.00","0.43","100","0.44","10","189.00",
="083751","亞光凱基51購03","70,000","5","93,350","1.35","1.35","1.30","1.32","-","0.15","1.30","100","1.32","10","161.50",
="083752","亞光凱基51購04","100,000","7","149,580","1.52","1.56","1.46","1.46","-","0.12","1.43","100","1.48","10","161.50",
="083753","日電貿凱基4C購01","150,000","8","137,570","0.95","0.95","0.85","0.85","-","0.17","0.87","10","0.88","10","74.80",
="083754","緯創凱基4C購06","94,000","7","90,460","0.93","1.00","0.91","0.91","X","0.00","0.89","100","0.91","10","122.50",
="083755","辛耘凱基4C購01","50,000","10","112,660","2.00","2.35","2.00","2.02","+","0.34","1.99","10","2.09","10","388.00",
="083756","神達凱基55購01","0","0","0","--","--","--","--"," ","0.00","5.50","50","6.00","10","90.00",
="083757","達興凱基4C購01","15,000","3","85,900","5.50","6.20","5.50","6.20","X","0.00","6.00","10","6.10","10","399.00",
="083758","昇陽半凱基4C購04","206,000","18","561,130","2.50","2.83","2.50","2.76","+","0.21","2.39","100","2.42","10","179.50",
="083759","振樺電凱基4C購01","363,000","6","126,780","0.34","0.37","0.34","0.35","-","0.02","0.35","10","0.37","10","229.50",
="08375P","神達元富4A售03","0","0","0","--","--","--","--"," ","0.00","--","0","0.10","10","0.00",
="083760","勤誠凱基4C購03","6,000","1","47,400","7.90","7.90","7.90","7.90","X","0.00","7.45","100","7.60","10","600.00",
="083761","臺股指凱基4C購22","0","0","0","--","--","--","--"," ","0.00","10.30","100","10.40","10","0.00",
="083762","道瓊2X元大51購01","25,000","1","21,750","0.87","0.87","0.87","0.87","+","0.02","0.87","100","0.88","1","28.27",
="083763","統一元大4C購02","2,000","1","540","0.27","0.27","0.27","0.27","X","0.00","0.27","25","0.28","10","78.40",
="083764","美時元大4C購01","0","0","0","--","--","--","--"," ","0.00","0.04","499","0.14","10","192.00",
="083765","金寶元大4C購01","250,000","8","45,400","0.19","0.20","0.18","0.19","+","0.01","0.18","499","0.19","6","19.60",
="083766","智邦元大4C購05","57,000","4","196,010","3.41","3.60","3.41","3.60","+","0.34","0.04","250","--","0","1,005.00",
="083767","鴻準元大4C購04","163,000","5","241,280","1.48","1.52","1.41","1.41","-","0.01","1.40","499","1.41","10","70.70",
="083768","金像電元大4C購10","2,000","2","13,300","6.65","6.65","6.65","6.65","+","0.45","6.35","100","6.40","10","455.00",
="083769","金像電元大54購01","100,000","12","529,600","5.35","5.40","5.20","5.20","+","0.10","5.15","250","5.20","10","455.00",
="08376P","中華國票4B售01","0","0","0","--","--","--","--"," ","0.00","0.19","25","0.20","10","0.00",
="083770","台光電元大4C購16","38,000","2","226,800","5.85","6.00","5.85","6.00","X","0.00","5.80","150","6.00","10","1,345.00",
="083771","台光電元大54購01","60,000","7","100,280","1.58","1.87","1.54","1.79","+","0.24","1.72","499","1.76","10","1,345.00",
="083772","偉詮電元大4C購01","322,000","21","213,680","0.68","0.70","0.61","0.67"," ","0.00","0.66","509","0.68","10","56.00",
="083773","聯發科元大51購25","0","0","0","--","--","--","--"," ","0.00","0.64","499","0.65","10","1,375.00",
="083774","聯發科元大54購03","200,000","1","188,000","0.94","0.94","0.94","0.94","X","0.00","0.89","25","0.91","10","1,375.00",
="083775","雄獅元大4C購02","684,000","9","233,700","0.36","0.36","0.34","0.34","-","0.03","0.34","499","0.35","10","158.50",
="083776","奇鋐元大51購09","10,000","1","64,500","6.45","6.45","6.45","6.45","+","0.75","5.50","10","5.60","10","1,015.00",
="083777","奇鋐元大54購06","399,000","8","629,040","1.65","1.65","1.57","1.58","+","0.05","1.43","499","1.47","10","1,015.00",
="083778","亞光元大4C購05","89,000","7","121,140","1.40","1.40","1.26","1.26","-","0.21","1.26","499","1.29","10","161.50",
="083779","緯創元大4C購08","0","0","0","--","--","--","--"," ","0.00","0.56","499","0.57","10","122.50",
="08377P","英業達國票4B售01","0","0","0","--","--","--","--"," ","0.00","0.07","25","0.08","10","0.00",
="083780","緯創元大51購03","303,000","16","151,650","0.47","0.53","0.45","0.45","X","0.00","0.45","499","0.46","10","122.50",
="083781","群創元大4C購04","0","0","0","--","--","--","--"," ","0.00","0.92","10","0.95","10","14.15",
="083782","牧德元大4C購02","189,000","7","135,690","0.78","0.78","0.70","0.73","-","0.10","0.70","25","0.71","10","544.00",
="083783","貿聯元大51購04","0","0","0","--","--","--","--"," ","0.00","7.70","100","8.20","10","1,085.00",
="083784","神達元大4C購09","31,000","4","231,550","7.80","7.80","7.35","7.45","+","0.55","7.55","100","7.65","10","90.00",
="083785","日月光元大4C購02","115,000","4","129,490","1.11","1.13","1.07","1.07"," ","0.00","1.07","499","1.10","10","174.50",
="083786","jpp元大4C購02","0","0","0","--","--","--","--"," ","0.00","3.21","250","3.27","10","286.50",
="083787","迎廣元大4C購01","0","0","0","--","--","--","--"," ","0.00","0.22","499","0.23","10","85.80",
="083788","聯茂元大4C購05","2,000","1","10,300","5.15","5.15","5.15","5.15","-","0.05","5.00","150","5.10","10","111.50",
="083789","迅得元大4C購02","0","0","0","--","--","--","--"," ","0.00","0.44","499","0.45","10","176.00",
="08378P","漢唐國票4B售03","0","0","0","--","--","--","--"," ","0.00","--","0","0.31","75","0.00",
="083790","穎崴元大54購02","2,000","2","5,760","2.87","2.89","2.87","2.89","-","0.08","2.94","250","3.04","10","2,015.00",
="083791","緯穎元大51購09","5,000","1","5,750","1.15","1.15","1.15","1.15","-","0.04","1.15","499","1.16","10","3,140.00",
="083792","復盛元大4C購01","0","0","0","--","--","--","--"," ","0.00","0.68","25","0.69","10","265.00",
="083793","ITH元大4C購06","0","0","0","--","--","--","--"," ","0.00","0.11","499","0.12","10","43.90",
="083794","世紀鋼元大4C購03","0","0","0","--","--","--","--"," ","0.00","0.12","499","0.13","10","171.50",
="083795","元大金中信4C購01","117,000","2","86,970","0.73","0.75","0.73","0.75","X","0.00","0.73","10","0.75","10","0.00",
="083796","富世達中信4C購02","10,000","1","10,300","1.03","1.03","1.03","1.03","X","0.00","1.04","10","1.09","10","0.00",
="083797","台達電永豐4C購01","0","0","0","--","--","--","--"," ","0.00","15.50","10","--","0","893.00",
="083798","華邦電永豐4C購02","0","0","0","--","--","--","--"," ","0.00","11.60","10","--","0","36.45",
="083799","漢唐永豐51購03","0","0","0","--","--","--","--"," ","0.00","5.25","1","--","0","987.00",
="08379P","長榮國票4B售05","0","0","0","--","--","--","--"," ","0.00","0.56","25","0.57","10","0.00",
="083800","全新永豐4C購02","0","0","0","--","--","--","--"," ","0.00","2.34","499","2.38","10","160.00",
="083801","萬海永豐4C購04","0","0","0","--","--","--","--"," ","0.00","0.11","10","0.12","10","77.90",
="083802","國泰金永豐51購01","21,000","1","25,830","1.23","1.23","1.23","1.23","-","0.01","1.24","10","1.27","10","66.20",
="083803","健策永豐52購03","0","0","0","--","--","--","--"," ","0.00","3.94","10","4.00","10","2,355.00",
="083804","訊芯永豐51購03","174,000","4","285,060","1.68","1.68","1.59","1.59","+","0.06","1.49","10","1.53","10","164.50",
="083805","富世達永豐52購02","62,000","3","107,610","1.62","1.78","1.62","1.78","X","0.00","1.69","499","1.79","10","1,010.00",
="083806","昇陽半永豐4C購01","5,000","1","7,050","1.41","1.41","1.41","1.41","X","0.00","1.32","499","1.34","10","179.50",
="083807","世紀鋼永豐56購01","0","0","0","--","--","--","--"," ","0.00","0.56","10","0.57","10","171.50",
="083808","華新統一56購01","115,000","4","94,620","0.83","0.83","0.79","0.79","-","0.01","0.78","10","0.79","10","24.05",
="083809","台玻統一56購02","0","0","0","--","--","--","--"," ","0.00","1.56","10","1.57","10","25.95",
="08380P","牧德國票4B售01","0","0","0","--","--","--","--"," ","0.00","0.01","25","0.05","10","0.00",
="083810","第一銅統一56購01","68,000","2","51,000","0.75","0.75","0.75","0.75","-","0.02","0.75","15","0.76","10","33.95",
="083811","聯電統一56購01","120,000","8","63,920","0.52","0.54","0.51","0.53","+","0.04","0.51","10","0.52","10","43.90",
="083812","智邦統一54購02","429,000","11","450,430","1.03","1.07","1.03","1.05","+","0.06","1.02","10","1.04","10","1,005.00",
="083813","佳能統一54購01","0","0","0","--","--","--","--"," ","0.00","4.00","10","4.10","10","88.80",
="083814","台光電統一56購04","0","0","0","--","--","--","--"," ","0.00","1.54","10","1.57","10","1,345.00",
="083815","台光電統一56購05","0","0","0","--","--","--","--"," ","0.00","2.33","10","2.36","10","1,345.00",
="083816","台光電統一56購06","309,000","17","530,040","1.68","1.79","1.68","1.79","+","0.19","1.73","10","1.74","10","1,345.00",
="083817","漢唐統一55購03","0","0","0","--","--","--","--"," ","0.00","2.13","10","2.17","10","987.00",
="083818","漢唐統一56購01","0","0","0","--","--","--","--"," ","0.00","2.97","10","3.02","10","987.00",
="083819","志聖統一54購03","206,000","4","302,560","1.45","1.56","1.45","1.56","+","0.15","1.40","10","1.42","10","197.00",
="08381P","精銳國票4B售02","0","0","0","--","--","--","--"," ","0.00","0.02","25","0.05","10","0.00",
="083820","志聖統一55購03","803,000","35","832,590","1.01","1.11","0.99","1.00","+","0.03","0.97","10","0.98","10","197.00",
="083821","景碩統一54購01","212,000","9","380,420","1.82","1.84","1.72","1.72","+","0.06","1.61","10","1.65","10","111.50",
="083822","緯創統一56購02","498,000","22","295,670","0.59","0.64","0.58","0.58","+","0.02","0.57","10","0.58","10","122.50",
="083823","新日興統一56購02","552,000","19","901,420","1.64","1.65","1.62","1.63","-","0.04","1.57","10","1.59","10","237.00",
="083824","碩天統一56購01","0","0","0","--","--","--","--"," ","0.00","0.36","10","0.37","10","217.00",
="083825","碩天統一56購02","0","0","0","--","--","--","--"," ","0.00","0.37","10","0.38","10","217.00",
="083826","碩天統一56購03","0","0","0","--","--","--","--"," ","0.00","0.51","10","0.52","10","217.00",
="083827","碩天統一56購04","0","0","0","--","--","--","--"," ","0.00","0.40","10","0.41","10","217.00",
="083828","世芯統一56購03","0","0","0","--","--","--","--"," ","0.00","1.17","100","1.18","100","3,700.00",
="083829","貿聯統一56購01","0","0","0","--","--","--","--"," ","0.00","2.02","10","2.06","10","1,085.00",
="08382P","富世達國票4B售01","0","0","0","--","--","--","--"," ","0.00","--","0","--","0","0.00",
="083830","中磊統一56購01","51,000","1","28,050","0.55","0.55","0.55","0.55","+","0.04","0.53","10","0.54","10","105.50",
="083831","訊芯統一56購02","78,000","4","62,670","0.81","0.82","0.80","0.82","+","0.04","0.77","10","0.78","10","164.50",
="083832","采鈺統一56購01","117,000","13","171,410","1.52","1.52","1.42","1.42","-","0.08","1.44","10","1.45","10","305.50",
="083833","富世達統一59購01","236,000","4","187,380","0.79","0.81","0.79","0.81","X","0.00","0.79","10","0.80","10","1,010.00",
="083834","振樺電統一56購02","0","0","0","--","--","--","--"," ","0.00","0.22","10","0.23","10","229.50",
="083835","勤誠統一55購02","0","0","0","--","--","--","--"," ","0.00","1.91","10","1.95","10","600.00",
="083836","勤誠統一56購01","43,000","5","88,700","2.04","2.10","2.04","2.04","X","0.00","2.02","10","2.03","10","600.00",
="083837","美利達統一56購01","222,000","5","145,970","0.66","0.67","0.64","0.64","-","0.03","0.63","10","0.65","10","108.00",
="083838","華邦電群益4C購02","0","0","0","--","--","--","--"," ","0.00","--","0","--","0","36.45",
="083839","海悅群益51購01","100,000","2","26,000","0.26","0.26","0.26","0.26","-","0.04","0.26","10","0.36","10","89.00",
="08383P","台積電國泰51售02","211,000","2","4,220","0.02","0.02","0.02","0.02","-","0.01","0.01","509","0.02","10","0.00",
="083840","金像電群益4C購05","0","0","0","--","--","--","--"," ","0.00","--","0","4.27","10","455.00",
="083841","技嘉群益51購01","12,000","6","10,920","0.91","0.91","0.91","0.91","+","0.03","0.89","10","0.99","10","283.00",
="083842","聯發科群益51購06","0","0","0","--","--","--","--"," ","0.00","0.09","10","--","0","1,375.00",
="083843","亞光群益4C購06","0","0","0","--","--","--","--"," ","0.00","--","0","1.61","10","161.50",
="083844","京鼎群益4C購01","40,000","2","23,800","0.60","0.60","0.58","0.58","+","0.04","0.56","10","0.66","10","306.00",
="083845","嘉澤群益4C購05","184,000","4","163,390","0.91","0.91","0.88","0.88","-","0.15","0.26","192","--","0","1,605.00",
="083846","辛耘群益51購01","21,000","3","64,020","3.04","3.05","3.04","3.05","+","0.71","0.83","12","--","0","388.00",
="083847","海華群益51購01","0","0","0","--","--","--","--"," ","0.00","2.88","10","2.98","10","83.80",
="083848","神達群益4C購02","0","0","0","--","--","--","--"," ","0.00","--","0","6.00","10","90.00",
="083849","精銳群益51購03","0","0","0","--","--","--","--"," ","0.00","0.20","10","0.30","10","695.00",
="08384P","T50反1台新4A售04","0","0","0","--","--","--","--"," ","0.00","3.17","10","3.19","10","0.00",
="083850","瀚宇博群益51購01","17,000","3","94,500","7.15","7.15","5.45","5.45","-","0.60","3.82","2","--","0","104.00",
="083851","富世達群益52購02","10,000","2","25,400","2.54","2.54","2.54","2.54","X","0.00","0.67","10","--","0","1,010.00",
="083853","昇陽半群益4C購02","776,000","30","1,802,130","2.11","2.43","1.96","1.99","-","0.21","2.06","1","2.10","10","179.50",
="083854","勤誠群益52購01","0","0","0","--","--","--","--"," ","0.00","--","0","6.40","10","600.00",
="083855","臺股指群益54購13","28,000","3","107,500","3.80","3.90","3.80","3.90","+","0.26","3.88","499","3.89","10","0.00",
="083856","聯發科第一56購03","0","0","0","--","--","--","--"," ","0.00","0.48","10","0.49","10","0.00",
="083857","T50反1凱基55購01","45,000","3","11,700","0.27","0.27","0.25","0.25","-","0.04","0.25","100","0.26","10","18.29",
="083858","道瓊銀凱基59購01","109,000","7","93,690","0.87","0.87","0.85","0.87","+","0.03","0.87","10","0.88","50","36.75",
="083859","光寶科凱基4C購02","30,000","4","212,000","6.75","7.30","6.75","7.30","-","0.50","7.10","50","7.60","10","183.00",
="08385P","國企2X凱基4B售03","0","0","0","--","--","--","--"," ","0.00","0.09","10","0.10","50","0.00",
="083860","金寶凱基4C購01","0","0","0","--","--","--","--"," ","0.00","0.28","10","0.29","10","19.60",
="083863","智邦凱基4C購05","0","0","0","--","--","--","--"," ","0.00","2.16","10","2.24","10","1,005.00",
="083864","鴻準凱基51購02","0","0","0","--","--","--","--"," ","0.00","1.97","100","1.98","10","70.70",
="083865","金像電凱基54購01","0","0","0","--","--","--","--"," ","0.00","6.55","100","6.65","10","455.00",
="083866","微星凱基4C購02","0","0","0","--","--","--","--"," ","0.00","0.14","100","0.15","10","119.50",
="083869","大立光凱基4C購05","0","0","0","--","--","--","--"," ","0.00","0.16","10","0.17","30","2,360.00",
="08386P","中鋼凱基4B售03","0","0","0","--","--","--","--"," ","0.00","0.24","100","0.25","10","0.00",
="083870","奇鋐凱基54購02","15,000","3","30,900","2.11","2.11","1.86","1.86"," ","0.00","1.85","100","1.88","10","1,015.00",
="083871","嘉澤凱基4C購05","13,000","1","20,280","1.56","1.56","1.56","1.56","-","0.20","1.59","10","1.61","10","1,605.00",
="083872","牧德凱基4C購01","2,000","1","1,440","0.72","0.72","0.72","0.72","X","0.00","0.68","100","0.69","10","544.00",
="083873","貿聯凱基53購01","5,000","2","20,750","4.21","4.21","4.06","4.06","X","0.00","3.96","100","4.06","8","1,085.00",
="083874","精銳凱基4C購02","0","0","0","--","--","--","--"," ","0.00","0.28","100","0.29","10","695.00",
="083875","聯茂凱基4C購03","1,000","1","2,770","2.77","2.77","2.77","2.77","-","0.22","2.72","100","2.80","10","111.50",
="083876","迅得凱基4C購03","20,000","1","6,800","0.34","0.34","0.34","0.34","+","0.02","0.29","100","0.30","10","176.00",
="083878","鈺邦凱基4C購01","0","0","0","--","--","--","--"," ","0.00","5.80","100","6.30","10","198.50",
="083879","聯發科統一4B購01","0","0","0","--","--","--","--"," ","0.00","0.05","10","0.14","10","1,375.00",
="08387P","鴻海凱基4A售15","0","0","0","--","--","--","--"," ","0.00","--","0","0.10","10","0.00",
="083880","訊芯凱基4C購01","253,000","7","234,430","0.89","0.95","0.89","0.90","+","0.05","0.80","100","0.90","10","164.50",
="083881","穎崴凱基54購01","72,000","5","284,320","4.06","4.16","3.88","4.04","+","0.75","3.95","100","4.01","10","2,015.00",
="083882","泓德凱基4C購03","0","0","0","--","--","--","--"," ","0.00","0.01","100","0.11","10","125.50",
="083883","鈺齊凱基4C購01","0","0","0","--","--","--","--"," ","0.00","0.70","519","0.72","30","101.50",
="083884","T50正2元富56購01","110,000","11","596,250","5.20","5.55","5.20","5.55","+","0.40","5.50","25","5.55","25","302.45",
="083885","日本2X元富4C購01","0","0","0","--","--","--","--"," ","0.00","2.18","25","2.21","25","66.80",
="083886","群臺2X元富4C購01","0","0","0","--","--","--","--"," ","0.00","7.95","25","8.10","25","108.15",
="083887","永續息元富4C購01","5,000","1","5,250","1.05","1.05","1.05","1.05","X","0.00","1.04","25","1.05","25","21.43",
="083888","華通元富54購01","24,000","2","123,400","5.35","5.35","5.10","5.10","-","0.20","4.88","25","4.90","25","77.00",
="083889","技嘉元富51購04","1,000","1","1,950","1.95","1.95","1.95","1.95"," ","0.00","1.92","25","1.93","25","283.00",
="08388P","英業達凱基4A售01","0","0","0","--","--","--","--"," ","0.00","0.08","100","0.10","10","0.00",
="083890","技嘉元富51購05","0","0","0","--","--","--","--"," ","0.00","0.81","25","0.82","25","283.00",
="083891","漢唐元富4C購02","0","0","0","--","--","--","--"," ","0.00","--","0","--","0","987.00",
="083892","元大金元富4C購01","17,000","1","58,480","3.44","3.44","3.44","3.44","+","0.07","3.33","25","3.38","25","35.10",
="083893","欣興元富4C購04","4,000","2","79,000","19.40","20.10","19.40","20.10","+","1.70","18.30","25","18.80","25","159.00",
="083894","緯創元富4C購03","0","0","0","--","--","--","--"," ","0.00","0.70","25","0.72","25","122.50",
="083895","新日興元富51購01","28,000","2","75,600","2.70","2.70","2.70","2.70","+","0.21","1.30","31","--","0","237.00",
="083896","玉晶光元富4C購02","41,000","2","62,180","1.54","1.54","1.50","1.50","-","0.19","1.46","25","1.56","10","443.50",
="083897","貿聯元富4C購02","0","0","0","--","--","--","--"," ","0.00","24.00","25","25.00","10","1,085.00",
="083898","上品元富4C購01","12,000","2","29,900","2.45","2.50","2.45","2.50","X","0.00","2.42","25","2.48","25","308.00",
="083899","jpp元富4C購02","0","0","0","--","--","--","--"," ","0.00","6.30","25","6.45","25","286.50",
="08389P","聯發科凱基4A售10","0","0","0","--","--","--","--"," ","0.00","0.01","100","0.11","10","0.00",
="083901","jpp元富56購01","87,000","12","591,750","6.80","6.95","6.50","6.55","-","0.10","6.55","25","6.65","26","286.50",
="083902","聯茂元富4C購01","35,000","5","46,490","1.40","1.40","1.27","1.27","-","0.09","1.27","25","1.29","25","111.50",
="083903","鈺邦元富53購01","0","0","0","--","--","--","--"," ","0.00","7.00","25","7.50","25","198.50",
="083905","鈺邦元富54購01","0","0","0","--","--","--","--"," ","0.00","3.98","25","4.08","25","198.50",
="083906","訊芯元富4C購01","0","0","0","--","--","--","--"," ","0.00","1.66","25","1.69","10","164.50",
="083907","緯穎元富4C購03","11,000","4","99,350","9.20","9.20","8.80","8.95","-","0.15","8.85","25","8.90","25","3,140.00",
="083908","富世達元富4C購03","3,000","2","39,600","13.20","13.20","13.20","13.20","X","0.00","13.70","25","14.70","10","1,010.00",
="083909","世紀鋼元富4C購03","0","0","0","--","--","--","--"," ","0.00","0.29","25","0.30","25","171.50",
="08390P","萬海凱基4B售01","0","0","0","--","--","--","--"," ","0.00","0.10","10","0.11","50","0.00",
="083910","台達電兆豐51購01","0","0","0","--","--","--","--"," ","0.00","11.20","10","--","0","893.00",
="083911","大立光兆豐4C購01","0","0","0","--","--","--","--"," ","0.00","0.44","10","0.46","10","2,360.00",
="083912","玉晶光兆豐4C購01","85,000","2","125,800","1.48","1.48","1.48","1.48","-","0.07","1.43","10","1.47","10","443.50",
="083913","創意兆豐4C購01","31,000","1","31,310","1.01","1.01","1.01","1.01"," ","0.00","1.08","10","1.10","10","1,315.00",
="083917","穎崴兆豐53購01","0","0","0","--","--","--","--"," ","0.00","3.54","10","--","0","2,015.00",
="083918","富世達兆豐53購01","0","0","0","--","--","--","--"," ","0.00","1.96","10","2.05","10","1,010.00",
="083919","T50反1國票52購02","0","0","0","--","--","--","--"," ","0.00","0.41","25","0.42","10","18.29",
="08391P","奇鋐凱基53售02","0","0","0","--","--","--","--"," ","0.00","0.01","749","0.03","30","0.00",
="083920","S&P反1國票52購01","0","0","0","--","--","--","--"," ","0.00","0.14","25","0.15","10","4.41",
="083921","臺指反國票52購02","250,000","1","17,500","0.07","0.07","0.07","0.07","X","0.00","0.06","25","0.09","10","2.96",
="083922","美債2X國票56購01","479,000","5","445,470","0.93","0.93","0.93","0.93","X","0.00","0.93","20","--","0","7.33",
="083923","FB越南國票51購01","11,000","1","31,790","2.89","2.89","2.89","2.89","-","0.23","2.89","25","2.92","10","15.73",
="083924","智邦國票51購03","0","0","0","--","--","--","--"," ","0.00","3.77","25","3.87","10","1,005.00",
="083925","鴻準國票51購01","0","0","0","--","--","--","--"," ","0.00","2.11","25","2.12","10","70.70",
="083926","致茂國票51購01","9,000","2","106,300","12.70","12.70","11.70","11.70","X","0.00","11.60","25","11.90","10","614.00",
="083927","聯發科國票51購02","0","0","0","--","--","--","--"," ","0.00","0.81","25","0.82","10","1,375.00",
="083928","星宇國票51購01","0","0","0","--","--","--","--"," ","0.00","0.52","25","0.53","10","24.90",
="083929","凱基金國票53購01","0","0","0","--","--","--","--"," ","0.00","0.24","25","0.25","10","15.00",
="08392P","緯創凱基4B售01","0","0","0","--","--","--","--"," ","0.00","0.06","100","0.08","40","0.00",
="083930","玉山金國票51購01","0","0","0","--","--","--","--"," ","0.00","0.96","25","0.98","10","33.15",
="083931","晟銘電國票52購01","17,000","4","11,960","0.73","0.73","0.70","0.70","-","0.05","0.68","25","0.69","10","121.00",
="083932","奇鋐國票51購04","0","0","0","--","--","--","--"," ","0.00","6.00","25","6.10","10","1,015.00",
="083933","建漢國票51購01","0","0","0","--","--","--","--"," ","0.00","0.35","25","0.36","10","24.10",
="083934","景碩國票51購02","1,000","1","3,420","3.42","3.42","3.42","3.42","-","0.06","3.08","25","3.15","10","111.50",
="083935","健策國票53購01","12,000","1","56,160","4.68","4.68","4.68","4.68","-","0.22","4.94","25","5.15","10","2,355.00",
="083936","海華國票4C購01","0","0","0","--","--","--","--"," ","0.00","3.79","25","3.80","10","83.80",
="083937","致伸國票51購01","0","0","0","--","--","--","--"," ","0.00","0.52","25","0.53","10","78.60",
="083938","達興國票4C購01","0","0","0","--","--","--","--"," ","0.00","6.30","25","6.45","10","399.00",
="083939","jpp國票51購03","29,000","7","124,660","4.34","4.37","4.02","4.30","+","0.14","4.11","25","4.13","10","286.50",
="08393P","緯穎凱基4A售11","0","0","0","--","--","--","--"," ","0.00","--","0","0.02","10","0.00",
="083940","jpp國票51購04","95,000","10","331,730","3.41","3.60","3.29","3.41","-","0.06","3.35","25","3.39","10","286.50",
="083941","飛捷國票52購01","0","0","0","--","--","--","--"," ","0.00","0.21","25","0.22","10","106.50",
="083942","富世達國票51購03","1,000","1","5,200","5.20","5.20","5.20","5.20","X","0.00","5.50","25","5.60","10","1,010.00",
="083943","連加國票51購01","46,000","1","26,680","0.58","0.58","0.58","0.58","X","0.00","0.56","25","0.57","10","606.00",
="083944","致新國票51購01","2,000","2","1,880","0.94","0.94","0.94","0.94","+","0.06","0.94","25","0.95","10","236.00",
="083945","晟銘電國泰51購01","0","0","0","--","--","--","--"," ","0.00","1.32","499","1.35","100","121.00",
="083946","昇陽半國泰51購02","0","0","0","--","--","--","--"," ","0.00","2.76","499","2.82","10","179.50",
="083947","滬深2X富邦53購01","0","0","0","--","--","--","--"," ","0.00","3.29","100","3.33","10","0.00",
="083948","士電富邦4C購01","60,000","1","30,600","0.51","0.51","0.51","0.51","X","0.00","0.50","30","0.51","10","0.00",
="083949","金像電富邦51購02","0","0","0","--","--","--","--"," ","0.00","2.83","10","2.87","10","0.00",
="08394P","臺股指凱基51售07","0","0","0","--","--","--","--"," ","0.00","0.08","100","0.09","10","0.00",
="083950","萬海富邦52購01","0","0","0","--","--","--","--"," ","0.00","0.12","10","0.13","10","0.00",
="083951","碩天富邦4C購01","0","0","0","--","--","--","--"," ","0.00","0.20","30","0.21","10","0.00",
="083952","健策富邦52購01","20,000","4","69,140","3.38","4.47","3.32","4.47","+","1.12","3.52","10","3.57","10","0.00",
="083953","貿聯富邦52購02","0","0","0","--","--","--","--"," ","0.00","3.46","10","3.53","10","0.00",
="083954","精銳富邦4C購02","0","0","0","--","--","--","--"," ","0.00","0.17","10","0.18","10","0.00",
="083955","聯茂富邦52購01","0","0","0","--","--","--","--"," ","0.00","1.61","10","1.71","10","0.00",
="083956","昇陽半富邦52購01","208,000","10","348,330","1.62","1.70","1.57","1.70","+","0.11","1.53","10","1.55","10","0.00",
="083957","士電元大4C購05","30,000","1","12,300","0.41","0.41","0.41","0.41","X","0.00","0.41","499","0.42","10","183.00",
="083958","中砂元大51購01","37,000","4","58,250","1.44","1.62","1.44","1.62","+","0.19","1.49","499","1.52","10","339.00",
="083959","中砂元大55購01","11,000","10","17,010","1.52","1.63","1.52","1.63","+","0.15","1.54","499","1.57","10","339.00",
="08395P","臺股指凱基53售04","0","0","0","--","--","--","--"," ","0.00","0.19","100","0.20","10","0.00",
="083960","中砂元大56購01","217,000","9","409,000","1.88","1.98","1.85","1.97","+","0.18","1.87","400","1.91","10","339.00",
="083961","美時元大4C購02","100,000","1","24,000","0.24","0.24","0.24","0.24","X","0.00","0.23","499","0.24","10","192.00",
="083962","大成鋼元大4C購06","0","0","0","--","--","--","--"," ","0.00","1.30","499","1.32","10","37.90",
="083963","鴻準元大4C購05","67,000","1","103,850","1.55","1.55","1.55","1.55","+","0.04","1.48","499","1.49","10","70.70",
="083964","金像電元大54購02","0","0","0","--","--","--","--"," ","0.00","2.31","350","2.82","60","455.00",
="083965","佳能元大4C購02","0","0","0","--","--","--","--"," ","0.00","6.50","100","--","0","88.80",
="083966","佳能元大4C購03","0","0","0","--","--","--","--"," ","0.00","6.10","150","--","0","88.80",
="083967","技嘉元大4C購05","99,000","9","63,130","0.63","0.64","0.63","0.64"," ","0.00","0.62","499","0.63","10","283.00",
="083968","台光電元大4C購17","0","0","0","--","--","--","--"," ","0.00","2.96","300","--","0","1,345.00",
="083969","全新元大4C購03","0","0","0","--","--","--","--"," ","0.00","1.72","350","1.76","10","160.00",
="08396P","臺股指凱基53售05","0","0","0","--","--","--","--"," ","0.00","0.23","100","0.24","10","0.00",
="083970","奇鋐元大4C購12","0","0","0","--","--","--","--"," ","0.00","2.57","300","2.64","10","1,015.00",
="083971","奇鋐元大4C購13","0","0","0","--","--","--","--"," ","0.00","1.95","400","2.00","10","1,015.00",
="083972","奇鋐元大51購10","147,000","7","306,470","2.15","2.15","1.98","1.98","-","0.01","1.78","400","1.84","10","1,015.00",
="083973","亞光元大51購01","257,000","4","216,380","0.89","0.90","0.82","0.82","-","0.05","0.82","499","0.83","10","161.50",
="083974","嘉澤元大51購06","0","0","0","--","--","--","--"," ","0.00","9.60","50","9.75","10","1,605.00",
="083975","智易元大4C購02","0","0","0","--","--","--","--"," ","0.00","1.13","499","1.17","10","223.00",
="083976","貿聯元大4C購06","1,000","1","3,470","3.47","3.47","3.47","3.47","-","0.29","3.41","200","--","0","1,085.00",
="083977","神達元大51購06","0","0","0","--","--","--","--"," ","0.00","3.80","200","--","0","90.00",
="083978","精銳元大4C購04","0","0","0","--","--","--","--"," ","0.00","0.25","499","0.26","10","695.00",
="083979","jpp元大4C購03","408,000","24","920,770","2.40","2.42","2.15","2.36","+","0.01","2.26","16","2.28","10","286.50",
="08397P","元金2X元大4B售02","0","0","0","--","--","--","--"," ","0.00","0.03","250","0.13","10","0.00",
="083980","jpp元大4C購04","0","0","0","--","--","--","--"," ","0.00","2.83","25","--","0","286.50",
="083981","jpp元大4C購05","0","0","0","--","--","--","--"," ","0.00","2.36","25","2.40","10","286.50",
="083982","聯茂元大4C購06","184,000","5","188,910","1.04","1.04","0.90","0.90","-","0.06","0.87","25","0.90","2","111.50",
="083983","穎崴元大51購02","146,000","14","480,060","3.39","3.49","3.18","3.26","+","0.01","3.25","2","3.29","10","2,015.00",
="083984","緯穎元大4C購19","28,000","4","77,020","2.74","2.78","2.59","2.78","+","0.09","2.64","300","2.66","10","3,140.00",
="083985","ITH元大4C購07","0","0","0","--","--","--","--"," ","0.00","0.17","499","0.18","10","43.90",
="083986","昇陽半元大4C購04","576,000","14","581,620","1.03","1.10","0.96","0.96","-","0.06","0.90","499","0.92","10","179.50",
="083987","世紀鋼元大51購02","0","0","0","--","--","--","--"," ","0.00","0.12","499","0.13","10","171.50",
="083988","臺股指元大51購07","151,000","4","730,320","4.67","4.94","4.67","4.94","+","0.72","4.88","499","4.89","10","0.00",
="083989","臺股指元大51購08","0","0","0","--","--","--","--"," ","0.00","5.55","100","5.90","10","0.00",
="08398P","鴻海元大4A售33","0","0","0","--","--","--","--"," ","0.00","--","0","0.10","10","0.00",
="083990","臺股指元大55購02","0","0","0","--","--","--","--"," ","0.00","4.33","499","4.34","10","0.00",
="083991","臺指2X中信53購01","34,000","3","164,760","4.71","4.92","4.71","4.92","+","0.41","4.90","499","4.91","10","0.00",
="083992","華友聯中信4C購01","0","0","0","--","--","--","--"," ","0.00","0.14","10","0.15","10","0.00",
="083993","全新中信4C購01","40,000","4","43,500","1.11","1.11","1.08","1.08","-","0.07","0.96","10","0.97","10","0.00",
="083994","凱基金中信4C購01","0","0","0","--","--","--","--"," ","0.00","0.19","499","0.20","10","0.00",
="083995","健策中信4C購01","15,000","2","39,700","2.64","2.65","2.64","2.65","+","0.02","2.70","499","2.75","10","0.00",
="083996","神達中信4C購01","277,000","30","609,220","2.18","2.35","2.08","2.35","+","0.28","2.19","10","2.20","10","0.00",
="083997","世紀鋼中信4C購01","0","0","0","--","--","--","--"," ","0.00","0.17","10","0.18","10","0.00",
="083998","亞力永豐52購01","0","0","0","--","--","--","--"," ","0.00","0.47","499","0.49","10","102.50",
="083999","鴻準永豐52購01","14,000","1","31,360","2.24","2.24","2.24","2.24","-","0.02","2.19","10","2.23","10","70.70",
="08399P","鴻海元大4A售34","0","0","0","--","--","--","--"," ","0.00","--","0","0.08","15","0.00",
="084000","台光電永豐4C購02","0","0","0","--","--","--","--"," ","0.00","3.04","499","3.14","10","1,345.00",
="084001","毅嘉永豐4C購01","0","0","0","--","--","--","--"," ","0.00","5.15","499","5.65","10","53.50",
="084002","建準永豐51購01","4,000","1","5,400","1.35","1.35","1.35","1.35","+","0.11","1.14","499","1.16","10","129.00",
="084003","亞光永豐52購03","28,000","1","27,440","0.98","0.98","0.98","0.98","-","0.08","0.97","499","0.98","10","161.50",
="084004","嘉澤永豐52購01","45,000","5","58,100","1.28","1.30","1.28","1.30","X","0.00","1.30","499","1.31","10","1,605.00",
="084005","牧德永豐4C購03","0","0","0","--","--","--","--"," ","0.00","0.37","499","0.38","10","544.00",
="084006","貿聯永豐4C購02","0","0","0","--","--","--","--"," ","0.00","8.75","499","9.00","10","1,085.00",
="084007","世紀鋼永豐52購04","0","0","0","--","--","--","--"," ","0.00","0.50","499","0.51","10","171.50",
="084008","聯發科台新4C購02","20,000","2","158,500","8.10","8.10","7.75","7.75","X","0.00","7.45","10","7.65","10","0.00",
="084009","奇鋐台新4C購02","0","0","0","--","--","--","--"," ","0.00","3.67","10","3.68","10","0.00",
="08400P","台積電元大4A售57","0","0","0","--","--","--","--"," ","0.00","--","0","0.02","9","0.00",
="084010","富世達台新4C購01","0","0","0","--","--","--","--"," ","0.00","3.04","20","3.05","10","0.00",
="084011","華新統一56購02","228,000","5","154,600","0.71","0.72","0.66","0.66","-","0.05","0.66","10","0.67","10","24.05",
="084012","美時統一66購01","0","0","0","--","--","--","--"," ","0.00","0.50","10","0.51","10","192.00",
="084013","第一銅統一56購02","100,000","1","56,000","0.56","0.56","0.56","0.56"," ","0.00","0.56","10","0.57","10","33.95",
="084014","台積電統一56購06","35,000","2","40,240","1.14","1.15","1.14","1.15","X","0.00","1.16","10","1.17","10","1,340.00",
="084015","漢唐統一56購02","0","0","0","--","--","--","--"," ","0.00","2.11","10","2.12","10","987.00",
="084016","聯發科統一56購05","1,000","1","560","0.56","0.56","0.56","0.56","-","0.04","0.55","10","0.56","9","1,375.00",
="084017","全新統一54購03","107,000","6","144,080","1.38","1.38","1.28","1.28","-","0.13","1.24","10","1.25","10","160.00",
="084018","萬海統一56購03","0","0","0","--","--","--","--"," ","0.00","0.18","10","0.19","10","77.90",
="084019","奇鋐統一56購01","30,000","3","34,800","1.16","1.16","1.16","1.16","X","0.00","1.11","10","1.12","10","1,015.00",
="08401P","台積電元大4A售58","0","0","0","--","--","--","--"," ","0.00","--","0","0.10","10","0.00",
="084021","奇鋐統一5C購01","371,000","18","298,940","0.83","0.83","0.76","0.76"," ","0.00","0.77","10","0.78","10","1,015.00",
="084022","亞光統一66購01","7,000","2","4,550","0.65","0.65","0.65","0.65","-","0.02","0.64","10","0.65","10","161.50",
="084023","融程電統一54購02","28,000","3","35,000","1.29","1.29","1.21","1.21","-","0.12","1.23","10","1.25","10","184.00",
="084024","健策統一56購01","162,000","10","281,830","1.69","1.80","1.64","1.79","+","0.17","1.71","10","1.73","10","2,355.00",
="084025","神達統一56購02","723,000","15","1,140,430","1.57","1.60","1.52","1.60","+","0.10","1.55","10","1.57","10","90.00",
="084026","世紀鋼統一56購01","0","0","0","--","--","--","--"," ","0.00","0.21","10","0.22","10","171.50",
="084027","光寶科群益4C購02","0","0","0","--","--","--","--"," ","0.00","5.95","25","--","0","183.00",
="084028","金寶群益4C購02","110,000","2","57,500","0.55","0.55","0.52","0.52","X","0.00","0.51","25","0.53","10","19.60",
="084029","華邦電群益51購02","2,000","1","9,840","4.92","4.92","4.92","4.92","+","0.58","2.47","4","5.85","10","36.45",
="08402P","鴻海富邦4A售10","0","0","0","--","--","--","--"," ","0.00","--","0","0.03","10","0.00",
="084030","智邦群益4C購03","66,000","2","133,320","2.02","2.02","2.02","2.02","+","0.22","1.92","100","1.99","100","1,005.00",
="084031","順德群益51購01","0","0","0","--","--","--","--"," ","0.00","1.02","25","1.03","10","81.90",
="084032","鴻準群益4C購05","0","0","0","--","--","--","--"," ","0.00","1.38","10","1.48","10","70.70",
="084033","佳能群益4C購02","0","0","0","--","--","--","--"," ","0.00","7.90","10","--","0","88.80",
="084034","微星群益52購01","0","0","0","--","--","--","--"," ","0.00","0.07","30","--","0","119.50",
="084035","晟銘電群益51購01","60,000","5","34,300","0.59","0.59","0.55","0.55","-","0.06","0.55","90","0.56","100","121.00",
="084036","奇鋐群益4C購03","0","0","0","--","--","--","--"," ","0.00","1.22","8","4.09","10","1,015.00",
="084037","亞光群益51購03","0","0","0","--","--","--","--"," ","0.00","0.71","100","0.73","100","161.50",
="084038","貿聯群益52購01","0","0","0","--","--","--","--"," ","0.00","2.68","15","4.09","10","1,085.00",
="084039","神達群益4C購03","3,000","1","9,600","3.20","3.20","3.20","3.20","+","0.38","3.05","10","3.15","10","90.00",
="08403P","鴻海富邦4C售03","0","0","0","--","--","--","--"," ","0.00","--","0","0.03","10","0.00",
="084040","精銳群益52購01","0","0","0","--","--","--","--"," ","0.00","0.32","10","0.42","10","695.00",
="084041","鈺邦群益52購01","0","0","0","--","--","--","--"," ","0.00","--","0","6.05","10","198.50",
="084042","臺股指群益59購01","0","0","0","--","--","--","--"," ","0.00","3.64","499","3.65","499","0.00",
="084043","臺股指群益59購02","0","0","0","--","--","--","--"," ","0.00","5.85","499","5.90","499","0.00",
="084044","臺股指群益59購03","0","0","0","--","--","--","--"," ","0.00","8.95","499","9.00","499","0.00",
="084045","A50正2元富4C購03","5,000","4","26,160","5.25","5.40","4.96","4.96","-","0.09","0.48","20","--","0","32.79",
="084046","SGBR2X元富4C購04","40,000","1","22,400","0.56","0.56","0.56","0.56","-","0.08","0.55","25","0.56","25","10.98",
="084047","亞德客元富4C購01","0","0","0","--","--","--","--"," ","0.00","0.07","25","0.10","10","765.00",
="084048","美時元富4C購03","31,000","2","14,880","0.48","0.48","0.48","0.48","+","0.02","0.49","25","0.50","25","192.00",
="084049","智邦元富51購02","0","0","0","--","--","--","--"," ","0.00","3.83","25","3.91","25","1,005.00",
="08404P","台積電富邦4A售10","0","0","0","--","--","--","--"," ","0.00","--","0","0.03","10","0.00",
="084050","漢唐元富56購01","0","0","0","--","--","--","--"," ","0.00","--","0","--","0","987.00",
="084051","全新元富4C購02","6,000","1","64,800","10.80","10.80","10.80","10.80","-","0.80","9.65","25","9.75","25","160.00",
="084052","鴻海凱基4B購01","3,000","1","11,580","3.86","3.86","3.86","3.86","X","0.00","3.92","220","4.02","10","221.00",
="084053","義隆元富4C購01","30,000","2","135,870","4.52","4.61","4.52","4.61","-","0.06","4.35","25","4.45","10","132.50",
="084054","亞光元富53購01","0","0","0","--","--","--","--"," ","0.00","1.93","25","1.95","25","161.50",
="084055","世芯元富56購05","23,000","2","97,940","4.27","4.27","4.18","4.18","-","0.34","3.95","25","3.97","25","3,700.00",
="084056","華城兆豐53購02","48,000","3","84,050","1.73","1.76","1.73","1.76","X","0.00","1.71","10","1.72","10","586.00",
="084057","萬海兆豐53購01","0","0","0","--","--","--","--"," ","0.00","0.14","10","0.15","10","77.90",
="084058","富邦金兆豐53購01","136,000","12","138,290","1.01","1.04","1.00","1.01","+","0.03","0.99","10","1.01","1","88.40",
="084059","國泰金兆豐4C購01","0","0","0","--","--","--","--"," ","0.00","0.66","10","0.68","10","66.20",
="08405P","台積電富邦4C售10","0","0","0","--","--","--","--"," ","0.00","0.07","30","0.08","10","0.00",
="084060","奇鋐兆豐51購03","11,000","1","30,250","2.75","2.75","2.75","2.75","+","0.16","2.34","10","2.38","10","1,015.00",
="084061","奇鋐兆豐53購01","0","0","0","--","--","--","--"," ","0.00","1.36","10","1.38","10","1,015.00",
="084062","國企2X國票52購01","21,000","4","31,590","1.54","1.54","1.48","1.48","-","0.11","1.46","25","1.47","10","11.65",
="084063","華城國票51購01","0","0","0","--","--","--","--"," ","0.00","3.16","25","3.17","10","586.00",
="084064","直得國票51購01","0","0","0","--","--","--","--"," ","0.00","0.55","25","0.57","10","81.30",
="084065","順德國票51購01","11,000","2","16,400","1.49","1.50","1.49","1.50","-","0.05","1.52","25","1.54","10","81.90",
="084066","晟銘電國票51購02","0","0","0","--","--","--","--"," ","0.00","0.61","25","0.62","10","121.00",
="084067","世芯國票4C購04","0","0","0","--","--","--","--"," ","0.00","4.27","25","4.32","10","3,700.00",
="084068","世芯國票4C購05","100,000","1","376,000","3.76","3.76","3.76","3.76","-","0.15","3.47","25","3.48","10","3,700.00",
="084069","神達國票4C購03","31,000","7","194,950","6.30","6.70","6.05","6.35","+","0.65","6.30","25","6.40","10","90.00",
="08406P","聯發科富邦4A售07","0","0","0","--","--","--","--"," ","0.00","0.13","30","0.14","10","0.00",
="084070","達興國票53購01","17,000","6","91,770","4.86","5.75","4.84","5.45","+","0.75","5.45","25","5.50","10","399.00",
="084071","鈺邦國票52購01","5,000","3","24,950","4.71","5.25","4.71","5.25","+","0.53","4.95","25","5.00","10","198.50",
="084072","鈺齊國票4C購01","11,000","1","6,380","0.58","0.58","0.58","0.58","-","0.04","0.54","25","0.55","10","101.50",
="084073","台積電國泰51購08","0","0","0","--","--","--","--"," ","0.00","1.15","25","--","0","1,340.00",
="084074","台積電國泰51購09","0","0","0","--","--","--","--"," ","0.00","0.72","10","--","0","1,340.00",
="084075","漢唐國泰51購02","0","0","0","--","--","--","--"," ","0.00","--","0","13.40","10","987.00",
="084076","奇鋐國泰51購03","0","0","0","--","--","--","--"," ","0.00","7.35","499","7.70","100","1,015.00",
="084077","欣興國泰51購03","43,000","3","185,060","4.34","4.34","4.21","4.21","+","0.07","4.17","499","4.22","100","159.00",
="084078","世芯國泰55購01","0","0","0","--","--","--","--"," ","0.00","1.73","10","1.83","10","3,700.00",
="08407P","聯發科富邦4C售03","0","0","0","--","--","--","--"," ","0.00","0.20","30","0.21","10","0.00",
="084081","飛捷國泰51購01","110,000","3","106,700","0.97","0.97","0.97","0.97","+","0.04","0.96","499","0.97","100","106.50",
="084082","愛普國泰51購01","0","0","0","--","--","--","--"," ","0.00","0.49","20","--","0","344.00",
="084083","富世達國泰51購04","0","0","0","--","--","--","--"," ","0.00","3.58","499","--","0","1,010.00",
="084084","華邦電富邦51購01","0","0","0","--","--","--","--"," ","0.00","5.95","10","6.15","10","0.00",
="084088","智邦富邦52購02","0","0","0","--","--","--","--"," ","0.00","1.66","10","1.76","10","0.00",
="084089","智邦富邦53購01","304,000","5","539,360","1.79","1.79","1.73","1.76","-","0.01","1.73","10","1.79","10","0.00",
="08408P","T50反1台新4C售01","0","0","0","--","--","--","--"," ","0.00","4.14","10","4.17","10","0.00",
="084090","鴻準富邦53購01","50,000","4","51,960","1.02","1.04","1.02","1.04","+","0.03","0.98","10","0.99","10","0.00",
="084091","毅嘉富邦4C購01","0","0","0","--","--","--","--"," ","0.00","1.93","10","1.99","10","0.00",
="084098","台積電統一53購02","1,000","1","5,700","5.70","5.70","5.70","5.70","+","0.45","5.65","10","5.70","10","1,340.00",
="08409P","聯發科台新4B售01","0","0","0","--","--","--","--"," ","0.00","0.42","10","0.43","10","0.00",
="084100","漢唐富邦52購02","0","0","0","--","--","--","--"," ","0.00","3.80","10","3.90","10","0.00",
="084101","長榮富邦52購04","0","0","0","--","--","--","--"," ","0.00","0.48","10","0.49","10","0.00",
="084102","華航富邦51購01","0","0","0","--","--","--","--"," ","0.00","0.47","10","0.48","10","0.00",
="084103","元大金富邦4C購01","351,000","9","352,080","0.97","1.02","0.97","1.00","-","0.03","1.01","30","1.02","10","0.00",
="084104","晟銘電富邦52購01","12,000","2","10,200","0.85","0.85","0.85","0.85","+","0.02","0.77","10","0.78","10","0.00",
="084105","奇鋐富邦53購01","0","0","0","--","--","--","--"," ","0.00","1.72","10","1.76","10","0.00",
="084106","亞光富邦52購01","424,000","18","472,390","1.16","1.16","1.09","1.10","-","0.07","1.09","10","1.10","10","0.00",
="084107","新日興富邦53購01","555,000","41","724,500","1.31","1.35","1.19","1.19","-","0.16","1.18","10","1.19","10","0.00",
="084108","世芯富邦51購01","0","0","0","--","--","--","--"," ","0.00","1.16","10","1.26","10","0.00",
="084109","祥碩富邦53購01","0","0","0","--","--","--","--"," ","0.00","0.20","10","0.21","10","0.00",
="08410P","廣宇元富4A售01","0","0","0","--","--","--","--"," ","0.00","--","0","0.10","10","0.00",
="084110","迅得富邦52購01","186,000","13","169,780","0.94","0.94","0.89","0.89","-","0.01","0.87","10","0.88","10","0.00",
="084113","穎崴富邦53購01","0","0","0","--","--","--","--"," ","0.00","2.13","10","2.23","10","0.00",
="084114","ITH富邦53購01","0","0","0","--","--","--","--"," ","0.00","0.23","10","0.24","10","0.00",
="084117","世紀鋼富邦51購01","0","0","0","--","--","--","--"," ","0.00","0.22","10","0.23","10","0.00",
="084118","國企2X元大51購01","51,000","8","78,870","1.61","1.61","1.53","1.53","-","0.14","1.55","250","1.56","100","11.65",
="084119","元日2X元大54購02","0","0","0","--","--","--","--"," ","0.00","0.17","499","0.18","100","5.87",
="08411P","台積電元富4A售33","0","0","0","--","--","--","--"," ","0.00","--","0","--","0","0.00",
="084121","士電元大4C購06","0","0","0","--","--","--","--"," ","0.00","0.53","499","0.54","10","183.00",
="084122","直得元大4C購02","0","0","0","--","--","--","--"," ","0.00","0.26","499","0.27","10","81.30",
="084123","合機元大4C購01","20,000","2","14,100","0.71","0.71","0.70","0.70","X","0.00","0.70","499","0.71","10","46.95",
="084124","大成鋼元大4C購07","86,000","8","135,700","1.65","1.65","1.51","1.53","+","0.02","1.48","499","1.50","10","37.90",
="084125","廣宇元大4C購07","18,000","2","64,080","3.56","3.56","3.56","3.56","-","0.03","3.39","200","3.42","10","54.10",
="084126","智邦元大4C購06","110,000","3","294,600","2.68","2.69","2.61","2.61","+","0.28","0.04","250","--","0","1,005.00",
="084127","鴻準元大4C購06","0","0","0","--","--","--","--"," ","0.00","1.04","499","1.05","10","70.70",
="084128","中興電元富53購01","0","0","0","--","--","--","--"," ","0.00","0.09","75","0.10","343","159.00",
="084129","金像電元大4C購11","48,000","6","282,850","5.95","5.95","5.80","5.80","+","0.25","5.65","150","5.80","10","455.00",
="08412P","緯穎元富4B售04","0","0","0","--","--","--","--"," ","0.00","0.02","25","0.10","10","0.00",
="084130","技嘉元大4C購06","426,000","12","388,660","0.91","0.93","0.91","0.91","-","0.01","0.89","499","0.90","10","283.00",
="084131","台光電元大4C購18","46,000","4","492,200","10.10","11.00","10.10","11.00","X","0.00","10.10","100","10.40","10","1,345.00",
="084132","正崴元大4C購01","0","0","0","--","--","--","--"," ","0.00","0.32","499","0.33","10","48.80",
="084137","技嘉元富4A購02","0","0","0","--","--","--","--"," ","0.00","--","0","0.10","25","283.00",
="084139","建準元富4A購01","11,000","3","2,550","0.27","0.27","0.19","0.19"," ","0.00","0.17","25","0.18","25","129.00",
="08413P","華城國票4B售06","0","0","0","--","--","--","--"," ","0.00","0.01","25","0.05","10","0.00",
="084140","雄獅元大54購01","0","0","0","--","--","--","--"," ","0.00","0.47","499","0.48","10","158.50",
="084141","晟銘電元大4C購04","201,000","4","91,050","0.47","0.47","0.43","0.43","-","0.04","0.40","499","0.41","10","121.00",
="084143","奇鋐元大51購11","207,000","3","314,870","1.61","1.61","1.52","1.52","+","0.05","1.34","499","1.38","10","1,015.00",
="084144","亞光元大51購02","63,000","4","74,010","1.21","1.21","1.11","1.11","-","0.15","1.10","499","1.12","10","161.50",
="084145","緯創元大51購04","0","0","0","--","--","--","--"," ","0.00","0.47","499","0.48","10","122.50",
="084146","牧德元大4C購03","2,000","1","1,140","0.57","0.57","0.57","0.57","-","0.06","0.52","499","0.53","10","544.00",
="084147","達邁元大4C購01","273,000","17","661,970","2.22","2.54","2.22","2.27","+","0.06","2.20","350","2.22","10","73.10",
="084148","貿聯元大4C購07","51,000","5","430,300","8.70","8.70","7.80","7.80","-","0.70","7.45","100","--","0","1,085.00",
="084149","神達元大51購07","127,000","8","260,560","2.10","2.15","1.99","1.99","+","0.14","2.05","400","2.07","10","90.00",
="08414P","大亞國票4B售01","0","0","0","--","--","--","--"," ","0.00","0.06","25","0.07","10","0.00",
="084150","精銳元大4C購05","0","0","0","--","--","--","--"," ","0.00","0.20","499","0.21","10","695.00",
="084151","達興元大4C購04","43,000","4","175,380","3.81","4.51","3.81","4.51","+","0.74","4.38","200","4.45","10","399.00",
="084152","聯茂元大4C購07","62,000","2","225,160","3.62","3.68","3.62","3.68","+","0.27","3.22","200","3.28","10","111.50",
="084153","迅得元大4C購03","133,000","13","87,560","0.69","0.69","0.62","0.62","-","0.03","0.59","499","0.60","10","176.00",
="084154","穎崴元大51購03","255,000","16","853,660","3.49","3.54","3.14","3.54","+","0.18","3.33","200","3.38","10","2,015.00",
="084155","愛普元大4C購03","30,000","3","40,900","1.34","1.40","1.34","1.40","-","0.12","0.03","333","--","0","344.00",
="084156","緯穎元大51購10","0","0","0","--","--","--","--"," ","0.00","0.92","499","0.93","10","3,140.00",
="084157","昇陽半元大56購01","664,000","16","794,080","1.24","1.25","1.15","1.15","-","0.01","1.14","499","1.16","10","179.50",
="084158","勤誠元大4C購02","1,000","1","6,900","6.90","6.90","6.90","6.90","X","0.00","6.40","100","6.50","10","600.00",
="084159","勤誠元大4C購03","0","0","0","--","--","--","--"," ","0.00","7.00","100","7.20","10","600.00",
="08415P","智易國票4B售01","0","0","0","--","--","--","--"," ","0.00","0.21","25","0.22","10","0.00",
="084160","世紀鋼元大51購03","0","0","0","--","--","--","--"," ","0.00","0.14","499","0.15","10","171.50",
="084161","臺股指元大51購09","14,000","1","52,920","3.78","3.78","3.78","3.78","X","0.00","3.71","499","3.72","10","0.00",
="084162","臺股指元大54購07","1,000","1","3,900","3.90","3.90","3.90","3.90","X","0.00","3.85","100","3.86","10","0.00",
="084163","臺股指元大56購04","0","0","0","--","--","--","--"," ","0.00","4.11","499","4.12","10","0.00",
="084164","滬深2X凱基54購04","0","0","0","--","--","--","--"," ","0.00","1.89","100","--","0","19.04",
="084165","士電凱基4C購03","0","0","0","--","--","--","--"," ","0.00","0.49","10","0.50","10","183.00",
="084166","海悅凱基51購01","5,000","1","1,700","0.34","0.34","0.34","0.34","-","0.52","--","0","0.34","50","89.00",
="084167","佳能凱基4C購01","0","0","0","--","--","--","--"," ","0.00","15.70","100","16.70","10","88.80",
="084168","技嘉凱基4C購04","20,000","1","11,400","0.57","0.57","0.57","0.57"," ","0.00","0.55","100","0.56","10","283.00",
="084169","台光電凱基51購03","0","0","0","--","--","--","--"," ","0.00","4.73","100","4.83","10","1,345.00",
="08416P","鴻海凱基4A售17","0","0","0","--","--","--","--"," ","0.00","--","0","0.10","10","0.00",
="084170","京元電凱基4C購02","5,000","1","33,750","6.75","6.75","6.75","6.75","-","0.30","6.05","100","6.15","10","167.00",
="084171","聯發科凱基4C購12","52,000","6","58,930","1.13","1.17","1.10","1.10","-","0.17","1.06","100","1.07","10","1,375.00",
="084172","全新凱基4C購02","49,000","6","91,320","2.06","2.06","1.80","1.85","-","0.38","1.79","100","1.82","10","160.00",
="084173","星宇凱基51購01","2,000","1","800","0.40","0.40","0.40","0.40","-","0.04","0.39","499","0.40","40","24.90",
="084174","奇鋐凱基4C購06","50,000","2","160,500","3.19","3.29","3.19","3.29","X","0.00","--","0","--","0","1,015.00",
="084175","亞光凱基51購05","0","0","0","--","--","--","--"," ","0.00","0.68","100","0.71","10","161.50",
="084176","群創凱基4C購02","519,000","6","682,320","1.47","1.50","1.28","1.50","X","0.00","1.43","100","1.53","10","14.15",
="084177","牧德凱基4C購02","0","0","0","--","--","--","--"," ","0.00","0.14","10","0.24","10","544.00",
="084178","碩天凱基4C購02","29,000","4","11,600","0.41","0.41","0.38","0.41","-","0.01","0.40","10","0.41","10","217.00",
="084179","健策凱基53購01","71,000","13","425,150","5.45","6.35","5.45","6.35","+","0.95","5.90","100","5.95","10","2,355.00",
="08417P","台積電凱基4A售51","0","0","0","--","--","--","--"," ","0.00","--","0","0.10","10","0.00",
="084180","神達凱基51購04","27,000","4","87,790","3.25","3.42","3.18","3.42","+","0.40","3.26","100","3.28","10","90.00",
="084182","鴻海國票4B購01","0","0","0","--","--","--","--"," ","0.00","8.00","25","8.40","10","221.00",
="084183","達興凱基4C購02","0","0","0","--","--","--","--"," ","0.00","7.60","10","8.10","10","399.00",
="084184","祥碩凱基4C購03","0","0","0","--","--","--","--"," ","0.00","0.10","100","0.11","40","1,525.00",
="084185","飛捷凱基51購02","0","0","0","--","--","--","--"," ","0.00","0.28","100","0.29","10","106.50",
="084186","穎崴凱基4C購03","0","0","0","--","--","--","--"," ","0.00","5.00","50","7.00","10","2,015.00",
="084187","緯穎凱基4C購08","304,000","4","538,100","1.77","1.82","1.72","1.82","+","0.03","1.82","100","1.83","10","3,140.00",
="084188","致新凱基51購01","313,000","20","360,250","1.15","1.19","1.13","1.17","+","0.08","1.17","1","1.18","10","236.00",
="084189","順德國泰51購01","4,000","1","11,080","2.77","2.77","2.77","2.77","X","0.00","2.62","499","2.64","100","81.90",
="08418P","台積電凱基4B售12","0","0","0","--","--","--","--"," ","0.00","--","0","0.10","10","0.00",
="084190","鴻準國泰51購01","4,000","1","10,520","2.63","2.63","2.63","2.63","+","0.14","2.49","502","2.51","240","70.70",
="084191","台光電國泰51購01","0","0","0","--","--","--","--"," ","0.00","5.20","499","--","0","1,345.00",
="084192","聯發科國泰51購03","137,000","15","160,900","1.25","1.25","1.12","1.12","-","0.16","1.11","499","1.12","502","1,375.00",
="084193","辛耘國泰51購01","510,000","20","1,762,060","3.32","3.57","3.27","3.27","X","0.00","3.27","10","3.31","10","388.00",
="084194","富世達國泰51購05","0","0","0","--","--","--","--"," ","0.00","3.15","499","--","0","1,010.00",
="084195","英業達兆豐4C購01","157,000","5","161,110","1.03","1.03","0.99","0.99","-","0.02","0.99","10","1.01","10","45.00",
="084196","大立光兆豐51購01","111,000","4","85,980","0.79","0.79","0.74","0.74","-","0.05","0.76","10","0.77","10","2,360.00",
="084197","日電貿兆豐56購01","496,000","15","580,700","1.16","1.18","1.15","1.15","-","0.08","1.15","10","1.16","10","74.80",
="084198","T50正2元富4C購02","0","0","0","--","--","--","--"," ","0.00","21.10","25","21.20","10","302.45",
="084199","SGBR2X元富4C購05","0","0","0","--","--","--","--"," ","0.00","0.10","25","0.11","25","10.98",
="08419P","台積電凱基57售03","3,000","2","2,080","0.70","0.70","0.69","0.69","X","0.00","0.69","100","0.79","10","0.00",
="084200","順德元富4C購02","9,000","1","17,550","1.95","1.95","1.95","1.95","+","0.01","1.99","25","2.00","25","81.90",
="084201","順德元富4C購03","59,000","3","75,370","1.23","1.31","1.23","1.31","+","0.08","1.26","25","1.27","25","81.90",
="084202","佳能元富4C購02","0","0","0","--","--","--","--"," ","0.00","27.90","25","28.40","25","88.80",
="084203","一詮元富4C購01","0","0","0","--","--","--","--"," ","0.00","2.32","25","2.34","25","82.30",
="084204","華航元富56購01","0","0","0","--","--","--","--"," ","0.00","1.56","25","1.57","25","20.95",
="084205","慧洋元富51購01","0","0","0","--","--","--","--"," ","0.00","0.31","25","0.32","25","58.40",
="084206","奇鋐元富4C購03","0","0","0","--","--","--","--"," ","0.00","2.60","25","2.70","10","1,015.00",
="084207","亞光元富4C購03","701,000","3","622,030","0.97","0.97","0.87","0.87","-","0.14","0.87","25","0.89","25","161.50",
="084208","辛耘元富4C購02","0","0","0","--","--","--","--"," ","0.00","2.08","25","2.12","10","388.00",
="084209","辛耘元富4C購03","527,000","12","1,296,070","2.48","2.70","2.43","2.46","X","0.00","2.43","25","2.45","10","388.00",
="08420P","台積電凱基5C售05","292,000","12","128,110","0.44","0.44","0.43","0.43","-","0.05","0.43","100","0.53","10","0.00",
="084210","世芯元富51購06","9,000","7","108,100","12.90","12.90","11.60","11.70","-","1.10","11.70","25","11.90","25","3,700.00",
="084211","貿聯元富4C購03","0","0","0","--","--","--","--"," ","0.00","4.23","25","4.33","10","1,085.00",
="084212","神達元富56購01","27,000","8","130,260","4.75","4.91","4.72","4.91","+","0.48","4.75","25","4.80","25","90.00",
="084213","迎廣元富56購01","0","0","0","--","--","--","--"," ","0.00","1.22","25","1.23","25","85.80",
="084214","台玻國票51購04","0","0","0","--","--","--","--"," ","0.00","4.37","25","4.47","10","25.95",
="084215","英業達國票51購02","32,000","1","43,840","1.37","1.37","1.37","1.37","+","0.01","1.36","25","1.38","10","45.00",
="084216","京元電國票52購01","0","0","0","--","--","--","--"," ","0.00","4.57","25","4.67","10","167.00",
="084217","國泰金國票51購04","0","0","0","--","--","--","--"," ","0.00","0.92","25","0.94","10","66.20",
="084218","世芯國票51購02","0","0","0","--","--","--","--"," ","0.00","5.75","25","5.90","10","3,700.00",
="084219","世芯國票52購01","0","0","0","--","--","--","--"," ","0.00","5.30","25","5.35","10","3,700.00",
="08421P","景碩凱基4A售01","0","0","0","--","--","--","--"," ","0.00","--","0","0.10","10","0.00",
="084220","貿聯國票51購04","20,000","1","120,000","6.00","6.00","6.00","6.00","-","0.55","5.60","20","5.95","10","1,085.00",
="084221","神達國票53購01","63,000","8","412,800","6.65","6.65","6.45","6.65","+","0.40","6.65","25","6.70","10","90.00",
="084222","新唐國票51購01","1,535,000","15","577,660","0.42","0.42","0.36","0.37","-","0.05","0.36","25","0.37","10","64.60",
="084223","聯茂國票51購03","0","0","0","--","--","--","--"," ","0.00","4.26","25","4.36","10","111.50",
="084224","天虹國票51購01","187,000","5","548,740","2.72","3.05","2.72","2.86","-","0.05","2.82","25","2.83","10","252.50",
="084225","元油反中信53購01","0","0","0","--","--","--","--"," ","0.00","0.87","499","0.88","100","0.00",
="084226","順德中信4C購01","10,000","1","11,800","1.18","1.18","1.18","1.18","-","0.07","1.22","10","1.24","10","0.00",
="084227","華城永豐53購01","31,000","2","80,350","2.59","2.62","2.59","2.62","X","0.00","2.52","10","2.62","10","586.00",
="084228","台光電永豐52購04","0","0","0","--","--","--","--"," ","0.00","10.60","499","10.80","10","1,345.00",
="084229","世芯永豐55購03","2,000","2","7,870","3.97","3.97","3.90","3.90","-","0.28","3.66","499","3.69","10","3,700.00",
="08422P","臺股指凱基51售10","0","0","0","--","--","--","--"," ","0.00","0.02","100","0.03","10","0.00",
="084230","世芯永豐56購03","33,000","7","123,550","3.79","3.79","3.55","3.55","-","0.51","3.54","10","3.56","10","3,700.00",
="084231","貿聯永豐51購03","0","0","0","--","--","--","--"," ","0.00","3.30","10","3.40","10","1,085.00",
="084232","貿聯永豐52購04","0","0","0","--","--","--","--"," ","0.00","5.55","499","5.80","10","1,085.00",
="084233","聯茂永豐4C購02","0","0","0","--","--","--","--"," ","0.00","1.91","499","2.01","10","111.50",
="084234","穎崴永豐51購02","0","0","0","--","--","--","--"," ","0.00","4.13","499","4.23","10","2,015.00",
="084235","來億永豐4C購01","0","0","0","--","--","--","--"," ","0.00","0.15","10","0.16","10","224.00",
="084236","世紀鋼永豐53購04","0","0","0","--","--","--","--"," ","0.00","0.34","499","0.35","10","171.50",
="084237","臺股指永豐4C購07","13,000","4","30,810","2.24","2.56","2.24","2.55","+","0.57","2.50","10","2.51","10","0.00",
="084238","臺股指永豐53購06","0","0","0","--","--","--","--"," ","0.00","5.85","10","5.90","10","0.00",
="084239","和大統一56購01","0","0","0","--","--","--","--"," ","0.00","0.60","10","0.61","10","65.30",
="08423P","台積電中信4A售05","0","0","0","--","--","--","--"," ","0.00","--","0","0.02","10","0.00",
="084240","華泰統一56購01","0","0","0","--","--","--","--"," ","0.00","0.74","10","0.75","10","47.70",
="084241","聯茂統一56購03","0","0","0","--","--","--","--"," ","0.00","0.82","10","0.84","10","111.50",
="084242","穎崴統一56購01","0","0","0","--","--","--","--"," ","0.00","1.62","10","1.63","10","2,015.00",
="084243","來億統一56購02","0","0","0","--","--","--","--"," ","0.00","0.31","15","0.32","10","224.00",
="084244","天虹統一56購01","118,000","8","96,710","0.82","0.87","0.80","0.85","+","0.01","0.81","10","0.82","10","252.50",
="084245","世紀鋼統一56購02","120,000","2","45,600","0.38","0.38","0.38","0.38","X","0.00","0.36","10","0.37","10","171.50",
="084246","A50正2凱基4C購01","0","0","0","--","--","--","--"," ","0.00","1.94","100","2.04","10","32.79",
="084247","國企2X凱基51購02","40,000","6","53,500","1.45","1.45","1.30","1.30","-","0.14","1.30","100","1.31","50","11.65",
="084248","SGBR2X凱基53購01","0","0","0","--","--","--","--"," ","0.00","0.61","100","0.62","50","10.98",
="084249","華城凱基4C購03","4,000","1","13,560","3.39","3.39","3.39","3.39","+","0.12","3.19","100","3.29","10","586.00",
="08424P","臺股指中信51售04","0","0","0","--","--","--","--"," ","0.00","--","0","0.02","10","0.00",
="084250","大成鋼凱基53購02","0","0","0","--","--","--","--"," ","0.00","0.80","100","0.81","10","37.90",
="084251","鴻海凱基54購07","0","0","0","--","--","--","--"," ","0.00","4.73","22","4.83","10","221.00",
="084252","廣宇凱基4C購02","0","0","0","--","--","--","--"," ","0.00","3.97","10","4.00","10","54.10",
="084253","台積電凱基4C購44","0","0","0","--","--","--","--"," ","0.00","2.04","50","2.14","10","1,340.00",
="084254","順德凱基4C購01","59,000","2","107,390","1.71","1.84","1.71","1.84","+","0.11","1.75","10","1.76","10","81.90",
="084255","鴻準凱基4C購03","11,000","1","16,830","1.53","1.53","1.53","1.53","+","0.08","1.41","10","1.42","10","70.70",
="084256","正崴凱基4C購02","0","0","0","--","--","--","--"," ","0.00","0.44","10","0.45","30","48.80",
="084257","聯發科凱基4C購14","10,000","1","11,200","1.12","1.12","1.12","1.12","-","0.21","1.00","100","1.01","10","1,375.00",
="084258","萬海凱基51購04","0","0","0","--","--","--","--"," ","0.00","0.16","100","0.17","50","77.90",
="084259","聯陽凱基4C購01","55,000","2","46,750","0.85","0.85","0.85","0.85"," ","0.00","0.82","100","0.86","10","135.00",
="08425P","材料永豐4C售03","0","0","0","--","--","--","--"," ","0.00","1.02","499","1.03","10","0.00",
="084260","亞光凱基51購06","48,000","5","91,630","1.92","1.96","1.87","1.87","-","0.09","1.83","100","1.85","10","161.50",
="084261","緯創凱基4C購07","0","0","0","--","--","--","--"," ","0.00","0.40","100","0.41","10","122.50",
="084262","新日興凱基4C購02","35,000","3","74,230","2.13","2.15","2.11","2.11","+","0.04","1.99","10","2.09","10","237.00",
="084263","辛耘凱基51購01","14,000","2","49,560","3.54","3.54","3.54","3.54","+","0.92","3.12","10","3.22","10","388.00",
="084264","世芯凱基54購03","2,000","2","6,540","3.37","3.37","3.17","3.17","-","0.16","3.09","100","3.12","10","3,700.00",
="084265","貿聯凱基4C購04","0","0","0","--","--","--","--"," ","0.00","5.80","50","6.30","10","1,085.00",
="084266","神達凱基54購01","0","0","0","--","--","--","--"," ","0.00","5.10","100","5.60","10","90.00",
="084267","精銳凱基4C購03","0","0","0","--","--","--","--"," ","0.00","0.42","100","0.44","10","695.00",
="084268","聯茂凱基4C購04","8,000","1","58,800","7.35","7.35","7.35","7.35","+","0.50","6.70","100","6.80","10","111.50",
="084269","穎崴凱基53購01","0","0","0","--","--","--","--"," ","0.00","6.85","100","7.35","10","2,015.00",
="08426P","元債2X元大53售03","0","0","0","--","--","--","--"," ","0.00","0.44","499","0.45","50","0.00",
="084270","富世達凱基4C購05","20,000","2","36,600","1.83","1.83","1.83","1.83","+","0.21","1.92","100","1.97","10","1,010.00",
="084271","來億凱基4C購01","0","0","0","--","--","--","--"," ","0.00","0.11","10","0.13","50","224.00",
="084272","臺股指凱基59購02","0","0","0","--","--","--","--"," ","0.00","8.20","100","8.25","10","0.00",
="084273","鴻海台新4C購01","0","0","0","--","--","--","--"," ","0.00","22.10","10","22.50","10","0.00",
="084274","奇鋐台新4C購03","0","0","0","--","--","--","--"," ","0.00","14.70","10","15.00","10","0.00",
="084275","穎崴台新4C購01","0","0","0","--","--","--","--"," ","0.00","6.35","20","--","0","0.00",
="084276","世紀鋼台新4C購01","0","0","0","--","--","--","--"," ","0.00","0.05","20","0.06","10","0.00",
="084277","T50正2元大4C購06","0","0","0","--","--","--","--"," ","0.00","4.39","100","--","0","302.45",
="084278","T50正2元大51購04","0","0","0","--","--","--","--"," ","0.00","7.80","100","8.15","10","302.45",
="084279","T50反1元大51購01","0","0","0","--","--","--","--"," ","0.00","0.11","100","0.21","10","18.29",
="08427P","道瓊銀元大4B售02","70,000","1","1,400","0.02","0.02","0.02","0.02","X","0.00","0.02","100","0.07","50","0.00",
="084280","T50反1元大51購02","0","0","0","--","--","--","--"," ","0.00","0.11","499","0.12","10","18.29",
="084281","元油反元大4C購02","0","0","0","--","--","--","--"," ","0.00","0.74","499","0.75","100","6.75",
="084282","元油反元大53購01","10,000","1","7,900","0.79","0.79","0.79","0.79","X","0.00","0.77","499","0.78","100","6.75",
="084283","道瓊銀元大4C購02","71,000","6","197,260","2.80","2.81","2.72","2.81","+","0.17","2.83","250","2.84","100","36.75",
="084284","道瓊銅元大53購01","0","0","0","--","--","--","--"," ","0.00","0.27","250","0.28","100","25.59",
="084285","士電元大4C購07","0","0","0","--","--","--","--"," ","0.00","0.63","499","0.64","10","183.00",
="084286","亞力元大4C購02","0","0","0","--","--","--","--"," ","0.00","0.09","499","0.10","10","102.50",
="084287","亞力元大4C購03","0","0","0","--","--","--","--"," ","0.00","0.23","499","0.24","10","102.50",
="084288","華泰元大4C購02","428,000","14","592,410","1.38","1.43","1.25","1.25","-","0.13","1.26","499","1.28","10","47.70",
="084289","台積電元大51購43","1,000","1","1,600","1.60","1.60","1.60","1.60","+","0.12","0.48","20","--","0","1,340.00",
="08428P","鴻海元大4A售37","0","0","0","--","--","--","--"," ","0.00","--","0","0.10","10","0.00",
="084290","台積電元大54購08","70,000","1","108,500","1.55","1.55","1.55","1.55","X","0.00","0.13","8","--","0","1,340.00",
="084291","鴻準元大4C購07","105,000","4","128,700","1.23","1.25","1.22","1.22","+","0.05","1.16","499","1.17","10","70.70",
="084292","技嘉元大4C購07","68,000","1","27,200","0.40","0.40","0.40","0.40","X","0.00","0.38","499","0.39","10","283.00",
="084293","台光電元大51購03","30,000","3","109,600","3.55","3.72","3.55","3.70","+","0.36","3.90","200","3.99","10","1,345.00",
="084294","聯發科元大51購26","424,000","2","462,160","1.09","1.09","1.09","1.09","X","0.00","1.02","25","1.04","10","1,375.00",
="084295","聯發科元大54購04","2,000","1","1,680","0.84","0.84","0.84","0.84","-","0.05","0.78","25","0.79","10","1,375.00",
="084297","奇鋐元大4C購14","74,000","5","188,190","2.71","2.71","2.24","2.24","-","0.38","2.24","350","2.31","10","1,015.00",
="084298","奇鋐元大4C購15","53,000","3","128,600","2.44","2.44","2.20","2.20","-","0.02","2.08","350","2.12","10","1,015.00",
="084299","奇鋐元大4C購16","0","0","0","--","--","--","--"," ","0.00","2.31","300","2.37","10","1,015.00",
="08429P","鴻海元大4A售38","0","0","0","--","--","--","--"," ","0.00","--","0","0.10","10","0.00",
="084300","亞光元大51購03","280,000","5","240,800","0.86","0.87","0.84","0.84","-","0.05","0.82","509","0.83","10","161.50",
="084301","亞光元大54購01","27,000","2","23,420","0.88","0.88","0.86","0.86","-","0.04","0.83","499","0.84","10","161.50",
="084302","新日興元大4C購05","0","0","0","--","--","--","--"," ","0.00","0.01","100","--","0","237.00",
="084303","群創元大4C購05","361,000","8","303,970","0.87","0.88","0.79","0.88","+","0.07","0.88","39","0.89","10","14.15",
="084304","嘉澤元大51購07","0","0","0","--","--","--","--"," ","0.00","0.95","499","0.97","10","1,605.00",
="084305","達邁元大4C購02","341,000","17","607,770","1.65","1.84","1.65","1.76","+","0.15","1.64","450","1.65","10","73.10",
="084306","世芯元大51購20","24,000","2","56,400","2.35","2.35","2.35","2.35","-","0.16","1.39","7","--","0","3,700.00",
="084307","貿聯元大51購05","59,000","9","161,910","2.89","2.89","2.57","2.57","-","0.28","2.46","250","3.45","30","1,085.00",
="084308","貿聯元大54購06","140,000","11","358,400","2.73","2.73","2.46","2.46","-","0.20","2.39","300","--","0","1,085.00",
="084309","邁達特元大4C購03","25,000","3","13,250","0.54","0.54","0.49","0.49","X","0.00","0.47","25","0.48","10","51.40",
="08430P","台積電元大4A售59","0","0","0","--","--","--","--"," ","0.00","--","0","0.10","10","0.00",
="084310","聯茂元大4C購08","73,000","4","170,520","2.28","2.36","2.28","2.36","+","0.09","2.06","25","2.10","11","111.50",
="084311","穎崴元大51購04","2,000","1","5,960","2.98","2.98","2.98","2.98","+","0.19","2.96","250","3.06","10","2,015.00",
="084312","愛普元大4C購04","0","0","0","--","--","--","--"," ","0.00","0.28","35","--","0","344.00",
="084313","緯穎元大51購11","0","0","0","--","--","--","--"," ","0.00","1.37","499","1.38","10","3,140.00",
="084314","AES元大4C購02","123,000","6","131,780","1.06","1.09","0.98","0.98","-","0.04","0.94","499","0.96","10","1,195.00",
="084315","泓德元大4C購03","0","0","0","--","--","--","--"," ","0.00","--","0","0.10","10","125.50",
="084316","昇陽半元大4C購05","353,000","11","473,410","1.33","1.40","1.28","1.28","-","0.02","1.23","499","1.24","10","179.50",
="084317","世紀鋼元大4C購04","0","0","0","--","--","--","--"," ","0.00","0.04","499","0.14","10","171.50",
="084318","滬深2X群益4C購05","0","0","0","--","--","--","--"," ","0.00","0.26","4","--","0","19.04",
="084319","元石油群益52購01","0","0","0","--","--","--","--"," ","0.00","0.44","25","0.45","10","16.00",
="08431P","台積電元大4A售60","0","0","0","--","--","--","--"," ","0.00","--","0","0.10","10","0.00",
="084320","元日2X群益56購01","0","0","0","--","--","--","--"," ","0.00","0.57","10","0.67","10","5.87",
="084321","SGBR2X群益52購01","0","0","0","--","--","--","--"," ","0.00","0.33","25","0.34","10","10.98",
="084322","台塑群益4C購04","0","0","0","--","--","--","--"," ","0.00","1.27","10","1.37","10","38.60",
="084323","華泰群益51購01","106,000","3","150,780","1.44","1.44","1.38","1.38","-","0.14","1.38","10","1.48","10","47.70",
="084325","佳能群益4C購03","0","0","0","--","--","--","--"," ","0.00","10.70","10","11.70","10","88.80",
="084326","台光電群益52購02","30,000","1","141,600","4.72","4.72","4.72","4.72","+","0.73","1.59","6","--","0","1,345.00",
="084327","全新群益4C購02","0","0","0","--","--","--","--"," ","0.00","--","0","3.15","10","160.00",
="084328","一詮群益53購01","0","0","0","--","--","--","--"," ","0.00","0.68","25","0.69","10","82.30",
="084329","奇鋐群益4C購04","5,000","1","22,000","4.40","4.40","4.40","4.40","+","0.39","1.12","8","--","0","1,015.00",
="08432P","聯發科元大4A售21","0","0","0","--","--","--","--"," ","0.00","0.04","499","0.14","10","0.00",
="084330","緯創群益4C購03","0","0","0","--","--","--","--"," ","0.00","--","0","--","0","122.50",
="084331","貿聯群益51購02","0","0","0","--","--","--","--"," ","0.00","--","0","--","0","1,085.00",
="084332","神達群益4C購04","0","0","0","--","--","--","--"," ","0.00","--","0","9.15","10","90.00",
="084333","穎崴群益52購05","0","0","0","--","--","--","--"," ","0.00","3.38","10","3.48","10","2,015.00",
="084334","緯穎群益4C購05","0","0","0","--","--","--","--"," ","0.00","--","0","4.82","10","3,140.00",
="084335","洋基群益4C購01","0","0","0","--","--","--","--"," ","0.00","2.28","10","2.38","10","449.00",
="084336","ITH群益4C購03","0","0","0","--","--","--","--"," ","0.00","0.23","10","0.33","10","43.90",
="084337","昇陽半群益4C購03","0","0","0","--","--","--","--"," ","0.00","0.92","10","1.64","10","179.50",
="084338","臺股指群益4C購14","6,000","2","26,090","4.33","4.44","4.33","4.44","+","0.24","4.43","499","--","0","0.00",
="084339","臺股指群益4C購15","0","0","0","--","--","--","--"," ","0.00","7.30","499","--","0","0.00",
="08433P","緯創元大4A售08","0","0","0","--","--","--","--"," ","0.00","--","0","0.10","10","0.00",
="084340","臺股指群益4C購16","0","0","0","--","--","--","--"," ","0.00","8.75","499","--","0","0.00",
="084341","臺股指群益4C購17","0","0","0","--","--","--","--"," ","0.00","9.35","499","--","0","0.00",
="084342","臺股指群益4C購18","0","0","0","--","--","--","--"," ","0.00","9.30","499","--","0","0.00",
="084343","臺股指群益4C購19","0","0","0","--","--","--","--"," ","0.00","12.50","499","13.50","10","0.00",
="084344","臺股指群益4C購20","0","0","0","--","--","--","--"," ","0.00","13.50","499","13.60","499","0.00",
="084345","電子類群益4C購01","0","0","0","--","--","--","--"," ","0.00","4.15","499","4.16","10","0.00",
="084346","T50正2富邦56購01","2,000","2","9,090","4.47","4.62","4.47","4.62","X","0.00","4.65","100","4.66","38","0.00",
="084347","道瓊銀富邦4C購01","85,000","2","154,700","1.82","1.82","1.82","1.82","+","0.13","1.81","100","1.82","15","0.00",
="084348","川湖富邦51購02","0","0","0","--","--","--","--"," ","0.00","2.99","10","3.03","10","0.00",
="084349","順德富邦4C購01","85,000","2","68,700","0.78","0.81","0.78","0.81","X","0.00","0.79","10","0.80","10","0.00",
="08434P","緯創元大4A售09","0","0","0","--","--","--","--"," ","0.00","0.02","499","0.12","10","0.00",
="084350","技嘉富邦4C購02","20,000","7","13,080","0.66","0.66","0.65","0.65"," ","0.00","0.64","30","0.65","10","0.00",
="084351","萬海富邦52購02","0","0","0","--","--","--","--"," ","0.00","0.17","10","0.18","10","0.00",
="084352","穎崴富邦53購02","0","0","0","--","--","--","--"," ","0.00","3.73","10","3.83","10","0.00",
="084353","虎航富邦51購01","20,000","1","5,400","0.27","0.27","0.27","0.27","X","0.00","0.27","30","0.28","10","0.00",
="084354","永崴控中信51購01","0","0","0","--","--","--","--"," ","0.00","0.07","10","0.08","10","0.00",
="084355","SGBR2X永豐52購01","0","0","0","--","--","--","--"," ","0.00","0.46","499","0.47","10","10.98",
="084356","中砂永豐53購02","115,000","11","177,080","1.51","1.61","1.45","1.58","+","0.19","1.48","499","1.50","10","339.00",
="084357","南亞科永豐54購01","0","0","0","--","--","--","--"," ","0.00","--","0","--","0","81.00",
="084359","貿聯永豐52購05","28,000","4","74,480","2.66","2.66","2.66","2.66","X","0.00","2.58","499","2.68","10","1,085.00",
="08435P","臺股指元大4A售51","0","0","0","--","--","--","--"," ","0.00","--","0","0.10","10","0.00",
="084360","勤誠永豐4C購02","0","0","0","--","--","--","--"," ","0.00","5.15","10","5.35","10","600.00",
="084361","世紀鋼永豐54購01","0","0","0","--","--","--","--"," ","0.00","2.89","499","2.93","10","171.50",
="084362","元石油凱基4C購02","0","0","0","--","--","--","--"," ","0.00","0.20","10","0.21","50","16.00",
="084363","元油反凱基51購02","0","0","0","--","--","--","--"," ","0.00","0.71","100","0.72","50","6.75",
="084364","士電凱基51購01","11,000","1","8,250","0.75","0.75","0.75","0.75","X","0.00","0.76","100","0.79","10","183.00",
="084365","中興電凱基4C購03","0","0","0","--","--","--","--"," ","0.00","0.49","100","0.51","10","159.00",
="084366","亞力凱基4C購02","20,000","2","7,800","0.40","0.40","0.38","0.38","X","0.00","0.36","100","0.37","10","102.50",
="084367","中砂凱基4C購06","0","0","0","--","--","--","--"," ","0.00","0.93","100","0.94","10","339.00",
="084368","華泰凱基51購02","107,000","5","211,810","2.13","2.16","1.97","1.97","-","0.19","1.93","10","1.94","10","47.70",
="084369","台積電凱基53購11","10,000","1","22,200","2.22","2.22","2.22","2.22","X","0.00","2.22","100","2.32","10","1,340.00",
="08436P","臺股指元大4A售52","0","0","0","--","--","--","--"," ","0.00","--","0","0.10","10","0.00",
="084370","順德凱基51購01","46,000","7","90,510","1.94","2.07","1.91","2.03","+","0.10","1.97","10","1.98","10","81.90",
="084371","佳能凱基4C購02","0","0","0","--","--","--","--"," ","0.00","7.25","100","7.75","10","88.80",
="084372","技嘉凱基4C購05","10,000","1","3,900","0.39","0.39","0.39","0.39","X","0.00","0.38","100","0.39","10","283.00",
="084373","台光電凱基4C購09","23,000","4","145,550","5.80","6.55","5.80","6.35","+","1.25","6.20","100","6.35","10","1,345.00",
="084374","南亞科凱基55購01","51,000","9","171,530","3.35","3.50","3.24","3.50","-","0.11","3.52","100","3.62","10","81.00",
="084375","全新凱基4C購03","0","0","0","--","--","--","--"," ","0.00","1.87","100","1.97","10","160.00",
="084376","一詮凱基4C購02","30,000","2","30,700","1.05","1.05","1.01","1.01","-","0.03","1.01","100","1.03","10","82.30",
="084377","奇鋐凱基4C購07","0","0","0","--","--","--","--"," ","0.00","5.05","50","5.55","10","1,015.00",
="084378","新日興凱基54購01","10,000","1","50,500","5.05","5.05","5.05","5.05","+","0.33","4.86","10","4.96","10","237.00",
="084379","嘉澤凱基4C購06","44,000","2","68,200","1.55","1.55","1.55","1.55","-","0.23","1.57","10","1.60","10","1,605.00",
="08437P","廣宇群益4B售04","0","0","0","--","--","--","--"," ","0.00","0.04","10","0.14","10","0.00",
="084380","牧德凱基4C購03","0","0","0","--","--","--","--"," ","0.00","0.66","100","0.67","10","544.00",
="084381","新唐凱基51購01","97,000","9","40,900","0.46","0.46","0.40","0.40","-","0.08","0.40","3","0.48","5","64.60",
="084382","緯穎凱基4C購09","0","0","0","--","--","--","--"," ","0.00","4.41","100","4.51","10","3,140.00",
="084383","洋基凱基4C購02","22,000","6","75,240","3.33","3.52","3.26","3.49","+","0.45","3.33","10","3.35","10","449.00",
="084384","AES凱基4C購04","0","0","0","--","--","--","--"," ","0.00","2.36","100","2.41","10","1,195.00",
="084385","富世達凱基51購02","5,000","5","16,750","3.18","3.64","3.15","3.64","+","0.63","3.27","100","--","0","1,010.00",
="084386","泓德凱基4C購04","0","0","0","--","--","--","--"," ","0.00","0.01","100","0.11","10","125.50",
="084387","來億凱基4C購02","0","0","0","--","--","--","--"," ","0.00","0.03","10","0.05","50","224.00",
="084388","天虹凱基4C購01","168,000","11","402,430","2.16","2.53","2.14","2.26","+","0.09","2.21","100","2.23","10","252.50",
="084389","昇陽半凱基56購01","425,000","17","656,930","1.50","1.61","1.47","1.47","-","0.05","1.42","100","1.46","10","179.50",
="08438P","元黃金凱基58售01","0","0","0","--","--","--","--"," ","0.00","0.29","100","0.30","50","0.00",
="084390","勤誠凱基4C購04","70,000","7","243,660","3.44","3.55","3.32","3.32","-","0.03","3.28","100","3.33","10","600.00",
="084391","世紀鋼凱基56購01","0","0","0","--","--","--","--"," ","0.00","0.55","10","0.56","10","171.50",
="084392","SGBR2X元富56購01","3,000","1","2,610","0.87","0.87","0.87","0.87","X","0.00","0.87","25","0.88","25","10.98",
="084393","為升元富4C購01","0","0","0","--","--","--","--"," ","0.00","6.95","25","--","0","130.00",
="084394","台積電元富56購02","2,000","1","6,480","3.24","3.24","3.24","3.24","+","0.15","1.86","5","--","0","1,340.00",
="084395","台積電元富56購03","0","0","0","--","--","--","--"," ","0.00","--","0","--","0","1,340.00",
="084397","台積電元富56購04","0","0","0","--","--","--","--"," ","0.00","--","0","--","0","1,340.00",
="084398","台積電元富56購05","0","0","0","--","--","--","--"," ","0.00","2.29","3","--","0","1,340.00",
="084399","華晶科元富4C購01","0","0","0","--","--","--","--"," ","0.00","2.55","25","2.65","25","52.80",
="08439P","元債2X凱基4C售04","0","0","0","--","--","--","--"," ","0.00","0.33","499","0.34","499","0.00",
="084400","牧德元富4C購01","0","0","0","--","--","--","--"," ","0.00","0.54","25","0.55","25","544.00",
="084401","健策元富4C購04","0","0","0","--","--","--","--"," ","0.00","3.19","25","3.29","25","2,355.00",
="084402","神達元富4C購04","0","0","0","--","--","--","--"," ","0.00","4.82","25","4.92","10","90.00",
="084403","聯茂元富53購01","0","0","0","--","--","--","--"," ","0.00","2.47","25","2.57","10","111.50",
="084404","力成元富56購01","32,000","3","86,970","2.72","2.72","2.65","2.65","X","0.00","2.72","25","2.75","25","150.50",
="084406","穎崴元富4C購02","0","0","0","--","--","--","--"," ","0.00","7.75","25","7.90","25","2,015.00",
="084407","富世達元富56購01","0","0","0","--","--","--","--"," ","0.00","3.68","25","3.78","10","1,010.00",
="084408","來億元富4C購01","0","0","0","--","--","--","--"," ","0.00","0.08","25","0.10","10","224.00",
="08440P","聚陽凱基4A售01","0","0","0","--","--","--","--"," ","0.00","0.06","100","0.16","10","0.00",
="084411","南亞科兆豐56購01","6,000","2","20,060","3.35","3.35","3.34","3.34","-","0.06","3.39","10","3.46","10","81.00",
="084412","T50反1國泰51購02","550,000","4","16,500","0.03","0.03","0.03","0.03","-","0.01","0.02","499","0.03","100","18.29",
="084413","新日興國泰51購01","0","0","0","--","--","--","--"," ","0.00","3.51","499","3.56","10","237.00",
="084414","貿聯國泰51購03","0","0","0","--","--","--","--"," ","0.00","6.10","10","6.40","10","1,085.00",
="084415","世紀鋼國泰51購02","0","0","0","--","--","--","--"," ","0.00","0.19","499","0.20","100","171.50",
="084416","世紀鋼國泰51購03","0","0","0","--","--","--","--"," ","0.00","0.23","499","0.24","100","171.50",
="084418","SGBR2X富邦54購01","0","0","0","--","--","--","--"," ","0.00","0.31","100","0.32","100","0.00",
="084419","道瓊銀富邦52購01","4,000","1","6,200","1.55","1.55","1.55","1.55","+","0.07","1.56","100","1.57","100","0.00",
="08441P","華城凱基4B售03","0","0","0","--","--","--","--"," ","0.00","0.01","10","0.11","10","0.00",
="084420","士電富邦4C購02","0","0","0","--","--","--","--"," ","0.00","0.77","30","0.78","10","0.00",
="084421","英業達富邦4C購01","0","0","0","--","--","--","--"," ","0.00","0.51","30","0.52","10","0.00",
="084422","德律富邦4C購01","0","0","0","--","--","--","--"," ","0.00","2.06","10","2.11","10","0.00",
="084428","鴻海統一53購01","49,000","9","77,250","1.55","1.61","1.54","1.61","X","0.00","1.56","10","1.57","10","221.00",
="08442P","鴻海凱基54售02","0","0","0","--","--","--","--"," ","0.00","0.26","100","0.27","50","0.00",
="084432","勤誠富邦54購01","1,000","1","2,130","2.13","2.13","2.13","2.13","X","0.00","2.12","30","2.17","10","0.00",
="084433","勤誠富邦54購02","0","0","0","--","--","--","--"," ","0.00","2.80","30","2.84","10","0.00",
="084435","台積電台新4C購05","0","0","0","--","--","--","--"," ","0.00","3.72","20","3.73","10","0.00",
="084436","T50正2元大51購05","7,000","1","22,750","3.25","3.25","3.25","3.25","X","0.00","3.28","499","3.35","10","302.45",
="084437","T50反1元大4C購07","0","0","0","--","--","--","--"," ","0.00","0.10","499","0.11","10","18.29",
="084438","臺指反元大4C購02","630,000","3","94,500","0.15","0.15","0.15","0.15","X","0.00","0.14","100","0.15","10","2.96",
="08443P","廣宇凱基4A售03","0","0","0","--","--","--","--"," ","0.00","--","0","0.02","10","0.00",
="084440","臺指反元大54購01","0","0","0","--","--","--","--"," ","0.00","0.08","100","0.09","10","2.96",
="084441","SGBR2X元大51購03","110,000","2","73,100","0.67","0.67","0.65","0.65","-","0.06","0.66","250","0.67","100","10.98",
="084442","SGBR2X元大53購01","160,000","9","101,150","0.64","0.64","0.63","0.64","-","0.05","0.63","250","0.64","90","10.98",
="084444","士電元大4C購08","0","0","0","--","--","--","--"," ","0.00","0.47","499","0.48","10","183.00",
="084446","中興電元大4C購06","0","0","0","--","--","--","--"," ","0.00","0.25","499","0.26","10","159.00",
="084447","亞力元大4C購04","0","0","0","--","--","--","--"," ","0.00","0.13","499","0.14","10","102.50",
="084448","大成鋼元大4C購08","0","0","0","--","--","--","--"," ","0.00","2.21","300","2.23","10","37.90",
="084449","上銀元大4C購01","20,000","4","17,080","0.85","0.87","0.83","0.83","-","0.07","0.80","499","0.82","10","217.50",
="08444P","台積電凱基4A售54","0","0","0","--","--","--","--"," ","0.00","--","0","0.10","10","0.00",
="084450","川湖元大4C購02","0","0","0","--","--","--","--"," ","0.00","2.72","25","2.82","10","3,220.00",
="084451","川湖元大4C購03","0","0","0","--","--","--","--"," ","0.00","2.94","250","3.04","10","3,220.00",
="084452","金寶元大4C購02","0","0","0","--","--","--","--"," ","0.00","0.63","499","0.64","10","19.60",
="084453","仁寶元大4C購02","159,000","7","138,660","0.89","0.92","0.79","0.79","+","0.10","0.74","499","0.75","10","31.40",
="084454","華泰元大4C購03","30,000","1","68,400","2.28","2.28","2.28","2.28","-","0.14","2.16","300","2.19","10","47.70",
="084455","台積電元大4C購27","4,000","4","6,070","1.48","1.63","1.48","1.63","+","0.32","0.11","9","--","0","1,340.00",
="084456","台積電元大51購44","12,000","7","22,560","1.88","1.95","1.84","1.95","+","0.29","0.15","66","--","0","1,340.00",
="084457","智邦元大4C購07","114,000","6","403,980","3.45","3.62","3.45","3.62","+","0.33","0.05","499","--","0","1,005.00",
="084458","金像電元大4C購12","53,000","6","149,880","2.85","2.86","2.78","2.86","+","0.27","2.72","300","2.75","10","455.00",
="084459","技嘉元大4C購08","79,000","2","47,400","0.60","0.60","0.60","0.60","-","0.01","0.58","499","0.59","10","283.00",
="08445P","台積電凱基53售10","0","0","0","--","--","--","--"," ","0.00","0.11","100","0.21","10","0.00",
="084460","南亞科元大51購05","45,000","6","173,250","4.09","4.09","3.76","3.94","-","0.22","4.12","25","4.21","10","81.00",
="084461","南亞科元大54購01","65,000","8","86,900","1.30","1.37","1.30","1.37","-","0.01","1.38","25","1.41","10","81.00",
="084462","聯發科元大4C購14","0","0","0","--","--","--","--"," ","0.00","0.69","499","0.71","10","1,375.00",
="084463","聯發科元大51購27","0","0","0","--","--","--","--"," ","0.00","1.01","499","1.03","10","1,375.00",
="084464","皇昌元大4C購01","0","0","0","--","--","--","--"," ","0.00","0.57","499","0.58","10","72.70",
="084465","皇昌元大4C購02","0","0","0","--","--","--","--"," ","0.00","0.73","499","0.74","10","72.70",
="084466","長榮元大51購16","0","0","0","--","--","--","--"," ","0.00","0.15","499","0.16","10","182.00",
="084467","奇鋐元大4C購17","116,000","8","346,760","3.02","3.07","2.90","2.96","+","0.10","2.57","300","2.65","10","1,015.00",
="084468","奇鋐元大4C購19","184,000","2","997,000","5.50","5.50","5.40","5.40","+","0.49","4.77","150","4.87","10","1,015.00",
="084469","亞光元大51購04","446,000","12","470,030","1.08","1.08","1.02","1.02","-","0.09","1.00","504","1.03","10","161.50",
="08446P","技嘉凱基4A售01","0","0","0","--","--","--","--"," ","0.00","--","0","0.10","10","0.00",
="084470","德律元大4C購03","18,000","3","37,240","2.06","2.08","2.06","2.08","-","0.06","2.02","350","2.05","10","189.00",
="084471","緯創元大4C購09","0","0","0","--","--","--","--"," ","0.00","0.49","499","0.50","10","122.50",
="084472","新日興元大4C購06","5,000","1","10,650","2.13","2.13","2.13","2.13","-","0.06","0.95","10","--","0","237.00",
="084473","華擎元大4C購03","0","0","0","--","--","--","--"," ","0.00","1.43","499","1.47","10","278.00",
="084474","嘉澤元大51購08","0","0","0","--","--","--","--"," ","0.00","1.39","499","1.42","10","1,605.00",
="084475","辛耘元大4C購03","18,000","2","63,780","3.53","3.56","3.53","3.56","X","0.00","3.32","250","3.41","10","388.00",
="084476","健策元大4C購04","512,000","23","1,309,380","2.36","2.70","2.30","2.62","+","0.30","2.51","350","2.54","10","2,355.00",
="084477","貿聯元大51購06","0","0","0","--","--","--","--"," ","0.00","5.10","150","5.60","10","1,085.00",
="084478","日月光元大4C購03","67,000","5","80,700","1.26","1.26","1.18","1.18","+","0.07","1.17","499","1.20","10","174.50",
="084479","鈞興元大4C購01","4,000","1","3,360","0.84","0.84","0.84","0.84","X","0.00","0.83","499","0.86","10","178.50",
="08447P","聯發科凱基4A售12","0","0","0","--","--","--","--"," ","0.00","0.03","100","0.13","10","0.00",
="084480","祥碩元大4C購01","0","0","0","--","--","--","--"," ","0.00","0.10","499","0.11","10","1,525.00",
="084481","祥碩元大4C購02","0","0","0","--","--","--","--"," ","0.00","0.26","499","0.27","10","1,525.00",
="084482","聯茂元大4C購09","118,000","7","554,880","4.56","4.84","4.56","4.84","+","0.32","4.14","25","4.22","10","111.50",
="084483","穎崴元大56購01","0","0","0","--","--","--","--"," ","0.00","6.25","100","6.75","10","2,015.00",
="084484","緯穎元大51購12","0","0","0","--","--","--","--"," ","0.00","0.99","499","1.00","10","3,140.00",
="084485","泓德元大4C購04","0","0","0","--","--","--","--"," ","0.00","--","0","0.10","10","125.50",
="084486","昇陽半元大4C購06","425,000","17","486,100","1.10","1.23","1.04","1.04","-","0.07","1.02","549","1.04","8","179.50",
="084487","勤誠元大4C購04","166,000","8","824,160","4.89","5.10","4.63","5.05","+","0.22","4.69","150","4.79","10","600.00",
="084488","美利達元大4C購01","38,000","1","45,980","1.21","1.21","1.21","1.21","X","0.00","1.02","499","1.06","10","108.00",
="084489","世紀鋼元大4C購05","0","0","0","--","--","--","--"," ","0.00","0.11","499","0.12","10","171.50",
="08448P","貿聯凱基4B售02","0","0","0","--","--","--","--"," ","0.00","--","0","0.02","50","0.00",
="084490","元石油國票4C購02","0","0","0","--","--","--","--"," ","0.00","0.63","25","0.64","10","16.00",
="084491","元石油國票52購02","0","0","0","--","--","--","--"," ","0.00","0.56","25","0.57","10","16.00",
="084492","元油反國票4C購02","11,000","2","9,680","0.88","0.88","0.88","0.88","+","0.06","0.87","25","0.89","10","6.75",
="084493","元油反國票52購01","0","0","0","--","--","--","--"," ","0.00","0.73","25","0.74","10","6.75",
="084494","SGBR2X國票51購02","0","0","0","--","--","--","--"," ","0.00","0.44","25","0.45","10","10.98",
="084495","SGBR2X國票52購03","0","0","0","--","--","--","--"," ","0.00","0.77","25","0.78","10","10.98",
="084496","道瓊銅國票56購01","0","0","0","--","--","--","--"," ","0.00","2.49","25","2.50","10","25.59",
="084497","中砂國票51購03","818,000","13","1,774,800","2.01","2.31","2.01","2.24","+","0.32","2.11","25","2.12","10","339.00",
="084498","信錦國票51購01","0","0","0","--","--","--","--"," ","0.00","1.02","25","1.03","10","69.40",
="084499","長榮航國票4C購03","6,000","2","10,290","1.73","1.73","1.70","1.70","-","0.01","1.67","25","1.68","10","38.85",
="08449P","臺股指凱基4A售37","0","0","0","--","--","--","--"," ","0.00","--","0","0.02","10","0.00",
="084500","融程電國票51購02","0","0","0","--","--","--","--"," ","0.00","2.87","25","2.97","10","184.00",
="084501","宏致國票4C購01","0","0","0","--","--","--","--"," ","0.00","3.01","25","3.08","10","73.30",
="084502","精銳國票51購01","0","0","0","--","--","--","--"," ","0.00","0.37","25","0.38","10","695.00",
="084503","乙盛國票51購01","1,000","1","3,790","3.79","3.79","3.79","3.79","-","0.39","3.73","25","3.81","10","73.80",
="084504","來億國票51購02","0","0","0","--","--","--","--"," ","0.00","0.10","25","0.11","10","224.00",
="084505","世紀鋼國票52購03","0","0","0","--","--","--","--"," ","0.00","0.17","25","0.18","10","171.50",
="084506","喬山統一56購01","415,000","11","255,360","0.60","0.65","0.56","0.56","-","0.05","0.56","10","0.57","10","167.00",
="084507","華晶科統一56購01","0","0","0","--","--","--","--"," ","0.00","1.37","10","1.40","10","52.80",
="084508","玉晶光統一56購04","105,000","3","80,660","0.77","0.77","0.76","0.76","-","0.02","0.74","10","0.75","10","443.50",
="084509","牧德統一55購02","0","0","0","--","--","--","--"," ","0.00","0.42","10","0.43","10","544.00",
="08450P","滬深2X元富4A售08","0","0","0","--","--","--","--"," ","0.00","0.01","25","0.10","10","0.00",
="084510","貿聯統一56購02","0","0","0","--","--","--","--"," ","0.00","1.31","10","1.32","10","1,085.00",
="084511","訊芯統一58購01","42,000","2","29,400","0.70","0.70","0.70","0.70","+","0.04","0.66","10","0.67","10","164.50",
="084512","訊芯統一5C購01","200,000","1","132,000","0.66","0.66","0.66","0.66","X","0.00","0.63","10","0.64","10","164.50",
="084513","泓德統一56購02","0","0","0","--","--","--","--"," ","0.00","0.08","10","0.09","10","125.50",
="084514","勤誠統一56購02","0","0","0","--","--","--","--"," ","0.00","1.14","10","1.15","10","600.00",
="084515","勤誠統一5C購02","106,000","7","150,520","1.41","1.44","1.41","1.44","X","0.00","1.40","10","1.41","10","600.00",
="084516","勤誠統一62購01","165,000","10","177,600","1.08","1.08","1.06","1.08","+","0.03","1.06","10","1.07","10","600.00",
="084518","A50正2群益4C購01","0","0","0","--","--","--","--"," ","0.00","0.23","4","--","0","32.79",
="084519","國企2X群益4C購01","70,000","3","165,000","2.46","2.46","2.33","2.33","-","0.14","2.25","10","2.35","10","11.65",
="08451P","南亞科元富4A售06","0","0","0","--","--","--","--"," ","0.00","--","0","--","0","0.00",
="084520","SGBR2X群益4C購01","0","0","0","--","--","--","--"," ","0.00","0.22","25","0.23","10","10.98",
="084521","士電群益51購01","0","0","0","--","--","--","--"," ","0.00","0.60","10","0.70","10","183.00",
="084522","華城群益4C購05","43,000","2","39,990","0.93","0.93","0.93","0.93","+","0.03","0.23","10","--","0","586.00",
="084523","中砂群益51購02","300,000","1","258,000","0.86","0.86","0.86","0.86","+","0.09","0.85","10","0.95","10","339.00",
="084524","大成鋼群益4C購04","0","0","0","--","--","--","--"," ","0.00","2.89","10","2.99","10","37.90",
="084525","台積電群益56購02","0","0","0","--","--","--","--"," ","0.00","0.72","11","--","0","1,340.00",
="084526","漢唐群益4C購04","0","0","0","--","--","--","--"," ","0.00","--","0","14.30","10","987.00",
="084527","南亞科群益4C購08","0","0","0","--","--","--","--"," ","0.00","2.70","65","--","0","81.00",
="084528","南亞科群益51購07","0","0","0","--","--","--","--"," ","0.00","2.06","65","3.26","2","81.00",
="084529","聯發科群益4C購10","0","0","0","--","--","--","--"," ","0.00","--","0","--","0","1,375.00",
="08452P","臺股指元富4A售21","0","0","0","--","--","--","--"," ","0.00","--","0","0.10","25","0.00",
="084531","奇鋐群益4C購05","0","0","0","--","--","--","--"," ","0.00","--","0","7.60","10","1,015.00",
="084532","亞光群益4C購07","6,000","2","11,130","1.93","1.93","1.78","1.78","-","0.14","1.78","100","1.82","100","161.50",
="084533","緯創群益4C購04","0","0","0","--","--","--","--"," ","0.00","--","0","--","0","122.50",
="084534","新日興群益4C購02","0","0","0","--","--","--","--"," ","0.00","--","0","4.21","10","237.00",
="084535","辛耘群益4C購02","1,316,000","16","4,895,250","3.67","4.06","3.61","4.02","+","0.90","1.00","33","--","0","388.00",
="084536","世芯群益4C購14","0","0","0","--","--","--","--"," ","0.00","--","0","6.20","10","3,700.00",
="084537","貿聯群益4C購06","0","0","0","--","--","--","--"," ","0.00","--","0","6.50","10","1,085.00",
="084538","神達群益4C購05","0","0","0","--","--","--","--"," ","0.00","--","0","7.00","10","90.00",
="084539","日月光群益4C購01","55,000","6","91,770","1.72","1.72","1.64","1.66","+","0.14","1.60","10","1.70","10","174.50",
="08453P","臺股指元富4A售22","0","0","0","--","--","--","--"," ","0.00","--","0","0.01","180","0.00",
="084540","精銳群益4C購03","20,000","1","14,800","0.74","0.74","0.74","0.74","-","0.03","0.72","10","0.80","20","695.00",
="084541","聯茂群益4C購02","0","0","0","--","--","--","--"," ","0.00","3.09","14","--","0","111.50",
="084542","訊芯群益52購01","102,000","5","95,240","0.95","0.95","0.92","0.92","+","0.06","0.37","135","--","0","164.50",
="084543","穎崴群益52購06","0","0","0","--","--","--","--"," ","0.00","3.55","10","3.65","10","2,015.00",
="084544","緯穎群益4C購06","0","0","0","--","--","--","--"," ","0.00","--","0","4.79","10","3,140.00",
="084545","世紀鋼群益52購01","0","0","0","--","--","--","--"," ","0.00","0.21","10","0.31","10","171.50",
="084546","臺股指群益53購08","0","0","0","--","--","--","--"," ","0.00","3.54","499","--","0","0.00",
="084547","臺股指群益53購09","0","0","0","--","--","--","--"," ","0.00","6.40","499","6.45","499","0.00",
="084548","臺股指群益5B購01","0","0","0","--","--","--","--"," ","0.00","4.95","499","4.96","499","0.00",
="084549","台達電統一56購02","33,000","5","134,350","4.11","4.11","4.00","4.00","-","0.15","4.00","10","--","0","893.00",
="08454P","T50正2中信52售01","0","0","0","--","--","--","--"," ","0.00","0.12","100","0.13","100","0.00",
="084550","順德統一56購02","0","0","0","--","--","--","--"," ","0.00","0.60","10","0.61","10","81.90",
="084551","矽統統一56購01","16,000","2","11,270","0.71","0.71","0.68","0.68","-","0.05","0.67","12","0.68","10","58.60",
="084552","技嘉統一56購01","509,000","2","244,320","0.48","0.48","0.48","0.48","+","0.01","0.47","40","0.48","10","283.00",
="084553","精成科統一54購01","50,000","3","173,500","3.47","3.47","3.47","3.47","-","0.04","3.13","10","3.16","10","125.50",
="084554","達運光統一56購01","1,000","1","950","0.95","0.95","0.95","0.95","-","0.06","0.91","11","0.92","10","95.50",
="084555","華城中信4C購01","40,000","4","30,500","0.77","0.77","0.75","0.76","-","0.05","0.74","10","0.75","10","0.00",
="084556","中砂中信4C購01","163,000","16","82,700","0.45","0.54","0.45","0.46","+","0.05","0.46","9","0.47","10","0.00",
="084557","辛耘中信4C購02","657,000","17","389,400","0.58","0.63","0.55","0.56","+","0.09","0.54","10","0.55","10","0.00",
="084558","臺股指中信54購01","0","0","0","--","--","--","--"," ","0.00","2.47","499","2.48","100","0.00",
="084559","T50反1永豐51購02","0","0","0","--","--","--","--"," ","0.00","0.02","10","0.09","10","18.29",
="08455P","台積電中信4C售07","5,000","1","150","0.03","0.03","0.03","0.03","X","0.00","0.03","100","0.04","10","0.00",
="084560","士電永豐51購01","0","0","0","--","--","--","--"," ","0.00","0.74","499","0.75","10","183.00",
="084561","威盛永豐51購01","104,000","10","88,660","0.91","0.91","0.80","0.80","-","0.13","0.80","26","0.81","10","59.50",
="084562","凌陽永豐54購01","0","0","0","--","--","--","--"," ","0.00","1.79","10","1.81","10","23.65",
="084563","辛耘永豐52購03","167,000","8","242,720","1.45","1.55","1.42","1.42","+","0.21","1.39","499","1.41","10","388.00",
="084564","達興永豐51購01","0","0","0","--","--","--","--"," ","0.00","3.71","499","3.76","10","399.00",
="084565","精成科永豐4C購01","6,000","2","61,100","10.40","10.40","9.10","9.10","-","0.20","8.45","499","8.65","10","125.50",
="084566","穎崴永豐52購01","0","0","0","--","--","--","--"," ","0.00","3.08","10","3.18","10","2,015.00",
="084567","富世達永豐52購03","117,000","9","237,880","1.96","2.31","1.90","2.31","+","0.55","2.01","10","2.11","10","1,010.00",
="084568","泓德永豐51購01","0","0","0","--","--","--","--"," ","0.00","0.01","509","0.03","10","125.50",
="084569","鈺齊永豐52購01","75,000","7","244,270","3.29","3.29","3.23","3.25","-","0.30","3.21","499","3.28","10","101.50",
="08456P","南亞科中信4A售02","0","0","0","--","--","--","--"," ","0.00","--","0","0.02","10","0.00",
="084570","中砂兆豐53購01","395,000","15","369,710","0.89","0.96","0.89","0.90","+","0.08","0.89","10","0.90","10","339.00",
="084571","碩天兆豐4C購01","50,000","1","13,000","0.26","0.26","0.26","0.26","-","0.02","0.25","10","0.26","10","217.00",
="084572","世芯兆豐53購01","0","0","0","--","--","--","--"," ","0.00","2.20","10","2.29","10","3,700.00",
="084573","神達兆豐53購01","0","0","0","--","--","--","--"," ","0.00","2.76","10","2.85","10","90.00",
="084574","勤誠兆豐53購01","0","0","0","--","--","--","--"," ","0.00","2.28","10","2.37","10","600.00",
="084575","T50正2國泰51購02","10,000","1","125,000","12.50","12.50","12.50","12.50","X","0.00","12.40","499","12.70","10","302.45",
="084576","華城國泰51購02","0","0","0","--","--","--","--"," ","0.00","2.96","499","2.98","100","586.00",
="084577","華城國泰51購03","29,000","1","60,610","2.09","2.09","2.09","2.09","X","0.00","1.99","499","2.01","499","586.00",
="084578","緯創國泰51購04","0","0","0","--","--","--","--"," ","0.00","0.68","499","0.70","499","122.50",
="084579","緯創國泰51購05","60,000","2","55,800","0.93","0.93","0.93","0.93","X","0.00","0.92","499","0.93","499","122.50",
="08457P","聯發科中信4C售04","0","0","0","--","--","--","--"," ","0.00","0.24","499","0.25","100","0.00",
="084580","穎崴國泰51購03","0","0","0","--","--","--","--"," ","0.00","7.10","170","--","0","2,015.00",
="084582","慧洋富邦4C購02","1,000","1","450","0.45","0.45","0.45","0.45","-","0.04","0.46","10","0.47","10","0.00",
="084583","牧德富邦53購01","198,000","7","68,440","0.34","0.37","0.34","0.34","-","0.06","0.33","10","0.34","10","0.00",
="084584","精成科富邦52購03","0","0","0","--","--","--","--"," ","0.00","3.06","10","3.16","10","0.00",
="084585","采鈺富邦4C購01","0","0","0","--","--","--","--"," ","0.00","2.46","10","2.50","10","0.00",
="084586","臺股指富邦51購13","5,000","2","19,070","3.79","3.85","3.79","3.85","+","0.30","3.92","499","3.96","10","0.00",
="084587","臺股指富邦56購05","1,000","1","3,230","3.23","3.23","3.23","3.23","+","0.30","3.27","499","3.28","100","0.00",
="084588","T50反1元富4C購09","0","0","0","--","--","--","--"," ","0.00","0.07","25","0.10","10","18.29",
="084589","T50反1元富56購01","0","0","0","--","--","--","--"," ","0.00","0.22","25","0.23","25","18.29",
="08458P","緯創中信4A售05","0","0","0","--","--","--","--"," ","0.00","--","0","0.02","10","0.00",
="084591","T50反1元富56購02","0","0","0","--","--","--","--"," ","0.00","0.24","25","0.25","25","18.29",
="084592","FANG+元富4C購02","10,000","1","22,200","2.22","2.22","2.22","2.22","-","0.04","2.22","25","2.23","25","118.00",
="084593","台塑元富4C購04","0","0","0","--","--","--","--"," ","0.00","1.84","25","1.85","25","38.60",
="084594","中砂元富4C購01","164,000","22","470,730","2.63","3.00","2.53","2.90","+","0.52","2.63","25","2.73","10","339.00",
="084595","中砂元富56購01","36,000","5","116,810","3.17","3.40","3.08","3.40","+","0.42","3.16","25","3.18","25","339.00",
="084596","鴻海元富4C購08","0","0","0","--","--","--","--"," ","0.00","5.45","25","5.60","25","221.00",
="084597","鴻海元富4C購09","0","0","0","--","--","--","--"," ","0.00","28.90","25","29.70","25","221.00",
="084598","順德元富51購01","0","0","0","--","--","--","--"," ","0.00","0.78","25","0.79","25","81.90",
="084599","鴻準元富4C購04","0","0","0","--","--","--","--"," ","0.00","2.22","25","2.24","25","70.70",
="08459P","臺股指中信51售06","0","0","0","--","--","--","--"," ","0.00","--","0","0.02","10","0.00",
="084600","華碩元富4C購02","2,000","1","1,700","0.85","0.85","0.85","0.85","X","0.00","0.82","25","0.83","25","684.00",
="084601","佳能元富4C購03","0","0","0","--","--","--","--"," ","0.00","24.90","25","25.20","25","88.80",
="084602","美律元富56購01","107,000","5","104,130","0.95","1.01","0.95","1.01","X","0.00","0.99","25","1.01","25","104.00",
="084603","聯發科元富51購10","0","0","0","--","--","--","--"," ","0.00","3.47","25","3.57","10","1,375.00",
="084604","新日興元富4C購01","0","0","0","--","--","--","--"," ","0.00","--","0","--","0","237.00",
="084605","新日興元富4C購02","9,000","2","21,330","2.37","2.37","2.37","2.37","+","0.04","0.73","13","--","0","237.00",
="084606","創意元富4C購09","0","0","0","--","--","--","--"," ","0.00","1.41","25","--","0","1,315.00",
="084607","辛耘元富4C購04","459,000","9","607,450","1.34","1.37","1.19","1.37","X","0.00","1.19","25","1.20","10","388.00",
="084608","世芯元富56購06","24,000","2","57,480","2.42","2.42","2.39","2.39","-","0.16","2.25","25","2.27","25","3,700.00",
="084609","神達元富4C購05","30,000","3","119,980","3.91","4.11","3.79","4.11","+","0.31","3.91","25","3.97","25","90.00",
="08460P","臺股指中信51售07","0","0","0","--","--","--","--"," ","0.00","0.08","499","0.09","100","0.00",
="084610","神達元富51購02","0","0","0","--","--","--","--"," ","0.00","3.67","25","3.77","25","90.00",
="084611","精成科元富4C購01","0","0","0","--","--","--","--"," ","0.00","3.13","25","--","0","125.50",
="084612","精成科元富4C購02","0","0","0","--","--","--","--"," ","0.00","3.12","25","--","0","125.50",
="084613","聯茂元富4C購03","0","0","0","--","--","--","--"," ","0.00","2.03","25","2.13","10","111.50",
="084614","緯穎元富56購02","0","0","0","--","--","--","--"," ","0.00","2.59","25","2.60","25","3,140.00",
="084615","連加元富4C購01","0","0","0","--","--","--","--"," ","0.00","0.51","25","0.52","25","606.00",
="084616","世紀鋼元富4C購04","0","0","0","--","--","--","--"," ","0.00","0.17","25","0.18","25","171.50",
="084617","臺股指元富51購11","0","0","0","--","--","--","--"," ","0.00","6.55","25","6.60","25","0.00",
="084618","臺股指元富51購12","0","0","0","--","--","--","--"," ","0.00","5.80","25","5.85","25","0.00",
="084619","臺股指元富51購13","0","0","0","--","--","--","--"," ","0.00","6.40","25","6.45","25","0.00",
="08461P","聚陽國票4B售01","0","0","0","--","--","--","--"," ","0.00","0.09","25","0.10","10","0.00",
="084620","A50正2國票51購04","8,000","1","24,640","3.08","3.08","3.08","3.08","X","0.00","3.04","25","3.06","10","32.79",
="084621","南亞國票51購02","0","0","0","--","--","--","--"," ","0.00","6.45","25","6.70","10","39.80",
="084622","台化國票4C購01","0","0","0","--","--","--","--"," ","0.00","3.18","25","3.28","10","28.95",
="084623","亞力國票4C購02","0","0","0","--","--","--","--"," ","0.00","0.25","25","0.26","10","102.50",
="084624","華城國票51購02","0","0","0","--","--","--","--"," ","0.00","2.63","25","2.64","10","586.00",
="084625","鴻海國票52購01","129,000","15","701,450","5.20","5.55","5.20","5.45","+","0.65","5.40","30","5.55","10","221.00",
="084626","順德國票51購02","11,000","2","14,750","1.34","1.35","1.34","1.35","+","0.05","1.37","25","1.39","10","81.90",
="084627","毅嘉國票51購01","0","0","0","--","--","--","--"," ","0.00","4.93","25","5.15","10","53.50",
="084628","漢唐國票51購03","0","0","0","--","--","--","--"," ","0.00","15.20","25","16.20","10","987.00",
="084629","全新國票4C購02","6,000","2","14,910","2.51","2.51","2.36","2.36","-","0.34","2.33","25","2.34","10","160.00",
="08462P","南亞科國票4C售01","0","0","0","--","--","--","--"," ","0.00","0.01","30","0.03","504","0.00",
="084630","全新國票51購01","0","0","0","--","--","--","--"," ","0.00","2.59","25","2.64","10","160.00",
="084631","德律國票52購01","14,000","2","41,480","3.22","3.22","2.82","2.82","-","0.14","2.86","25","2.88","10","189.00",
="084632","智原國票51購04","270,000","4","201,400","0.67","0.76","0.67","0.75","+","0.19","0.67","25","0.68","10","174.00",
="084633","新日興國票51購01","0","0","0","--","--","--","--"," ","0.00","3.28","25","3.35","10","237.00",
="084634","玉晶光國票4C購02","9,000","1","20,520","2.28","2.28","2.28","2.28","-","0.13","2.36","25","2.39","10","443.50",
="084635","玉晶光國票51購01","0","0","0","--","--","--","--"," ","0.00","2.34","25","2.36","10","443.50",
="084636","群創國票4C購02","0","0","0","--","--","--","--"," ","0.00","1.69","25","1.73","10","14.15",
="084637","華擎國票51購02","0","0","0","--","--","--","--"," ","0.00","2.43","25","2.44","10","278.00",
="084638","世芯國票53購01","21,000","3","91,300","4.35","4.35","4.30","4.30","-","0.33","3.89","25","3.90","10","3,700.00",
="084639","迅得國票52購01","11,000","4","16,490","1.53","1.54","1.42","1.42","-","0.05","1.39","25","1.40","10","176.00",
="08463P","景碩國票4B售02","0","0","0","--","--","--","--"," ","0.00","0.01","25","0.05","10","0.00",
="084640","AES國票51購02","0","0","0","--","--","--","--"," ","0.00","3.61","25","3.71","10","1,195.00",
="084641","聯發科第一56購04","24,000","6","20,780","0.88","0.88","0.86","0.86","-","0.06","0.85","10","0.86","5","0.00",
="084642","SGBR2X凱基53購02","8,000","4","7,200","0.91","0.91","0.89","0.90","-","0.09","0.90","100","0.91","51","10.98",
="084643","中興電凱基4C購04","0","0","0","--","--","--","--"," ","0.00","0.20","100","0.21","10","159.00",
="084644","華城凱基4C購04","0","0","0","--","--","--","--"," ","0.00","1.18","100","1.28","10","586.00",
="084645","金寶凱基4C購02","625,000","9","358,880","0.59","0.60","0.55","0.55","-","0.01","0.55","10","0.56","10","19.60",
="084646","鴻海凱基51購08","43,000","4","124,700","2.78","3.00","2.78","3.00","X","0.00","2.94","100","3.00","1","221.00",
="084647","台積電凱基51購16","0","0","0","--","--","--","--"," ","0.00","2.01","100","2.11","10","1,340.00",
="084648","鴻海凱基4B購02","0","0","0","--","--","--","--"," ","0.00","2.21","320","2.31","10","221.00",
="084649","台積電凱基53購13","0","0","0","--","--","--","--"," ","0.00","2.03","100","2.13","10","1,340.00",
="08464P","緯創國票52售01","0","0","0","--","--","--","--"," ","0.00","0.40","25","0.41","10","0.00",
="084650","順德凱基51購02","10,000","2","9,900","0.99","0.99","0.99","0.99","-","0.06","1.02","10","1.03","10","81.90",
="084651","漢唐凱基4C購04","0","0","0","--","--","--","--"," ","0.00","16.80","10","--","0","987.00",
="084652","南亞科凱基55購02","151,000","17","542,280","3.46","3.70","3.42","3.70","+","0.08","3.63","499","3.73","10","81.00",
="084653","聯發科凱基51購08","23,000","7","23,630","1.06","1.06","0.98","0.98","-","0.19","0.97","100","0.98","7","1,375.00",
="084654","長榮凱基4C購05","0","0","0","--","--","--","--"," ","0.00","0.24","499","0.25","40","182.00",
="084655","長榮航凱基51購02","165,000","3","169,500","1.00","1.04","1.00","1.01","-","0.03","1.01","100","1.11","10","38.85",
="084656","奇鋐凱基51購05","0","0","0","--","--","--","--"," ","0.00","2.09","100","2.14","10","1,015.00",
="084657","德律凱基4C購02","51,000","11","156,320","3.45","3.45","2.96","3.00","-","0.14","2.98","10","3.02","10","189.00",
="084658","緯創凱基51購01","0","0","0","--","--","--","--"," ","0.00","0.82","100","0.84","10","122.50",
="084659","創意凱基53購01","217,000","11","368,680","1.61","1.73","1.61","1.69","+","0.18","1.68","100","1.70","10","1,315.00",
="08465P","穎崴國票4B售02","0","0","0","--","--","--","--"," ","0.00","0.01","25","0.05","10","0.00",
="084660","華擎凱基4C購03","0","0","0","--","--","--","--"," ","0.00","1.43","100","1.46","10","278.00",
="084661","辛耘凱基4C購02","13,000","3","26,770","2.08","2.08","1.83","1.83","+","0.33","1.78","10","1.88","10","388.00",
="084662","健策凱基51購03","0","0","0","--","--","--","--"," ","0.00","5.95","100","6.45","10","2,355.00",
="084663","世芯凱基51購10","317,000","12","506,860","1.76","1.76","1.52","1.52","-","0.20","1.52","100","1.56","10","3,700.00",
="084664","貿聯凱基51購02","0","0","0","--","--","--","--"," ","0.00","4.08","100","4.18","10","1,085.00",
="084665","神達凱基51購05","448,000","13","2,016,440","4.54","4.79","4.46","4.48","+","0.29","4.58","100","4.62","10","90.00",
="084666","精成科凱基4C購05","3,000","1","22,650","7.55","7.55","7.55","7.55","-","0.35","6.60","100","6.65","10","125.50",
="084667","緯穎凱基51購06","0","0","0","--","--","--","--"," ","0.00","3.67","100","3.69","10","3,140.00",
="084668","臺股指凱基59購04","0","0","0","--","--","--","--"," ","0.00","5.25","100","5.30","10","0.00",
="084669","國喬群益4C購02","134,000","2","97,320","0.73","0.73","0.72","0.72","X","0.00","0.71","25","0.72","10","9.51",
="08466P","台積電元大4A售61","0","0","0","--","--","--","--"," ","0.00","--","0","0.10","10","0.00",
="084670","亞力群益4C購03","0","0","0","--","--","--","--"," ","0.00","0.17","100","0.18","100","102.50",
="084671","台積電群益51購09","0","0","0","--","--","--","--"," ","0.00","0.15","9","--","0","1,340.00",
="084672","智邦群益56購01","5,000","1","8,100","1.62","1.62","1.62","1.62","X","0.00","--","0","1.67","10","1,005.00",
="084673","順德群益51購02","0","0","0","--","--","--","--"," ","0.00","0.86","25","0.87","10","81.90",
="084674","鴻準群益52購01","0","0","0","--","--","--","--"," ","0.00","--","0","2.14","10","70.70",
="084675","技嘉群益51購02","171,000","11","292,940","1.72","1.73","1.70","1.70","X","0.00","1.68","10","1.78","10","283.00",
="084676","台光電群益4C購07","0","0","0","--","--","--","--"," ","0.00","--","0","--","0","1,345.00",
="084677","聯發科群益51購08","20,000","1","16,000","0.80","0.80","0.80","0.80","-","0.10","0.15","10","--","0","1,375.00",
="084678","皇昌群益4C購03","0","0","0","--","--","--","--"," ","0.00","1.80","25","1.85","10","72.70",
="084679","長榮群益51購01","0","0","0","--","--","--","--"," ","0.00","0.23","100","0.24","100","182.00",
="08467P","台積電元大4A售62","0","0","0","--","--","--","--"," ","0.00","--","0","0.10","10","0.00",
="084680","中信金群益4C購01","0","0","0","--","--","--","--"," ","0.00","0.80","12","--","0","43.25",
="084681","奇鋐群益4C購06","0","0","0","--","--","--","--"," ","0.00","--","0","7.00","10","1,015.00",
="084682","創意群益4C購04","0","0","0","--","--","--","--"," ","0.00","0.34","30","1.35","10","1,315.00",
="084683","嘉澤群益4C購06","0","0","0","--","--","--","--"," ","0.00","0.19","10","--","0","1,605.00",
="084684","牧德群益4C購05","0","0","0","--","--","--","--"," ","0.00","0.19","10","0.29","10","544.00",
="084685","辛耘群益4C購03","0","0","0","--","--","--","--"," ","0.00","0.24","10","--","0","388.00",
="084686","碩天群益52購01","0","0","0","--","--","--","--"," ","0.00","0.44","10","0.54","10","217.00",
="084687","聯茂群益4C購03","0","0","0","--","--","--","--"," ","0.00","4.59","2","--","0","111.50",
="084688","緯穎群益52購05","0","0","0","--","--","--","--"," ","0.00","0.08","9","--","0","3,140.00",
="084689","洋基群益4C購02","27,000","2","62,440","2.31","2.38","2.31","2.38","X","0.00","2.27","10","2.37","10","449.00",
="08468P","聯發科元大4A售23","0","0","0","--","--","--","--"," ","0.00","0.03","499","0.12","10","0.00",
="084690","泓德群益4C購01","0","0","0","--","--","--","--"," ","0.00","0.28","25","0.29","10","125.50",
="084691","來億群益4C購01","0","0","0","--","--","--","--"," ","0.00","0.06","10","0.16","10","224.00",
="084692","天虹群益4C購01","0","0","0","--","--","--","--"," ","0.00","0.55","2","1.30","10","252.50",
="084693","勤誠群益51購01","10,000","2","30,320","3.13","3.13","2.99","2.99","X","0.00","2.93","100","3.00","100","600.00",
="084694","鈺齊群益4C購02","40,000","1","10,000","0.25","0.25","0.25","0.25","-","0.02","0.23","25","0.24","10","101.50",
="084695","巨大群益4C購01","0","0","0","--","--","--","--"," ","0.00","0.25","25","0.26","10","101.00",
="084696","元黃金元大53購02","53,000","4","56,230","1.07","1.08","1.06","1.06","+","0.07","1.07","250","1.08","100","40.68",
="084697","中砂元大4C購01","355,000","9","476,780","1.33","1.46","1.33","1.44","+","0.22","1.33","499","1.37","10","339.00",
="084698","中砂元大4C購02","37,000","7","67,930","1.82","2.00","1.75","1.84","+","0.15","1.81","450","1.85","10","339.00",
="084699","中砂元大51購02","113,000","3","189,830","1.69","1.73","1.67","1.73","+","0.25","1.58","499","1.61","10","339.00",
="08469P","緯穎元大4A售17","0","0","0","--","--","--","--"," ","0.00","--","0","0.10","10","0.00",
="084700","光寶科元大4C購01","31,000","11","148,240","4.69","5.05","4.51","5.05","-","0.15","4.85","150","4.95","10","183.00",
="084701","台積電元大4C購28","105,000","3","151,100","1.35","1.46","1.35","1.46","+","0.34","0.12","83","--","0","1,340.00",
="084702","台積電元大51購45","4,000","4","6,300","1.55","1.65","1.55","1.65","+","0.26","0.12","83","--","0","1,340.00",
="084703","智邦元大4C購08","59,000","3","226,840","3.76","3.86","3.76","3.86","+","0.38","0.54","18","--","0","1,005.00",
="084704","技嘉元大4C購09","72,000","1","36,000","0.50","0.50","0.50","0.50","X","0.00","0.47","499","0.48","10","283.00",
="084705","台光電元大51購04","82,000","5","415,200","5.05","5.85","5.00","5.85","+","0.80","5.35","150","5.60","10","1,345.00",
="084706","台光電元大54購02","93,000","6","475,500","4.96","5.60","4.96","5.60","X","0.00","5.20","150","5.35","10","1,345.00",
="084707","南亞科元大51購06","212,000","21","955,730","4.68","4.73","4.30","4.73","+","0.11","4.70","25","4.80","10","81.00",
="084708","聯發科元大51購28","0","0","0","--","--","--","--"," ","0.00","0.77","499","0.79","10","1,375.00",
="084709","長榮元大51購17","0","0","0","--","--","--","--"," ","0.00","0.15","499","0.16","10","182.00",
="08470P","鴻海台新4A售07","0","0","0","--","--","--","--"," ","0.00","--","0","--","0","0.00",
="084710","華航元大4C購04","0","0","0","--","--","--","--"," ","0.00","0.50","499","0.51","10","20.95",
="084712","奇鋐元大4C購20","480,000","15","559,220","1.22","1.22","1.01","1.03","+","0.02","0.97","499","1.02","10","1,015.00",
="084714","德律元大4C購04","0","0","0","--","--","--","--"," ","0.00","2.13","350","2.17","10","189.00",
="084717","鴻海統一4B購01","30,000","3","73,500","2.40","2.50","2.40","2.50","+","0.14","2.47","10","2.48","10","221.00",
="084718","鴻海統一53購02","0","0","0","--","--","--","--"," ","0.00","1.81","10","1.82","10","221.00",
="084719","鴻海統一53購03","0","0","0","--","--","--","--"," ","0.00","2.68","10","2.69","10","221.00",
="08471P","台灣50中信51售02","0","0","0","--","--","--","--"," ","0.00","0.01","100","0.02","30","0.00",
="084720","日電貿元大4C購03","1,000","1","1,230","1.23","1.23","1.23","1.23","-","0.08","1.19","499","1.21","10","74.80",
="084721","緯創元大4C購11","258,000","1","85,140","0.33","0.33","0.33","0.33","X","0.00","0.28","499","0.29","10","122.50",
="084722","牧德元大4C購04","10,000","1","4,900","0.49","0.49","0.49","0.49","-","0.03","0.49","499","0.50","10","544.00",
="084724","辛耘元大4C購04","88,000","2","152,680","1.71","1.82","1.71","1.82","X","0.00","1.63","25","1.66","10","388.00",
="084726","世芯元大4C購07","94,000","4","270,640","3.08","3.08","2.78","2.78","-","0.23","1.15","43","--","0","3,700.00",
="084727","貿聯元大4C購08","100,000","2","292,000","2.92","2.92","2.92","2.92","-","0.31","2.76","250","--","0","1,085.00",
="08472P","群創中信4A售01","0","0","0","--","--","--","--"," ","0.00","0.02","499","0.03","10","0.00",
="084730","大銀元大4C購03","0","0","0","--","--","--","--"," ","0.00","0.25","499","0.26","10","120.00",
="084731","達興元大4C購05","6,000","3","29,000","4.54","5.00","4.54","4.96","+","0.36","5.00","200","5.15","10","399.00",
="084733","達興元大4C購06","110,000","7","484,400","3.99","4.70","3.99","4.50","+","0.33","4.56","200","4.63","10","399.00",
="084734","迎廣元大4C購02","0","0","0","--","--","--","--"," ","0.00","0.14","499","0.15","10","85.80",
="084735","精成科元大51購04","0","0","0","--","--","--","--"," ","0.00","6.70","100","--","0","125.50",
="084736","精成科元大54購01","0","0","0","--","--","--","--"," ","0.00","5.60","100","--","0","125.50",
="084737","矽力元大4C購02","0","0","0","--","--","--","--"," ","0.00","0.08","499","0.09","10","273.00",
="084738","訊芯元大4C購01","84,000","2","48,820","0.58","0.59","0.58","0.59","+","0.10","0.49","499","0.51","10","164.50",
="084739","訊芯元大4C購02","502,000","22","388,640","0.75","0.81","0.74","0.74","+","0.01","0.69","25","--","0","164.50",
="08473P","臺股指中信52售01","0","0","0","--","--","--","--"," ","0.00","0.01","804","0.02","10","0.00",
="084740","保瑞元大4C購06","417,000","9","433,550","1.03","1.06","1.02","1.06","+","0.01","1.02","499","1.04","10","693.00",
="084741","穎崴元大56購02","198,000","13","783,360","3.96","4.00","3.77","3.85","+","0.15","3.83","200","3.86","10","2,015.00",
="084742","緯穎元大51購13","90,000","4","105,700","1.18","1.19","1.15","1.15","-","0.01","1.15","499","1.16","10","3,140.00",
="084743","泓德元大4C購05","0","0","0","--","--","--","--"," ","0.00","--","0","0.10","10","125.50",
="084744","ITH元大4C購08","211,000","1","75,960","0.36","0.36","0.36","0.36","-","0.03","0.34","499","0.35","10","43.90",
="084745","南電元大4C購02","0","0","0","--","--","--","--"," ","0.00","6.30","100","--","0","234.50",
="084746","勤誠元大4C購05","0","0","0","--","--","--","--"," ","0.00","4.55","200","4.65","10","600.00",
="084747","台灣50中信53購01","0","0","0","--","--","--","--"," ","0.00","4.18","499","4.21","10","0.00",
="084748","SGBR2X中信52購01","0","0","0","--","--","--","--"," ","0.00","0.22","499","0.23","100","0.00",
="084749","南亞科中信4C購04","2,578,000","107","3,232,940","1.36","2.00","1.18","1.38","+","0.02","1.38","10","1.41","10","0.00",
="08474P","南亞科群益54售02","148,000","7","16,500","0.13","0.13","0.10","0.10","-","0.03","0.10","22","0.18","30","0.00",
="084750","南亞科中信51購01","844,000","39","1,261,250","1.58","1.59","1.46","1.59","+","0.01","1.59","11","1.60","10","0.00",
="084751","南亞科中信52購02","0","0","0","--","--","--","--"," ","0.00","1.46","10","--","0","0.00",
="084752","聯發科中信51購03","40,000","2","49,580","1.24","1.24","1.22","1.22","-","0.09","1.17","499","1.20","10","0.00",
="084753","台灣50永豐52購04","0","0","0","--","--","--","--"," ","0.00","3.51","499","3.56","10","58.45",
="084754","台灣50永豐53購02","0","0","0","--","--","--","--"," ","0.00","10.80","499","11.20","10","58.45",
="084755","華城永豐52購03","10,000","1","11,700","1.17","1.17","1.17","1.17","-","0.06","1.14","10","1.24","10","586.00",
="084756","智邦永豐51購03","39,000","2","149,420","3.86","3.86","3.78","3.78","-","0.09","3.77","499","3.87","10","1,005.00",
="084757","南亞科永豐4C購05","0","0","0","--","--","--","--"," ","0.00","0.98","10","--","0","81.00",
="084758","南亞科永豐54購02","1,000","1","2,120","2.12","2.12","2.12","2.12","X","0.00","1.51","35","--","0","81.00",
="084759","晶豪科永豐52購01","138,000","19","542,930","4.07","4.08","3.72","4.08","+","0.07","4.16","1","--","0","81.00",
="08475P","南亞科富邦4C售03","0","0","0","--","--","--","--"," ","0.00","0.03","10","0.13","10","0.00",
="084760","德律永豐52購02","2,000","1","4,540","2.27","2.27","2.27","2.27","-","0.12","2.17","499","2.20","10","189.00",
="084761","新日興永豐52購01","6,000","1","22,080","3.68","3.68","3.68","3.68","-","0.19","1.47","6","--","0","237.00",
="084762","華擎永豐4C購02","0","0","0","--","--","--","--"," ","0.00","1.37","499","1.40","10","278.00",
="084763","嘉澤永豐52購02","10,000","1","10,700","1.07","1.07","1.07","1.07","X","0.00","1.05","499","1.06","10","1,605.00",
="084764","神達永豐56購01","0","0","0","--","--","--","--"," ","0.00","2.91","10","2.94","10","90.00",
="084765","精成科永豐4C購02","0","0","0","--","--","--","--"," ","0.00","8.65","499","8.80","10","125.50",
="084766","世紀鋼永豐51購02","0","0","0","--","--","--","--"," ","0.00","0.17","10","0.18","10","171.50",
="084767","華城兆豐53購03","15,000","1","16,800","1.12","1.12","1.12","1.12","X","0.00","1.09","10","1.10","10","586.00",
="084768","健策兆豐53購02","0","0","0","--","--","--","--"," ","0.00","3.10","10","--","0","2,355.00",
="084769","泓德兆豐53購01","0","0","0","--","--","--","--"," ","0.00","0.03","10","0.04","10","125.50",
="08476P","台灣50凱基4A售23","0","0","0","--","--","--","--"," ","0.00","--","0","0.02","10","0.00",
="084770","亞力群益4C購04","10,000","1","4,800","0.48","0.48","0.48","0.48","-","0.03","0.45","100","0.47","100","102.50",
="084771","川湖群益4C購03","5,000","1","46,250","9.25","9.25","9.25","9.25","-","0.75","8.70","100","8.95","100","3,220.00",
="084772","台積電群益51購11","0","0","0","--","--","--","--"," ","0.00","--","0","2.81","10","1,340.00",
="084773","旺宏群益51購01","0","0","0","--","--","--","--"," ","0.00","0.24","41","--","0","26.75",
="084774","技嘉群益51購03","0","0","0","--","--","--","--"," ","0.00","0.56","10","0.59","5","283.00",
="084775","南亞科群益4C購09","201,000","13","318,990","1.71","1.75","1.36","1.75","+","0.06","1.40","30","1.75","3","81.00",
="084776","南亞科群益4C購10","214,000","9","310,640","1.51","1.59","1.33","1.59","+","0.08","0.95","105","2.30","200","81.00",
="084777","聯發科群益53購01","312,000","11","454,370","1.46","1.51","1.42","1.42","-","0.18","0.45","22","--","0","1,375.00",
="084778","可成群益4C購02","0","0","0","--","--","--","--"," ","0.00","0.21","10","0.31","10","189.00",
="084779","長榮航群益4C購03","19,000","3","40,650","2.09","2.21","2.09","2.19","+","0.03","2.18","10","2.28","10","38.85",
="08477P","台灣50凱基4A售24","0","0","0","--","--","--","--"," ","0.00","--","0","0.02","10","0.00",
="084780","新日興群益4C購03","3,000","1","5,700","1.90","1.90","1.90","1.90","+","0.05","0.62","16","--","0","237.00",
="084781","世芯群益4C購15","4,000","1","11,320","2.83","2.83","2.83","2.83","-","0.25","0.96","10","--","0","3,700.00",
="084782","jpp群益51購03","51,000","10","140,430","2.82","2.82","2.57","2.68","-","0.05","1.10","18","--","0","286.50",
="084783","精成科群益4C購06","0","0","0","--","--","--","--"," ","0.00","--","0","3.99","10","125.50",
="084784","連加群益52購01","2,000","2","710","0.36","0.36","0.35","0.35"," ","0.00","0.34","10","0.44","10","606.00",
="084785","昇陽半群益4C購04","100,000","5","215,000","2.15","2.15","2.15","2.15","X","0.00","1.81","100","1.90","10","179.50",
="084786","振樺電群益4C購01","0","0","0","--","--","--","--"," ","0.00","0.10","110","0.20","10","229.50",
="084787","台灣50元富4C購02","20,000","3","159,150","7.85","8.25","7.85","8.25","+","1.00","8.30","25","8.35","25","58.45",
="084788","台灣50元富4C購03","25,000","3","183,250","7.20","7.55","7.20","7.55","X","0.00","7.50","25","7.55","25","58.45",
="084789","台灣50元富4C購04","0","0","0","--","--","--","--"," ","0.00","6.55","25","6.60","25","58.45",
="08478P","鴻海凱基4A售18","0","0","0","--","--","--","--"," ","0.00","--","0","0.10","10","0.00",
="084790","台灣50元富4C購05","45,000","4","240,050","5.40","5.55","5.30","5.55","+","0.73","5.75","25","5.80","25","58.45",
="084791","台灣50元富4C購06","1,438,000","8","6,261,900","4.06","4.37","4.06","4.37","+","0.66","4.43","25","4.44","10","58.45",
="084792","台灣50元富4C購07","1,050,000","4","3,330,500","3.17","3.21","3.17","3.21","+","0.60","3.23","25","3.24","10","58.45",
="084793","道瓊銀元富4C購02","0","0","0","--","--","--","--"," ","0.00","1.03","25","1.13","25","36.75",
="084794","華城元富4C購01","0","0","0","--","--","--","--"," ","0.00","1.30","25","1.40","10","586.00",
="084795","華城元富4C購02","0","0","0","--","--","--","--"," ","0.00","1.12","25","1.13","25","586.00",
="084796","台積電元富51購04","0","0","0","--","--","--","--"," ","0.00","--","0","--","0","1,340.00",
="084797","台積電元富51購05","0","0","0","--","--","--","--"," ","0.00","--","0","--","0","1,340.00",
="084798","台積電元富51購06","0","0","0","--","--","--","--"," ","0.00","0.23","4","--","0","1,340.00",
="084799","台積電元富51購07","0","0","0","--","--","--","--"," ","0.00","0.17","11","--","0","1,340.00",
="08479P","鴻海凱基54售03","0","0","0","--","--","--","--"," ","0.00","0.12","100","0.13","50","0.00",
="084800","台積電元富51購08","0","0","0","--","--","--","--"," ","0.00","1.97","3","--","0","1,340.00",
="084801","華碩元富4C購03","0","0","0","--","--","--","--"," ","0.00","0.73","25","0.74","25","684.00",
="084802","南亞科元富51購03","55,000","14","486,650","9.25","9.25","7.85","9.20","+","0.20","8.80","1","9.25","2","81.00",
="084803","偉詮電元富4C購01","22,000","4","20,940","0.92","0.98","0.87","0.95","+","0.01","0.94","25","0.95","25","56.00",
="084804","裕民元富4C購01","0","0","0","--","--","--","--"," ","0.00","0.43","25","0.44","25","55.30",
="084805","奇鋐元富4C購05","0","0","0","--","--","--","--"," ","0.00","4.14","25","4.24","10","1,015.00",
="084806","德律元富4C購01","15,000","1","72,450","4.83","4.83","4.83","4.83","+","0.15","4.68","25","4.78","10","189.00",
="084807","德律元富4C購02","80,000","5","292,540","3.68","3.73","3.58","3.58","-","0.23","3.45","25","3.55","10","189.00",
="084808","德律元富56購01","0","0","0","--","--","--","--"," ","0.00","1.57","25","1.67","25","189.00",
="084809","健鼎元富4C購01","30,000","1","81,000","2.70","2.70","2.70","2.70","-","0.05","2.71","25","2.76","25","309.50",
="08480P","所羅門凱基4A售04","0","0","0","--","--","--","--"," ","0.00","0.04","100","0.06","10","0.00",
="084810","健策元富56購01","170,000","34","5,798,200","31.90","35.50","31.90","33.40","+","1.90","33.40","25","33.60","25","2,355.00",
="084811","全訊元富4C購01","32,000","1","57,280","1.79","1.79","1.79","1.79","-","0.09","1.53","25","1.56","25","140.00",
="084812","聯茂元富4C購04","0","0","0","--","--","--","--"," ","0.00","1.48","25","1.52","25","111.50",
="084813","采鈺元富4C購01","0","0","0","--","--","--","--"," ","0.00","3.50","25","3.60","25","305.50",
="084814","勤誠元富4C購01","2,000","1","9,740","4.87","4.87","4.87","4.87","X","0.00","4.52","25","4.62","25","600.00",
="084815","勤誠元富4C購02","0","0","0","--","--","--","--"," ","0.00","4.16","25","4.23","25","600.00",
="084816","臺股指元富55購03","0","0","0","--","--","--","--"," ","0.00","5.50","25","5.55","25","0.00",
="084817","上証2X國票51購01","134,000","6","532,320","4.09","4.56","3.77","3.77","-","0.54","3.83","25","3.84","10","47.20",
="084818","美債2X國票56購02","0","0","0","--","--","--","--"," ","0.00","0.53","25","0.54","10","7.33",
="084819","台化國票51購01","10,000","1","41,800","4.18","4.18","4.18","4.18","+","0.03","4.08","25","4.12","10","28.95",
="08481P","南亞科凱基4A售07","0","0","0","--","--","--","--"," ","0.00","--","0","0.10","10","0.00",
="084820","勤美國票51購01","0","0","0","--","--","--","--"," ","0.00","0.49","25","0.50","10","26.90",
="084821","楠梓電國票51購01","0","0","0","--","--","--","--"," ","0.00","--","0","--","0","103.50",
="084822","華邦電國票51購01","0","0","0","--","--","--","--"," ","0.00","9.65","25","--","0","36.45",
="084823","台光電國票51購05","5,000","1","60,000","12.00","12.00","12.00","12.00","X","0.00","11.70","25","11.90","10","1,345.00",
="084824","中工國票4C購01","0","0","0","--","--","--","--"," ","0.00","0.68","30","0.69","10","10.90",
="084825","長榮航國票51購01","0","0","0","--","--","--","--"," ","0.00","1.43","25","1.44","10","38.85",
="084826","聯詠國票51購01","14,000","4","5,030","0.34","0.43","0.34","0.42","+","0.05","0.39","25","0.40","10","443.00",
="084827","健鼎國票51購02","6,000","3","24,240","4.08","4.11","3.98","4.11","+","0.15","4.17","25","4.19","10","309.50",
="084828","新日興國票51購02","21,000","5","44,910","2.27","2.27","1.99","1.99","-","0.27","1.98","25","1.99","3","237.00",
="084829","玉晶光國票4C購03","0","0","0","--","--","--","--"," ","0.00","2.51","25","2.54","10","443.50",
="08482P","長榮凱基4B售07","0","0","0","--","--","--","--"," ","0.00","0.55","100","0.56","10","0.00",
="084830","群創國票51購01","0","0","0","--","--","--","--"," ","0.00","1.55","25","1.59","10","14.15",
="084831","上品國票51購01","8,000","2","17,120","2.09","2.17","2.09","2.17","+","0.10","2.06","25","2.07","10","308.00",
="084832","全訊國票52購01","37,000","2","47,010","1.28","1.28","1.21","1.21","-","0.22","1.12","25","1.14","10","140.00",
="084833","迎廣國票4C購01","20,000","1","14,800","0.74","0.74","0.74","0.74","-","0.08","0.71","25","0.72","10","85.80",
="084834","洋基國票51購03","0","0","0","--","--","--","--"," ","0.00","3.70","25","3.80","10","449.00",
="084835","毅嘉國泰51購01","0","0","0","--","--","--","--"," ","0.00","4.71","499","4.77","10","53.50",
="084836","玉晶光國泰51購01","203,000","7","579,040","2.94","2.94","2.79","2.86","-","0.18","2.86","479","2.87","40","443.50",
="084837","采鈺國泰51購01","2,000","2","11,700","5.85","5.85","5.85","5.85","+","0.20","5.65","499","5.75","100","305.50",
="084838","台灣50凱基4C購08","2,000","1","18,500","9.25","9.25","9.25","9.25","+","0.85","9.30","100","9.40","10","58.45",
="084839","台灣50凱基54購03","6,000","2","53,200","8.80","9.00","8.80","9.00","+","0.85","9.05","100","9.15","10","58.45",
="08483P","精銳凱基4A售03","0","0","0","--","--","--","--"," ","0.00","0.01","10","0.11","10","0.00",
="084840","T50反1凱基56購01","0","0","0","--","--","--","--"," ","0.00","0.18","100","0.28","10","18.29",
="084841","亞力凱基4C購03","0","0","0","--","--","--","--"," ","0.00","0.17","100","0.18","10","102.50",
="084842","華城凱基51購04","0","0","0","--","--","--","--"," ","0.00","1.11","100","1.21","10","586.00",
="084843","中砂凱基55購01","70,000","7","136,200","1.91","1.99","1.91","1.99","+","0.22","1.88","100","1.89","10","339.00",
="084844","台積電凱基53購14","0","0","0","--","--","--","--"," ","0.00","2.15","100","2.25","10","1,340.00",
="084845","台積電凱基54購12","8,000","2","17,680","2.21","2.21","2.21","2.21","X","0.00","2.20","100","2.30","10","1,340.00",
="084846","旺宏凱基51購01","22,000","5","26,820","1.29","1.29","1.12","1.20","+","0.04","1.11","10","1.21","10","26.75",
="084847","鴻準凱基4C購04","0","0","0","--","--","--","--"," ","0.00","2.62","10","2.64","10","70.70",
="084848","鴻海統一53購04","172,000","11","298,270","1.73","1.76","1.73","1.76","+","0.07","1.74","10","1.75","10","221.00",
="08484P","穎崴凱基4A售03","0","0","0","--","--","--","--"," ","0.00","--","0","0.10","10","0.00",
="084850","台光電凱基4C購10","0","0","0","--","--","--","--"," ","0.00","7.45","100","7.95","10","1,345.00",
="084851","南亞科凱基4C購09","242,000","14","517,230","2.20","2.30","1.94","2.30","+","0.10","2.16","10","2.26","10","81.00",
="084853","南亞科凱基53購01","126,000","4","302,520","2.42","2.42","2.40","2.40","-","0.10","2.41","100","2.51","10","81.00",
="084855","可成凱基4C購03","251,000","5","122,990","0.49","0.49","0.49","0.49","-","0.01","0.48","100","0.49","10","189.00",
="084856","陽明凱基4C購08","0","0","0","--","--","--","--"," ","0.00","0.46","100","0.47","10","55.20",
="084857","中信金凱基4C購02","0","0","0","--","--","--","--"," ","0.00","1.97","10","2.07","10","43.25",
="084858","新日興凱基4C購03","16,000","2","28,480","1.78","1.78","1.78","1.78","-","0.09","1.67","10","1.77","10","237.00",
="084859","玉晶光凱基4C購01","24,000","4","55,650","2.39","2.39","2.29","2.29","-","0.20","2.26","100","2.36","10","443.50",
="08485P","台灣50元富4A售21","0","0","0","--","--","--","--"," ","0.00","--","0","0.10","25","0.00",
="084860","嘉澤凱基51購04","5,000","1","7,000","1.40","1.40","1.40","1.40","X","0.00","1.40","10","1.42","10","1,605.00",
="084861","世芯凱基4C購07","0","0","0","--","--","--","--"," ","0.00","2.69","100","2.75","10","3,700.00",
="084862","矽力凱基4C購02","50,000","1","3,000","0.06","0.06","0.06","0.06","-","0.01","0.05","100","0.06","50","273.00",
="084863","訊芯凱基4C購03","120,000","6","156,680","1.31","1.35","1.19","1.19","-","0.02","1.15","100","1.25","10","164.50",
="084864","保瑞凱基4C購02","36,000","1","39,600","1.10","1.10","1.10","1.10","X","0.00","1.12","10","1.14","10","693.00",
="084865","穎崴凱基51購02","6,000","1","26,280","4.38","4.38","4.38","4.38","+","0.16","4.29","100","4.39","10","2,015.00",
="084866","采鈺凱基4C購01","0","0","0","--","--","--","--"," ","0.00","4.34","10","4.44","10","305.50",
="084867","泓德凱基4C購05","0","0","0","--","--","--","--"," ","0.00","--","0","0.10","10","125.50",
="084868","南電凱基4C購01","0","0","0","--","--","--","--"," ","0.00","9.85","100","10.70","10","234.50",
="084869","勤誠凱基51購01","141,000","13","452,900","3.08","3.30","2.97","3.23","+","0.16","3.00","100","3.05","10","600.00",
="08486P","台灣50元富4A售22","0","0","0","--","--","--","--"," ","0.00","--","0","0.10","25","0.00",
="084870","台灣50富邦56購01","0","0","0","--","--","--","--"," ","0.00","2.38","100","2.39","100","0.00",
="084871","華城富邦52購01","249,000","8","317,950","1.28","1.30","1.23","1.30","-","0.02","1.26","10","1.27","10","0.00",
="084872","中砂富邦53購01","276,000","6","283,870","1.00","1.08","1.00","1.08","X","0.00","1.00","10","1.01","10","0.00",
="084873","大成鋼富邦52購01","0","0","0","--","--","--","--"," ","0.00","1.28","10","1.38","10","0.00",
="084874","鴻準富邦52購01","29,000","2","34,790","1.18","1.21","1.18","1.21","+","0.06","1.15","10","1.25","10","0.00",
="084875","大立光富邦53購01","39,000","4","21,450","0.55","0.55","0.55","0.55","-","0.01","0.53","10","0.54","10","0.00",
="084876","奇鋐富邦51購04","0","0","0","--","--","--","--"," ","0.00","2.24","10","2.34","10","0.00",
="084878","鴻海凱基51購01","115,000","10","137,640","1.18","1.24","1.17","1.24","+","0.15","1.20","100","1.24","1","221.00",
="084879","新日興富邦52購01","112,000","9","190,540","1.71","1.72","1.67","1.72","+","0.02","1.52","10","1.62","10","0.00",
="08487P","元日2X元富4A售02","0","0","0","--","--","--","--"," ","0.00","1.13","25","1.14","25","0.00",
="084880","嘉澤富邦53購01","225,000","5","240,330","1.09","1.09","1.05","1.05","-","0.12","1.05","10","1.07","10","0.00",
="084881","辛耘富邦4C購03","410,000","27","414,210","0.92","1.04","0.92","0.94","+","0.15","0.93","30","0.94","10","0.00",
="084882","聯茂富邦51購01","0","0","0","--","--","--","--"," ","0.00","1.78","10","1.88","10","0.00",
="084883","愛普富邦4C購01","374,000","17","265,450","0.73","0.73","0.67","0.70","-","0.04","0.71","30","0.72","10","0.00",
="084884","世紀鋼富邦4C購03","0","0","0","--","--","--","--"," ","0.00","0.07","10","0.08","10","0.00",
="084885","華城統一56購03","0","0","0","--","--","--","--"," ","0.00","0.56","10","0.57","10","586.00",
="084886","勤美統一56購01","2,000","1","1,140","0.57","0.57","0.57","0.57","-","0.01","0.57","10","0.58","10","26.90",
="084887","勤美統一56購02","0","0","0","--","--","--","--"," ","0.00","0.71","10","0.72","10","26.90",
="084888","宇隆統一56購02","0","0","0","--","--","--","--"," ","0.00","0.97","10","0.98","10","217.00",
="084889","旺宏統一5C購01","76,000","6","72,590","0.93","0.99","0.93","0.95","-","0.04","0.94","10","0.95","10","26.75",
="08488P","元金2X元富54售04","362,000","7","110,600","0.30","0.31","0.30","0.30","-","0.04","0.29","45","0.30","25","0.00",
="084890","華邦電統一56購01","0","0","0","--","--","--","--"," ","0.00","2.63","10","2.64","10","36.45",
="084891","南亞科統一66購01","53,000","16","44,050","0.87","0.87","0.79","0.79","-","0.08","0.80","3","0.89","3","81.00",
="084892","晶豪科統一66購01","226,000","9","199,000","0.90","0.90","0.86","0.88","-","0.02","0.87","10","0.88","10","81.00",
="084893","健鼎統一56購01","130,000","7","151,250","1.17","1.17","1.15","1.17","-","0.01","1.17","10","1.18","10","309.50",
="084894","世紀鋼統一56購03","0","0","0","--","--","--","--"," ","0.00","0.17","10","0.18","10","171.50",
="084895","台灣50元大4C購03","0","0","0","--","--","--","--"," ","0.00","4.66","400","4.73","10","58.45",
="084896","台灣50元大4C購04","0","0","0","--","--","--","--"," ","0.00","5.10","400","5.35","10","58.45",
="084897","台灣50元大4C購05","7,000","1","38,500","5.50","5.50","5.50","5.50","X","0.00","5.60","75","5.85","10","58.45",
="084898","美指2X元大53購01","0","0","0","--","--","--","--"," ","0.00","0.28","250","0.29","100","20.19",
="084899","台化元大4C購03","4,000","3","8,620","2.17","2.17","2.11","2.11","X","0.00","1.99","350","2.02","10","28.95",
="08489P","道瓊銀元富4A售03","0","0","0","--","--","--","--"," ","0.00","--","0","0.10","25","0.00",
="084900","士電元大4C購09","0","0","0","--","--","--","--"," ","0.00","0.24","499","0.25","10","183.00",
="084901","中興電元大4C購07","0","0","0","--","--","--","--"," ","0.00","0.20","499","0.21","10","159.00",
="084902","亞力元大4C購05","0","0","0","--","--","--","--"," ","0.00","0.18","499","0.19","10","102.50",
="084903","中砂元大4C購03","55,000","4","118,020","2.13","2.26","2.09","2.26","+","0.32","2.13","400","2.17","10","339.00",
="084904","中砂元大51購03","77,000","2","154,100","2.02","2.02","2.00","2.00","+","0.24","1.88","450","1.92","10","339.00",
="084905","台達電元大4C購02","0","0","0","--","--","--","--"," ","0.00","28.70","10","--","0","893.00",
="084906","華泰元大4C購04","0","0","0","--","--","--","--"," ","0.00","2.69","250","2.72","10","47.70",
="084907","華泰元大4C購05","1,000","1","3,580","3.58","3.58","3.58","3.58","+","0.09","3.24","200","3.28","10","47.70",
="084908","台積電元大51購46","14,000","5","25,290","1.72","1.83","1.72","1.83","+","0.28","0.14","71","--","0","1,340.00",
="084909","台積電元大54購09","60,000","1","113,400","1.89","1.89","1.89","1.89","X","0.00","0.16","6","--","0","1,340.00",
="08490P","臺股指元富4A售24","0","0","0","--","--","--","--"," ","0.00","0.01","25","0.10","10","0.00",
="084910","華邦電元大4C購02","63,000","11","472,550","7.45","8.00","7.40","8.00","+","1.85","7.90","100","8.40","10","36.45",
="084911","智邦元大51購01","16,000","1","94,400","5.90","5.90","5.90","5.90","+","0.20","1.39","7","--","0","1,005.00",
="084912","順德元大4C購01","26,000","2","57,360","2.12","2.26","2.12","2.26","+","0.12","2.16","350","2.18","10","81.90",
="084913","台光電元大51購05","0","0","0","--","--","--","--"," ","0.00","2.20","400","2.25","10","1,345.00",
="084914","漢唐元大4C購03","0","0","0","--","--","--","--"," ","0.00","14.10","50","14.30","10","987.00",
="084915","南亞科元大51購07","47,000","8","158,640","3.47","3.56","3.20","3.56","+","0.12","3.48","25","3.56","10","81.00",
="084916","聯發科元大51購29","0","0","0","--","--","--","--"," ","0.00","0.87","25","0.89","10","1,375.00",
="084917","陽明元大4C購03","0","0","0","--","--","--","--"," ","0.00","0.62","499","0.63","10","55.20",
="084918","陽明元大4C購04","21,000","2","5,900","0.30","0.30","0.28","0.28","-","0.04","0.27","499","0.28","10","55.20",
="084919","陽明元大4C購05","0","0","0","--","--","--","--"," ","0.00","0.14","499","0.15","10","55.20",
="08491P","臺股指元富4A售25","0","0","0","--","--","--","--"," ","0.00","0.01","25","0.10","10","0.00",
="084920","萬海元大4C購18","0","0","0","--","--","--","--"," ","0.00","0.31","499","0.32","10","77.90",
="084921","鴻海國票4A購01","2,000","2","5,840","2.88","2.96","2.88","2.96","X","0.00","2.96","25","3.06","10","221.00",
="084922","萬海元大4C購19","0","0","0","--","--","--","--"," ","0.00","0.06","499","0.07","10","77.90",
="084923","奇鋐元大4C購21","227,000","5","399,710","1.86","1.86","1.75","1.75","+","0.06","1.52","499","1.58","10","1,015.00",
="084924","緯創元大4C購12","0","0","0","--","--","--","--"," ","0.00","0.38","499","0.39","10","122.50",
="084925","華擎元大4C購04","0","0","0","--","--","--","--"," ","0.00","1.34","499","1.37","10","278.00",
="084926","辛耘元大4C購05","29,000","2","56,530","1.93","1.95","1.93","1.95","X","0.00","1.81","499","1.85","10","388.00",
="084927","健策元大4C購05","400,000","20","951,420","2.26","2.54","2.21","2.54","+","0.33","2.40","350","2.43","10","2,355.00",
="084928","健策元大4C購06","5,000","1","14,050","2.81","2.81","2.81","2.81","X","0.00","2.83","300","--","0","2,355.00",
="084929","健策元大4C購07","0","0","0","--","--","--","--"," ","0.00","3.04","250","3.10","10","2,355.00",
="08492P","元金2X元大4C售02","303,000","11","87,540","0.28","0.29","0.27","0.29","-","0.07","0.28","258","0.29","250","0.00",
="084930","貿聯元大4C購09","12,000","3","52,160","4.42","4.42","3.78","3.78","-","0.25","3.52","200","--","0","1,085.00",
="084931","承業醫元大4C購01","125,000","8","48,600","0.37","0.41","0.37","0.41","-","0.01","0.38","499","0.39","10","47.00",
="084932","精銳元大4C購06","0","0","0","--","--","--","--"," ","0.00","0.30","25","0.32","10","695.00",
="084933","jpp元大4C購06","126,000","11","358,450","3.00","3.00","2.75","2.84","-","0.12","2.86","20","2.88","10","286.50",
="084934","帆宣元大4C購02","0","0","0","--","--","--","--"," ","0.00","3.07","250","3.17","10","255.00",
="084935","台塑化元大4C購01","190,000","6","95,960","0.50","0.54","0.50","0.51"," ","0.00","0.53","25","0.54","10","39.25",
="084936","穎崴元大55購01","126,000","17","489,090","4.00","4.02","3.72","3.83","+","0.16","3.80","200","3.83","10","2,015.00",
="084937","虎航元大4C購04","0","0","0","--","--","--","--"," ","0.00","0.24","499","0.25","10","75.80",
="084938","連加元大4C購01","0","0","0","--","--","--","--"," ","0.00","0.38","499","0.39","10","606.00",
="084939","昇陽半元大4C購07","2,865,000","33","3,090,970","1.03","1.12","0.97","1.10","+","0.12","1.10","2","--","0","179.50",
="08493P","台積電元大4A售64","0","0","0","--","--","--","--"," ","0.00","--","0","0.10","10","0.00",
="084940","勤誠元大4C購06","10,000","2","27,770","2.75","2.84","2.75","2.84","+","0.06","2.69","300","2.75","10","600.00",
="084941","勤誠元大4C購07","8,000","2","30,330","3.72","3.91","3.72","3.91","+","0.16","3.65","250","3.72","10","600.00",
="084942","世紀鋼元大4C購08","0","0","0","--","--","--","--"," ","0.00","0.09","499","0.10","10","171.50",
="084943","臺股指元大53購01","0","0","0","--","--","--","--"," ","0.00","1.83","100","1.84","10","0.00",
="084944","臺股指元大54購09","0","0","0","--","--","--","--"," ","0.00","3.80","100","3.87","10","0.00",
="084945","臺股指元大55購03","0","0","0","--","--","--","--"," ","0.00","2.50","499","2.51","10","0.00",
="084946","建準兆豐53購01","0","0","0","--","--","--","--"," ","0.00","1.78","10","1.81","10","129.00",
="084947","德律兆豐53購01","0","0","0","--","--","--","--"," ","0.00","2.20","10","2.29","10","189.00",
="084948","勤誠兆豐53購02","143,000","8","245,140","1.66","1.75","1.66","1.73","+","0.06","1.67","10","1.69","10","600.00",
="084949","台灣50凱基4C購11","7,000","1","34,230","4.89","4.89","4.89","4.89","X","0.00","5.20","100","5.25","10","58.45",
="08494P","台光電元大4A售06","0","0","0","--","--","--","--"," ","0.00","--","0","0.10","10","0.00",
="084950","台灣50凱基51購02","4,000","2","31,400","7.65","8.05","7.65","8.05","+","0.95","8.10","100","8.20","10","58.45",
="084951","台化凱基51購01","0","0","0","--","--","--","--"," ","0.00","2.40","10","2.50","10","28.95",
="084952","台達電凱基4C購03","0","0","0","--","--","--","--"," ","0.00","38.80","100","39.80","10","893.00",
="084953","華泰凱基4C購01","452,000","6","869,700","1.98","2.10","1.85","1.85","-","0.32","1.85","100","1.88","10","47.70",
="084954","台積電凱基51購17","67,000","4","137,080","2.05","2.05","2.04","2.05","+","0.37","2.09","4","2.14","10","1,340.00",
="084955","台積電凱基53購15","0","0","0","--","--","--","--"," ","0.00","2.25","100","2.35","10","1,340.00",
="084956","智邦凱基51購02","0","0","0","--","--","--","--"," ","0.00","6.45","10","6.60","10","1,005.00",
="084957","鴻準凱基4C購05","0","0","0","--","--","--","--"," ","0.00","0.94","10","0.95","10","70.70",
="084958","技嘉凱基51購01","12,000","6","10,080","0.84","0.84","0.84","0.84","X","0.00","0.82","100","0.83","10","283.00",
="084959","台光電凱基4C購11","0","0","0","--","--","--","--"," ","0.00","7.35","100","7.85","10","1,345.00",
="08495P","長榮元大4A售18","0","0","0","--","--","--","--"," ","0.00","0.33","499","0.34","200","0.00",
="084960","漢唐凱基4C購05","0","0","0","--","--","--","--"," ","0.00","15.80","10","16.80","10","987.00",
="084961","聯發科凱基51購09","0","0","0","--","--","--","--"," ","0.00","0.41","100","0.42","10","1,375.00",
="084962","萬海凱基4C購03","0","0","0","--","--","--","--"," ","0.00","0.08","100","0.10","50","77.90",
="084963","奇鋐凱基4C購08","15,000","1","84,750","5.65","5.65","5.65","5.65","+","1.04","4.53","100","4.63","10","1,015.00",
="084964","德律凱基4C購03","0","0","0","--","--","--","--"," ","0.00","2.47","100","2.57","10","189.00",
="084965","聯詠凱基4C購01","120,000","2","66,600","0.58","0.58","0.55","0.55","+","0.08","0.51","10","0.61","10","443.00",
="084966","健鼎凱基51購02","25,000","5","119,100","4.77","4.98","4.66","4.98","+","0.07","4.89","10","4.93","10","309.50",
="084967","華擎凱基4C購04","12,000","1","29,160","2.43","2.43","2.43","2.43","-","0.17","2.38","100","2.42","10","278.00",
="08496P","緯創元大4A售10","0","0","0","--","--","--","--"," ","0.00","0.08","499","0.09","200","0.00",
="084971","辛耘凱基4C購03","89,000","20","200,330","2.10","2.35","2.10","2.11","+","0.38","2.05","10","2.15","10","388.00",
="084972","達興凱基4C購03","118,000","14","483,430","3.64","4.59","3.53","4.26","+","0.87","4.24","10","4.26","5","399.00",
="084973","精成科凱基51購02","0","0","0","--","--","--","--"," ","0.00","7.15","100","--","0","125.50",
="084974","穎崴凱基4C購05","25,000","2","132,500","5.25","5.50","5.25","5.50","+","0.81","5.25","100","5.75","10","2,015.00",
="084975","富世達凱基4C購06","0","0","0","--","--","--","--"," ","0.00","4.39","100","--","0","1,010.00",
="084976","勤誠凱基4C購05","117,000","15","443,750","3.66","3.91","3.64","3.64","+","0.03","3.61","100","3.66","10","600.00",
="084977","世紀鋼凱基4C購02","0","0","0","--","--","--","--"," ","0.00","0.08","100","0.10","50","171.50",
="084978","華邦電台新4C購01","0","0","0","--","--","--","--"," ","0.00","12.10","10","--","0","0.00",
="084979","新日興台新4C購01","22,000","1","31,680","1.44","1.44","1.44","1.44","+","0.06","1.32","20","1.33","10","0.00",
="08497P","世芯元大4A售24","0","0","0","--","--","--","--"," ","0.00","--","0","0.10","10","0.00",
="084980","台灣50元富56購01","0","0","0","--","--","--","--"," ","0.00","11.00","25","11.10","10","58.45",
="084981","道瓊銀元富4C購03","58,000","7","93,120","1.66","1.67","1.57","1.57","-","0.01","1.67","25","1.68","25","36.75",
="084982","台化元富4C購04","100,000","1","470,000","4.70","4.70","4.70","4.70","X","0.00","4.60","25","4.70","10","28.95",
="084983","楠梓電元富4C購01","0","0","0","--","--","--","--"," ","0.00","--","0","--","0","103.50",
="084984","鴻準元富4C購05","2,000","1","21,400","10.70","10.70","10.70","10.70","+","0.30","10.00","25","10.10","25","70.70",
="084985","台光電元富54購01","0","0","0","--","--","--","--"," ","0.00","2.57","25","2.67","25","1,345.00",
="084986","世芯元富4C購13","0","0","0","--","--","--","--"," ","0.00","10.20","25","11.20","10","3,700.00",
="084987","貿聯元富4C購04","0","0","0","--","--","--","--"," ","0.00","7.10","25","7.40","25","1,085.00",
="084988","富世達元富4C購04","0","0","0","--","--","--","--"," ","0.00","13.10","25","13.50","25","1,010.00",
="084989","喬山國票51購01","18,000","2","23,280","1.32","1.32","1.08","1.08","-","0.11","1.05","25","1.06","10","167.00",
="08498P","緯穎元大4A售19","0","0","0","--","--","--","--"," ","0.00","--","0","0.10","10","0.00",
="084990","川湖國票51購01","0","0","0","--","--","--","--"," ","0.00","6.15","25","6.20","10","3,220.00",
="084991","宏碁國票51購01","248,000","3","200,120","0.80","0.81","0.77","0.81"," ","0.00","0.79","25","0.80","10","31.20",
="084992","南亞科國票51購05","162,000","19","714,740","4.74","4.74","4.09","4.66","+","0.10","4.66","23","4.76","10","81.00",
="084993","長榮國票51購05","44,000","1","14,960","0.34","0.34","0.34","0.34","X","0.00","0.33","25","0.34","10","182.00",
="084994","漢翔國票51購01","0","0","0","--","--","--","--"," ","0.00","8.20","25","--","0","62.60",
="084995","新日興國票52購01","0","0","0","--","--","--","--"," ","0.00","1.27","25","1.28","10","237.00",
="084996","牧德國票51購03","15,000","2","12,250","0.85","0.85","0.80","0.80","X","0.00","0.76","25","0.79","10","544.00",
="084997","精銳國票51購02","0","0","0","--","--","--","--"," ","0.00","0.50","25","0.51","10","695.00",
="084998","富世達國票51購04","2,000","2","8,080","4.04","4.04","4.04","4.04","X","0.00","4.27","25","4.34","10","1,010.00",
="084999","勤誠國票4C購03","0","0","0","--","--","--","--"," ","0.00","3.58","25","3.65","10","600.00",
="08499P","台灣50國票4A售06","0","0","0","--","--","--","--"," ","0.00","0.01","25","0.05","10","0.00",
="085000","勤誠國票51購01","1,000","1","3,940","3.94","3.94","3.94","3.94","+","0.21","3.79","25","3.81","10","600.00",
="085001","勤誠國票52購02","2,000","1","6,480","3.24","3.24","3.24","3.24","+","0.09","3.20","25","3.21","10","600.00",
="085002","SGBR2X國泰51購01","0","0","0","--","--","--","--"," ","0.00","0.42","499","0.43","499","10.98",
="085003","台光電國泰51購02","0","0","0","--","--","--","--"," ","0.00","8.00","499","--","0","1,345.00",
="085004","新日興國泰51購02","8,000","2","16,400","2.05","2.05","2.05","2.05","X","0.00","2.07","499","2.08","200","237.00",
="085005","jpp國泰51購02","0","0","0","--","--","--","--"," ","0.00","1.70","10","1.72","10","286.50",
="085006","聯茂國泰51購01","0","0","0","--","--","--","--"," ","0.00","4.09","499","4.15","10","111.50",
="085007","勤誠國泰51購01","0","0","0","--","--","--","--"," ","0.00","3.65","100","3.70","100","600.00",
="085008","台灣50富邦51購06","0","0","0","--","--","--","--"," ","0.00","4.30","100","4.35","10","0.00",
="085009","台灣50富邦53購04","0","0","0","--","--","--","--"," ","0.00","3.68","100","3.70","100","0.00",
="08500P","台灣50國票4B售04","0","0","0","--","--","--","--"," ","0.00","0.01","25","0.05","10","0.00",
="085010","帆宣富邦4C購01","0","0","0","--","--","--","--"," ","0.00","2.38","30","2.45","10","0.00",
="085011","瑞昱統一56購01","0","0","0","--","--","--","--"," ","0.00","0.36","10","0.37","10","540.00",
="085012","德律統一56購03","89,000","5","92,380","1.03","1.05","1.02","1.02"," ","0.00","1.01","10","1.02","10","189.00",
="085013","健鼎統一56購02","158,000","3","135,250","0.85","0.86","0.85","0.86","+","0.01","0.85","10","0.86","13","309.50",
="085014","牧德統一56購02","0","0","0","--","--","--","--"," ","0.00","0.40","10","0.41","10","544.00",
="085015","台灣50永豐53購03","0","0","0","--","--","--","--"," ","0.00","2.49","499","2.53","10","58.45",
="085016","中興電永豐52購02","10,000","1","8,700","0.87","0.87","0.87","0.87","-","0.06","0.84","499","0.85","10","159.00",
="085017","喬山永豐4C購01","92,000","4","85,980","0.94","0.94","0.84","0.84","-","0.07","0.82","10","0.83","10","167.00",
="085018","華碩永豐51購01","136,000","7","123,780","0.91","0.93","0.87","0.93","+","0.03","0.90","10","0.91","10","684.00",
="085019","漢翔永豐4C購01","0","0","0","--","--","--","--"," ","0.00","3.17","10","4.90","2","62.60",
="08501P","T50正2國票4A售08","0","0","0","--","--","--","--"," ","0.00","0.01","25","0.05","10","0.00",
="085020","新日興永豐53購01","3,000","2","5,040","1.68","1.68","1.68","1.68","X","0.00","0.60","3","--","0","237.00",
="085021","世芯永豐51購05","0","0","0","--","--","--","--"," ","0.00","3.31","499","3.35","10","3,700.00",
="085022","達興永豐53購01","4,000","1","12,080","3.02","3.02","3.02","3.02","X","0.00","--","0","--","0","399.00",
="085023","穎崴永豐53購01","47,000","2","249,050","5.30","5.30","5.25","5.25","+","0.25","5.25","499","5.55","10","2,015.00",
="085024","愛普永豐53購01","4,000","1","9,920","2.48","2.48","2.48","2.48","X","0.00","1.14","18","--","0","344.00",
="085025","長華永豐51購01","0","0","0","--","--","--","--"," ","0.00","0.83","10","0.84","10","40.60",
="085026","世紀鋼永豐54購02","0","0","0","--","--","--","--"," ","0.00","2.59","499","2.62","10","171.50",
="085027","中鴻群益52購01","0","0","0","--","--","--","--"," ","0.00","1.10","25","1.12","10","15.90",
="085028","毅嘉群益4C購01","1,000","1","5,150","5.15","5.15","5.15","5.15","X","0.00","5.20","100","5.25","100","53.50",
="085029","晶豪科群益4C購01","473,000","24","1,694,440","3.67","3.69","3.15","3.50"," ","0.00","3.46","5","--","0","81.00",
="08502P","T50正2國票4B售01","0","0","0","--","--","--","--"," ","0.00","0.02","25","0.05","10","0.00",
="085030","德律群益4C購01","98,000","7","226,290","2.40","2.57","2.23","2.23","-","0.24","2.24","10","2.34","10","189.00",
="085031","新日興群益4C購04","20,000","1","26,000","1.30","1.30","1.30","1.30","X","0.00","0.12","9","--","0","237.00",
="085032","達興群益51購04","153,000","16","354,020","2.18","2.61","2.11","2.56","+","0.45","2.49","10","2.59","10","399.00",
="085033","矽格群益52購01","39,000","5","53,100","1.30","1.37","1.30","1.35","+","0.02","0.42","23","--","0","93.00",
="085034","美利達群益52購01","31,000","1","29,140","0.94","0.94","0.94","0.94","-","0.04","0.88","25","0.90","10","108.00",
="085035","世紀鋼群益54購02","0","0","0","--","--","--","--"," ","0.00","0.43","10","0.53","10","171.50",
="085036","T50反1元大4C購08","170,000","3","14,000","0.08","0.10","0.08","0.10","X","0.00","0.09","10","0.15","30","18.29",
="085037","T50反1元大51購03","0","0","0","--","--","--","--"," ","0.00","0.16","499","0.17","10","18.29",
="085038","T50反1元大53購01","0","0","0","--","--","--","--"," ","0.00","0.08","499","0.09","10","18.29",
="085039","T50反1元大54購01","10,000","1","1,800","0.18","0.18","0.18","0.18","-","0.03","0.18","110","0.19","20","18.29",
="08503P","上証2X國票4B售04","0","0","0","--","--","--","--"," ","0.00","0.13","25","0.14","10","0.00",
="085040","元黃金元大53購03","2,000","2","1,920","0.97","0.97","0.95","0.95","+","0.06","0.96","250","0.97","100","40.68",
="085041","A50正2元大53購02","0","0","0","--","--","--","--"," ","0.00","3.12","499","3.17","10","32.79",
="085042","台泥元大4C購04","321,000","7","68,910","0.21","0.22","0.21","0.22","-","0.13","0.22","499","0.23","10","23.75",
="085043","中砂元大4C購04","201,000","10","443,990","2.19","2.40","2.19","2.40","+","0.34","2.20","350","2.24","10","339.00",
="085044","中砂元大51購04","20,000","1","42,400","2.12","2.12","2.12","2.12","+","0.14","2.12","400","2.16","10","339.00",
="085045","川湖元大4C購04","0","0","0","--","--","--","--"," ","0.00","3.26","25","3.36","10","3,220.00",
="085046","台達電元大4C購03","0","0","0","--","--","--","--"," ","0.00","28.60","50","--","0","893.00",
="085047","仁寶元大4C購03","96,000","4","147,090","1.56","1.59","1.42","1.42","+","0.12","1.31","499","1.33","10","31.40",
="085048","台積電元大51購47","3,000","3","5,580","1.86","1.86","1.86","1.86","+","0.17","0.15","66","--","0","1,340.00",
="085049","順德元大4C購02","0","0","0","--","--","--","--"," ","0.00","2.29","350","2.32","10","81.90",
="08504P","台積電國票4A售19","0","0","0","--","--","--","--"," ","0.00","--","0","1.01","499","0.00",
="085050","微星元大4C購02","0","0","0","--","--","--","--"," ","0.00","0.12","499","0.13","10","119.50",
="085051","瑞昱元大4C購02","0","0","0","--","--","--","--"," ","0.00","0.27","499","0.28","10","540.00",
="085052","瑞昱元大4C購03","75,000","1","26,250","0.35","0.35","0.35","0.35","X","0.00","0.32","499","0.34","10","540.00",
="085053","瑞昱元大4C購04","176,000","1","100,320","0.57","0.57","0.57","0.57"," ","0.00","0.54","25","0.55","10","540.00",
="085054","正崴元大4C購02","20,000","1","15,200","0.76","0.76","0.76","0.76","X","0.00","0.75","499","0.76","10","48.80",
="085055","聯發科元大51購30","25,000","2","22,700","0.92","0.92","0.89","0.89","-","0.12","0.82","25","0.84","10","1,375.00",
="085057","一詮元大4C購05","311,000","5","275,030","0.93","0.94","0.86","0.86","-","0.06","0.86","339","0.87","10","82.30",
="085058","長榮元大51購18","0","0","0","--","--","--","--"," ","0.00","0.47","499","0.48","10","182.00",
="085059","陽明元大4C購06","0","0","0","--","--","--","--"," ","0.00","0.31","499","0.32","10","55.20",
="08505P","台積電國票4B售08","0","0","0","--","--","--","--"," ","0.00","0.01","25","0.05","10","0.00",
="085060","萬海元大51購02","0","0","0","--","--","--","--"," ","0.00","0.30","499","0.31","10","77.90",
="085061","亞光元大51購05","10,000","1","12,900","1.29","1.29","1.29","1.29","-","0.04","1.23","499","1.25","10","161.50",
="085062","德律元大4C購05","23,000","4","38,720","1.72","1.72","1.62","1.62"," ","0.00","1.64","450","1.66","10","189.00",
="085063","辛耘元大4C購06","21,000","3","60,090","2.87","2.89","2.85","2.89","+","0.18","2.84","13","2.92","10","388.00",
="085064","世芯元大4C購09","0","0","0","--","--","--","--"," ","0.00","2.88","3","--","0","3,700.00",
="085065","世芯元大51購21","0","0","0","--","--","--","--"," ","0.00","--","0","--","0","3,700.00",
="085066","世芯元大54購04","100,000","10","322,820","3.34","3.34","3.07","3.07","-","0.48","2.05","9","--","0","3,700.00",
="085067","精銳元大4C購07","0","0","0","--","--","--","--"," ","0.00","0.39","499","0.41","10","695.00",
="085068","達興元大4C購07","5,000","2","19,990","4.01","4.01","3.98","3.98","+","0.18","4.47","200","4.57","10","399.00",
="085069","達興元大4C購08","55,000","6","201,930","3.34","4.00","3.32","4.00","+","0.38","3.82","250","3.88","10","399.00",
="08506P","智邦國票4B售02","0","0","0","--","--","--","--"," ","0.00","--","0","4.50","50","0.00",
="085070","達興元大4C購09","21,000","4","88,350","3.95","4.48","3.95","4.43","+","0.77","4.27","200","4.36","10","399.00",
="085071","瀚宇博元大4C購03","0","0","0","--","--","--","--"," ","0.00","10.20","50","--","0","104.00",
="085072","迎廣元大4C購03","0","0","0","--","--","--","--"," ","0.00","0.16","499","0.17","10","85.80",
="085073","迅得元大4C購04","185,000","10","124,790","0.73","0.73","0.65","0.65","-","0.05","0.63","499","0.64","10","176.00",
="085074","台塑化元大4C購02","21,000","4","59,850","2.85","2.85","2.85","2.85","-","0.03","2.95","25","3.00","10","39.25",
="085075","台塑化元大4C購03","1,000","1","1,330","1.33","1.33","1.33","1.33","-","0.02","1.39","25","1.41","10","39.25",
="085076","穎崴元大55購02","3,000","2","37,500","13.30","13.30","12.10","12.10","-","1.00","12.20","50","13.20","10","2,015.00",
="085077","富世達元大51購01","20,000","4","61,860","3.03","3.22","3.03","3.22","+","0.07","3.18","250","3.26","10","1,010.00",
="085078","泓德元大4C購06","0","0","0","--","--","--","--"," ","0.00","--","0","0.10","10","125.50",
="085079","昇陽半元大51購01","219,000","11","326,970","1.51","1.53","1.45","1.51"," ","0.00","1.39","499","1.42","10","179.50",
="08507P","南亞科國票4B售02","0","0","0","--","--","--","--"," ","0.00","0.01","25","0.04","10","0.00",
="085080","世紀鋼元大4C購09","0","0","0","--","--","--","--"," ","0.00","0.15","499","0.16","10","171.50",
="085081","元石油國票51購01","10,000","2","2,800","0.28","0.28","0.28","0.28","-","0.03","0.26","25","0.27","10","16.00",
="085084","台泥國票51購02","665,000","28","419,170","0.63","0.69","0.61","0.69","-","0.14","0.64","25","0.65","10","23.75",
="085085","東陽國票4C購02","0","0","0","--","--","--","--"," ","0.00","0.36","25","0.37","10","94.10",
="085086","廣宇國票4C購04","0","0","0","--","--","--","--"," ","0.00","5.90","25","6.30","10","54.10",
="085087","智邦國票51購04","0","0","0","--","--","--","--"," ","0.00","8.25","25","8.75","10","1,005.00",
="085088","矽統國票51購01","55,000","6","195,960","3.58","3.58","3.33","3.34","-","0.43","3.29","25","3.30","10","58.60",
="085089","奇鋐國票51購06","0","0","0","--","--","--","--"," ","0.00","6.60","25","6.80","10","1,015.00",
="08508P","長榮國票4B售06","0","0","0","--","--","--","--"," ","0.00","0.07","25","0.08","10","0.00",
="085090","德律國票51購01","0","0","0","--","--","--","--"," ","0.00","2.44","25","2.51","10","189.00",
="085091","新日興國票4C購03","1,000","1","1,930","1.93","1.93","1.93","1.93"," ","0.00","1.69","25","1.70","10","237.00",
="085092","創意國票51購03","20,000","1","25,800","1.29","1.29","1.29","1.29","X","0.00","1.25","25","1.27","10","1,315.00",
="085093","智易國票51購02","0","0","0","--","--","--","--"," ","0.00","1.40","25","1.42","10","223.00",
="085094","碩天國票51購01","0","0","0","--","--","--","--"," ","0.00","0.55","25","0.56","10","217.00",
="085095","世芯國票51購03","0","0","0","--","--","--","--"," ","0.00","4.35","25","4.37","10","3,700.00",
="085096","精銳國票51購03","10,000","1","5,300","0.53","0.53","0.53","0.53","X","0.00","0.52","25","0.53","10","695.00",
="085097","帆宣國票51購01","0","0","0","--","--","--","--"," ","0.00","3.56","25","3.66","10","255.00",
="085098","保瑞國票52購01","36,000","1","45,720","1.27","1.27","1.27","1.27","X","0.00","1.30","25","1.31","10","693.00",
="085099","穎崴國票52購01","0","0","0","--","--","--","--"," ","0.00","5.05","25","5.40","10","2,015.00",
="08509P","國泰金國票4B售01","0","0","0","--","--","--","--"," ","0.00","0.01","25","0.05","10","0.00",
="085100","昇陽半國票52購02","22,000","2","54,500","2.49","2.49","2.35","2.35","-","0.12","2.34","25","2.38","10","179.50",
="085101","新日興兆豐53購01","80,000","5","70,400","0.88","0.88","0.88","0.88","+","0.03","0.84","10","0.85","10","237.00",
="085102","南亞科統一56購06","141,000","10","136,980","1.02","1.02","0.90","1.01"," ","0.00","1.03","10","1.04","10","81.00",
="085103","新日興統一56購03","21,000","1","12,810","0.61","0.61","0.61","0.61","+","0.04","0.59","10","0.60","10","237.00",
="085104","上品統一56購01","0","0","0","--","--","--","--"," ","0.00","0.77","10","0.78","10","308.00",
="085105","亞翔統一5C購01","0","0","0","--","--","--","--"," ","0.00","0.81","10","0.82","10","358.50",
="085106","華邦電永豐51購02","0","0","0","--","--","--","--"," ","0.00","7.95","10","8.45","10","36.45",
="085107","佳能永豐4C購01","0","0","0","--","--","--","--"," ","0.00","18.70","499","19.10","10","88.80",
="085108","漢唐永豐52購01","0","0","0","--","--","--","--"," ","0.00","--","0","--","0","987.00",
="085109","聯發科永豐59購01","80,000","1","151,200","1.89","1.89","1.89","1.89","-","0.07","1.79","499","1.80","10","1,375.00",
="08510P","奇鋐國票4B售04","0","0","0","--","--","--","--"," ","0.00","--","0","0.05","15","0.00",
="085110","長榮永豐52購03","0","0","0","--","--","--","--"," ","0.00","0.40","499","0.41","10","182.00",
="085111","長榮永豐57購01","0","0","0","--","--","--","--"," ","0.00","0.73","499","0.74","10","182.00",
="085112","長榮航永豐52購01","23,000","5","81,400","3.50","3.55","3.50","3.55"," ","0.00","3.50","10","3.52","10","38.85",
="085113","新日興永豐51購02","91,000","6","115,420","1.32","1.32","1.23","1.24","-","0.03","0.46","21","1.62","1","237.00",
="085114","玉晶光永豐53購01","4,000","1","32,800","8.20","8.20","8.20","8.20","-","0.10","7.70","499","8.20","10","443.50",
="085115","世芯永豐53購03","11,000","4","35,740","3.28","3.28","3.03","3.03","-","0.37","2.97","10","2.99","10","3,700.00",
="085116","亞翔永豐52購01","24,000","2","40,720","1.68","1.70","1.68","1.70","-","0.01","1.66","10","1.67","10","358.50",
="085117","T50正2元富4C購04","0","0","0","--","--","--","--"," ","0.00","18.10","25","18.50","10","302.45",
="085118","T50反1元富4C購10","40,000","2","15,440","0.40","0.40","0.36","0.36","-","0.09","0.37","25","0.38","25","18.29",
="085119","T50反1元富4C購11","0","0","0","--","--","--","--"," ","0.00","0.07","75","0.10","10","18.29",
="08511P","欣興國票4B售04","0","0","0","--","--","--","--"," ","0.00","0.01","30","0.05","82","0.00",
="085120","T50反1元富51購01","0","0","0","--","--","--","--"," ","0.00","0.12","25","0.13","25","18.29",
="085121","台積電元富4C購14","0","0","0","--","--","--","--"," ","0.00","--","0","--","0","1,340.00",
="085122","大立光元富4C購01","130,000","7","390,100","3.04","3.04","2.95","3.04","-","0.09","3.04","25","3.14","25","2,360.00",
="085123","新日興元富4C購03","10,000","1","6,000","0.60","0.60","0.60","0.60","+","0.05","0.23","43","--","0","237.00",
="085124","新日興元富56購01","49,000","2","68,400","1.40","1.40","1.38","1.38","+","0.09","0.70","14","--","0","237.00",
="085125","玉晶光元富4C購03","22,000","2","48,540","2.22","2.22","2.19","2.19","-","0.20","2.13","25","2.23","10","443.50",
="085126","玉晶光元富51購04","22,000","3","145,000","6.70","6.70","6.55","6.55","-","0.65","6.60","25","7.10","10","443.50",
="085128","鴻海統一53購05","392,000","10","763,220","1.92","1.99","1.92","1.99","+","0.12","1.96","10","1.97","10","221.00",
="085129","鴻海統一53購06","90,000","5","92,700","1.05","1.05","1.02","1.02","X","0.00","1.02","10","1.03","10","221.00",
="08512P","健策國票4B售04","0","0","0","--","--","--","--"," ","0.00","0.01","25","0.05","10","0.00",
="085130","台積電統一53購03","0","0","0","--","--","--","--"," ","0.00","5.70","10","6.05","10","1,340.00",
="085131","牧德元富4C購02","0","0","0","--","--","--","--"," ","0.00","0.71","25","0.72","25","544.00",
="085132","世芯元富4C購14","9,000","7","92,600","11.20","11.20","9.95","9.95","-","1.15","10.00","25","10.10","25","3,700.00",
="085133","上品元富4C購02","0","0","0","--","--","--","--"," ","0.00","1.31","25","1.34","25","308.00",
="085134","上品元富51購01","0","0","0","--","--","--","--"," ","0.00","2.10","25","2.13","25","308.00",
="085136","精成科元富53購01","0","0","0","--","--","--","--"," ","0.00","3.66","25","3.73","25","125.50",
="085139","T50反1群益52購01","0","0","0","--","--","--","--"," ","0.00","0.04","100","0.05","100","18.29",
="08513P","光聖國票4A售02","0","0","0","--","--","--","--"," ","0.00","0.01","25","0.05","10","0.00",
="085140","華城群益4C購06","27,000","2","46,890","1.73","1.79","1.73","1.79","-","0.01","0.43","23","--","0","586.00",
="085141","台達電群益4C購02","0","0","0","--","--","--","--"," ","0.00","--","0","--","0","893.00",
="085142","台積電群益53購03","0","0","0","--","--","--","--"," ","0.00","0.01","100","--","0","1,340.00",
="085143","智邦群益4C購04","0","0","0","--","--","--","--"," ","0.00","--","0","6.40","10","1,005.00",
="085144","技嘉群益4C購05","3,000","2","3,720","1.24","1.24","1.24","1.24","+","0.06","1.22","10","1.32","10","283.00",
="085145","台光電群益4C購08","7,000","4","41,300","5.50","6.35","5.50","6.35","X","0.00","--","0","--","0","1,345.00",
="085146","漢唐群益4C購05","0","0","0","--","--","--","--"," ","0.00","--","0","11.60","10","987.00",
="085147","聯發科群益4C購11","25,000","5","65,940","2.70","2.70","2.58","2.58","-","0.41","2.50","2","--","0","1,375.00",
="085148","陽明群益4C購07","0","0","0","--","--","--","--"," ","0.00","0.38","100","0.39","100","55.20",
="085149","大立光群益51購02","0","0","0","--","--","--","--"," ","0.00","0.45","100","0.47","100","2,360.00",
="08514P","臺股指國票4A售13","0","0","0","--","--","--","--"," ","0.00","--","0","--","0","0.00",
="085150","奇鋐群益4C購07","0","0","0","--","--","--","--"," ","0.00","8.60","499","9.10","10","1,015.00",
="085151","新日興群益54購03","104,000","4","126,800","1.24","1.27","1.18","1.18","-","0.09","0.64","15","--","0","237.00",
="085152","玉晶光群益4C購01","0","0","0","--","--","--","--"," ","0.00","0.24","41","--","0","443.50",
="085153","辛耘群益4C購04","154,000","13","360,670","2.38","2.41","2.12","2.13","+","0.42","0.40","35","--","0","388.00",
="085154","達興群益4C購03","0","0","0","--","--","--","--"," ","0.00","1.39","1","3.15","10","399.00",
="085155","亞翔群益51購01","10,000","1","14,200","1.42","1.42","1.42","1.42","X","0.00","1.40","10","1.50","10","358.50",
="085156","精成科群益4C購07","0","0","0","--","--","--","--"," ","0.00","6.05","100","--","0","125.50",
="085157","聯茂群益4C購04","220,000","5","1,282,700","5.85","5.85","5.55","5.65","X","0.00","2.57","22","--","0","111.50",
="085158","穎崴群益53購03","56,000","3","180,040","3.17","3.25","3.17","3.25","+","0.38","3.23","10","3.33","10","2,015.00",
="085159","富世達群益4C購05","0","0","0","--","--","--","--"," ","0.00","3.79","100","3.89","10","1,010.00",
="08515P","臺股指國票4A售14","0","0","0","--","--","--","--"," ","0.00","0.01","499","0.02","499","0.00",
="085160","泓德群益4C購02","0","0","0","--","--","--","--"," ","0.00","0.15","25","0.16","10","125.50",
="085161","勤誠群益4C購01","38,000","4","75,070","2.02","2.08","1.95","2.08","+","0.22","1.93","100","1.98","100","600.00",
="085162","世紀鋼群益4C購08","0","0","0","--","--","--","--"," ","0.00","0.37","10","0.47","10","171.50",
="085163","台灣50凱基55購04","0","0","0","--","--","--","--"," ","0.00","6.15","100","6.20","10","58.45",
="085164","T50反1凱基53購01","0","0","0","--","--","--","--"," ","0.00","0.06","100","0.07","10","18.29",
="085165","T50反1凱基54購03","0","0","0","--","--","--","--"," ","0.00","0.10","100","0.11","10","18.29",
="085166","A50正2凱基53購01","19,000","2","42,150","2.28","2.28","2.15","2.15","X","0.00","2.19","100","2.29","10","32.79",
="085167","台泥凱基51購02","25,000","3","13,600","0.54","0.55","0.54","0.55","-","0.03","0.46","130","0.56","10","23.75",
="085168","喬山凱基51購01","150,000","13","268,380","1.73","1.93","1.61","1.61","-","0.10","1.52","10","1.54","10","167.00",
="085169","中鴻凱基51購01","39,000","5","57,850","1.54","1.54","1.47","1.47","-","0.10","1.47","80","1.49","10","15.90",
="08516P","元金2X富邦4C售01","0","0","0","--","--","--","--"," ","0.00","0.07","100","0.08","10","0.00",
="085170","鴻海凱基53購04","0","0","0","--","--","--","--"," ","0.00","5.15","20","5.65","10","221.00",
="085171","台積電凱基51購18","0","0","0","--","--","--","--"," ","0.00","1.51","100","1.61","10","1,340.00",
="085172","宏碁凱基51購01","139,000","12","133,260","0.99","0.99","0.95","0.97","-","0.03","0.97","5","1.00","10","31.20",
="085173","瑞昱凱基4C購03","0","0","0","--","--","--","--"," ","0.00","0.36","10","0.38","10","540.00",
="085174","正崴凱基51購01","57,000","3","56,130","0.99","0.99","0.94","0.96","-","0.02","0.95","10","0.96","10","48.80",
="085175","毅嘉凱基4C購02","1,000","1","4,570","4.57","4.57","4.57","4.57","-","0.39","4.61","10","4.66","10","53.50",
="085176","南亞科凱基51購06","72,000","2","194,200","2.95","2.95","2.69","2.69","-","0.26","2.89","10","2.99","10","81.00",
="085177","聯發科凱基4C購15","1,000","1","1,460","1.46","1.46","1.46","1.46","X","0.00","1.34","100","1.35","10","1,375.00",
="085178","長榮凱基53購02","15,000","3","9,000","0.61","0.61","0.59","0.59","-","0.05","0.58","499","0.59","40","182.00",
="085179","漢翔凱基51購03","0","0","0","--","--","--","--"," ","0.00","7.50","50","--","0","62.60",
="08517P","元黃金元富4A售02","5,000","1","250","0.05","0.05","0.05","0.05","-","0.05","0.05","25","0.10","10","0.00",
="085180","晶豪科凱基4C購01","189,000","40","610,530","3.52","4.10","2.90","4.10","+","0.18","0.84","23","4.20","10","81.00",
="085181","緯創凱基4C購08","0","0","0","--","--","--","--"," ","0.00","0.49","100","0.51","10","122.50",
="085182","新日興凱基4C購04","0","0","0","--","--","--","--"," ","0.00","1.05","10","1.15","10","237.00",
="085183","玉晶光凱基51購01","40,000","3","81,400","2.11","2.11","2.01","2.01","-","0.20","1.97","10","2.07","10","443.50",
="085184","世芯凱基51購11","64,000","4","226,400","3.75","3.77","3.41","3.41","-","0.34","3.37","100","3.41","10","3,700.00",
="085185","達興凱基51購01","0","0","0","--","--","--","--"," ","0.00","6.00","10","6.50","10","399.00",
="085186","瀚宇博凱基4C購02","9,000","2","144,700","16.70","16.70","13.90","13.90","X","0.00","12.70","100","13.70","10","104.00",
="085187","亞翔凱基51購04","89,000","16","240,450","2.71","2.76","2.50","2.70","+","0.09","2.67","10","2.69","10","358.50",
="085188","矽格凱基51購01","34,000","7","117,130","3.42","3.52","3.35","3.35","-","0.08","3.29","100","3.39","10","93.00",
="085189","台塑化凱基4C購01","61,000","2","98,320","1.61","1.72","1.61","1.72","+","0.17","1.67","10","1.77","10","39.25",
="08518P","元金2X元富4A售01","24,000","2","4,960","0.19","0.21","0.19","0.21","-","0.08","0.19","25","0.20","25","0.00",
="085190","穎崴凱基53購02","0","0","0","--","--","--","--"," ","0.00","4.21","100","--","0","2,015.00",
="085191","緯穎凱基4C購10","0","0","0","--","--","--","--"," ","0.00","3.40","100","3.46","10","3,140.00",
="085192","富世達凱基54購01","24,000","6","47,730","1.88","2.11","1.88","2.03","+","0.24","1.96","102","2.14","47","1,010.00",
="085193","勤誠凱基51購02","0","0","0","--","--","--","--"," ","0.00","3.73","100","3.83","10","600.00",
="085194","上証2X富邦52購02","0","0","0","--","--","--","--"," ","0.00","2.60","100","2.61","10","0.00",
="085195","元日2X富邦59購01","0","0","0","--","--","--","--"," ","0.00","0.23","100","0.24","100","0.00",
="085196","SGBR2X富邦53購01","100,000","1","41,000","0.41","0.41","0.41","0.41","X","0.00","0.40","100","0.41","100","0.00",
="085197","國巨富邦51購01","1,000","1","4,440","4.44","4.44","4.44","4.44","+","0.01","4.28","10","4.38","10","0.00",
="085198","漢翔富邦51購01","0","0","0","--","--","--","--"," ","0.00","3.06","10","3.16","10","0.00",
="085199","神達富邦51購01","0","0","0","--","--","--","--"," ","0.00","2.90","10","2.94","10","0.00",
="08519P","上証2X國票4B售05","0","0","0","--","--","--","--"," ","0.00","0.07","25","0.08","10","0.00",
="085200","T50反1台新4C購02","0","0","0","--","--","--","--"," ","0.00","0.02","20","0.03","10","0.00",
="085201","南亞科台新4C購02","0","0","0","--","--","--","--"," ","0.00","3.36","10","3.46","10","0.00",
="085202","道瓊銀國泰51購01","6,000","5","10,680","1.80","1.80","1.74","1.79","+","0.10","1.77","499","1.80","10","36.75",
="085203","中砂國泰51購02","0","0","0","--","--","--","--"," ","0.00","3.63","499","--","0","339.00",
="085204","華邦電國泰51購01","0","0","0","--","--","--","--"," ","0.00","13.00","499","--","0","36.45",
="085205","鴻準國泰51購02","10,000","4","24,960","2.49","2.51","2.49","2.49","-","0.04","2.49","499","2.51","100","70.70",
="085206","漢唐國泰51購03","0","0","0","--","--","--","--"," ","0.00","--","0","12.20","10","987.00",
="085207","長榮國泰51購03","0","0","0","--","--","--","--"," ","0.00","0.32","499","0.33","100","182.00",
="085208","長榮國泰51購04","0","0","0","--","--","--","--"," ","0.00","0.38","499","0.39","499","182.00",
="085209","辛耘國泰51購02","14,000","2","42,940","2.90","3.16","2.90","3.16","X","0.00","2.92","10","2.94","10","388.00",
="08520P","元黃金國票4B售02","5,000","5","1,700","0.35","0.35","0.33","0.34","-","0.09","0.33","25","0.34","10","0.00",
="085210","達興國泰51購01","0","0","0","--","--","--","--"," ","0.00","6.35","499","--","0","399.00",
="085211","迎廣國泰51購02","0","0","0","--","--","--","--"," ","0.00","0.97","499","0.98","290","85.80",
="085212","保瑞國泰51購04","2,000","1","3,820","1.91","1.91","1.91","1.91"," ","0.00","1.91","499","1.93","100","693.00",
="085213","群臺2X元大4C購01","0","0","0","--","--","--","--"," ","0.00","5.95","499","--","0","108.15",
="085214","台泥元大51購04","675,000","6","115,200","0.16","0.18","0.16","0.16","-","0.09","0.16","499","0.17","10","23.75",
="085215","中砂元大56購02","99,000","6","188,600","1.84","1.97","1.84","1.97","+","0.14","1.88","400","1.90","10","339.00",
="085216","台積電元大4C購29","50,000","4","83,540","1.67","1.71","1.67","1.71","X","0.00","0.11","9","--","0","1,340.00",
="085217","華邦電元大4C購03","0","0","0","--","--","--","--"," ","0.00","5.80","150","--","0","36.45",
="085218","鴻準元大4C購08","589,000","12","535,920","0.92","0.94","0.86","0.86","-","0.02","0.85","499","0.86","10","70.70",
="085219","鴻準元大4C購09","103,000","2","189,720","1.85","1.85","1.84","1.84","+","0.04","1.75","450","1.77","10","70.70",
="08521P","緯穎國票4B售06","0","0","0","--","--","--","--"," ","0.00","0.03","25","0.05","10","0.00",
="085220","鴻準元大4C購10","150,000","4","206,800","1.37","1.39","1.37","1.38","+","0.05","1.31","499","1.32","10","70.70",
="085221","技嘉元大4C購10","70,000","2","65,100","0.93","0.93","0.93","0.93","+","0.01","0.91","499","0.92","10","283.00",
="085222","台光電元大53購02","0","0","0","--","--","--","--"," ","0.00","3.31","250","--","0","1,345.00",
="085223","南亞科元大4C購08","156,000","17","281,800","1.85","1.92","1.72","1.92","+","0.09","1.87","25","1.92","10","81.00",
="085224","南亞科元大53購03","334,000","19","588,290","1.87","1.87","1.71","1.84","-","0.01","1.88","25","1.92","10","81.00",
="085225","南亞科元大55購03","423,000","22","749,640","1.81","1.84","1.68","1.84","+","0.05","1.82","25","1.85","10","81.00",
="085226","聯發科元大56購01","7,000","3","6,210","0.89","0.89","0.87","0.87","-","0.06","0.85","5","0.86","10","1,375.00",
="085227","皇昌元大4C購03","0","0","0","--","--","--","--"," ","0.00","0.62","499","0.63","10","72.70",
="085228","長榮元大4C購07","0","0","0","--","--","--","--"," ","0.00","0.22","499","0.23","10","182.00",
="085229","陽明元大4C購07","0","0","0","--","--","--","--"," ","0.00","0.23","499","0.24","10","55.20",
="08522P","鴻海群益4A售13","0","0","0","--","--","--","--"," ","0.00","--","0","--","0","0.00",
="085230","陽明元大55購01","0","0","0","--","--","--","--"," ","0.00","0.70","499","0.71","10","55.20",
="085231","奇鋐元大4C購23","0","0","0","--","--","--","--"," ","0.00","3.27","250","--","0","1,015.00",
="085232","奇鋐元大53購02","72,000","10","198,880","2.88","2.88","2.54","2.54","+","0.01","2.52","300","2.56","10","1,015.00",
="085233","奇鋐元大56購01","90,000","16","256,210","2.96","2.96","2.65","2.66","+","0.03","2.63","301","2.66","7","1,015.00",
="085234","亞光元大4C購06","560,000","11","574,440","1.06","1.06","1.01","1.01","-","0.06","0.99","499","1.00","10","161.50",
="085235","德律元大4C購06","55,000","2","124,950","2.49","2.49","2.25","2.25","X","0.00","2.20","350","2.25","10","189.00",
="085236","新日興元大4C購07","50,000","7","43,580","0.86","0.90","0.79","0.79","-","0.10","0.07","142","--","0","237.00",
="085237","新日興元大51購03","354,000","7","277,800","0.82","0.85","0.76","0.76","-","0.10","0.14","71","--","0","237.00",
="085238","新日興元大53購01","280,000","12","301,900","1.07","1.10","1.06","1.07","-","0.06","0.20","100","--","0","237.00",
="085239","玉晶光元大4C購02","361,000","16","355,120","1.04","1.04","0.95","0.97","-","0.04","0.95","25","0.98","10","443.50",
="08523P","南亞科群益53售01","0","0","0","--","--","--","--"," ","0.00","0.02","205","0.06","319","0.00",
="085240","玉晶光元大4C購03","200,000","6","326,500","1.72","1.72","1.61","1.63","-","0.11","1.62","25","1.65","10","443.50",
="085241","嘉澤元大56購01","166,000","4","223,620","1.35","1.35","1.32","1.32","-","0.11","1.32","499","1.33","10","1,605.00",
="085242","辛耘元大4C購07","93,000","4","146,990","1.58","1.59","1.54","1.54","X","0.00","1.46","25","1.49","10","388.00",
="085243","世芯元大4C購10","51,000","2","111,720","2.22","2.22","2.19","2.19","-","0.16","1.23","8","--","0","3,700.00",
="085244","世芯元大51購22","98,000","9","211,940","2.20","2.20","2.05","2.05","-","0.14","1.07","9","--","0","3,700.00",
="085245","世芯元大53購02","1,134,000","14","1,728,550","1.56","1.57","1.48","1.49","-","0.20","1.48","10","--","0","3,700.00",
="085246","貿聯元大4C購10","57,000","7","125,540","2.31","2.31","2.02","2.02","-","0.20","1.98","1","2.34","10","1,085.00",
="085247","貿聯元大4C購11","0","0","0","--","--","--","--"," ","0.00","2.67","250","--","0","1,085.00",
="085249","神達元大4C購10","20,000","3","84,500","4.27","4.27","4.19","4.25","+","0.33","4.27","200","4.35","10","90.00",
="08524P","智原群益4C售01","0","0","0","--","--","--","--"," ","0.00","0.53","10","0.63","10","0.00",
="085250","神達元大4C購11","4,000","1","18,440","4.61","4.61","4.61","4.61","X","0.00","4.62","200","4.69","10","90.00",
="085251","神達元大51購08","207,000","21","834,280","4.05","4.22","3.82","3.91","+","0.30","4.01","200","4.03","10","90.00",
="085252","祥碩元大4C購03","0","0","0","--","--","--","--"," ","0.00","0.20","499","0.21","10","1,525.00",
="085253","jpp元大4C購07","313,000","27","593,850","2.00","2.02","1.81","1.91","-","0.09","1.89","22","1.91","10","286.50",
="085254","迎廣元大4C購04","0","0","0","--","--","--","--"," ","0.00","0.33","499","0.34","10","85.80",
="085255","帆宣元大4C購03","0","0","0","--","--","--","--"," ","0.00","3.04","250","--","0","255.00",
="085257","聯茂元大4C購10","0","0","0","--","--","--","--"," ","0.00","4.12","25","4.22","10","111.50",
="085258","穎崴元大53購02","0","0","0","--","--","--","--"," ","0.00","2.89","250","--","0","2,015.00",
="085259","愛普元大4C購05","1,000","1","1,160","1.16","1.16","1.16","1.16","-","0.03","0.10","100","--","0","344.00",
="08525P","鴻海永豐4A售15","0","0","0","--","--","--","--"," ","0.00","--","0","0.10","10","0.00",
="085260","泓德元大4C購07","0","0","0","--","--","--","--"," ","0.00","--","0","0.10","10","125.50",
="085261","勤誠元大4C購08","95,000","4","156,720","1.66","1.76","1.64","1.76","+","0.08","1.64","450","1.67","10","600.00",
="085262","勤誠元大4C購09","79,000","3","128,770","1.65","1.65","1.61","1.63","-","0.04","1.63","450","1.66","10","600.00",
="085263","勤誠元大4C購10","0","0","0","--","--","--","--"," ","0.00","1.72","450","1.77","10","600.00",
="085264","世紀鋼元大53購01","10,000","1","2,600","0.26","0.26","0.26","0.26","X","0.00","0.25","499","0.26","10","171.50",
="085265","智邦台新4C購01","25,000","1","121,750","4.87","4.87","4.87","4.87","X","0.00","4.69","20","4.70","10","0.00",
="085266","亞翔台新4C購01","0","0","0","--","--","--","--"," ","0.00","1.41","10","1.42","10","0.00",
="085267","亞翔台新4C購02","31,000","2","63,580","2.02","2.26","2.02","2.26","+","0.05","2.18","20","2.19","10","0.00",
="085268","中砂國泰51購03","5,000","1","18,250","3.65","3.65","3.65","3.65","+","0.09","3.77","499","3.87","100","339.00",
="085269","智邦國泰51購02","0","0","0","--","--","--","--"," ","0.00","5.40","10","--","0","1,005.00",
="08526P","南亞科永豐4A售03","0","0","0","--","--","--","--"," ","0.00","--","0","--","0","0.00",
="085270","新日興國泰51購03","0","0","0","--","--","--","--"," ","0.00","2.35","499","2.40","10","237.00",
="085271","帆宣國泰51購01","0","0","0","--","--","--","--"," ","0.00","6.45","10","6.65","10","255.00",
="085272","穎崴國泰51購04","0","0","0","--","--","--","--"," ","0.00","8.70","499","--","0","2,015.00",
="085273","勤誠國泰51購02","0","0","0","--","--","--","--"," ","0.00","3.52","100","3.56","100","600.00",
="085275","上品統一56購02","213,000","4","146,320","0.69","0.69","0.68","0.68","+","0.01","0.66","10","0.67","10","308.00",
="085276","亞翔統一56購02","0","0","0","--","--","--","--"," ","0.00","0.67","10","0.68","10","358.50",
="085277","亞翔統一62購01","0","0","0","--","--","--","--"," ","0.00","0.73","10","0.74","10","358.50",
="085278","帆宣統一5C購01","94,000","3","94,900","1.02","1.02","1.00","1.00","+","0.01","0.98","10","0.99","10","255.00",
="085279","洋基統一56購01","168,000","11","148,400","0.87","0.89","0.87","0.88","+","0.01","0.88","10","0.89","10","449.00",
="08527P","世芯永豐4A售11","0","0","0","--","--","--","--"," ","0.00","--","0","0.10","10","0.00",
="085280","昇陽半統一56購01","413,000","18","452,460","1.09","1.12","1.05","1.12","+","0.07","1.01","10","1.02","10","179.50",
="085281","勤誠統一62購02","23,000","4","23,080","1.01","1.01","0.99","1.01","+","0.02","0.99","10","1.00","10","600.00",
="085282","台灣50永豐56購01","2,000","2","23,800","11.80","12.00","11.80","12.00","+","0.90","12.30","499","12.60","10","58.45",
="085283","T50反1永豐4C購02","4,000","1","400","0.10","0.10","0.10","0.10","X","0.00","0.09","499","0.10","10","18.29",
="085284","鴻海永豐56購01","16,000","4","42,980","2.66","2.73","2.66","2.73","X","0.00","2.73","2","2.76","10","221.00",
="085285","奇鋐永豐4C購05","122,000","5","1,902,800","16.20","16.90","14.40","14.40","+","1.20","13.10","10","14.10","10","1,015.00",
="085286","德律永豐4C購01","0","0","0","--","--","--","--"," ","0.00","1.92","499","1.97","10","189.00",
="085287","欣興永豐4C購04","0","0","0","--","--","--","--"," ","0.00","1.75","499","--","0","159.00",
="085288","欣興永豐51購02","0","0","0","--","--","--","--"," ","0.00","1.48","499","1.51","10","159.00",
="085289","亞翔永豐51購02","11,000","1","14,850","1.35","1.35","1.35","1.35","-","0.03","1.32","10","1.33","10","358.50",
="08528P","緯穎永豐4A售07","0","0","0","--","--","--","--"," ","0.00","0.01","499","0.03","10","0.00",
="085290","勤誠永豐56購01","37,000","6","126,850","3.33","3.56","3.33","3.53","+","0.20","3.39","499","3.44","10","600.00",
="085291","香港2X國票54購01","44,000","8","148,100","3.57","3.57","3.31","3.32","-","0.23","3.29","25","3.30","10","18.02",
="085292","楠梓電國票51購02","0","0","0","--","--","--","--"," ","0.00","14.00","25","14.90","10","103.50",
="085293","技嘉國票52購01","10,000","2","19,070","1.91","1.91","1.88","1.88","-","0.04","1.87","25","1.88","10","283.00",
="085294","陽明國票52購02","0","0","0","--","--","--","--"," ","0.00","0.57","25","0.58","10","55.20",
="085295","欣興國票52購03","14,000","2","38,420","2.71","2.75","2.71","2.75","+","0.18","2.59","25","2.66","10","159.00",
="085296","時碩國票4C購01","1,000","1","960","0.96","0.96","0.96","0.96","-","0.06","0.94","25","0.95","10","55.70",
="085297","亞翔國票4C購03","112,000","3","193,600","1.71","1.80","1.71","1.80","X","0.00","1.71","25","1.73","10","358.50",
="085298","穎崴國票52購02","0","0","0","--","--","--","--"," ","0.00","5.30","25","5.60","10","2,015.00",
="085299","洋基國票51購04","0","0","0","--","--","--","--"," ","0.00","3.27","25","3.36","10","449.00",
="08529P","T50正2元大4A售15","0","0","0","--","--","--","--"," ","0.00","--","0","0.10","10","0.00",
="085300","勤誠國票53購01","0","0","0","--","--","--","--"," ","0.00","3.56","25","3.58","10","600.00",
="085302","勤誠國票56購01","16,000","6","53,520","3.40","3.40","3.33","3.37","+","0.07","3.34","25","3.35","10","600.00",
="085303","美利達國票4C購03","0","0","0","--","--","--","--"," ","0.00","2.06","25","2.16","10","108.00",
="085304","T50反1元富51購02","0","0","0","--","--","--","--"," ","0.00","0.01","524","0.10","10","18.29",
="085305","T50反1元富51購03","0","0","0","--","--","--","--"," ","0.00","0.02","25","0.10","10","18.29",
="085306","楠梓電元富51購01","0","0","0","--","--","--","--"," ","0.00","--","0","--","0","103.50",
="085307","鴻海元富4C購12","0","0","0","--","--","--","--"," ","0.00","28.10","25","28.80","25","221.00",
="085308","鴻準元富4C購06","35,000","1","273,000","7.80","7.80","7.80","7.80","+","0.25","7.45","25","7.50","25","70.70",
="085309","漢唐元富4C購03","0","0","0","--","--","--","--"," ","0.00","--","0","--","0","987.00",
="08530P","元黃金元大4A售02","0","0","0","--","--","--","--"," ","0.00","0.04","100","0.09","50","0.00",
="085310","漢唐元富4C購04","0","0","0","--","--","--","--"," ","0.00","--","0","--","0","987.00",
="085311","全新元富4C購03","0","0","0","--","--","--","--"," ","0.00","3.45","25","3.55","10","160.00",
="085312","大立光元富4C購03","39,000","4","58,100","1.50","1.50","1.44","1.44","-","0.10","1.48","25","1.53","25","2,360.00",
="085313","欣興元富56購01","0","0","0","--","--","--","--"," ","0.00","4.07","25","4.15","25","159.00",
="085314","亞翔元富4C購01","113,000","3","266,070","2.33","2.39","2.33","2.39"," ","0.00","2.34","25","2.36","25","358.50",
="085315","亞翔元富4C購02","0","0","0","--","--","--","--"," ","0.00","1.50","25","1.51","25","358.50",
="085316","同欣電元富4C購01","32,000","3","77,820","2.49","2.49","2.40","2.40","-","0.25","2.41","2","2.46","25","120.50",
="085317","南亞科富邦53購02","106,000","13","153,160","1.35","1.60","1.35","1.45","-","0.10","1.54","10","1.56","10","0.00",
="085318","聯發科富邦52購02","38,000","1","27,360","0.72","0.72","0.72","0.72","X","0.00","0.68","30","0.69","10","0.00",
="085319","長榮航富邦4C購03","295,000","9","171,110","0.56","0.59","0.56","0.57","-","0.01","0.57","30","0.58","10","0.00",
="08531P","A50正2元大4C售02","0","0","0","--","--","--","--"," ","0.00","0.08","499","0.09","100","0.00",
="085323","鴻海統一4C購01","45,000","1","59,400","1.32","1.32","1.32","1.32","X","0.00","1.30","10","1.31","10","221.00",
="085327","貿聯富邦4C購03","0","0","0","--","--","--","--"," ","0.00","2.01","10","2.07","10","0.00",
="085328","洋基富邦4C購01","193,000","9","274,740","1.36","1.47","1.36","1.47","+","0.12","1.41","10","1.44","10","0.00",
="085329","聯發科第一56購05","0","0","0","--","--","--","--"," ","0.00","0.61","10","0.62","10","0.00",
="08532P","元金2X元大4A售03","0","0","0","--","--","--","--"," ","0.00","0.10","250","0.20","10","0.00",
="085330","SGBR2X凱基4C購04","0","0","0","--","--","--","--"," ","0.00","0.18","215","0.19","50","10.98",
="085332","統一凱基4C購01","42,000","1","59,640","1.42","1.42","1.42","1.42","-","0.01","1.42","10","1.43","10","78.40",
="085335","中砂凱基4C購07","872,000","30","1,630,760","1.76","2.05","1.75","1.85","+","0.14","1.82","100","1.84","10","339.00",
="085336","東聯凱基4C購01","0","0","0","--","--","--","--"," ","0.00","0.94","10","0.96","10","12.30",
="085337","廣宇凱基4C購03","2,000","2","8,860","4.43","4.43","4.43","4.43","X","0.00","4.24","100","4.34","10","54.10",
="085338","台積電凱基4C購46","0","0","0","--","--","--","--"," ","0.00","1.87","100","1.97","10","1,340.00",
="085339","鴻準凱基4C購06","0","0","0","--","--","--","--"," ","0.00","2.36","10","2.38","10","70.70",
="08533P","台積電元大4A售65","0","0","0","--","--","--","--"," ","0.00","--","0","0.10","10","0.00",
="085340","矽統凱基51購01","6,000","2","22,240","3.72","3.72","3.64","3.64","-","0.47","3.59","100","3.61","10","58.60",
="085341","技嘉凱基4C購06","13,000","2","21,180","1.63","1.63","1.62","1.62","-","0.02","1.59","100","1.61","10","283.00",
="085342","台光電凱基54購01","0","0","0","--","--","--","--"," ","0.00","5.80","50","5.90","10","1,345.00",
="085343","漢唐凱基53購03","0","0","0","--","--","--","--"," ","0.00","9.10","10","9.60","10","987.00",
="085344","大立光凱基51購06","38,000","1","28,500","0.75","0.75","0.75","0.75","-","0.04","0.74","100","0.76","10","2,360.00",
="085345","奇鋐凱基53購03","0","0","0","--","--","--","--"," ","0.00","3.24","100","3.31","10","1,015.00",
="085346","德律凱基4C購04","20,000","1","75,200","3.76","3.76","3.76","3.76","+","0.39","3.76","10","3.84","10","189.00",
="085347","欣興凱基51購02","0","0","0","--","--","--","--"," ","0.00","3.91","100","4.01","10","159.00",
="085348","玉晶光凱基51購02","6,000","1","14,520","2.42","2.42","2.42","2.42","+","0.08","2.26","100","2.36","10","443.50",
="085349","創意凱基4C購05","0","0","0","--","--","--","--"," ","0.00","2.27","100","2.31","10","1,315.00",
="08534P","華碩元大4A售01","0","0","0","--","--","--","--"," ","0.00","0.01","499","0.11","10","0.00",
="085350","辛耘凱基51購02","1,349,000","49","4,125,380","2.94","3.19","2.91","2.96","+","0.42","2.92","50","2.98","10","388.00",
="085351","世芯凱基51購12","25,000","1","79,250","3.17","3.17","3.17","3.17","-","0.24","3.14","100","3.17","10","3,700.00",
="085352","貿聯凱基51購04","6,000","2","21,420","3.61","3.61","3.55","3.55","-","0.38","3.43","100","3.53","10","1,085.00",
="085353","神達凱基51購06","0","0","0","--","--","--","--"," ","0.00","5.50","100","6.00","10","90.00",
="085354","亞翔凱基4C購02","42,000","3","61,180","1.43","1.47","1.43","1.47","+","0.02","1.43","10","1.44","10","358.50",
="085355","精成科凱基51購03","0","0","0","--","--","--","--"," ","0.00","10.70","100","10.80","10","125.50",
="085356","帆宣凱基4C購03","0","0","0","--","--","--","--"," ","0.00","3.90","100","4.00","10","255.00",
="085357","保瑞凱基4C購03","0","0","0","--","--","--","--"," ","0.00","0.40","100","0.41","30","693.00",
="085358","長榮凱基4B購01","0","0","0","--","--","--","--"," ","0.00","0.15","499","0.16","40","182.00",
="085359","長榮凱基4B購02","0","0","0","--","--","--","--"," ","0.00","0.20","499","0.21","40","182.00",
="08535P","漢唐元大4A售08","0","0","0","--","--","--","--"," ","0.00","--","0","0.10","10","0.00",
="085360","長榮凱基4B購03","36,000","2","17,080","0.48","0.48","0.47","0.47","-","0.02","0.46","499","0.49","40","182.00",
="085361","長榮凱基4B購04","0","0","0","--","--","--","--"," ","0.00","--","0","1.35","5","182.00",
="085362","愛普凱基4C購03","92,000","4","207,400","2.26","2.31","2.22","2.22","-","0.11","2.26","100","2.31","10","344.00",
="085363","洋基凱基51購01","9,000","4","39,350","4.24","4.49","4.24","4.49","+","0.39","4.30","100","4.32","10","449.00",
="085364","SGBR2X元大4C購05","0","0","0","--","--","--","--"," ","0.00","0.33","499","0.34","100","10.98",
="085365","SGBR2X元大4C購06","0","0","0","--","--","--","--"," ","0.00","0.27","499","0.28","100","10.98",
="085366","SGBR2X元大53購03","80,000","1","42,400","0.53","0.53","0.53","0.53","X","0.00","0.52","250","0.53","100","10.98",
="085367","道瓊銅元大4C購01","0","0","0","--","--","--","--"," ","0.00","0.76","499","0.86","100","25.59",
="085368","東陽元大4C購01","10,000","1","4,400","0.44","0.44","0.44","0.44","X","0.00","0.41","499","0.42","10","94.10",
="085369","中興電元大4C購08","10,000","1","5,600","0.56","0.56","0.56","0.56","X","0.00","0.54","10","0.55","10","159.00",
="08536P","長榮元大4A售19","0","0","0","--","--","--","--"," ","0.00","0.12","499","0.13","200","0.00",
="085370","亞力元大4C購06","693,000","3","296,070","0.43","0.43","0.42","0.43","X","0.00","0.41","499","0.42","10","102.50",
="085371","華城元大4C購03","298,000","2","352,840","1.18","1.20","1.18","1.20","+","0.03","1.14","499","1.16","10","586.00",
="085372","中砂元大56購03","91,000","10","168,170","1.73","1.88","1.73","1.86","+","0.15","1.77","450","1.79","10","339.00",
="085373","台積電元大4C購30","0","0","0","--","--","--","--"," ","0.00","0.15","7","--","0","1,340.00",
="085374","華邦電元大4C購04","8,000","6","49,450","6.10","6.60","5.80","6.60","+","1.55","6.35","150","--","0","36.45",
="085375","鴻準元大4C購11","0","0","0","--","--","--","--"," ","0.00","1.32","499","1.35","10","70.70",
="085376","技嘉元大4C購11","10,000","8","13,280","1.32","1.33","1.32","1.33","X","0.00","1.30","499","1.32","10","283.00",
="085377","台光電元大53購03","0","0","0","--","--","--","--"," ","0.00","6.70","100","6.85","10","1,345.00",
="085378","漢唐元大4C購04","0","0","0","--","--","--","--"," ","0.00","4.23","200","--","0","987.00",
="085379","南亞科元大4C購09","11,000","2","23,100","2.10","2.10","2.10","2.10","X","0.00","2.22","25","2.28","10","81.00",
="08537P","創意元大4A售07","0","0","0","--","--","--","--"," ","0.00","--","0","0.10","10","0.00",
="085380","南亞科元大4C購10","410,000","35","478,160","1.26","1.30","1.11","1.30","+","0.04","1.27","25","1.30","9","81.00",
="085381","南亞科元大55購04","301,000","13","712,370","2.42","2.45","2.25","2.42","+","0.03","2.43","25","2.47","10","81.00",
="085382","聯發科元大4C購15","50,000","1","54,000","1.08","1.08","1.08","1.08","-","0.14","1.01","25","1.04","10","1,375.00",
="085383","皇昌元大4C購04","0","0","0","--","--","--","--"," ","0.00","1.22","499","1.24","10","72.70",
="085384","長榮元大4C購08","0","0","0","--","--","--","--"," ","0.00","0.10","499","0.11","10","182.00",
="085385","陽明元大4C購08","0","0","0","--","--","--","--"," ","0.00","0.46","499","0.47","10","55.20",
="085386","陽明元大55購02","0","0","0","--","--","--","--"," ","0.00","0.86","499","0.87","10","55.20",
="085387","奇鋐元大53購03","43,000","5","199,430","4.73","4.73","4.61","4.61","+","0.41","4.13","200","4.19","10","1,015.00",
="085388","欣興元大4C購01","61,000","8","116,110","1.85","1.97","1.80","1.87","+","0.12","1.76","450","1.78","10","159.00",
="085389","欣興元大4C購02","297,000","9","529,050","1.77","1.86","1.77","1.77","+","0.09","1.69","450","1.71","10","159.00",
="08538P","緯穎元大4A售21","0","0","0","--","--","--","--"," ","0.00","--","0","0.10","10","0.00",
="085390","緯創元大4C購13","0","0","0","--","--","--","--"," ","0.00","0.47","499","0.48","10","122.50",
="085391","新日興元大4C購08","44,000","6","44,540","1.00","1.02","1.00","1.01","-","0.08","0.16","62","--","0","237.00",
="085392","新日興元大4C購09","209,000","14","201,220","0.95","0.99","0.94","0.94"," ","0.00","0.16","62","--","0","237.00",
="085393","新日興元大4C購10","62,000","7","65,640","1.09","1.12","0.98","0.98","-","0.06","0.11","90","--","0","237.00",
="085394","世芯元大4C購11","0","0","0","--","--","--","--"," ","0.00","1.31","7","--","0","3,700.00",
="085395","世芯元大4C購12","0","0","0","--","--","--","--"," ","0.00","0.99","10","--","0","3,700.00",
="085396","世芯元大53購03","26,000","6","75,500","2.94","2.94","2.78","2.78","-","0.23","1.89","5","--","0","3,700.00",
="085397","神達元大4C購12","263,000","27","1,294,320","5.15","5.25","4.79","5.25","+","0.49","5.05","150","5.15","10","90.00",
="085398","祥碩元大4C購04","0","0","0","--","--","--","--"," ","0.00","0.11","499","0.12","10","1,525.00",
="085399","亞翔元大4C購04","665,000","12","523,310","0.75","0.82","0.73","0.80","+","0.01","0.78","499","0.81","10","358.50",
="08539P","元金2X凱基51售06","65,000","3","24,900","0.38","0.39","0.37","0.39","-","0.08","0.38","10","0.39","50","0.00",
="085400","亞翔元大4C購05","128,000","6","131,370","1.02","1.04","1.01","1.03","+","0.02","1.00","499","1.02","10","358.50",
="085401","亞翔元大4C購06","272,000","3","300,940","1.09","1.13","1.09","1.13","+","0.01","1.10","499","1.12","10","358.50",
="085402","亞翔元大4C購07","116,000","2","155,100","1.33","1.35","1.33","1.35","X","0.00","1.30","499","1.33","10","358.50",
="085403","亞翔元大4C購08","58,000","1","92,800","1.60","1.60","1.60","1.60","X","0.00","1.57","499","1.59","10","358.50",
="085404","亞翔元大4C購09","20,000","1","28,400","1.42","1.42","1.42","1.42","X","0.00","1.47","499","1.49","10","358.50",
="085405","聯茂元大4C購11","0","0","0","--","--","--","--"," ","0.00","2.81","25","2.89","10","111.50",
="085406","穎崴元大53購03","0","0","0","--","--","--","--"," ","0.00","2.09","350","2.27","2","2,015.00",
="085407","勤誠元大4C購11","173,000","9","215,060","1.22","1.30","1.22","1.24"," ","0.00","1.22","499","1.25","10","600.00",
="085408","勤誠元大4C購12","0","0","0","--","--","--","--"," ","0.00","1.54","499","1.57","10","600.00",
="085409","勤誠元大4C購13","112,000","5","170,080","1.56","1.56","1.49","1.52","-","0.02","1.51","499","1.54","10","600.00",
="08540P","鴻海凱基4B售13","0","0","0","--","--","--","--"," ","0.00","--","0","0.10","10","0.00",
="085410","臺股指元大4C購33","0","0","0","--","--","--","--"," ","0.00","5.10","499","5.45","10","0.00",
="085411","臺股指元大51購11","0","0","0","--","--","--","--"," ","0.00","8.00","499","8.35","10","0.00",
="085412","臺股指元大51購12","0","0","0","--","--","--","--"," ","0.00","3.77","499","3.84","10","0.00",
="085413","臺股指元大51購13","0","0","0","--","--","--","--"," ","0.00","4.30","499","4.37","10","0.00",
="085414","臺股指元大53購03","0","0","0","--","--","--","--"," ","0.00","5.50","100","5.85","10","0.00",
="085415","T50正2群益4C購06","0","0","0","--","--","--","--"," ","0.00","--","0","15.80","11","302.45",
="085416","T50反1群益52購02","0","0","0","--","--","--","--"," ","0.00","0.10","100","0.11","100","18.29",
="085417","臺指2X群益4C購01","0","0","0","--","--","--","--"," ","0.00","5.20","25","5.70","10","39.49",
="085418","台泥群益52購03","278,000","10","64,670","0.23","0.26","0.22","0.24","-","0.09","0.23","18","0.33","10","23.75",
="085419","台積電群益52購04","0","0","0","--","--","--","--"," ","0.00","1.49","6","4.66","10","1,340.00",
="08541P","台積電凱基4A售58","0","0","0","--","--","--","--"," ","0.00","--","0","0.10","10","0.00",
="085420","台光電群益4C購09","53,000","2","170,130","3.21","3.21","3.21","3.21","X","0.00","0.93","30","--","0","1,345.00",
="085421","長榮群益4C購06","5,000","1","1,300","0.26","0.26","0.26","0.26","-","0.03","0.25","100","0.26","100","182.00",
="085422","奇鋐群益4C購09","0","0","0","--","--","--","--"," ","0.00","4.96","499","5.30","10","1,015.00",
="085423","欣興群益51購03","0","0","0","--","--","--","--"," ","0.00","4.19","25","4.29","10","159.00",
="085424","緯創群益4C購06","214,000","21","299,190","1.36","1.50","1.32","1.32","+","0.08","0.28","35","--","0","122.50",
="085425","新日興群益4C購06","91,000","4","137,850","1.59","1.59","1.43","1.43","-","0.26","0.58","17","--","0","237.00",
="085426","玉晶光群益4C購02","67,000","6","246,780","3.77","3.77","3.60","3.67","-","0.05","0.89","10","--","0","443.50",
="085427","世芯群益4C購16","1,000","1","5,600","5.60","5.60","5.60","5.60","X","0.00","2.63","2","--","0","3,700.00",
="085428","亞翔群益4C購03","0","0","0","--","--","--","--"," ","0.00","1.02","10","1.12","10","358.50",
="085429","亞翔群益51購02","29,000","1","34,220","1.18","1.18","1.18","1.18","X","0.00","1.14","10","1.24","10","358.50",
="08542P","智邦凱基4B售04","0","0","0","--","--","--","--"," ","0.00","--","0","0.10","10","0.00",
="085430","穎崴群益52購07","128,000","4","597,220","4.70","4.70","4.55","4.67","-","0.05","4.68","10","4.78","10","2,015.00",
="085431","愛普群益4C購04","1,000","1","2,050","2.05","2.05","2.05","2.05","-","0.15","0.73","13","--","0","344.00",
="085432","泓德群益4C購03","0","0","0","--","--","--","--"," ","0.00","0.14","25","0.15","10","125.50",
="085433","世紀鋼群益4C購09","0","0","0","--","--","--","--"," ","0.00","0.21","10","0.31","10","171.50",
="085434","零壹中信4C購01","40,000","2","30,700","0.76","0.77","0.76","0.77","-","0.01","0.76","10","0.78","20","0.00",
="085435","亞翔中信51購01","14,000","1","10,500","0.75","0.75","0.75","0.75","X","0.00","0.72","499","0.73","10","0.00",
="085436","愛普中信4C購01","184,000","11","131,860","0.72","0.73","0.63","0.70","-","0.01","0.72","10","0.73","10","0.00",
="085437","AES中信4C購02","65,000","7","48,370","0.81","0.81","0.73","0.73","-","0.07","0.71","10","0.76","10","0.00",
="085438","來億中信4C購01","0","0","0","--","--","--","--"," ","0.00","0.07","10","0.12","10","0.00",
="085439","羅昇中信4C購02","356,000","7","148,840","0.44","0.44","0.40","0.41","-","0.02","0.36","10","0.37","10","0.00",
="08543P","玉晶光凱基4A售02","0","0","0","--","--","--","--"," ","0.00","0.02","10","0.12","10","0.00",
="085440","台達電永豐4C購02","0","0","0","--","--","--","--"," ","0.00","36.70","10","--","0","893.00",
="085441","廣宇永豐4C購02","0","0","0","--","--","--","--"," ","0.00","2.29","499","2.31","10","54.10",
="085442","漢唐永豐51購04","0","0","0","--","--","--","--"," ","0.00","--","0","--","0","987.00",
="085443","神達永豐53購02","86,000","11","515,400","6.00","6.25","5.90","6.25","+","0.60","6.00","10","6.05","10","90.00",
="085444","帆宣永豐52購01","0","0","0","--","--","--","--"," ","0.00","18.40","499","18.90","10","255.00",
="085445","世紀鋼永豐52購05","0","0","0","--","--","--","--"," ","0.00","0.43","499","0.44","10","171.50",
="085446","上証2X國票52購01","1,000","1","3,050","3.05","3.05","3.05","3.05","+","0.05","2.85","25","2.86","10","47.20",
="085447","華通國票51購03","0","0","0","--","--","--","--"," ","0.00","4.09","25","4.15","10","77.00",
="085448","台亞國票51購01","1,000","1","2,100","2.10","2.10","2.10","2.10","X","0.00","2.07","25","2.12","10","27.80",
="085449","華邦電國票52購02","13,000","2","116,300","8.60","9.05","8.60","9.05","X","0.00","9.10","25","9.50","1","36.45",
="08544P","智易凱基4A售02","0","0","0","--","--","--","--"," ","0.00","0.36","10","0.37","10","0.00",
="085450","金像電國票51購03","0","0","0","--","--","--","--"," ","0.00","11.90","25","12.00","10","455.00",
="085451","佳能國票51購03","0","0","0","--","--","--","--"," ","0.00","--","0","--","0","88.80",
="085452","凌陽國票51購01","98,000","6","174,650","1.80","1.81","1.78","1.81"," ","0.00","1.73","25","1.76","10","23.65",
="085453","漢唐國票51購04","0","0","0","--","--","--","--"," ","0.00","12.20","25","12.60","10","987.00",
="085454","敦泰國票51購01","10,000","1","10,100","1.01","1.01","1.01","1.01","-","0.11","0.99","25","1.00","10","67.40",
="085455","中磊國票51購01","110,000","3","59,400","0.54","0.54","0.54","0.54","+","0.06","0.54","25","0.55","10","105.50",
="085456","亞翔國票51購02","0","0","0","--","--","--","--"," ","0.00","1.71","25","1.72","10","358.50",
="085457","精誠國票4C購01","0","0","0","--","--","--","--"," ","0.00","1.15","25","1.19","10","122.50",
="085458","同欣電國票51購01","86,000","4","75,140","0.94","0.94","0.82","0.82","-","0.08","0.81","25","0.82","10","120.50",
="085459","富世達國票52購01","0","0","0","--","--","--","--"," ","0.00","2.35","25","--","0","1,010.00",
="08545P","世芯凱基53售01","1,000","1","240","0.24","0.24","0.24","0.24","X","0.00","0.02","100","0.24","9","0.00",
="085460","昇陽半國票51購03","748,000","22","1,495,190","1.94","2.13","1.84","1.88","-","0.03","1.81","25","1.82","10","179.50",
="085461","廣宇統一58購01","77,000","1","60,830","0.79","0.79","0.79","0.79"," ","0.00","0.76","10","0.77","10","54.10",
="085462","華邦電統一56購02","719,000","54","1,571,530","2.10","2.25","2.09","2.24","+","0.31","2.25","10","2.27","10","36.45",
="085463","致茂統一56購01","0","0","0","--","--","--","--"," ","0.00","1.64","10","1.65","10","614.00",
="085464","群光統一56購01","2,000","1","1,180","0.59","0.59","0.59","0.59","-","0.02","0.58","10","0.59","10","140.00",
="085465","全新統一58購01","151,000","4","119,640","0.80","0.80","0.74","0.74","-","0.08","0.74","10","0.75","10","160.00",
="085466","亞光統一56購01","0","0","0","--","--","--","--"," ","0.00","0.85","10","0.86","10","161.50",
="085467","零壹統一56購01","10,000","1","6,500","0.65","0.65","0.65","0.65"," ","0.00","0.65","10","0.66","10","125.00",
="085468","京鼎統一58購01","137,000","3","75,350","0.55","0.55","0.55","0.55","X","0.00","0.53","10","0.54","10","306.00",
="085469","定穎控統一56購02","1,000","1","2,280","2.28","2.28","2.28","2.28","X","0.00","2.27","10","2.28","9","90.10",
="08546P","精銳凱基4A售04","0","0","0","--","--","--","--"," ","0.00","--","0","0.10","10","0.00",
="085470","亞翔統一56購03","0","0","0","--","--","--","--"," ","0.00","0.63","10","0.64","10","358.50",
="085471","帆宣統一56購01","160,000","9","185,270","1.17","1.17","1.13","1.14","-","0.01","1.11","10","1.13","10","255.00",
="085472","帆宣統一56購02","0","0","0","--","--","--","--"," ","0.00","1.22","10","1.24","10","255.00",
="085473","鈺邦統一58購01","0","0","0","--","--","--","--"," ","0.00","1.18","10","1.20","10","198.50",
="085474","天虹統一56購02","194,000","9","149,060","0.75","0.79","0.75","0.75"," ","0.00","0.74","10","0.75","10","252.50",
="085475","智邦兆豐53購01","97,000","9","245,250","2.50","2.57","2.50","2.52","+","0.04","2.45","10","2.54","10","1,005.00",
="085476","亞翔兆豐53購01","31,000","2","32,080","1.01","1.08","1.01","1.08","+","0.01","1.05","10","1.06","10","358.50",
="085477","台化富邦52購01","0","0","0","--","--","--","--"," ","0.00","1.94","10","2.04","10","0.00",
="085478","華城富邦53購01","170,000","6","168,800","0.99","1.00","0.97","1.00"," ","0.00","0.97","10","0.98","10","0.00",
="085479","鴻海富邦52購01","0","0","0","--","--","--","--"," ","0.00","6.90","30","7.15","10","0.00",
="08547P","臺股指富邦4A售12","0","0","0","--","--","--","--"," ","0.00","0.01","499","0.03","100","0.00",
="085480","台積電富邦54購02","0","0","0","--","--","--","--"," ","0.00","2.63","30","2.70","10","0.00",
="085481","鴻準富邦52購02","145,000","11","176,870","1.23","1.23","1.19","1.19"," ","0.00","1.18","10","1.19","10","0.00",
="085482","漢唐富邦53購01","0","0","0","--","--","--","--"," ","0.00","4.55","10","4.65","10","0.00",
="085483","長榮富邦52購05","0","0","0","--","--","--","--"," ","0.00","0.21","10","0.22","10","0.00",
="085484","辛耘富邦51購01","139,000","12","154,390","1.02","1.13","1.02","1.11","+","0.23","1.01","30","1.02","10","0.00",
="085485","世芯富邦51購02","0","0","0","--","--","--","--"," ","0.00","2.16","10","2.26","10","0.00",
="085486","ITH富邦51購01","216,000","6","84,600","0.39","0.40","0.39","0.40","-","0.01","0.38","10","0.39","10","0.00",
="085487","T50反1元富4C購12","0","0","0","--","--","--","--"," ","0.00","0.21","25","0.22","25","18.29",
="085488","滬深2X元富4C購03","0","0","0","--","--","--","--"," ","0.00","0.40","2","--","0","19.04",
="085489","國巨元富56購01","0","0","0","--","--","--","--"," ","0.00","18.80","25","--","0","176.00",
="08548P","臺股指富邦4C售10","0","0","0","--","--","--","--"," ","0.00","0.06","499","0.07","100","0.00",
="085490","致茂元富4C購01","0","0","0","--","--","--","--"," ","0.00","5.35","25","5.85","25","614.00",
="085491","漢唐元富4C購05","0","0","0","--","--","--","--"," ","0.00","--","0","--","0","987.00",
="085492","偉訓元富4C購01","0","0","0","--","--","--","--"," ","0.00","2.62","25","2.67","25","97.50",
="085493","緯創元富4C購04","0","0","0","--","--","--","--"," ","0.00","7.25","25","7.45","25","122.50",
="085494","帆宣元富4C購01","0","0","0","--","--","--","--"," ","0.00","4.02","25","4.12","10","255.00",
="085495","穎崴元富51購02","13,000","5","82,300","6.40","6.65","6.10","6.65","+","0.35","6.20","25","6.35","25","2,015.00",
="085496","天虹元富4C購01","127,000","8","204,580","1.54","1.76","1.53","1.60","+","0.06","1.57","25","1.59","25","252.50",
="085497","華邦電台新4C購02","0","0","0","--","--","--","--"," ","0.00","12.80","10","--","0","0.00",
="085498","中興電國泰51購01","0","0","0","--","--","--","--"," ","0.00","1.09","499","1.11","499","159.00",
="085499","中砂國泰51購04","0","0","0","--","--","--","--"," ","0.00","1.88","499","1.89","200","339.00",
="08549P","臺股指富邦51售08","0","0","0","--","--","--","--"," ","0.00","0.06","499","0.07","100","0.00",
="085500","廣宇國泰51購02","8,000","1","31,600","3.95","3.95","3.95","3.95","-","0.02","3.78","499","3.82","100","54.10",
="085501","南亞科國泰51購02","0","0","0","--","--","--","--"," ","0.00","4.76","499","4.80","100","81.00",
="085502","奇鋐國泰51購04","0","0","0","--","--","--","--"," ","0.00","4.80","499","--","0","1,015.00",
="085503","亞光國泰51購03","0","0","0","--","--","--","--"," ","0.00","2.10","499","2.13","240","161.50",
="085504","德律國泰51購01","0","0","0","--","--","--","--"," ","0.00","4.31","499","4.37","10","189.00",
="085505","亞翔國泰51購01","0","0","0","--","--","--","--"," ","0.00","2.56","499","2.58","100","358.50",
="085506","亞翔國泰51購02","83,000","10","166,720","2.03","2.08","1.90","1.98","-","0.07","2.00","499","2.01","100","358.50",
="085507","虎航國泰51購01","40,000","2","59,600","1.49","1.49","1.49","1.49","-","0.16","1.48","500","1.49","100","75.80",
="085508","台泥凱基53購01","0","0","0","--","--","--","--"," ","0.00","0.24","100","0.34","10","23.75",
="085509","東陽凱基4C購02","3,000","1","1,170","0.39","0.39","0.39","0.39","X","0.00","0.37","100","0.38","40","94.10",
="08550P","鴻海台新4A售08","0","0","0","--","--","--","--"," ","0.00","--","0","0.01","10","0.00",
="085510","士電凱基4C購04","0","0","0","--","--","--","--"," ","0.00","0.63","100","0.64","10","183.00",
="085511","華城凱基4C購05","0","0","0","--","--","--","--"," ","0.00","1.23","100","1.33","10","586.00",
="085512","中砂凱基51購01","412,000","29","535,530","1.19","1.40","1.18","1.25","+","0.10","1.23","100","1.24","10","339.00",
="085513","信錦凱基51購01","5,000","1","4,700","0.94","0.94","0.94","0.94","-","0.06","0.92","10","0.94","10","69.40",
="085514","川湖凱基51購02","0","0","0","--","--","--","--"," ","0.00","5.95","100","6.15","10","3,220.00",
="085515","廣宇凱基4C購04","0","0","0","--","--","--","--"," ","0.00","2.72","10","2.75","10","54.10",
="085516","群光凱基4C購02","101,000","9","101,620","1.10","1.10","0.97","0.97","-","0.16","1.00","100","1.05","10","140.00",
="085517","群光凱基51購01","60,000","3","52,300","0.93","0.93","0.83","0.83","-","0.15","0.83","10","0.85","10","140.00",
="085518","南亞科凱基53購03","106,000","15","217,740","2.08","2.20","1.95","2.20","+","0.04","2.07","100","2.17","12","81.00",
="085519","聯發科凱基54購03","40,000","4","59,400","1.53","1.53","1.45","1.45","-","0.15","1.43","10","--","0","1,375.00",
="08551P","漢唐群益4C售02","0","0","0","--","--","--","--"," ","0.00","--","0","0.09","293","0.00",
="085520","長榮凱基4C購06","0","0","0","--","--","--","--"," ","0.00","0.48","499","0.49","40","182.00",
="085521","鴻海凱基51購02","60,000","9","224,920","3.61","3.82","3.61","3.82","+","0.40","3.75","499","3.86","10","221.00",
="085522","陽明凱基51購01","0","0","0","--","--","--","--"," ","0.00","0.46","100","0.47","10","55.20",
="085523","德律凱基4C購05","99,000","9","148,770","1.57","1.59","1.45","1.46","-","0.22","1.46","10","1.52","10","189.00",
="085524","緯創凱基4C購10","0","0","0","--","--","--","--"," ","0.00","0.36","100","0.37","10","122.50",
="085525","世芯凱基4C購08","0","0","0","--","--","--","--"," ","0.00","4.53","100","4.63","10","3,700.00",
="085526","祥碩凱基4C購04","0","0","0","--","--","--","--"," ","0.00","0.31","100","0.32","10","1,525.00",
="085528","聯茂凱基4C購06","0","0","0","--","--","--","--"," ","0.00","6.60","100","6.70","10","111.50",
="085529","AES凱基4C購05","3,000","1","2,370","0.79","0.79","0.79","0.79","-","0.13","0.71","100","0.73","10","1,195.00",
="08552P","S&P正2中信51售02","0","0","0","--","--","--","--"," ","0.00","0.14","100","0.15","100","0.00",
="085530","矽創凱基4C購01","768,000","45","1,450,300","1.99","1.99","1.84","1.90","-","0.40","1.94","100","--","0","225.00",
="085531","美利達凱基4C購02","95,000","3","94,050","0.99","0.99","0.99","0.99","-","0.06","0.92","100","0.94","10","108.00",
="085532","臺股指凱基4C購23","0","0","0","--","--","--","--"," ","0.00","6.10","100","6.15","10","0.00",
="085533","台灣50元大4C購09","16,000","8","92,950","5.80","5.95","5.80","5.95","X","0.00","5.95","99","6.20","10","58.45",
="085534","台灣50元大53購01","0","0","0","--","--","--","--"," ","0.00","8.35","200","8.40","10","58.45",
="085535","台灣50元大54購01","43,000","1","150,930","3.51","3.51","3.51","3.51","X","0.00","3.56","499","3.59","10","58.45",
="085536","台灣50元大54購02","0","0","0","--","--","--","--"," ","0.00","7.25","200","7.55","10","58.45",
="085537","元石油元大4C購01","0","0","0","--","--","--","--"," ","0.00","0.41","499","0.42","100","16.00",
="085538","元石油元大4C購02","54,000","16","37,670","0.70","0.70","0.69","0.69","-","0.07","0.70","250","0.71","100","16.00",
="085539","元油反元大4C購03","0","0","0","--","--","--","--"," ","0.00","1.14","499","1.20","10","6.75",
="08553P","南亞科中信4A售04","0","0","0","--","--","--","--"," ","0.00","--","0","0.02","10","0.00",
="085540","SGBR2X元大4C購08","0","0","0","--","--","--","--"," ","0.00","0.52","499","0.53","100","10.98",
="085541","東陽元大4C購02","0","0","0","--","--","--","--"," ","0.00","0.21","499","0.22","10","94.10",
="085542","中砂元大54購01","90,000","12","229,990","2.50","2.61","2.43","2.61","+","0.27","2.49","300","2.53","10","339.00",
="085543","合機元大4C購02","52,000","2","37,940","0.73","0.73","0.72","0.72"," ","0.00","0.72","499","0.73","10","46.95",
="085544","美時元大4C購03","688,000","9","369,600","0.53","0.54","0.53","0.53","X","0.00","0.52","499","0.53","10","192.00",
="085545","大成鋼元大4C購09","0","0","0","--","--","--","--"," ","0.00","1.92","350","1.94","10","37.90",
="085546","台達電元大4C購04","0","0","0","--","--","--","--"," ","0.00","30.60","10","--","0","893.00",
="085547","致茂元大4C購01","16,000","2","229,000","14.50","14.50","14.00","14.00","+","0.50","14.20","50","14.50","10","614.00",
="085548","金像電元大4C購13","0","0","0","--","--","--","--"," ","0.00","6.00","150","--","0","455.00",
="085549","技嘉元大4C購12","23,000","2","21,880","0.95","0.96","0.95","0.96","+","0.01","0.94","499","0.96","10","283.00",
="08554P","臺股指中信51售08","599,000","8","31,950","0.06","0.06","0.05","0.06"," ","0.00","0.05","649","0.06","100","0.00",
="085550","台光電元大4C購21","26,000","4","147,700","5.40","6.40","5.40","6.40","X","0.00","6.00","150","6.20","10","1,345.00",
="085551","漢唐元大4C購05","43,000","9","348,800","8.70","8.70","7.50","8.00","-","0.50","8.50","25","8.60","10","987.00",
="085552","美律元大4C購01","308,000","10","577,110","1.67","1.89","1.67","1.88","+","0.15","1.81","450","1.88","10","104.00",
="085553","美律元大4C購02","0","0","0","--","--","--","--"," ","0.00","0.18","499","0.19","10","104.00",
="085554","聯發科元大51購31","0","0","0","--","--","--","--"," ","0.00","0.83","499","0.85","10","1,375.00",
="085555","長榮元大51購19","0","0","0","--","--","--","--"," ","0.00","0.31","499","0.32","10","182.00",
="085556","裕民元大4C購04","0","0","0","--","--","--","--"," ","0.00","1.28","499","1.30","10","55.30",
="085557","陽明元大51購02","0","0","0","--","--","--","--"," ","0.00","1.11","499","1.12","10","55.20",
="085558","國泰金元大4C購05","247,000","3","103,740","0.42","0.42","0.42","0.42","+","0.02","0.41","499","0.42","10","66.20",
="085559","晶豪科元大4C購01","7,000","5","32,190","4.62","4.64","4.40","4.40","-","0.06","4.53","150","4.63","10","81.00",
="08555P","T50正2凱基4A售10","0","0","0","--","--","--","--"," ","0.00","--","0","0.02","10","0.00",
="085560","奇鋐元大51購12","504,000","5","748,930","1.53","1.53","1.44","1.44","+","0.01","1.30","499","1.35","10","1,015.00",
="085561","德律元大4C購07","10,000","1","15,600","1.56","1.56","1.56","1.56","+","0.10","1.51","499","1.53","10","189.00",
="085562","德律元大4C購08","32,000","4","58,140","1.88","1.88","1.77","1.77"," ","0.00","1.67","450","1.69","10","189.00",
="085563","緯創元大54購03","0","0","0","--","--","--","--"," ","0.00","0.64","499","0.66","10","122.50",
="085564","玉晶光元大4C購05","222,000","5","139,240","0.68","0.68","0.62","0.62","-","0.04","0.62","25","0.64","10","443.50",
="085565","嘉澤元大54購03","250,000","3","238,500","0.95","0.97","0.93","0.93","-","0.06","0.93","499","0.95","10","1,605.00",
="085566","辛耘元大4C購08","28,000","2","57,100","2.02","2.04","2.02","2.04","+","0.53","1.88","450","1.92","10","388.00",
="085567","宏致元大4C購01","0","0","0","--","--","--","--"," ","0.00","3.12","200","3.17","10","73.30",
="085568","世芯元大51購23","87,000","7","372,070","4.51","4.51","4.10","4.10","-","0.31","1.80","27","--","0","3,700.00",
="085569","貿聯元大4C購12","423,000","14","644,320","1.68","1.68","1.44","1.44","-","0.17","1.41","3","--","0","1,085.00",
="08556P","鴻海凱基4C售06","0","0","0","--","--","--","--"," ","0.00","--","0","0.10","10","0.00",
="085570","日月光元大4C購04","203,000","3","207,060","1.02","1.02","1.02","1.02","+","0.07","0.95","499","0.97","10","174.50",
="085571","精銳元大4C購08","40,000","1","37,200","0.93","0.93","0.93","0.93","-","0.04","0.87","25","0.90","10","695.00",
="085572","精成科元大55購01","0","0","0","--","--","--","--"," ","0.00","5.50","100","--","0","125.50",
="085573","穎崴元大51購05","123,000","17","317,380","2.59","2.59","2.40","2.58","+","0.11","2.47","100","2.56","10","2,015.00",
="085574","虎航元大4C購05","20,000","2","14,800","0.74","0.74","0.74","0.74","-","0.12","0.73","499","0.74","10","75.80",
="085575","富世達元大54購01","25,000","3","78,650","3.14","3.17","3.11","3.17","+","0.20","3.22","250","3.29","10","1,010.00",
="085576","昇陽半元大4C購08","3,000","1","5,400","1.80","1.80","1.80","1.80","X","0.00","1.69","400","1.73","10","179.50",
="085577","T50反1群益4C購08","400,000","2","38,000","0.10","0.10","0.09","0.09","-","0.03","0.08","200","0.09","100","18.29",
="085578","T50反1群益51購02","0","0","0","--","--","--","--"," ","0.00","0.08","100","0.09","100","18.29",
="085579","SGBR2X群益4C購02","0","0","0","--","--","--","--"," ","0.00","0.59","25","0.60","10","10.98",
="08557P","華碩凱基4A售04","0","0","0","--","--","--","--"," ","0.00","--","0","0.10","10","0.00",
="085580","中砂群益51購03","5,000","2","4,070","0.81","0.82","0.81","0.82","X","0.00","0.82","10","0.92","10","339.00",
="085581","華新群益4C購02","103,000","4","101,510","1.01","1.01","0.95","0.95","-","0.06","0.91","10","1.01","10","24.05",
="085582","台積電群益53購04","0","0","0","--","--","--","--"," ","0.00","--","0","--","0","1,340.00",
="085583","技嘉群益53購01","0","0","0","--","--","--","--"," ","0.00","1.17","10","1.27","10","283.00",
="085584","台光電群益4C購10","33,000","2","92,730","2.81","2.81","2.81","2.81","+","0.62","0.64","25","--","0","1,345.00",
="085585","群光群益4C購01","0","0","0","--","--","--","--"," ","0.00","0.69","100","0.71","100","140.00",
="085586","大立光群益4C購06","94,000","3","78,020","0.83","0.83","0.83","0.83","-","0.06","0.82","100","0.88","100","2,360.00",
="085587","零壹群益51購01","0","0","0","--","--","--","--"," ","0.00","1.03","100","1.06","100","125.00",
="085588","欣興群益4C購02","30,000","4","122,470","4.42","4.42","4.02","4.02","+","0.24","3.81","100","3.88","100","159.00",
="085589","創意群益4C購05","114,000","7","167,820","1.45","1.48","1.45","1.45","+","0.22","0.37","27","--","0","1,315.00",
="08558P","長榮凱基4B售08","0","0","0","--","--","--","--"," ","0.00","0.12","100","0.13","30","0.00",
="085591","辛耘群益4C購05","79,000","8","115,380","1.41","1.51","1.30","1.43","+","0.31","0.27","10","--","0","388.00",
="085592","世芯群益4C購17","1,000","1","6,000","6.00","6.00","6.00","6.00","+","0.05","3.33","3","--","0","3,700.00",
="085593","定穎控群益4C購01","0","0","0","--","--","--","--"," ","0.00","--","0","--","0","90.10",
="085596","迎廣群益51購01","0","0","0","--","--","--","--"," ","0.00","0.22","10","0.32","10","85.80",
="085597","保瑞群益4C購05","0","0","0","--","--","--","--"," ","0.00","1.02","10","1.12","10","693.00",
="085598","富邦金中信4C購01","49,000","2","23,810","0.47","0.49","0.47","0.49","+","0.01","0.45","499","0.46","10","0.00",
="085599","喬山永豐4C購02","188,000","15","72,350","0.39","0.44","0.34","0.34","-","0.10","0.33","499","0.34","10","167.00",
="08559P","緯穎凱基4A售12","0","0","0","--","--","--","--"," ","0.00","--","0","0.10","10","0.00",
="085600","光寶科永豐51購01","0","0","0","--","--","--","--"," ","0.00","3.63","499","3.73","10","183.00",
="085602","台積電永豐66購02","1,000","1","3,880","3.88","3.88","3.88","3.88","+","0.38","2.27","4","--","0","1,340.00",
="085606","大立光永豐4C購01","9,000","1","5,130","0.57","0.57","0.57","0.57"," ","0.00","0.54","10","0.55","10","2,360.00",
="085607","晶技永豐4C購01","856,000","55","877,550","1.20","1.20","0.95","0.95","-","0.37","0.92","15","0.95","10","93.00",
="085609","緯創永豐53購02","70,000","4","48,400","0.69","0.70","0.66","0.66","X","0.00","0.64","10","0.65","10","122.50",
="08560P","台灣50元富4A售23","0","0","0","--","--","--","--"," ","0.00","--","0","0.10","25","0.00",
="085610","創意永豐53購01","87,000","7","445,920","4.92","5.40","4.92","5.25","+","0.25","5.20","15","5.25","10","1,315.00",
="085611","辛耘永豐53購01","10,000","1","24,700","2.47","2.47","2.47","2.47","X","0.00","2.29","499","2.30","10","388.00",
="085613","定穎控永豐51購01","0","0","0","--","--","--","--"," ","0.00","14.80","499","15.10","10","90.10",
="085614","達興永豐54購01","189,000","28","701,090","3.33","3.94","3.30","3.72","+","0.13","1.74","5","--","0","399.00",
="085616","台郡永豐53購01","0","0","0","--","--","--","--"," ","0.00","3.67","10","3.71","10","66.80",
="085617","緯穎永豐4C購09","0","0","0","--","--","--","--"," ","0.00","1.86","499","1.87","10","3,140.00",
="085618","天虹永豐51購01","64,000","3","144,230","2.19","2.30","2.19","2.30","-","0.03","2.29","10","2.30","10","252.50",
="08561P","台積電元富4A售34","0","0","0","--","--","--","--"," ","0.00","--","0","--","0","0.00",
="085620","昇陽半永豐51購02","46,000","6","89,230","1.91","2.01","1.75","1.79","-","0.13","1.75","499","1.77","10","179.50",
="085623","皇昌國泰51購02","3,000","1","6,210","2.07","2.07","2.07","2.07","X","0.00","1.88","499","1.89","100","72.70",
="085624","長榮航國泰51購01","80,000","4","149,680","1.84","1.91","1.84","1.86","-","0.05","1.87","499","1.88","100","38.85",
="085626","中砂台新4C購01","148,000","9","204,040","1.31","1.44","1.31","1.34","+","0.17","1.31","20","1.32","10","0.00",
="085627","玉晶光台新4C購01","17,000","2","28,420","1.68","1.68","1.67","1.67","-","0.29","1.67","20","1.68","10","0.00",
="085628","廣宇統一56購01","2,000","1","1,780","0.89","0.89","0.89","0.89","+","0.01","0.88","10","0.89","10","54.10",
="085629","零壹統一56購02","103,000","2","99,910","0.97","0.97","0.97","0.97"," ","0.00","0.96","10","0.97","10","125.00",
="08562P","台積電元富4A售35","0","0","0","--","--","--","--"," ","0.00","--","0","--","0","0.00",
="085630","零壹統一5C購01","0","0","0","--","--","--","--"," ","0.00","0.66","10","0.67","10","125.00",
="085631","緯創統一56購03","67,000","3","26,330","0.39","0.40","0.39","0.40","+","0.04","0.37","10","0.38","10","122.50",
="085632","緯創統一5C購01","83,000","3","38,690","0.47","0.47","0.46","0.46","X","0.00","0.45","10","0.46","10","122.50",
="085633","京鼎統一56購02","503,000","10","284,880","0.55","0.57","0.55","0.57","+","0.03","0.54","10","0.55","10","306.00",
="085634","定穎控統一4C購01","0","0","0","--","--","--","--"," ","0.00","--","0","--","0","90.10",
="085635","鴻海群益4B購01","159,000","11","218,140","1.32","1.41","1.32","1.37","+","0.14","1.39","4","1.42","10","221.00",
="085636","定穎控統一5A購02","0","0","0","--","--","--","--"," ","0.00","1.94","10","2.02","10","90.10",
="085637","精銳統一56購04","0","0","0","--","--","--","--"," ","0.00","0.32","10","0.33","10","695.00",
="085638","立積統一56購05","171,000","5","204,060","1.23","1.23","1.18","1.18","-","0.06","1.16","10","1.18","10","151.50",
="085639","立積統一5C購01","111,000","5","92,400","0.84","0.84","0.83","0.83","-","0.01","0.80","10","0.81","10","151.50",
="08563P","台積電元富4A售36","0","0","0","--","--","--","--"," ","0.00","--","0","--","0","0.00",
="085640","台郡統一56購01","180,000","4","174,020","0.95","0.99","0.95","0.99","-","0.01","0.95","10","0.96","10","66.80",
="085641","台郡統一56購02","29,000","2","27,250","0.94","0.94","0.93","0.93","-","0.06","0.91","10","0.92","10","66.80",
="085642","亞光兆豐53購01","151,000","12","243,820","1.65","1.65","1.56","1.56","-","0.11","1.55","10","--","0","161.50",
="085643","創意兆豐51購02","63,000","4","83,590","1.33","1.33","1.31","1.33","+","0.13","1.31","10","1.33","10","1,315.00",
="085644","矽創兆豐56購01","534,000","45","613,670","1.21","1.48","1.10","1.48","+","0.20","1.48","17","--","0","225.00",
="085645","華新富邦53購01","252,000","10","285,120","1.27","1.28","1.11","1.20","-","0.05","1.17","30","1.18","10","0.00",
="085646","台玻富邦4C購02","0","0","0","--","--","--","--"," ","0.00","4.04","30","4.10","10","0.00",
="085647","第一銅富邦51購01","20,000","1","15,000","0.75","0.75","0.75","0.75","-","0.04","0.77","30","0.78","10","0.00",
="085648","台達電富邦54購01","0","0","0","--","--","--","--"," ","0.00","8.20","30","8.45","10","0.00",
="085649","台光電富邦4C購05","10,000","1","29,600","2.96","2.96","2.96","2.96","+","0.30","2.93","10","2.99","10","0.00",
="08564P","台灣50國票4B售05","0","0","0","--","--","--","--"," ","0.00","0.01","25","0.05","10","0.00",
="085650","緯創富邦4C購02","57,000","4","23,710","0.40","0.43","0.36","0.36"," ","0.00","0.36","10","0.37","10","0.00",
="085651","達興富邦53購01","0","0","0","--","--","--","--"," ","0.00","2.14","10","2.24","10","0.00",
="085652","亞翔富邦4C購01","378,000","12","267,250","0.71","0.73","0.66","0.71","+","0.01","0.70","10","0.71","10","0.00",
="085653","穎崴富邦53購03","0","0","0","--","--","--","--"," ","0.00","2.60","10","2.70","10","0.00",
="085654","緯穎富邦51購01","0","0","0","--","--","--","--"," ","0.00","1.27","10","1.31","10","0.00",
="085655","士電元富4C購01","38,000","4","42,000","1.10","1.14","1.10","1.14","X","0.00","1.16","25","1.18","25","183.00",
="085656","中砂元富4C購02","26,000","2","49,780","1.79","1.97","1.79","1.97","+","0.36","1.78","25","1.79","25","339.00",
="085657","楠梓電元富4C購02","0","0","0","--","--","--","--"," ","0.00","--","0","--","0","103.50",
="085658","智邦元富4C購02","0","0","0","--","--","--","--"," ","0.00","19.00","25","19.50","25","1,005.00",
="085659","偉訓元富4C購02","0","0","0","--","--","--","--"," ","0.00","1.50","25","1.51","25","97.50",
="08565P","華通國票4B售01","0","0","0","--","--","--","--"," ","0.00","0.15","25","0.16","10","0.00",
="085660","智原元富51購04","86,000","14","289,320","2.91","3.61","2.91","3.56","+","0.46","3.29","25","3.33","25","174.00",
="085661","緯創元富56購01","0","0","0","--","--","--","--"," ","0.00","1.83","25","1.86","25","122.50",
="085662","世芯元富4C購15","15,000","8","125,300","9.00","9.00","7.90","7.90","-","1.00","7.95","25","8.05","25","3,700.00",
="085663","貿聯元富51購02","28,000","2","102,000","4.00","4.00","3.50","3.50","-","0.46","3.50","25","3.60","10","1,085.00",
="085664","達興元富56購01","0","0","0","--","--","--","--"," ","0.00","2.54","1","--","0","399.00",
="085665","亞翔元富4C購04","47,000","2","31,960","0.68","0.68","0.68","0.68"," ","0.00","0.66","25","0.67","25","358.50",
="085666","緯穎元富4C購04","0","0","0","--","--","--","--"," ","0.00","1.72","25","1.74","25","3,140.00",
="085667","AES元富4C購01","11,000","4","15,350","1.46","1.46","1.35","1.35","-","0.03","1.23","25","1.26","25","1,195.00",
="085668","天虹元富53購01","158,000","8","310,680","1.91","2.13","1.86","2.01","+","0.10","1.94","25","1.95","25","252.50",
="085669","昇陽半元富4C購02","28,000","2","72,220","2.54","2.76","2.54","2.76","+","0.03","2.35","25","2.45","10","179.50",
="08566P","威盛國票4B售02","0","0","0","--","--","--","--"," ","0.00","0.88","25","0.89","10","0.00",
="085670","道瓊銅國票59購01","0","0","0","--","--","--","--"," ","0.00","2.62","25","2.63","10","25.59",
="085671","喬山國票51購02","0","0","0","--","--","--","--"," ","0.00","0.62","25","0.63","10","167.00",
="085672","光寶科國票53購01","0","0","0","--","--","--","--"," ","0.00","4.12","25","4.22","10","183.00",
="085673","楠梓電國票53購01","0","0","0","--","--","--","--"," ","0.00","14.40","25","15.40","10","103.50",
="085674","光罩國票51購01","20,000","1","44,200","2.21","2.21","2.21","2.21","-","0.44","2.22","25","2.26","10","41.20",
="085675","致茂國票51購03","52,000","9","506,550","8.95","10.00","8.95","9.85","+","1.10","9.45","25","9.55","10","614.00",
="085676","群光國票51購01","39,000","4","33,990","0.89","0.89","0.84","0.85","-","0.07","0.81","25","0.82","10","140.00",
="085677","零壹國票51購01","0","0","0","--","--","--","--"," ","0.00","1.00","25","1.01","10","125.00",
="085678","德律國票53購01","24,000","1","55,200","2.30","2.30","2.30","2.30","-","0.18","2.30","25","2.32","10","189.00",
="085679","晶技國票51購01","338,000","24","315,040","0.97","0.97","0.88","0.88","-","0.27","0.87","25","0.89","10","93.00",
="08567P","牧德國票4B售03","0","0","0","--","--","--","--"," ","0.00","0.12","25","0.13","10","0.00",
="085680","緯創國票53購01","0","0","0","--","--","--","--"," ","0.00","0.46","25","0.47","10","122.50",
="085681","京鼎國票51購01","35,000","4","35,550","1.04","1.04","0.98","0.98","X","0.00","0.94","25","0.96","10","306.00",
="085682","創意國票53購01","33,000","1","31,020","0.94","0.94","0.94","0.94","X","0.00","0.92","25","0.93","10","1,315.00",
="085683","貿聯國票51購07","0","0","0","--","--","--","--"," ","0.00","6.20","25","6.35","10","1,085.00",
="085684","上品國票51購02","0","0","0","--","--","--","--"," ","0.00","2.26","25","2.27","10","308.00",
="085685","jpp國票51購06","0","0","0","--","--","--","--"," ","0.00","2.40","25","2.45","10","286.50",
="085686","亞翔國票53購01","95,000","6","192,090","1.99","2.05","1.95","1.95","-","0.04","1.97","25","1.99","10","358.50",
="085687","台郡國票51購01","15,000","1","34,350","2.29","2.29","2.29","2.29","-","0.23","2.33","25","2.34","10","66.80",
="085688","緯穎國票51購04","0","0","0","--","--","--","--"," ","0.00","2.39","25","2.40","10","3,140.00",
="085689","AES國票53購01","12,000","3","16,180","1.44","1.44","1.33","1.33","-","0.05","1.33","10","1.34","10","1,195.00",
="08568P","碩天國票4B售01","0","0","0","--","--","--","--"," ","0.00","0.86","25","0.87","10","0.00",
="085690","台灣50凱基54購06","603,000","6","1,510,910","2.52","2.72","2.49","2.72","+","0.42","2.73","100","2.75","10","58.45",
="085691","元油反凱基53購01","0","0","0","--","--","--","--"," ","0.00","0.62","100","0.63","50","6.75",
="085692","SGBR2X凱基4C購05","1,000","1","970","0.97","0.97","0.97","0.97","X","0.00","0.97","150","0.98","50","10.98",
="085693","台達電凱基4C購04","0","0","0","--","--","--","--"," ","0.00","31.70","20","32.70","10","893.00",
="085694","鴻海凱基53購05","0","0","0","--","--","--","--"," ","0.00","3.80","27","3.90","10","221.00",
="085695","國巨凱基4C購03","0","0","0","--","--","--","--"," ","0.00","11.80","499","12.80","10","176.00",
="085696","台積電凱基51購19","0","0","0","--","--","--","--"," ","0.00","1.36","100","1.46","10","1,340.00",
="085697","鴻準凱基53購01","33,000","6","94,480","2.86","2.88","2.81","2.86","+","0.14","2.72","10","2.74","10","70.70",
="085698","致茂凱基4C購02","267,000","23","3,859,200","13.80","15.10","13.70","14.30","+","1.80","14.00","10","14.10","10","614.00",
="085699","技嘉凱基4C購07","1,000","1","1,120","1.12","1.12","1.12","1.12","-","0.01","1.09","100","1.11","10","283.00",
="08569P","智原國泰4B售01","0","0","0","--","--","--","--"," ","0.00","0.84","499","0.85","100","0.00",
="085700","台光電凱基4C購13","0","0","0","--","--","--","--"," ","0.00","5.60","100","6.10","10","1,345.00",
="085701","漢唐凱基4C購07","25,000","5","336,500","13.90","13.90","13.10","13.10","X","0.00","14.00","10","15.00","10","987.00",
="085702","長榮航凱基53購02","0","0","0","--","--","--","--"," ","0.00","0.82","100","0.92","10","38.85",
="085703","零壹凱基51購01","50,000","2","49,700","1.00","1.00","0.97","0.97"," ","0.00","0.97","100","0.99","10","125.00",
="085704","晶技凱基51購01","589,000","28","1,134,170","1.89","2.00","1.76","1.76","-","0.60","1.75","100","1.76","10","93.00",
="085705","緯創凱基54購01","0","0","0","--","--","--","--"," ","0.00","0.79","100","0.80","10","122.50",
="085706","創意凱基51購02","70,000","6","68,000","0.91","0.99","0.91","0.97","+","0.03","0.96","100","1.00","10","1,315.00",
="085707","定穎控凱基4C購01","0","0","0","--","--","--","--"," ","0.00","--","0","--","0","90.10",
="085708","中磊凱基51購01","153,000","8","91,670","0.59","0.62","0.59","0.59","+","0.05","0.61","100","0.63","10","105.50",
="085709","亞翔凱基51購05","34,000","4","60,700","1.77","1.85","1.77","1.85","+","0.04","1.74","10","1.76","10","358.50",
="08570P","華城元大4A售09","0","0","0","--","--","--","--"," ","0.00","--","0","0.10","10","0.00",
="085710","精成科凱基56購01","0","0","0","--","--","--","--"," ","0.00","6.10","100","--","0","125.50",
="085711","精誠凱基4C購01","517,000","7","550,490","1.15","1.15","1.04","1.04","-","0.05","1.06","10","1.11","10","122.50",
="085712","台郡凱基51購01","10,000","1","43,700","4.37","4.37","4.37","4.37","-","0.06","4.10","10","4.15","10","66.80",
="085713","緯穎凱基51購07","458,000","5","716,820","1.58","1.58","1.51","1.55","-","0.04","1.54","100","1.55","10","3,140.00",
="085714","力智凱基4C購01","3,000","1","3,090","1.03","1.03","1.03","1.03","-","0.01","1.04","10","1.08","10","214.00",
="085715","富世達凱基54購02","0","0","0","--","--","--","--"," ","0.00","1.59","100","1.62","10","1,010.00",
="085716","泓德凱基4C購06","0","0","0","--","--","--","--"," ","0.00","0.05","100","0.15","10","125.50",
="085717","上証2X元大4C購03","0","0","0","--","--","--","--"," ","0.00","2.25","250","2.26","100","47.20",
="085718","臺指反元大4C購03","361,000","2","21,760","0.06","0.07","0.06","0.07","X","0.00","0.06","100","0.07","10","2.96",
="085719","華城元大51購09","100,000","9","194,880","1.93","2.02","1.91","2.02","-","0.01","1.89","400","1.91","10","586.00",
="08571P","鴻海元大4A售39","0","0","0","--","--","--","--"," ","0.00","--","0","0.10","10","0.00",
="085720","中砂元大4C購05","332,000","3","395,690","1.16","1.25","1.15","1.25","X","0.00","1.16","499","1.19","10","339.00",
="085721","中砂元大54購02","69,000","2","113,960","1.64","1.66","1.64","1.66","X","0.00","1.54","499","1.58","10","339.00",
="085722","川湖元大4C購05","19,000","2","66,260","3.26","3.53","3.26","3.53","-","0.52","3.19","200","3.29","10","3,220.00",
="085723","楠梓電元大4C購01","0","0","0","--","--","--","--"," ","0.00","--","0","--","0","103.50",
="085724","鴻海元大51購14","33,000","1","72,600","2.20","2.20","2.20","2.20","+","0.20","2.22","350","2.23","10","221.00",
="085725","廣宇元大4C購08","19,000","4","42,760","2.21","2.30","2.21","2.22","-","0.13","2.21","350","2.23","10","54.10",
="085726","廣宇元大4C購09","110,000","10","146,990","1.36","1.36","1.29","1.30","-","0.03","1.29","499","1.30","10","54.10",
="085727","台積電元大51購48","1,000","1","1,520","1.52","1.52","1.52","1.52","X","0.00","0.10","10","--","0","1,340.00",
="085728","華邦電元大51購03","0","0","0","--","--","--","--"," ","0.00","6.65","150","7.15","10","36.45",
="085729","鴻準元大4C購12","105,000","5","174,290","1.66","1.68","1.63","1.63","+","0.01","1.58","450","1.59","10","70.70",
="08572P","台積電元大4A售67","0","0","0","--","--","--","--"," ","0.00","--","0","0.10","10","0.00",
="085730","技嘉元大4C購13","198,000","5","297,050","1.49","1.54","1.49","1.52","+","0.07","1.48","499","1.51","10","283.00",
="085731","台光電元大4C購22","26,000","4","58,320","2.16","2.50","2.16","2.50","+","0.29","2.35","350","2.41","10","1,345.00",
="085732","漢唐元大4C購06","0","0","0","--","--","--","--"," ","0.00","7.85","100","8.35","10","987.00",
="085733","聯發科元大51購32","0","0","0","--","--","--","--"," ","0.00","0.74","25","0.76","10","1,375.00",
="085734","長榮元大51購20","177,000","4","107,950","0.61","0.61","0.60","0.60","-","0.03","0.59","499","0.60","10","182.00",
="085735","陽明元大51購03","0","0","0","--","--","--","--"," ","0.00","0.88","499","0.89","10","55.20",
="085736","萬海元大51購03","0","0","0","--","--","--","--"," ","0.00","0.24","499","0.25","10","77.90",
="085737","德律元大4C購09","91,000","3","128,490","1.41","1.43","1.41","1.41","-","0.07","1.38","499","1.40","10","189.00",
="085738","偉訓元大4C購01","139,000","4","303,560","2.20","2.20","2.17","2.19","-","0.23","2.12","300","2.16","10","97.50",
="085739","緯創元大54購04","118,000","3","95,660","0.87","0.87","0.80","0.80","X","0.00","0.80","499","0.82","10","122.50",
="08573P","長榮元大4A售20","0","0","0","--","--","--","--"," ","0.00","0.31","499","0.32","200","0.00",
="085740","辛耘元大4C購09","64,000","8","52,170","0.79","0.85","0.79","0.80","+","0.10","0.78","11","--","0","388.00",
="085741","智易元大4C購03","40,000","1","30,000","0.75","0.75","0.75","0.75","X","0.00","0.70","499","0.73","10","223.00",
="085742","健策元大4C購08","350,000","19","1,078,220","2.93","3.29","2.87","3.19","+","0.15","3.09","250","3.12","10","2,355.00",
="085743","世芯元大4C購13","94,000","10","385,080","4.40","4.40","3.88","3.88","-","0.38","1.27","39","--","0","3,700.00",
="085744","世芯元大51購24","72,000","8","311,470","4.60","4.60","4.10","4.10","-","0.40","1.51","33","--","0","3,700.00",
="085745","世芯元大54購05","67,000","7","188,880","2.87","2.87","2.68","2.68","-","0.31","1.49","6","3.40","2","3,700.00",
="085746","精銳元大4C購09","0","0","0","--","--","--","--"," ","0.00","0.33","499","0.35","10","695.00",
="085747","亞翔元大4C購10","158,000","3","192,760","1.22","1.22","1.22","1.22"," ","0.00","1.19","499","1.21","10","358.50",
="085748","亞翔元大54購01","80,000","2","145,200","1.81","1.82","1.81","1.82","X","0.00","1.80","450","1.83","10","358.50",
="085749","精成科元大55購02","0","0","0","--","--","--","--"," ","0.00","5.75","100","--","0","125.50",
="08574P","緯創元大4A售11","0","0","0","--","--","--","--"," ","0.00","--","0","0.10","10","0.00",
="085750","矽力元大4C購03","16,000","3","4,590","0.30","0.30","0.28","0.28","-","0.02","0.27","25","0.28","10","273.00",
="085751","迅得元大4C購06","0","0","0","--","--","--","--"," ","0.00","0.43","499","0.44","10","176.00",
="085752","鈺邦元大4C購01","146,000","14","477,450","3.70","3.70","3.00","3.25","-","0.45","3.24","20","3.25","10","198.50",
="085753","愛普元大4C購06","114,000","6","185,540","1.60","1.76","1.59","1.76","-","0.03","1.50","50","--","0","344.00",
="085754","富世達元大54購02","112,000","6","161,180","1.42","1.56","1.41","1.56","+","0.22","1.46","499","1.50","10","1,010.00",
="085755","台泥群益53購02","10,000","1","1,800","0.18","0.18","0.18","0.18","-","0.04","0.16","10","0.26","10","23.75",
="085756","華城群益4C購07","3,000","1","5,100","1.70","1.70","1.70","1.70","X","0.00","0.16","6","--","0","586.00",
="085757","中砂群益4C購06","28,000","5","72,920","2.60","2.84","2.49","2.84","+","0.54","2.58","10","2.68","10","339.00",
="085758","川湖群益4C購05","3,000","1","7,740","2.58","2.58","2.58","2.58","X","0.00","2.52","25","2.57","10","3,220.00",
="085759","台達電群益51購02","0","0","0","--","--","--","--"," ","0.00","--","0","18.20","10","893.00",
="08575P","創意元大4A售08","0","0","0","--","--","--","--"," ","0.00","0.02","499","0.12","10","0.00",
="085760","廣宇群益4C購04","24,000","1","44,160","1.84","1.84","1.84","1.84","X","0.00","1.79","10","1.89","10","54.10",
="085761","群光群益4C購02","0","0","0","--","--","--","--"," ","0.00","0.43","100","0.45","100","140.00",
="085762","群光群益56購01","0","0","0","--","--","--","--"," ","0.00","0.65","100","0.66","100","140.00",
="085763","南亞科群益4C購11","0","0","0","--","--","--","--"," ","0.00","4.85","2","--","0","81.00",
="085764","聯發科群益4C購12","280,000","24","519,800","1.87","1.87","1.83","1.83","-","0.12","1.83","1","1.87","50","1,375.00",
="085765","長榮群益4C購07","0","0","0","--","--","--","--"," ","0.00","0.39","100","0.40","100","182.00",
="085766","德律群益4C購02","0","0","0","--","--","--","--"," ","0.00","2.97","10","3.07","10","189.00",
="085767","緯創群益4C購07","0","0","0","--","--","--","--"," ","0.00","--","0","--","0","122.50",
="085768","創意群益4C購06","35,000","2","40,210","1.15","1.15","1.13","1.13","+","0.17","0.06","18","--","0","1,315.00",
="085769","世芯群益4C購18","1,000","1","5,250","5.25","5.25","5.25","5.25","-","0.10","2.73","3","--","0","3,700.00",
="08576P","緯穎元大4A售23","0","0","0","--","--","--","--"," ","0.00","--","0","0.10","10","0.00",
="085770","祥碩群益4C購04","0","0","0","--","--","--","--"," ","0.00","--","0","--","0","1,525.00",
="085771","矽創群益4C購02","1,152,000","35","2,030,360","1.81","1.89","1.68","1.79","-","0.24","1.79","25","1.83","10","225.00",
="085772","微星富邦4C購01","0","0","0","--","--","--","--"," ","0.00","0.19","10","0.20","10","0.00",
="085773","萬海富邦4C購03","0","0","0","--","--","--","--"," ","0.00","0.19","10","0.20","10","0.00",
="085774","台泥兆豐56購01","42,000","5","29,680","0.69","0.72","0.69","0.72","-","0.10","0.70","10","0.71","10","23.75",
="085775","鴻海兆豐56購01","0","0","0","--","--","--","--"," ","0.00","3.15","10","3.21","10","221.00",
="085776","智邦兆豐53購02","34,000","2","67,280","2.00","2.00","1.97","1.97","+","0.05","1.99","10","2.08","10","1,005.00",
="085777","大同兆豐4C購01","10,000","1","12,900","1.29","1.29","1.29","1.29","+","0.05","1.28","10","1.30","10","39.85",
="085778","大立光兆豐53購01","71,000","1","63,900","0.90","0.90","0.90","0.90","-","0.02","0.87","10","0.88","10","2,360.00",
="085779","牧德兆豐53購01","10,000","1","6,400","0.64","0.64","0.64","0.64","X","0.00","0.64","10","0.65","10","544.00",
="08577P","臺股指群益4A售34","0","0","0","--","--","--","--"," ","0.00","--","0","--","0","0.00",
="085780","達興兆豐53購01","0","0","0","--","--","--","--"," ","0.00","2.49","10","2.58","10","399.00",
="085781","帆宣兆豐53購01","0","0","0","--","--","--","--"," ","0.00","2.48","10","2.57","10","255.00",
="085782","聯茂兆豐4C購01","0","0","0","--","--","--","--"," ","0.00","2.65","10","2.74","10","111.50",
="085783","緯穎兆豐4C購02","48,000","3","63,160","1.31","1.33","1.31","1.33","-","0.01","0.49","40","--","0","3,140.00",
="085784","致茂統一56購02","17,000","1","19,720","1.16","1.16","1.16","1.16","+","0.03","1.15","10","1.16","10","614.00",
="085785","友達統一56購02","535,000","22","422,720","0.72","0.81","0.72","0.80","+","0.09","0.76","10","0.77","10","13.70",
="085786","盟立統一56購01","113,000","3","74,530","0.66","0.66","0.65","0.65"," ","0.00","0.64","10","0.65","10","72.30",
="085787","玉晶光統一56購05","113,000","4","73,820","0.66","0.66","0.62","0.62","-","0.02","0.62","10","0.63","10","443.50",
="085788","T50反1中信5C購01","10,000","1","7,700","0.77","0.77","0.77","0.77","X","0.00","0.76","100","0.77","100","0.00",
="085789","元債反中信53購01","10,000","1","8,500","0.85","0.85","0.85","0.85","X","0.00","0.83","499","0.84","100","0.00",
="08578P","華邦電元富4A售08","0","0","0","--","--","--","--"," ","0.00","--","0","0.10","25","0.00",
="085790","台積電中信54購03","18,000","2","40,400","2.20","2.30","2.20","2.30","+","0.29","2.27","499","2.32","10","0.00",
="085791","台灣50永豐54購01","5,000","1","41,500","8.30","8.30","8.30","8.30","X","0.00","8.40","499","8.45","10","58.45",
="085792","宇隆永豐4C購01","19,000","2","19,640","1.01","1.06","1.01","1.06","+","0.01","0.87","10","0.88","10","217.00",
="085793","亞光永豐53購01","0","0","0","--","--","--","--"," ","0.00","0.77","499","0.78","10","161.50",
="085794","上品永豐54購01","0","0","0","--","--","--","--"," ","0.00","1.43","10","1.46","10","308.00",
="085795","致伸永豐52購01","804,000","11","923,440","1.19","1.19","1.13","1.13","-","0.08","1.10","10","1.20","10","78.60",
="085797","創意台新4C購01","0","0","0","--","--","--","--"," ","0.00","1.45","20","1.46","10","0.00",
="085798","元黃金元富4C購01","3,000","2","9,060","2.98","3.04","2.98","3.04","+","0.37","3.02","25","3.06","25","40.68",
="085799","未來車元富4C購01","0","0","0","--","--","--","--"," ","0.00","4.52","25","4.55","25","35.49",
="08579P","祥碩元富4A售06","0","0","0","--","--","--","--"," ","0.00","0.77","25","0.78","25","0.00",
="085800","中砂元富4C購03","22,000","3","33,990","1.50","1.59","1.50","1.59","X","0.00","1.46","25","1.47","25","339.00",
="085804","鴻海統一4C購02","0","0","0","--","--","--","--"," ","0.00","0.65","10","0.66","10","221.00",
="085805","鴻海統一53購07","1,000","1","1,600","1.60","1.60","1.60","1.60","X","0.00","1.57","10","1.58","10","221.00",
="085808","宇隆元富4C購01","34,000","3","102,410","3.14","3.14","2.77","2.77","-","0.43","2.65","25","2.71","25","217.00",
="085809","宇隆元富4C購02","66,000","3","135,880","2.11","2.11","1.98","1.98","-","0.16","1.76","25","1.80","25","217.00",
="08580P","華城國票4C售01","0","0","0","--","--","--","--"," ","0.00","0.06","25","0.07","10","0.00",
="085810","華泰元富4C購02","75,000","2","88,590","1.21","1.21","1.18","1.18","-","0.14","1.18","25","1.19","25","47.70",
="085811","台積電元富4C購15","0","0","0","--","--","--","--"," ","0.00","0.16","9","--","0","1,340.00",
="085812","台積電元富52購04","0","0","0","--","--","--","--"," ","0.00","0.14","7","--","0","1,340.00",
="085815","台積電元富56購08","0","0","0","--","--","--","--"," ","0.00","--","0","--","0","1,340.00",
="085816","緯創元富4C購05","121,000","2","54,170","0.44","0.45","0.44","0.45","X","0.00","0.41","25","0.42","25","122.50",
="085818","創意元富56購01","24,000","2","20,520","0.85","0.86","0.85","0.86","+","0.08","0.84","25","0.87","12","1,315.00",
="08581P","中砂國票4C售01","0","0","0","--","--","--","--"," ","0.00","0.05","25","0.06","10","0.00",
="085822","牧德元富4C購03","0","0","0","--","--","--","--"," ","0.00","0.51","25","0.52","25","544.00",
="085823","承業醫元富4C購01","402,000","5","461,270","1.20","1.20","1.10","1.17","-","0.06","1.16","25","1.17","25","47.00",
="085824","SGBR2X國泰52購01","0","0","0","--","--","--","--"," ","0.00","0.83","499","0.84","100","10.98",
="085825","中砂國泰52購02","201,000","8","396,500","1.94","2.02","1.94","1.99","X","0.00","1.86","499","1.87","100","339.00",
="085827","鴻海國泰52購02","22,000","15","164,850","7.45","7.60","7.40","7.55","+","0.70","7.50","499","7.55","10","221.00",
="085829","長榮國泰52購02","0","0","0","--","--","--","--"," ","0.00","0.49","499","0.50","499","182.00",
="08582P","智原國票4C售01","0","0","0","--","--","--","--"," ","0.00","0.34","25","0.35","10","0.00",
="085830","創意國泰52購02","1,093,000","4","2,065,650","1.89","1.89","1.86","1.86","+","0.17","1.84","499","1.86","100","1,315.00",
="085831","上品國泰52購01","20,000","2","55,160","2.74","2.76","2.74","2.76","+","0.13","2.66","499","2.69","100","308.00",
="085832","緯穎國泰52購01","28,000","1","77,560","2.77","2.77","2.77","2.77","+","0.09","2.66","10","2.68","10","3,140.00",
="085834","台聚國票52購01","0","0","0","--","--","--","--"," ","0.00","1.04","25","1.05","10","10.20",
="085835","八貫國票52購01","0","0","0","--","--","--","--"," ","0.00","0.88","25","0.89","10","85.10",
="085836","聚陽國票52購01","0","0","0","--","--","--","--"," ","0.00","2.85","25","2.91","10","294.00",
="085837","華城國票52購01","9,000","2","21,380","2.34","2.42","2.34","2.42","X","0.00","2.40","25","2.42","10","586.00",
="085838","宇隆國票52購01","51,000","2","79,560","1.56","1.56","1.56","1.56","-","0.23","1.56","25","1.57","10","217.00",
="085839","智邦國票52購01","0","0","0","--","--","--","--"," ","0.00","5.75","25","6.10","10","1,005.00",
="08583P","京鼎國票4C售01","0","0","0","--","--","--","--"," ","0.00","0.06","25","0.07","10","0.00",
="085840","中興電元富4B購01","0","0","0","--","--","--","--"," ","0.00","0.09","25","0.10","25","159.00",
="085841","偉詮電國票52購01","84,000","9","154,070","1.81","2.04","1.81","1.96","+","0.11","1.90","25","1.91","10","56.00",
="085842","普安國票52購01","1,017,000","51","1,095,690","0.98","1.41","0.96","1.37","+","0.36","1.27","25","1.37","6","23.25",
="085843","神基國票54購01","86,000","11","186,790","2.16","2.22","2.13","2.16","-","0.01","2.16","25","2.17","10","163.50",
="085844","偉訓國票52購01","0","0","0","--","--","--","--"," ","0.00","1.91","25","1.92","10","97.50",
="085845","定穎控國票52購01","0","0","0","--","--","--","--"," ","0.00","19.90","25","20.30","10","90.10",
="085846","時碩國票53購01","3,000","1","2,790","0.93","0.93","0.93","0.93"," ","0.00","0.87","25","0.88","10","55.70",
="085847","時碩國票54購01","2,000","1","2,180","1.09","1.09","1.09","1.09","-","0.03","1.02","25","1.03","10","55.70",
="085848","東科國票53購01","0","0","0","--","--","--","--"," ","0.00","2.59","25","2.65","10","112.50",
="085849","長榮元富4B購01","0","0","0","--","--","--","--"," ","0.00","0.39","25","0.40","25","182.00",
="08584P","瑞鼎國票4C售01","0","0","0","--","--","--","--"," ","0.00","0.24","25","0.25","10","0.00",
="085850","東科國票54購01","74,000","7","216,890","2.90","2.99","2.90","2.94","+","0.15","2.95","25","2.98","10","112.50",
="085851","虹堡國票52購01","0","0","0","--","--","--","--"," ","0.00","2.52","25","2.55","10","78.20",
="085852","GIS國票52購01","0","0","0","--","--","--","--"," ","0.00","--","0","--","0","63.40",
="085853","力智國票52購01","4,000","1","5,840","1.46","1.46","1.46","1.46","X","0.00","1.43","25","1.45","10","214.00",
="085854","視陽國票52購01","0","0","0","--","--","--","--"," ","0.00","0.85","25","0.86","10","192.50",
="085855","台灣50群益54購04","0","0","0","--","--","--","--"," ","0.00","7.10","100","7.15","100","58.45",
="085856","SGBR2X群益53購02","112,000","6","144,370","1.30","1.31","1.27","1.27","-","0.10","1.29","25","1.30","10","10.98",
="085857","喬山群益4C購01","341,000","7","226,830","0.72","0.78","0.62","0.62","-","0.04","0.60","25","0.61","10","167.00",
="085858","上銀群益4C購06","14,000","1","21,280","1.52","1.52","1.52","1.52","-","0.06","1.50","100","1.52","100","217.50",
="085859","川湖群益4C購06","0","0","0","--","--","--","--"," ","0.00","--","0","11.50","10","3,220.00",
="08585P","材料國票4C售01","0","0","0","--","--","--","--"," ","0.00","1.22","25","1.23","10","0.00",
="085860","國巨群益53購01","36,000","3","151,000","4.04","4.21","4.04","4.21","+","0.10","4.15","3","--","0","176.00",
="085861","台積電群益52購05","3,000","2","58,000","18.80","19.60","18.80","19.60","+","3.80","2.86","3","--","0","1,340.00",
="085862","致茂群益4C購02","6,000","2","24,720","4.11","4.17","4.11","4.17","+","0.59","3.90","10","4.00","10","614.00",
="085863","技嘉群益52購01","2,000","1","5,460","2.73","2.73","2.73","2.73","+","0.03","2.69","10","2.79","10","283.00",
="085864","台光電群益4C購11","29,000","1","89,610","3.09","3.09","3.09","3.09","X","0.00","0.87","30","--","0","1,345.00",
="085866","鴻海凱基4B購03","0","0","0","--","--","--","--"," ","0.00","1.31","499","1.34","150","221.00",
="085867","漢唐群益52購02","0","0","0","--","--","--","--"," ","0.00","--","0","11.10","10","987.00",
="085868","全新群益4C購03","174,000","11","239,780","1.44","1.44","1.32","1.36","-","0.19","0.57","87","--","0","160.00",
="085869","冠德群益4C購01","299,000","1","62,790","0.21","0.21","0.21","0.21","X","0.00","0.20","10","0.30","10","36.65",
="08586P","中租國票4C售01","30,000","1","4,800","0.16","0.16","0.16","0.16","X","0.00","0.16","25","0.18","10","0.00",
="085870","皇昌群益4C購04","0","0","0","--","--","--","--"," ","0.00","1.94","25","1.99","10","72.70",
="085871","裕民群益4C購02","95,000","6","103,150","1.11","1.11","1.07","1.08","-","0.16","1.11","10","1.21","10","55.30",
="085872","長榮航群益4C購04","0","0","0","--","--","--","--"," ","0.00","0.61","10","0.71","10","38.85",
="085873","奇鋐群益4C購10","0","0","0","--","--","--","--"," ","0.00","--","0","8.80","10","1,015.00",
="085874","德律群益4C購03","4,000","1","12,080","3.02","3.02","3.02","3.02","+","0.01","3.05","10","3.15","10","189.00",
="085875","緯創群益4C購08","186,000","19","190,910","0.98","1.07","0.93","0.93","+","0.06","0.90","15","--","0","122.50",
="085876","華擎群益4C購03","0","0","0","--","--","--","--"," ","0.00","1.43","25","1.45","10","278.00",
="085877","嘉澤群益4C購07","4,000","2","12,400","3.10","3.10","3.10","3.10","-","0.35","1.09","9","--","0","1,605.00",
="085878","辛耘群益4C購06","14,000","2","26,150","1.86","1.87","1.86","1.87","X","0.00","--","0","--","0","388.00",
="085879","健策群益4C購03","0","0","0","--","--","--","--"," ","0.00","--","0","15.30","10","2,355.00",
="08587P","帆宣國票4C售02","0","0","0","--","--","--","--"," ","0.00","0.01","25","0.05","10","0.00",
="085880","世芯群益4C購19","1,000","1","4,780","4.78","4.78","4.78","4.78","X","0.00","2.28","1","--","0","3,700.00",
="085881","神達群益4C購06","0","0","0","--","--","--","--"," ","0.00","--","0","9.15","10","90.00",
="085882","精成科群益4C購08","0","0","0","--","--","--","--"," ","0.00","--","0","--","0","125.50",
="085883","台郡群益52購01","23,000","4","34,690","1.51","1.53","1.47","1.53","-","0.04","1.45","25","1.50","10","66.80",
="085884","矽力群益4C購01","0","0","0","--","--","--","--"," ","0.00","--","0","--","0","273.00",
="085885","迅得群益4C購02","278,000","8","266,640","1.01","1.01","0.93","0.97","-","0.03","0.94","10","1.04","10","176.00",
="085886","緯穎群益4C購09","9,000","3","45,890","5.15","5.15","4.94","4.94","X","0.00","--","0","--","0","3,140.00",
="085887","虎航群益4C購02","0","0","0","--","--","--","--"," ","0.00","0.61","100","0.62","100","75.80",
="085888","AES群益52購01","419,000","2","837,590","2.01","2.01","1.78","1.78","-","0.24","1.72","100","1.77","100","1,195.00",
="085889","富世達群益52購03","13,000","3","73,000","5.50","5.80","5.50","5.80","X","0.00","--","0","--","0","1,010.00",
="08588P","洋基國票4C售01","0","0","0","--","--","--","--"," ","0.00","0.08","25","0.09","10","0.00",
="085890","ITH群益4C購04","0","0","0","--","--","--","--"," ","0.00","0.26","10","0.36","10","43.90",
="085891","上証2X凱基4C購02","241,000","2","716,250","3.45","3.45","2.97","2.97","X","0.00","2.87","100","2.88","50","47.20",
="085892","勤美凱基52購01","2,000","1","1,340","0.67","0.67","0.67","0.67","-","0.04","0.67","98","0.68","10","26.90",
="085893","川湖凱基4C購06","0","0","0","--","--","--","--"," ","0.00","7.65","100","8.15","10","3,220.00",
="085894","宇隆凱基52購01","55,000","4","80,050","1.61","1.61","1.35","1.37","-","0.15","1.34","100","1.39","10","217.00",
="085895","光寶科凱基4C購03","74,000","11","380,700","5.30","5.30","4.88","4.88","-","0.72","5.30","50","5.80","10","183.00",
="085896","智邦凱基4C購06","0","0","0","--","--","--","--"," ","0.00","9.35","10","9.60","10","1,005.00",
="085897","致茂凱基52購01","233,000","22","869,390","3.77","4.04","3.54","4.04","+","0.79","3.72","10","3.74","10","614.00",
="085898","凌陽凱基52購01","10,000","1","16,200","1.62","1.62","1.62","1.62","X","0.00","1.58","100","--","0","23.65",
="085899","南亞科凱基4C購12","35,000","14","144,700","4.17","4.39","4.01","4.39","+","0.08","4.33","10","4.43","10","81.00",
="08589P","鴻海中信51售02","0","0","0","--","--","--","--"," ","0.00","0.18","499","0.19","10","0.00",
="085900","美律凱基52購01","98,000","6","75,250","0.72","0.80","0.70","0.80","+","0.10","0.78","100","0.83","10","104.00",
="085901","聯發科凱基56購01","80,000","9","87,000","1.13","1.13","1.06","1.06","-","0.09","1.05","100","--","0","1,375.00",
="085902","亞光凱基52購02","68,000","2","100,600","1.50","1.50","1.46","1.46","-","0.16","1.46","100","1.48","10","161.50",
="085903","智原凱基52購03","100,000","1","38,000","0.38","0.38","0.38","0.38","X","0.00","0.35","100","0.36","10","174.00",
="085904","緯創凱基54購02","58,000","4","77,200","1.35","1.35","1.29","1.29","X","0.00","1.30","100","1.32","10","122.50",
="085905","玉晶光凱基52購01","0","0","0","--","--","--","--"," ","0.00","1.99","10","2.09","10","443.50",
="085906","京鼎凱基52購01","191,000","11","232,440","1.25","1.32","1.17","1.17","+","0.08","1.12","10","1.13","10","306.00",
="085907","敦泰凱基52購01","0","0","0","--","--","--","--"," ","0.00","1.42","10","1.43","10","67.40",
="085908","智易凱基52購01","0","0","0","--","--","--","--"," ","0.00","2.20","10","2.22","10","223.00",
="085909","健策凱基4C購04","0","0","0","--","--","--","--"," ","0.00","6.20","100","--","0","2,355.00",
="08590P","台積電中信53售02","1,000","1","50","0.05","0.05","0.05","0.05","X","0.00","0.05","499","0.06","100","0.00",
="085910","世芯凱基4C購09","0","0","0","--","--","--","--"," ","0.00","5.00","100","5.50","10","3,700.00",
="085911","精銳凱基4C購04","0","0","0","--","--","--","--"," ","0.00","0.13","100","0.14","10","695.00",
="085912","上品凱基52購01","78,000","7","188,960","2.39","2.46","2.39","2.39","+","0.03","2.39","100","2.42","10","308.00",
="085913","緯穎凱基54購04","24,000","3","64,920","2.71","2.71","2.69","2.69","-","0.01","2.66","100","2.68","10","3,140.00",
="085914","虎航凱基4C購03","0","0","0","--","--","--","--"," ","0.00","0.99","100","1.00","10","75.80",
="085915","AES凱基4C購06","20,000","1","17,400","0.87","0.87","0.87","0.87","-","0.16","0.85","100","0.87","10","1,195.00",
="085916","緯穎第一56購02","0","0","0","--","--","--","--"," ","0.00","0.86","10","0.88","10","0.00",
="085917","台灣50元大4C購12","27,000","2","226,800","8.40","8.40","8.40","8.40","X","0.00","8.45","200","8.75","10","58.45",
="085918","士電元大53購02","1,000","1","650","0.65","0.65","0.65","0.65","-","0.03","0.67","499","0.68","10","183.00",
="085919","中興電元大4C購09","20,000","1","4,000","0.20","0.20","0.20","0.20","-","0.02","0.19","499","0.20","10","159.00",
="08591P","聯發科中信51售01","0","0","0","--","--","--","--"," ","0.00","0.31","10","0.32","10","0.00",
="085920","華城元大4C購04","22,000","3","27,520","1.26","1.26","1.21","1.21","-","0.12","1.24","499","1.26","10","586.00",
="085921","華城元大4C購05","436,000","4","571,370","1.30","1.33","1.30","1.33","X","0.00","1.27","499","1.29","10","586.00",
="085922","華城元大4C購06","0","0","0","--","--","--","--"," ","0.00","0.67","499","0.68","10","586.00",
="085923","中砂元大4C購06","55,000","3","35,510","0.61","0.65","0.61","0.65","+","0.07","0.60","499","0.63","10","339.00",
="085924","華泰元大4C購06","384,000","5","430,680","1.17","1.17","1.11","1.11","-","0.14","1.13","499","1.14","10","47.70",
="085925","華邦電元大4C購05","20,000","3","113,200","5.30","5.90","5.30","5.90","+","1.16","6.05","150","6.55","10","36.45",
="085926","智邦元大4C購09","0","0","0","--","--","--","--"," ","0.00","--","0","--","0","1,005.00",
="085927","鴻準元大4C購13","72,000","1","74,160","1.03","1.03","1.03","1.03","+","0.05","0.96","501","0.97","10","70.70",
="085928","技嘉元大4C購14","306,000","2","174,420","0.57","0.57","0.57","0.57","-","0.01","0.56","499","0.57","10","283.00",
="085929","微星元大4C購03","1,100,000","3","141,980","0.13","0.13","0.12","0.12","X","0.00","0.12","499","0.13","10","119.50",
="08592P","長榮中信51售02","20,000","1","14,200","0.71","0.71","0.71","0.71","X","0.00","0.70","499","0.71","10","0.00",
="085930","台光電元大4C購23","0","0","0","--","--","--","--"," ","0.00","3.73","200","--","0","1,345.00",
="085931","台光電元大53購04","105,000","9","292,800","2.68","2.93","2.68","2.93","+","0.33","2.85","300","2.90","10","1,345.00",
="085932","京元電元大4C購07","0","0","0","--","--","--","--"," ","0.00","3.12","250","--","0","167.00",
="085933","萬海元大4C購20","1,000","1","200","0.20","0.20","0.20","0.20","-","0.02","0.18","499","0.19","10","77.90",
="085934","萬海元大4C購21","0","0","0","--","--","--","--"," ","0.00","0.28","499","0.29","10","77.90",
="085935","神基元大4C購01","0","0","0","--","--","--","--"," ","0.00","2.47","25","2.55","10","163.50",
="085936","奇鋐元大4C購25","1,000","1","1,980","1.98","1.98","1.98","1.98","X","0.00","1.78","400","1.82","10","1,015.00",
="085937","亞光元大53購01","482,000","5","479,380","1.04","1.04","0.99","0.99","-","0.05","0.98","499","0.99","10","161.50",
="085938","德律元大4C購10","119,000","5","168,690","1.39","1.53","1.36","1.36","-","0.15","1.36","499","1.38","10","189.00",
="085939","緯創元大4C購14","0","0","0","--","--","--","--"," ","0.00","0.28","499","0.29","10","122.50",
="08593P","健策中信4A售02","0","0","0","--","--","--","--"," ","0.00","--","0","0.05","10","0.00",
="085940","緯創元大4C購15","0","0","0","--","--","--","--"," ","0.00","0.33","499","0.34","10","122.50",
="085941","玉晶光元大4C購06","84,000","5","98,280","1.22","1.22","1.15","1.15","-","0.07","1.13","25","1.16","10","443.50",
="085942","嘉澤元大4C購07","0","0","0","--","--","--","--"," ","0.00","0.87","499","0.89","10","1,605.00",
="085943","牧德元大4C購07","0","0","0","--","--","--","--"," ","0.00","0.41","25","0.42","10","544.00",
="085944","辛耘元大4C購10","488,000","20","555,620","1.12","1.15","1.05","1.05","+","0.20","0.99","25","1.01","10","388.00",
="085945","辛耘元大4C購11","449,000","19","288,400","0.64","0.71","0.61","0.61","+","0.10","0.60","25","0.62","10","388.00",
="085946","世芯元大4C購15","158,000","11","266,740","1.76","1.76","1.54","1.54","-","0.19","0.27","37","--","0","3,700.00",
="085947","世芯元大4C購16","178,000","7","271,880","1.59","1.59","1.49","1.49","-","0.21","0.59","84","--","0","3,700.00",
="085948","神達元大4C購13","229,000","30","1,061,920","4.68","4.93","4.31","4.48","+","0.32","4.60","200","4.64","10","90.00",
="085949","神達元大4C購14","186,000","24","723,250","3.97","4.14","3.64","3.79","+","0.33","3.90","200","3.94","10","90.00",
="08594P","臺股指中信4C售05","10,000","1","300","0.03","0.03","0.03","0.03"," ","0.00","0.02","699","0.04","10","0.00",
="085950","神達元大4C購15","0","0","0","--","--","--","--"," ","0.00","4.35","200","--","0","90.00",
="085951","精成科元大53購02","0","0","0","--","--","--","--"," ","0.00","3.37","200","--","0","125.50",
="085952","聯茂元大4C購12","78,000","3","186,620","2.37","2.45","2.23","2.23","-","0.08","2.16","25","2.20","10","111.50",
="085953","緯穎元大4C購20","2,000","2","2,120","1.07","1.07","1.05","1.05","-","0.06","1.05","499","1.06","10","3,140.00",
="085954","緯穎元大4C購22","25,000","4","19,380","0.78","0.78","0.75","0.76","-","0.01","0.75","499","0.76","9","3,140.00",
="085955","力積電元大4C購02","0","0","0","--","--","--","--"," ","0.00","2.77","5","--","0","23.45",
="085956","世紀鋼元大53購02","0","0","0","--","--","--","--"," ","0.00","0.14","499","0.15","10","171.50",
="085957","全新兆豐54購01","1,000,000","9","1,860,000","1.84","1.89","1.84","1.89","X","0.00","1.82","10","1.84","10","160.00",
="085958","智原兆豐54購01","69,000","3","37,520","0.52","0.56","0.52","0.56","X","0.00","0.50","10","0.51","10","174.00",
="085959","健鼎兆豐54購01","12,000","1","24,360","2.03","2.03","2.03","2.03","X","0.00","2.01","10","2.04","10","309.50",
="08595P","臺股指中信4C售06","20,000","2","600","0.03","0.03","0.03","0.03"," ","0.00","0.02","177","0.03","10","0.00",
="085960","AES兆豐54購01","44,000","3","48,340","1.11","1.11","1.06","1.06","-","0.16","1.03","10","1.04","10","1,195.00",
="085961","廣宇富邦53購01","0","0","0","--","--","--","--"," ","0.00","2.44","30","2.48","10","0.00",
="085962","聯發科富邦51購06","0","0","0","--","--","--","--"," ","0.00","1.35","30","1.40","10","0.00",
="085963","全新富邦53購01","0","0","0","--","--","--","--"," ","0.00","1.52","10","1.62","10","0.00",
="085964","皇昌富邦54購01","0","0","0","--","--","--","--"," ","0.00","0.52","10","0.53","10","0.00",
="085965","陽明富邦53購02","0","0","0","--","--","--","--"," ","0.00","0.32","10","0.33","10","0.00",
="085966","奇鋐富邦53購02","0","0","0","--","--","--","--"," ","0.00","2.22","10","2.32","10","0.00",
="085967","嘉澤富邦52購01","0","0","0","--","--","--","--"," ","0.00","1.36","5","1.41","10","0.00",
="085968","AES富邦53購01","181,000","14","209,080","1.14","1.19","1.13","1.14","+","0.04","1.05","10","1.07","10","0.00",
="085969","鴻海群益53購01","5,000","1","12,050","2.41","2.41","2.41","2.41","X","0.00","2.42","25","2.43","10","221.00",
="08596P","皇昌永豐4A售03","0","0","0","--","--","--","--"," ","0.00","0.01","10","0.06","10","0.00",
="085970","鴻海群益53購02","10,000","1","23,200","2.32","2.32","2.32","2.32","+","0.16","2.32","25","2.33","10","221.00",
="085971","采鈺富邦51購01","50,000","3","76,800","1.56","1.56","1.53","1.53","-","0.13","1.52","10","1.54","10","0.00",
="085972","振樺電富邦53購01","0","0","0","--","--","--","--"," ","0.00","0.35","10","0.36","10","0.00",
="085973","世紀鋼富邦52購01","0","0","0","--","--","--","--"," ","0.00","0.10","10","0.11","10","0.00",
="085974","華邦電統一57購01","12,000","3","24,130","1.97","2.09","1.97","2.09","+","0.28","2.13","10","2.14","10","36.45",
="085975","華碩統一57購01","142,000","6","93,280","0.65","0.67","0.65","0.66","+","0.02","0.65","10","0.66","10","684.00",
="085976","威盛統一57購01","0","0","0","--","--","--","--"," ","0.00","0.42","10","0.43","10","59.50",
="085977","聯鈞統一57購01","294,000","26","271,660","0.85","0.97","0.85","0.95","+","0.11","0.96","10","0.97","10","278.00",
="085978","群創統一57購02","117,000","13","110,700","0.93","0.98","0.90","0.97","+","0.04","0.95","10","0.96","10","14.15",
="085979","敦泰統一57購01","14,000","2","9,900","0.71","0.71","0.70","0.70","-","0.05","0.69","10","0.70","10","67.40",
="08597P","台灣50富邦4A售06","0","0","0","--","--","--","--"," ","0.00","0.02","100","0.04","98","0.00",
="085980","碩天統一53購02","0","0","0","--","--","--","--"," ","0.00","0.30","10","0.31","10","217.00",
="085981","采鈺統一57購02","62,000","3","68,000","1.11","1.11","1.04","1.04","-","0.09","1.05","10","1.06","10","305.50",
="085982","創意中信51購01","127,000","3","59,490","0.45","0.49","0.45","0.49","+","0.05","0.46","499","0.47","10","0.00",
="085983","華友聯永豐56購01","15,000","1","7,500","0.50","0.50","0.50","0.50","X","0.00","0.49","499","0.50","10","73.20",
="085984","中砂永豐52購04","15,000","1","14,400","0.96","0.96","0.96","0.96","+","0.06","0.95","499","0.97","10","339.00",
="085985","中華永豐52購01","46,000","4","80,550","1.79","1.79","1.72","1.73","-","0.11","1.74","15","1.76","10","63.40",
="085986","星宇永豐54購01","0","0","0","--","--","--","--"," ","0.00","0.52","499","0.53","10","24.90",
="085987","創意永豐54購02","41,000","2","31,980","0.78","0.78","0.78","0.78","+","0.05","0.76","499","0.78","10","1,315.00",
="085988","聯鈞永豐53購01","507,000","25","841,560","1.54","1.86","1.53","1.81","+","0.24","1.84","10","1.86","10","278.00",
="085989","聯鈞永豐54購01","34,000","10","527,300","13.90","16.60","13.90","15.50","+","3.20","16.10","499","16.30","10","278.00",
="08598P","台灣50富邦51售05","0","0","0","--","--","--","--"," ","0.00","0.03","196","0.04","98","0.00",
="085990","世芯永豐52購05","12,000","7","88,350","7.80","7.80","6.75","6.75","-","1.30","6.75","10","6.80","10","3,700.00",
="085991","新唐永豐53購01","511,000","15","392,800","0.84","0.85","0.76","0.76","-","0.10","0.75","10","0.76","9","64.60",
="085992","GIS永豐53購01","0","0","0","--","--","--","--"," ","0.00","7.20","499","7.35","10","63.40",
="085993","晶心科永豐52購01","333,000","12","365,330","1.06","1.10","1.02","1.02","+","0.10","1.02","10","1.03","10","325.50",
="085994","晶心科永豐54購01","93,000","12","117,090","1.26","1.30","1.22","1.22","+","0.10","1.21","499","1.22","10","325.50",
="085995","力智永豐53購01","43,000","4","82,910","1.89","1.93","1.89","1.93","-","0.06","1.95","10","1.97","10","214.00",
="085996","AES永豐54購01","5,000","1","9,600","1.92","1.92","1.92","1.92","-","0.27","1.80","10","1.83","10","1,195.00",
="085997","采鈺永豐54購01","0","0","0","--","--","--","--"," ","0.00","3.21","499","3.24","10","305.50",
="085998","巨大永豐56購01","61,000","2","56,120","0.92","0.92","0.92","0.92","-","0.01","0.91","10","0.92","10","101.00",
="085999","中砂元富57購01","21,000","9","83,080","3.83","4.21","3.81","3.94","+","0.35","3.91","25","4.01","10","339.00",
="08599P","台灣50富邦53售03","288,000","2","13,520","0.05","0.05","0.04","0.04","X","0.00","0.04","150","0.05","98","0.00",
="086000","新光鋼元富57購01","0","0","0","--","--","--","--"," ","0.00","2.66","25","2.67","25","42.30",
="086001","致茂元富57購01","0","0","0","--","--","--","--"," ","0.00","5.10","25","5.15","10","614.00",
="086002","偉詮電元富57購01","9,000","3","22,510","2.44","2.57","2.44","2.52","+","0.04","2.48","25","2.49","25","56.00",
="086003","昇貿元富51購01","0","0","0","--","--","--","--"," ","0.00","--","0","14.60","10","114.00",
="086004","宏致元富51購01","50,000","2","140,000","2.80","2.80","2.80","2.80","-","0.15","2.69","25","2.71","25","73.30",
="086005","宏致元富51購02","46,000","4","64,320","1.45","1.45","1.27","1.27","-","0.14","1.28","25","1.29","26","73.30",
="086006","世芯元富51購07","0","0","0","--","--","--","--"," ","0.00","2.21","25","2.25","25","3,700.00",
="086007","世芯元富51購08","0","0","0","--","--","--","--"," ","0.00","1.90","25","1.92","25","3,700.00",
="086008","世芯元富54購05","0","0","0","--","--","--","--"," ","0.00","2.55","25","2.58","25","3,700.00",
="086009","世芯元富57購01","25,000","1","57,000","2.28","2.28","2.28","2.28","-","0.11","2.11","25","2.12","25","3,700.00",
="08600P","台灣50凱基4C售07","0","0","0","--","--","--","--"," ","0.00","0.03","100","0.04","10","0.00",
="086010","時碩元富51購01","0","0","0","--","--","--","--"," ","0.00","0.63","25","0.64","25","55.70",
="086011","時碩元富51購02","0","0","0","--","--","--","--"," ","0.00","0.20","25","0.21","25","55.70",
="086012","四維航元富57購01","0","0","0","--","--","--","--"," ","0.00","3.05","25","3.08","25","17.00",
="086013","振樺電元富54購01","28,000","2","10,490","0.38","0.38","0.37","0.37","X","0.00","0.37","25","0.38","25","229.50",
="086014","FB臺反國票54購01","0","0","0","--","--","--","--"," ","0.00","0.20","25","0.28","10","10.05",
="086015","第一銅國票51購01","0","0","0","--","--","--","--"," ","0.00","1.07","25","1.08","10","33.95",
="086016","聯電國票51購02","500,000","13","459,680","0.83","1.04","0.83","0.96","+","0.12","0.95","25","0.98","10","43.90",
="086017","廣宇國票52購01","0","0","0","--","--","--","--"," ","0.00","4.55","25","4.65","10","54.10",
="086018","華邦電國票54購01","156,000","10","1,236,950","7.80","8.50","7.80","8.50","+","1.70","8.35","9","8.50","10","36.45",
="086019","海悅國票52購01","226,000","8","179,800","0.85","0.85","0.75","0.81","-","0.03","0.79","25","0.83","10","89.00",
="08601P","元黃金凱基4C售02","0","0","0","--","--","--","--"," ","0.00","0.11","100","0.12","50","0.00",
="086020","微星國票54購01","0","0","0","--","--","--","--"," ","0.00","0.37","25","0.38","10","119.50",
="086021","健和興國票53購01","431,000","15","374,960","0.89","0.91","0.84","0.84","-","0.09","0.82","25","0.83","10","53.70",
="086022","聯鈞國票52購01","245,000","24","830,950","2.93","3.68","2.93","3.57","+","0.67","3.64","25","3.66","10","278.00",
="086023","碩天國票52購01","0","0","0","--","--","--","--"," ","0.00","0.70","25","0.71","10","217.00",
="086024","精銳國票52購02","0","0","0","--","--","--","--"," ","0.00","0.59","25","0.60","10","695.00",
="086025","瀚宇博國票51購01","0","0","0","--","--","--","--"," ","0.00","--","0","--","0","104.00",
="086026","瀚宇博國票52購01","10,000","1","99,000","9.90","9.90","9.90","9.90","-","1.00","9.15","25","9.65","10","104.00",
="086027","四維航國票53購01","49,000","5","40,750","0.83","0.85","0.78","0.78","-","0.11","0.82","25","0.83","10","17.00",
="086028","中租國票52購02","167,000","2","105,490","0.63","0.65","0.63","0.65","-","0.01","0.62","25","0.63","10","118.00",
="086029","台塑化國票52購01","0","0","0","--","--","--","--"," ","0.00","2.40","25","2.42","10","39.25",
="08602P","華通凱基4C售01","0","0","0","--","--","--","--"," ","0.00","0.02","10","0.12","10","0.00",
="086030","晶心科國票52購01","0","0","0","--","--","--","--"," ","0.00","1.83","25","--","0","325.50",
="086031","晶心科國票53購01","8,000","3","13,920","1.75","1.76","1.69","1.69","X","0.00","1.65","25","1.66","10","325.50",
="086032","世紀鋼國票51購02","0","0","0","--","--","--","--"," ","0.00","0.08","25","0.09","10","171.50",
="086034","世紀鋼國票54購01","0","0","0","--","--","--","--"," ","0.00","0.34","25","0.35","10","171.50",
="086035","上銀國泰52購02","32,000","4","52,920","1.68","1.68","1.64","1.66","-","0.06","1.63","499","1.64","499","217.50",
="086036","華碩國泰52購01","68,000","4","119,130","1.76","1.77","1.72","1.77","+","0.11","1.72","499","1.73","499","684.00",
="086037","致茂國泰52購01","0","0","0","--","--","--","--"," ","0.00","--","0","5.50","10","614.00",
="086038","聯鈞國泰52購01","45,000","6","133,470","2.94","3.45","2.94","3.45","+","0.78","3.45","498","3.50","230","278.00",
="086039","牧德國泰52購01","80,000","3","66,700","0.82","0.87","0.82","0.83","-","0.05","0.81","10","0.82","10","544.00",
="08603P","漢唐凱基4A售04","0","0","0","--","--","--","--"," ","0.00","--","0","0.05","323","0.00",
="086040","碩天國泰52購01","0","0","0","--","--","--","--"," ","0.00","0.43","499","0.44","100","217.00",
="086041","世芯國泰52購02","0","0","0","--","--","--","--"," ","0.00","1.23","8","2.17","150","3,700.00",
="086042","jpp國泰52購01","155,000","10","919,050","6.05","6.20","5.65","5.95","-","0.05","5.80","10","5.95","10","286.50",
="086043","昇陽半國泰52購01","0","0","0","--","--","--","--"," ","0.00","3.42","499","3.47","100","179.50",
="086044","上証2X群益51購01","0","0","0","--","--","--","--"," ","0.00","0.22","4","--","0","47.20",
="086047","八貫群益53購01","0","0","0","--","--","--","--"," ","0.00","0.45","25","0.48","10","85.10",
="086048","宇隆群益51購02","0","0","0","--","--","--","--"," ","0.00","1.93","10","2.03","10","217.00",
="086049","鴻海群益51購07","322,000","25","4,080,600","12.00","13.20","12.00","13.10","+","1.60","13.00","100","13.20","100","221.00",
="08604P","緯創凱基4A售09","0","0","0","--","--","--","--"," ","0.00","--","0","0.02","50","0.00",
="086050","鴻海群益52購04","877,000","47","8,277,900","9.45","9.80","9.15","9.65","+","1.20","9.60","100","9.70","100","221.00",
="086052","仁寶群益51購01","168,000","4","118,740","0.73","0.73","0.68","0.68","+","0.05","0.67","10","0.77","10","31.40",
="086053","台積電群益51購12","0","0","0","--","--","--","--"," ","0.00","2.95","3","--","0","1,340.00",
="086054","智邦群益51購03","0","0","0","--","--","--","--"," ","0.00","--","0","3.32","10","1,005.00",
="086055","致茂群益52購03","157,000","23","633,520","3.95","4.35","3.78","4.23","+","0.66","3.85","10","3.95","10","614.00",
="086056","偉詮電群益52購01","20,000","3","23,610","1.13","1.22","1.13","1.18","+","0.01","1.18","10","1.28","10","56.00",
="086057","美律群益51購01","18,000","1","8,100","0.45","0.45","0.45","0.45","+","0.01","0.12","83","--","0","104.00",
="086058","聯發科群益52購03","42,000","17","288,350","7.35","7.35","6.70","6.70","-","0.90","1.45","23","--","0","1,375.00",
="086059","智原群益51購04","0","0","0","--","--","--","--"," ","0.00","0.51","10","0.61","10","174.00",
="08605P","富世達凱基4A售04","0","0","0","--","--","--","--"," ","0.00","--","0","0.02","50","0.00",
="086060","緯創群益51購03","199,000","16","214,060","1.03","1.16","1.03","1.03","+","0.07","0.97","60","--","0","122.50",
="086061","京鼎群益51購01","23,000","2","12,170","0.59","0.59","0.52","0.52","X","0.00","0.49","10","0.59","10","306.00",
="086062","創意群益51購02","100,000","4","51,900","0.50","0.53","0.50","0.53","X","0.00","0.13","10","--","0","1,315.00",
="086063","創意群益51購03","0","0","0","--","--","--","--"," ","0.00","0.17","58","--","0","1,315.00",
="086064","聯鈞群益52購01","382,000","39","1,159,310","2.61","3.39","2.61","3.17","+","0.42","1.12","44","--","0","278.00",
="086065","群創群益52購01","0","0","0","--","--","--","--"," ","0.00","0.70","100","0.72","100","14.15",
="086066","敦泰群益52購01","0","0","0","--","--","--","--"," ","0.00","1.56","10","1.66","10","67.40",
="086067","世芯群益51購03","3,000","2","15,100","5.15","5.15","4.80","4.80","-","0.35","2.53","33","--","0","3,700.00",
="086068","時碩群益51購01","0","0","0","--","--","--","--"," ","0.00","0.15","66","--","0","55.70",
="086069","上品群益53購01","18,000","2","44,700","2.45","2.50","2.45","2.50","+","0.09","2.43","10","2.53","10","308.00",
="08606P","FBNQ2X元大4C售06","0","0","0","--","--","--","--"," ","0.00","0.07","100","0.08","50","0.00",
="086070","東科群益51購01","0","0","0","--","--","--","--"," ","0.00","--","0","2.45","10","112.50",
="086071","晶心科群益51購01","69,000","9","103,980","1.50","1.55","1.44","1.44","+","0.23","1.40","25","1.41","10","325.50",
="086072","力智群益52購01","50,000","1","49,500","0.99","0.99","0.99","0.99","-","0.03","0.36","27","--","0","214.00",
="086073","AES群益52購02","0","0","0","--","--","--","--"," ","0.00","0.85","100","0.89","100","1,195.00",
="086074","采鈺群益51購01","0","0","0","--","--","--","--"," ","0.00","--","0","3.37","10","305.50",
="086075","滬深2X元大51購05","0","0","0","--","--","--","--"," ","0.00","3.02","499","3.08","10","19.04",
="086076","滬深2X元大53購06","0","0","0","--","--","--","--"," ","0.00","2.73","499","2.78","10","19.04",
="086077","聚陽元大51購01","0","0","0","--","--","--","--"," ","0.00","1.62","25","1.66","10","294.00",
="086078","華城元大52購04","0","0","0","--","--","--","--"," ","0.00","0.66","499","0.67","10","586.00",
="086079","鴻海元大52購07","21,000","1","55,020","2.62","2.62","2.62","2.62","X","0.00","2.61","300","2.63","10","221.00",
="08607P","FBNQ2X元大51售02","0","0","0","--","--","--","--"," ","0.00","0.22","100","0.23","50","0.00",
="086080","鴻海元大55購02","40,000","4","77,090","1.92","1.95","1.91","1.95","+","0.21","1.91","450","1.92","10","221.00",
="086081","台積電元大51購51","91,000","8","116,680","1.19","1.31","1.19","1.30","+","0.25","0.21","47","--","0","1,340.00",
="086082","台積電元大52購08","5,000","5","7,940","1.54","1.68","1.54","1.68","+","0.30","0.12","83","--","0","1,340.00",
="086083","華邦電元大51購04","41,000","10","253,800","6.70","6.85","5.70","6.85","+","1.70","6.55","150","7.05","10","36.45",
="086084","瑞昱元大51購01","0","0","0","--","--","--","--"," ","0.00","0.90","25","0.93","10","540.00",
="086085","台光電元大55購01","14,000","3","26,210","1.84","1.99","1.84","1.94","+","0.23","1.88","450","1.92","10","1,345.00",
="086086","漢唐元大51購02","0","0","0","--","--","--","--"," ","0.00","8.15","100","--","0","987.00",
="086087","聯發科元大51購33","320,000","9","168,830","0.57","0.57","0.49","0.50","-","0.14","0.46","30","0.47","10","1,375.00",
="086088","長榮元大51購21","39,000","2","10,150","0.27","0.27","0.26","0.26","-","0.05","0.26","499","0.27","10","182.00",
="086089","陽明元大55購03","0","0","0","--","--","--","--"," ","0.00","1.39","499","1.41","10","55.20",
="08608P","聚陽元大4A售01","0","0","0","--","--","--","--"," ","0.00","0.18","499","0.19","200","0.00",
="086090","萬海元大51購04","0","0","0","--","--","--","--"," ","0.00","0.37","499","0.38","10","77.90",
="086091","德律元大51購01","22,000","4","33,240","1.50","1.58","1.50","1.50","-","0.11","1.45","499","1.47","10","189.00",
="086092","德律元大51購02","516,000","8","637,900","1.20","1.33","1.17","1.17","-","0.04","1.16","499","1.18","10","189.00",
="086093","德律元大51購03","10,000","1","16,400","1.64","1.64","1.64","1.64","+","0.09","1.60","450","1.62","10","189.00",
="086094","緯創元大51購05","109,000","3","35,370","0.33","0.33","0.31","0.31","X","0.00","0.31","499","0.32","10","122.50",
="086095","玉晶光元大51購02","14,000","1","20,440","1.46","1.46","1.46","1.46","-","0.02","1.33","25","1.36","10","443.50",
="086096","聯鈞元大51購01","1,507,000","137","2,711,400","1.55","2.02","1.51","1.88","+","0.39","1.95","25","1.98","10","278.00",
="086099","聯鈞元大51購02","369,000","20","689,620","1.63","2.13","1.63","2.05","+","0.47","2.05","25","2.08","10","278.00",
="08609P","台積電元大4A售69","0","0","0","--","--","--","--"," ","0.00","--","0","0.10","10","0.00",
="086100","聯鈞元大51購03","29,000","7","75,600","2.42","2.71","2.42","2.71","+","0.57","2.66","25","2.72","10","278.00",
="086101","健策元大51購01","0","0","0","--","--","--","--"," ","0.00","2.54","300","2.64","10","2,355.00",
="086102","世芯元大51購26","18,000","3","54,750","3.07","3.07","2.77","2.77","-","0.44","0.24","208","--","0","3,700.00",
="086103","世芯元大52購07","54,000","4","211,920","4.03","4.03","3.89","3.89","-","0.34","0.87","57","--","0","3,700.00",
="086104","世芯元大55購01","160,000","10","197,030","1.28","1.28","1.18","1.18","-","0.16","1.10","1","--","0","3,700.00",
="086105","海華元大51購01","0","0","0","--","--","--","--"," ","0.00","4.18","200","4.28","10","83.80",
="086106","日月光元大51購01","250,000","14","218,890","0.93","0.93","0.83","0.87","+","0.04","0.85","499","0.87","10","174.50",
="086107","精銳元大51購02","0","0","0","--","--","--","--"," ","0.00","0.37","25","0.39","10","695.00",
="086108","精成科元大51購05","0","0","0","--","--","--","--"," ","0.00","6.25","100","--","0","125.50",
="086109","精成科元大55購03","35,000","5","295,750","8.75","8.75","7.80","7.80","-","1.15","7.80","100","7.85","10","125.50",
="08610P","金像電元大4A售04","0","0","0","--","--","--","--"," ","0.00","--","0","0.10","10","0.00",
="086110","緯穎元大51購14","19,000","4","42,730","2.26","2.26","2.19","2.26","+","0.04","2.18","350","2.20","10","3,140.00",
="086111","虎航元大51購01","0","0","0","--","--","--","--"," ","0.00","0.54","499","0.55","10","75.80",
="086112","富世達元大51購02","237,000","1","303,360","1.28","1.28","1.28","1.28","X","0.00","1.32","499","1.34","10","1,010.00",
="086113","昇陽半元大51購02","152,000","12","468,130","3.07","3.28","2.91","2.91","-","0.07","2.81","250","2.85","10","179.50",
="086114","緯穎台新51購01","0","0","0","--","--","--","--"," ","0.00","2.44","20","2.45","10","0.00",
="086115","統一凱基51購01","0","0","0","--","--","--","--"," ","0.00","0.88","10","0.89","10","78.40",
="086116","台聚凱基52購01","70,000","4","75,400","1.14","1.14","1.05","1.05","-","0.03","1.05","10","1.11","10","10.20",
="086117","華城凱基51購05","0","0","0","--","--","--","--"," ","0.00","1.87","100","1.97","10","586.00",
="086118","中華凱基52購01","20,000","1","32,800","1.64","1.64","1.64","1.64","-","0.07","1.68","10","1.70","10","63.40",
="086119","鴻準凱基52購01","396,000","11","969,770","2.45","2.52","2.35","2.35","-","0.03","2.34","10","2.37","10","70.70",
="08611P","台光電元大4A售08","0","0","0","--","--","--","--"," ","0.00","--","0","0.01","42","0.00",
="086120","微星凱基52購01","7,000","4","2,240","0.33","0.33","0.31","0.31","X","0.00","0.29","100","0.30","10","119.50",
="086121","台光電凱基51購04","36,000","2","185,450","5.20","5.20","5.15","5.15","X","0.00","5.15","100","5.20","10","1,345.00",
="086122","長榮凱基51購08","0","0","0","--","--","--","--"," ","0.00","0.24","499","0.25","40","182.00",
="086123","雄獅凱基51購03","0","0","0","--","--","--","--"," ","0.00","0.86","10","0.88","10","158.50",
="086124","神基凱基52購01","0","0","0","--","--","--","--"," ","0.00","3.43","100","3.53","10","163.50",
="086125","德律凱基52購01","78,000","3","262,370","3.32","3.42","3.31","3.31","+","0.39","3.31","10","3.34","10","189.00",
="086126","創意凱基52購01","111,000","10","50,890","0.44","0.48","0.44","0.48","+","0.04","0.47","100","0.50","10","1,315.00",
="086127","聯鈞凱基52購01","1,093,000","46","2,955,520","2.31","3.00","2.31","2.84","+","0.66","2.91","10","2.92","3","278.00",
="086128","聯鈞凱基52購02","47,000","4","176,970","3.83","4.27","3.65","4.27","+","0.69","4.21","10","4.26","10","278.00",
="086129","聯鈞凱基52購03","65,000","7","256,990","3.75","4.33","3.75","4.33","+","0.63","4.42","10","4.52","10","278.00",
="08612P","長榮元大4A售21","0","0","0","--","--","--","--"," ","0.00","0.06","499","0.07","200","0.00",
="086130","聯鈞凱基52購04","79,000","8","250,040","2.91","3.56","2.91","3.56","+","0.57","3.61","10","3.64","10","278.00",
="086131","碩天凱基52購01","0","0","0","--","--","--","--"," ","0.00","0.26","10","0.27","30","217.00",
="086133","世芯凱基55購01","46,000","4","115,340","2.66","2.66","2.43","2.43","-","0.17","2.41","100","2.43","10","3,700.00",
="086134","神達凱基51購07","0","0","0","--","--","--","--"," ","0.00","9.70","100","10.40","10","90.00",
="086135","精成科凱基56購02","8,000","3","50,250","6.45","6.45","5.50","5.50","-","1.15","4.35","4","5.90","10","125.50",
="086136","矽力凱基52購01","0","0","0","--","--","--","--"," ","0.00","0.32","100","0.42","10","273.00",
="086137","晶心科凱基52購01","17,000","5","28,810","1.62","1.73","1.62","1.64","+","0.17","1.58","10","1.59","10","325.50",
="086138","采鈺凱基51購01","11,000","5","28,870","2.75","2.75","2.31","2.64","-","0.10","2.40","10","2.50","10","305.50",
="086139","長華凱基52購01","12,000","2","16,970","1.41","1.42","1.41","1.42","-","0.04","1.42","10","1.43","10","40.60",
="08613P","陽明元大4A售11","0","0","0","--","--","--","--"," ","0.00","0.50","499","0.51","200","0.00",
="086140","振樺電凱基51購01","35,000","1","9,800","0.28","0.28","0.28","0.28","-","0.02","0.27","10","0.28","30","229.50",
="086141","巨大凱基52購02","80,000","2","47,200","0.59","0.59","0.59","0.59","-","0.02","0.58","100","0.59","10","101.00",
="086142","創意兆豐53購01","788,000","8","583,080","0.73","0.77","0.71","0.75","+","0.04","0.75","10","0.77","10","1,315.00",
="086143","高力國票49購01","0","0","0","--","--","--","--"," ","0.00","--","0","0.08","100","331.50",
="086144","世芯兆豐54購01","62,000","5","99,380","1.63","1.63","1.57","1.59","-","0.10","1.59","1","1.63","10","3,700.00",
="086145","晶心科兆豐54購01","285,000","12","310,960","1.10","1.11","1.07","1.07","+","0.10","1.04","10","1.05","10","325.50",
="086146","亞光富邦51購01","321,000","20","395,740","1.28","1.28","1.19","1.19","-","0.09","1.17","10","1.20","10","0.00",
="086147","創意富邦53購01","149,000","4","141,520","0.95","0.95","0.94","0.94","+","0.05","0.93","30","0.94","10","0.00",
="086148","晶心科富邦53購01","88,000","11","80,740","0.91","0.93","0.89","0.90","+","0.07","0.87","10","0.88","10","0.00",
="086149","元石油凱基52購01","100,000","2","43,500","0.44","0.44","0.43","0.43","-","0.04","0.43","10","0.44","50","16.00",
="08614P","奇鋐元大4A售10","0","0","0","--","--","--","--"," ","0.00","--","0","0.10","10","0.00",
="086150","華友聯凱基52購01","860,000","4","352,600","0.41","0.41","0.41","0.41","X","0.00","0.41","50","0.50","10","73.20",
="086151","名軒凱基52購01","10,000","1","1,100","0.11","0.11","0.11","0.11"," ","0.00","0.10","100","0.11","10","44.60",
="086152","第一銅凱基51購01","0","0","0","--","--","--","--"," ","0.00","0.82","10","0.83","10","33.95",
="086153","聯電凱基51購01","113,000","5","139,600","1.22","1.31","1.22","1.31","+","0.14","1.27","10","1.37","10","43.90",
="086154","鴻海凱基55購03","77,000","10","361,900","4.63","4.79","4.63","4.68","+","0.30","4.71","499","--","0","221.00",
="086155","國巨凱基52購02","0","0","0","--","--","--","--"," ","0.00","5.35","499","--","0","176.00",
="086158","敬鵬凱基52購01","2,000","1","5,120","2.56","2.56","2.56","2.56","-","0.31","2.53","10","2.63","10","36.55",
="086159","金像電凱基52購02","53,000","7","252,730","4.75","4.92","4.69","4.84","+","0.37","4.65","100","4.69","10","455.00",
="08615P","緯創元大4A售13","0","0","0","--","--","--","--"," ","0.00","--","0","0.10","10","0.00",
="086160","聯發科凱基55購01","0","0","0","--","--","--","--"," ","0.00","1.04","100","1.05","10","1,375.00",
="086161","晟銘電凱基52購01","0","0","0","--","--","--","--"," ","0.00","0.67","100","0.68","10","121.00",
="086162","威健凱基52購01","12,000","3","6,060","0.50","0.51","0.50","0.50","X","0.00","0.49","10","0.50","10","28.25",
="086163","欣興凱基52購02","51,000","4","111,690","2.26","2.26","2.10","2.14","+","0.10","2.04","100","--","0","159.00",
="086164","緯創凱基52購03","0","0","0","--","--","--","--"," ","0.00","0.42","100","0.44","10","122.50",
="086165","創意凱基51購03","100,000","1","65,000","0.65","0.65","0.65","0.65","+","0.10","0.62","100","0.64","10","1,315.00",
="086166","群創凱基51購03","367,000","7","671,420","1.86","2.05","1.79","2.05","+","0.09","1.99","1","2.05","10","14.15",
="086167","華擎凱基52購01","0","0","0","--","--","--","--"," ","0.00","1.06","100","1.08","10","278.00",
="086168","世芯凱基54購04","0","0","0","--","--","--","--"," ","0.00","3.09","100","3.11","10","3,700.00",
="086169","貿聯凱基52購01","0","0","0","--","--","--","--"," ","0.00","2.69","100","2.79","10","1,085.00",
="08616P","台積電永豐4B售12","0","0","0","--","--","--","--"," ","0.00","--","0","--","0","0.00",
="086170","精成科凱基55購01","0","0","0","--","--","--","--"," ","0.00","5.70","100","--","0","125.50",
="086171","晶心科凱基52購02","15,000","6","25,170","1.61","1.70","1.61","1.62","+","0.14","1.58","100","1.59","10","325.50",
="086172","鼎基凱基52購01","0","0","0","--","--","--","--"," ","0.00","0.70","10","0.73","10","102.50",
="086173","緯穎凱基54購05","7,000","1","17,290","2.47","2.47","2.47","2.47","-","0.11","2.47","100","2.48","10","3,140.00",
="086174","世紀鋼凱基51購03","0","0","0","--","--","--","--"," ","0.00","0.12","10","0.13","40","171.50",
="086175","世紀鋼台新51購01","0","0","0","--","--","--","--"," ","0.00","0.16","20","0.17","10","0.00",
="086176","得力群益52購01","0","0","0","--","--","--","--"," ","0.00","0.59","25","0.61","10","11.00",
="086177","華城群益51購01","3,000","1","4,560","1.52","1.52","1.52","1.52","X","0.00","0.33","30","--","0","586.00",
="086178","勤美群益52購01","20,000","1","25,000","1.25","1.25","1.25","1.25","-","0.06","1.24","10","1.34","10","26.90",
="086179","華榮群益52購01","63,000","3","155,570","2.53","2.53","2.42","2.42","-","0.05","2.39","25","2.42","10","29.70",
="08617P","奇鋐永豐4B售03","0","0","0","--","--","--","--"," ","0.00","--","0","0.03","10","0.00",
="086180","東聯群益52購01","10,000","1","7,000","0.70","0.70","0.70","0.70","+","0.01","0.19","52","--","0","12.30",
="086181","台亞群益51購01","0","0","0","--","--","--","--"," ","0.00","4.60","10","--","0","27.80",
="086182","金像電群益52購03","87,000","7","288,800","3.27","3.39","3.23","3.39","+","0.32","3.20","10","3.30","10","455.00",
="086183","微星群益51購01","0","0","0","--","--","--","--"," ","0.00","0.05","10","--","0","119.50",
="086184","元日2X元富49購01","0","0","0","--","--","--","--"," ","0.00","--","0","0.10","25","5.87",
="086185","台光電群益51購05","32,000","1","120,000","3.75","3.75","3.75","3.75","X","0.00","--","0","--","0","1,345.00",
="086186","聯電元富4C購01","13,000","2","2,990","0.23","0.23","0.23","0.23"," ","0.00","0.12","25","0.22","10","43.90",
="086187","長榮群益51購02","0","0","0","--","--","--","--"," ","0.00","0.80","100","0.81","100","182.00",
="086188","星宇群益53購01","10,000","1","7,800","0.78","0.78","0.78","0.78","X","0.00","0.77","100","0.78","100","24.90",
="086189","晟銘電群益52購02","30,000","3","12,600","0.43","0.43","0.41","0.41","X","0.00","0.39","110","0.40","100","121.00",
="08618P","台灣50中信4C售03","0","0","0","--","--","--","--"," ","0.00","--","0","0.02","10","0.00",
="086190","聯鈞群益52購02","0","0","0","--","--","--","--"," ","0.00","1.05","9","--","0","278.00",
="086191","世芯群益51購04","9,000","5","42,730","5.00","5.00","4.55","4.55","-","0.43","2.37","4","--","0","3,700.00",
="086192","台光電元富49購04","0","0","0","--","--","--","--"," ","0.00","6.05","25","6.15","25","1,345.00",
="086193","貿聯群益52購03","68,000","3","153,610","2.27","2.27","2.02","2.02","-","0.26","0.88","11","--","0","1,085.00",
="086194","時碩群益52購01","0","0","0","--","--","--","--"," ","0.00","0.12","30","--","0","55.70",
="086195","精成科群益51購02","0","0","0","--","--","--","--"," ","0.00","--","0","4.43","10","125.50",
="086196","奇鋐元富49購04","0","0","0","--","--","--","--"," ","0.00","1.39","25","1.49","10","1,015.00",
="086197","奇鋐元富49購05","0","0","0","--","--","--","--"," ","0.00","1.89","25","1.99","10","1,015.00",
="086198","佳必琪群益51購01","40,000","1","60,800","1.52","1.52","1.52","1.52"," ","0.00","0.47","21","--","0","160.00",
="086199","盛群群益52購01","44,000","4","37,400","0.85","0.85","0.85","0.85","-","0.10","0.84","10","0.93","10","41.55",
="08619P","T50正2中信53售01","0","0","0","--","--","--","--"," ","0.00","0.06","100","0.07","100","0.00",
="086200","矽力群益56購01","151,000","2","30,210","0.20","0.21","0.20","0.21","-","0.01","0.10","100","--","0","273.00",
="086201","瑞祺群益53購01","40,000","2","35,300","0.88","0.89","0.88","0.89","-","0.02","0.86","25","0.87","10","86.90",
="086202","台達電統一57購01","0","0","0","--","--","--","--"," ","0.00","4.05","10","4.06","10","893.00",
="086203","致茂統一56購03","1,178,000","52","1,828,750","1.50","1.60","1.50","1.60","+","0.19","1.49","10","1.50","10","614.00",
="086204","金像電統一57購02","0","0","0","--","--","--","--"," ","0.00","1.76","10","1.77","10","455.00",
="086205","聯發科統一57購05","0","0","0","--","--","--","--"," ","0.00","0.68","10","0.69","10","1,375.00",
="086206","聯發科統一67購01","43,000","4","40,090","0.93","0.94","0.93","0.93","-","0.02","0.90","10","0.91","10","1,375.00",
="086207","晟銘電統一57購01","0","0","0","--","--","--","--"," ","0.00","0.36","10","0.37","10","121.00",
="086208","德律統一55購01","26,000","4","27,190","1.04","1.06","1.03","1.04"," ","0.00","1.02","10","1.04","10","189.00",
="086209","德律統一57購01","672,000","20","719,920","1.05","1.12","1.04","1.04","-","0.01","1.03","10","1.04","10","189.00",
="08620P","鴻海中信52售01","0","0","0","--","--","--","--"," ","0.00","--","0","0.02","10","0.00",
="086210","聯詠統一57購01","917,000","14","211,370","0.22","0.25","0.22","0.23","+","0.01","0.22","10","0.23","9","443.00",
="086211","融程電統一59購01","6,000","1","6,000","1.00","1.00","1.00","1.00","-","0.03","0.96","10","0.99","10","184.00",
="086212","融程電統一5B購01","88,000","9","75,150","0.85","0.87","0.84","0.86","-","0.01","0.84","10","0.85","10","184.00",
="086213","創意統一57購01","19,000","2","10,460","0.55","0.56","0.55","0.56","+","0.06","0.55","10","0.56","10","1,315.00",
="086214","創意統一57購02","308,000","13","159,770","0.50","0.53","0.50","0.53","+","0.06","0.52","10","0.53","29","1,315.00",
="086215","聯鈞統一57購02","186,000","11","191,020","0.94","1.05","0.94","1.04","+","0.12","1.05","10","1.06","10","278.00",
="086216","華擎統一55購03","0","0","0","--","--","--","--"," ","0.00","0.53","10","0.54","10","278.00",
="086217","華擎統一57購01","0","0","0","--","--","--","--"," ","0.00","0.54","10","0.55","10","278.00",
="086218","敦泰統一57購02","22,000","4","13,550","0.64","0.64","0.61","0.61","X","0.00","0.59","10","0.60","10","67.40",
="086219","樺漢統一57購01","0","0","0","--","--","--","--"," ","0.00","0.48","40","0.49","10","299.00",
="08621P","台積電中信51售02","0","0","0","--","--","--","--"," ","0.00","0.01","529","0.02","10","0.00",
="086220","緯穎統一57購01","0","0","0","--","--","--","--"," ","0.00","0.90","10","0.91","10","3,140.00",
="086221","采鈺統一57購03","215,000","4","282,120","1.32","1.32","1.28","1.28","-","0.03","1.22","10","1.23","10","305.50",
="086222","天虹統一57購02","244,000","12","168,570","0.68","0.73","0.68","0.72","+","0.02","0.68","10","0.69","10","252.50",
="086223","世紀鋼統一57購01","0","0","0","--","--","--","--"," ","0.00","0.18","10","0.19","10","171.50",
="086224","中華中信51購01","33,000","3","30,260","0.94","0.94","0.89","0.89","-","0.06","0.89","10","0.90","5","0.00",
="086225","長榮中信51購05","0","0","0","--","--","--","--"," ","0.00","0.26","499","0.27","10","0.00",
="086226","星宇中信51購01","0","0","0","--","--","--","--"," ","0.00","0.13","10","0.14","10","0.00",
="086227","晟銘電中信51購01","0","0","0","--","--","--","--"," ","0.00","0.20","10","0.21","10","0.00",
="086228","材料中信51購01","15,000","1","15,000","1.00","1.00","1.00","1.00","+","0.02","0.98","499","0.99","10","0.00",
="086229","中砂永豐54購01","26,000","3","36,920","1.42","1.43","1.41","1.41","+","0.07","1.42","10","1.43","10","339.00",
="08622P","台積電中信52售01","0","0","0","--","--","--","--"," ","0.00","0.03","499","0.04","10","0.00",
="086230","新光鋼永豐52購01","10,000","1","9,300","0.93","0.93","0.93","0.93","-","0.03","0.90","10","0.91","10","42.30",
="086231","金像電永豐53購01","1,000","1","3,840","3.84","3.84","3.84","3.84","+","0.12","3.82","499","3.92","10","455.00",
="086232","台光電永豐52購05","355,000","4","1,245,240","3.29","3.62","3.29","3.62","+","0.28","3.48","499","3.58","10","1,345.00",
="086233","晟銘電永豐51購02","0","0","0","--","--","--","--"," ","0.00","0.35","499","0.36","10","121.00",
="086234","玉晶光永豐53購02","11,000","2","40,350","3.65","3.67","3.65","3.67","-","0.29","3.66","10","3.76","10","443.50",
="086235","融程電永豐53購01","1,000","1","2,140","2.14","2.14","2.14","2.14","-","0.11","2.15","10","2.19","10","184.00",
="086236","融程電永豐54購01","80,000","4","305,500","3.83","3.86","3.81","3.81","-","0.16","3.87","10","3.92","10","184.00",
="086237","晶睿永豐54購01","0","0","0","--","--","--","--"," ","0.00","0.44","499","0.45","10","94.10",
="086238","華擎永豐51購01","0","0","0","--","--","--","--"," ","0.00","0.45","10","0.46","10","278.00",
="086239","華擎永豐52購01","0","0","0","--","--","--","--"," ","0.00","0.54","499","0.55","10","278.00",
="08623P","臺股指中信53售03","40,000","2","2,000","0.05","0.05","0.05","0.05","X","0.00","0.04","499","0.05","100","0.00",
="086240","貿聯永豐52購06","42,000","6","96,490","2.41","2.41","2.13","2.13","-","0.17","2.08","10","2.16","10","1,085.00",
="086241","材料永豐53購03","0","0","0","--","--","--","--"," ","0.00","0.47","499","0.48","10","66.40",
="086242","材料永豐54購02","0","0","0","--","--","--","--"," ","0.00","0.81","499","0.82","10","66.40",
="086243","材料永豐54購03","9,000","1","10,440","1.16","1.16","1.16","1.16"," ","0.00","1.15","499","1.16","10","66.40",
="086244","材料永豐55購01","45,000","6","174,900","3.93","3.93","3.83","3.86","+","0.04","3.83","10","3.93","10","66.40",
="086245","鼎基永豐53購01","0","0","0","--","--","--","--"," ","0.00","0.59","499","0.60","10","102.50",
="086246","連加永豐57購01","0","0","0","--","--","--","--"," ","0.00","0.19","499","0.20","10","606.00",
="086247","達運光永豐54購01","0","0","0","--","--","--","--"," ","0.00","2.59","499","2.61","10","95.50",
="086248","世紀鋼永豐52購06","0","0","0","--","--","--","--"," ","0.00","0.61","499","0.62","10","171.50",
="086249","直得元富51購02","0","0","0","--","--","--","--"," ","0.00","0.90","25","0.92","25","81.30",
="08624P","臺股指中信53售04","0","0","0","--","--","--","--"," ","0.00","0.01","970","0.02","10","0.00",
="086250","直得元富51購03","0","0","0","--","--","--","--"," ","0.00","0.63","25","0.65","25","81.30",
="086251","上銀元富51購01","42,000","9","71,580","1.71","1.77","1.66","1.68","-","0.11","1.64","25","1.66","25","217.50",
="086252","金像電元富54購01","0","0","0","--","--","--","--"," ","0.00","9.15","25","9.65","10","455.00",
="086253","大同元富51購01","32,000","10","104,680","3.14","3.46","3.14","3.46","+","0.26","3.44","25","3.46","15","39.85",
="086254","京元電元富57購01","0","0","0","--","--","--","--"," ","0.00","5.15","25","5.65","25","167.00",
="086255","晟銘電元富51購02","56,000","3","34,120","0.62","0.62","0.59","0.59","-","0.05","0.56","25","0.58","25","121.00",
="086256","晟銘電元富57購01","20,000","2","24,200","1.22","1.22","1.20","1.20","-","0.08","1.17","25","1.18","25","121.00",
="086257","時碩元富54購01","0","0","0","--","--","--","--"," ","0.00","0.54","25","0.55","25","55.70",
="086258","材料元富51購03","35,000","1","35,350","1.01","1.01","1.01","1.01","+","0.10","0.97","25","0.98","25","66.40",
="086259","立積元富57購01","0","0","0","--","--","--","--"," ","0.00","2.61","25","2.71","25","151.50",
="08625P","T50正2富邦52售01","0","0","0","--","--","--","--"," ","0.00","0.08","100","0.09","98","0.00",
="086260","虹堡元富51購01","0","0","0","--","--","--","--"," ","0.00","3.08","25","3.18","25","78.20",
="086261","虹堡元富51購02","91,000","6","168,290","1.87","1.88","1.84","1.88","X","0.00","1.88","25","1.89","25","78.20",
="086262","巨大元富54購01","0","0","0","--","--","--","--"," ","0.00","0.82","25","0.84","25","101.00",
="086263","元金2X國票54購03","10,000","3","21,560","2.18","2.18","2.14","2.14","+","0.17","2.15","25","2.18","10","70.40",
="086264","華友聯國票53購01","0","0","0","--","--","--","--"," ","0.00","0.32","25","0.33","10","73.20",
="086265","名軒國票53購01","20,000","1","800","0.04","0.04","0.04","0.04"," ","0.00","0.04","25","0.05","10","44.60",
="086266","中砂國票52購01","8,000","2","14,680","1.83","1.84","1.83","1.84","+","0.09","1.94","25","1.96","10","339.00",
="086267","華榮國票53購01","32,000","5","47,650","1.52","1.52","1.45","1.46","-","0.03","1.43","25","1.44","10","29.70",
="086268","東聯國票53購01","90,000","2","48,500","0.53","0.54","0.53","0.54","-","0.01","0.54","25","0.55","10","12.30",
="086269","科妍國票53購01","164,000","13","102,650","0.59","0.65","0.59","0.64","X","0.00","0.63","46","0.68","6","94.00",
="08626P","金像電凱基4B售01","0","0","0","--","--","--","--"," ","0.00","--","0","0.10","10","0.00",
="086270","中華國票53購01","0","0","0","--","--","--","--"," ","0.00","1.32","25","1.33","10","63.40",
="086271","致茂國票52購01","55,000","13","439,600","7.45","8.50","7.45","7.85","+","0.50","7.80","25","7.85","5","614.00",
="086272","金像電國票52購01","4,000","4","43,200","10.70","10.90","10.70","10.70","+","0.75","10.50","25","10.60","10","455.00",
="086273","晟銘電國票52購03","0","0","0","--","--","--","--"," ","0.00","0.69","25","0.70","10","121.00",
="086274","華擎國票52購01","0","0","0","--","--","--","--"," ","0.00","1.61","25","1.62","10","278.00",
="086275","精成科國票53購03","1,000","1","6,250","6.25","6.25","6.25","6.25","-","0.45","5.45","25","5.50","10","125.50",
="086276","盛群國票53購01","631,000","5","306,300","0.50","0.50","0.47","0.47","-","0.04","0.47","25","0.48","10","41.55",
="086277","連加國票53購01","0","0","0","--","--","--","--"," ","0.00","0.46","25","0.47","10","606.00",
="086278","鴻準國泰52購01","1,000","1","2,120","2.12","2.12","2.12","2.12","-","0.01","2.03","499","2.05","290","70.70",
="086279","晟銘電國泰52購01","0","0","0","--","--","--","--"," ","0.00","0.98","499","1.00","480","121.00",
="08627P","道瓊銀元大4B售03","0","0","0","--","--","--","--"," ","0.00","0.01","100","0.06","50","0.00",
="086280","玉晶光國泰52購01","72,000","7","180,330","2.54","2.54","2.46","2.46","-","0.10","2.51","10","2.53","10","443.50",
="086281","創意國泰52購03","4,000","1","4,840","1.21","1.21","1.21","1.21","X","0.00","1.25","499","1.27","499","1,315.00",
="086282","華擎國泰52購01","2,000","1","1,900","0.95","0.95","0.95","0.95"," ","0.00","0.92","2","--","0","278.00",
="086283","達邁國泰52購01","72,000","11","199,020","2.55","2.85","2.55","2.58","+","0.05","2.57","499","2.58","100","73.10",
="086284","時碩國泰52購01","127,000","4","109,220","0.86","0.86","0.86","0.86","-","0.03","0.80","499","0.81","100","55.70",
="086285","連加國泰52購01","0","0","0","--","--","--","--"," ","0.00","0.60","499","0.61","100","606.00",
="086286","中興電元大51購04","1,450,000","3","609,000","0.42","0.42","0.42","0.42","X","0.00","0.41","499","0.42","10","159.00",
="086287","華城元大51購10","478,000","4","571,100","1.19","1.20","1.19","1.20","X","0.00","1.15","499","1.17","10","586.00",
="086288","台達電元大51購01","0","0","0","--","--","--","--"," ","0.00","18.00","50","--","0","893.00",
="086289","鴻海元大51購15","0","0","0","--","--","--","--"," ","0.00","2.99","300","3.02","10","221.00",
="08628P","台積電元大4B售15","0","0","0","--","--","--","--"," ","0.00","--","0","0.10","10","0.00",
="086290","台積電元大51購52","42,000","4","57,880","1.34","1.38","1.34","1.38","+","0.20","0.12","83","--","0","1,340.00",
="086291","華邦電元大54購01","0","0","0","--","--","--","--"," ","0.00","4.33","200","--","0","36.45",
="086292","華邦電元大56購01","3,000","1","13,710","4.57","4.57","4.57","4.57","+","0.79","4.58","200","--","0","36.45",
="086293","智邦元大54購01","33,000","1","97,020","2.94","2.94","2.94","2.94","X","0.00","2.77","5","--","0","1,005.00",
="086294","鴻準元大51購02","135,000","7","209,330","1.53","1.57","1.50","1.50","+","0.03","1.46","499","1.47","10","70.70",
="086295","鴻準元大54購01","146,000","4","218,920","1.50","1.50","1.48","1.48"," ","0.00","1.44","499","1.45","10","70.70",
="086296","華碩元大51購01","262,000","4","167,330","0.63","0.64","0.61","0.61"," ","0.00","0.62","25","0.63","10","684.00",
="086297","華碩元大51購02","20,000","2","24,250","1.22","1.22","1.19","1.19","+","0.03","1.23","25","1.24","10","684.00",
="086298","金像電元大51購03","490,000","12","1,650,860","3.43","3.45","3.32","3.32","+","0.12","3.25","250","3.28","10","455.00",
="086299","金像電元大51購04","533,000","12","1,412,110","2.72","2.74","2.60","2.65","+","0.12","2.59","300","2.61","10","455.00",
="08629P","華碩元大4B售01","0","0","0","--","--","--","--"," ","0.00","0.13","499","0.14","200","0.00",
="086300","大同元大51購01","123,000","4","73,930","0.63","0.63","0.60","0.60","-","0.03","0.68","499","0.70","10","39.85",
="086301","技嘉元大51購01","15,000","3","12,600","0.84","0.84","0.84","0.84"," ","0.00","0.83","499","0.84","10","283.00",
="086302","台光電元大54購03","97,000","5","174,900","1.70","1.90","1.70","1.88","+","0.21","1.88","450","1.92","10","1,345.00",
="086303","漢唐元大51購03","0","0","0","--","--","--","--"," ","0.00","5.75","25","--","0","987.00",
="086304","聯發科元大57購01","123,000","5","155,810","1.33","1.33","1.26","1.26","-","0.13","1.22","25","1.24","10","1,375.00",
="086305","萬海元大51購05","0","0","0","--","--","--","--"," ","0.00","0.51","499","0.52","10","77.90",
="086306","晟銘電元大51購01","0","0","0","--","--","--","--"," ","0.00","0.28","499","0.29","10","121.00",
="086307","鴻海凱基51購03","352,000","23","398,280","1.10","1.16","1.10","1.14","+","0.10","1.14","489","1.15","30","221.00",
="086308","晟銘電元大56購01","0","0","0","--","--","--","--"," ","0.00","0.52","499","0.53","10","121.00",
="086309","亞光元大54購02","0","0","0","--","--","--","--"," ","0.00","0.94","499","0.95","10","161.50",
="08630P","陽明元大4B售03","0","0","0","--","--","--","--"," ","0.00","0.95","499","1.05","10","0.00",
="086310","德律元大51購04","361,000","10","417,600","1.13","1.27","1.13","1.14","+","0.11","1.10","499","1.12","10","189.00",
="086311","緯創元大51購07","245,000","3","108,800","0.44","0.45","0.44","0.44","X","0.00","0.41","499","0.42","10","122.50",
="086312","玉晶光元大51購03","111,000","4","130,590","1.22","1.22","1.17","1.17","-","0.09","1.15","25","1.17","10","443.50",
="086313","聯鈞元大51購04","220,000","22","373,020","1.54","1.96","1.54","1.93","+","0.38","1.90","25","1.93","9","278.00",
="086314","華擎元大51購01","0","0","0","--","--","--","--"," ","0.00","0.48","499","0.49","10","278.00",
="086315","華擎元大51購02","0","0","0","--","--","--","--"," ","0.00","0.62","499","0.64","10","278.00",
="086316","嘉澤元大51購09","0","0","0","--","--","--","--"," ","0.00","0.95","499","0.97","10","1,605.00",
="086318","牧德元大51購02","0","0","0","--","--","--","--"," ","0.00","0.37","25","0.38","10","544.00",
="086319","辛耘元大51購01","68,000","5","68,790","0.96","1.04","0.93","1.03","+","0.27","0.88","25","0.91","10","388.00",
="08631P","奇鋐元大4B售05","0","0","0","--","--","--","--"," ","0.00","--","0","0.10","10","0.00",
="086320","世芯元大51購27","32,000","6","87,990","2.83","2.83","2.46","2.46","-","0.51","0.36","138","--","0","3,700.00",
="086321","世芯元大51購28","43,000","5","61,050","1.47","1.47","1.32","1.32","-","0.18","0.16","62","--","0","3,700.00",
="086322","世芯元大51購29","25,000","4","25,120","1.02","1.02","0.91","0.91","-","0.19","0.11","90","--","0","3,700.00",
="086323","貿聯元大51購07","547,000","22","713,580","1.47","1.47","1.21","1.21","-","0.19","1.18","499","1.78","1","1,085.00",
="086324","神達元大51購10","100,000","9","313,410","3.06","3.36","3.02","3.07","+","0.15","3.15","250","3.19","10","90.00",
="086325","jpp元大51購01","261,000","20","565,730","2.27","2.28","2.11","2.14","-","0.05","2.15","22","2.17","10","286.50",
="086326","精成科元大51購06","0","0","0","--","--","--","--"," ","0.00","2.59","250","--","0","125.50",
="086327","精成科元大54購02","0","0","0","--","--","--","--"," ","0.00","2.27","300","--","0","125.50",
="086328","精成科元大57購01","0","0","0","--","--","--","--"," ","0.00","1.92","350","--","0","125.50",
="086329","愛普元大51購01","3,000","1","3,660","1.22","1.22","1.22","1.22"," ","0.00","0.10","100","--","0","344.00",
="08632P","緯創元大4B售05","0","0","0","--","--","--","--"," ","0.00","--","0","0.10","10","0.00",
="086330","緯穎元大51購15","129,000","9","135,820","1.08","1.08","1.03","1.06","+","0.02","1.04","499","1.05","10","3,140.00",
="086331","世紀鋼元大54購01","0","0","0","--","--","--","--"," ","0.00","0.23","499","0.24","10","171.50",
="086332","瑞昱兆豐52購01","47,000","2","40,890","0.87","0.87","0.87","0.87","+","0.02","0.83","10","0.85","10","540.00",
="086333","華擎兆豐53購01","0","0","0","--","--","--","--"," ","0.00","0.46","10","0.47","10","278.00",
="086334","貿聯兆豐57購01","103,000","8","201,300","2.10","2.10","1.87","1.87","-","0.15","1.80","10","1.84","10","1,085.00",
="086335","臻鼎兆豐57購01","0","0","0","--","--","--","--"," ","0.00","4.24","10","--","0","171.50",
="086336","保瑞兆豐52購01","0","0","0","--","--","--","--"," ","0.00","0.96","10","0.98","10","693.00",
="086337","愛普兆豐52購01","20,000","1","23,200","1.16","1.16","1.16","1.16","-","0.12","1.27","10","1.29","10","344.00",
="086338","天虹兆豐57購01","251,000","12","367,050","1.41","1.53","1.41","1.42","+","0.02","1.41","10","1.42","10","252.50",
="086339","台光電富邦52購01","0","0","0","--","--","--","--"," ","0.00","2.55","10","2.61","10","0.00",
="08633P","創意元大4B售04","0","0","0","--","--","--","--"," ","0.00","0.14","499","0.15","200","0.00",
="086340","宏達電富邦51購01","0","0","0","--","--","--","--"," ","0.00","4.24","30","4.28","10","0.00",
="086341","宏達電富邦53購01","0","0","0","--","--","--","--"," ","0.00","3.74","30","3.78","10","0.00",
="086342","聯詠富邦51購01","0","0","0","--","--","--","--"," ","0.00","0.12","30","0.13","10","0.00",
="086343","緯創富邦52購02","34,000","1","12,920","0.38","0.38","0.38","0.38","X","0.00","0.34","10","0.35","10","0.00",
="086344","新日興富邦54購01","441,000","17","323,770","0.76","0.77","0.69","0.69","-","0.04","0.66","10","0.67","10","0.00",
="086345","聯鈞富邦52購01","542,000","64","748,270","1.25","1.52","1.22","1.47","+","0.29","1.47","30","1.48","10","0.00",
="086346","華擎富邦51購01","156,000","3","82,100","0.53","0.53","0.51","0.51","-","0.07","0.50","30","0.51","10","0.00",
="086347","潤泰新富邦51購01","30,000","1","17,400","0.58","0.58","0.58","0.58","+","0.01","0.56","30","0.57","10","0.00",
="086348","富邦金台新51購01","20,000","2","26,800","1.36","1.36","1.31","1.31","-","0.05","1.24","20","1.25","10","0.00",
="086349","勤誠台新51購01","0","0","0","--","--","--","--"," ","0.00","2.51","20","2.52","10","0.00",
="08634P","川湖國票4C售01","0","0","0","--","--","--","--"," ","0.00","--","0","0.01","5","0.00",
="086350","世芯第一57購01","2,000","1","1,820","0.91","0.91","0.91","0.91","-","0.10","0.91","10","0.92","10","0.00",
="086351","大成凱基51購01","0","0","0","--","--","--","--"," ","0.00","0.17","100","0.18","30","52.00",
="086352","卜蜂凱基52購01","0","0","0","--","--","--","--"," ","0.00","0.85","10","0.87","10","134.00",
="086353","儒鴻凱基51購01","0","0","0","--","--","--","--"," ","0.00","1.70","10","1.80","10","431.50",
="086354","宏泰凱基51購01","1,000","1","1,120","1.12","1.12","1.12","1.12","+","0.03","1.10","10","1.12","10","36.25",
="086355","士紙凱基51購01","0","0","0","--","--","--","--"," ","0.00","0.85","10","0.87","10","53.10",
="086356","智邦凱基52購01","0","0","0","--","--","--","--"," ","0.00","6.15","10","6.30","10","1,005.00",
="086357","創見凱基51購01","72,000","8","145,750","2.11","2.11","1.96","2.07","-","0.22","2.03","100","2.11","10","118.00",
="086358","聯發科凱基52購06","0","0","0","--","--","--","--"," ","0.00","0.83","100","0.84","10","1,375.00",
="086359","宏達電凱基51購01","0","0","0","--","--","--","--"," ","0.00","6.25","100","--","0","64.60",
="08635P","智易國票4C售02","0","0","0","--","--","--","--"," ","0.00","0.57","25","0.59","10","0.00",
="086360","宏達電凱基52購01","0","0","0","--","--","--","--"," ","0.00","7.30","50","--","0","64.60",
="086361","宏達電凱基54購01","0","0","0","--","--","--","--"," ","0.00","6.55","100","--","0","64.60",
="086362","宏達電凱基55購01","0","0","0","--","--","--","--"," ","0.00","7.50","100","--","0","64.60",
="086363","宏達電凱基57購01","0","0","0","--","--","--","--"," ","0.00","6.95","50","--","0","64.60",
="086364","長榮太凱基52購01","0","0","0","--","--","--","--"," ","0.00","6.50","100","7.00","10","168.50",
="086365","晟銘電凱基52購02","50,000","2","20,500","0.41","0.41","0.41","0.41","-","0.04","0.37","100","0.38","10","121.00",
="086366","偉訓凱基52購01","0","0","0","--","--","--","--"," ","0.00","1.90","100","1.92","10","97.50",
="086367","文曄凱基51購01","149,000","14","138,780","0.94","0.96","0.90","0.92","+","0.07","0.92","100","0.94","10","137.50",
="086368","華擎凱基51購01","0","0","0","--","--","--","--"," ","0.00","0.31","100","0.32","30","278.00",
="086369","世芯凱基52購05","0","0","0","--","--","--","--"," ","0.00","1.54","100","1.56","10","3,700.00",
="08636P","緯穎國票4C售02","0","0","0","--","--","--","--"," ","0.00","0.01","25","0.05","25","0.00",
="086370","TPK凱基51購01","0","0","0","--","--","--","--"," ","0.00","3.98","10","4.08","10","39.30",
="086371","大聯大凱基51購01","0","0","0","--","--","--","--"," ","0.00","0.88","10","0.89","10","66.10",
="086372","永信凱基51購01","0","0","0","--","--","--","--"," ","0.00","1.25","10","1.27","10","55.90",
="086373","瑞智凱基51購01","24,000","2","21,640","0.92","0.92","0.90","0.90","-","0.07","0.88","10","0.89","10","24.15",
="086374","智伸科凱基51購01","35,000","1","76,300","2.18","2.18","2.18","2.18","-","0.27","1.84","10","1.87","10","139.50",
="086375","和碩凱基51購01","20,000","4","11,850","0.58","0.60","0.58","0.60","+","0.05","0.54","100","0.55","10","71.10",
="086376","天鈺凱基51購01","50,000","1","10,000","0.20","0.20","0.20","0.20","X","0.00","0.18","100","0.19","30","173.50",
="086377","豐藝凱基51購01","0","0","0","--","--","--","--"," ","0.00","0.29","10","0.30","50","49.25",
="086378","台郡凱基52購01","0","0","0","--","--","--","--"," ","0.00","1.46","10","1.48","10","66.80",
="086379","群電凱基51購01","75,000","2","37,550","0.51","0.51","0.49","0.49","-","0.03","0.47","100","0.48","10","100.00",
="08637P","T50正2群益4B售03","0","0","0","--","--","--","--"," ","0.00","--","0","--","0","0.00",
="086380","元債2X元富49購01","0","0","0","--","--","--","--"," ","0.00","--","0","0.10","25","7.35",
="086381","穎崴凱基57購01","122,000","13","582,170","4.94","5.00","4.64","5.00","+","0.15","4.83","100","4.89","10","2,015.00",
="086382","勤誠凱基51購03","13,000","2","34,150","2.63","2.63","2.61","2.61","-","0.02","2.55","100","2.59","10","600.00",
="086383","東哥凱基51購01","30,000","4","61,560","2.07","2.07","2.02","2.05","-","0.01","1.96","10","1.98","10","217.00",
="086384","香港2X元富51購02","0","0","0","--","--","--","--"," ","0.00","0.28","3","--","0","18.02",
="086385","卜蜂元富51購01","28,000","1","31,920","1.14","1.14","1.14","1.14","X","0.00","1.12","25","1.14","25","134.00",
="086386","宏泰元富51購01","21,000","2","19,530","0.93","0.93","0.93","0.93","-","0.02","0.95","25","0.96","25","36.25",
="086387","宏泰元富51購02","27,000","1","24,030","0.89","0.89","0.89","0.89","X","0.00","0.87","25","0.88","25","36.25",
="086388","億泰元富51購01","10,000","2","7,410","0.75","0.75","0.74","0.74","-","0.01","0.72","25","0.82","10","34.80",
="086389","金像電元富54購02","0","0","0","--","--","--","--"," ","0.00","5.55","25","5.60","25","455.00",
="08638P","T50正2群益51售02","0","0","0","--","--","--","--"," ","0.00","0.04","25","0.05","10","0.00",
="086390","金像電元富57購01","2,000","1","13,500","6.75","6.75","6.75","6.75","+","0.40","6.60","25","7.10","10","455.00",
="086391","宏達電元富51購03","0","0","0","--","--","--","--"," ","0.00","5.00","25","--","0","64.60",
="086392","宏達電元富51購04","0","0","0","--","--","--","--"," ","0.00","5.20","25","--","0","64.60",
="086393","宏達電元富51購05","0","0","0","--","--","--","--"," ","0.00","16.00","1","23.50","1","64.60",
="086394","宏達電元富57購01","0","0","0","--","--","--","--"," ","0.00","8.00","25","--","0","64.60",
="086395","豐達科元富51購01","210,000","9","176,310","0.88","0.88","0.76","0.78","-","0.10","0.77","25","0.78","25","134.50",
="086396","豐達科元富51購02","118,000","9","126,620","1.14","1.14","0.97","1.01","-","0.16","0.99","25","1.01","24","134.50",
="086397","智原元富51購05","0","0","0","--","--","--","--"," ","0.00","0.18","25","0.19","25","174.00",
="086398","聯鈞元富51購01","228,000","7","595,080","2.30","2.79","2.30","2.79","+","0.51","2.82","25","2.87","25","278.00",
="086399","聯鈞元富51購02","3,620,000","116","6,591,970","1.48","2.00","1.48","1.95","+","0.55","1.93","25","1.95","24","278.00",
="08639P","臺股指群益4C售05","0","0","0","--","--","--","--"," ","0.00","0.02","499","0.03","499","0.00",
="086400","世芯元富55購03","0","0","0","--","--","--","--"," ","0.00","1.44","25","1.45","25","3,700.00",
="086401","神達元富51購03","0","0","0","--","--","--","--"," ","0.00","4.79","25","4.89","10","90.00",
="086402","智伸科元富51購01","0","0","0","--","--","--","--"," ","0.00","2.03","25","2.13","10","139.50",
="086403","智伸科元富57購01","13,000","2","33,740","2.72","2.72","2.45","2.45","-","0.42","2.40","25","2.42","25","139.50",
="086404","材料元富51購04","0","0","0","--","--","--","--"," ","0.00","0.59","25","0.60","25","66.40",
="086405","精成科元富51購01","18,000","1","91,800","5.10","5.10","5.10","5.10","-","0.15","4.38","25","4.46","25","125.50",
="086406","帆宣元富51購01","0","0","0","--","--","--","--"," ","0.00","4.63","25","4.73","10","255.00",
="086407","帆宣元富51購02","0","0","0","--","--","--","--"," ","0.00","3.38","25","3.48","10","255.00",
="086408","和椿元富51購01","31,000","2","67,090","2.19","2.19","2.03","2.03","-","0.28","2.07","25","2.10","25","122.50",
="086409","愛普元富51購01","0","0","0","--","--","--","--"," ","0.00","0.17","6","--","0","344.00",
="08640P","臺股指群益4C售06","0","0","0","--","--","--","--"," ","0.00","0.01","499","--","0","0.00",
="086410","帝寶元富51購01","0","0","0","--","--","--","--"," ","0.00","0.13","25","0.14","25","134.00",
="086411","富威電元富51購01","0","0","0","--","--","--","--"," ","0.00","0.66","25","0.67","25","94.30",
="086412","勤誠元富51購03","29,000","1","60,610","2.09","2.09","2.09","2.09","+","0.02","2.02","25","2.06","25","600.00",
="086413","勤誠元富51購04","10,000","1","21,200","2.12","2.12","2.12","2.12","X","0.00","1.94","25","1.98","25","600.00",
="086414","潤泰新元富51購01","0","0","0","--","--","--","--"," ","0.00","1.17","25","1.18","25","29.80",
="086415","潤泰新元富51購02","2,000","1","2,040","1.02","1.02","1.02","1.02","-","0.03","1.02","25","1.03","25","29.80",
="086416","A50正2國票54購01","4,000","4","8,710","2.21","2.21","2.15","2.15","-","0.18","2.16","25","2.17","10","32.79",
="086417","大成國票52購01","0","0","0","--","--","--","--"," ","0.00","0.12","25","0.13","10","52.00",
="086418","卜蜂國票52購01","0","0","0","--","--","--","--"," ","0.00","0.55","25","0.57","10","134.00",
="086419","遠東新國票52購01","0","0","0","--","--","--","--"," ","0.00","0.47","25","0.48","10","27.80",
="08641P","台灣50中信51售04","0","0","0","--","--","--","--"," ","0.00","0.03","499","0.04","10","0.00",
="086420","億泰國票53購01","0","0","0","--","--","--","--"," ","0.00","0.92","25","0.93","10","34.80",
="086421","佳能國票52購01","0","0","0","--","--","--","--"," ","0.00","--","0","--","0","88.80",
="086422","群光國票53購01","0","0","0","--","--","--","--"," ","0.00","0.59","25","0.60","10","140.00",
="086423","台新金國票51購01","0","0","0","--","--","--","--"," ","0.00","1.78","25","1.80","3","17.65",
="086424","豐達科國票53購01","30,000","2","27,750","0.93","0.93","0.92","0.92","-","0.05","0.82","25","0.85","10","134.50",
="086425","華立國票52購01","0","0","0","--","--","--","--"," ","0.00","1.29","35","1.30","10","98.80",
="086426","奇鋐國票52購01","0","0","0","--","--","--","--"," ","0.00","6.10","25","6.20","10","1,015.00",
="086427","瑞智國票52購01","100,000","1","65,000","0.65","0.65","0.65","0.65","-","0.03","0.62","25","0.63","10","24.15",
="086428","天鈺國票51購01","0","0","0","--","--","--","--"," ","0.00","0.61","25","0.62","10","173.50",
="086429","天鈺國票52購01","20,000","2","11,600","0.58","0.58","0.58","0.58","X","0.00","0.57","25","0.58","10","173.50",
="08642P","道瓊2X中信53售01","0","0","0","--","--","--","--"," ","0.00","0.41","499","0.42","100","0.00",
="086430","台郡國票52購01","0","0","0","--","--","--","--"," ","0.00","2.11","25","2.12","10","66.80",
="086431","群電國票52購01","0","0","0","--","--","--","--"," ","0.00","0.29","25","0.30","10","100.00",
="086432","富威電國票52購01","0","0","0","--","--","--","--"," ","0.00","0.40","35","0.41","10","94.30",
="086433","可寧衛國票52購01","2,001,000","31","2,037,600","1.00","1.05","1.00","1.02","+","0.04","1.00","25","1.02","10","201.00",
="086434","億豐國票52購01","0","0","0","--","--","--","--"," ","0.00","1.62","25","1.67","10","442.00",
="086435","統一實國票52購01","0","0","0","--","--","--","--"," ","0.00","0.38","25","0.39","10","17.70",
="086436","世紀鋼國票54購02","0","0","0","--","--","--","--"," ","0.00","0.54","25","0.55","10","171.50",
="086437","儒鴻國泰52購01","0","0","0","--","--","--","--"," ","0.00","2.37","499","2.41","100","431.50",
="086438","金像電國泰52購01","0","0","0","--","--","--","--"," ","0.00","7.05","499","--","0","455.00",
="086439","金像電國泰52購02","0","0","0","--","--","--","--"," ","0.00","7.65","499","7.75","100","455.00",
="08643P","臺股指中信53售06","0","0","0","--","--","--","--"," ","0.00","0.18","499","0.19","100","0.00",
="086440","永信國泰52購01","38,000","2","41,140","1.07","1.09","1.07","1.09","+","0.03","1.09","499","1.10","100","55.90",
="086441","和碩國泰52購01","335,000","17","344,370","1.05","1.09","1.00","1.01","+","0.02","1.01","10","1.03","10","71.10",
="086442","大成統一57購01","0","0","0","--","--","--","--"," ","0.00","0.27","10","0.28","10","52.00",
="086443","卜蜂統一57購01","32,000","1","18,880","0.59","0.59","0.59","0.59","+","0.01","0.58","10","0.59","10","134.00",
="086444","創見統一57購01","485,000","14","527,860","1.11","1.11","1.05","1.05","-","0.08","1.06","10","1.07","10","118.00",
="086445","創見統一57購02","541,000","16","454,230","0.89","0.89","0.79","0.82","-","0.08","0.80","10","0.81","10","118.00",
="086446","宏達電統一57購01","10,000","1","21,200","2.12","2.12","2.12","2.12","X","0.00","2.01","10","2.02","10","64.60",
="086447","長榮航統一55購03","0","0","0","--","--","--","--"," ","0.00","0.60","10","0.61","10","38.85",
="086448","大立光統一67購01","88,000","1","52,800","0.60","0.60","0.60","0.60","-","0.02","0.60","10","0.61","10","2,360.00",
="086449","全漢統一57購01","0","0","0","--","--","--","--"," ","0.00","0.58","10","0.59","10","54.80",
="08644P","台灣50永豐4B售04","0","0","0","--","--","--","--"," ","0.00","--","0","0.02","190","0.00",
="086450","偉訓統一5B購01","28,000","4","24,710","0.90","0.90","0.86","0.86","-","0.03","0.85","20","0.86","5","97.50",
="086451","文曄統一57購01","48,000","4","35,190","0.73","0.74","0.73","0.73","+","0.01","0.73","10","0.74","10","137.50",
="086452","文曄統一57購02","43,000","2","24,730","0.57","0.58","0.57","0.58"," ","0.00","0.57","10","0.58","10","137.50",
="086453","文曄統一57購03","164,000","5","97,520","0.59","0.60","0.58","0.58","+","0.01","0.58","10","0.59","10","137.50",
="086454","文曄統一59購01","178,000","4","133,500","0.75","0.75","0.75","0.75","-","0.01","0.74","10","0.75","10","137.50",
="086455","新日興統一57購02","256,000","7","208,210","0.82","0.82","0.76","0.76","-","0.01","0.78","10","0.79","10","237.00",
="086456","華擎統一57購02","0","0","0","--","--","--","--"," ","0.00","0.52","10","0.53","10","278.00",
="086457","華擎統一61購01","0","0","0","--","--","--","--"," ","0.00","0.65","10","0.66","10","278.00",
="086458","華擎統一61購02","0","0","0","--","--","--","--"," ","0.00","0.53","10","0.54","10","278.00",
="086459","永信統一59購01","0","0","0","--","--","--","--"," ","0.00","0.73","10","0.74","10","55.90",
="08645P","T50正2凱基51售05","0","0","0","--","--","--","--"," ","0.00","0.04","100","0.05","10","0.00",
="086460","神達統一61購01","125,000","9","130,550","1.06","1.07","1.03","1.05","+","0.04","1.05","10","1.06","10","90.00",
="086461","拓凱統一57購01","184,000","5","137,410","0.74","0.75","0.74","0.74"," ","0.00","0.73","10","0.74","10","191.50",
="086462","智伸科統一56購01","0","0","0","--","--","--","--"," ","0.00","0.87","10","0.88","10","139.50",
="086463","智伸科統一57購01","134,000","3","111,900","0.85","0.85","0.80","0.80","-","0.15","0.80","10","0.81","10","139.50",
="086464","智伸科統一57購02","0","0","0","--","--","--","--"," ","0.00","0.76","10","0.77","10","139.50",
="086465","智伸科統一61購01","0","0","0","--","--","--","--"," ","0.00","0.82","10","0.83","10","139.50",
="086466","智伸科統一61購02","0","0","0","--","--","--","--"," ","0.00","0.62","10","0.63","10","139.50",
="086467","群電統一56購01","55,000","1","23,650","0.43","0.43","0.43","0.43","-","0.02","0.42","11","0.43","10","100.00",
="086468","晶心科統一57購02","118,000","5","91,080","0.77","0.79","0.77","0.77","+","0.08","0.75","10","0.76","10","325.50",
="086469","晶心科統一57購03","40,000","1","25,200","0.63","0.63","0.63","0.63","X","0.00","0.59","10","0.60","10","325.50",
="08646P","華碩凱基4B售02","0","0","0","--","--","--","--"," ","0.00","0.17","100","0.27","10","0.00",
="086470","龍德船統一59購01","73,000","2","77,410","1.06","1.07","1.06","1.07","-","0.12","1.05","10","1.07","10","151.50",
="086471","勤誠統一57購01","428,000","14","364,630","0.85","0.86","0.81","0.82","+","0.02","0.81","10","0.82","7","600.00",
="086472","勤誠統一57購02","128,000","5","97,850","0.76","0.78","0.76","0.78","+","0.03","0.75","10","0.76","10","600.00",
="086473","東哥統一57購01","0","0","0","--","--","--","--"," ","0.00","0.69","10","0.70","10","217.00",
="086474","東哥統一57購02","0","0","0","--","--","--","--"," ","0.00","0.74","10","0.75","10","217.00",
="086475","台灣50中信55購02","60,000","2","58,900","0.98","0.99","0.98","0.99","+","0.08","1.09","499","1.10","100","0.00",
="086476","元黃金中信53購02","1,000","1","1,670","1.67","1.67","1.67","1.67","+","0.15","1.65","499","1.66","10","0.00",
="086477","臺指反中信5A購01","25,000","1","9,500","0.38","0.38","0.38","0.38","-","0.01","0.36","100","0.37","100","0.00",
="086478","卜蜂中信51購01","166,000","3","102,240","0.58","0.65","0.58","0.63","-","0.01","0.63","10","0.65","10","0.00",
="086479","創見中信51購01","164,000","12","220,760","1.43","1.43","1.26","1.34","-","0.21","1.34","1","1.35","10","0.00",
="08647P","元日2X元大53售02","0","0","0","--","--","--","--"," ","0.00","0.55","100","0.56","100","0.00",
="086480","宏達電中信51購01","20,000","1","93,800","4.69","4.69","4.69","4.69","+","0.02","4.51","10","4.78","20","0.00",
="086481","第一金中信51購01","117,000","5","53,050","0.46","0.47","0.44","0.47","+","0.01","0.45","10","0.46","10","0.00",
="086482","新日興中信51購01","258,000","5","251,880","1.01","1.08","0.90","0.90","-","0.26","0.92","10","0.98","10","0.00",
="086483","創意中信52購01","34,000","1","16,320","0.48","0.48","0.48","0.48","X","0.00","0.47","499","0.48","10","0.00",
="086484","大聯大中信52購01","0","0","0","--","--","--","--"," ","0.00","0.18","10","0.19","10","0.00",
="086485","T50反1永豐57購01","0","0","0","--","--","--","--"," ","0.00","0.13","10","0.14","10","18.29",
="086486","大成永豐51購01","0","0","0","--","--","--","--"," ","0.00","0.24","499","0.25","10","52.00",
="086487","卜蜂永豐51購01","0","0","0","--","--","--","--"," ","0.00","2.13","499","2.17","10","134.00",
="086488","儒鴻永豐51購01","21,000","3","34,850","1.65","1.67","1.65","1.65","-","0.23","0.57","17","1.59","10","431.50",
="086489","大亞永豐51購01","10,000","1","14,900","1.49","1.49","1.49","1.49","X","0.00","1.56","499","1.57","10","39.85",
="08648P","鴻海元大4B售08","0","0","0","--","--","--","--"," ","0.00","--","0","0.10","10","0.00",
="086490","宏泰永豐53購01","0","0","0","--","--","--","--"," ","0.00","2.82","499","2.85","10","36.25",
="086491","士紙永豐53購01","0","0","0","--","--","--","--"," ","0.00","1.32","499","1.35","10","53.10",
="086492","南港永豐52購01","0","0","0","--","--","--","--"," ","0.00","1.97","10","2.07","10","41.15",
="086493","廣宇永豐53購01","0","0","0","--","--","--","--"," ","0.00","7.05","10","7.15","10","54.10",
="086494","精英永豐51購01","12,000","2","11,920","0.99","1.01","0.99","1.01","+","0.04","0.34","29","--","0","21.50",
="086495","創見永豐51購01","67,000","5","69,480","1.04","1.04","0.98","0.98","-","0.16","1.03","10","1.06","10","118.00",
="086496","聯發科永豐65購01","76,000","22","265,660","3.58","3.58","3.44","3.44","-","0.21","3.42","4","3.51","10","1,375.00",
="086497","宏達電永豐51購01","0","0","0","--","--","--","--"," ","0.00","5.85","499","6.35","10","64.60",
="086498","宏達電永豐53購01","20,000","1","278,000","13.90","13.90","13.90","13.90","-","0.30","13.80","499","14.80","10","64.60",
="086499","國產永豐52購01","5,000","1","2,150","0.43","0.43","0.43","0.43","-","0.05","0.44","10","0.45","10","35.90",
="08649P","台積電元大4B售17","0","0","0","--","--","--","--"," ","0.00","--","0","0.10","10","0.00",
="086500","長榮太永豐51購01","3,000","1","15,600","5.20","5.20","5.20","5.20","-","1.05","5.25","499","5.50","10","168.50",
="086501","偉訓永豐53購01","5,000","2","17,310","3.46","3.47","3.46","3.47","-","0.11","3.29","499","3.31","10","97.50",
="086502","文曄永豐52購01","12,000","1","11,400","0.95","0.95","0.95","0.95","+","0.05","0.96","499","0.99","10","137.50",
="086503","文曄永豐53購01","117,000","9","505,010","4.24","4.36","4.24","4.27","+","0.17","4.28","499","4.38","10","137.50",
="086504","辛耘永豐54購01","114,000","4","119,200","1.03","1.07","1.03","1.04","+","0.10","1.03","10","1.04","10","388.00",
="086505","世芯永豐51購07","0","0","0","--","--","--","--"," ","0.00","1.31","499","1.32","10","3,700.00",
="086506","大聯大永豐51購01","89,000","5","74,650","0.84","0.85","0.83","0.85","+","0.01","0.83","499","0.84","10","66.10",
="086507","永信永豐51購01","0","0","0","--","--","--","--"," ","0.00","0.75","499","0.76","10","55.90",
="086508","瑞智永豐51購01","0","0","0","--","--","--","--"," ","0.00","0.46","10","0.47","10","24.15",
="086509","拓凱永豐52購01","89,000","3","110,250","1.25","1.25","1.23","1.23","-","0.03","1.23","10","1.24","10","191.50",
="08650P","亞光元大4B售02","0","0","0","--","--","--","--"," ","0.00","0.03","499","0.13","10","0.00",
="086510","智伸科永豐52購01","0","0","0","--","--","--","--"," ","0.00","1.46","499","1.47","10","139.50",
="086511","南寶永豐53購01","0","0","0","--","--","--","--"," ","0.00","9.40","499","9.90","10","416.50",
="086512","和碩永豐52購01","20,000","1","15,000","0.75","0.75","0.75","0.75","X","0.00","0.70","10","0.71","10","71.10",
="086513","精成科永豐54購01","16,000","2","599,400","38.10","38.10","36.40","36.40","-","0.50","32.60","499","33.30","10","125.50",
="086514","台郡永豐53購02","0","0","0","--","--","--","--"," ","0.00","1.44","10","1.46","10","66.80",
="086515","群電永豐51購01","0","0","0","--","--","--","--"," ","0.00","0.55","499","0.56","10","100.00",
="086516","帝寶永豐53購01","467,000","16","225,090","0.46","0.49","0.46","0.49","+","0.02","0.48","10","0.49","32","134.00",
="086517","可寧衛永豐52購01","423,000","17","504,260","1.17","1.22","1.17","1.19","+","0.05","1.18","10","1.19","10","201.00",
="086518","東哥永豐51購01","78,000","7","86,840","1.09","1.14","1.08","1.14","-","0.04","1.07","10","1.10","10","217.00",
="086519","東哥永豐52購01","0","0","0","--","--","--","--"," ","0.00","1.00","10","1.02","10","217.00",
="08651P","臺股指元大4B售20","0","0","0","--","--","--","--"," ","0.00","0.05","499","0.15","10","0.00",
="086520","統一實永豐53購01","51,000","3","71,850","1.40","1.41","1.40","1.41","X","0.00","1.40","499","1.44","10","17.70",
="086521","潤泰新永豐52購01","0","0","0","--","--","--","--"," ","0.00","1.42","499","1.44","10","29.80",
="086522","台灣50元大51購04","0","0","0","--","--","--","--"," ","0.00","4.66","100","4.68","10","58.45",
="086523","台灣50元大51購05","0","0","0","--","--","--","--"," ","0.00","5.30","400","5.55","10","58.45",
="086524","台灣50元大51購06","0","0","0","--","--","--","--"," ","0.00","6.70","300","7.00","10","58.45",
="086525","大成元大51購01","0","0","0","--","--","--","--"," ","0.00","0.14","499","0.15","10","52.00",
="086526","卜蜂元大52購01","0","0","0","--","--","--","--"," ","0.00","0.91","499","0.94","10","134.00",
="086527","儒鴻元大51購01","167,000","7","79,350","0.49","0.51","0.45","0.45","-","0.08","0.01","499","--","0","431.50",
="086528","華城元大51購11","70,000","5","101,100","1.46","1.46","1.42","1.42","-","0.15","1.45","499","1.47","10","586.00",
="086529","中砂元大51購05","3,000","3","4,350","1.41","1.53","1.41","1.53","+","0.23","1.41","499","1.45","10","339.00",
="08652P","旺宏元富4B售01","1,000","1","100","0.10","0.10","0.10","0.10"," ","0.00","0.05","25","0.10","10","0.00",
="086530","中砂元大51購06","74,000","5","127,130","1.71","1.83","1.71","1.83","+","0.23","1.71","450","1.75","10","339.00",
="086531","億泰元大51購01","100,000","4","37,400","0.39","0.39","0.36","0.39","-","0.01","0.38","499","0.39","11","34.80",
="086532","宇隆元大51購01","1,000","1","1,320","1.32","1.32","1.32","1.32","-","0.20","1.24","499","1.28","10","217.00",
="086533","台積電元大51購55","186,000","13","224,310","1.17","1.24","1.17","1.24","+","0.21","0.12","83","--","0","1,340.00",
="086534","金像電元大54購03","39,000","7","204,100","5.25","5.30","5.10","5.15","+","0.10","5.05","150","5.10","10","455.00",
="086535","台光電元大54購04","223,000","10","403,460","1.80","2.07","1.73","1.99","+","0.25","1.95","450","1.99","10","1,345.00",
="086536","聯發科元大57購02","70,000","3","128,100","1.85","1.85","1.76","1.76","-","0.15","1.71","25","1.74","10","1,375.00",
="086537","宏達電元大51購01","135,000","2","630,650","4.94","4.94","4.65","4.65","-","0.17","4.54","150","4.64","10","64.60",
="086538","宏達電元大51購02","0","0","0","--","--","--","--"," ","0.00","5.40","150","5.90","10","64.60",
="086539","宏達電元大51購03","0","0","0","--","--","--","--"," ","0.00","4.75","150","4.85","10","64.60",
="08653P","漢唐國票4C售01","0","0","0","--","--","--","--"," ","0.00","--","0","0.10","499","0.00",
="086540","豐達科元大51購01","757,000","37","274,090","0.40","0.40","0.33","0.34","-","0.07","0.34","499","0.35","10","134.50",
="086541","晟銘電元大51購02","0","0","0","--","--","--","--"," ","0.00","0.44","499","0.45","10","121.00",
="086542","奇鋐元大51購13","224,000","4","343,640","1.59","1.59","1.53","1.53","+","0.06","1.32","499","1.37","10","1,015.00",
="086543","德律元大51購05","0","0","0","--","--","--","--"," ","0.00","1.86","400","1.89","10","189.00",
="086544","文曄元大51購01","20,000","1","13,200","0.66","0.66","0.66","0.66","+","0.02","0.65","499","0.66","10","137.50",
="086545","玉晶光元大51購04","95,000","8","151,660","1.70","1.70","1.50","1.50","-","0.24","1.56","25","1.60","10","443.50",
="086546","創意元大51購06","3,000","2","1,090","0.35","0.37","0.35","0.37","+","0.06","0.36","25","0.37","10","1,315.00",
="086547","創意元大51購07","489,000","7","250,660","0.48","0.52","0.48","0.51","+","0.06","0.50","50","0.51","10","1,315.00",
="086548","聯鈞元大51購05","438,000","46","956,710","1.93","2.48","1.93","2.32","+","0.37","2.40","25","2.43","10","278.00",
="086549","華擎元大51購03","25,000","1","10,750","0.43","0.43","0.43","0.43","-","0.08","0.43","499","0.44","10","278.00",
="08654P","大立光國票4C售02","0","0","0","--","--","--","--"," ","0.00","0.37","25","0.38","10","0.00",
="086550","華擎元大51購04","0","0","0","--","--","--","--"," ","0.00","0.63","499","0.65","10","278.00",
="086551","華擎元大51購05","0","0","0","--","--","--","--"," ","0.00","1.19","499","1.22","10","278.00",
="086552","神達元大51購11","306,000","24","2,604,050","8.80","9.15","8.15","8.50","+","0.80","8.65","100","8.75","10","90.00",
="086553","神達元大51購12","4,000","1","19,880","4.97","4.97","4.97","4.97","X","0.00","4.97","150","5.05","10","90.00",
="086554","神達元大51購13","238,000","20","502,030","2.11","2.23","2.00","2.10","+","0.20","2.11","400","2.14","10","90.00",
="086555","智伸科元大51購01","6,000","1","5,940","0.99","0.99","0.99","0.99","X","0.00","0.96","499","0.98","10","139.50",
="086556","和碩元大51購01","300,000","3","44,400","0.15","0.16","0.14","0.14","+","0.01","0.13","510","0.14","10","71.10",
="086557","天鈺元大51購01","0","0","0","--","--","--","--"," ","0.00","0.19","499","0.20","10","173.50",
="086558","精成科元大51購07","0","0","0","--","--","--","--"," ","0.00","3.75","150","--","0","125.50",
="086559","和椿元大51購01","117,000","5","86,850","0.78","0.78","0.73","0.73","-","0.09","0.73","25","0.75","10","122.50",
="08655P","創意國票4C售01","0","0","0","--","--","--","--"," ","0.00","0.15","25","0.16","10","0.00",
="086560","穎崴元大51購06","11,000","2","24,890","2.25","2.39","2.25","2.39","+","0.17","2.19","350","2.50","2","2,015.00",
="086561","晶心科元大51購01","632,000","18","820,330","1.31","1.35","1.26","1.28","+","0.20","1.23","499","1.24","10","325.50",
="086562","東哥元大51購01","10,000","1","9,500","0.95","0.95","0.95","0.95","-","0.07","0.94","499","0.95","10","217.00",
="086563","東哥元大51購02","10,000","1","10,100","1.01","1.01","1.01","1.01","-","0.03","0.95","499","0.97","10","217.00",
="086564","世紀鋼元大54購02","400,000","3","220,000","0.55","0.55","0.55","0.55","X","0.00","0.50","25","0.51","10","171.50",
="086565","台灣50群益53購03","4,000","1","16,760","4.19","4.19","4.19","4.19","X","0.00","4.47","100","4.50","100","58.45",
="086566","卜蜂群益51購01","65,000","2","41,600","0.64","0.64","0.64","0.64","+","0.03","0.20","50","--","0","134.00",
="086567","宏泰群益51購01","0","0","0","--","--","--","--"," ","0.00","0.77","25","0.81","10","36.25",
="086568","億泰群益51購01","0","0","0","--","--","--","--"," ","0.00","0.61","25","0.62","10","34.80",
="086569","億泰群益51購02","200,000","2","109,000","0.52","0.57","0.52","0.57","+","0.02","0.55","25","0.56","10","34.80",
="08656P","嘉澤國票4C售01","0","0","0","--","--","--","--"," ","0.00","0.25","25","0.26","10","0.00",
="086570","第一銅群益51購01","0","0","0","--","--","--","--"," ","0.00","0.65","25","0.66","10","33.95",
="086571","台達電群益51購03","1,000","1","17,600","17.60","17.60","17.60","17.60","X","0.00","10.00","1","18.50","10","893.00",
="086572","國巨群益53購02","76,000","7","241,440","3.19","3.23","3.11","3.11","-","0.27","3.11","25","3.21","10","176.00",
="086573","仲琦群益51購01","254,000","11","261,890","1.18","1.18","0.96","0.98","+","0.04","0.99","25","1.01","10","24.35",
="086574","聯發科群益57購01","0","0","0","--","--","--","--"," ","0.00","--","0","--","0","1,375.00",
="086575","長榮群益51購03","0","0","0","--","--","--","--"," ","0.00","0.36","100","0.37","100","182.00",
="086576","陽明群益51購03","400,000","4","198,000","0.51","0.51","0.48","0.48","-","0.05","0.48","100","0.49","100","55.20",
="086577","長榮太群益51購01","0","0","0","--","--","--","--"," ","0.00","--","0","4.92","10","168.50",
="086578","豐達科群益51購01","147,000","7","102,050","0.78","0.78","0.64","0.72","-","0.08","0.30","33","1.10","1","134.50",
="086579","欣興群益51購04","25,000","2","88,750","3.55","3.55","3.55","3.55","+","0.20","3.36","100","3.43","100","159.00",
="08657P","日月光國票4C售02","0","0","0","--","--","--","--"," ","0.00","0.04","25","0.05","10","0.00",
="086580","台灣大群益51購01","66,000","1","23,760","0.36","0.36","0.36","0.36","X","0.00","0.05","30","--","0","106.00",
="086581","緯創群益51購04","282,000","23","426,810","1.49","1.61","1.42","1.42","+","0.05","0.35","10","--","0","122.50",
="086582","新日興群益51購01","154,000","13","543,410","3.58","3.68","3.21","3.21","-","0.50","1.44","34","--","0","237.00",
="086583","玉晶光群益51購01","5,000","3","5,400","1.12","1.12","1.02","1.02","-","0.10","0.26","10","--","0","443.50",
="086584","創意群益51購04","149,000","7","122,870","0.79","0.83","0.79","0.83","+","0.11","0.28","35","--","0","1,315.00",
="086585","晶睿群益53購01","0","0","0","--","--","--","--"," ","0.00","0.36","10","0.46","10","94.10",
="086586","華擎群益53購01","31,000","2","15,760","0.52","0.52","0.49","0.49","-","0.04","0.49","25","0.50","10","278.00",
="086587","世芯群益51購05","16,000","5","62,210","4.05","4.11","3.64","3.64","-","0.70","1.73","12","--","0","3,700.00",
="086588","正文群益51購01","32,000","2","33,620","1.05","1.06","1.05","1.06","+","0.07","0.98","25","0.99","10","25.35",
="086589","豐藝群益51購01","0","0","0","--","--","--","--"," ","0.00","0.16","25","0.18","10","49.25",
="08658P","富世達國票4C售01","0","0","0","--","--","--","--"," ","0.00","0.01","25","0.05","10","0.00",
="086590","和椿群益51購01","0","0","0","--","--","--","--"," ","0.00","0.56","17","1.36","10","122.50",
="086591","和椿群益52購01","62,000","2","64,840","1.07","1.07","1.02","1.02","-","0.07","0.43","23","--","0","122.50",
="086593","台郡群益51購01","40,000","2","26,200","0.70","0.70","0.64","0.64","-","0.14","0.62","25","0.66","10","66.80",
="086594","群電群益51購01","29,000","1","12,470","0.43","0.43","0.43","0.43","X","0.00","--","0","--","0","100.00",
="086595","緯穎群益51購01","0","0","0","--","--","--","--"," ","0.00","3.10","3","6.35","10","3,140.00",
="086596","東哥群益51購01","0","0","0","--","--","--","--"," ","0.00","1.19","25","1.29","10","217.00",
="086597","東哥群益51購02","36,000","3","38,030","1.01","1.06","1.01","1.05","-","0.04","0.99","25","1.01","10","217.00",
="086598","統一實群益51購01","0","0","0","--","--","--","--"," ","0.00","--","0","--","0","17.70",
="086599","潤泰新群益51購01","0","0","0","--","--","--","--"," ","0.00","0.73","10","0.83","10","29.80",
="08659P","羅昇國票4C售01","0","0","0","--","--","--","--"," ","0.00","0.22","25","0.23","10","0.00",
="086600","奇鋐中信51購02","5,000","2","18,040","3.71","3.71","3.20","3.20","-","0.40","3.12","10","3.20","10","0.00",
="086601","元黃金永豐52購01","0","0","0","--","--","--","--"," ","0.00","1.79","499","1.80","10","40.68",
="086602","華城永豐53購02","0","0","0","--","--","--","--"," ","0.00","1.04","499","1.14","10","586.00",
="086603","中工永豐53購01","0","0","0","--","--","--","--"," ","0.00","0.89","10","0.90","10","10.90",
="086604","華固永豐52購01","5,000","1","3,750","0.75","0.75","0.75","0.75","-","0.06","0.78","10","0.80","10","96.60",
="086605","零壹永豐51購01","0","0","0","--","--","--","--"," ","0.00","1.02","10","1.04","10","125.00",
="086606","創意永豐54購03","553,000","4","3,972,300","6.75","7.20","6.75","7.05","+","0.80","6.85","10","7.05","10","1,315.00",
="086607","神達永豐53購03","0","0","0","--","--","--","--"," ","0.00","6.65","499","6.80","10","90.00",
="086608","矽創永豐52購01","713,000","32","1,133,500","1.62","1.67","1.54","1.62","-","0.22","1.64","10","1.65","10","225.00",
="086609","鴻海兆豐57購01","345,000","50","1,148,180","3.25","3.38","3.25","3.34","+","0.26","3.34","10","3.35","10","221.00",
="08660P","FBNQ2X國票4B售03","0","0","0","--","--","--","--"," ","0.00","0.04","25","0.05","10","0.00",
="086610","國巨兆豐53購01","102,000","2","389,720","3.86","3.86","3.82","3.82","-","0.33","3.79","10","--","0","176.00",
="086611","聯鈞兆豐53購01","196,000","13","308,840","1.55","1.71","1.53","1.71","+","0.26","1.74","10","1.75","2","278.00",
="086612","日月光兆豐54購01","228,000","6","350,010","1.54","1.54","1.51","1.53","+","0.09","1.49","10","1.51","10","174.50",
="086613","愛普兆豐51購01","20,000","1","24,400","1.22","1.22","1.22","1.22","-","0.06","1.25","10","1.27","10","344.00",
="086614","鴻海群益51購08","32,000","14","160,190","4.99","5.10","4.95","5.00","+","0.52","5.00","25","5.05","10","221.00",
="086615","智邦群益53購02","10,000","2","13,420","1.35","1.35","1.33","1.33","+","0.05","1.32","25","1.37","10","1,005.00",
="086616","宏達電群益51購01","0","0","0","--","--","--","--"," ","0.00","--","0","--","0","64.60",
="086617","宏達電群益52購01","0","0","0","--","--","--","--"," ","0.00","--","0","--","0","64.60",
="086618","晟銘電群益52購03","0","0","0","--","--","--","--"," ","0.00","0.62","100","0.63","100","121.00",
="086619","文曄群益51購01","79,000","1","73,470","0.93","0.93","0.93","0.93","-","0.03","0.28","35","--","0","137.50",
="08661P","中砂國票4C售02","0","0","0","--","--","--","--"," ","0.00","0.12","25","0.13","10","0.00",
="086620","文曄群益52購01","124,000","3","99,200","0.79","0.83","0.79","0.83","+","0.04","0.22","45","--","0","137.50",
="086621","世芯群益51購06","163,000","7","595,310","3.97","3.97","3.58","3.60","-","0.39","1.40","7","4.00","10","3,700.00",
="086622","智伸科群益51購01","4,000","1","6,160","1.54","1.54","1.54","1.54","X","0.00","0.58","30","3.82","2","139.50",
="086623","和碩群益51購02","1,000","1","450","0.45","0.45","0.45","0.45"," ","0.00","0.45","10","0.55","10","71.10",
="086624","穎崴群益53購04","0","0","0","--","--","--","--"," ","0.00","2.37","10","--","0","2,015.00",
="086625","愛普群益51購03","0","0","0","--","--","--","--"," ","0.00","0.60","16","--","0","344.00",
="086626","勤誠群益51購03","3,000","1","5,340","1.78","1.78","1.78","1.78","+","0.16","1.64","100","1.69","100","600.00",
="086627","鴻海富邦51購06","0","0","0","--","--","--","--"," ","0.00","2.85","30","2.90","10","0.00",
="086628","鴻海富邦53購02","99,000","11","253,040","2.54","2.59","2.52","2.53","X","0.00","2.53","30","2.59","10","0.00",
="086629","欣興富邦51購01","0","0","0","--","--","--","--"," ","0.00","2.35","10","2.41","10","0.00",
="08662P","長榮國票4C售03","0","0","0","--","--","--","--"," ","0.00","0.44","25","0.45","10","0.00",
="086630","辛耘富邦52購01","63,000","4","50,740","0.80","0.81","0.77","0.81","+","0.15","0.73","30","0.74","10","0.00",
="086631","智伸科富邦53購01","0","0","0","--","--","--","--"," ","0.00","1.29","10","1.39","10","0.00",
="086632","宏達電台新51購01","0","0","0","--","--","--","--"," ","0.00","--","0","--","0","0.00",
="086633","上証2X凱基51購03","217,000","2","799,120","4.24","4.24","3.68","3.68","-","0.30","3.57","100","3.58","50","47.20",
="086634","華城凱基51購06","0","0","0","--","--","--","--"," ","0.00","2.82","100","2.92","10","586.00",
="086635","中砂凱基55購02","0","0","0","--","--","--","--"," ","0.00","1.55","100","1.56","10","339.00",
="086636","宇隆凱基51購01","5,000","1","13,500","2.70","2.70","2.70","2.70","-","0.05","2.56","5","2.59","10","217.00",
="086637","金像電凱基55購01","0","0","0","--","--","--","--"," ","0.00","3.55","100","3.65","10","455.00",
="086638","台光電凱基55購01","17,000","2","83,020","5.10","5.10","4.87","4.87","X","0.00","4.87","100","4.93","10","1,345.00",
="086639","億光凱基51購01","31,000","2","18,590","0.59","0.60","0.59","0.60","-","0.01","0.57","10","0.67","10","63.10",
="08663P","信邦國票4C售01","0","0","0","--","--","--","--"," ","0.00","0.21","25","0.22","10","0.00",
="086640","長榮凱基51購10","0","0","0","--","--","--","--"," ","0.00","0.17","499","0.18","40","182.00",
="086641","陽明凱基52購02","0","0","0","--","--","--","--"," ","0.00","0.50","100","0.51","10","55.20",
="086642","台新金凱基51購01","230,000","7","425,600","1.84","1.87","1.84","1.87","+","0.09","1.87","100","--","0","17.65",
="086643","奇鋐凱基52購01","0","0","0","--","--","--","--"," ","0.00","7.50","100","8.00","10","1,015.00",
="086644","欣興凱基52購03","17,000","1","60,520","3.56","3.56","3.56","3.56","+","0.19","3.40","100","--","0","159.00",
="086645","新日興凱基51購02","3,000","1","5,760","1.92","1.92","1.92","1.92","-","0.06","1.79","10","1.89","10","237.00",
="086646","聯鈞凱基52購05","103,000","11","325,270","2.88","3.41","2.88","3.41","+","0.54","3.49","10","3.54","10","278.00",
="086647","世芯凱基55購02","35,000","3","120,260","3.56","3.56","3.39","3.39","-","0.27","3.38","100","3.40","10","3,700.00",
="086648","神達凱基52購01","13,000","4","65,220","5.10","5.10","4.92","4.97","+","0.25","5.10","100","5.15","10","90.00",
="086649","日月光凱基51購01","88,000","9","198,360","2.35","2.35","2.18","2.25","+","0.09","2.18","100","2.22","10","174.50",
="08664P","矽創國票4C售01","60,000","1","9,000","0.15","0.15","0.15","0.15","X","0.00","0.14","25","0.15","10","0.00",
="086650","精成科凱基51購04","251,000","3","1,195,350","5.35","5.35","4.76","4.76","-","0.79","4.64","50","4.70","10","125.50",
="086651","啟碁凱基51購02","461,000","15","325,590","0.74","0.74","0.67","0.69","-","0.05","0.68","100","0.72","10","121.00",
="086652","AES凱基52購01","0","0","0","--","--","--","--"," ","0.00","1.33","2","1.34","10","1,195.00",
="086653","可寧衛凱基52購01","591,000","14","512,200","0.85","0.89","0.85","0.87","-","0.01","0.86","10","0.88","80","201.00",
="086654","億豐凱基52購01","0","0","0","--","--","--","--"," ","0.00","1.56","10","1.60","10","442.00",
="086655","東哥凱基52購01","0","0","0","--","--","--","--"," ","0.00","1.33","10","1.35","10","217.00",
="086656","東哥凱基52購02","145,000","6","190,650","1.32","1.34","1.29","1.34","-","0.12","1.25","10","1.26","10","217.00",
="086657","統一實凱基52購01","0","0","0","--","--","--","--"," ","0.00","0.53","10","0.54","10","17.70",
="086658","中砂統一57購01","0","0","0","--","--","--","--"," ","0.00","0.58","10","0.59","10","339.00",
="086659","喬山統一54購02","202,000","7","130,300","0.61","0.67","0.58","0.58","-","0.04","0.56","10","0.57","10","167.00",
="08665P","大立光群益53售01","0","0","0","--","--","--","--"," ","0.00","0.35","10","0.45","10","0.00",
="086660","台積電統一67購01","0","0","0","--","--","--","--"," ","0.00","0.87","10","0.88","10","1,340.00",
="086661","智邦統一55購02","0","0","0","--","--","--","--"," ","0.00","1.38","10","1.42","10","1,005.00",
="086662","鴻準統一57購02","51,000","5","39,400","0.78","0.78","0.75","0.75"," ","0.00","0.74","11","0.75","4","70.70",
="086663","宏達電統一57購02","0","0","0","--","--","--","--"," ","0.00","2.18","10","2.19","10","64.60",
="086664","長榮航統一57購01","1,000","1","560","0.56","0.56","0.56","0.56","+","0.01","0.55","10","0.56","10","38.85",
="086665","奇鋐統一57購01","1,082,000","28","1,295,310","1.22","1.25","1.08","1.08","-","0.01","1.08","20","1.09","10","1,015.00",
="086666","偉訓統一55購01","184,000","5","166,910","0.93","0.93","0.87","0.87","-","0.04","0.86","10","0.87","10","97.50",
="086667","文曄統一55購01","84,000","3","54,960","0.66","0.66","0.65","0.65","+","0.02","0.65","10","0.66","160","137.50",
="086668","新日興統一57購03","87,000","3","75,690","0.87","0.87","0.87","0.87","+","0.01","0.83","10","0.84","10","237.00",
="086669","華擎統一57購03","0","0","0","--","--","--","--"," ","0.00","0.45","10","0.46","10","278.00",
="08666P","光聖群益4B售01","0","0","0","--","--","--","--"," ","0.00","--","0","0.29","10","0.00",
="086670","世芯統一55購03","24,000","2","23,600","1.00","1.00","0.92","0.92","-","0.11","0.92","10","0.93","10","3,700.00",
="086671","世芯統一58購03","201,000","11","176,330","0.91","0.91","0.85","0.85","-","0.05","0.84","20","0.85","10","3,700.00",
="086672","神達統一57購01","0","0","0","--","--","--","--"," ","0.00","1.23","10","1.24","10","90.00",
="086673","智伸科統一55購01","80,000","1","73,600","0.92","0.92","0.92","0.92","-","0.17","0.92","10","0.93","10","139.50",
="086674","精成科統一55購03","20,000","1","34,000","1.70","1.70","1.70","1.70","-","0.08","1.62","10","1.65","10","125.50",
="086675","台郡統一57購01","0","0","0","--","--","--","--"," ","0.00","0.69","10","0.71","10","66.80",
="086676","矽力統一57購01","0","0","0","--","--","--","--"," ","0.00","0.28","10","0.29","10","273.00",
="086677","晶心科統一55購03","240,000","10","219,750","0.89","0.94","0.89","0.91","+","0.06","0.89","10","0.90","10","325.50",
="086678","緯穎統一58購01","5,000","1","5,150","1.03","1.03","1.03","1.03","-","0.01","1.03","10","1.04","10","3,140.00",
="086679","至上統一57購01","234,000","9","129,060","0.56","0.56","0.54","0.55","-","0.04","0.54","12","0.55","10","45.05",
="08667P","元日2X凱基52售01","0","0","0","--","--","--","--"," ","0.00","0.83","10","0.84","50","0.00",
="086680","勤誠統一54購02","515,000","20","619,120","1.18","1.23","1.17","1.17","+","0.02","1.16","10","1.17","10","600.00",
="086681","東哥統一56購01","47,000","1","31,020","0.66","0.66","0.66","0.66","-","0.02","0.64","10","0.65","10","217.00",
="086682","潤泰新統一57購01","26,000","6","13,770","0.53","0.53","0.52","0.52"," ","0.00","0.52","10","0.53","10","29.80",
="086683","台灣50元富51購01","0","0","0","--","--","--","--"," ","0.00","12.20","25","12.30","25","58.45",
="086684","台灣50元富51購02","0","0","0","--","--","--","--"," ","0.00","11.30","25","11.40","10","58.45",
="086685","聚陽元富51購01","0","0","0","--","--","--","--"," ","0.00","--","0","--","0","294.00",
="086686","富邦金元富51購01","68,000","5","131,110","1.87","1.96","1.87","1.96","+","0.02","1.87","25","1.97","10","88.40",
="086687","聯鈞元富54購01","611,000","13","1,614,930","2.47","2.96","2.47","2.91","+","0.51","1.15","8","--","0","278.00",
="086688","華擎元富51購01","0","0","0","--","--","--","--"," ","0.00","0.75","25","0.77","25","278.00",
="086689","世芯元富51購09","8,000","5","58,450","7.30","7.40","7.05","7.05","-","0.45","6.70","25","6.75","25","3,700.00",
="08668P","川湖凱基4B售03","0","0","0","--","--","--","--"," ","0.00","--","0","0.04","12","0.00",
="086690","神達元富52購01","15,000","5","88,800","5.75","6.10","5.70","6.10","+","0.65","5.75","25","5.85","25","90.00",
="086691","精成科元富51購02","0","0","0","--","--","--","--"," ","0.00","2.98","25","3.05","25","125.50",
="086692","精成科元富57購01","0","0","0","--","--","--","--"," ","0.00","4.52","25","--","0","125.50",
="086693","緯穎元富51購06","10,000","8","109,200","10.80","11.30","10.80","11.30"," ","0.00","11.20","25","11.30","25","3,140.00",
="086694","東哥元富51購01","5,000","1","8,200","1.64","1.64","1.64","1.64","-","0.11","1.52","25","1.53","25","217.00",
="086695","儒鴻國票51購01","63,000","8","130,820","2.11","2.11","2.03","2.04","-","0.25","2.00","25","2.04","10","431.50",
="086696","聚陽國票52購02","2,000","1","4,240","2.12","2.12","2.12","2.12","+","0.01","2.12","25","2.15","10","294.00",
="086697","士紙國票51購01","0","0","0","--","--","--","--"," ","0.00","0.78","25","0.80","10","53.10",
="086698","佳能國票52購02","0","0","0","--","--","--","--"," ","0.00","--","0","--","0","88.80",
="086699","仲琦國票51購01","10,000","1","10,500","1.05","1.05","1.05","1.05","+","0.08","1.04","25","1.05","10","24.35",
="08669P","台積電凱基51售11","0","0","0","--","--","--","--"," ","0.00","0.10","100","0.20","10","0.00",
="086700","宏達電國票51購02","0","0","0","--","--","--","--"," ","0.00","11.80","25","12.80","10","64.60",
="086701","宏達電國票52購01","0","0","0","--","--","--","--"," ","0.00","11.50","25","11.70","10","64.60",
="086702","宏達電國票53購01","0","0","0","--","--","--","--"," ","0.00","11.40","25","11.60","10","64.60",
="086703","長榮國票55購01","0","0","0","--","--","--","--"," ","0.00","0.46","25","0.47","10","182.00",
="086704","智原國票53購01","0","0","0","--","--","--","--"," ","0.00","0.41","25","0.42","10","174.00",
="086705","永信國票52購01","0","0","0","--","--","--","--"," ","0.00","0.54","25","0.55","10","55.90",
="086706","和椿國票51購01","0","0","0","--","--","--","--"," ","0.00","1.82","25","1.88","10","122.50",
="086707","和椿國票51購02","0","0","0","--","--","--","--"," ","0.00","1.92","25","1.97","10","122.50",
="086708","和椿國票52購02","86,000","8","146,850","1.79","1.79","1.67","1.72","-","0.15","1.70","25","1.72","10","122.50",
="086709","和椿國票53購01","110,000","5","164,180","1.48","1.51","1.44","1.44","-","0.11","1.42","25","1.43","10","122.50",
="08670P","萬海凱基4B售02","0","0","0","--","--","--","--"," ","0.00","0.79","100","0.80","10","0.00",
="086710","東哥國票51購03","0","0","0","--","--","--","--"," ","0.00","1.78","25","1.79","10","217.00",
="086711","東哥國票53購01","0","0","0","--","--","--","--"," ","0.00","2.10","25","2.11","10","217.00",
="086712","東哥國票54購01","0","0","0","--","--","--","--"," ","0.00","2.13","25","2.14","10","217.00",
="086713","東哥國票55購01","0","0","0","--","--","--","--"," ","0.00","2.06","25","2.07","10","217.00",
="086714","元黃金國泰52購01","100,000","10","377,500","3.78","3.78","3.77","3.77","+","0.35","3.83","499","3.84","100","40.68",
="086715","台泥國泰52購01","363,000","13","280,540","0.78","0.79","0.73","0.79","-","0.21","0.21","47","1.05","50","23.75",
="086716","士電國泰52購01","5,000","1","35,000","7.00","7.00","7.00","7.00","X","0.00","7.25","499","7.30","100","183.00",
="086717","台積電國泰52購02","0","0","0","--","--","--","--"," ","0.00","0.53","37","--","0","1,340.00",
="086718","智原國泰52購01","69,000","6","51,020","0.75","0.83","0.70","0.73","+","0.08","0.68","499","0.69","499","174.00",
="086719","鴻海元富49購01","1,000","1","2,600","2.60","2.60","2.60","2.60","X","0.00","2.50","25","2.60","25","221.00",
="08671P","世芯凱基51售05","50,000","2","5,000","0.10","0.10","0.10","0.10","+","0.01","0.10","200","0.12","50","0.00",
="086720","精成科國泰52購01","0","0","0","--","--","--","--"," ","0.00","4.84","499","4.90","10","125.50",
="086721","緯穎國泰52購02","7,000","1","28,420","4.06","4.06","4.06","4.06","X","0.00","3.98","10","4.01","10","3,140.00",
="086722","T50反1元大51購04","0","0","0","--","--","--","--"," ","0.00","0.15","499","0.16","10","18.29",
="086723","T50反1元大53購02","0","0","0","--","--","--","--"," ","0.00","0.12","100","0.13","10","18.29",
="086724","元石油元大52購01","7,000","2","4,970","0.71","0.71","0.71","0.71","-","0.05","0.70","250","0.71","97","16.00",
="086725","臺指反元大52購02","0","0","0","--","--","--","--"," ","0.00","0.03","499","0.08","10","2.96",
="086726","臺指反元大55購01","0","0","0","--","--","--","--"," ","0.00","0.08","100","0.09","10","2.96",
="086727","元金2X元大51購02","6,000","2","7,330","1.23","1.23","1.22","1.22","X","0.00","1.21","100","1.26","10","70.40",
="086728","士電元大52購01","15,000","1","15,300","1.02","1.02","1.02","1.02","X","0.00","1.02","484","1.04","10","183.00",
="086729","中砂元大51購07","89,000","4","166,390","1.78","1.94","1.78","1.89","+","0.16","1.81","450","1.85","10","339.00",
="08672P","台積電元富4B售12","0","0","0","--","--","--","--"," ","0.00","--","0","--","0","0.00",
="086730","光寶科元大51購01","0","0","0","--","--","--","--"," ","0.00","3.54","200","--","0","183.00",
="086731","台達電元大51購02","0","0","0","--","--","--","--"," ","0.00","28.40","50","--","0","893.00",
="086732","台達電元大51購03","0","0","0","--","--","--","--"," ","0.00","26.80","50","--","0","893.00",
="086733","鴻海元大51購17","0","0","0","--","--","--","--"," ","0.00","2.64","300","2.66","10","221.00",
="086734","台積電元大52購09","1,000","1","1,570","1.57","1.57","1.57","1.57","X","0.00","0.11","9","--","0","1,340.00",
="086735","智邦元大55購01","0","0","0","--","--","--","--"," ","0.00","1.45","13","--","0","1,005.00",
="086736","技嘉元大52購01","104,000","11","347,340","3.34","3.34","3.32","3.34","+","0.03","3.30","3","3.32","10","283.00",
="086737","台光電元大55購02","389,000","11","672,710","1.68","1.90","1.62","1.83","+","0.13","1.81","450","1.85","10","1,345.00",
="086738","漢唐元大51購04","0","0","0","--","--","--","--"," ","0.00","4.25","200","4.35","10","987.00",
="086739","友達元大52購01","801,000","21","561,880","0.64","0.75","0.62","0.70","+","0.09","0.69","499","0.70","10","13.70",
="08673P","台灣50中信55售01","100,000","2","39,500","0.40","0.40","0.39","0.39","-","0.04","0.38","499","0.39","100","0.00",
="086740","長榮元大51購23","0","0","0","--","--","--","--"," ","0.00","0.41","499","0.42","10","182.00",
="086741","萬海元大52購02","4,000","1","1,880","0.47","0.47","0.47","0.47","-","0.05","0.45","499","0.46","10","77.90",
="086742","神基元大51購01","15,000","6","44,540","3.06","3.06","2.90","2.90","+","0.01","2.85","25","2.92","10","163.50",
="086743","晟銘電元大51購03","0","0","0","--","--","--","--"," ","0.00","0.23","499","0.24","10","121.00",
="086744","晟銘電元大51購04","261,000","4","95,820","0.38","0.38","0.34","0.34","-","0.05","0.34","499","0.35","10","121.00",
="086745","奇鋐元大51購14","35,000","2","121,650","3.52","3.52","3.21","3.21","X","0.00","3.14","250","3.23","10","1,015.00",
="086746","亞光元大55購01","17,000","1","28,900","1.70","1.70","1.70","1.70","-","0.02","1.60","450","1.62","10","161.50",
="086747","健鼎元大51購01","28,000","4","61,980","2.20","2.22","2.17","2.22","+","0.15","2.18","350","2.22","10","309.50",
="086748","健鼎元大51購02","0","0","0","--","--","--","--"," ","0.00","2.84","250","2.92","10","309.50",
="086749","緯創元大52購03","0","0","0","--","--","--","--"," ","0.00","0.97","499","0.99","10","122.50",
="08674P","臺股指中信53售08","0","0","0","--","--","--","--"," ","0.00","0.07","499","0.08","100","0.00",
="086750","新日興元大52購01","38,000","3","64,820","1.67","1.74","1.67","1.74","+","0.01","0.42","23","--","0","237.00",
="086751","玉晶光元大51購05","359,000","20","252,960","0.78","0.78","0.68","0.73","-","0.01","0.71","25","0.73","7","443.50",
="086752","創意元大51購09","179,000","2","69,660","0.36","0.39","0.36","0.39","+","0.05","0.38","25","0.39","10","1,315.00",
="086753","創意元大52購01","227,000","7","93,480","0.40","0.43","0.40","0.43","+","0.03","0.42","25","0.43","10","1,315.00",
="086754","聯鈞元大51購06","259,000","21","606,800","2.10","2.48","2.10","2.48","+","0.33","2.52","25","2.56","10","278.00",
="086755","牧德元大51購03","335,000","8","182,870","0.59","0.59","0.53","0.55","-","0.04","0.53","25","0.54","10","544.00",
="086756","宏致元大51購01","20,000","1","64,000","3.20","3.20","3.20","3.20","+","0.05","2.93","250","2.94","10","73.30",
="086757","達邁元大51購01","370,000","27","914,630","2.26","2.58","2.26","2.28","+","0.03","2.25","350","2.26","10","73.10",
="086758","世芯元大52購08","41,000","5","128,110","3.22","3.22","2.91","2.91","-","0.42","0.33","30","--","0","3,700.00",
="086759","日月光元大51購02","0","0","0","--","--","--","--"," ","0.00","1.11","499","1.14","10","174.50",
="08675P","川湖元大4B售04","0","0","0","--","--","--","--"," ","0.00","--","0","0.10","10","0.00",
="086760","精銳元大51購03","225,000","1","83,250","0.37","0.37","0.37","0.37","X","0.00","0.35","499","0.36","10","695.00",
="086761","邁達特元大51購01","15,000","1","10,350","0.69","0.69","0.69","0.69","X","0.00","0.59","499","0.61","10","51.40",
="086762","邁達特元大51購02","96,000","7","99,630","1.06","1.06","1.01","1.01","-","0.02","1.00","10","1.01","10","51.40",
="086763","精成科元大52購01","0","0","0","--","--","--","--"," ","0.00","5.45","100","--","0","125.50",
="086764","帆宣元大51購01","0","0","0","--","--","--","--"," ","0.00","2.64","250","2.74","10","255.00",
="086765","愛普元大51購02","37,000","4","48,170","1.29","1.38","1.25","1.37","-","0.06","1.18","19","--","0","344.00",
="086766","緯穎元大55購01","43,000","3","58,470","1.35","1.39","1.35","1.38","+","0.02","1.35","499","1.36","10","3,140.00",
="086767","洋基元大51購01","0","0","0","--","--","--","--"," ","0.00","2.40","350","2.44","10","449.00",
="086768","勤誠元大51購02","113,000","8","218,270","1.92","2.05","1.86","2.04","+","0.16","1.89","400","1.93","10","600.00",
="086769","東哥元大51購03","85,000","5","65,300","0.78","0.78","0.73","0.75","-","0.05","0.74","499","0.75","10","217.00",
="08676P","鴻海元大4B售09","0","0","0","--","--","--","--"," ","0.00","--","0","0.10","10","0.00",
="086770","世紀鋼元大51購04","0","0","0","--","--","--","--"," ","0.00","0.17","499","0.18","10","171.50",
="086771","台灣50永豐53購04","4,000","1","12,560","3.14","3.14","3.14","3.14","+","0.37","3.27","499","3.29","10","58.45",
="086772","台達電永豐53購01","0","0","0","--","--","--","--"," ","0.00","8.65","499","9.15","10","893.00",
="086773","智邦永豐52購02","73,000","3","219,650","2.97","3.07","2.97","2.99","+","0.05","2.99","10","3.07","10","1,005.00",
="086774","智邦永豐52購03","11,000","2","253,400","22.90","24.40","22.90","24.40","+","1.40","22.90","499","23.90","10","1,005.00",
="086775","聯強永豐51購01","14,000","3","9,360","0.67","0.68","0.66","0.66"," ","0.00","0.64","10","0.65","10","62.20",
="086776","台光電永豐54購01","53,000","5","103,190","1.93","2.04","1.91","1.96","X","0.00","1.87","10","1.91","10","1,345.00",
="086777","美律永豐53購01","2,000","2","15,100","7.55","7.55","7.55","7.55","+","0.55","7.70","499","7.90","10","104.00",
="086778","志聖永豐51購01","2,000","2","3,340","1.73","1.73","1.61","1.61","+","0.18","1.46","10","1.56","10","197.00",
="086779","奇鋐永豐51購04","43,000","5","167,630","4.26","4.26","3.65","3.65","-","0.08","3.57","10","3.67","10","1,015.00",
="08677P","台積電元大4C售17","0","0","0","--","--","--","--"," ","0.00","0.02","499","0.11","10","0.00",
="086780","欣興永豐51購03","352,000","17","459,720","1.26","1.38","1.21","1.21","+","0.05","1.17","10","1.18","10","159.00",
="086781","碩天永豐51購01","55,000","2","18,700","0.34","0.34","0.34","0.34","-","0.01","0.36","499","0.37","10","217.00",
="086782","定穎控永豐53購01","0","0","0","--","--","--","--"," ","0.00","6.20","499","6.35","10","90.10",
="086783","亞翔永豐53購01","20,000","1","49,600","2.48","2.48","2.48","2.48","X","0.00","2.38","10","2.40","10","358.50",
="086784","穎崴永豐51購03","6,000","6","23,440","3.95","4.25","3.66","3.85","-","0.08","3.88","10","3.95","10","2,015.00",
="086785","力積電永豐52購01","164,000","10","389,490","1.94","2.53","1.94","2.53","+","0.82","2.45","150","2.69","100","23.45",
="086786","昇陽半永豐52購02","528,000","19","939,670","1.79","1.88","1.65","1.65","-","0.09","1.63","10","1.65","10","179.50",
="086787","台虹永豐52購01","0","0","0","--","--","--","--"," ","0.00","4.36","10","4.46","10","63.30",
="086788","南電永豐53購01","0","0","0","--","--","--","--"," ","0.00","5.35","499","5.45","10","234.50",
="086789","世紀鋼永豐53購05","0","0","0","--","--","--","--"," ","0.00","0.27","499","0.28","10","171.50",
="08678P","聯發科元大4B售10","0","0","0","--","--","--","--"," ","0.00","0.30","25","0.31","10","0.00",
="086790","世芯第一57購02","21,000","2","50,480","2.41","2.41","2.28","2.28","-","0.23","2.28","10","2.29","10","0.00",
="086791","T50反1凱基54購04","0","0","0","--","--","--","--"," ","0.00","0.38","100","0.39","10","18.29",
="086792","士電凱基54購01","0","0","0","--","--","--","--"," ","0.00","1.22","10","1.24","10","183.00",
="086793","美時凱基52購01","80,000","7","32,800","0.41","0.43","0.40","0.43","+","0.03","0.41","100","0.42","10","192.00",
="086794","台達電凱基51購02","0","0","0","--","--","--","--"," ","0.00","29.50","100","30.50","10","893.00",
="086795","鴻海凱基52購03","0","0","0","--","--","--","--"," ","0.00","5.10","20","5.60","10","221.00",
="086796","智邦凱基55購01","15,000","2","57,270","3.77","3.83","3.77","3.83","+","0.07","3.77","100","3.83","10","1,005.00",
="086797","聯強凱基51購01","0","0","0","--","--","--","--"," ","0.00","0.83","10","0.84","10","62.20",
="086798","微星凱基54購01","10,000","1","3,000","0.30","0.30","0.30","0.30","X","0.00","0.29","100","0.30","10","119.50",
="086799","友達凱基51購02","158,000","13","176,330","1.14","1.23","1.06","1.23","+","0.16","1.14","100","1.16","10","13.70",
="08679P","萬海元大4B售03","0","0","0","--","--","--","--"," ","0.00","0.51","499","0.52","200","0.00",
="086800","創見凱基52購01","162,000","18","180,650","1.12","1.14","1.08","1.14","-","0.18","1.11","100","1.14","10","118.00",
="086801","台積電凱基4C購01","0","0","0","--","--","--","--"," ","0.00","7.60","14","8.10","10","1,340.00",
="086802","長榮航凱基51購03","0","0","0","--","--","--","--"," ","0.00","0.64","10","0.65","10","38.85",
="086803","元大金凱基51購01","13,000","2","35,260","2.68","2.74","2.68","2.74","+","0.04","2.70","10","2.73","10","35.10",
="086804","亞光凱基56購01","249,000","9","435,110","1.81","1.81","1.74","1.74","-","0.13","0.87","57","2.15","2","161.50",
="086805","文曄凱基52購01","49,000","3","29,890","0.61","0.61","0.61","0.61","+","0.03","0.61","100","0.62","10","137.50",
="086806","新日興凱基54購02","73,000","5","138,450","1.92","1.96","1.77","1.77","-","0.25","1.80","10","1.90","10","237.00",
="086807","世芯凱基52購06","30,000","1","79,200","2.64","2.64","2.64","2.64","-","0.27","2.61","100","2.64","10","3,700.00",
="086808","緯穎凱基51購09","24,000","10","87,340","3.53","3.68","3.53","3.67","+","0.02","3.67","100","3.70","10","3,140.00",
="086809","洋基凱基51購02","17,000","6","49,280","2.82","3.04","2.80","3.01","+","0.38","2.86","10","2.89","10","449.00",
="08680P","世芯元大4B售06","0","0","0","--","--","--","--"," ","0.00","--","0","0.10","10","0.00",
="086810","力積電凱基51購01","25,000","7","75,160","2.53","3.36","2.53","3.36","+","1.25","3.41","31","3.60","10","23.45",
="086811","來億凱基51購01","0","0","0","--","--","--","--"," ","0.00","0.20","10","0.21","50","224.00",
="086812","南電凱基51購02","0","0","0","--","--","--","--"," ","0.00","9.20","100","--","0","234.50",
="086813","鈺齊凱基51購01","0","0","0","--","--","--","--"," ","0.00","0.22","499","0.23","50","101.50",
="086814","潤泰新凱基51購01","23,000","2","25,040","1.09","1.09","1.08","1.08","-","0.02","1.06","100","1.09","10","29.80",
="086815","楠梓電元富51購02","0","0","0","--","--","--","--"," ","0.00","--","0","--","0","103.50",
="086816","智邦元富51購03","0","0","0","--","--","--","--"," ","0.00","3.76","25","3.86","25","1,005.00",
="086817","志聖元富51購01","17,000","3","27,040","1.52","1.73","1.46","1.46","X","0.00","1.42","25","--","0","197.00",
="086818","欣興元富52購03","194,000","12","1,094,550","6.00","6.00","5.35","5.35","+","0.10","5.30","25","5.35","25","159.00",
="086819","世芯元富51購10","0","0","0","--","--","--","--"," ","0.00","1.60","25","1.61","25","3,700.00",
="08681P","元債2X永豐52售01","0","0","0","--","--","--","--"," ","0.00","0.49","10","0.50","10","0.00",
="086820","世芯元富58購02","0","0","0","--","--","--","--"," ","0.00","2.12","25","2.13","25","3,700.00",
="086821","神達元富51購04","167,000","5","459,250","2.75","2.75","2.75","2.75","X","0.00","2.79","25","2.89","25","90.00",
="086822","神達元富52購02","4,000","3","10,820","2.77","2.77","2.65","2.70","+","0.12","2.77","25","2.79","25","90.00",
="086823","神達元富52購03","490,000","47","3,751,900","7.60","8.15","7.20","7.55","+","0.50","7.60","25","7.65","25","90.00",
="086824","亞翔元富54購01","22,000","3","54,620","2.46","2.51","2.46","2.51","+","0.01","2.44","25","2.45","25","358.50",
="086825","台表科元富51購01","107,000","6","101,070","0.95","0.95","0.93","0.93","-","0.02","0.91","25","0.93","25","107.00",
="086826","台表科元富51購02","0","0","0","--","--","--","--"," ","0.00","0.64","25","0.74","10","107.00",
="086827","台表科元富54購01","0","0","0","--","--","--","--"," ","0.00","0.76","25","0.78","25","107.00",
="086828","緯穎元富58購01","6,000","1","18,300","3.05","3.05","3.05","3.05","-","0.15","3.00","25","3.01","25","3,140.00",
="086829","力積電元富51購01","535,000","13","2,502,300","4.34","5.20","4.34","5.20","+","1.82","5.20","35","--","0","23.45",
="08682P","精銳永豐52售02","0","0","0","--","--","--","--"," ","0.00","0.66","499","0.67","10","0.00",
="086830","勤誠元富51購05","0","0","0","--","--","--","--"," ","0.00","2.36","25","2.46","25","600.00",
="086831","鈺齊元富51購01","0","0","0","--","--","--","--"," ","0.00","0.46","25","0.47","25","101.50",
="086832","臺股指元富51購14","0","0","0","--","--","--","--"," ","0.00","5.05","25","5.10","25","0.00",
="086833","南港國票51購01","431,000","9","467,490","1.10","1.15","1.02","1.15","+","0.01","1.16","25","1.17","10","41.15",
="086834","偉詮電國票52購02","75,000","21","135,370","1.73","1.93","1.73","1.81","-","0.05","1.80","25","1.81","10","56.00",
="086835","創見國票52購01","85,000","9","67,850","0.83","0.83","0.78","0.83","-","0.11","0.81","25","0.82","10","118.00",
="086836","國產國票51購01","0","0","0","--","--","--","--"," ","0.00","0.81","25","0.83","10","35.90",
="086837","元大金國票52購01","0","0","0","--","--","--","--"," ","0.00","1.58","25","1.61","10","35.10",
="086839","碩天國票52購02","0","0","0","--","--","--","--"," ","0.00","0.52","25","0.53","10","217.00",
="08683P","FBNQ2X凱基4C售04","0","0","0","--","--","--","--"," ","0.00","0.02","10","0.12","10","0.00",
="086843","美時統一49購01","0","0","0","--","--","--","--"," ","0.00","--","0","0.01","10","192.00",
="086844","貿聯國票52購01","0","0","0","--","--","--","--"," ","0.00","4.46","25","4.56","10","1,085.00",
="086845","來億國票53購01","0","0","0","--","--","--","--"," ","0.00","0.37","25","0.38","10","224.00",
="086846","南電國票57購01","25,000","1","140,000","5.60","5.60","5.60","5.60","X","0.00","5.25","25","5.70","10","234.50",
="086847","菱光國票51購01","93,000","7","261,120","2.60","2.90","2.54","2.90","+","0.47","2.83","25","2.86","10","60.90",
="086848","菱光國票52購01","0","0","0","--","--","--","--"," ","0.00","2.78","25","2.79","10","60.90",
="08684P","中砂凱基4B售03","0","0","0","--","--","--","--"," ","0.00","0.08","100","0.10","10","0.00",
="086850","宏全國票52購01","0","0","0","--","--","--","--"," ","0.00","0.17","25","0.18","10","129.00",
="086851","台積電統一49購05","0","0","0","--","--","--","--"," ","0.00","3.46","10","3.47","10","1,340.00",
="086852","滬深2X國泰52購01","0","0","0","--","--","--","--"," ","0.00","3.19","499","3.23","10","19.04",
="086853","元債2X國泰52購01","0","0","0","--","--","--","--"," ","0.00","0.63","499","0.64","100","7.35",
="086854","台光電國泰52購04","10,000","1","33,400","3.34","3.34","3.34","3.34","X","0.00","3.32","499","3.38","100","1,345.00",
="086855","南亞科國泰52購03","0","0","0","--","--","--","--"," ","0.00","7.95","25","--","0","81.00",
="086856","長榮航國泰52購02","22,000","1","25,080","1.14","1.14","1.14","1.14","X","0.00","1.13","499","1.14","499","38.85",
="086858","大同統一49購02","0","0","0","--","--","--","--"," ","0.00","--","0","0.01","10","39.85",
="086859","貿聯國泰52購01","0","0","0","--","--","--","--"," ","0.00","3.27","10","--","0","1,085.00",
="08685P","上銀凱基4B售07","0","0","0","--","--","--","--"," ","0.00","0.02","10","0.04","10","0.00",
="086860","穎崴國泰52購01","0","0","0","--","--","--","--"," ","0.00","6.15","499","--","0","2,015.00",
="086861","愛普國泰52購01","52,000","2","109,840","2.17","2.17","2.07","2.07","-","0.10","2.17","10","2.18","10","344.00",
="086862","南港兆豐57購01","11,000","3","13,050","1.14","1.23","1.14","1.23","-","0.01","1.20","10","1.22","10","41.15",
="086863","智邦兆豐53購03","151,000","5","289,200","1.89","1.92","1.89","1.92","+","0.13","1.85","10","1.89","10","1,005.00",
="086864","長榮航兆豐54購01","77,000","3","69,300","0.90","0.90","0.90","0.90"," ","0.00","0.90","10","0.91","10","38.85",
="086865","德律兆豐54購01","312,000","20","618,350","1.93","2.09","1.88","1.88","-","0.13","1.89","10","1.90","10","189.00",
="086867","上証2X群益52購03","17,000","3","37,030","2.13","2.20","2.13","2.19","X","0.00","1.80","10","--","0","47.20",
="086868","大成群益51購01","0","0","0","--","--","--","--"," ","0.00","0.13","100","0.16","100","52.00",
="086869","大成群益51購02","0","0","0","--","--","--","--"," ","0.00","0.10","100","0.13","100","52.00",
="08686P","台積電凱基51售12","0","0","0","--","--","--","--"," ","0.00","0.02","100","0.12","10","0.00",
="086870","華城群益51購02","3,000","1","4,170","1.39","1.39","1.39","1.39","X","0.00","0.32","22","--","0","586.00",
="086874","台達電群益51購04","0","0","0","--","--","--","--"," ","0.00","--","0","--","0","893.00",
="086875","台達電群益51購05","0","0","0","--","--","--","--"," ","0.00","--","0","30.70","10","893.00",
="086876","楠梓電群益51購01","0","0","0","--","--","--","--"," ","0.00","--","0","14.70","10","103.50",
="086877","國巨群益53購03","0","0","0","--","--","--","--"," ","0.00","1.89","10","7.70","10","176.00",
="086878","台積電群益57購01","0","0","0","--","--","--","--"," ","0.00","9.75","1","--","0","1,340.00",
="086879","台光電群益51購06","37,000","3","118,180","3.19","3.24","3.19","3.19","X","0.00","0.72","10","3.91","10","1,345.00",
="08687P","大立光凱基51售03","0","0","0","--","--","--","--"," ","0.00","0.12","10","0.13","50","0.00",
="086881","奇鋐群益54購10","790,000","23","1,234,810","1.81","1.81","1.54","1.54","-","0.03","1.50","6","1.76","16","1,015.00",
="086882","德律群益51購01","136,000","7","283,390","2.19","2.19","2.02","2.08","-","0.04","2.07","10","2.17","10","189.00",
="086883","欣興群益52購02","488,000","25","1,732,540","3.48","3.79","3.32","3.32","+","0.06","3.30","100","3.34","100","159.00",
="086884","緯創群益51購05","52,000","5","285,850","5.35","5.85","5.20","5.20","+","0.20","1.16","8","7.00","2","122.50",
="086885","新日興群益51購02","51,000","7","200,750","3.99","4.10","3.63","3.63","-","0.22","1.61","31","--","0","237.00",
="086886","神達群益51購01","0","0","0","--","--","--","--"," ","0.00","4.19","10","4.31","10","90.00",
="086887","定穎控群益52購01","0","0","0","--","--","--","--"," ","0.00","--","0","--","0","90.10",
="086888","臻鼎群益52購01","0","0","0","--","--","--","--"," ","0.00","--","0","3.43","10","171.50",
="086889","邁達特群益51購01","0","0","0","--","--","--","--"," ","0.00","0.12","5","--","0","51.40",
="08688P","台灣50元富4B售01","0","0","0","--","--","--","--"," ","0.00","--","0","0.10","25","0.00",
="086890","至上群益51購01","266,000","15","229,860","0.86","0.90","0.82","0.82","-","0.22","0.83","16","1.00","1","45.05",
="086891","台達電台新51購01","0","0","0","--","--","--","--"," ","0.00","59.00","10","--","0","0.00",
="086892","技嘉台新51購01","40,000","3","47,600","1.19","1.19","1.19","1.19","X","0.00","1.17","20","1.18","10","0.00",
="086893","文曄台新51購01","24,000","3","33,560","1.39","1.43","1.39","1.43","+","0.22","1.45","20","1.46","10","0.00",
="086894","中砂統一61購01","15,000","3","8,600","0.58","0.58","0.57","0.58","+","0.03","0.56","10","0.57","10","339.00",
="086895","台積電統一67購02","24,000","2","20,880","0.87","0.87","0.87","0.87","X","0.00","0.88","10","0.89","10","1,340.00",
="086896","華碩統一56購01","235,000","7","155,850","0.66","0.68","0.66","0.68","+","0.02","0.66","10","0.67","10","684.00",
="086897","華碩統一57購02","44,000","2","29,700","0.67","0.68","0.67","0.68","+","0.05","0.67","10","0.68","10","684.00",
="086898","致茂統一57購01","798,000","22","1,143,160","1.42","1.48","1.40","1.42","+","0.08","1.40","10","1.41","10","614.00",
="086899","金像電統一5B購01","187,000","12","322,350","1.72","1.74","1.68","1.70","+","0.05","1.69","10","1.70","10","455.00",
="08689P","上銀元富4B售01","0","0","0","--","--","--","--"," ","0.00","0.65","25","0.66","25","0.00",
="086900","宏達電統一57購03","0","0","0","--","--","--","--"," ","0.00","1.77","10","1.81","10","64.60",
="086901","宏達電統一61購01","121,000","6","152,970","1.30","1.30","1.25","1.25","-","0.03","1.25","14","1.28","10","64.60",
="086902","智原統一56購07","0","0","0","--","--","--","--"," ","0.00","0.43","10","0.44","10","174.00",
="086903","華擎統一55購04","0","0","0","--","--","--","--"," ","0.00","0.64","10","0.65","10","278.00",
="086904","瑞智統一57購01","0","0","0","--","--","--","--"," ","0.00","0.60","10","0.61","10","24.15",
="086905","亞翔統一56購04","381,000","8","364,350","0.95","0.97","0.95","0.97","+","0.01","0.94","10","0.95","10","358.50",
="086906","亞翔統一57購03","0","0","0","--","--","--","--"," ","0.00","0.98","10","0.99","10","358.50",
="086907","力積電統一59購01","258,000","22","231,560","0.85","1.01","0.85","0.92","+","0.17","0.93","31","0.99","2","23.45",
="086908","天虹統一59購01","166,000","5","117,990","0.69","0.72","0.69","0.72","+","0.03","0.69","10","0.70","10","252.50",
="086909","台灣50中信51購05","0","0","0","--","--","--","--"," ","0.00","2.37","499","2.39","10","0.00",
="08690P","聯發科元富4C售01","0","0","0","--","--","--","--"," ","0.00","0.28","25","0.29","25","0.00",
="086910","台積電中信51購06","10,000","1","19,100","1.91","1.91","1.91","1.91","X","0.00","1.90","499","1.94","10","0.00",
="086911","世芯中信51購02","21,000","3","20,550","1.00","1.00","0.95","0.95","-","0.14","0.88","10","0.89","10","0.00",
="086912","世芯中信52購01","0","0","0","--","--","--","--"," ","0.00","1.57","499","1.60","10","0.00",
="086913","力積電中信51購01","424,000","64","631,270","1.18","2.00","1.18","2.00","+","1.05","1.79","5","2.00","6","0.00",
="086914","南電中信51購01","0","0","0","--","--","--","--"," ","0.00","3.96","499","--","0","0.00",
="086915","臺股指中信51購09","0","0","0","--","--","--","--"," ","0.00","2.59","499","2.60","100","0.00",
="086916","中砂元大51購08","1,429,000","20","1,199,120","0.74","0.86","0.74","0.79","+","0.12","0.76","499","0.80","10","339.00",
="086917","中砂元大51購09","118,000","9","100,090","0.85","0.92","0.84","0.86","+","0.11","0.86","4","0.87","10","339.00",
="086918","大成鋼元大51購07","0","0","0","--","--","--","--"," ","0.00","1.58","450","1.59","10","37.90",
="086919","鴻海元大51購18","0","0","0","--","--","--","--"," ","0.00","1.94","450","1.96","10","221.00",
="08691P","T50正2台新4B售01","0","0","0","--","--","--","--"," ","0.00","--","0","0.01","10","0.00",
="086920","鴻海元大51購19","31,000","11","240,550","7.80","7.90","7.55","7.90","+","1.05","7.80","100","7.90","10","221.00",
="086921","鴻海元大52購08","0","0","0","--","--","--","--"," ","0.00","2.03","400","2.05","10","221.00",
="086922","台積電元大52購10","83,000","4","121,770","1.39","1.47","1.39","1.47","+","0.22","0.11","90","--","0","1,340.00",
="086923","台積電元大55購02","70,000","1","107,100","1.53","1.53","1.53","1.53","X","0.00","1.55","2","--","0","1,340.00",
="086924","台積電元大57購01","60,000","1","103,800","1.73","1.73","1.73","1.73","X","0.00","0.15","7","--","0","1,340.00",
="086925","華邦電元大57購01","10,000","2","102,800","11.00","11.00","10.20","10.20","+","0.90","11.20","100","12.20","10","36.45",
="086926","智邦元大51購02","84,000","3","386,020","4.53","4.64","4.53","4.53","+","0.26","0.02","499","--","0","1,005.00",
="086927","微星元大51購01","0","0","0","--","--","--","--"," ","0.00","0.14","499","0.15","10","119.50",
="086928","南亞科元大57購01","73,000","14","396,650","5.50","5.60","5.25","5.60","-","0.05","5.60","1","5.65","10","81.00",
="086929","友達元大51購01","5,000","5","3,600","0.68","0.75","0.68","0.75","+","0.10","0.69","499","0.71","10","13.70",
="08692P","鴻海台新4B售02","0","0","0","--","--","--","--"," ","0.00","--","0","--","0","0.00",
="086930","長榮元大51購24","10,000","1","3,600","0.36","0.36","0.36","0.36","-","0.03","0.36","499","0.37","10","182.00",
="086931","萬海元大51購07","64,000","3","23,040","0.36","0.36","0.36","0.36","X","0.00","0.35","499","0.36","10","77.90",
="086932","萬海元大52購03","0","0","0","--","--","--","--"," ","0.00","0.37","499","0.38","10","77.90",
="086933","緯創元大52購04","0","0","0","--","--","--","--"," ","0.00","0.93","499","0.95","10","122.50",
="086934","嘉澤元大52購03","0","0","0","--","--","--","--"," ","0.00","1.14","499","1.16","10","1,605.00",
="086935","世芯元大52購09","30,000","3","82,770","2.85","2.85","2.59","2.59","-","0.43","0.41","121","--","0","3,700.00",
="086936","世芯元大55購02","50,000","5","113,100","2.30","2.30","2.22","2.22","-","0.08","0.80","12","--","0","3,700.00",
="086937","神達元大52購01","41,000","14","387,350","9.60","9.75","9.10","9.40","+","0.80","9.60","100","9.65","10","90.00",
="086938","神達元大55購01","414,000","33","1,457,680","3.52","3.71","3.33","3.51","+","0.22","3.52","250","3.55","10","90.00",
="086939","飛捷元大51購01","0","0","0","--","--","--","--"," ","0.00","0.50","499","0.52","10","106.50",
="08693P","台積電台新4B售01","0","0","0","--","--","--","--"," ","0.00","0.02","10","0.06","10","0.00",
="086940","穎崴元大55購03","138,000","16","413,580","3.11","3.13","2.77","2.95","-","0.01","2.94","250","2.96","10","2,015.00",
="086941","緯穎元大55購02","202,000","6","302,060","1.43","1.50","1.43","1.47","-","0.09","1.46","501","1.47","10","3,140.00",
="086942","來億元大51購01","0","0","0","--","--","--","--"," ","0.00","0.11","499","0.12","10","224.00",
="086943","來億元大51購02","0","0","0","--","--","--","--"," ","0.00","0.36","499","0.37","10","224.00",
="086944","天虹元大51購01","329,000","19","367,720","1.00","1.21","0.98","1.04","+","0.01","1.04","499","1.06","10","252.50",
="086945","台達電富邦51購01","0","0","0","--","--","--","--"," ","0.00","8.65","30","8.90","10","0.00",
="086946","德律富邦51購01","166,000","7","257,170","1.60","1.63","1.47","1.47","+","0.16","1.46","10","1.48","10","0.00",
="086947","日電貿富邦51購01","71,000","5","37,740","0.56","0.56","0.52","0.52","-","0.10","0.52","30","0.53","10","0.00",
="086948","昇陽半富邦51購01","85,000","11","143,560","1.67","1.72","1.65","1.72","+","0.15","1.52","10","1.54","10","0.00",
="086949","世紀鋼富邦51購02","0","0","0","--","--","--","--"," ","0.00","0.07","10","0.08","10","0.00",
="08694P","台光電台新4B售02","0","0","0","--","--","--","--"," ","0.00","--","0","--","0","0.00",
="086950","臺指反中信57購01","230,000","2","86,100","0.38","0.38","0.37","0.37","-","0.02","0.36","120","0.37","100","0.00",
="086951","世芯中信51購03","100,000","10","96,700","0.99","1.00","0.94","0.94","-","0.11","0.86","499","0.88","10","0.00",
="086952","T50反1永豐51購03","5,000","1","400","0.08","0.08","0.08","0.08","-","0.02","0.07","10","0.08","10","18.29",
="086953","鴻海永豐51購04","0","0","0","--","--","--","--"," ","0.00","2.14","499","2.19","10","221.00",
="086954","鴻準永豐52購02","7,000","1","12,390","1.77","1.77","1.77","1.77","+","0.14","1.64","499","1.65","10","70.70",
="086955","金像電永豐53購02","109,000","7","223,330","2.07","2.13","2.02","2.04","+","0.07","2.03","499","2.04","10","455.00",
="086956","台光電永豐52購06","0","0","0","--","--","--","--"," ","0.00","3.11","499","3.21","10","1,345.00",
="086957","創見永豐52購01","4,000","1","17,760","4.44","4.44","4.44","4.44","-","0.56","4.34","10","4.43","10","118.00",
="086958","景碩永豐52購01","0","0","0","--","--","--","--"," ","0.00","1.35","499","1.37","10","111.50",
="086959","貿聯永豐52購07","0","0","0","--","--","--","--"," ","0.00","1.59","499","1.65","10","1,085.00",
="08695P","台灣50元大4B售10","0","0","0","--","--","--","--"," ","0.00","--","0","0.05","10","0.00",
="086960","日月光永豐52購01","24,000","2","35,800","1.48","1.50","1.48","1.50","+","0.08","1.45","10","1.48","10","174.50",
="086961","精成科永豐52購01","0","0","0","--","--","--","--"," ","0.00","2.66","499","2.70","10","125.50",
="086962","緯穎永豐51購06","0","0","0","--","--","--","--"," ","0.00","2.78","499","2.80","10","3,140.00",
="086963","儒鴻兆豐57購01","63,000","4","83,810","1.33","1.35","1.33","1.33","-","0.05","1.29","10","1.32","10","431.50",
="086964","聚陽兆豐53購01","53,000","4","77,160","1.47","1.47","1.42","1.42","-","0.01","1.47","10","1.48","10","294.00",
="086965","士電富邦52購01","41,000","3","42,200","1.02","1.04","1.00","1.04","-","0.02","1.03","30","1.04","10","0.00",
="086966","士電富邦53購01","11,000","2","12,430","1.13","1.13","1.13","1.13","-","0.03","1.12","30","1.13","10","0.00",
="086967","美時富邦54購01","0","0","0","--","--","--","--"," ","0.00","0.16","10","0.17","10","0.00",
="086968","上銀富邦51購02","20,000","1","9,200","0.46","0.46","0.46","0.46","+","0.01","0.42","30","0.43","10","0.00",
="086969","旺宏富邦51購01","17,000","8","21,400","1.23","1.35","1.21","1.27","+","0.11","1.25","30","1.27","10","0.00",
="08696P","T50正2元大4B售04","0","0","0","--","--","--","--"," ","0.00","--","0","0.05","10","0.00",
="086970","鴻準富邦52購03","0","0","0","--","--","--","--"," ","0.00","1.03","10","1.13","10","0.00",
="086971","南亞科富邦52購02","0","0","0","--","--","--","--"," ","0.00","2.73","10","2.83","10","0.00",
="086972","大立光富邦53購03","180,000","11","182,810","1.05","1.05","1.00","1.00","-","0.06","1.02","10","1.03","10","0.00",
="086973","世芯富邦54購01","90,000","1","108,000","1.20","1.20","1.20","1.20","-","0.12","1.15","10","1.16","10","0.00",
="086974","世芯富邦54購02","68,000","7","80,900","1.19","1.20","1.14","1.14","-","0.01","1.05","10","1.06","10","0.00",
="086975","神達富邦51購02","0","0","0","--","--","--","--"," ","0.00","2.36","10","2.40","10","0.00",
="086976","訊芯富邦53購01","922,000","32","1,020,720","1.09","1.13","1.06","1.06","+","0.02","1.02","10","1.03","10","0.00",
="086977","力積電富邦51購01","328,000","27","588,560","1.52","2.30","1.51","1.87","+","0.60","1.95","10","2.20","3","0.00",
="086978","南電富邦51購01","0","0","0","--","--","--","--"," ","0.00","4.78","30","4.88","10","0.00",
="086979","T50正2統一59購01","25,000","9","34,930","1.39","1.40","1.39","1.40","+","0.08","1.40","10","1.41","10","302.45",
="08697P","台積電元大4B售19","0","0","0","--","--","--","--"," ","0.00","0.01","499","0.11","10","0.00",
="086980","美時統一61購01","0","0","0","--","--","--","--"," ","0.00","0.50","10","0.51","10","192.00",
="086981","光寶科統一57購01","2,000","2","3,570","1.74","1.83","1.74","1.83","-","0.01","1.78","10","1.79","10","183.00",
="086982","光寶科統一57購02","56,000","5","92,600","1.63","1.76","1.63","1.76","+","0.21","1.67","10","1.68","10","183.00",
="086983","台達電統一55購01","0","0","0","--","--","--","--"," ","0.00","3.68","66","3.71","66","893.00",
="086984","台達電統一56購03","1,000","1","4,240","4.24","4.24","4.24","4.24","-","0.07","4.12","10","4.20","10","893.00",
="086985","鴻海統一59購01","41,000","11","62,960","1.52","1.55","1.52","1.54","X","0.00","1.53","10","1.54","10","221.00",
="086986","鴻海統一67購01","44,000","7","61,000","1.38","1.40","1.38","1.39","+","0.08","1.39","10","1.40","10","221.00",
="086987","台積電統一67購03","8,000","7","9,080","1.11","1.15","1.11","1.14","+","0.06","1.12","10","1.13","10","1,340.00",
="086988","金像電統一59購01","42,000","7","72,810","1.75","1.76","1.70","1.70","+","0.04","1.69","10","1.72","10","455.00",
="086989","創見統一61購01","26,000","2","16,500","0.65","0.65","0.61","0.61","-","0.05","0.62","10","0.63","10","118.00",
="08698P","所羅門元大4B售04","0","0","0","--","--","--","--"," ","0.00","0.17","499","0.18","200","0.00",
="086990","聯發科統一55購02","0","0","0","--","--","--","--"," ","0.00","1.07","108","1.09","108","1,375.00",
="086991","全新統一56購03","42,000","3","51,380","1.23","1.23","1.18","1.18","-","0.10","1.16","10","1.17","10","160.00",
="086992","全新統一56購04","254,000","10","303,820","1.20","1.20","1.11","1.11","-","0.12","1.10","10","1.11","10","160.00",
="086993","全新統一57購01","21,000","1","24,150","1.15","1.15","1.15","1.15","-","0.01","1.05","10","1.06","10","160.00",
="086994","全新統一59購01","92,000","2","92,550","1.01","1.01","1.00","1.00","-","0.06","0.95","10","0.96","10","160.00",
="086995","宏達電統一59購01","0","0","0","--","--","--","--"," ","0.00","1.96","10","2.06","10","64.60",
="086996","奇鋐統一5C購02","20,000","4","23,800","1.22","1.22","1.15","1.15","+","0.03","1.11","10","1.13","10","1,015.00",
="086997","智原統一56購08","25,000","1","15,000","0.60","0.60","0.60","0.60","X","0.00","0.57","10","0.58","10","174.00",
="086998","景碩統一57購01","286,000","7","229,330","0.79","0.82","0.79","0.81","+","0.02","0.76","10","0.77","10","111.50",
="086999","新日興統一56購04","222,000","12","188,360","0.85","0.86","0.84","0.85","-","0.01","0.81","10","0.82","10","237.00",
="08699P","聯發科元大4B售12","0","0","0","--","--","--","--"," ","0.00","0.01","499","0.11","10","0.00",
="087000","世芯統一56購04","28,000","2","22,050","0.80","0.80","0.73","0.73","-","0.10","0.73","10","0.74","10","3,700.00",
="087001","貿聯統一56購03","8,000","3","8,850","1.12","1.12","1.09","1.09","X","0.00","1.07","10","1.09","7","1,085.00",
="087002","貿聯統一61購01","117,000","3","92,650","0.81","0.81","0.75","0.77","-","0.03","0.75","14","0.76","10","1,085.00",
="087003","神達統一56購03","682,000","21","1,099,500","1.60","1.63","1.54","1.63","+","0.15","1.57","10","1.58","10","90.00",
="087004","瑞智統一57購02","0","0","0","--","--","--","--"," ","0.00","0.46","10","0.47","10","24.15",
="087005","南電統一54購01","0","0","0","--","--","--","--"," ","0.00","3.14","10","3.22","10","234.50",
="087006","南電統一57購01","10,000","1","30,000","3.00","3.00","3.00","3.00","+","0.40","2.76","10","2.77","10","234.50",
="087007","川湖台新51購01","0","0","0","--","--","--","--"," ","0.00","31.40","10","--","0","0.00",
="087008","世芯第一57購03","2,000","2","2,370","1.19","1.19","1.18","1.18","-","0.06","1.13","10","1.14","10","0.00",
="087009","士電群益52購01","0","0","0","--","--","--","--"," ","0.00","0.86","10","0.96","10","183.00",
="08700P","奇鋐元大4B售06","0","0","0","--","--","--","--"," ","0.00","--","0","0.10","10","0.00",
="087010","美時群益51購01","3,000","1","570","0.19","0.19","0.19","0.19","X","0.00","0.20","100","0.21","100","192.00",
="087011","鴻海群益52購05","246,000","11","869,710","3.51","3.68","3.51","3.61","+","0.44","3.61","100","3.65","100","221.00",
="087012","智邦群益53購03","300,000","26","435,120","1.40","1.48","1.40","1.43","+","0.07","1.42","100","1.45","100","1,005.00",
="087013","華碩群益51購01","122,000","8","217,280","1.76","1.82","1.74","1.79","+","0.08","0.47","10","--","0","684.00",
="087014","微星群益51購02","0","0","0","--","--","--","--"," ","0.00","--","0","--","0","119.50",
="087015","友達群益53購02","355,000","14","621,300","1.76","1.95","1.66","1.85","+","0.15","1.82","100","1.87","100","13.70",
="087016","長榮航群益51購03","32,000","1","41,920","1.31","1.31","1.31","1.31","-","0.02","1.30","10","1.40","10","38.85",
="087017","亞光群益51購04","64,000","3","208,530","3.36","3.40","3.23","3.23","-","0.29","3.21","100","3.27","100","161.50",
="087018","文曄群益51購02","0","0","0","--","--","--","--"," ","0.00","0.18","55","--","0","137.50",
="087019","新日興群益51購03","42,000","3","194,780","4.71","4.75","4.29","4.29","-","0.53","1.69","11","--","0","237.00",
="08701P","智易元大4B售02","0","0","0","--","--","--","--"," ","0.00","0.45","499","0.46","200","0.00",
="087020","世芯群益51購07","38,000","5","156,540","4.23","4.23","3.72","3.72","-","0.58","1.33","24","--","0","3,700.00",
="087021","飛捷群益51購01","79,000","1","39,500","0.50","0.50","0.50","0.50","X","0.00","0.49","100","0.50","100","106.50",
="087022","緯穎群益51購02","3,000","3","32,100","10.70","10.70","10.70","10.70","-","0.50","5.10","3","12.10","10","3,140.00",
="087023","洋基群益51購01","30,000","1","150,000","5.00","5.00","5.00","5.00","+","0.56","4.97","10","5.35","10","449.00",
="087024","潤泰新群益51購02","0","0","0","--","--","--","--"," ","0.00","0.13","10","0.23","10","29.80",
="087025","亞力元富51購01","0","0","0","--","--","--","--"," ","0.00","0.41","25","0.43","25","102.50",
="087026","中鋼元富51購01","0","0","0","--","--","--","--"," ","0.00","1.30","25","1.33","25","19.45",
="087027","鴻準元富51購01","38,000","2","69,180","1.86","1.86","1.71","1.71","X","0.00","1.70","25","1.71","25","70.70",
="087028","立隆電元富51購01","2,158,000","26","3,425,520","1.63","1.65","1.53","1.53","-","0.10","1.51","25","1.53","25","89.40",
="087029","瑞軒元富51購01","8,000","2","4,400","0.55","0.55","0.55","0.55","-","0.03","0.54","25","0.55","25","13.55",
="08702P","世芯元大4B售07","0","0","0","--","--","--","--"," ","0.00","0.01","499","0.11","10","0.00",
="087030","裕民元富51購01","20,000","1","29,600","1.48","1.48","1.48","1.48","X","0.00","1.45","25","1.47","25","55.30",
="087031","慧洋元富51購02","75,000","2","94,000","1.24","1.26","1.24","1.26","-","0.08","1.26","25","1.27","25","58.40",
="087032","玉晶光元富51購05","37,000","3","55,620","1.52","1.52","1.46","1.46","-","0.14","1.47","25","1.57","10","443.50",
="087033","群創元富51購01","0","0","0","--","--","--","--"," ","0.00","1.90","25","1.94","25","14.15",
="087034","健策元富51購01","20,000","4","114,500","5.45","6.00","5.45","6.00","+","0.20","5.85","25","5.95","25","2,355.00",
="087035","貿聯元富51購03","0","0","0","--","--","--","--"," ","0.00","2.65","25","2.75","10","1,085.00",
="087036","永崴控元富51購01","0","0","0","--","--","--","--"," ","0.00","0.13","25","0.14","25","34.30",
="087037","精成科元富51購04","7,000","1","44,450","6.35","6.35","6.35","6.35","-","0.30","5.45","25","5.55","25","125.50",
="087038","迅得元富51購01","36,000","2","58,680","1.63","1.63","1.63","1.63","+","0.11","1.42","25","1.44","25","176.00",
="087039","力積電元富51購03","909,000","20","2,810,080","2.91","3.99","2.91","3.99","+","1.64","3.80","90","4.42","30","23.45",
="08703P","貿聯元大4B售03","0","0","0","--","--","--","--"," ","0.00","--","0","0.10","10","0.00",
="087040","南電元富57購01","0","0","0","--","--","--","--"," ","0.00","8.75","25","8.90","25","234.50",
="087041","元日2X國泰54購01","0","0","0","--","--","--","--"," ","0.00","0.32","499","0.33","100","5.87",
="087042","南港國泰52購01","24,000","1","36,480","1.52","1.52","1.52","1.52","X","0.00","1.58","10","1.59","10","41.15",
="087043","鴻海國泰52購03","0","0","0","--","--","--","--"," ","0.00","4.11","499","4.15","120","221.00",
="087044","鴻準國泰52購02","0","0","0","--","--","--","--"," ","0.00","2.09","499","2.11","100","70.70",
="087045","台光電國泰53購01","27,000","4","115,680","4.17","4.54","4.17","4.54","+","0.62","4.28","499","4.33","10","1,345.00",
="087046","陽明國泰52購01","0","0","0","--","--","--","--"," ","0.00","0.44","499","0.45","100","55.20",
="087047","長榮航國泰52購03","33,000","2","39,270","1.19","1.19","1.19","1.19","X","0.00","1.16","499","1.17","100","38.85",
="087048","貿聯國泰52購02","9,000","1","30,600","3.40","3.40","3.40","3.40","X","0.00","--","0","--","0","1,085.00",
="08704P","緯穎元大4B售06","0","0","0","--","--","--","--"," ","0.00","0.03","499","0.13","10","0.00",
="087050","緯穎國泰52購03","0","0","0","--","--","--","--"," ","0.00","2.21","10","2.23","10","3,140.00",
="087051","AES國泰52購02","0","0","0","--","--","--","--"," ","0.00","1.77","499","1.80","200","1,195.00",
="087052","台玻國票52購01","0","0","0","--","--","--","--"," ","0.00","3.87","25","3.97","10","25.95",
="087053","光寶科國票55購01","4,000","4","18,240","4.20","4.72","4.20","4.72","X","0.00","4.36","25","4.46","10","183.00",
="087054","華通國票52購01","2,000","1","10,100","5.05","5.05","5.05","5.05","-","0.35","4.90","25","4.95","10","77.00",
="087056","鴻海統一4C購03","129,000","4","86,800","0.67","0.68","0.67","0.67","X","0.00","0.67","10","0.68","10","221.00",
="087057","鴻海統一51購01","146,000","3","89,030","0.60","0.62","0.60","0.62","+","0.04","0.62","10","0.63","10","221.00",
="087058","鴻海統一54購01","319,000","7","165,330","0.50","0.52","0.50","0.51","X","0.00","0.51","100","0.52","40","221.00",
="087059","鴻海國票54購02","94,000","10","364,760","3.77","3.99","3.77","3.90","+","0.41","3.91","25","3.95","10","221.00",
="08705P","川湖國票4C售02","0","0","0","--","--","--","--"," ","0.00","0.01","30","0.05","10","0.00",
="087063","大同統一4A購01","0","0","0","--","--","--","--"," ","0.00","--","0","--","0","39.85",
="087064","南亞科國票52購02","0","0","0","--","--","--","--"," ","0.00","14.60","25","--","0","81.00",
="087065","飛宏國票51購01","0","0","0","--","--","--","--"," ","0.00","2.63","25","2.66","10","24.95",
="087066","志聖國票52購01","26,000","7","54,470","1.97","2.26","1.97","2.02","+","0.04","2.00","25","2.02","10","197.00",
="087068","長榮太國票51購01","0","0","0","--","--","--","--"," ","0.00","4.83","25","4.93","10","168.50",
="087069","神基國票52購01","0","0","0","--","--","--","--"," ","0.00","2.80","25","2.88","10","163.50",
="08706P","鴻海國票51售02","0","0","0","--","--","--","--"," ","0.00","0.12","25","0.13","10","0.00",
="087070","奇鋐國票52購02","0","0","0","--","--","--","--"," ","0.00","6.35","25","6.55","10","1,015.00",
="087071","益登國票51購01","2,000","2","13,050","6.50","6.55","6.50","6.55","X","0.00","5.60","1","6.55","1","42.55",
="087072","景碩國票52購01","31,000","3","168,000","5.70","5.70","5.40","5.40","-","0.10","5.00","25","5.10","10","111.50",
="087073","大聯大國票52購01","0","0","0","--","--","--","--"," ","0.00","0.74","25","0.75","10","66.10",
="087074","智伸科國票52購01","0","0","0","--","--","--","--"," ","0.00","1.18","25","1.20","10","139.50",
="087075","遠傳國票51購01","92,000","3","122,360","1.33","1.33","1.33","1.33","X","0.00","1.30","25","1.31","10","85.90",
="087076","正文國票52購01","0","0","0","--","--","--","--"," ","0.00","0.86","25","0.88","10","25.35",
="087077","矽力國票52購01","0","0","0","--","--","--","--"," ","0.00","0.52","25","0.53","10","273.00",
="087079","緯穎國票52購01","0","0","0","--","--","--","--"," ","0.00","2.90","25","2.99","10","3,140.00",
="08707P","台光電國票4C售01","0","0","0","--","--","--","--"," ","0.00","0.01","25","0.05","10","0.00",
="087081","富世達國票52購06","0","0","0","--","--","--","--"," ","0.00","3.19","25","3.27","10","1,010.00",
="087082","元黃金元大52購01","114,000","8","222,940","1.79","2.03","1.79","1.98","+","0.21","2.00","250","2.01","100","40.68",
="087083","亞力元大51購01","1,111,000","5","438,120","0.40","0.40","0.38","0.39","-","0.01","0.38","499","0.39","10","102.50",
="087084","華城元大51購12","73,000","2","116,020","1.58","1.59","1.58","1.59","X","0.00","1.50","499","1.53","10","586.00",
="087085","大成鋼元大51購08","0","0","0","--","--","--","--"," ","0.00","1.46","499","1.47","10","37.90",
="087086","光寶科元大51購02","10,000","1","39,800","3.98","3.98","3.98","3.98","+","0.30","3.78","200","--","0","183.00",
="087087","台達電元大51購04","7,000","1","136,500","19.50","19.50","19.50","19.50","X","0.00","18.40","10","18.70","10","893.00",
="087088","鴻海元大51購20","35,000","1","82,250","2.35","2.35","2.35","2.35","X","0.00","2.40","350","2.42","10","221.00",
="087089","台積電元大51購58","89,000","8","111,850","1.23","1.36","1.23","1.36","+","0.27","0.13","76","--","0","1,340.00",
="08708P","奇鋐國票4C售02","0","0","0","--","--","--","--"," ","0.00","--","0","0.08","220","0.00",
="087090","台積電元大51購59","16,000","1","21,440","1.34","1.34","1.34","1.34","X","0.00","0.09","11","--","0","1,340.00",
="087091","台積電元大57購02","559,000","5","766,160","1.36","1.40","1.36","1.36","+","0.15","0.21","47","--","0","1,340.00",
="087092","智邦元大51購03","0","0","0","--","--","--","--"," ","0.00","--","0","--","0","1,005.00",
="087093","鴻準元大51購03","211,000","6","268,600","1.31","1.31","1.25","1.25","+","0.05","1.21","499","1.22","10","70.70",
="087094","大同元大51購02","15,000","3","17,240","1.17","1.17","1.12","1.12","-","0.05","1.24","2","1.26","10","39.85",
="087095","技嘉元大51購02","27,000","3","26,330","0.99","1.00","0.97","0.97","X","0.00","0.97","499","0.98","10","283.00",
="087096","微星元大51購02","0","0","0","--","--","--","--"," ","0.00","0.09","499","0.10","10","119.50",
="087097","台光電元大51購07","214,000","9","595,450","2.77","3.11","2.68","3.11","+","0.49","2.98","300","3.06","10","1,345.00",
="087098","台光電元大51購08","0","0","0","--","--","--","--"," ","0.00","2.54","300","--","0","1,345.00",
="087099","台光電元大51購09","0","0","0","--","--","--","--"," ","0.00","2.65","300","--","0","1,345.00",
="08709P","欣興國票4C售01","1,000","1","170","0.17","0.17","0.17","0.17","X","0.00","0.04","25","0.17","169","0.00",
="087100","京元電元大51購01","0","0","0","--","--","--","--"," ","0.00","3.69","200","3.79","10","167.00",
="087101","大立光元大51購09","119,000","5","105,520","0.91","0.91","0.88","0.89","-","0.05","0.89","499","0.91","10","2,360.00",
="087102","奇鋐元大51購15","0","0","0","--","--","--","--"," ","0.00","3.81","200","3.90","10","1,015.00",
="087103","奇鋐元大51購16","371,000","15","580,250","1.70","1.70","0.24","1.36","-","0.08","1.36","529","1.42","10","1,015.00",
="087104","奇鋐元大51購17","0","0","0","--","--","--","--"," ","0.00","1.87","400","1.92","10","1,015.00",
="087105","亞光元大51購06","269,000","11","339,660","1.30","1.30","1.20","1.20","-","0.10","1.20","499","1.22","10","161.50",
="087106","智原元大51購09","472,000","4","141,050","0.32","0.32","0.29","0.30","X","0.00","0.28","499","0.29","10","174.00",
="087107","智原元大51購10","1,146,000","18","469,330","0.40","0.45","0.40","0.41","+","0.08","0.39","499","0.40","10","174.00",
="087108","智原元大57購01","1,505,000","25","919,610","0.54","0.67","0.54","0.61","+","0.07","0.60","499","0.61","10","174.00",
="087109","神達元大51購14","282,000","32","1,360,570","5.00","5.20","4.63","4.91","+","0.31","4.93","150","4.96","10","90.00",
="08710P","貿聯國票4C售01","0","0","0","--","--","--","--"," ","0.00","0.02","8","0.03","27","0.00",
="087110","神達元大51購15","0","0","0","--","--","--","--"," ","0.00","4.24","200","4.31","10","90.00",
="087111","聯茂元大51購01","24,000","4","91,970","3.83","3.88","3.83","3.83","+","0.20","3.39","25","3.45","10","111.50",
="087112","愛普元大51購03","12,000","3","20,170","1.63","1.72","1.63","1.70","-","0.04","1.50","10","2.20","5","344.00",
="087113","緯穎元大51購18","0","0","0","--","--","--","--"," ","0.00","1.48","499","1.49","10","3,140.00",
="087114","AES元大51購01","115,000","6","116,080","1.01","1.01","0.98","1.00","+","0.02","0.90","499","0.92","10","1,195.00",
="087115","世紀鋼元大51購05","0","0","0","--","--","--","--"," ","0.00","0.25","499","0.26","10","171.50",
="087116","臺股指元大51購19","0","0","0","--","--","--","--"," ","0.00","3.25","499","3.26","10","0.00",
="087117","臺股指元大52購06","1,000","1","5,000","5.00","5.00","5.00","5.00","+","0.45","4.94","100","5.05","10","0.00",
="087118","華城凱基55購01","0","0","0","--","--","--","--"," ","0.00","3.03","100","3.13","10","586.00",
="087119","上銀凱基51購02","0","0","0","--","--","--","--"," ","0.00","0.81","100","--","0","217.50",
="08711P","精銳國票4C售02","0","0","0","--","--","--","--"," ","0.00","0.62","25","0.63","10","0.00",
="087120","光寶科凱基52購01","0","0","0","--","--","--","--"," ","0.00","5.05","100","5.55","10","183.00",
="087121","台達電凱基52購01","0","0","0","--","--","--","--"," ","0.00","21.00","100","22.00","10","893.00",
="087122","鴻海凱基54購08","12,000","4","46,790","3.84","3.92","3.75","3.92","+","0.38","3.94","499","--","0","221.00",
="087123","國巨凱基51購02","0","0","0","--","--","--","--"," ","0.00","14.00","100","14.30","10","176.00",
="087124","華邦電凱基56購01","29,000","2","143,980","5.10","5.10","4.96","4.96","+","0.76","5.30","100","--","0","36.45",
="087125","智邦凱基51購03","3,000","2","25,050","8.35","8.35","8.35","8.35","X","0.00","8.20","10","8.35","10","1,005.00",
="087126","鴻準凱基54購01","10,000","1","16,500","1.65","1.65","1.65","1.65","+","0.05","1.58","100","1.59","10","70.70",
="087127","佳能凱基51購01","0","0","0","--","--","--","--"," ","0.00","8.20","100","--","0","88.80",
="087128","台光電凱基54購02","77,000","5","265,390","3.23","3.56","3.16","3.56","+","0.41","3.45","100","3.55","10","1,345.00",
="087129","南亞科凱基51購07","0","0","0","--","--","--","--"," ","0.00","3.97","499","4.07","10","81.00",
="08712P","國泰金中信4B售02","0","0","0","--","--","--","--"," ","0.00","--","0","0.01","9","0.00",
="087130","京元電凱基52購01","0","0","0","--","--","--","--"," ","0.00","4.84","100","4.94","10","167.00",
="087131","聯發科凱基54購04","172,000","7","219,640","1.34","1.34","1.24","1.24","X","0.00","1.24","18","1.38","15","1,375.00",
="087132","奇鋐凱基51購07","0","0","0","--","--","--","--"," ","0.00","4.68","50","--","0","1,015.00",
="087133","景碩凱基51購02","152,000","11","221,490","1.51","1.51","1.34","1.34","-","0.11","1.30","100","1.33","10","111.50",
="087134","新日興凱基51購03","126,000","5","305,920","2.51","2.57","2.31","2.33","-","0.23","2.37","10","2.47","10","237.00",
="087135","碩天凱基52購02","0","0","0","--","--","--","--"," ","0.00","0.54","10","0.55","10","217.00",
="087136","世芯凱基55購03","0","0","0","--","--","--","--"," ","0.00","1.84","100","1.87","10","3,700.00",
="087137","貿聯凱基52購02","0","0","0","--","--","--","--"," ","0.00","3.66","100","3.76","10","1,085.00",
="087138","神達凱基55購02","37,000","5","175,260","4.71","4.89","4.67","4.89","+","0.43","4.78","100","4.80","10","90.00",
="087139","定穎控凱基52購01","0","0","0","--","--","--","--"," ","0.00","19.30","10","20.30","10","90.10",
="08713P","T50正2永豐4B售03","0","0","0","--","--","--","--"," ","0.00","--","0","0.03","10","0.00",
="087140","臻鼎凱基52購01","0","0","0","--","--","--","--"," ","0.00","4.40","100","4.50","10","171.50",
="087141","迅得凱基52購01","62,000","5","75,670","1.30","1.34","1.19","1.22","-","0.02","1.17","100","1.19","10","176.00",
="087142","天虹凱基51購01","260,000","14","286,410","1.00","1.21","1.00","1.03","-","0.06","1.02","100","1.05","10","252.50",
="087143","宏全凱基52購01","0","0","0","--","--","--","--"," ","0.00","0.24","10","0.25","10","129.00",
="087144","台灣50元富51購03","0","0","0","--","--","--","--"," ","0.00","12.70","25","12.80","25","58.45",
="087145","台積電元富67購01","9,000","6","130,700","14.30","14.90","14.30","14.90","+","1.10","8.85","31","18.80","2","1,340.00",
="087146","南電元富57購02","0","0","0","--","--","--","--"," ","0.00","8.40","25","8.55","25","234.50",
="087147","臺股指元富56購08","0","0","0","--","--","--","--"," ","0.00","9.90","25","9.95","25","0.00",
="087148","智邦國票52購02","9,000","4","76,300","8.25","8.60","8.25","8.60","+","0.95","8.25","25","8.60","10","1,005.00",
="087149","漢唐國票52購01","2,000","1","28,000","14.00","14.00","14.00","14.00"," ","0.00","14.00","4","14.80","5","987.00",
="08714P","台積電永豐4B售13","0","0","0","--","--","--","--"," ","0.00","--","0","--","0","0.00",
="087150","長榮國票56購01","0","0","0","--","--","--","--"," ","0.00","0.80","25","0.81","10","182.00",
="087151","智原國票55購01","73,000","7","77,620","1.09","1.09","1.02","1.04","+","0.10","0.99","25","1.00","10","174.00",
="087152","日月光國票53購01","950,000","7","1,895,470","2.02","2.02","1.91","1.97","+","0.12","1.86","25","--","0","174.50",
="087153","訊連國票54購01","0","0","0","--","--","--","--"," ","0.00","0.70","25","0.71","10","97.60",
="087154","復盛國票52購01","8,000","1","9,760","1.22","1.22","1.22","1.22","+","0.02","1.17","25","1.18","10","265.00",
="087155","士電國泰52購02","0","0","0","--","--","--","--"," ","0.00","1.97","499","1.99","100","183.00",
="087156","聯發科國泰56購01","300,000","3","299,000","1.00","1.00","0.99","0.99","-","0.09","0.96","499","0.97","499","1,375.00",
="087157","聯發科國泰56購02","0","0","0","--","--","--","--"," ","0.00","1.03","499","1.05","499","1,375.00",
="087158","萬海國泰52購01","20,000","2","8,300","0.42","0.42","0.41","0.41","-","0.04","0.41","499","0.42","100","77.90",
="087159","世紀鋼國泰52購01","46,000","2","27,120","0.60","0.60","0.58","0.58","+","0.04","0.55","499","0.56","499","171.50",
="08715P","台積電永豐4B售14","0","0","0","--","--","--","--"," ","0.00","--","0","--","0","0.00",
="087160","臺股指國泰53購03","0","0","0","--","--","--","--"," ","0.00","3.49","499","3.50","100","0.00",
="087161","元黃金凱基51購01","4,000","3","5,260","1.31","1.33","1.29","1.29","+","0.15","1.30","10","1.31","50","40.68",
="087162","香港2X凱基51購02","0","0","0","--","--","--","--"," ","0.00","2.34","100","2.35","50","18.02",
="087163","SP黃豆凱基52購01","48,000","3","22,130","0.46","0.47","0.46","0.46","-","0.07","0.46","10","0.47","10","19.68",
="087164","鴻海凱基52購04","0","0","0","--","--","--","--"," ","0.00","5.10","100","5.60","10","221.00",
="087165","台積電凱基51購21","115,000","7","145,090","1.23","1.27","1.23","1.27","+","0.35","1.22","100","1.32","10","1,340.00",
="087166","台積電凱基67購01","0","0","0","--","--","--","--"," ","0.00","2.84","100","2.94","10","1,340.00",
="087167","華碩凱基52購02","35,000","5","71,490","2.02","2.07","1.96","2.07","+","0.08","2.02","10","2.03","10","684.00",
="087168","聯發科凱基57購01","33,000","5","60,630","1.91","1.91","1.80","1.80","-","0.12","1.76","100","1.77","10","1,375.00",
="087169","長榮航凱基51購04","0","0","0","--","--","--","--"," ","0.00","1.05","100","1.15","10","38.85",
="08716P","可成元富4B售02","2,000","1","2,340","1.17","1.17","1.17","1.17"," ","0.00","1.21","25","1.24","25","0.00",
="087170","國票金凱基51購01","6,000","1","2,160","0.36","0.36","0.36","0.36","X","0.00","0.36","10","0.37","10","14.90",
="087171","大立光凱基54購01","33,000","4","83,210","2.56","2.56","2.49","2.51","-","0.08","2.53","100","2.58","10","2,360.00",
="087172","亞光凱基52購03","0","0","0","--","--","--","--"," ","0.00","2.81","499","2.91","10","161.50",
="087173","世芯凱基52購07","59,000","3","213,780","3.99","3.99","3.57","3.57","-","0.40","3.56","100","3.60","10","3,700.00",
="087174","正文凱基52購01","1,000","1","1,090","1.09","1.09","1.09","1.09","+","0.05","1.00","10","1.01","10","25.35",
="087175","臻鼎凱基52購02","0","0","0","--","--","--","--"," ","0.00","3.67","100","3.77","10","171.50",
="087176","jpp凱基52購01","0","0","0","--","--","--","--"," ","0.00","2.58","10","2.68","10","286.50",
="087177","穎崴凱基54購02","0","0","0","--","--","--","--"," ","0.00","5.25","100","5.75","10","2,015.00",
="087178","愛普凱基51購02","158,000","12","317,960","2.04","2.05","1.78","2.05","-","0.10","2.04","100","2.10","10","344.00",
="087179","連加凱基51購01","0","0","0","--","--","--","--"," ","0.00","0.55","10","0.56","10","606.00",
="08717P","台灣50國票4B售06","0","0","0","--","--","--","--"," ","0.00","0.01","25","0.05","10","0.00",
="087181","鴻海凱基4C購01","278,000","12","379,300","1.33","1.39","1.33","1.35","X","0.00","1.36","499","--","0","221.00",
="087182","連加凱基52購01","0","0","0","--","--","--","--"," ","0.00","0.43","10","0.44","10","606.00",
="087183","連加凱基52購02","13,000","1","7,540","0.58","0.58","0.58","0.58","X","0.00","0.58","10","0.59","10","606.00",
="087184","南電凱基52購01","0","0","0","--","--","--","--"," ","0.00","6.70","100","--","0","234.50",
="087185","勤誠凱基57購01","133,000","9","502,270","3.83","3.86","3.69","3.86","+","0.17","3.73","100","3.76","10","600.00",
="087186","聯發科凱基4C購03","52,000","2","21,220","0.41","0.41","0.36","0.36","X","0.00","0.34","100","0.35","10","1,375.00",
="087187","聯發科凱基4C購04","0","0","0","--","--","--","--"," ","0.00","0.66","100","0.67","10","1,375.00",
="087188","聯發科凱基52購01","220,000","4","102,500","0.48","0.48","0.46","0.47","-","0.03","0.43","100","0.44","10","1,375.00",
="087189","世紀鋼凱基54購01","0","0","0","--","--","--","--"," ","0.00","0.57","100","0.58","10","171.50",
="08718P","台灣50國票51售03","0","0","0","--","--","--","--"," ","0.00","0.07","25","0.15","10","0.00",
="087190","臺股指凱基52購09","0","0","0","--","--","--","--"," ","0.00","7.70","100","7.75","10","0.00",
="087191","中砂統一56購01","1,000","1","650","0.65","0.65","0.65","0.65","+","0.04","0.63","10","0.64","10","339.00",
="087192","上銀統一56購02","138,000","5","79,690","0.59","0.59","0.56","0.56","-","0.03","0.56","10","0.57","10","217.50",
="087193","雄獅統一57購01","0","0","0","--","--","--","--"," ","0.00","0.68","10","0.69","10","158.50",
="087194","雄獅統一61購01","0","0","0","--","--","--","--"," ","0.00","0.65","10","0.66","10","158.50",
="087195","欣興統一55購02","0","0","0","--","--","--","--"," ","0.00","1.37","10","1.39","10","159.00",
="087196","景碩統一57購02","615,000","14","573,750","0.93","0.94","0.93","0.93"," ","0.00","0.88","10","0.89","10","111.50",
="087197","臻鼎統一57購01","18,000","2","32,940","1.83","1.83","1.83","1.83","+","0.01","1.74","10","1.76","10","171.50",
="087198","臻鼎統一57購02","0","0","0","--","--","--","--"," ","0.00","1.51","10","1.52","10","171.50",
="087199","佳必琪統一57購01","0","0","0","--","--","--","--"," ","0.00","0.68","10","0.69","10","160.00",
="08719P","上銀國票4C售02","0","0","0","--","--","--","--"," ","0.00","0.24","25","0.25","10","0.00",
="087200","連加統一57購01","0","0","0","--","--","--","--"," ","0.00","0.35","10","0.36","10","606.00",
="087201","連加統一57購02","50,000","2","37,500","0.75","0.75","0.75","0.75","X","0.00","0.74","10","0.75","10","606.00",
="087202","南電統一56購03","0","0","0","--","--","--","--"," ","0.00","2.37","10","2.41","10","234.50",
="087203","南電統一57購02","0","0","0","--","--","--","--"," ","0.00","2.55","10","2.56","10","234.50",
="087204","台灣50中信57購02","53,000","6","95,230","1.73","1.87","1.73","1.87","+","0.36","1.87","499","1.89","100","0.00",
="087205","國票金中信51購01","27,000","1","16,740","0.62","0.62","0.62","0.62","+","0.01","0.59","10","0.61","10","0.00",
="087206","國票金中信51購02","21,000","1","19,950","0.95","0.95","0.95","0.95"," ","0.00","0.95","10","0.98","10","0.00",
="087207","和大兆豐53購01","56,000","5","87,330","1.57","1.57","1.47","1.47","-","0.10","1.46","10","1.47","8","65.30",
="087208","大立光兆豐51購02","262,000","8","352,060","1.37","1.37","1.30","1.30","-","0.10","1.35","10","1.37","10","2,360.00",
="087209","儒鴻群益51購01","2,000","1","1,920","0.96","0.96","0.96","0.96","-","0.11","0.38","26","--","0","431.50",
="08720P","金像電國票4C售01","0","0","0","--","--","--","--"," ","0.00","--","0","0.04","174","0.00",
="087210","華城群益51購04","82,000","6","129,030","1.53","1.60","1.53","1.53","-","0.09","0.40","10","--","0","586.00",
="087211","國巨群益53購04","0","0","0","--","--","--","--"," ","0.00","3.62","100","5.35","20","176.00",
="087212","智邦群益51購04","0","0","0","--","--","--","--"," ","0.00","--","0","2.54","10","1,005.00",
="087213","台光電群益51購08","149,000","26","679,410","4.61","4.61","4.39","4.39","+","0.74","4.32","4","4.91","3","1,345.00",
="087214","南亞科群益51購09","0","0","0","--","--","--","--"," ","0.00","8.20","1","--","0","81.00",
="087215","京元電群益51購02","0","0","0","--","--","--","--"," ","0.00","3.77","10","3.85","10","167.00",
="087216","聯發科群益52購04","0","0","0","--","--","--","--"," ","0.00","--","0","--","0","1,375.00",
="087217","國票金群益51購01","0","0","0","--","--","--","--"," ","0.00","0.48","25","0.50","10","14.90",
="087218","奇鋐群益52購05","50,000","1","93,000","1.86","1.86","1.86","1.86","+","0.14","0.73","13","1.77","10","1,015.00",
="087219","新日興群益51購04","54,000","3","46,880","0.87","0.87","0.80","0.80","-","0.04","0.30","166","--","0","237.00",
="08721P","國泰金國票4C售02","0","0","0","--","--","--","--"," ","0.00","0.01","25","0.05","10","0.00",
="087220","世芯群益51購09","745,000","14","3,075,840","4.37","4.39","3.90","3.90","-","0.47","1.46","13","--","0","3,700.00",
="087221","臻鼎群益52購02","0","0","0","--","--","--","--"," ","0.00","--","0","4.49","10","171.50",
="087222","世紀鋼群益54購03","0","0","0","--","--","--","--"," ","0.00","0.46","10","0.56","10","171.50",
="087223","台光電台新51購01","0","0","0","--","--","--","--"," ","0.00","6.15","20","--","0","0.00",
="087224","健策台新51購01","0","0","0","--","--","--","--"," ","0.00","7.30","20","--","0","0.00",
="087225","T50反1永豐53購02","0","0","0","--","--","--","--"," ","0.00","0.06","10","0.10","10","18.29",
="087226","日本反永豐52購01","200,000","1","46,000","0.23","0.23","0.23","0.23"," ","0.00","0.22","10","0.23","10","5.00",
="087227","大成鋼永豐51購01","0","0","0","--","--","--","--"," ","0.00","3.49","10","3.53","10","37.90",
="087228","台積電永豐54購03","46,000","2","1,208,600","26.00","26.60","26.00","26.60","+","3.60","5.10","3","--","0","1,340.00",
="087229","台積電永豐55購03","0","0","0","--","--","--","--"," ","0.00","2.03","4","--","0","1,340.00",
="08722P","聯鈞國票4C售02","0","0","0","--","--","--","--"," ","0.00","0.03","25","0.05","10","0.00",
="087230","T50反1兆豐4A購01","0","0","0","--","--","--","--"," ","0.00","--","0","0.01","773","18.29",
="087231","漢唐永豐53購01","24,000","2","72,740","3.04","3.04","3.02","3.02","X","0.00","--","0","--","0","987.00",
="087232","京元電永豐53購01","0","0","0","--","--","--","--"," ","0.00","3.05","10","3.13","10","167.00",
="087233","大立光永豐51購03","0","0","0","--","--","--","--"," ","0.00","1.13","10","1.15","10","2,360.00",
="087234","奇鋐永豐51購05","0","0","0","--","--","--","--"," ","0.00","5.25","499","5.35","10","1,015.00",
="087235","群創永豐52購02","0","0","0","--","--","--","--"," ","0.00","1.17","499","1.19","10","14.15",
="087236","臻鼎永豐52購01","1,000","1","9,500","9.50","9.50","9.50","9.50","+","0.10","9.25","499","9.40","10","171.50",
="087237","穎崴永豐52購03","71,000","4","287,540","4.09","4.09","4.00","4.00","-","0.17","4.11","499","4.16","10","2,015.00",
="087238","台灣50富邦52購03","0","0","0","--","--","--","--"," ","0.00","3.65","100","3.70","10","0.00",
="087239","T50反1富邦53購03","0","0","0","--","--","--","--"," ","0.00","0.27","100","0.28","98","0.00",
="08723P","臺股指國票4B售08","0","0","0","--","--","--","--"," ","0.00","0.06","499","0.07","499","0.00",
="087240","T50反1富邦54購02","0","0","0","--","--","--","--"," ","0.00","0.39","100","0.40","100","0.00",
="087241","台達電富邦53購01","0","0","0","--","--","--","--"," ","0.00","7.15","30","7.35","10","0.00",
="087242","穎崴富邦53購04","0","0","0","--","--","--","--"," ","0.00","2.31","10","2.41","10","0.00",
="087243","力積電富邦51購02","10,000","3","21,480","2.17","2.17","2.12","2.15","+","0.45","2.32","30","--","0","0.00",
="087244","連加富邦53購01","0","0","0","--","--","--","--"," ","0.00","0.39","10","0.40","10","0.00",
="087245","臺股指富邦52購10","0","0","0","--","--","--","--"," ","0.00","3.79","499","3.80","100","0.00",
="087246","臺股指富邦52購11","0","0","0","--","--","--","--"," ","0.00","3.25","499","3.26","10","0.00",
="087247","台灣50元大51購09","0","0","0","--","--","--","--"," ","0.00","6.30","300","6.60","10","58.45",
="087248","台灣50元大52購01","0","0","0","--","--","--","--"," ","0.00","7.55","300","7.85","10","58.45",
="087249","台灣50元大52購02","0","0","0","--","--","--","--"," ","0.00","3.58","400","3.64","10","58.45",
="08724P","臺股指國票4C售02","0","0","0","--","--","--","--"," ","0.00","0.15","499","0.16","499","0.00",
="087250","台灣50元大54購03","0","0","0","--","--","--","--"," ","0.00","5.70","300","6.00","10","58.45",
="087251","元金2X元大53購01","117,000","19","391,100","3.34","3.42","3.30","3.30","+","0.29","3.35","250","3.36","100","70.40",
="087252","中興電元大51購05","1,250,000","3","562,500","0.45","0.45","0.45","0.45","-","0.05","0.44","499","0.45","10","159.00",
="087253","華城元大51購13","12,000","2","37,140","3.11","3.11","3.05","3.05","X","0.00","2.91","250","2.94","10","586.00",
="087254","中砂元大51購10","100,000","6","130,090","1.27","1.41","1.27","1.37","+","0.17","1.31","499","1.35","10","339.00",
="087255","台達電元大51購05","1,000","1","26,800","26.80","26.80","26.80","26.80","+","0.80","25.40","10","25.80","10","893.00",
="087256","鴻海元大51購21","0","0","0","--","--","--","--"," ","0.00","2.46","350","2.48","10","221.00",
="087257","鴻海元大51購22","0","0","0","--","--","--","--"," ","0.00","2.57","300","2.59","10","221.00",
="087258","鴻海元大51購23","19,000","3","48,470","2.55","2.56","2.55","2.56","+","0.23","2.55","300","2.56","10","221.00",
="087259","台積電元大51購62","50,000","1","103,000","2.06","2.06","2.06","2.06","X","0.00","0.19","50","--","0","1,340.00",
="08725P","臺股指國票51售01","0","0","0","--","--","--","--"," ","0.00","0.19","499","0.20","499","0.00",
="087260","台積電元大51購63","0","0","0","--","--","--","--"," ","0.00","0.12","9","--","0","1,340.00",
="087261","台積電元大57購03","80,000","1","101,600","1.27","1.27","1.27","1.27","X","0.00","0.10","11","--","0","1,340.00",
="087262","華邦電元大51購05","10,000","1","77,500","7.75","7.75","7.75","7.75","+","1.50","7.70","100","--","0","36.45",
="087263","金像電元大51購06","16,000","3","120,800","7.65","7.65","7.45","7.45","+","0.20","7.30","100","7.35","10","455.00",
="087264","金像電元大54購04","1,624,000","37","3,019,120","1.88","1.89","1.82","1.86","+","0.10","1.81","450","1.82","10","455.00",
="087265","漢唐元大51購05","0","0","0","--","--","--","--"," ","0.00","3.49","25","3.59","10","987.00",
="087266","南亞科元大51購11","38,000","9","146,910","4.27","4.27","3.79","4.04","-","0.32","4.19","25","4.27","1","81.00",
="087267","宏達電元大51購04","0","0","0","--","--","--","--"," ","0.00","9.90","100","--","0","64.60",
="087268","長榮元大51購25","0","0","0","--","--","--","--"," ","0.00","0.86","499","0.88","10","182.00",
="087269","長榮元大51購26","0","0","0","--","--","--","--"," ","0.00","0.51","499","0.52","10","182.00",
="08726P","貿聯群益4B售02","0","0","0","--","--","--","--"," ","0.00","--","0","0.05","200","0.00",
="087270","萬海元大54購02","0","0","0","--","--","--","--"," ","0.00","0.50","499","0.51","10","77.90",
="087271","大立光元大51購10","214,000","4","220,480","1.05","1.05","1.02","1.02","-","0.08","1.04","499","1.07","10","2,360.00",
="087272","偉訓元大51購02","456,000","11","1,122,920","2.57","2.57","2.32","2.32","-","0.30","2.28","300","2.32","5","97.50",
="087273","緯創元大51購08","0","0","0","--","--","--","--"," ","0.00","1.01","499","1.03","10","122.50",
="087274","玉晶光元大51購06","111,000","8","244,360","2.31","2.31","2.16","2.21","-","0.16","2.19","350","2.23","10","443.50",
="087275","碩天元大51購02","15,000","2","5,450","0.36","0.37","0.36","0.37","-","0.05","0.37","499","0.38","10","217.00",
="087276","健策元大51購02","5,000","1","15,650","3.13","3.13","3.13","3.13","X","0.00","2.99","250","--","0","2,355.00",
="087277","世芯元大51購32","38,000","3","89,360","2.45","2.45","2.30","2.30","-","0.21","0.07","499","--","0","3,700.00",
="087278","世芯元大51購33","82,000","6","188,900","2.40","2.40","2.26","2.26","-","0.28","0.07","499","--","0","3,700.00",
="087279","世芯元大51購34","273,000","6","222,750","0.83","0.83","0.75","0.75","-","0.16","0.09","111","--","0","3,700.00",
="08727P","台灣50凱基4B售07","0","0","0","--","--","--","--"," ","0.00","--","0","0.02","10","0.00",
="087280","貿聯元大51購08","628,000","17","739,130","1.32","1.32","1.11","1.11","-","0.14","1.09","499","--","0","1,085.00",
="087281","日月光元大51購03","7,000","1","8,120","1.16","1.16","1.16","1.16","+","0.15","1.16","499","1.19","10","174.50",
="087282","定穎控元大51購01","0","0","0","--","--","--","--"," ","0.00","8.80","100","--","0","90.10",
="087283","祥碩元大51購01","56,000","1","20,160","0.36","0.36","0.36","0.36","-","0.01","0.35","25","0.36","10","1,525.00",
="087284","精成科元大51購08","0","0","0","--","--","--","--"," ","0.00","1.68","400","--","0","125.50",
="087285","穎崴元大57購01","30,000","3","379,000","12.90","12.90","12.50","12.50","+","0.20","12.20","50","13.20","10","2,015.00",
="087286","緯穎元大51購20","43,000","5","186,880","4.36","4.41","4.17","4.30","-","0.03","4.23","200","4.25","10","3,140.00",
="087287","洋基元大51購02","1,000","1","3,810","3.81","3.81","3.81","3.81","+","0.15","3.93","200","3.98","10","449.00",
="087288","虎航元大51購02","0","0","0","--","--","--","--"," ","0.00","0.70","499","0.71","10","75.80",
="087289","力積電元大51購01","194,000","22","371,480","1.46","2.50","1.46","2.50","+","1.24","2.09","31","2.90","2","23.45",
="08728P","台灣50凱基4B售08","0","0","0","--","--","--","--"," ","0.00","--","0","0.02","10","0.00",
="087290","力積電元大51購02","24,000","6","56,040","2.05","2.68","2.05","2.68","+","0.94","2.50","10","2.68","11","23.45",
="087291","采鈺元大51購01","0","0","0","--","--","--","--"," ","0.00","3.43","200","--","0","305.50",
="087292","富世達元大51購04","368,000","11","499,800","1.31","1.45","1.27","1.41","+","0.21","1.33","499","1.37","10","1,010.00",
="087293","T50反1中信57購01","50,000","1","23,000","0.46","0.46","0.46","0.46","-","0.04","0.45","100","0.46","100","0.00",
="087294","華南金中信51購01","196,000","8","235,400","1.20","1.22","1.19","1.19"," ","0.00","1.20","10","1.22","10","0.00",
="087295","國票金中信51購03","0","0","0","--","--","--","--"," ","0.00","0.18","499","0.19","10","0.00",
="087296","中砂永豐52購05","149,000","7","92,380","0.59","0.64","0.59","0.63","X","0.00","0.58","10","0.59","10","339.00",
="087297","金像電永豐51購05","0","0","0","--","--","--","--"," ","0.00","3.07","499","3.17","10","455.00",
="087298","台光電永豐51購05","5,000","1","11,850","2.37","2.37","2.37","2.37","X","0.00","2.27","10","2.37","10","1,345.00",
="087299","漢唐永豐53購02","0","0","0","--","--","--","--"," ","0.00","--","0","--","0","987.00",
="08729P","T50正2凱基4B售05","0","0","0","--","--","--","--"," ","0.00","0.01","100","0.02","10","0.00",
="087300","萬海永豐53購01","0","0","0","--","--","--","--"," ","0.00","0.48","499","0.49","10","77.90",
="087301","德律永豐52購03","30,000","4","317,000","10.60","10.60","10.50","10.60","-","0.80","10.30","499","10.50","10","189.00",
="087302","智原永豐52購01","98,000","5","62,590","0.60","0.68","0.60","0.64","X","0.00","0.59","499","0.60","10","174.00",
="087303","聯發科凱基52購02","382,000","12","290,410","0.76","0.79","0.73","0.73","-","0.09","0.73","15","--","0","1,375.00",
="087304","聯發科凱基52購03","124,000","5","130,700","1.07","1.09","1.05","1.07","X","0.00","1.00","100","1.03","10","1,375.00",
="087305","牧德永豐52購02","0","0","0","--","--","--","--"," ","0.00","0.86","499","0.88","10","544.00",
="087306","智易永豐52購01","20,000","1","19,800","0.99","0.99","0.99","0.99","X","0.00","0.95","499","0.96","10","223.00",
="087307","定穎控永豐53購02","0","0","0","--","--","--","--"," ","0.00","3.26","499","3.28","10","90.10",
="087308","聯茂永豐52購01","0","0","0","--","--","--","--"," ","0.00","3.17","499","3.27","10","111.50",
="087309","洋基永豐51購01","0","0","0","--","--","--","--"," ","0.00","2.14","499","2.24","10","449.00",
="08730P","中砂凱基4C售02","0","0","0","--","--","--","--"," ","0.00","0.01","599","0.11","10","0.00",
="087310","勤誠永豐51購01","5,000","1","15,750","3.15","3.15","3.15","3.15","+","0.05","3.03","10","3.08","10","600.00",
="087311","金像電統一55購03","67,000","6","106,820","1.61","1.62","1.57","1.57","+","0.03","1.56","10","1.58","10","455.00",
="087312","金像電統一59購02","162,000","9","214,240","1.33","1.34","1.28","1.30","+","0.03","1.29","10","1.30","10","455.00",
="087313","漢唐統一63購01","51,000","4","46,200","0.92","0.92","0.90","0.91","-","0.02","0.90","10","0.91","10","987.00",
="087314","創見統一56購01","147,000","10","118,620","0.83","0.83","0.76","0.76","-","0.08","0.76","10","0.77","10","118.00",
="087315","創見統一57購03","183,000","5","133,340","0.73","0.73","0.68","0.68","-","0.06","0.69","10","0.70","10","118.00",
="087316","偉訓統一56購01","300,000","6","213,500","0.74","0.74","0.69","0.69","-","0.04","0.68","10","0.69","10","97.50",
="087317","奇鋐第一57購01","0","0","0","--","--","--","--"," ","0.00","1.36","10","1.40","10","0.00",
="087318","世芯第一57購04","2,000","2","2,550","1.28","1.28","1.27","1.27","-","0.06","1.22","10","1.23","10","0.00",
="087319","滬深2X凱基54購05","0","0","0","--","--","--","--"," ","0.00","3.76","100","3.77","50","19.04",
="08731P","台積電凱基4B售17","0","0","0","--","--","--","--"," ","0.00","--","0","0.10","10","0.00",
="087320","台化凱基51購02","0","0","0","--","--","--","--"," ","0.00","3.32","100","3.42","10","28.95",
="087321","中興電凱基52購02","0","0","0","--","--","--","--"," ","0.00","0.72","100","0.73","10","159.00",
="087322","正新凱基51購01","6,000","1","3,420","0.57","0.57","0.57","0.57","X","0.00","0.57","4","0.67","10","38.10",
="087323","台達電凱基51購03","0","0","0","--","--","--","--"," ","0.00","21.70","100","22.70","10","893.00",
="087325","國巨凱基51購03","20,000","2","260,200","14.00","14.00","12.90","12.90","+","0.50","13.00","2","--","0","176.00",
="087326","台積電凱基52購06","180,000","6","378,000","2.10","2.10","2.10","2.10","+","0.31","2.05","100","2.15","10","1,340.00",
="087327","台積電凱基67購02","117,000","8","348,620","2.92","3.02","2.92","3.02","+","0.18","2.98","100","3.08","10","1,340.00",
="087328","金像電凱基51購03","42,000","5","127,220","3.03","3.06","3.00","3.00","+","0.28","2.86","100","2.89","10","455.00",
="087329","大同凱基51購01","143,000","14","168,700","1.19","1.24","1.15","1.23","-","0.01","1.29","10","1.30","10","39.85",
="08732P","國泰金凱基4B售01","0","0","0","--","--","--","--"," ","0.00","0.01","100","0.11","10","0.00",
="087330","台光電凱基51購06","14,000","2","68,380","5.20","5.20","4.86","4.86","X","0.00","4.85","100","4.94","10","1,345.00",
="087331","漢唐凱基52購01","41,000","11","481,500","12.50","12.50","11.10","11.90","X","0.00","12.30","10","13.30","10","987.00",
="087332","長榮凱基51購11","0","0","0","--","--","--","--"," ","0.00","0.80","499","0.81","30","182.00",
="087333","萬海凱基51購05","2,000","1","2,260","1.13","1.13","1.13","1.13","-","0.01","1.02","100","1.03","10","77.90",
="087334","雄獅凱基51購04","0","0","0","--","--","--","--"," ","0.00","0.88","10","0.89","10","158.50",
="087335","玉山金凱基52購01","0","0","0","--","--","--","--"," ","0.00","1.13","100","1.14","10","33.15",
="087336","奇鋐凱基51購08","9,000","1","50,400","5.60","5.60","5.60","5.60","+","1.03","4.54","100","4.64","10","1,015.00",
="087337","德律凱基54購01","89,000","5","173,340","1.90","1.98","1.90","1.91","+","0.06","1.89","100","1.90","10","189.00",
="08733P","新日興凱基4B售03","50,000","1","5,500","0.11","0.11","0.11","0.11","-","0.07","0.13","10","0.23","10","0.00",
="087341","英業達統一4A購01","0","0","0","--","--","--","--"," ","0.00","--","0","0.06","208","45.00",
="087342","智原凱基51購06","92,000","9","91,310","0.86","1.08","0.86","0.97","+","0.17","0.96","100","0.97","10","174.00",
="087343","緯創凱基52購04","37,000","5","34,810","0.87","1.03","0.87","0.93","+","0.17","0.83","100","0.93","10","122.50",
="087344","貿聯凱基51購05","0","0","0","--","--","--","--"," ","0.00","5.40","100","5.90","10","1,085.00",
="087345","日月光凱基51購02","310,000","12","429,070","1.48","1.48","1.35","1.37"," ","0.00","1.34","10","1.37","10","174.50",
="087349","定穎控凱基52購02","80,000","1","568,000","7.10","7.10","7.10","7.10","X","0.00","6.75","50","7.25","10","90.10",
="08734P","光聖凱基4B售01","0","0","0","--","--","--","--"," ","0.00","--","0","0.10","10","0.00",
="087350","精成科凱基51購06","0","0","0","--","--","--","--"," ","0.00","6.80","100","--","0","125.50",
="087351","佳必琪凱基51購01","0","0","0","--","--","--","--"," ","0.00","1.48","100","1.50","10","160.00",
="087352","虎航凱基51購02","0","0","0","--","--","--","--"," ","0.00","0.47","100","0.48","10","75.80",
="087353","鑽石統一4A購01","0","0","0","--","--","--","--"," ","0.00","--","0","0.01","265","19.10",
="087354","來億凱基51購02","0","0","0","--","--","--","--"," ","0.00","0.13","10","0.14","50","224.00",
="087355","勤誠凱基51購04","16,000","1","27,680","1.73","1.73","1.73","1.73","X","0.00","1.68","100","1.71","10","600.00",
="087356","世紀鋼兆豐57購01","0","0","0","--","--","--","--"," ","0.00","0.34","10","0.35","10","171.50",
="087357","台積電富邦52購04","649,000","15","1,448,490","2.20","2.29","2.20","2.29","+","0.56","2.28","30","2.29","5","0.00",
="087358","台積電富邦55購04","56,000","10","119,720","2.07","2.17","2.07","2.16","+","0.25","2.19","30","2.21","10","0.00",
="087359","台積電富邦55購05","6,000","3","20,980","3.42","3.60","3.42","3.49","+","0.58","3.57","30","3.58","10","0.00",
="08735P","鴻海元大4B售10","0","0","0","--","--","--","--"," ","0.00","--","0","0.10","10","0.00",
="087360","台光電富邦53購02","107,000","16","288,500","2.53","2.76","2.53","2.76","+","0.28","2.69","10","2.73","10","0.00",
="087361","聯發科富邦55購01","0","0","0","--","--","--","--"," ","0.00","1.21","30","1.22","10","0.00",
="087362","緯創富邦52購03","338,000","19","225,930","0.64","0.71","0.63","0.63","X","0.00","0.61","10","0.62","10","0.00",
="087363","香港2X元大51購02","5,000","1","7,000","1.40","1.40","1.40","1.40","-","0.01","1.33","250","1.34","100","18.02",
="087364","A50正2元大51購02","0","0","0","--","--","--","--"," ","0.00","2.66","499","2.71","10","32.79",
="087365","中砂元大56購04","2,000","1","1,360","0.68","0.68","0.68","0.68","+","0.03","0.68","499","0.70","10","339.00",
="087366","美時元大51購02","312,000","2","102,220","0.32","0.33","0.32","0.33","+","0.03","0.32","499","0.33","10","192.00",
="087367","川湖元大51購04","0","0","0","--","--","--","--"," ","0.00","5.05","150","5.25","10","3,220.00",
="087368","川湖元大51購05","0","0","0","--","--","--","--"," ","0.00","3.78","250","3.88","10","3,220.00",
="087369","鴻海元大51購24","3,000","1","6,450","2.15","2.15","2.15","2.15","X","0.00","2.15","400","2.19","10","221.00",
="08736P","台積電元大4B售20","0","0","0","--","--","--","--"," ","0.00","--","0","0.10","10","0.00",
="087370","鴻海元大51購25","0","0","0","--","--","--","--"," ","0.00","2.15","400","2.19","10","221.00",
="087371","台積電元大51購66","70,000","2","137,600","2.00","2.00","1.96","1.96","X","0.00","0.18","9","--","0","1,340.00",
="087372","台積電元大52購11","4,000","4","7,430","1.82","1.97","1.82","1.97","+","0.32","0.14","71","--","0","1,340.00",
="087373","台積電元大54購10","50,000","1","100,000","2.00","2.00","2.00","2.00","X","0.00","0.17","6","--","0","1,340.00",
="087374","智邦元大51購04","17,000","5","72,530","4.27","4.37","4.17","4.37","+","0.36","0.69","72","--","0","1,005.00",
="087375","南亞科元大51購12","20,000","5","83,540","4.32","4.36","4.09","4.36","+","0.09","4.33","25","4.43","10","81.00",
="087376","京元電元大51購02","7,000","3","35,440","5.10","5.10","4.97","4.97","X","0.00","4.91","150","5.05","10","167.00",
="087377","京元電元大51購03","0","0","0","--","--","--","--"," ","0.00","4.63","150","4.73","10","167.00",
="087378","聯發科元大51購34","15,000","8","8,410","0.55","0.58","0.55","0.55","-","0.10","0.50","25","0.52","10","1,375.00",
="087379","聯發科元大51購35","209,000","5","193,230","0.92","0.97","0.92","0.94","-","0.10","0.87","25","0.89","10","1,375.00",
="08737P","聯發科元大4B售13","0","0","0","--","--","--","--"," ","0.00","0.04","499","0.13","10","0.00",
="087380","長榮元大51購27","0","0","0","--","--","--","--"," ","0.00","0.46","499","0.47","10","182.00",
="087381","慧洋元大51購02","0","0","0","--","--","--","--"," ","0.00","2.30","300","2.33","10","58.40",
="087382","聯陽元大51購01","328,000","6","150,780","0.46","0.46","0.45","0.46","-","0.01","0.44","499","0.45","10","135.00",
="087383","奇鋐元大51購19","28,000","3","178,800","6.45","6.45","6.35","6.35","+","1.05","5.20","150","5.35","10","1,015.00",
="087384","奇鋐元大51購20","245,000","4","364,220","1.54","1.54","1.48","1.48","+","0.14","1.27","499","1.31","10","1,015.00",
="087385","智原元大51購11","381,000","15","325,090","0.70","0.90","0.70","0.80","+","0.11","0.79","503","0.81","10","174.00",
="087386","智原元大57購02","1,269,000","23","985,420","0.67","0.86","0.67","0.76","+","0.09","0.76","499","0.77","10","174.00",
="087387","健鼎元大51購03","0","0","0","--","--","--","--"," ","0.00","2.61","300","2.65","10","309.50",
="087388","景碩元大51購01","473,000","18","2,111,510","4.47","4.87","4.09","4.09","-","0.43","4.00","150","4.10","10","111.50",
="087389","緯創元大51購09","3,000","1","3,180","1.06","1.06","1.06","1.06","X","0.00","1.01","499","1.04","10","122.50",
="08738P","一詮元大4B售01","0","0","0","--","--","--","--"," ","0.00","0.32","499","0.33","200","0.00",
="087390","新日興元大51購04","8,000","6","18,290","2.35","2.35","2.18","2.18","+","0.04","1.18","8","--","0","237.00",
="087391","玉晶光元大51購07","108,000","10","257,160","2.50","2.50","2.32","2.32","-","0.21","2.35","25","2.39","10","443.50",
="087392","嘉澤元大51購10","36,000","1","54,000","1.50","1.50","1.50","1.50","X","0.00","1.52","10","1.56","10","1,605.00",
="087393","嘉澤元大51購11","0","0","0","--","--","--","--"," ","0.00","1.53","450","1.56","10","1,605.00",
="087394","世芯元大51購36","56,000","3","172,080","3.32","3.32","2.98","2.98","-","0.30","0.33","60","--","0","3,700.00",
="087395","神達元大51購16","8,000","3","94,300","12.40","12.40","11.60","11.60","+","0.70","12.10","50","12.30","10","90.00",
="087396","臻鼎元大51購01","0","0","0","--","--","--","--"," ","0.00","3.72","200","3.82","10","171.50",
="087397","達興元大51購01","13,000","2","64,820","5.00","5.00","4.94","4.94","-","0.21","5.55","150","5.70","10","399.00",
="087398","精成科元大51購09","0","0","0","--","--","--","--"," ","0.00","5.75","100","--","0","125.50",
="087399","精成科元大51購10","195,000","16","471,930","2.56","2.56","2.20","2.24","-","0.37","2.20","300","2.24","10","125.50",
="08739P","創意元大4B售05","0","0","0","--","--","--","--"," ","0.00","0.01","499","0.11","10","0.00",
="087400","力成元大51購01","511,000","31","494,040","1.03","1.04","0.90","0.94","-","0.06","0.94","499","0.97","10","150.50",
="087401","矽格元大51購01","70,000","11","294,160","4.26","4.28","4.11","4.11","-","0.04","2.15","1","--","0","93.00",
="087402","愛普元大51購04","10,000","3","22,610","2.29","2.30","2.23","2.30","-","0.07","0.24","41","--","0","344.00",
="087403","緯穎元大51購21","59,000","12","232,870","3.89","4.07","3.76","3.89","-","0.10","3.89","200","3.92","10","3,140.00",
="087404","AES元大51購02","192,000","11","246,990","1.26","1.33","1.19","1.19","-","0.02","1.15","499","1.17","10","1,195.00",
="087405","AES元大51購03","0","0","0","--","--","--","--"," ","0.00","0.82","499","0.92","10","1,195.00",
="087406","富世達元大51購05","5,000","2","7,390","1.40","1.53","1.40","1.53","+","0.21","1.48","499","1.53","10","1,010.00",
="087407","南電元大51購01","0","0","0","--","--","--","--"," ","0.00","4.24","150","--","0","234.50",
="087408","南電元大51購02","0","0","0","--","--","--","--"," ","0.00","4.17","150","--","0","234.50",
="087409","世紀鋼元大51購06","0","0","0","--","--","--","--"," ","0.00","0.12","499","0.13","10","171.50",
="08740P","聯鈞元大4B售02","10,000","1","400","0.04","0.04","0.04","0.04","-","0.02","0.03","499","0.13","10","0.00",
="087410","上証2X元富51購02","0","0","0","--","--","--","--"," ","0.00","0.37","2","--","0","47.20",
="087411","上証2X元富51購03","0","0","0","--","--","--","--"," ","0.00","0.28","3","--","0","47.20",
="087412","漢唐元富51購03","0","0","0","--","--","--","--"," ","0.00","--","0","--","0","987.00",
="087413","創見元富52購01","40,000","3","73,330","1.84","1.84","1.75","1.75","-","0.24","1.78","25","1.81","10","118.00",
="087414","創見元富52購02","0","0","0","--","--","--","--"," ","0.00","1.31","25","1.33","10","118.00",
="087415","聯發科元富51購11","0","0","0","--","--","--","--"," ","0.00","1.66","25","1.76","10","1,375.00",
="087416","聯發科元富51購12","160,000","6","177,900","1.11","1.14","1.11","1.11","-","0.16","1.04","40","1.11","10","1,375.00",
="087417","景碩元富51購02","24,000","3","135,600","5.55","5.75","5.55","5.65","+","0.40","5.00","25","5.15","10","111.50",
="087418","世芯元富52購09","0","0","0","--","--","--","--"," ","0.00","2.28","25","2.31","25","3,700.00",
="087419","天鈺元富51購01","5,000","3","5,890","1.17","1.19","1.17","1.19","-","0.06","1.13","25","1.17","25","173.50",
="08741P","精銳元大4B售04","0","0","0","--","--","--","--"," ","0.00","0.16","499","0.17","200","0.00",
="087420","天鈺元富52購01","3,000","1","2,850","0.95","0.95","0.95","0.95","-","0.01","0.90","25","0.94","25","173.50",
="087421","精成科元富51購05","0","0","0","--","--","--","--"," ","0.00","3.61","25","--","0","125.50",
="087422","上証2X國票52購02","4,000","3","17,860","4.29","4.71","4.29","4.43","+","0.21","4.05","25","4.06","10","47.20",
="087423","大同國票52購01","75,000","8","186,600","2.38","2.59","2.38","2.59","+","0.14","2.59","23","2.65","10","39.85",
="087424","美律國票52購01","228,000","6","113,850","0.46","0.52","0.46","0.51","+","0.04","0.49","25","0.51","10","104.00",
="087425","零壹國票54購01","1,000","1","830","0.83","0.83","0.83","0.83","X","0.00","0.84","25","0.85","10","125.00",
="087426","德律國票53購02","0","0","0","--","--","--","--"," ","0.00","2.32","25","2.36","10","189.00",
="087427","定穎控國票52購02","0","0","0","--","--","--","--"," ","0.00","13.00","25","13.10","10","90.10",
="087428","精成科國票55購01","0","0","0","--","--","--","--"," ","0.00","7.60","25","7.70","10","125.50",
="087429","元債2X國泰52購02","152,000","6","115,500","0.76","0.76","0.75","0.75","X","0.00","0.75","499","0.76","10","7.35",
="08742P","聯發科台新4B售02","0","0","0","--","--","--","--"," ","0.00","0.12","20","0.13","10","0.00",
="087430","中砂國泰52購03","44,000","6","54,950","1.20","1.31","1.20","1.23","+","0.17","1.18","509","1.19","499","339.00",
="087431","台積電國泰52購03","0","0","0","--","--","--","--"," ","0.00","0.61","1","--","0","1,340.00",
="087432","長榮國泰55購01","0","0","0","--","--","--","--"," ","0.00","1.22","499","1.24","499","182.00",
="087433","雄獅國泰52購01","22,000","1","35,640","1.62","1.62","1.62","1.62","X","0.00","1.56","499","1.59","100","158.50",
="087434","嘉澤國泰52購01","23,000","2","50,140","2.18","2.18","2.18","2.18","-","0.06","2.11","499","2.14","100","1,605.00",
="087435","南電國泰52購01","0","0","0","--","--","--","--"," ","0.00","7.55","499","--","0","234.50",
="087436","勤誠國泰52購01","32,000","2","67,490","2.11","2.11","2.10","2.10","+","0.09","2.03","100","2.06","100","600.00",
="087437","儒鴻群益51購02","16,000","2","12,000","0.75","0.75","0.75","0.75","-","0.13","0.27","37","--","0","431.50",
="087438","士紙群益51購01","400,000","1","336,000","0.84","0.84","0.84","0.84","-","0.01","0.86","10","0.96","10","53.10",
="087439","鴻海群益53購08","1,000","1","5,250","5.25","5.25","5.25","5.25","+","0.55","5.25","100","5.30","100","221.00",
="08743P","華航台新4B售01","0","0","0","--","--","--","--"," ","0.00","0.55","10","0.56","10","0.00",
="087440","華碩群益52購01","0","0","0","--","--","--","--"," ","0.00","0.09","12","--","0","684.00",
="087441","金像電群益52購04","101,000","5","355,270","3.47","3.53","3.47","3.49","+","0.21","3.39","10","3.49","10","455.00",
="087442","創見群益52購01","278,000","14","428,610","1.58","1.58","1.47","1.54","-","0.22","0.60","83","--","0","118.00",
="087443","聯發科群益51購09","0","0","0","--","--","--","--"," ","0.00","--","0","--","0","1,375.00",
="087444","國票金群益51購02","0","0","0","--","--","--","--"," ","0.00","0.18","25","0.19","10","14.90",
="087445","大立光群益51購03","0","0","0","--","--","--","--"," ","0.00","2.34","100","2.44","100","2,360.00",
="087446","亞光群益57購01","0","0","0","--","--","--","--"," ","0.00","0.86","5","1.41","10","161.50",
="087447","偉訓群益57購01","100,000","1","122,000","1.22","1.22","1.22","1.22","-","0.07","1.19","10","1.29","10","97.50",
="087449","世芯群益51購10","234,000","17","843,380","3.79","3.86","3.38","3.38","-","0.73","1.12","8","--","0","3,700.00",
="08744P","長榮航台新4B售01","0","0","0","--","--","--","--"," ","0.00","0.50","10","0.51","10","0.00",
="087450","瑞智群益51購01","60,000","2","37,700","0.63","0.63","0.62","0.62","-","0.02","0.21","51","--","0","24.15",
="087451","臻鼎群益51購01","0","0","0","--","--","--","--"," ","0.00","1.64","30","4.00","10","171.50",
="087452","力成群益52購01","122,000","4","235,740","1.98","1.98","1.91","1.93","-","0.09","0.64","31","--","0","150.50",
="087453","穎崴群益51購01","0","0","0","--","--","--","--"," ","0.00","1.88","30","--","0","2,015.00",
="087454","連加群益51購01","0","0","0","--","--","--","--"," ","0.00","0.72","10","0.82","10","606.00",
="087455","連加群益53購01","0","0","0","--","--","--","--"," ","0.00","0.79","10","0.89","10","606.00",
="087456","勤誠群益51購05","0","0","0","--","--","--","--"," ","0.00","1.86","100","1.93","100","600.00",
="087457","可寧衛群益51購01","45,000","6","32,600","0.70","0.75","0.70","0.71"," ","0.00","0.70","10","--","0","201.00",
="087458","世紀鋼群益51購03","65,000","2","58,840","0.89","0.92","0.89","0.92","X","0.00","0.81","10","0.91","10","171.50",
="087459","晟銘電台新51購01","0","0","0","--","--","--","--"," ","0.00","0.81","20","0.82","10","0.00",
="08745P","世芯台新4B售01","0","0","0","--","--","--","--"," ","0.00","0.01","20","0.02","10","0.00",
="087460","南電台新51購01","0","0","0","--","--","--","--"," ","0.00","9.35","20","--","0","0.00",
="087461","智邦中信52購01","327,000","11","446,440","1.31","1.40","1.31","1.40","+","0.09","1.37","10","1.40","10","0.00",
="087462","鴻準中信52購01","23,000","1","18,170","0.79","0.79","0.79","0.79","X","0.00","0.73","499","0.74","10","0.00",
="087463","貿聯中信51購01","0","0","0","--","--","--","--"," ","0.00","0.96","10","1.07","5","0.00",
="087464","精成科中信52購01","0","0","0","--","--","--","--"," ","0.00","--","0","--","0","0.00",
="087465","聯茂中信52購01","136,000","6","311,780","2.23","2.34","2.18","2.18","-","0.08","2.14","10","2.17","10","0.00",
="087466","昇陽半中信51購01","152,000","17","306,730","2.00","2.09","1.96","2.07","+","0.18","1.80","10","1.83","10","0.00",
="087467","勤誠中信51購01","56,000","4","48,740","0.83","0.92","0.83","0.89","+","0.04","0.81","10","0.84","10","0.00",
="087468","T50反1永豐53購03","0","0","0","--","--","--","--"," ","0.00","0.11","10","--","0","18.29",
="087469","T50反1永豐54購02","9,000","7","2,600","0.30","0.30","0.28","0.29","-","0.04","0.28","10","0.29","9","18.29",
="08746P","長榮航元富4B售04","0","0","0","--","--","--","--"," ","0.00","0.71","25","0.72","25","0.00",
="087470","道瓊銅永豐53購01","0","0","0","--","--","--","--"," ","0.00","0.18","10","0.19","10","25.59",
="087471","第一銅永豐51購02","0","0","0","--","--","--","--"," ","0.00","0.45","10","0.46","10","33.95",
="087472","華邦電永豐51購04","0","0","0","--","--","--","--"," ","0.00","9.90","10","--","0","36.45",
="087473","智邦永豐52購04","0","0","0","--","--","--","--"," ","0.00","3.04","499","3.12","10","1,005.00",
="087474","聯發科永豐51購04","27,000","1","23,220","0.86","0.86","0.86","0.86","X","0.00","0.79","499","0.80","10","1,375.00",
="087475","長榮永豐53購02","0","0","0","--","--","--","--"," ","0.00","0.61","499","0.62","10","182.00",
="087476","奇鋐永豐57購01","65,000","11","149,350","2.39","2.42","2.09","2.09","+","0.01","2.07","10","2.17","10","1,015.00",
="087477","亞光永豐51購01","0","0","0","--","--","--","--"," ","0.00","2.00","499","2.03","10","161.50",
="087478","貿聯永豐52購09","0","0","0","--","--","--","--"," ","0.00","1.55","499","1.59","10","1,085.00",
="087479","飛捷永豐54購01","0","0","0","--","--","--","--"," ","0.00","0.36","10","0.37","10","106.50",
="08747P","緯穎元富4B售06","0","0","0","--","--","--","--"," ","0.00","0.02","25","0.10","10","0.00",
="087480","南電永豐51購03","20,000","2","84,620","4.15","4.42","4.15","4.42","+","0.70","4.01","499","--","0","234.50",
="087481","致新永豐53購01","3,000","2","2,980","1.00","1.00","0.98","0.98","+","0.06","0.99","499","1.00","10","236.00",
="087482","勤誠永豐53購03","34,000","8","78,370","2.26","2.39","2.22","2.39","X","0.00","2.23","10","2.26","10","600.00",
="087483","第一銅統一57購01","0","0","0","--","--","--","--"," ","0.00","0.50","10","0.51","10","33.95",
="087484","第一銅統一57購02","0","0","0","--","--","--","--"," ","0.00","0.50","10","0.51","10","33.95",
="087485","上銀統一57購02","162,000","4","101,880","0.63","0.64","0.61","0.61","-","0.02","0.60","10","0.98","2","217.50",
="087486","矽統統一57購01","0","0","0","--","--","--","--"," ","0.00","0.74","10","0.75","10","58.60",
="087487","矽統統一57購02","0","0","0","--","--","--","--"," ","0.00","0.83","10","0.84","10","58.60",
="087488","矽統統一59購01","180,000","1","180,000","1.00","1.00","1.00","1.00","X","0.00","1.00","10","1.01","10","58.60",
="087489","矽統統一61購01","0","0","0","--","--","--","--"," ","0.00","0.97","10","0.98","10","58.60",
="08748P","川湖凱基4C售02","10,000","1","1,000","0.10","0.10","0.10","0.10","X","0.00","0.01","5","0.07","45","0.00",
="087490","台光電統一55購02","284,000","8","446,770","1.51","1.61","1.51","1.56","X","0.00","1.55","10","1.57","10","1,345.00",
="087491","晟銘電統一59購06","0","0","0","--","--","--","--"," ","0.00","0.63","10","0.64","10","121.00",
="087492","奇鋐統一55購05","48,000","4","59,310","1.25","1.25","1.22","1.22","+","0.09","1.10","10","1.11","10","1,015.00",
="087493","貿聯統一53購02","106,000","4","98,280","0.98","0.98","0.82","0.82","-","0.08","0.81","10","0.82","5","1,085.00",
="087494","定穎控統一55購01","0","0","0","--","--","--","--"," ","0.00","--","0","--","0","90.10",
="087495","定穎控統一57購01","0","0","0","--","--","--","--"," ","0.00","1.65","10","1.66","10","90.10",
="087496","洋基統一59購01","108,000","5","78,820","0.72","0.74","0.72","0.73","+","0.02","0.72","13","0.73","10","449.00",
="087497","昇陽半統一59購01","1,324,000","28","1,933,070","1.44","1.50","1.38","1.39","-","0.01","1.36","2","1.37","10","179.50",
="087498","聯發科第一57購01","0","0","0","--","--","--","--"," ","0.00","0.51","10","0.52","10","0.00",
="087499","嘉澤兆豐51購01","20,000","1","22,800","1.14","1.14","1.14","1.14","X","0.00","1.16","10","1.18","10","1,605.00",
="08749P","台積電凱基4B售18","0","0","0","--","--","--","--"," ","0.00","--","0","0.10","10","0.00",
="087500","定穎控兆豐53購01","0","0","0","--","--","--","--"," ","0.00","3.58","10","--","0","90.10",
="087502","聯茂兆豐53購01","49,000","2","84,890","1.67","1.76","1.67","1.76","+","0.10","1.55","10","1.58","10","111.50",
="087503","勤誠兆豐53購03","126,000","6","152,360","1.17","1.23","1.16","1.16","+","0.05","1.15","10","1.17","10","600.00",
="087504","滬深2X群益51購01","0","0","0","--","--","--","--"," ","0.00","0.21","5","--","0","19.04",
="087505","國巨群益53購05","3,000","1","10,260","3.42","3.42","3.42","3.42","X","0.00","--","0","--","0","176.00",
="087506","台積電群益51購17","0","0","0","--","--","--","--"," ","0.00","0.03","3","--","0","1,340.00",
="087507","台積電群益57購02","0","0","0","--","--","--","--"," ","0.00","0.03","3","--","0","1,340.00",
="087508","瑞昱群益51購02","30,000","1","17,400","0.58","0.58","0.58","0.58","-","0.03","0.55","10","0.65","10","540.00",
="087509","台光電群益51購10","49,000","1","181,300","3.70","3.70","3.70","3.70","X","0.00","0.78","10","--","0","1,345.00",
="08750P","台光電凱基4B售01","0","0","0","--","--","--","--"," ","0.00","--","0","0.02","50","0.00",
="087510","漢唐群益51購03","0","0","0","--","--","--","--"," ","0.00","--","0","4.68","10","987.00",
="087511","長榮群益51購04","0","0","0","--","--","--","--"," ","0.00","0.66","100","0.67","100","182.00",
="087512","長榮群益51購05","0","0","0","--","--","--","--"," ","0.00","0.60","100","0.61","100","182.00",
="087513","奇鋐群益51購05","0","0","0","--","--","--","--"," ","0.00","6.85","499","7.35","10","1,015.00",
="087514","德律群益51購02","295,000","19","669,490","2.26","2.50","2.11","2.11","-","0.24","2.14","10","2.24","10","189.00",
="087515","智原群益51購05","250,000","21","235,000","0.77","1.03","0.77","0.95","+","0.17","0.92","10","1.02","20","174.00",
="087516","貿聯群益52購04","105,000","2","167,550","1.61","1.61","1.58","1.58"," ","0.00","0.61","16","--","0","1,085.00",
="087517","日月光群益52購01","49,000","4","87,020","1.81","1.81","1.74","1.74","+","0.03","1.77","10","1.87","10","174.50",
="087518","天鈺群益51購01","0","0","0","--","--","--","--"," ","0.00","0.43","10","0.53","10","173.50",
="087519","智邦富邦52購03","0","0","0","--","--","--","--"," ","0.00","2.00","10","2.10","10","0.00",
="08751P","一詮凱基4B售03","0","0","0","--","--","--","--"," ","0.00","0.15","10","0.17","50","0.00",
="087520","金像電富邦52購01","0","0","0","--","--","--","--"," ","0.00","2.95","10","2.99","10","0.00",
="087521","金像電富邦53購01","2,000","2","5,480","2.71","2.77","2.71","2.77","X","0.00","2.64","10","2.65","10","0.00",
="087522","漢唐富邦54購01","82,000","22","259,360","3.28","3.28","2.90","3.21","-","0.02","3.15","10","3.20","10","0.00",
="087523","聯發科富邦51購07","0","0","0","--","--","--","--"," ","0.00","1.00","30","1.01","10","0.00",
="087524","長榮富邦52購06","217,000","16","137,360","0.64","0.64","0.62","0.63","-","0.02","0.62","10","0.63","22","0.00",
="087525","長榮富邦53購02","39,000","4","21,840","0.56","0.56","0.56","0.56"," ","0.00","0.54","10","0.55","10","0.00",
="087526","雄獅富邦52購01","151,000","7","128,020","0.87","0.87","0.84","0.84","-","0.05","0.83","10","0.85","10","0.00",
="087527","嘉澤富邦53購02","210,000","6","218,710","1.05","1.05","1.01","1.01","-","0.04","1.01","10","1.03","10","0.00",
="087528","貿聯富邦53購01","144,000","10","241,360","1.79","1.79","1.57","1.57","-","0.17","1.54","10","1.56","10","0.00",
="087529","達興富邦52購01","0","0","0","--","--","--","--"," ","0.00","3.08","10","3.18","10","0.00",
="08752P","嘉澤凱基4B售02","0","0","0","--","--","--","--"," ","0.00","--","0","0.02","50","0.00",
="087530","精成科富邦53購01","0","0","0","--","--","--","--"," ","0.00","2.28","10","2.30","5","0.00",
="087531","來億富邦52購01","0","0","0","--","--","--","--"," ","0.00","0.15","10","0.16","10","0.00",
="087532","勤誠富邦51購01","592,000","18","685,530","1.10","1.19","1.09","1.17","+","0.03","1.12","30","1.13","10","0.00",
="087533","T50正2元大51購07","0","0","0","--","--","--","--"," ","0.00","3.96","499","4.04","10","302.45",
="087534","T50反1元大51購05","0","0","0","--","--","--","--"," ","0.00","0.15","499","0.16","10","18.29",
="087535","上証2X元大53購01","7,000","1","20,860","2.98","2.98","2.98","2.98","X","0.00","3.04","250","3.05","100","47.20",
="087536","上証2X元大54購01","4,000","4","8,850","2.23","2.23","2.19","2.19","-","0.16","2.22","250","2.23","100","47.20",
="087537","士電元大51購01","0","0","0","--","--","--","--"," ","0.00","1.68","450","1.71","10","183.00",
="087538","華城元大51購14","65,000","9","192,740","2.97","3.09","2.93","2.99","-","0.11","2.91","250","2.95","10","586.00",
="087539","華新元大51購01","0","0","0","--","--","--","--"," ","0.00","1.61","400","1.64","10","24.05",
="08753P","聯鈞統一4C售02","0","0","0","--","--","--","--"," ","0.00","0.01","10","0.03","10","0.00",
="087540","第一銅元大51購01","0","0","0","--","--","--","--"," ","0.00","1.11","499","1.12","10","33.95",
="087541","台達電元大51購06","0","0","0","--","--","--","--"," ","0.00","20.00","50","--","0","893.00",
="087542","台達電元大51購07","0","0","0","--","--","--","--"," ","0.00","20.30","50","--","0","893.00",
="087543","鴻海元大51購26","29,000","2","86,530","2.98","3.09","2.98","3.09","X","0.00","3.05","250","3.07","10","221.00",
="087544","鴻海元大51購27","0","0","0","--","--","--","--"," ","0.00","3.09","250","3.15","10","221.00",
="087545","鴻海元大51購28","48,000","6","146,410","3.03","3.12","3.03","3.12","+","0.31","3.09","250","3.12","10","221.00",
="087546","台積電元大51購67","82,000","3","129,120","1.50","1.59","1.50","1.59","X","0.00","0.11","9","--","0","1,340.00",
="087547","台積電元大54購11","60,000","1","119,400","1.99","1.99","1.99","1.99","X","0.00","0.17","6","4.24","6","1,340.00",
="087548","台積電元大55購03","50,000","1","106,000","2.12","2.12","2.12","2.12","X","0.00","0.18","6","--","0","1,340.00",
="087549","華邦電元大51購06","45,000","5","381,250","8.25","9.00","8.25","9.00","+","1.60","9.00","100","9.80","10","36.45",
="08754P","長榮航中信4B售03","0","0","0","--","--","--","--"," ","0.00","0.11","499","0.12","10","0.00",
="087550","智邦元大51購05","105,000","3","464,900","4.38","4.48","4.38","4.48","+","0.40","0.02","499","--","0","1,005.00",
="087551","智邦元大51購06","266,000","5","442,260","1.70","1.76","1.66","1.76","+","0.19","0.12","83","--","0","1,005.00",
="087552","鴻準元大51購04","18,000","2","30,870","1.75","1.75","1.68","1.68","-","0.01","1.67","450","1.68","10","70.70",
="087553","金像電元大51購07","92,000","14","458,790","5.00","5.10","4.82","4.91","+","0.17","4.78","150","4.83","10","455.00",
="087554","技嘉元大51購04","506,000","11","901,180","1.78","1.81","1.77","1.78","X","0.00","1.76","100","1.77","10","283.00",
="087555","台光電元大51購10","32,000","3","88,160","2.73","2.77","2.73","2.77","+","0.06","2.95","300","3.02","10","1,345.00",
="087556","漢唐元大51購06","29,000","6","201,150","7.20","7.20","6.65","7.00","-","0.20","7.30","25","7.35","10","987.00",
="087557","南亞科元大51購14","31,000","4","191,650","5.95","6.35","5.75","6.35","+","0.10","6.30","25","6.50","10","81.00",
="087558","宏達電元大51購05","0","0","0","--","--","--","--"," ","0.00","11.00","50","--","0","64.60",
="087559","宏達電元大51購06","0","0","0","--","--","--","--"," ","0.00","8.90","100","--","0","64.60",
="08755P","虎航中信4B售02","0","0","0","--","--","--","--"," ","0.00","0.58","499","0.59","10","0.00",
="087560","長榮元大51購28","0","0","0","--","--","--","--"," ","0.00","0.75","499","0.76","10","182.00",
="087561","陽明元大51購04","0","0","0","--","--","--","--"," ","0.00","1.51","450","1.52","10","55.20",
="087562","萬海元大54購03","2,000","1","1,740","0.87","0.87","0.87","0.87","-","0.01","0.82","499","0.83","10","77.90",
="087563","晟銘電元大57購01","0","0","0","--","--","--","--"," ","0.00","0.96","499","0.97","10","121.00",
="087564","亞光元大51購07","430,000","10","625,210","1.53","1.53","1.40","1.40","-","0.13","1.41","499","1.43","10","161.50",
="087565","德律元大51購06","58,000","6","96,100","1.58","1.80","1.58","1.60","-","0.06","1.54","450","1.57","10","189.00",
="087566","德律元大51購07","10,000","1","17,500","1.75","1.75","1.75","1.75","+","0.11","1.69","450","1.72","10","189.00",
="087567","智原元大57購03","406,000","7","474,610","1.16","1.19","1.14","1.16","+","0.15","1.12","499","1.14","10","174.00",
="087568","緯創元大51購10","0","0","0","--","--","--","--"," ","0.00","1.07","499","1.09","10","122.50",
="087569","新日興元大51購05","28,000","3","51,160","1.82","1.84","1.82","1.82","-","0.16","0.06","499","--","0","237.00",
="08756P","T50正2永豐52售01","0","0","0","--","--","--","--"," ","0.00","0.10","10","0.11","10","0.00",
="087570","玉晶光元大51購08","175,000","9","462,410","2.82","2.82","2.59","2.63","-","0.17","2.63","25","2.68","10","443.50",
="087571","牧德元大51購04","333,000","13","244,990","0.77","0.77","0.72","0.72","-","0.10","0.72","25","0.73","10","544.00",
="087572","世芯元大51購37","32,000","3","79,840","2.56","2.56","2.42","2.42","-","0.20","0.08","18","--","0","3,700.00",
="087573","世芯元大51購38","20,000","2","49,600","2.50","2.50","2.46","2.46","-","0.24","0.06","166","--","0","3,700.00",
="087574","世芯元大51購39","62,000","6","107,780","1.80","1.80","1.69","1.74","-","0.20","0.41","24","--","0","3,700.00",
="087575","貿聯元大51購09","108,000","7","307,200","3.18","3.18","2.67","2.67","-","0.37","2.53","250","--","0","1,085.00",
="087576","貿聯元大51購10","80,000","6","246,800","3.31","3.31","3.01","3.01","-","0.16","2.72","20","--","0","1,085.00",
="087577","貿聯元大51購11","0","0","0","--","--","--","--"," ","0.00","2.24","300","3.51","10","1,085.00",
="087578","亞翔元大51購06","25,000","1","72,500","2.90","2.90","2.90","2.90","X","0.00","2.87","250","2.91","10","358.50",
="087579","亞翔元大54購02","101,000","6","248,100","2.45","2.48","2.39","2.48","-","0.02","2.44","300","2.47","10","358.50",
="08757P","鴻海永豐4B售08","0","0","0","--","--","--","--"," ","0.00","--","0","0.03","10","0.00",
="087580","帆宣元大51購02","0","0","0","--","--","--","--"," ","0.00","3.05","250","3.15","10","255.00",
="087581","保瑞元大51購03","217,000","5","299,130","1.31","1.40","1.31","1.40","+","0.04","1.32","499","1.36","10","693.00",
="087582","緯穎元大51購22","84,000","18","273,880","3.32","3.37","3.07","3.19","-","0.11","3.19","250","3.22","10","3,140.00",
="087583","虎航元大51購03","300,000","2","111,000","0.37","0.37","0.37","0.37","X","0.00","0.35","499","0.36","10","75.80",
="087584","大立光國泰52購01","417,000","3","572,630","1.39","1.39","1.37","1.37","-","0.04","1.34","499","1.35","100","2,360.00",
="087585","零壹國泰52購01","7,000","3","10,550","1.49","1.52","1.49","1.52","+","0.03","1.51","2","1.53","100","125.00",
="087586","定穎控國泰52購01","0","0","0","--","--","--","--"," ","0.00","4.98","499","--","0","90.10",
="087587","穎崴國泰52購02","0","0","0","--","--","--","--"," ","0.00","5.20","499","6.40","50","2,015.00",
="087588","緯穎國泰52購04","32,000","2","85,020","2.65","2.66","2.65","2.66","X","0.00","2.56","10","2.57","10","3,140.00",
="087589","來億國泰52購01","0","0","0","--","--","--","--"," ","0.00","0.38","499","0.40","100","224.00",
="08758P","亞德客群益4B售01","0","0","0","--","--","--","--"," ","0.00","0.18","30","0.79","10","0.00",
="087590","矽統國票52購01","3,000","3","9,930","3.34","3.34","3.25","3.25","-","0.35","3.19","25","3.21","10","58.60",
="087591","台光電國票52購02","10,000","1","75,000","7.50","7.50","7.50","7.50","X","0.00","7.70","25","7.85","10","1,345.00",
="087592","建準國票52購01","89,000","7","138,370","1.55","1.62","1.32","1.32","-","0.12","1.29","25","1.31","10","129.00",
="087593","奇鋐國票52購03","11,000","5","70,550","6.85","7.00","5.75","5.75","-","0.20","5.90","25","6.00","10","1,015.00",
="087594","景碩國票52購02","34,000","3","178,300","5.30","5.30","5.20","5.20","-","0.10","4.89","25","4.99","10","111.50",
="087595","緯穎國票52購02","44,000","9","150,030","3.30","3.43","3.30","3.43","-","0.06","3.43","25","3.45","10","3,140.00",
="087596","連加國票52購02","0","0","0","--","--","--","--"," ","0.00","0.98","25","0.99","10","606.00",
="087597","潤泰新國票52購01","0","0","0","--","--","--","--"," ","0.00","1.07","25","1.08","10","29.80",
="087598","滬深2X元富51購01","0","0","0","--","--","--","--"," ","0.00","0.36","2","--","0","19.04",
="087599","FB越南元富51購01","0","0","0","--","--","--","--"," ","0.00","3.02","25","3.12","25","15.73",
="08759P","金像電群益51售01","0","0","0","--","--","--","--"," ","0.00","--","0","0.12","10","0.00",
="087600","FB越南元富51購02","0","0","0","--","--","--","--"," ","0.00","2.72","25","2.76","25","15.73",
="087601","華城元富51購03","0","0","0","--","--","--","--"," ","0.00","2.15","25","2.25","10","586.00",
="087602","中砂元富51購02","16,000","3","24,090","1.52","1.52","1.40","1.41","X","0.00","1.41","25","1.42","25","339.00",
="087603","台光電元富57購01","13,000","13","28,450","2.08","2.34","2.08","2.34","+","0.33","2.11","25","2.21","25","1,345.00",
="087604","台光電元富57購02","67,000","4","127,850","1.93","1.99","1.85","1.85","X","0.00","1.83","25","1.85","25","1,345.00",
="087605","亞光元富51購02","0","0","0","--","--","--","--"," ","0.00","3.99","25","4.09","10","161.50",
="087606","材料元富51購05","0","0","0","--","--","--","--"," ","0.00","0.44","25","0.45","25","66.40",
="087607","瀚宇博元富51購01","0","0","0","--","--","--","--"," ","0.00","9.00","25","9.25","25","104.00",
="087608","瀚宇博元富57購01","0","0","0","--","--","--","--"," ","0.00","7.65","25","7.80","25","104.00",
="087609","勤誠元富57購01","175,000","11","263,670","1.49","1.55","1.46","1.48","+","0.03","1.47","25","1.49","25","600.00",
="08760P","長榮航群益4C售01","0","0","0","--","--","--","--"," ","0.00","0.54","10","0.64","10","0.00",
="087610","台灣50凱基51購05","2,000","1","12,800","6.40","6.40","6.40","6.40","+","0.40","6.85","100","6.95","10","58.45",
="087611","T50反1凱基51購03","0","0","0","--","--","--","--"," ","0.00","0.03","100","0.04","10","18.29",
="087612","T50反1凱基55購02","0","0","0","--","--","--","--"," ","0.00","0.51","100","0.52","10","18.29",
="087613","上証2X凱基51購04","2,000","1","9,300","4.65","4.65","4.65","4.65","X","0.00","4.75","100","4.76","50","47.20",
="087614","香港2X凱基51購03","239,000","3","244,950","1.05","1.05","1.01","1.01","-","0.13","1.03","100","1.04","50","18.02",
="087615","臺指反凱基57購01","20,000","1","3,000","0.15","0.15","0.15","0.15","X","0.00","0.13","120","0.14","50","2.96",
="087616","川湖凱基51購03","0","0","0","--","--","--","--"," ","0.00","7.55","100","7.80","10","3,220.00",
="087617","台積電凱基53購16","22,000","1","44,220","2.01","2.01","2.01","2.01","+","0.27","1.96","100","2.06","10","1,340.00",
="087618","台積電凱基67購03","0","0","0","--","--","--","--"," ","0.00","3.22","100","3.23","10","1,340.00",
="087619","智邦凱基54購02","0","0","0","--","--","--","--"," ","0.00","4.42","100","4.52","10","1,005.00",
="08761P","國泰金群益4B售02","0","0","0","--","--","--","--"," ","0.00","0.01","100","0.05","10","0.00",
="087620","金像電凱基51購04","9,000","1","47,250","5.25","5.25","5.25","5.25","+","0.27","5.10","100","5.60","10","455.00",
="087621","聯發科凱基51購11","119,000","8","52,260","0.44","0.44","0.41","0.41","-","0.10","0.40","100","0.41","7","1,375.00",
="087622","聯發科凱基53購01","0","0","0","--","--","--","--"," ","0.00","0.56","100","0.57","10","1,375.00",
="087623","晟銘電凱基53購01","0","0","0","--","--","--","--"," ","0.00","1.01","100","1.02","10","121.00",
="087624","奇鋐凱基51購09","0","0","0","--","--","--","--"," ","0.00","5.40","100","5.50","10","1,015.00",
="087625","偉訓凱基53購01","100,000","3","126,750","1.29","1.29","1.25","1.25","-","0.10","1.24","100","1.25","10","97.50",
="087626","智原凱基51購07","241,000","10","158,340","0.61","0.75","0.60","0.60","+","0.12","0.57","100","0.66","10","174.00",
="087627","嘉澤凱基54購02","0","0","0","--","--","--","--"," ","0.00","1.17","10","1.18","10","1,605.00",
="087628","貿聯凱基51購06","4,000","2","17,420","4.38","4.38","4.33","4.33","X","0.00","4.23","100","4.33","8","1,085.00",
="087629","神達凱基51購08","18,000","1","141,300","7.85","7.85","7.85","7.85","+","0.50","7.85","100","7.95","10","90.00",
="08762P","鴻海元大4B售11","0","0","0","--","--","--","--"," ","0.00","--","0","0.10","10","0.00",
="087630","定穎控凱基51購01","0","0","0","--","--","--","--"," ","0.00","9.85","100","--","0","90.10",
="087631","臻鼎凱基51購01","24,000","5","133,200","5.75","5.75","5.10","5.10","-","0.50","5.10","50","5.15","10","171.50",
="087632","聯茂凱基51購01","0","0","0","--","--","--","--"," ","0.00","5.50","100","5.60","10","111.50",
="087633","力成凱基51購01","15,000","3","17,250","1.15","1.15","1.15","1.15","-","0.02","1.15","100","1.21","10","150.50",
="087634","愛普凱基51購03","18,000","2","48,560","2.70","2.70","2.66","2.66","-","0.13","2.69","100","2.75","10","344.00",
="087635","緯穎凱基53購03","5,000","1","16,700","3.34","3.34","3.34","3.34","-","0.20","3.28","100","3.31","10","3,140.00",
="087636","洋基凱基51購03","51,000","6","146,990","2.81","2.96","2.81","2.96","+","0.26","2.85","100","2.87","10","449.00",
="087637","虎航凱基53購01","3,000","1","1,770","0.59","0.59","0.59","0.59","X","0.00","0.56","100","0.57","10","75.80",
="087638","連加凱基51購02","20,000","2","21,400","1.07","1.07","1.07","1.07","X","0.00","1.03","10","1.04","10","606.00",
="087639","南電凱基51購04","9,000","1","102,600","11.40","11.40","11.40","11.40","+","1.10","10.10","100","10.20","10","234.50",
="08763P","台積電元大4B售21","0","0","0","--","--","--","--"," ","0.00","--","0","0.10","10","0.00",
="087640","勤誠凱基53購01","124,000","8","372,630","2.95","3.04","2.95","3.04","+","0.22","2.87","100","2.90","10","600.00",
="087641","寶成凱基51購01","175,000","4","181,950","1.05","1.05","1.03","1.03","-","0.04","1.06","10","1.16","10","28.90",
="087642","臺股指凱基51購20","0","0","0","--","--","--","--"," ","0.00","6.80","100","6.85","10","0.00",
="087643","臺股指凱基53購09","0","0","0","--","--","--","--"," ","0.00","6.05","100","6.10","10","0.00",
="087644","臺股指凱基58購01","0","0","0","--","--","--","--"," ","0.00","6.00","100","6.05","10","0.00",
="087645","台光電中信51購02","67,000","8","165,680","2.17","2.76","2.17","2.48","X","0.00","2.43","10","2.48","10","0.00",
="087646","飛捷中信51購01","50,000","1","8,000","0.16","0.16","0.16","0.16"," ","0.00","0.15","110","0.16","10","0.00",
="087647","保瑞中信52購01","1,000","1","380","0.38","0.38","0.38","0.38","X","0.00","0.38","10","0.39","10","0.00",
="087648","南電中信52購01","0","0","0","--","--","--","--"," ","0.00","3.54","499","--","0","0.00",
="087649","緯穎第一57購01","0","0","0","--","--","--","--"," ","0.00","1.38","10","1.39","10","0.00",
="08764P","台光電元大4B售04","0","0","0","--","--","--","--"," ","0.00","--","0","0.10","10","0.00",
="087650","上証2X凱基53購01","0","0","0","--","--","--","--"," ","0.00","6.40","100","6.45","50","47.20",
="087651","滬深2X凱基51購06","0","0","0","--","--","--","--"," ","0.00","4.00","100","4.01","50","19.04",
="087652","亞德客凱基51購01","247,000","13","210,390","0.84","0.89","0.82","0.82","+","0.02","0.82","10","0.84","10","765.00",
="087653","台達電凱基51購04","8,000","1","234,400","29.30","29.30","29.30","29.30","-","0.90","29.10","100","30.10","10","893.00",
="087654","鴻海凱基51購09","1,000","1","4,480","4.48","4.48","4.48","4.48","X","0.00","4.53","210","4.63","10","221.00",
="087655","台積電凱基53購17","20,000","2","52,800","2.62","2.66","2.62","2.66","X","0.00","2.62","100","2.72","10","1,340.00",
="087656","台積電凱基67購04","83,000","8","246,250","2.96","3.00","2.96","3.00","+","0.17","3.02","100","3.12","10","1,340.00",
="087657","智邦凱基55購02","104,000","9","557,100","5.30","5.40","5.20","5.40","+","0.30","5.30","10","5.40","10","1,005.00",
="087658","矽統凱基51購02","439,000","18","661,120","1.55","1.55","1.42","1.42","-","0.25","1.41","10","1.42","10","58.60",
="087659","台光電凱基53購02","26,000","5","144,000","5.55","5.80","5.50","5.65","X","0.00","5.50","100","5.55","10","1,345.00",
="08765P","聯發科元大4B售14","0","0","0","--","--","--","--"," ","0.00","0.22","499","0.23","10","0.00",
="087660","漢唐凱基51購04","0","0","0","--","--","--","--"," ","0.00","12.90","10","13.90","10","987.00",
="087661","聯發科凱基53購02","0","0","0","--","--","--","--"," ","0.00","0.52","100","0.53","10","1,375.00",
="087662","長榮凱基51購12","0","0","0","--","--","--","--"," ","0.00","0.22","499","0.23","40","182.00",
="087663","欣興凱基53購01","34,000","5","81,870","2.60","2.60","2.35","2.35","+","0.07","2.32","100","--","0","159.00",
="087664","台灣大凱基51購01","0","0","0","--","--","--","--"," ","0.00","0.60","100","--","0","106.00",
="087665","景碩凱基51購03","0","0","0","--","--","--","--"," ","0.00","3.41","100","3.51","10","111.50",
="087666","新日興凱基53購01","68,000","6","162,270","2.36","2.43","2.34","2.36","-","0.09","2.23","10","2.33","10","237.00",
="087667","世芯凱基51購16","9,000","1","16,110","1.79","1.79","1.79","1.79","-","0.05","1.49","100","1.52","10","3,700.00",
="087668","日月光凱基51購03","181,000","7","227,220","1.33","1.33","1.21","1.21","+","0.01","1.21","10","1.26","10","174.50",
="087669","保瑞凱基55購02","58,000","2","75,860","1.32","1.32","1.30","1.30","-","0.02","1.31","100","1.32","10","693.00",
="08766P","國泰金元大4B售02","0","0","0","--","--","--","--"," ","0.00","0.01","499","0.11","10","0.00",
="087670","穎崴凱基57購02","0","0","0","--","--","--","--"," ","0.00","4.35","100","4.45","10","2,015.00",
="087671","愛普凱基51購04","0","0","0","--","--","--","--"," ","0.00","1.93","10","1.96","10","344.00",
="087672","南電凱基57購01","0","0","0","--","--","--","--"," ","0.00","6.45","100","6.95","10","234.50",
="087673","勤誠凱基53購02","17,000","3","38,850","2.33","2.40","2.24","2.40","+","0.12","2.25","100","2.28","10","600.00",
="087674","台達電台新51購03","0","0","0","--","--","--","--"," ","0.00","16.20","20","--","0","0.00",
="087675","漢唐台新51購01","0","0","0","--","--","--","--"," ","0.00","8.25","20","8.30","10","0.00",
="087676","台達電統一56購04","0","0","0","--","--","--","--"," ","0.00","3.51","10","3.57","10","893.00",
="087677","台達電統一57購02","2,000","1","5,700","2.85","2.85","2.85","2.85","X","0.00","2.80","10","2.81","10","893.00",
="087678","矽統統一61購02","4,000","3","2,800","0.71","0.71","0.69","0.69","-","0.04","0.69","10","0.70","10","58.60",
="087679","台光電統一56購07","56,000","4","74,420","1.30","1.33","1.30","1.33","X","0.00","1.29","10","1.31","10","1,345.00",
="08767P","緯創元大4B售07","0","0","0","--","--","--","--"," ","0.00","0.10","499","0.11","200","0.00",
="087680","奇鋐統一5B購01","8,000","3","7,910","1.03","1.03","0.94","0.94","-","0.04","0.94","10","0.95","10","1,015.00",
="087681","亞光統一56購02","242,000","6","338,700","1.40","1.40","1.38","1.38","-","0.01","1.33","10","1.34","10","161.50",
="087682","欣興統一57購03","2,000","1","2,340","1.17","1.17","1.17","1.17","+","0.10","1.10","10","1.11","10","159.00",
="087683","欣興統一61購01","528,000","20","449,060","0.85","0.88","0.84","0.84","+","0.01","0.83","10","0.84","10","159.00",
="087684","欣興統一67購01","49,000","5","45,210","0.93","0.96","0.91","0.91","X","0.00","0.90","10","0.91","30","159.00",
="087685","世芯統一57購02","24,000","2","23,170","0.98","0.98","0.91","0.91","-","0.10","0.91","10","0.92","10","3,700.00",
="087686","世芯統一67購01","35,000","4","59,610","1.70","1.71","1.70","1.71","+","0.03","1.64","10","1.65","10","3,700.00",
="087687","定穎控統一51購01","0","0","0","--","--","--","--"," ","0.00","1.96","10","1.99","10","90.10",
="087688","祥碩統一57購01","10,000","1","3,100","0.31","0.31","0.31","0.31","+","0.01","0.30","10","0.31","10","1,525.00",
="087689","啟碁統一57購01","0","0","0","--","--","--","--"," ","0.00","0.52","10","0.53","10","121.00",
="08768P","創意元大4B售06","0","0","0","--","--","--","--"," ","0.00","--","0","0.10","10","0.00",
="087690","保瑞統一57購01","29,000","1","15,080","0.52","0.52","0.52","0.52"," ","0.00","0.52","10","0.53","10","693.00",
="087691","保瑞統一61購01","0","0","0","--","--","--","--"," ","0.00","0.63","10","0.64","10","693.00",
="087692","愛普統一63購01","54,000","3","36,740","0.69","0.69","0.68","0.68","-","0.04","0.70","10","0.71","10","344.00",
="087694","晶心科統一61購01","44,000","5","46,980","1.07","1.07","1.05","1.05","X","0.00","1.05","10","1.06","10","325.50",
="087695","南電統一57購03","0","0","0","--","--","--","--"," ","0.00","2.10","10","2.11","10","234.50",
="087696","滬深2X永豐51購06","0","0","0","--","--","--","--"," ","0.00","1.59","10","1.60","10","19.04",
="087697","滬深2X永豐53購03","0","0","0","--","--","--","--"," ","0.00","3.53","499","3.54","10","19.04",
="087698","中砂永豐51購02","43,000","5","26,220","0.62","0.62","0.58","0.58","X","0.00","0.57","10","0.58","10","339.00",
="087699","美時永豐54購01","54,000","2","29,160","0.54","0.54","0.54","0.54","+","0.03","0.55","10","0.56","10","192.00",
="08769P","祥碩元大4B售04","0","0","0","--","--","--","--"," ","0.00","0.57","25","0.58","10","0.00",
="087700","廣宇永豐51購03","0","0","0","--","--","--","--"," ","0.00","3.11","499","3.15","10","54.10",
="087701","矽統永豐53購02","0","0","0","--","--","--","--"," ","0.00","2.13","499","2.14","10","58.60",
="087703","聯發科永豐53購02","28,000","1","23,520","0.84","0.84","0.84","0.84","X","0.00","0.80","499","0.81","10","1,375.00",
="087704","欣興永豐51購05","0","0","0","--","--","--","--"," ","0.00","1.19","10","1.20","10","159.00",
="087705","欣興永豐53購01","0","0","0","--","--","--","--"," ","0.00","1.46","499","1.50","10","159.00",
="087706","欣興永豐54購01","5,000","1","7,750","1.55","1.55","1.55","1.55","X","0.00","1.46","10","1.48","10","159.00",
="087707","新日興永豐52購02","63,000","6","76,730","1.23","1.23","1.21","1.22","-","0.08","0.67","39","--","0","237.00",
="087708","世芯永豐54購03","0","0","0","--","--","--","--"," ","0.00","1.53","499","1.54","10","3,700.00",
="087709","日月光永豐51購02","0","0","0","--","--","--","--"," ","0.00","1.22","10","1.24","10","174.50",
="08770P","T50正2國票4B售02","0","0","0","--","--","--","--"," ","0.00","0.01","25","0.05","10","0.00",
="087711","定穎控永豐51購02","1,000","1","4,090","4.09","4.09","4.09","4.09","X","0.00","3.94","499","3.97","10","90.10",
="087712","祥碩永豐52購02","0","0","0","--","--","--","--"," ","0.00","0.28","10","0.29","10","1,525.00",
="087713","迅得永豐53購01","158,000","10","166,060","1.05","1.07","1.00","1.00","-","0.02","0.99","10","1.00","10","176.00",
="087714","保瑞統一4C購01","30,000","1","7,800","0.26","0.26","0.26","0.26"," ","0.00","0.26","10","0.27","10","693.00",
="087715","訊芯永豐53購01","50,000","8","74,050","1.48","1.53","1.42","1.42","+","0.11","1.36","10","1.38","10","164.50",
="087716","達發統一4C購01","0","0","0","--","--","--","--"," ","0.00","0.08","10","0.09","10","537.00",
="087717","保瑞永豐51購02","30,000","3","14,800","0.49","0.50","0.49","0.49","X","0.00","0.47","499","0.48","10","693.00",
="087718","愛普永豐51購02","0","0","0","--","--","--","--"," ","0.00","--","0","--","0","344.00",
="087719","愛普永豐52購02","0","0","0","--","--","--","--"," ","0.00","0.61","16","--","0","344.00",
="08771P","T50正2國票4C售03","0","0","0","--","--","--","--"," ","0.00","0.04","25","0.08","10","0.00",
="087720","緯穎永豐51購07","0","0","0","--","--","--","--"," ","0.00","1.99","499","2.00","10","3,140.00",
="087721","緯穎永豐51購08","0","0","0","--","--","--","--"," ","0.00","1.91","499","1.92","10","3,140.00",
="087722","富世達永豐51購02","0","0","0","--","--","--","--"," ","0.00","1.93","499","2.03","10","1,010.00",
="087723","連加永豐52購01","0","0","0","--","--","--","--"," ","0.00","0.84","10","0.85","10","606.00",
="087724","台達電兆豐52購01","0","0","0","--","--","--","--"," ","0.00","8.60","10","--","0","893.00",
="087725","台光電兆豐51購02","121,000","7","492,310","3.89","4.33","3.89","4.11","X","0.00","3.94","10","4.00","10","1,345.00",
="087726","聯發科兆豐53購02","0","0","0","--","--","--","--"," ","0.00","0.61","10","0.62","10","1,375.00",
="087727","景碩兆豐53購01","204,000","8","370,580","1.80","1.85","1.79","1.85","+","0.08","1.62","10","1.65","10","111.50",
="087728","富世達兆豐53購02","106,000","4","165,800","1.53","1.63","1.53","1.63","X","0.00","1.58","10","1.61","10","1,010.00",
="087729","京元電富邦53購01","0","0","0","--","--","--","--"," ","0.00","3.64","10","3.74","10","0.00",
="08772P","亞德客國票4B售01","11,000","2","13,360","1.20","1.28","1.20","1.28","X","0.00","1.26","25","1.28","10","0.00",
="087730","聯發科富邦55購03","40,000","1","32,800","0.82","0.82","0.82","0.82","X","0.00","0.78","30","0.79","10","0.00",
="087731","欣興富邦53購01","39,000","8","108,390","2.73","2.79","2.73","2.79","+","0.16","2.65","10","2.68","10","0.00",
="087732","定穎控富邦53購01","0","0","0","--","--","--","--"," ","0.00","2.45","10","2.55","10","0.00",
="087733","佳必琪富邦52購01","505,000","12","420,720","0.85","0.85","0.83","0.84","-","0.01","0.84","10","0.85","10","0.00",
="087734","台郡富邦52購01","130,000","5","102,520","0.85","0.85","0.78","0.78","-","0.05","0.77","10","0.78","10","0.00",
="087735","緯穎富邦53購01","38,000","1","59,660","1.57","1.57","1.57","1.57","-","0.02","1.54","10","1.55","10","0.00",
="087736","AES富邦52購02","0","0","0","--","--","--","--"," ","0.00","1.45","10","1.55","10","0.00",
="087737","T50正2元富59購01","0","0","0","--","--","--","--"," ","0.00","4.74","25","4.75","25","302.45",
="087738","T50反1元富51購04","0","0","0","--","--","--","--"," ","0.00","0.21","25","0.22","25","18.29",
="087739","FB越南元富51購03","0","0","0","--","--","--","--"," ","0.00","2.34","25","2.39","25","15.73",
="08773P","中華國票4C售01","0","0","0","--","--","--","--"," ","0.00","0.92","25","0.93","10","0.00",
="087740","儒鴻元富51購01","10,000","1","18,700","1.87","1.87","1.87","1.87","-","0.20","0.65","15","--","0","431.50",
="087741","儒鴻元富51購02","0","0","0","--","--","--","--"," ","0.00","0.23","30","--","0","431.50",
="087742","台達電元富51購01","0","0","0","--","--","--","--"," ","0.00","15.90","25","16.90","10","893.00",
="087743","台達電元富52購01","0","0","0","--","--","--","--"," ","0.00","18.30","25","19.30","10","893.00",
="087744","鴻海元富57購01","7,000","3","41,650","5.95","5.95","5.95","5.95","X","0.00","5.50","1","5.95","25","221.00",
="087745","國巨元富51購05","0","0","0","--","--","--","--"," ","0.00","18.30","10","--","0","176.00",
="087746","智邦元富54購01","0","0","0","--","--","--","--"," ","0.00","2.76","25","2.83","25","1,005.00",
="087747","燿華元富52購01","0","0","0","--","--","--","--"," ","0.00","1.90","25","1.92","25","27.50",
="087748","飛宏元富51購01","0","0","0","--","--","--","--"," ","0.00","2.79","25","2.82","25","24.95",
="087749","萬海元富51購01","0","0","0","--","--","--","--"," ","0.00","0.75","25","0.76","25","77.90",
="08774P","冠德國票4C售01","0","0","0","--","--","--","--"," ","0.00","0.92","25","0.93","10","0.00",
="087750","零壹元富51購01","13,000","3","20,320","1.56","1.58","1.56","1.58","-","0.02","1.56","25","1.58","25","125.00",
="087751","景碩元富57購01","154,000","12","612,710","4.12","4.21","3.79","3.79","-","0.25","3.68","25","3.73","10","111.50",
="087752","世芯元富51購11","0","0","0","--","--","--","--"," ","0.00","1.83","25","1.85","25","3,700.00",
="087753","定穎控元富51購01","0","0","0","--","--","--","--"," ","0.00","4.37","25","4.47","25","90.10",
="087754","定穎控元富54購01","0","0","0","--","--","--","--"," ","0.00","4.36","25","4.46","25","90.10",
="087755","精成科元富57購02","1,000","1","21,800","21.80","21.80","21.80","21.80","X","0.00","19.60","25","--","0","125.50",
="087756","愛普元富51購02","5,000","1","10,650","2.13","2.13","2.13","2.13","-","0.10","0.63","5","--","0","344.00",
="087757","洋基元富52購01","16,000","1","48,640","3.04","3.04","3.04","3.04","+","0.31","2.93","25","3.03","10","449.00",
="087758","南電元富54購01","0","0","0","--","--","--","--"," ","0.00","7.25","25","7.40","25","234.50",
="087759","勤誠元富51購08","10,000","1","39,000","3.90","3.90","3.90","3.90","X","0.00","3.61","25","3.67","25","600.00",
="08775P","景碩國票4C售01","0","0","0","--","--","--","--"," ","0.00","0.21","25","0.23","10","0.00",
="087760","勤誠元富51購09","43,000","6","54,740","1.31","1.31","1.22","1.22","+","0.03","1.18","25","1.21","25","600.00",
="087761","菱光元富51購02","37,000","6","94,480","2.55","2.70","2.40","2.70","+","0.43","2.66","25","2.69","25","60.90",
="087762","台玻國票52購02","0","0","0","--","--","--","--"," ","0.00","6.20","25","6.30","10","25.95",
="087763","金像電國票52購03","30,000","14","272,650","9.10","9.40","8.75","9.15","+","0.55","8.80","25","8.90","10","455.00",
="087764","微星國票53購01","0","0","0","--","--","--","--"," ","0.00","0.27","25","0.28","10","119.50",
="087765","漢唐國票52購02","4,000","3","37,200","9.30","9.55","8.80","9.55","-","1.15","9.70","25","10.20","10","987.00",
="087766","南亞科國票52購03","0","0","0","--","--","--","--"," ","0.00","13.60","25","--","0","81.00",
="087767","長榮國票52購01","0","0","0","--","--","--","--"," ","0.00","0.51","25","0.52","10","182.00",
="087768","萬海國票52購02","4,000","1","3,800","0.95","0.95","0.95","0.95","-","0.08","0.93","25","0.94","10","77.90",
="087769","欣興國票57購01","35,000","5","70,930","2.07","2.07","1.99","1.99","+","0.08","1.93","25","1.99","10","159.00",
="08776P","上品國票4C售01","0","0","0","--","--","--","--"," ","0.00","0.08","25","0.09","10","0.00",
="087770","創意國票54購01","8,000","4","8,720","1.09","1.09","1.09","1.09","+","0.04","1.09","24","1.10","10","1,315.00",
="087771","牧德國票54購01","0","0","0","--","--","--","--"," ","0.00","1.38","25","1.40","10","544.00",
="087772","日月光國票54購01","31,000","4","54,620","1.80","1.80","1.71","1.72","+","0.06","1.70","30","1.71","10","174.50",
="087773","定穎控國票52購03","30,000","3","274,500","9.15","9.15","9.15","9.15","+","0.40","8.60","25","8.90","10","90.10",
="087774","台耀國票52購01","4,000","1","3,480","0.87","0.87","0.87","0.87","X","0.00","0.86","25","0.87","10","65.10",
="087775","jpp國票52購01","0","0","0","--","--","--","--"," ","0.00","3.31","25","3.36","10","286.50",
="087776","飛捷國票53購01","0","0","0","--","--","--","--"," ","0.00","0.29","25","0.30","10","106.50",
="087777","聯茂國票52購01","0","0","0","--","--","--","--"," ","0.00","4.84","25","4.94","10","111.50",
="087778","台表科國票53購01","82,000","6","52,530","0.64","0.65","0.63","0.64","-","0.02","0.63","25","0.64","3","107.00",
="087779","訊芯國票53購01","24,000","4","32,990","1.43","1.43","1.32","1.32","-","0.02","1.32","25","1.33","10","164.50",
="08777P","訊連國票4C售02","0","0","0","--","--","--","--"," ","0.00","0.26","25","0.27","10","0.00",
="087780","帝寶國票52購01","0","0","0","--","--","--","--"," ","0.00","0.17","25","0.18","10","134.00",
="087781","昇陽半國票52購03","3,000","1","7,470","2.49","2.49","2.49","2.49","X","0.00","2.27","25","2.31","10","179.50",
="087782","滬深2X國泰52購02","20,000","1","57,200","2.86","2.86","2.86","2.86","X","0.00","2.91","499","2.95","10","19.04",
="087783","台達電國泰52購02","0","0","0","--","--","--","--"," ","0.00","17.70","10","--","0","893.00",
="087784","智邦國泰52購02","10,000","1","37,700","3.77","3.77","3.77","3.77","X","0.00","3.77","10","3.89","10","1,005.00",
="087785","漢唐國泰52購01","0","0","0","--","--","--","--"," ","0.00","5.55","10","5.85","10","987.00",
="087786","欣興國泰52購01","14,000","3","40,250","3.03","3.03","2.86","2.86","+","0.14","2.74","370","2.77","190","159.00",
="087787","景碩國泰52購01","4,000","4","12,310","3.04","3.19","3.04","3.04","+","0.38","1.27","7","--","0","111.50",
="087788","世芯國泰52購03","224,000","8","399,240","1.81","1.81","1.72","1.74","-","0.01","0.68","73","1.62","499","3,700.00",
="087789","世芯國泰52購04","51,000","2","121,130","2.43","2.43","2.29","2.29","-","0.48","1.02","49","2.31","499","3,700.00",
="08778P","樺漢國票4C售01","0","0","0","--","--","--","--"," ","0.00","0.24","25","0.25","10","0.00",
="087790","貿聯國泰52購03","0","0","0","--","--","--","--"," ","0.00","2.73","1","--","0","1,085.00",
="087791","上証2X群益51購02","0","0","0","--","--","--","--"," ","0.00","0.22","4","--","0","47.20",
="087792","華城群益51購05","49,000","5","124,630","2.55","2.60","2.50","2.60","X","0.00","0.63","10","--","0","586.00",
="087793","川湖群益51購01","0","0","0","--","--","--","--"," ","0.00","--","0","--","0","3,220.00",
="087794","台達電群益51購06","0","0","0","--","--","--","--"," ","0.00","--","0","28.40","10","893.00",
="087795","台積電群益51購18","0","0","0","--","--","--","--"," ","0.00","0.51","19","--","0","1,340.00",
="087796","智邦群益53購04","0","0","0","--","--","--","--"," ","0.00","1.85","100","1.91","100","1,005.00",
="087797","矽統群益52購02","1,000","1","1,230","1.23","1.23","1.23","1.23","-","0.12","1.20","25","1.21","10","58.60",
="087798","台光電群益51購11","0","0","0","--","--","--","--"," ","0.00","--","0","4.88","10","1,345.00",
="087799","聯發科群益52購05","30,000","3","10,700","0.36","0.36","0.35","0.35","-","0.08","0.09","10","--","0","1,375.00",
="08779P","穎崴國票4C售03","0","0","0","--","--","--","--"," ","0.00","0.01","25","0.05","10","0.00",
="087800","聯發科群益55購01","60,000","3","32,400","0.54","0.54","0.54","0.54","-","0.05","0.21","47","--","0","1,375.00",
="087801","陽明群益51購04","0","0","0","--","--","--","--"," ","0.00","0.31","100","0.32","100","55.20",
="087802","長榮航群益51購04","35,000","4","47,390","1.37","1.41","1.35","1.41"," ","0.00","1.41","1","1.44","10","38.85",
="087803","國泰金群益51購02","64,000","2","70,400","1.10","1.10","1.10","1.10","X","0.00","1.09","100","1.14","100","66.20",
="087804","奇鋐群益51購06","0","0","0","--","--","--","--"," ","0.00","--","0","2.05","90","1,015.00",
="087805","奇鋐群益53購02","0","0","0","--","--","--","--"," ","0.00","0.69","14","--","0","1,015.00",
="087806","智原群益51購06","290,000","6","183,090","0.46","0.67","0.46","0.63","+","0.18","0.55","10","0.65","10","174.00",
="087807","健鼎群益51購01","320,000","12","787,660","2.51","2.54","2.37","2.54","+","0.04","2.51","10","2.61","10","309.50",
="087808","玉晶光群益51購02","197,000","18","779,230","4.00","4.04","3.77","4.04","+","0.14","3.75","20","--","0","443.50",
="087809","華擎群益51購01","41,000","3","84,420","2.12","2.12","1.98","1.98","-","0.16","1.96","25","1.98","10","278.00",
="08780P","聯發科富邦53售01","20,000","1","8,000","0.40","0.40","0.40","0.40","X","0.00","0.41","30","0.42","10","0.00",
="087810","貿聯群益51購03","0","0","0","--","--","--","--"," ","0.00","1.96","6","--","0","1,085.00",
="087811","神達群益51購02","0","0","0","--","--","--","--"," ","0.00","--","0","10.10","10","90.00",
="087812","上品群益51購01","70,000","2","104,100","1.47","1.53","1.47","1.53","+","0.06","1.48","10","1.58","10","308.00",
="087813","臻鼎群益55購01","31,000","1","147,250","4.75","4.75","4.75","4.75","+","0.32","4.33","10","4.43","10","171.50",
="087814","啟碁群益51購01","10,000","1","8,300","0.83","0.83","0.83","0.83","-","0.03","0.82","100","0.84","100","121.00",
="087815","愛普群益51購04","30,000","1","69,000","2.30","2.30","2.30","2.30","X","0.00","0.77","30","--","0","344.00",
="087816","緯穎群益51購03","60,000","15","137,950","2.34","2.36","2.19","2.29","-","0.07","0.61","16","--","0","3,140.00",
="087817","泓德群益51購01","0","0","0","--","--","--","--"," ","0.00","0.02","50","0.11","10","125.50",
="087818","南電群益51購01","0","0","0","--","--","--","--"," ","0.00","--","0","--","0","234.50",
="087819","勤誠群益51購07","47,000","4","158,540","3.26","3.44","3.26","3.43","+","0.08","3.24","100","3.29","100","600.00",
="08781P","聯發科富邦53售02","3,000","1","1,890","0.63","0.63","0.63","0.63","+","0.04","0.62","30","0.63","10","0.00",
="087820","寶成群益53購01","0","0","0","--","--","--","--"," ","0.00","0.90","30","--","0","28.90",
="087821","香港2X元大51購03","0","0","0","--","--","--","--"," ","0.00","1.98","499","1.99","100","18.02",
="087822","楠梓電元大51購01","0","0","0","--","--","--","--"," ","0.00","--","0","--","0","103.50",
="087823","鴻海元大51購29","0","0","0","--","--","--","--"," ","0.00","2.75","300","2.80","10","221.00",
="087824","鴻海元大54購09","142,000","9","391,800","2.74","2.83","2.74","2.76","+","0.21","2.77","300","2.78","10","221.00",
="087825","台積電元大51購68","60,000","1","111,000","1.85","1.85","1.85","1.85","+","0.24","0.19","52","--","0","1,340.00",
="087826","台積電元大54購12","237,000","6","492,320","2.00","2.11","2.00","2.08","+","0.23","0.60","33","--","0","1,340.00",
="087827","台積電元大54購13","83,000","4","110,270","1.26","1.33","1.26","1.33","+","0.16","0.30","33","--","0","1,340.00",
="087828","華碩元大51購03","71,000","5","96,200","1.32","1.38","1.30","1.38","+","0.06","1.33","10","1.35","10","684.00",
="087829","致茂元大51購01","7,000","3","53,650","7.65","7.75","7.65","7.65","X","0.00","7.55","100","7.65","13","614.00",
="08782P","奇鋐永豐4B售04","0","0","0","--","--","--","--"," ","0.00","--","0","0.03","10","0.00",
="087830","長榮元大54購03","0","0","0","--","--","--","--"," ","0.00","1.11","499","1.13","10","182.00",
="087831","大立光元大51購11","55,000","5","55,820","1.04","1.04","1.00","1.01","-","0.08","1.01","499","1.04","10","2,360.00",
="087832","欣興元大54購01","16,000","5","29,100","1.85","1.85","1.75","1.75","+","0.03","1.73","451","1.75","10","159.00",
="087833","欣興元大56購01","175,000","2","309,800","1.77","1.82","1.77","1.82","+","0.15","1.70","450","1.72","10","159.00",
="087834","健鼎元大51購04","0","0","0","--","--","--","--"," ","0.00","2.88","250","2.92","10","309.50",
="087835","景碩元大51購02","178,000","11","791,250","4.62","4.69","4.33","4.33","-","0.12","4.06","150","4.15","10","111.50",
="087836","景碩元大51購03","222,000","17","1,044,230","4.69","4.96","4.49","4.49","-","0.24","4.36","150","4.46","10","111.50",
="087837","緯創元大54購05","1,000","1","1,510","1.51","1.51","1.51","1.51","X","0.00","1.51","499","1.53","10","122.50",
="087838","新日興元大54購01","41,000","10","91,600","2.23","2.28","2.20","2.20","-","0.11","0.87","57","--","0","237.00",
="087839","群創元大51購05","0","0","0","--","--","--","--"," ","0.00","1.47","499","1.50","10","14.15",
="08783P","T50正2凱基51售06","100,000","1","15,000","0.15","0.15","0.15","0.15","X","0.00","0.15","100","0.16","10","0.00",
="087840","辛耘元大51購02","44,000","7","110,550","2.33","2.63","2.33","2.45","+","0.23","2.32","25","2.36","10","388.00",
="087841","世芯元大51購40","28,000","4","74,120","2.69","2.69","2.59","2.59","-","0.25","0.13","87","--","0","3,700.00",
="087842","世芯元大51購41","0","0","0","--","--","--","--"," ","0.00","0.08","5","--","0","3,700.00",
="087843","世芯元大54購06","471,000","1","386,220","0.82","0.82","0.82","0.82","-","0.02","0.09","111","--","0","3,700.00",
="087844","定穎控元大51購02","15,000","3","139,750","9.40","9.40","8.75","8.75","-","0.10","8.65","100","8.70","10","90.10",
="087845","定穎控元大51購03","0","0","0","--","--","--","--"," ","0.00","--","0","7.35","10","90.10",
="087846","定穎控元大51購04","0","0","0","--","--","--","--"," ","0.00","7.00","100","--","0","90.10",
="087847","智伸科元大51購02","0","0","0","--","--","--","--"," ","0.00","1.44","450","1.47","10","139.50",
="087848","jpp元大51購02","50,000","3","105,450","2.15","2.16","2.09","2.16","-","0.01","2.08","25","2.11","10","286.50",
="087849","亞翔元大51購07","118,000","2","124,730","0.99","1.06","0.99","1.06","X","0.00","1.03","499","1.04","10","358.50",
="08784P","和大凱基4B售01","40,000","1","7,200","0.18","0.18","0.18","0.18","X","0.00","0.19","10","0.20","50","0.00",
="087850","佳必琪元大51購01","423,000","7","305,840","0.73","0.73","0.71","0.71","-","0.04","0.71","499","0.72","10","160.00",
="087851","佳必琪元大51購02","641,000","10","659,770","1.04","1.04","1.00","1.03"," ","0.00","1.01","499","1.03","10","160.00",
="087852","飛捷元大51購02","0","0","0","--","--","--","--"," ","0.00","0.17","499","0.18","10","106.50",
="087853","聯茂元大51購02","118,000","9","572,490","4.82","5.10","4.72","5.10","+","0.33","4.32","25","4.42","10","111.50",
="087854","台郡元大51購01","7,000","1","8,540","1.22","1.22","1.22","1.22","-","0.10","1.13","499","1.15","10","66.80",
="087855","愛普元大51購05","10,000","3","24,800","2.50","2.50","2.33","2.47","-","0.05","0.90","11","--","0","344.00",
="087856","愛普元大51購06","15,000","3","42,120","2.84","2.84","2.75","2.75","-","0.12","2.45","1","--","0","344.00",
="087857","富世達元大51購06","539,000","17","591,350","1.03","1.18","1.02","1.09","+","0.14","1.06","499","1.10","10","1,010.00",
="087858","連加元大51購02","496,000","4","247,300","0.49","0.51","0.49","0.51","X","0.00","0.49","499","0.50","10","606.00",
="087859","勤誠元大51購06","28,000","4","39,810","1.32","1.49","1.32","1.43","+","0.11","1.35","499","1.38","10","600.00",
="08785P","光寶科凱基4C售01","0","0","0","--","--","--","--"," ","0.00","--","0","0.10","10","0.00",
="087860","世紀鋼元大54購03","293,000","3","134,780","0.46","0.46","0.46","0.46","X","0.00","0.42","499","0.43","10","171.50",
="087861","臺股指元大51購23","54,000","5","233,290","3.91","4.37","3.91","4.37","+","0.88","4.28","100","4.29","10","0.00",
="087862","臺股指元大51購24","0","0","0","--","--","--","--"," ","0.00","2.87","100","2.94","10","0.00",
="087863","臺股指元大53購05","0","0","0","--","--","--","--"," ","0.00","2.81","499","2.82","10","0.00",
="087864","臺股指元大53購06","0","0","0","--","--","--","--"," ","0.00","3.24","499","3.31","10","0.00",
="087865","漢唐中信51購01","0","0","0","--","--","--","--"," ","0.00","3.40","499","3.50","10","0.00",
="087866","FB越南凱基53購01","6,000","1","11,700","1.95","1.95","1.95","1.95","-","0.10","1.97","100","1.98","50","15.73",
="087867","士電凱基53購01","0","0","0","--","--","--","--"," ","0.00","0.86","10","0.87","10","183.00",
="087868","中興電凱基55購01","0","0","0","--","--","--","--"," ","0.00","0.96","100","0.97","10","159.00",
="087869","華城凱基51購07","38,000","11","119,610","3.11","3.25","3.09","3.16","+","0.01","3.06","100","3.16","10","586.00",
="08786P","台積電凱基4B售19","0","0","0","--","--","--","--"," ","0.00","--","0","0.10","10","0.00",
="087870","台玻凱基51購02","0","0","0","--","--","--","--"," ","0.00","--","0","--","0","25.95",
="087871","台達電凱基51購05","0","0","0","--","--","--","--"," ","0.00","19.60","100","20.60","10","893.00",
="087872","台積電凱基51購22","0","0","0","--","--","--","--"," ","0.00","1.87","100","1.90","10","1,340.00",
="087873","台積電凱基67購05","51,000","3","155,550","3.04","3.09","3.04","3.09","+","0.22","3.07","100","3.17","10","1,340.00",
="087874","台積電凱基67購06","4,000","3","9,120","2.22","2.32","2.22","2.32","+","0.22","2.26","100","2.36","10","1,340.00",
="087875","智邦凱基53購01","0","0","0","--","--","--","--"," ","0.00","6.70","10","6.85","10","1,005.00",
="087876","華碩凱基51購02","0","0","0","--","--","--","--"," ","0.00","1.57","10","1.59","10","684.00",
="087877","致茂凱基51購01","0","0","0","--","--","--","--"," ","0.00","4.73","10","4.83","10","614.00",
="087878","金像電凱基51購05","6,000","2","53,400","8.90","8.90","8.90","8.90","+","0.95","8.45","100","8.50","10","455.00",
="087879","微星凱基53購01","0","0","0","--","--","--","--"," ","0.00","0.32","100","0.33","10","119.50",
="08787P","聯發科凱基4B售01","0","0","0","--","--","--","--"," ","0.00","0.23","100","0.24","10","0.00",
="087880","長榮航凱基51購05","2,000","2","3,890","1.95","1.95","1.94","1.94","+","0.01","1.94","100","1.96","1","38.85",
="087881","王品凱基51購01","22,000","2","11,880","0.54","0.54","0.54","0.54","-","0.03","0.54","10","0.55","10","230.00",
="087882","奇鋐凱基53購04","0","0","0","--","--","--","--"," ","0.00","4.27","100","4.35","10","1,015.00",
="087883","智原凱基57購01","61,000","4","53,710","0.85","0.91","0.85","0.88","+","0.12","0.86","100","0.87","10","174.00",
="087884","健鼎凱基51購03","184,000","12","737,450","3.91","4.10","3.85","4.03","-","0.06","4.03","10","4.06","10","309.50",
="087885","華擎凱基51購02","0","0","0","--","--","--","--"," ","0.00","0.94","100","0.96","10","278.00",
="087886","世芯凱基53購03","89,000","5","149,510","1.79","1.79","1.63","1.63","-","0.14","1.62","100","1.63","10","3,700.00",
="087887","貿聯凱基51購07","0","0","0","--","--","--","--"," ","0.00","4.30","100","4.40","10","1,085.00",
="087888","精成科凱基51購07","119,000","6","686,300","6.35","6.35","5.45","5.45","-","1.10","5.45","50","5.55","10","125.50",
="087889","帆宣凱基51購01","7,000","1","18,830","2.69","2.69","2.69","2.69","-","0.01","2.52","10","2.62","10","255.00",
="08788P","奇鋐凱基4B售03","0","0","0","--","--","--","--"," ","0.00","--","0","0.10","10","0.00",
="087890","佳必琪凱基51購02","192,000","5","133,620","0.69","0.70","0.69","0.69","-","0.01","0.67","100","0.71","10","160.00",
="087891","飛捷凱基53購01","0","0","0","--","--","--","--"," ","0.00","0.31","100","0.32","10","106.50",
="087892","聯茂凱基51購02","0","0","0","--","--","--","--"," ","0.00","5.10","100","5.20","10","111.50",
="087893","台郡凱基51購02","4,000","4","5,430","1.34","1.41","1.30","1.41","-","0.09","1.29","10","1.32","10","66.80",
="087894","訊芯凱基53購01","129,000","12","164,800","1.27","1.36","1.21","1.21","-","0.02","1.16","100","1.26","10","164.50",
="087895","愛普凱基51購05","102,000","7","137,620","1.35","1.43","1.33","1.39","-","0.11","1.39","10","1.42","10","344.00",
="087896","臺股指凱基51購21","0","0","0","--","--","--","--"," ","0.00","3.63","100","3.65","10","0.00",
="087897","臺股指凱基53購10","0","0","0","--","--","--","--"," ","0.00","3.62","100","3.63","10","0.00",
="087898","臺股指凱基53購11","0","0","0","--","--","--","--"," ","0.00","4.45","100","4.46","10","0.00",
="087899","臺股指凱基58購02","0","0","0","--","--","--","--"," ","0.00","4.53","100","4.54","10","0.00",
="08789P","智原凱基4C售03","0","0","0","--","--","--","--"," ","0.00","0.63","10","0.64","10","0.00",
="087900","愛普台新51購01","0","0","0","--","--","--","--"," ","0.00","1.42","20","1.43","10","0.00",
="087901","敦陽科元富51購01","1,000","1","740","0.74","0.74","0.74","0.74","+","0.01","0.73","25","0.74","25","171.50",
="087902","宏致元富52購01","30,000","1","97,800","3.26","3.26","3.26","3.26","X","0.00","3.24","25","3.26","25","73.30",
="087903","世芯元富57購02","26,000","2","41,340","1.59","1.59","1.59","1.59","-","0.09","1.47","25","1.48","25","3,700.00",
="087904","世芯元富67購01","23,000","4","55,290","2.50","2.50","2.36","2.38","-","0.20","2.37","25","2.38","25","3,700.00",
="087905","帆宣元富51購03","18,000","1","62,280","3.46","3.46","3.46","3.46","+","0.08","3.27","25","3.37","10","255.00",
="087906","愛普元富51購03","0","0","0","--","--","--","--"," ","0.00","0.32","10","--","0","344.00",
="087908","連加元富51購01","0","0","0","--","--","--","--"," ","0.00","0.29","25","0.30","25","606.00",
="087909","上証2X國票53購01","0","0","0","--","--","--","--"," ","0.00","1.86","25","1.87","10","47.20",
="08790P","緯創凱基4B售03","0","0","0","--","--","--","--"," ","0.00","0.04","100","0.06","50","0.00",
="087910","上証2X國票54購01","50,000","2","95,700","2.07","2.07","1.68","1.68","X","0.00","1.68","25","1.69","10","47.20",
="087911","FB越南國票54購01","0","0","0","--","--","--","--"," ","0.00","1.84","25","1.85","10","15.73",
="087912","FB越南國票57購01","0","0","0","--","--","--","--"," ","0.00","1.31","25","1.32","10","15.73",
="087913","中砂國票52購03","1,315,000","16","1,269,590","0.91","1.04","0.91","0.97","+","0.12","0.96","25","0.97","10","339.00",
="087914","美律國票55購01","2,000","2","1,160","0.58","0.58","0.58","0.58","+","0.03","0.58","25","0.60","10","104.00",
="087915","敦陽科國票52購01","0","0","0","--","--","--","--"," ","0.00","0.62","45","0.64","10","171.50",
="087916","王品國票52購01","0","0","0","--","--","--","--"," ","0.00","0.93","25","0.94","10","230.00",
="087917","京鼎國票52購01","272,000","23","465,870","1.77","1.77","1.61","1.61","+","0.07","1.58","35","1.61","10","306.00",
="087918","永崴控國票52購01","20,000","1","2,200","0.11","0.11","0.11","0.11","X","0.00","0.10","25","0.11","10","34.30",
="087919","亞翔國票51購04","0","0","0","--","--","--","--"," ","0.00","3.72","25","3.77","10","358.50",
="08791P","華邦電群益4C售01","0","0","0","--","--","--","--"," ","0.00","--","0","--","0","0.00",
="087920","帆宣國票53購01","0","0","0","--","--","--","--"," ","0.00","3.24","25","3.29","10","255.00",
="087921","愛普國票52購01","0","0","0","--","--","--","--"," ","0.00","1.73","25","1.75","10","344.00",
="087922","愛普國票53購01","42,000","2","62,430","1.51","1.51","1.48","1.48","-","0.07","1.52","25","1.53","10","344.00",
="087923","滬深2X國泰52購03","0","0","0","--","--","--","--"," ","0.00","2.34","499","2.35","200","19.04",
="087924","喬山國泰52購01","323,000","6","483,050","1.57","1.63","1.39","1.39","-","0.15","1.38","250","1.39","95","167.00",
="087925","矽統國泰52購01","10,000","5","24,820","2.55","2.55","2.40","2.40","-","0.21","2.38","499","2.39","100","58.60",
="087926","南亞科國泰52購04","0","0","0","--","--","--","--"," ","0.00","13.20","499","--","0","81.00",
="087927","精成科國泰52購02","0","0","0","--","--","--","--"," ","0.00","3.82","499","3.88","10","125.50",
="087928","帆宣國泰52購01","0","0","0","--","--","--","--"," ","0.00","3.50","10","--","0","255.00",
="087929","愛普國泰52購02","0","0","0","--","--","--","--"," ","0.00","0.57","10","--","0","344.00",
="08792P","金像電群益51售02","0","0","0","--","--","--","--"," ","0.00","0.01","118","0.11","10","0.00",
="087930","富世達國泰52購02","56,000","4","143,990","2.52","2.88","2.52","2.88","X","0.00","2.68","499","2.73","100","1,010.00",
="087931","台灣50永豐51購05","0","0","0","--","--","--","--"," ","0.00","6.75","10","6.85","10","58.45",
="087932","滬深2X永豐51購07","0","0","0","--","--","--","--"," ","0.00","1.17","10","1.18","10","19.04",
="087933","台達電永豐52購02","0","0","0","--","--","--","--"," ","0.00","10.60","10","--","0","893.00",
="087934","燿華永豐52購01","0","0","0","--","--","--","--"," ","0.00","1.45","499","1.46","10","27.50",
="087935","佳能永豐51購01","0","0","0","--","--","--","--"," ","0.00","11.20","499","11.60","10","88.80",
="087936","台光電永豐51購07","5,000","2","13,140","2.64","2.64","2.61","2.61","X","0.00","2.59","499","2.68","10","1,345.00",
="087937","漢唐永豐51購05","0","0","0","--","--","--","--"," ","0.00","1.32","7","--","0","987.00",
="087938","聯發科永豐54購03","56,000","4","52,030","0.92","0.94","0.91","0.91","X","0.00","0.88","499","0.89","10","1,375.00",
="087939","王品永豐53購01","0","0","0","--","--","--","--"," ","0.00","0.77","10","0.78","10","230.00",
="08793P","富邦金群益4C售02","0","0","0","--","--","--","--"," ","0.00","0.01","12","--","0","0.00",
="087940","大立光永豐51購05","0","0","0","--","--","--","--"," ","0.00","0.54","499","0.55","10","2,360.00",
="087941","奇鋐永豐57購02","1,288,000","20","2,356,820","1.94","1.97","1.68","1.68","-","0.01","1.69","2","1.78","10","1,015.00",
="087942","玉晶光永豐51購02","36,000","2","44,740","1.24","1.26","1.24","1.26","-","0.04","1.26","499","1.36","10","443.50",
="087943","創意永豐52購01","53,000","3","30,410","0.57","0.59","0.57","0.59","X","0.00","0.58","10","0.59","10","1,315.00",
="087944","永崴控永豐52購01","0","0","0","--","--","--","--"," ","0.00","0.18","10","0.19","10","34.30",
="087945","亞翔永豐54購01","0","0","0","--","--","--","--"," ","0.00","2.18","10","2.20","10","358.50",
="087946","精成科永豐51購03","50,000","4","150,460","3.25","3.25","2.91","2.91","-","0.45","2.81","499","2.85","10","125.50",
="087947","帆宣永豐51購02","0","0","0","--","--","--","--"," ","0.00","2.08","499","2.18","10","255.00",
="087948","愛普永豐53購02","8,000","1","5,760","0.72","0.72","0.72","0.72","+","0.01","0.72","10","0.73","10","344.00",
="087949","南電永豐51購05","0","0","0","--","--","--","--"," ","0.00","3.75","499","3.79","10","234.50",
="08794P","亞光群益4C售04","0","0","0","--","--","--","--"," ","0.00","0.07","100","0.08","100","0.00",
="087950","全新兆豐53購01","100,000","6","144,800","1.46","1.46","1.39","1.39","-","0.26","1.40","10","1.41","10","160.00",
="087951","世芯兆豐53購02","9,000","1","10,530","1.17","1.17","1.17","1.17","-","0.03","1.17","1","1.20","10","3,700.00",
="087952","永崴控兆豐53購01","0","0","0","--","--","--","--"," ","0.00","0.09","678","0.10","10","34.30",
="087953","精成科兆豐53購01","0","0","0","--","--","--","--"," ","0.00","1.57","10","1.66","10","125.50",
="087954","王品富邦53購01","79,000","2","57,690","0.74","0.74","0.73","0.73","-","0.04","0.73","10","0.74","10","0.00",
="087955","矽統統一52購04","101,000","4","75,790","0.77","0.77","0.73","0.74","-","0.06","0.72","10","0.73","10","58.60",
="087956","漢唐統一61購01","45,000","8","35,790","0.81","0.81","0.78","0.79","-","0.02","0.78","10","0.79","10","987.00",
="087957","大立光統一57購04","277,000","9","189,000","0.69","0.69","0.67","0.67","-","0.05","0.68","10","0.69","10","2,360.00",
="087958","奇鋐統一57購02","16,000","2","18,240","1.14","1.14","1.14","1.14","X","0.00","1.00","10","1.01","10","1,015.00",
="087959","碩天統一57購01","0","0","0","--","--","--","--"," ","0.00","0.40","10","0.41","10","217.00",
="08795P","聚陽國票4C售01","0","0","0","--","--","--","--"," ","0.00","0.14","25","0.15","10","0.00",
="087960","大銀統一59購02","87,000","5","67,450","0.75","0.79","0.75","0.79","-","0.03","0.75","10","0.76","10","120.00",
="087961","迅得統一57購01","35,000","3","23,800","0.70","0.70","0.65","0.65","X","0.00","0.65","10","0.66","10","176.00",
="087962","上証2X群益51購03","41,000","5","35,700","1.05","1.05","0.81","0.81","-","0.19","0.15","18","--","0","47.20",
="087963","滬深2X群益53購04","539,000","12","952,340","1.85","1.85","1.60","1.60","-","0.12","1.52","5","--","0","19.04",
="087964","FB越南群益51購01","0","0","0","--","--","--","--"," ","0.00","2.60","25","2.61","10","15.73",
="087965","華通群益51購03","147,000","7","758,650","5.20","5.35","4.75","4.75","-","0.25","4.54","100","4.57","100","77.00",
="087966","台積電群益61購01","0","0","0","--","--","--","--"," ","0.00","1.18","10","--","0","1,340.00",
="087967","智邦群益51購06","88,000","3","466,400","5.30","5.30","5.30","5.30","X","0.00","5.10","25","5.30","10","1,005.00",
="087968","宏碁群益51購01","0","0","0","--","--","--","--"," ","0.00","1.21","10","1.31","10","31.20",
="087969","宏碁群益51購02","2,000","1","1,740","0.87","0.87","0.87","0.87","-","0.02","0.87","10","0.97","10","31.20",
="08796P","台積電國票4C售08","0","0","0","--","--","--","--"," ","0.00","0.01","25","0.05","10","0.00",
="087970","微星群益51購03","296,000","7","156,720","0.56","0.56","0.48","0.48","-","0.06","0.19","52","0.50","40","119.50",
="087971","台光電群益53購02","101,000","7","181,500","1.65","1.95","1.65","1.84","+","0.31","0.62","16","1.95","5","1,345.00",
="087972","聯發科群益54購04","48,000","9","149,570","3.08","3.21","3.01","3.01","-","0.53","0.79","10","--","0","1,375.00",
="087973","長榮群益51購06","0","0","0","--","--","--","--"," ","0.00","0.65","100","0.66","100","182.00",
="087974","慧洋群益51購01","0","0","0","--","--","--","--"," ","0.00","0.95","10","1.05","10","58.40",
="087975","王品群益51購01","5,000","1","3,800","0.76","0.76","0.76","0.76","X","0.00","0.74","100","0.75","100","230.00",
="087976","王品群益51購02","0","0","0","--","--","--","--"," ","0.00","0.60","100","0.61","100","230.00",
="087977","雄獅群益51購03","123,000","4","153,950","1.27","1.27","1.25","1.25","-","0.10","1.21","100","1.27","100","158.50",
="087978","台新金群益51購01","0","0","0","--","--","--","--"," ","0.00","1.29","100","1.33","100","17.65",
="087979","欣興群益53購01","114,000","15","318,870","2.84","2.96","2.74","2.77","+","0.14","2.67","100","2.70","100","159.00",
="08797P","台積電國票51售07","0","0","0","--","--","--","--"," ","0.00","0.01","25","0.05","10","0.00",
="087980","景碩群益51購04","128,000","6","246,820","2.06","2.06","1.91","1.93","-","0.05","0.58","34","--","0","111.50",
="087981","新日興群益51購05","37,000","8","33,750","0.90","0.92","0.89","0.92","+","0.05","0.70","50","1.00","50","237.00",
="087982","宏致群益51購01","110,000","2","251,900","2.41","2.41","2.19","2.19","-","0.15","2.17","10","2.27","10","73.30",
="087983","世芯群益51購12","0","0","0","--","--","--","--"," ","0.00","0.92","10","2.78","10","3,700.00",
="087984","上緯控群益52購01","23,000","4","26,340","1.16","1.17","1.13","1.13","-","0.10","1.10","100","1.12","100","114.50",
="087985","材料群益51購03","10,000","1","7,200","0.72","0.72","0.72","0.72","+","0.01","0.72","10","0.82","10","66.40",
="087986","立積群益53購01","10,000","5","14,020","1.45","1.45","1.36","1.36","-","0.29","0.61","16","--","0","151.50",
="087987","瀚宇博群益51購02","14,000","5","118,650","9.15","9.15","7.35","7.35","-","0.15","3.80","2","--","0","104.00",
="087988","邁達特群益51購02","0","0","0","--","--","--","--"," ","0.00","0.16","22","--","0","51.40",
="087989","帆宣群益51購01","31,000","2","60,160","2.00","2.00","1.92","1.92","-","0.07","0.56","17","--","0","255.00",
="08798P","宏碁國票4C售01","0","0","0","--","--","--","--"," ","0.00","0.45","25","0.46","10","0.00",
="087990","飛捷群益52購01","0","0","0","--","--","--","--"," ","0.00","0.37","100","0.38","100","106.50",
="087991","聯茂群益51購01","29,000","2","101,210","3.49","3.49","3.49","3.49","-","0.09","1.74","5","--","0","111.50",
="087992","保瑞群益51購04","0","0","0","--","--","--","--"," ","0.00","0.71","10","0.81","10","693.00",
="087993","穎崴群益51購02","0","0","0","--","--","--","--"," ","0.00","5.85","10","--","0","2,015.00",
="087994","愛普群益52購01","3,000","1","3,810","1.27","1.27","1.27","1.27","X","0.00","0.43","25","--","0","344.00",
="087995","AES群益51購01","0","0","0","--","--","--","--"," ","0.00","1.84","100","1.90","100","1,195.00",
="087996","南電群益53購01","54,000","6","351,400","6.55","6.70","6.15","6.15","+","0.45","5.80","10","6.30","10","234.50",
="087997","FB越南元大51購01","0","0","0","--","--","--","--"," ","0.00","1.86","499","1.88","50","15.73",
="087998","FB越南元大53購01","0","0","0","--","--","--","--"," ","0.00","1.80","499","1.81","50","15.73",
="087999","中興電元大51購06","0","0","0","--","--","--","--"," ","0.00","0.62","10","0.63","10","159.00",
="08799P","微星國票4C售01","14,000","1","15,260","1.09","1.09","1.09","1.09","+","0.03","1.08","25","1.10","10","0.00",
="088000","華城元大54購02","54,000","2","146,840","2.71","2.72","2.71","2.72","X","0.00","2.64","300","2.67","10","586.00",
="088001","光寶科元大51購03","0","0","0","--","--","--","--"," ","0.00","3.06","250","--","0","183.00",
="088002","台達電元大51購08","0","0","0","--","--","--","--"," ","0.00","13.30","10","14.30","10","893.00",
="088003","台達電元大51購09","0","0","0","--","--","--","--"," ","0.00","13.20","10","14.20","10","893.00",
="088004","鴻海元大54購10","0","0","0","--","--","--","--"," ","0.00","2.53","300","2.56","10","221.00",
="088005","台積電元大54購14","2,000","2","3,630","1.80","1.83","1.80","1.83","X","0.00","1.81","3","--","0","1,340.00",
="088006","智邦元大54購02","60,000","5","268,380","4.41","4.49","4.41","4.47","+","0.12","2.69","3","--","0","1,005.00",
="088007","金像電元大51購08","11,000","2","70,300","6.40","6.40","6.30","6.30","+","0.30","6.15","150","6.20","10","455.00",
="088008","王品元大51購01","25,000","1","33,000","1.32","1.32","1.32","1.32","X","0.00","1.30","499","1.32","10","230.00",
="088009","奇鋐元大51購21","200,000","2","977,000","4.83","5.05","4.83","5.05","+","1.01","3.90","200","4.00","10","1,015.00",
="08800P","台光電國票4C售02","0","0","0","--","--","--","--"," ","0.00","0.01","25","0.05","10","0.00",
="088010","奇鋐元大51購22","25,000","6","135,550","5.40","5.50","5.25","5.25","+","0.60","4.48","150","4.58","10","1,015.00",
="088011","奇鋐元大54購07","43,000","4","185,350","4.36","4.36","4.29","4.35","+","0.19","3.74","200","3.82","10","1,015.00",
="088012","德律元大51購08","0","0","0","--","--","--","--"," ","0.00","2.44","300","2.49","10","189.00",
="088013","智原元大51購12","49,000","6","35,520","0.74","0.79","0.72","0.72","+","0.11","0.71","509","0.72","10","174.00",
="088014","欣興元大51購04","6,000","2","10,680","1.78","1.78","1.78","1.78","+","0.10","1.71","450","1.73","10","159.00",
="088015","欣興元大54購02","126,000","6","249,130","2.04","2.04","1.93","2.00","+","0.09","1.90","400","1.92","10","159.00",
="088016","欣興元大56購02","42,000","4","81,780","1.92","2.01","1.92","1.92","+","0.05","1.85","400","1.87","10","159.00",
="088017","景碩元大51購04","87,000","1","340,170","3.91","3.91","3.91","3.91","+","0.17","3.61","200","3.71","10","111.50",
="088018","新日興元大51購06","40,000","10","87,540","2.19","2.25","2.13","2.13","-","0.19","1.31","7","3.00","5","237.00",
="088019","世芯元大54購07","102,000","8","263,260","2.66","2.66","2.55","2.58","-","0.22","1.31","38","--","0","3,700.00",
="08801P","群光國票4C售01","0","0","0","--","--","--","--"," ","0.00","0.30","25","0.31","10","0.00",
="088020","帆宣元大51購03","8,000","3","14,610","1.84","1.84","1.77","1.77","-","0.06","1.75","1","1.80","10","255.00",
="088021","飛捷元大51購03","433,000","4","196,390","0.45","0.46","0.45","0.46","X","0.00","0.44","499","0.45","10","106.50",
="088022","聯茂元大51購03","0","0","0","--","--","--","--"," ","0.00","4.73","25","4.83","10","111.50",
="088023","緯穎元大54購07","40,000","4","142,790","3.58","3.62","3.53","3.62","+","0.03","3.47","200","3.50","10","3,140.00",
="088024","富世達元大51購07","0","0","0","--","--","--","--"," ","0.00","3.63","250","3.73","10","1,010.00",
="088025","連加元大51購03","0","0","0","--","--","--","--"," ","0.00","0.68","499","0.69","10","606.00",
="088026","南電元大51購04","0","0","0","--","--","--","--"," ","0.00","4.52","150","--","0","234.50",
="088027","南電元大51購05","8,000","2","34,270","4.44","4.44","4.19","4.19","-","0.02","4.14","150","--","0","234.50",
="088028","世紀鋼元大54購04","37,000","1","39,960","1.08","1.08","1.08","1.08","+","0.08","1.00","25","1.01","10","171.50",
="088029","緯穎台新51購02","32,000","11","434,700","13.30","13.90","13.30","13.70","-","0.20","13.70","10","13.90","10","0.00",
="08802P","志聖國票4C售01","0","0","0","--","--","--","--"," ","0.00","0.04","25","0.05","10","0.00",
="088030","鴻海統一57購05","84,000","4","122,300","1.45","1.48","1.45","1.48","+","0.09","1.46","10","1.47","10","221.00",
="088031","鴻海統一57購06","1,000","1","1,500","1.50","1.50","1.50","1.50","X","0.00","1.51","10","1.52","10","221.00",
="088032","廣宇統一53購02","260,000","3","374,400","1.44","1.44","1.44","1.44","+","0.01","1.38","10","1.39","10","54.10",
="088033","台積電統一57購12","160,000","2","189,960","1.18","1.20","1.18","1.20","+","0.12","1.16","10","1.17","10","1,340.00",
="088034","敦陽科統一59購01","0","0","0","--","--","--","--"," ","0.00","0.61","11","0.62","10","171.50",
="088035","王品統一57購01","20,000","1","9,000","0.45","0.45","0.45","0.45","X","0.00","0.45","10","0.46","10","230.00",
="088036","大立光統一53購02","125,000","4","92,500","0.74","0.74","0.74","0.74","-","0.01","0.71","10","0.72","10","2,360.00",
="088037","飛捷統一57購01","0","0","0","--","--","--","--"," ","0.00","0.34","10","0.35","10","106.50",
="088038","南電統一59購01","66,000","10","89,930","1.39","1.42","1.32","1.34","+","0.05","1.26","10","1.28","10","234.50",
="088039","華城中信51購01","18,000","6","8,920","0.47","0.50","0.47","0.50","-","0.02","0.47","10","0.48","10","0.00",
="08803P","敦陽科國票4C售01","0","0","0","--","--","--","--"," ","0.00","0.26","25","0.27","10","0.00",
="088040","連加中信51購01","0","0","0","--","--","--","--"," ","0.00","0.14","10","0.15","10","0.00",
="088041","上証2X永豐53購01","40,000","4","99,550","2.47","2.82","2.29","2.29","X","0.00","0.23","4","--","0","47.20",
="088042","上証2X永豐54購01","7,000","2","38,140","5.55","5.55","4.84","4.84","X","0.00","0.47","2","--","0","47.20",
="088043","統一永豐51購01","31,000","4","22,120","0.72","0.72","0.71","0.71","-","0.02","0.72","10","0.73","10","78.40",
="088044","台化永豐51購01","0","0","0","--","--","--","--"," ","0.00","2.37","499","2.39","10","28.95",
="088045","聯發科永豐52購04","99,000","2","60,140","0.60","0.61","0.60","0.61","X","0.00","0.57","499","0.58","10","1,375.00",
="088046","一詮永豐51購03","0","0","0","--","--","--","--"," ","0.00","2.36","10","2.37","10","82.30",
="088047","長榮永豐51購04","8,000","2","4,080","0.51","0.51","0.51","0.51","-","0.01","0.49","499","0.50","10","182.00",
="088048","裕民永豐51購03","10,000","1","8,400","0.84","0.84","0.84","0.84","-","0.10","0.84","499","0.85","10","55.30",
="088049","萬海永豐51購02","0","0","0","--","--","--","--"," ","0.00","0.30","10","0.31","10","77.90",
="08804P","聯陽國票4C售01","0","0","0","--","--","--","--"," ","0.00","0.14","25","0.15","10","0.00",
="088050","王品永豐51購02","0","0","0","--","--","--","--"," ","0.00","0.36","499","0.37","10","230.00",
="088051","王品永豐52購01","0","0","0","--","--","--","--"," ","0.00","5.95","499","6.05","10","230.00",
="088052","雄獅永豐51購01","16,000","1","6,880","0.43","0.43","0.43","0.43","-","0.06","0.43","499","0.44","10","158.50",
="088053","亞光永豐53購02","0","0","0","--","--","--","--"," ","0.00","21.70","10","22.00","10","161.50",
="088054","智原永豐53購01","127,000","11","107,940","0.77","0.88","0.77","0.81","+","0.11","0.79","10","0.80","10","174.00",
="088055","新日興永豐51購03","129,000","7","182,130","1.44","1.47","1.37","1.37","-","0.15","0.60","16","--","0","237.00",
="088056","玉晶光永豐52購01","1,000","1","2,590","2.59","2.59","2.59","2.59","-","0.21","2.58","499","2.68","10","443.50",
="088057","台塑化永豐51購01","5,000","2","10,700","2.15","2.15","2.10","2.10","+","0.06","0.76","13","--","0","39.25",
="088058","連加永豐52購02","0","0","0","--","--","--","--"," ","0.00","0.34","499","0.35","10","606.00",
="088059","滬深2X元富51購03","0","0","0","--","--","--","--"," ","0.00","0.32","3","--","0","19.04",
="08805P","奇鋐國票4C售03","0","0","0","--","--","--","--"," ","0.00","0.03","25","0.05","10","0.00",
="088060","滬深2X元富51購04","0","0","0","--","--","--","--"," ","0.00","0.24","4","--","0","19.04",
="088061","香港2X元富51購03","3,000","2","7,980","2.70","2.70","2.58","2.58","-","0.25","0.25","4","--","0","18.02",
="088062","FB越南元富51購05","0","0","0","--","--","--","--"," ","0.00","1.90","25","1.92","25","15.73",
="088063","FB越南元富51購06","0","0","0","--","--","--","--"," ","0.00","1.71","25","1.72","25","15.73",
="088064","FB越南元富51購07","8,000","2","10,140","1.26","1.28","1.26","1.28","X","0.00","1.28","25","1.29","25","15.73",
="088065","華城元富51購04","0","0","0","--","--","--","--"," ","0.00","1.25","25","1.26","25","586.00",
="088066","大亞元富51購01","0","0","0","--","--","--","--"," ","0.00","1.58","25","1.59","25","39.85",
="088067","矽統元富57購01","2,000","2","5,380","2.70","2.70","2.68","2.68","-","0.21","2.63","25","2.65","25","58.60",
="088068","欣興元富51購02","0","0","0","--","--","--","--"," ","0.00","4.13","25","4.23","25","159.00",
="088069","宏致元富52購02","15,000","4","36,660","2.43","2.46","2.43","2.44","-","0.29","2.44","25","2.46","25","73.30",
="08806P","緯創國票4C售01","0","0","0","--","--","--","--"," ","0.00","0.25","25","0.26","10","0.00",
="088070","世芯元富51購13","4,000","1","7,560","1.89","1.89","1.89","1.89","-","0.08","1.70","25","1.73","25","3,700.00",
="088071","佳必琪元富51購03","0","0","0","--","--","--","--"," ","0.00","1.62","25","1.72","10","160.00",
="088072","佳必琪元富52購01","3,000","1","5,220","1.74","1.74","1.74","1.74","-","0.07","1.74","22","1.76","25","160.00",
="088073","台郡元富51購01","43,000","2","114,110","2.66","2.66","2.57","2.57","-","0.25","2.56","25","2.59","25","66.80",
="088074","台郡元富52購01","1,000","1","1,270","1.27","1.27","1.27","1.27","-","0.24","1.27","25","1.29","25","66.80",
="088075","保瑞元富51購01","18,000","2","32,440","1.80","1.84","1.80","1.84","+","0.01","1.76","25","1.86","10","693.00",
="088076","保瑞元富51購02","2,000","1","12,600","6.30","6.30","6.30","6.30","+","0.15","6.00","25","6.50","10","693.00",
="088077","緯穎元富51購08","0","0","0","--","--","--","--"," ","0.00","3.01","25","3.06","25","3,140.00",
="088078","連加元富51購02","0","0","0","--","--","--","--"," ","0.00","0.19","25","0.20","25","606.00",
="088079","雷虎元富57購01","0","0","0","--","--","--","--"," ","0.00","14.90","10","19.60","1","148.50",
="08807P","創意國票4C售02","100,000","1","5,000","0.05","0.05","0.05","0.05","X","0.00","0.04","25","0.05","10","0.00",
="088080","滬深2X國票52購03","0","0","0","--","--","--","--"," ","0.00","3.59","25","3.60","10","19.04",
="088081","華城國票52購04","0","0","0","--","--","--","--"," ","0.00","2.06","25","2.07","10","586.00",
="088082","華通國票52購02","151,000","2","664,720","4.72","4.72","4.40","4.40","-","0.47","4.24","25","4.25","10","77.00",
="088083","國巨國票52購01","0","0","0","--","--","--","--"," ","0.00","12.40","25","13.10","10","176.00",
="088084","華邦電國票52購04","0","0","0","--","--","--","--"," ","0.00","8.35","25","--","0","36.45",
="088085","裕民國票52購01","36,000","2","55,320","1.57","1.57","1.51","1.51","-","0.21","1.55","25","1.56","10","55.30",
="088086","慧洋國票51購01","0","0","0","--","--","--","--"," ","0.00","1.97","25","1.98","10","58.40",
="088087","慧洋國票52購02","0","0","0","--","--","--","--"," ","0.00","1.36","25","1.37","10","58.40",
="088088","八方國票52購01","0","0","0","--","--","--","--"," ","0.00","0.87","25","0.89","10","205.00",
="088089","台新金國票51購02","139,000","3","98,760","0.71","0.72","0.71","0.72"," ","0.00","0.73","25","0.74","10","17.65",
="08808P","貿聯國票4C售02","0","0","0","--","--","--","--"," ","0.00","0.01","30","0.05","10","0.00",
="088090","台新金國票52購01","119,000","4","128,210","1.07","1.10","1.07","1.09","X","0.00","1.09","25","1.10","10","17.65",
="088091","台新金國票53購01","60,000","3","36,600","0.61","0.61","0.61","0.61","-","0.01","0.63","25","0.64","10","17.65",
="088092","大立光國票52購02","45,000","2","45,500","1.00","1.02","1.00","1.02","-","0.10","1.03","25","1.04","10","2,360.00",
="088093","富世達國票52購07","1,000","1","6,650","6.65","6.65","6.65","6.65","+","0.70","6.10","25","6.50","10","1,010.00",
="088094","泰金寶國票51購02","12,000","2","11,170","0.94","0.94","0.93","0.93","-","0.06","0.92","25","0.93","10","6.02",
="088095","T50正2國泰52購01","0","0","0","--","--","--","--"," ","0.00","--","0","--","0","302.45",
="088096","滬深2X國泰52購04","0","0","0","--","--","--","--"," ","0.00","2.91","499","2.95","10","19.04",
="088097","臺指反國泰52購01","410,000","3","20,500","0.05","0.05","0.05","0.05","X","0.00","0.04","499","0.05","100","2.96",
="088098","建準國泰52購01","0","0","0","--","--","--","--"," ","0.00","2.25","499","2.31","10","129.00",
="088099","智原國泰52購02","58,000","3","77,800","1.35","1.35","1.30","1.30","+","0.25","1.24","499","1.26","499","174.00",
="08809P","中磊國票4C售02","0","0","0","--","--","--","--"," ","0.00","0.19","25","0.20","10","0.00",
="088100","亞翔國泰52購01","12,000","1","29,040","2.42","2.42","2.42","2.42","X","0.00","2.37","499","2.39","100","358.50",
="088101","南電國泰52購02","4,000","1","32,400","8.10","8.10","8.10","8.10","+","2.20","6.65","20","--","0","234.50",
="088102","南電國泰52購03","0","0","0","--","--","--","--"," ","0.00","6.25","499","--","0","234.50",
="088103","中砂兆豐53購02","13,000","1","9,100","0.70","0.70","0.70","0.70","X","0.00","0.65","10","0.66","10","339.00",
="088104","漢唐兆豐57購01","0","0","0","--","--","--","--"," ","0.00","2.88","10","--","0","987.00",
="088105","晟銘電兆豐53購01","0","0","0","--","--","--","--"," ","0.00","0.71","10","0.72","10","121.00",
="088106","群臺2X群益51購02","0","0","0","--","--","--","--"," ","0.00","8.15","25","8.25","10","108.15",
="088107","中興電群益51購02","0","0","0","--","--","--","--"," ","0.00","1.12","100","1.15","100","159.00",
="088108","華城群益51購06","0","0","0","--","--","--","--"," ","0.00","0.06","52","--","0","586.00",
="088109","台達電群益51購07","0","0","0","--","--","--","--"," ","0.00","13.70","50","14.70","10","893.00",
="08810P","力成國票4C售02","0","0","0","--","--","--","--"," ","0.00","0.01","25","0.05","10","0.00",
="088110","智邦群益51購07","10,000","1","41,000","4.10","4.10","4.10","4.10","X","0.00","--","0","4.03","10","1,005.00",
="088111","華碩群益53購01","48,000","3","33,020","0.67","0.69","0.67","0.69","+","0.06","0.21","47","--","0","684.00",
="088112","致茂群益51購01","101,000","16","502,810","4.74","5.20","4.74","4.99","+","0.60","4.81","10","4.91","10","614.00",
="088113","金像電群益51購05","0","0","0","--","--","--","--"," ","0.00","10.40","50","11.40","10","455.00",
="088114","微星群益51購04","0","0","0","--","--","--","--"," ","0.00","0.08","10","--","0","119.50",
="088115","漢唐群益53購01","2,000","1","8,060","4.03","4.03","4.03","4.03","-","0.15","1.51","6","--","0","987.00",
="088116","王品群益51購03","33,000","2","19,470","0.59","0.59","0.59","0.59","-","0.06","0.58","101","0.60","100","230.00",
="088117","雄獅群益53購01","0","0","0","--","--","--","--"," ","0.00","0.44","100","0.48","100","158.50",
="088118","奇鋐群益53購03","76,000","3","99,320","1.37","1.37","1.13","1.13","-","0.18","0.48","20","--","0","1,015.00",
="088119","智原群益52購01","607,000","25","918,740","1.21","1.69","1.21","1.45","+","0.20","1.44","10","1.54","10","174.00",
="08811P","虎航國票4B售01","0","0","0","--","--","--","--"," ","0.00","1.27","25","1.28","10","0.00",
="088120","健鼎群益51購02","0","0","0","--","--","--","--"," ","0.00","3.63","10","3.73","10","309.50",
="088121","世芯群益51購13","8,000","1","12,880","1.61","1.61","1.61","1.61","-","0.16","0.54","18","--","0","3,700.00",
="088122","貿聯群益51購04","0","0","0","--","--","--","--"," ","0.00","--","0","--","0","1,085.00",
="088123","上緯控群益53購01","346,000","20","515,920","1.52","1.55","1.40","1.42","-","0.15","1.41","100","1.44","100","114.50",
="088124","日月光群益52購02","500,000","7","1,155,840","2.41","2.41","2.24","2.25","+","0.03","2.28","10","2.38","10","174.50",
="088125","精成科群益51購05","0","0","0","--","--","--","--"," ","0.00","7.95","50","8.45","10","125.50",
="088126","佳必琪群益51購02","163,000","5","301,860","1.82","1.88","1.82","1.84","-","0.03","0.64","15","--","0","160.00",
="088127","迅得群益51購02","0","0","0","--","--","--","--"," ","0.00","1.57","10","1.67","10","176.00",
="088128","雷虎群益51購01","0","0","0","--","--","--","--"," ","0.00","--","0","18.20","10","148.50",
="088129","世紀鋼群益51購05","150,000","2","39,000","0.26","0.26","0.26","0.26","X","0.00","0.22","10","0.32","10","171.50",
="08812P","雲豹國票4C售02","0","0","0","--","--","--","--"," ","0.00","1.03","25","1.04","10","0.00",
="088130","世紀鋼群益53購01","0","0","0","--","--","--","--"," ","0.00","0.22","10","0.32","10","171.50",
="088131","臺股指群益59購06","0","0","0","--","--","--","--"," ","0.00","4.24","499","4.25","499","0.00",
="088132","上証2X富邦54購01","0","0","0","--","--","--","--"," ","0.00","1.88","100","1.89","100","0.00",
="088133","滬深2X富邦52購03","0","0","0","--","--","--","--"," ","0.00","2.46","100","2.47","10","0.00",
="088134","滬深2X富邦55購01","40,000","2","46,600","1.24","1.24","1.14","1.14","-","0.06","1.15","100","1.16","100","0.00",
="088135","FB越南富邦54購01","0","0","0","--","--","--","--"," ","0.00","1.89","100","1.90","10","0.00",
="088136","台泥富邦51購01","356,000","6","162,410","0.44","0.49","0.44","0.45","-","0.16","0.47","30","0.48","10","0.00",
="088137","中興電富邦51購01","5,000","1","2,300","0.46","0.46","0.46","0.46","-","0.03","0.45","30","0.46","10","0.00",
="088138","台積電富邦55購07","0","0","0","--","--","--","--"," ","0.00","24.50","30","24.80","10","0.00",
="088139","技嘉富邦52購03","139,000","5","79,770","0.57","0.58","0.57","0.57"," ","0.00","0.57","30","0.58","10","0.00",
="08813P","FB台50元大4B售02","0","0","0","--","--","--","--"," ","0.00","--","0","0.05","10","0.00",
="088140","聯發科富邦55購04","92,000","21","1,006,900","11.40","11.40","10.80","10.80","-","0.90","10.70","31","10.80","10","0.00",
="088141","智原富邦51購01","347,000","7","149,220","0.44","0.46","0.41","0.42","+","0.07","0.41","30","0.42","10","0.00",
="088142","jpp富邦52購01","0","0","0","--","--","--","--"," ","0.00","2.36","10","2.41","10","0.00",
="088143","滬深2X元大55購03","0","0","0","--","--","--","--"," ","0.00","3.65","250","3.66","100","19.04",
="088144","滬深2X元大56購02","40,000","4","89,100","2.23","2.24","2.21","2.21","-","0.07","2.17","250","2.18","100","19.04",
="088145","中興電元大51購07","0","0","0","--","--","--","--"," ","0.00","0.71","10","0.72","10","159.00",
="088146","華城元大54購03","175,000","4","261,660","1.50","1.50","1.49","1.50","+","0.02","1.45","499","1.47","10","586.00",
="088147","合機元大51購01","2,000","1","1,660","0.83","0.83","0.83","0.83","+","0.01","0.83","499","0.84","10","46.95",
="088148","台達電元大51購10","0","0","0","--","--","--","--"," ","0.00","7.40","100","--","0","893.00",
="088149","鴻海元大54購11","0","0","0","--","--","--","--"," ","0.00","2.22","350","2.24","10","221.00",
="08814P","香港2X元大4C售01","100,000","1","20,000","0.20","0.20","0.20","0.20","X","0.00","0.20","270","0.21","100","0.00",
="088150","廣宇元大51購02","0","0","0","--","--","--","--"," ","0.00","3.99","200","4.06","10","54.10",
="088151","台積電元大54購15","0","0","0","--","--","--","--"," ","0.00","--","0","--","0","1,340.00",
="088152","智邦元大51購07","50,000","1","191,000","3.82","3.82","3.82","3.82","+","0.30","1.56","6","--","0","1,005.00",
="088153","華碩元大51購04","193,000","4","231,550","1.18","1.22","1.13","1.21","+","0.09","1.18","25","1.19","10","684.00",
="088154","矽統元大51購01","70,000","6","90,100","1.38","1.38","1.23","1.25","-","0.14","1.22","499","1.24","10","58.60",
="088155","矽統元大51購02","34,000","4","51,670","1.47","1.60","1.47","1.52","-","0.14","1.47","450","1.49","10","58.60",
="088156","矽統元大51購03","0","0","0","--","--","--","--"," ","0.00","1.74","400","1.76","10","58.60",
="088157","金像電元大51購10","271,000","14","1,013,530","3.79","3.85","3.70","3.70","+","0.29","3.61","200","3.65","10","455.00",
="088158","技嘉元大51購06","15,000","8","22,520","1.51","1.51","1.50","1.50","X","0.00","1.46","499","1.49","10","283.00",
="088159","台光電元大54購05","51,000","9","171,450","3.31","3.87","3.27","3.68","+","0.48","3.55","250","3.62","10","1,345.00",
="08815P","SGBR2X元大4C售03","0","0","0","--","--","--","--"," ","0.00","0.41","250","0.42","100","0.00",
="088160","陽明元大51購06","0","0","0","--","--","--","--"," ","0.00","0.51","499","0.52","10","55.20",
="088161","王品元大51購02","0","0","0","--","--","--","--"," ","0.00","0.45","499","0.46","10","230.00",
="088162","奇鋐元大51購23","32,000","3","191,900","6.75","6.75","5.65","5.65","-","0.25","5.55","150","5.65","10","1,015.00",
="088163","奇鋐元大51購24","4,000","2","12,950","3.41","3.41","3.18","3.18","X","0.00","2.61","300","2.69","10","1,015.00",
="088164","奇鋐元大54購08","551,000","15","808,420","1.53","1.53","1.43","1.46","+","0.12","1.29","499","1.33","10","1,015.00",
="088165","智原元大51購13","367,000","17","291,160","0.73","0.86","0.67","0.82","+","0.11","0.81","10","0.82","10","174.00",
="088166","欣興元大51購06","0","0","0","--","--","--","--"," ","0.00","1.82","10","1.85","10","159.00",
="088167","景碩元大51購05","4,000","2","14,780","3.66","3.73","3.66","3.73","+","0.43","3.18","200","3.26","10","111.50",
="088168","緯創元大54購06","698,000","9","629,170","0.95","0.95","0.89","0.89","+","0.02","0.89","499","0.90","10","122.50",
="088169","群創元大51購06","0","0","0","--","--","--","--"," ","0.00","1.40","499","1.44","10","14.15",
="08816P","鴻海元大4B售12","0","0","0","--","--","--","--"," ","0.00","--","0","0.10","10","0.00",
="088170","嘉澤元大51購12","7,000","2","7,210","1.03","1.03","1.03","1.03","-","0.03","0.98","499","1.00","10","1,605.00",
="088171","世芯元大54購08","22,000","3","52,560","2.41","2.41","2.37","2.38","-","0.14","1.03","48","--","0","3,700.00",
="088172","神達元大54購02","0","0","0","--","--","--","--"," ","0.00","4.50","200","--","0","90.00",
="088173","亞翔元大51購08","0","0","0","--","--","--","--"," ","0.00","2.35","350","2.39","10","358.50",
="088174","精成科元大51購11","0","0","0","--","--","--","--"," ","0.00","2.84","250","--","0","125.50",
="088175","帆宣元大51購04","0","0","0","--","--","--","--"," ","0.00","2.15","25","2.25","10","255.00",
="088176","飛捷元大51購04","519,000","4","181,650","0.35","0.35","0.35","0.35","+","0.01","0.34","499","0.35","10","106.50",
="088177","聯茂元大51購04","86,000","3","394,060","4.58","4.61","4.58","4.61","+","0.34","4.06","150","4.13","10","111.50",
="088178","台塑化元大51購01","1,000","1","1,370","1.37","1.37","1.37","1.37","-","0.01","1.41","25","1.43","10","39.25",
="088179","緯穎元大54購08","90,000","5","193,520","2.14","2.16","2.12","2.12","-","0.11","2.11","350","2.12","10","3,140.00",
="08817P","台積電元大4B售22","0","0","0","--","--","--","--"," ","0.00","--","0","0.10","10","0.00",
="088180","洋基元大51購03","99,000","2","241,050","2.42","2.45","2.42","2.45","X","0.00","2.36","350","2.39","10","449.00",
="088181","連加元大51購04","0","0","0","--","--","--","--"," ","0.00","0.44","499","0.45","10","606.00",
="088183","連加元大51購05","17,000","1","9,350","0.55","0.55","0.55","0.55","X","0.00","0.55","499","0.56","10","606.00",
="088184","雷虎元大51購01","42,000","11","718,500","18.00","21.80","16.60","21.80","+","0.80","16.50","10","21.80","2","148.50",
="088185","雷虎元大51購02","0","0","0","--","--","--","--"," ","0.00","14.80","10","--","0","148.50",
="088186","雷虎元大51購03","0","0","0","--","--","--","--"," ","0.00","11.90","10","--","0","148.50",
="088187","雷虎元大51購04","0","0","0","--","--","--","--"," ","0.00","12.10","10","--","0","148.50",
="088188","上証2X凱基53購02","63,000","5","101,570","1.74","1.97","1.56","1.56","-","0.15","1.62","100","1.63","50","47.20",
="088189","元金2X凱基57購01","137,000","11","203,140","1.49","1.51","1.46","1.47","+","0.13","1.47","100","1.48","50","70.40",
="08818P","台光電元大4B售06","0","0","0","--","--","--","--"," ","0.00","--","0","0.10","10","0.00",
="088190","FB越南凱基57購01","30,000","5","43,370","1.44","1.45","1.43","1.45","-","0.06","1.46","100","1.47","50","15.73",
="088191","士電凱基51購02","35,000","4","19,700","0.58","0.58","0.54","0.54","-","0.06","0.56","10","0.60","10","183.00",
="088192","華城凱基51購08","0","0","0","--","--","--","--"," ","0.00","1.18","100","1.28","10","586.00",
="088193","中砂凱基56購01","114,000","4","148,330","1.30","1.32","1.29","1.32","+","0.07","1.29","100","1.30","10","339.00",
="088194","鴻海凱基51購10","110,000","8","618,900","5.60","5.70","5.55","5.65","+","0.60","1.29","7","--","0","221.00",
="088195","台積電凱基53購18","0","0","0","--","--","--","--"," ","0.00","2.07","100","2.17","10","1,340.00",
="088196","台積電凱基57購05","0","0","0","--","--","--","--"," ","0.00","1.91","100","2.01","10","1,340.00",
="088197","順德凱基51購03","17,000","3","32,410","1.91","1.91","1.90","1.90","-","0.04","1.97","10","1.98","10","81.90",
="088198","台光電凱基53購03","0","0","0","--","--","--","--"," ","0.00","6.60","100","7.10","10","1,345.00",
="088199","聯發科凱基51購13","32,000","7","30,910","1.04","1.04","0.93","0.93","-","0.17","0.92","100","0.93","5","1,375.00",
="08819P","聯發科元大4B售15","0","0","0","--","--","--","--"," ","0.00","--","0","0.10","10","0.00",
="088200","長榮凱基51購13","42,000","3","26,930","0.64","0.65","0.64","0.65","-","0.04","0.18","55","0.64","10","182.00",
="088201","裕民凱基51購02","170,000","4","195,900","1.15","1.16","1.10","1.16","-","0.21","1.15","10","1.18","10","55.30",
="088202","慧洋凱基51購01","134,000","8","181,940","1.33","1.38","1.33","1.38","-","0.07","1.36","10","1.39","10","58.40",
="088203","王品凱基51購03","50,000","2","15,000","0.30","0.30","0.30","0.30","-","0.02","0.29","10","0.30","10","230.00",
="088204","雄獅凱基51購05","0","0","0","--","--","--","--"," ","0.00","0.52","10","0.53","10","158.50",
="088205","八方凱基51購01","0","0","0","--","--","--","--"," ","0.00","0.52","10","0.55","10","205.00",
="088206","欣興凱基51購04","19,000","2","74,290","3.91","3.91","3.91","3.91","X","0.00","3.75","100","3.83","10","159.00",
="088207","景碩凱基51購04","6,000","2","30,400","5.20","5.20","5.00","5.00","-","0.10","4.62","100","4.72","10","111.50",
="088208","新日興凱基53購02","1,000","1","3,440","3.44","3.44","3.44","3.44","-","0.04","3.29","10","3.39","10","237.00",
="088209","祥碩凱基51購03","10,000","1","1,200","0.12","0.12","0.12","0.12","-","0.01","0.12","100","0.13","30","1,525.00",
="08820P","聯詠元大4B售02","0","0","0","--","--","--","--"," ","0.00","1.06","25","1.16","10","0.00",
="088210","瀚宇博凱基51購01","10,000","2","120,400","12.60","12.60","11.20","11.20","X","0.00","10.40","100","11.40","10","104.00",
="088211","亞翔凱基51購06","41,000","4","85,810","2.08","2.11","2.08","2.11","-","0.01","2.05","10","2.06","10","358.50",
="088212","保瑞凱基54購02","45,000","2","66,600","1.48","1.48","1.48","1.48","X","0.00","1.49","100","1.51","10","693.00",
="088213","緯穎凱基51購12","1,000","1","4,130","4.13","4.13","4.13","4.13","+","0.03","4.12","100","4.15","10","3,140.00",
="088214","連加凱基51購03","0","0","0","--","--","--","--"," ","0.00","0.33","10","0.34","10","606.00",
="088215","昇陽半凱基51購01","0","0","0","--","--","--","--"," ","0.00","3.34","100","3.44","10","179.50",
="088216","南電凱基53購01","29,000","5","208,000","7.20","7.30","7.00","7.00","+","0.05","6.70","50","6.75","10","234.50",
="088217","台灣50元富51購08","2,000","1","19,800","9.90","9.90","9.90","9.90","+","1.00","9.95","25","10.00","25","58.45",
="088218","台灣50元富51購09","0","0","0","--","--","--","--"," ","0.00","9.00","25","9.05","25","58.45",
="088219","T50反1元富57購01","200,000","1","52,000","0.26","0.26","0.26","0.26","X","0.00","0.24","25","0.25","25","18.29",
="08821P","創意元大4B售07","0","0","0","--","--","--","--"," ","0.00","0.04","499","0.06","300","0.00",
="088220","滬深2X元富51購05","0","0","0","--","--","--","--"," ","0.00","0.22","4","--","0","19.04",
="088221","香港2X元富52購01","0","0","0","--","--","--","--"," ","0.00","1.70","25","1.71","25","18.02",
="088222","FB越南元富51購08","0","0","0","--","--","--","--"," ","0.00","1.05","25","1.06","25","15.73",
="088223","FB越南元富54購02","0","0","0","--","--","--","--"," ","0.00","1.08","25","1.09","25","15.73",
="088224","FB越南元富54購03","0","0","0","--","--","--","--"," ","0.00","2.13","25","2.14","25","15.73",
="088225","FB越南元富57購01","0","0","0","--","--","--","--"," ","0.00","1.04","25","1.05","25","15.73",
="088226","台塑元富51購03","5,000","1","11,300","2.26","2.26","2.26","2.26","+","0.13","2.11","25","2.13","25","38.60",
="088227","國喬元富51購01","22,000","3","19,980","0.87","0.91","0.87","0.91","-","0.01","0.92","25","0.93","25","9.51",
="088228","士電元富51購01","0","0","0","--","--","--","--"," ","0.00","1.03","25","1.05","25","183.00",
="088229","華城元富52購03","0","0","0","--","--","--","--"," ","0.00","1.31","25","1.41","10","586.00",
="08822P","臺股指元大4B售26","0","0","0","--","--","--","--"," ","0.00","--","0","0.10","10","0.00",
="088230","台積電元富52購05","0","0","0","--","--","--","--"," ","0.00","1.92","3","--","0","1,340.00",
="088231","聯發科元富51購16","10,000","3","12,030","1.23","1.23","1.20","1.20","-","0.19","1.12","25","1.22","10","1,375.00",
="088232","聯發科元富51購17","476,000","10","211,240","0.44","0.46","0.42","0.42","-","0.10","0.40","25","0.41","25","1,375.00",
="088233","全新元富51購02","24,000","1","58,800","2.45","2.45","2.45","2.45","-","0.17","2.21","25","2.31","10","160.00",
="088234","欣興元富51購03","65,000","4","179,990","2.95","2.95","2.74","2.81","+","0.22","2.61","25","2.64","25","159.00",
="088235","欣興元富57購01","35,000","3","93,310","2.80","2.80","2.66","2.66","+","0.12","2.57","25","2.58","25","159.00",
="088236","材料元富52購01","150,000","2","51,000","0.34","0.34","0.34","0.34","+","0.02","0.32","25","0.33","25","66.40",
="088237","東哥元富51購02","0","0","0","--","--","--","--"," ","0.00","1.33","25","1.35","25","217.00",
="088238","欣興兆豐57購01","1,150,000","26","1,815,480","1.65","1.65","1.52","1.54","+","0.08","1.50","10","1.51","10","159.00",
="088239","華城台新51購01","0","0","0","--","--","--","--"," ","0.00","1.39","20","1.40","10","0.00",
="08823P","臺股指富邦52售04","0","0","0","--","--","--","--"," ","0.00","0.12","499","0.13","100","0.00",
="088240","台泥富邦53購01","1,355,000","57","1,507,570","1.12","1.17","1.08","1.17","-","0.20","1.15","30","1.16","10","0.00",
="088241","台塑富邦52購01","127,000","9","133,610","1.03","1.07","0.99","0.99","-","0.01","0.99","10","1.00","10","0.00",
="088242","華城富邦54購01","134,000","7","119,600","0.89","0.90","0.87","0.90"," ","0.00","0.87","10","0.88","10","0.00",
="088243","美時富邦52購01","200,000","7","122,350","0.60","0.63","0.60","0.63","+","0.04","0.62","10","0.63","10","0.00",
="088244","中鴻富邦51購01","41,000","5","42,240","1.03","1.04","1.03","1.04"," ","0.00","0.98","60","0.99","10","0.00",
="088245","聯電富邦51購01","10,000","1","5,400","0.54","0.54","0.54","0.54","+","0.06","0.54","30","0.55","10","0.00",
="088246","華通富邦51購01","17,000","3","30,630","1.80","1.81","1.79","1.81","+","0.08","1.57","10","1.58","10","0.00",
="088247","英業達富邦53購01","133,000","5","81,150","0.61","0.62","0.61","0.61","+","0.02","0.59","30","0.60","10","0.00",
="088248","南亞科富邦53購03","0","0","0","--","--","--","--"," ","0.00","4.03","10","4.13","10","0.00",
="088249","京元電富邦53購02","0","0","0","--","--","--","--"," ","0.00","3.65","10","3.75","10","0.00",
="08824P","臺股指富邦52售05","0","0","0","--","--","--","--"," ","0.00","0.14","499","0.15","100","0.00",
="088250","大立光富邦52購01","0","0","0","--","--","--","--"," ","0.00","1.34","10","1.44","10","0.00",
="088251","奇鋐富邦53購03","0","0","0","--","--","--","--"," ","0.00","1.49","10","1.59","10","0.00",
="088252","奇鋐富邦53購04","11,000","2","17,190","1.57","1.57","1.49","1.49","-","0.01","1.49","10","1.52","10","0.00",
="088253","奇鋐富邦54購01","75,000","1","108,750","1.45","1.45","1.45","1.45","X","0.00","1.37","10","1.39","10","0.00",
="088254","亞光富邦52購02","0","0","0","--","--","--","--"," ","0.00","1.77","10","1.82","10","0.00",
="088255","世芯富邦54購03","128,000","10","167,640","1.34","1.35","1.29","1.29","-","0.16","1.22","10","1.23","10","0.00",
="088256","神達富邦53購01","36,000","5","153,550","4.30","4.35","4.15","4.35","+","0.50","4.18","10","4.21","10","0.00",
="088257","建準中信51購01","30,000","3","41,900","1.40","1.41","1.38","1.41","+","0.14","1.15","10","1.18","10","0.00",
="088258","南電中信51購02","55,000","6","133,100","2.33","2.56","2.33","2.52","+","0.32","2.20","499","2.22","10","0.00",
="088259","南電中信52購02","81,000","12","161,200","1.90","2.14","1.90","1.90","+","0.03","1.79","10","1.81","10","0.00",
="08825P","上銀群益51售01","0","0","0","--","--","--","--"," ","0.00","0.42","100","0.43","100","0.00",
="088260","上証2X永豐51購02","0","0","0","--","--","--","--"," ","0.00","7.10","499","7.20","10","47.20",
="088261","美指2X永豐57購01","10,000","1","8,400","0.84","0.84","0.84","0.84","-","0.03","0.83","10","0.84","10","20.19",
="088262","FB越南永豐53購01","0","0","0","--","--","--","--"," ","0.00","2.38","499","2.39","10","15.73",
="088263","FB越南永豐53購02","0","0","0","--","--","--","--"," ","0.00","1.82","499","1.83","10","15.73",
="088264","台泥永豐51購01","275,000","7","189,900","0.64","0.71","0.64","0.70","-","0.18","0.69","10","0.70","10","23.75",
="088265","東陽永豐51購02","1,000","1","360","0.36","0.36","0.36","0.36","X","0.00","0.34","10","0.35","10","94.10",
="088266","士電永豐52購01","0","0","0","--","--","--","--"," ","0.00","0.69","10","0.70","10","183.00",
="088267","中興電永豐51購01","0","0","0","--","--","--","--"," ","0.00","0.64","499","0.65","10","159.00",
="088268","華城永豐51購03","10,000","1","7,700","0.77","0.77","0.77","0.77","-","0.02","0.74","10","0.75","10","586.00",
="088269","中砂永豐51購04","119,000","7","53,380","0.43","0.45","0.43","0.44","+","0.02","0.45","10","0.46","10","339.00",
="08826P","台光電群益51售03","0","0","0","--","--","--","--"," ","0.00","--","0","0.10","120","0.00",
="088270","川湖永豐53購01","0","0","0","--","--","--","--"," ","0.00","3.84","10","3.94","10","3,220.00",
="088271","英業達永豐51購01","5,000","1","6,050","1.21","1.21","1.21","1.21","+","0.08","0.28","45","--","0","45.00",
="088272","金像電永豐51購06","0","0","0","--","--","--","--"," ","0.00","3.13","499","3.23","10","455.00",
="088273","台光電永豐51購08","59,000","6","392,750","6.75","6.75","6.55","6.55","+","0.15","7.20","499","7.30","10","1,345.00",
="088274","建準永豐51購02","0","0","0","--","--","--","--"," ","0.00","1.12","499","1.15","10","129.00",
="088275","全新永豐51購02","0","0","0","--","--","--","--"," ","0.00","1.23","499","1.26","10","160.00",
="088276","全新永豐52購01","92,000","4","98,080","1.06","1.08","1.04","1.08","-","0.15","1.06","499","1.07","10","160.00",
="088277","全新永豐52購02","25,000","3","33,050","1.36","1.36","1.27","1.27","-","0.15","1.23","10","1.25","10","160.00",
="088278","欣興永豐53購02","27,000","2","33,010","1.23","1.23","1.21","1.21","X","0.00","1.16","10","1.17","10","159.00",
="088279","欣興永豐53購03","68,000","5","72,900","1.13","1.13","1.03","1.03","+","0.04","1.00","10","1.01","10","159.00",
="08827P","緯創群益51售01","0","0","0","--","--","--","--"," ","0.00","--","0","--","0","0.00",
="088280","富華新永豐51購01","0","0","0","--","--","--","--"," ","0.00","0.21","10","0.22","10","20.05",
="088281","景碩永豐53購01","167,000","12","162,290","0.99","0.99","0.96","0.98","-","0.02","0.90","499","0.92","10","111.50",
="088282","緯創永豐52購01","0","0","0","--","--","--","--"," ","0.00","0.77","499","0.79","10","122.50",
="088283","嘉澤永豐52購03","0","0","0","--","--","--","--"," ","0.00","1.12","499","1.15","10","1,605.00",
="088284","健策永豐51購02","0","0","0","--","--","--","--"," ","0.00","3.60","499","3.64","10","2,355.00",
="088285","聯茂永豐51購02","223,000","18","386,480","1.67","1.80","1.64","1.71","+","0.03","1.52","10","1.62","10","111.50",
="088286","聯茂永豐53購01","82,000","5","182,180","2.19","2.29","2.19","2.29","+","0.16","2.02","10","2.12","10","111.50",
="088287","富世達永豐51購03","165,000","6","240,750","1.45","1.51","1.45","1.51","+","0.25","1.40","10","1.50","10","1,010.00",
="088288","南電永豐51購06","29,000","3","74,770","2.68","2.68","2.43","2.43","+","0.14","2.23","10","2.25","10","234.50",
="088289","南電永豐52購01","105,000","8","392,830","3.74","3.93","3.55","3.63","+","0.19","3.37","499","3.42","10","234.50",
="08828P","創意群益51售01","60,000","2","7,100","0.12","0.12","0.11","0.11","X","0.00","0.04","30","--","0","0.00",
="088290","東哥永豐53購01","0","0","0","--","--","--","--"," ","0.00","2.62","499","2.64","10","217.00",
="088291","臺股指永豐56購01","0","0","0","--","--","--","--"," ","0.00","2.94","499","2.95","10","0.00",
="088292","台塑國票51購01","2,000","1","5,700","2.85","2.85","2.85","2.85","X","0.00","2.81","25","2.82","10","38.60",
="088293","英業達國票52購01","152,000","3","222,980","1.44","1.49","1.44","1.48","+","0.02","1.45","25","1.46","10","45.00",
="088294","矽統國票52購02","2,000","2","5,500","2.75","2.75","2.75","2.75","X","0.00","2.61","25","2.62","10","58.60",
="088295","建準國票57購01","15,000","1","25,050","1.67","1.67","1.67","1.67","+","0.14","1.46","25","1.47","10","129.00",
="088296","欣興國票56購01","15,000","5","31,720","2.20","2.20","2.08","2.08","+","0.05","2.03","25","2.05","10","159.00",
="088297","景碩國票57購01","71,000","3","98,200","1.40","1.40","1.38","1.38","+","0.03","1.26","25","1.27","10","111.50",
="088298","上緯控國票54購01","45,000","5","91,470","2.06","2.06","1.95","1.95","-","0.14","1.94","25","1.95","10","114.50",
="088299","上緯控國票57購02","45,000","6","102,470","2.37","2.37","2.25","2.25","-","0.18","2.25","25","2.26","10","114.50",
="08829P","貿聯群益4B售03","0","0","0","--","--","--","--"," ","0.00","0.01","5","0.05","200","0.00",
="088300","jpp國票54購01","2,000","2","7,900","4.07","4.07","3.83","3.83","-","0.20","3.89","25","3.93","10","286.50",
="088301","聯茂國票52購02","0","0","0","--","--","--","--"," ","0.00","2.96","25","3.06","10","111.50",
="088302","同欣電國票57購01","5,000","1","6,250","1.25","1.25","1.25","1.25","-","0.09","1.21","25","1.22","10","120.50",
="088303","穎崴國票53購01","0","0","0","--","--","--","--"," ","0.00","6.20","25","6.70","10","2,015.00",
="088304","連加國票52購03","0","0","0","--","--","--","--"," ","0.00","0.55","25","0.56","10","606.00",
="088305","臺股指國票51購10","0","0","0","--","--","--","--"," ","0.00","4.06","499","4.07","499","0.00",
="088306","中興電國泰52購01","0","0","0","--","--","--","--"," ","0.00","0.86","499","0.87","499","159.00",
="088307","華城國泰52購01","31,000","1","49,290","1.59","1.59","1.59","1.59","X","0.00","1.51","499","1.53","499","586.00",
="088308","中砂國泰52購04","72,000","3","69,180","0.95","0.98","0.95","0.98","+","0.16","0.96","499","0.97","100","339.00",
="088309","台光電國泰52購05","0","0","0","--","--","--","--"," ","0.00","12.30","499","12.70","10","1,345.00",
="08830P","T50正2永豐52售02","100,000","1","4,000","0.04","0.04","0.04","0.04","X","0.00","0.02","10","0.05","10","0.00",
="088310","奇鋐國泰52購01","22,000","1","63,360","2.88","2.88","2.88","2.88","X","0.00","2.32","499","2.36","400","1,015.00",
="088311","欣興國泰52購02","132,000","5","252,070","1.87","2.05","1.87","1.90","X","0.00","1.80","499","1.82","499","159.00",
="088312","滬深2X凱基51購07","0","0","0","--","--","--","--"," ","0.00","2.25","100","2.35","10","19.04",
="088313","滬深2X凱基55購02","0","0","0","--","--","--","--"," ","0.00","4.33","100","4.34","50","19.04",
="088314","FB越南凱基54購01","0","0","0","--","--","--","--"," ","0.00","1.57","100","1.58","50","15.73",
="088315","台泥凱基51購03","397,000","21","403,890","1.04","1.13","0.98","1.12","-","0.36","1.04","100","1.14","10","23.75",
="088316","台塑凱基51購03","0","0","0","--","--","--","--"," ","0.00","1.69","10","1.79","10","38.60",
="088317","中興電凱基51購03","195,000","2","167,700","0.86","0.86","0.86","0.86","X","0.00","0.84","100","0.94","25","159.00",
="088318","大亞凱基51購01","12,000","4","15,970","1.36","1.36","1.30","1.35","-","0.01","1.35","9","1.36","10","39.85",
="088319","台玻凱基51購03","0","0","0","--","--","--","--"," ","0.00","--","0","--","0","25.95",
="08831P","台積電元富4B售21","0","0","0","--","--","--","--"," ","0.00","--","0","--","0","0.00",
="088320","台達電凱基51購06","0","0","0","--","--","--","--"," ","0.00","13.00","100","14.00","10","893.00",
="088321","華通凱基51購03","1,000","1","6,000","6.00","6.00","6.00","6.00","X","0.00","5.20","100","5.30","10","77.00",
="088322","鴻海凱基54購09","0","0","0","--","--","--","--"," ","0.00","4.60","499","4.63","300","221.00",
="088323","台積電凱基51購23","0","0","0","--","--","--","--"," ","0.00","2.48","100","2.58","10","1,340.00",
="088324","台積電凱基67購07","3,000","3","9,140","3.01","3.08","3.01","3.08","+","0.21","3.08","4","3.13","10","1,340.00",
="088325","智邦凱基55購03","0","0","0","--","--","--","--"," ","0.00","2.25","100","2.35","10","1,005.00",
="088326","台光電凱基51購08","0","0","0","--","--","--","--"," ","0.00","2.91","100","2.99","10","1,345.00",
="088327","漢唐凱基51購05","6,000","3","53,850","9.20","9.65","8.60","9.65","-","0.15","9.95","10","10.90","10","987.00",
="088328","南亞科凱基51購08","2,000","1","26,400","13.20","13.20","13.20","13.20","-","0.30","14.00","10","15.00","10","81.00",
="088329","聯發科凱基56購02","0","0","0","--","--","--","--"," ","0.00","1.10","100","1.11","10","1,375.00",
="08832P","台積電元富4B售22","0","0","0","--","--","--","--"," ","0.00","--","0","--","0","0.00",
="088330","全新凱基51購01","490,000","17","532,330","1.12","1.13","1.05","1.05","-","0.28","1.03","100","1.08","10","160.00",
="088331","雄獅凱基51購06","0","0","0","--","--","--","--"," ","0.00","0.91","10","--","0","158.50",
="088332","奇鋐凱基54購03","91,000","3","328,900","3.60","4.00","3.51","3.51","+","0.11","3.38","100","3.48","10","1,015.00",
="088333","欣興凱基56購01","15,000","2","41,380","2.88","2.88","2.75","2.75","+","0.13","2.64","100","--","0","159.00",
="088334","欣興凱基56購02","37,000","3","88,400","2.55","2.55","2.36","2.40","+","0.09","2.31","101","--","0","159.00",
="088335","世芯凱基54購05","0","0","0","--","--","--","--"," ","0.00","1.24","100","1.26","10","3,700.00",
="088336","亞翔凱基51購07","0","0","0","--","--","--","--"," ","0.00","2.82","100","2.86","10","358.50",
="088337","聯茂凱基51購03","1,000","1","2,940","2.94","2.94","2.94","2.94","+","0.01","2.78","100","2.82","10","111.50",
="088338","緯穎凱基53購04","0","0","0","--","--","--","--"," ","0.00","4.75","100","4.85","10","3,140.00",
="088339","南電凱基51購06","140,000","7","645,280","5.20","5.70","4.31","4.37","-","0.21","4.31","100","4.38","10","234.50",
="08833P","台光電元富4B售01","0","0","0","--","--","--","--"," ","0.00","--","0","0.10","25","0.00",
="088340","東哥凱基51購02","48,000","2","68,980","1.46","1.46","1.41","1.41","-","0.07","1.38","10","1.39","10","217.00",
="088341","臺股指凱基59購06","0","0","0","--","--","--","--"," ","0.00","4.28","100","4.30","10","0.00",
="088342","東陽群益51購01","0","0","0","--","--","--","--"," ","0.00","0.38","10","0.48","10","94.10",
="088343","中砂群益51購04","86,000","9","174,370","1.93","2.22","1.93","2.03","+","0.26","1.99","10","2.09","10","339.00",
="088344","台玻群益53購01","0","0","0","--","--","--","--"," ","0.00","1.93","3","--","0","25.95",
="088345","川湖群益51購02","0","0","0","--","--","--","--"," ","0.00","--","0","16.60","10","3,220.00",
="088346","台積電群益51購19","20,000","6","284,000","13.90","14.30","13.90","14.30","X","0.00","14.30","5","--","0","1,340.00",
="088347","台積電群益57購03","50,000","5","135,500","2.71","2.71","2.71","2.71","X","0.00","0.03","3","--","0","1,340.00",
="088348","英業達群益51購01","112,000","3","86,720","0.78","0.78","0.76","0.76","-","0.01","0.11","10","--","0","45.00",
="088349","台光電群益51購12","0","0","0","--","--","--","--"," ","0.00","--","0","3.29","10","1,345.00",
="08834P","台光電元富4B售02","0","0","0","--","--","--","--"," ","0.00","--","0","0.10","25","0.00",
="088350","聯發科群益51購12","33,000","9","101,430","3.08","3.17","2.99","2.99","-","0.77","0.55","10","--","0","1,375.00",
="088351","全新群益53購02","0","0","0","--","--","--","--"," ","0.00","0.14","18","1.18","10","160.00",
="088352","長榮群益53購01","6,000","3","6,840","1.15","1.15","1.13","1.13","-","0.05","1.12","102","1.14","100","182.00",
="088353","台新金群益52購01","0","0","0","--","--","--","--"," ","0.00","0.56","100","0.58","100","17.65",
="088354","欣興群益52購03","531,000","7","1,065,450","2.01","2.06","1.94","2.01","+","0.22","1.83","100","1.86","100","159.00",
="088355","景碩群益52購01","157,000","10","268,330","1.69","1.78","1.69","1.69","-","0.01","0.68","29","--","0","111.50",
="088356","景碩群益53購02","106,000","5","218,440","2.19","2.19","2.04","2.04","+","0.01","0.89","11","--","0","111.50",
="088357","世芯群益51購14","2,000","2","13,150","6.65","6.65","6.50","6.50","-","0.35","2.30","4","--","0","3,700.00",
="088358","亞翔群益51購04","17,000","3","84,030","4.84","4.99","4.84","4.99"," ","0.00","4.78","10","4.88","10","358.50",
="088359","聯茂群益53購01","25,000","1","42,500","1.70","1.70","1.70","1.70","X","0.00","0.65","18","--","0","111.50",
="08835P","國泰金元富4B售01","0","0","0","--","--","--","--"," ","0.00","0.10","25","0.15","25","0.00",
="088360","同欣電群益52購01","384,000","12","511,940","1.48","1.48","1.31","1.31","-","0.12","1.29","100","1.32","100","120.50",
="088361","緯穎群益51購04","4,000","2","40,450","10.20","10.20","9.85","9.85","-","0.10","9.70","1","--","0","3,140.00",
="088362","虎航群益51購03","0","0","0","--","--","--","--"," ","0.00","0.76","100","0.77","100","75.80",
="088363","連加群益51購02","0","0","0","--","--","--","--"," ","0.00","0.26","10","0.36","10","606.00",
="088364","昇陽半群益51購01","5,000","1","19,950","3.99","3.99","3.99","3.99","X","0.00","1.64","9","3.67","10","179.50",
="088365","南電群益51購02","346,000","11","3,180,000","9.30","9.50","8.60","8.60","+","0.40","7.95","10","8.45","10","234.50",
="088366","南電群益57購01","90,000","10","391,160","4.39","4.46","4.08","4.08","+","0.32","3.84","10","3.94","10","234.50",
="088367","美費半元大51購03","0","0","0","--","--","--","--"," ","0.00","2.07","100","2.14","10","49.19",
="088368","美費半元大54購01","40,000","5","119,900","3.00","3.00","2.99","2.99","X","0.00","2.98","100","3.00","50","49.19",
="088369","台泥元大51購05","1,197,000","35","1,138,680","0.97","1.00","0.93","0.98","-","0.22","0.95","499","0.98","10","23.75",
="08836P","緯穎元富4B售08","0","0","0","--","--","--","--"," ","0.00","--","0","0.10","25","0.00",
="088370","華城元大54購04","124,000","5","241,820","1.90","1.96","1.87","1.96","-","0.04","1.88","400","1.91","10","586.00",
="088371","亞德客元大51購01","300,000","19","309,130","1.07","1.07","0.90","1.00","+","0.04","1.00","1","1.01","10","765.00",
="088372","喬山元大51購01","837,000","17","524,920","0.62","0.66","0.55","0.56","-","0.07","0.54","499","0.56","10","167.00",
="088373","鴻海元大51購30","50,000","4","144,000","2.88","2.88","2.88","2.88","X","0.00","2.84","300","2.89","10","221.00",
="088374","鴻海元大51購31","146,000","5","375,940","2.54","2.59","2.54","2.58","+","0.20","2.59","300","2.61","10","221.00",
="088375","台積電元大51購71","412,000","17","534,680","1.23","1.34","1.23","1.33","+","0.26","0.19","105","--","0","1,340.00",
="088376","台積電元大54購16","551,000","9","878,460","1.51","1.64","1.51","1.63","+","0.26","0.16","62","--","0","1,340.00",
="088377","台積電元大54購17","384,000","4","604,850","1.59","1.60","1.57","1.60","X","0.00","0.13","8","--","0","1,340.00",
="088378","智邦元大54購03","58,000","3","333,100","5.75","5.75","5.70","5.70","+","0.20","2.47","4","--","0","1,005.00",
="088379","台光電元大51購11","162,000","11","419,940","2.44","2.99","2.44","2.96","+","0.50","2.72","300","2.79","10","1,345.00",
="08837P","世紀鋼元富4B售03","0","0","0","--","--","--","--"," ","0.00","0.92","25","0.93","25","0.00",
="088380","台光電元大54購06","12,000","3","19,260","1.52","1.62","1.52","1.62","X","0.00","1.66","499","1.70","10","1,345.00",
="088381","南亞科元大51購15","0","0","0","--","--","--","--"," ","0.00","18.20","10","--","0","81.00",
="088382","宏達電元大51購07","0","0","0","--","--","--","--"," ","0.00","11.30","50","--","0","64.60",
="088383","長榮元大51購29","0","0","0","--","--","--","--"," ","0.00","0.76","499","0.78","10","182.00",
="088384","奇鋐元大51購25","32,000","7","159,890","5.25","5.25","4.84","4.85","+","0.59","4.11","200","4.21","10","1,015.00",
="088385","奇鋐元大54購09","647,000","10","660,680","1.07","1.07","1.01","1.02","+","0.04","0.90","499","0.94","20","1,015.00",
="088386","欣興元大51購07","217,000","14","271,000","1.32","1.32","1.20","1.20","+","0.01","1.18","499","1.20","10","159.00",
="088387","欣興元大51購08","0","0","0","--","--","--","--"," ","0.00","1.18","499","1.20","10","159.00",
="088388","欣興元大54購03","129,000","7","183,440","1.46","1.46","1.40","1.40","+","0.01","1.37","499","1.39","10","159.00",
="088389","緯創元大54購07","10,000","1","14,700","1.47","1.47","1.47","1.47","X","0.00","1.45","499","1.47","10","122.50",
="08838P","臺股指元富4B售06","0","0","0","--","--","--","--"," ","0.00","0.15","25","0.16","25","0.00",
="088390","新日興元大57購01","75,000","14","205,970","2.75","2.80","2.72","2.72","-","0.09","1.85","5","--","0","237.00",
="088391","世芯元大51購42","38,000","2","77,280","2.10","2.10","2.01","2.01","-","0.17","0.14","357","--","0","3,700.00",
="088392","世芯元大51購43","98,000","4","196,580","2.07","2.07","1.99","1.99","-","0.25","0.91","54","--","0","3,700.00",
="088393","世芯元大54購09","33,000","4","75,580","2.33","2.33","2.26","2.26","-","0.21","0.61","81","--","0","3,700.00",
="088394","大聯大元大51購01","163,000","4","216,220","1.33","1.33","1.30","1.30","+","0.02","1.30","499","1.31","10","66.10",
="088395","上緯控元大51購01","215,000","17","175,650","0.84","0.85","0.74","0.85","-","0.04","0.80","1","0.85","20","114.50",
="088396","上緯控元大51購02","0","0","0","--","--","--","--"," ","0.00","0.84","499","0.86","10","114.50",
="088397","材料元大51購17","71,000","2","60,400","0.85","0.86","0.85","0.86"," ","0.00","0.83","499","0.84","10","66.40",
="088398","材料元大51購18","195,000","3","175,170","0.87","0.90","0.87","0.90","+","0.03","0.86","499","0.87","10","66.40",
="088399","材料元大54購02","365,000","4","284,230","0.77","0.79","0.77","0.77","-","0.01","0.76","499","0.77","10","66.40",
="08839P","臺股指元富4B售07","0","0","0","--","--","--","--"," ","0.00","0.03","25","0.10","10","0.00",
="088400","臻鼎元大51購02","0","0","0","--","--","--","--"," ","0.00","8.00","100","--","0","171.50",
="088401","臻鼎元大51購03","0","0","0","--","--","--","--"," ","0.00","2.92","250","3.02","10","171.50",
="088402","亞翔元大51購09","72,000","10","270,500","3.80","3.87","3.57","3.84","-","0.10","3.76","200","3.80","10","358.50",
="088403","亞翔元大51購10","29,000","2","72,150","2.48","2.49","2.48","2.49","-","0.06","2.45","300","2.49","10","358.50",
="088404","精成科元大54購03","0","0","0","--","--","--","--"," ","0.00","1.36","499","--","0","125.50",
="088405","緯穎元大51購23","81,000","15","303,460","3.80","3.84","3.56","3.68","-","0.08","3.68","200","3.70","10","3,140.00",
="088406","AES元大51購04","226,000","8","255,800","1.11","1.18","1.07","1.07","+","0.01","1.00","499","1.02","10","1,195.00",
="088407","連加元大51購06","0","0","0","--","--","--","--"," ","0.00","0.38","499","0.39","10","606.00",
="088408","連加元大51購07","5,000","1","3,650","0.73","0.73","0.73","0.73","X","0.00","0.73","499","0.74","10","606.00",
="088409","南電元大51購07","0","0","0","--","--","--","--"," ","0.00","3.05","250","3.67","3","234.50",
="08840P","臺股指元富4B售08","0","0","0","--","--","--","--"," ","0.00","0.06","25","0.10","10","0.00",
="088410","南電元大51購08","186,000","15","685,800","3.79","3.94","3.47","3.47","+","0.06","3.27","200","3.30","10","234.50",
="088411","南電元大51購09","0","0","0","--","--","--","--"," ","0.00","3.00","250","3.26","5","234.50",
="088412","鴻海統一67購02","35,000","5","35,980","1.01","1.04","1.01","1.03","X","0.00","1.02","18","1.03","10","221.00",
="088413","台積電統一57購13","0","0","0","--","--","--","--"," ","0.00","1.05","10","1.06","10","1,340.00",
="088414","英業達統一57購01","47,000","1","27,260","0.58","0.58","0.58","0.58","X","0.00","0.56","10","0.57","10","45.00",
="088415","英業達統一57購02","23,000","2","16,080","0.70","0.70","0.69","0.69","+","0.02","0.68","10","0.69","10","45.00",
="088416","英業達統一61購01","49,000","2","34,790","0.71","0.71","0.71","0.71","+","0.02","0.69","10","0.70","10","45.00",
="088417","全新統一57購02","0","0","0","--","--","--","--"," ","0.00","0.78","10","0.79","10","160.00",
="088418","全新統一61購01","10,000","1","7,300","0.73","0.73","0.73","0.73","-","0.03","0.72","10","0.73","10","160.00",
="088419","敦陽科統一57購01","5,000","1","2,900","0.58","0.58","0.58","0.58"," ","0.00","0.58","10","0.59","10","171.50",
="08841P","T50正2國票4C售04","0","0","0","--","--","--","--"," ","0.00","0.04","25","0.08","10","0.00",
="088420","八方統一57購01","41,000","3","27,890","0.68","0.69","0.68","0.69","+","0.01","0.67","10","0.68","10","205.00",
="088421","欣興統一57購04","47,000","1","44,650","0.95","0.95","0.95","0.95","+","0.04","0.92","10","0.93","10","159.00",
="088422","臻鼎統一61購01","327,000","12","344,840","1.07","1.08","1.02","1.02","-","0.05","1.03","10","1.04","10","171.50",
="088423","精成科統一53購01","32,000","5","58,410","1.93","1.93","1.70","1.70","-","0.22","1.70","10","1.71","10","125.50",
="088424","聯茂統一61購01","705,000","11","538,790","0.76","0.78","0.75","0.75"," ","0.00","0.73","10","0.74","10","111.50",
="088425","南電統一51購04","1,012,000","56","1,762,320","1.73","1.89","1.50","1.53","-","0.07","1.52","10","1.53","100","234.50",
="088426","南電統一61購01","315,000","8","366,940","1.14","1.20","1.12","1.12","-","0.03","1.10","10","1.11","10","234.50",
="088427","南電統一67購01","113,000","7","133,950","1.19","1.20","1.15","1.15","+","0.01","1.11","10","1.12","10","234.50",
="088428","東哥統一61購01","0","0","0","--","--","--","--"," ","0.00","0.64","10","0.65","10","217.00",
="088429","東哥統一61購02","22,000","1","12,540","0.57","0.57","0.57","0.57","X","0.00","0.56","10","0.57","10","217.00",
="08842P","世芯國票4B售01","0","0","0","--","--","--","--"," ","0.00","0.01","25","0.05","10","0.00",
="088430","鈺齊統一57購01","28,000","2","15,960","0.57","0.57","0.57","0.57","-","0.02","0.56","20","0.57","10","101.50",
="088431","聯鈞中信52購01","639,000","53","846,260","1.24","1.53","1.18","1.51","+","0.32","1.49","10","1.51","5","0.00",
="088432","精成科中信51購01","3,000","1","9,330","3.11","3.11","3.11","3.11","-","0.10","2.85","10","2.93","10","0.00",
="088433","奇鋐第一57購02","20,000","2","27,100","1.40","1.40","1.31","1.31","+","0.06","1.25","10","1.26","10","0.00",
="088434","世芯第一57購05","13,000","4","17,650","1.37","1.37","1.29","1.29","-","0.18","1.29","10","1.30","10","0.00",
="088435","台達電富邦51購03","2,000","2","12,550","6.40","6.40","6.15","6.15","+","0.05","6.10","30","6.30","10","0.00",
="088436","亞翔富邦52購01","142,000","5","178,840","1.26","1.26","1.24","1.24","-","0.01","1.23","10","1.24","6","0.00",
="088437","緯穎富邦52購04","0","0","0","--","--","--","--"," ","0.00","2.34","10","2.38","10","0.00",
="088438","南電富邦53購01","206,000","30","568,710","2.70","2.97","2.48","2.48","-","0.14","2.47","30","2.50","10","0.00",
="088439","南電富邦55購01","128,000","22","645,500","5.10","5.30","4.73","4.80","+","0.08","4.50","30","4.54","10","0.00",
="08843P","香港2X凱基51售01","0","0","0","--","--","--","--"," ","0.00","0.21","10","0.22","50","0.00",
="088440","美時永豐54購02","39,000","2","14,430","0.37","0.37","0.37","0.37","X","0.00","0.36","10","0.37","10","192.00",
="088441","台積電永豐51購10","51,000","2","59,690","1.15","1.19","1.15","1.19","X","0.00","0.90","10","--","0","1,340.00",
="088442","致茂永豐51購01","5,000","3","16,990","3.30","3.67","3.30","3.67","+","0.52","3.34","10","3.38","10","614.00",
="088443","威盛永豐51購02","66,000","6","39,850","0.63","0.63","0.59","0.59","-","0.06","0.58","18","0.59","10","59.50",
="088444","京元電永豐52購02","0","0","0","--","--","--","--"," ","0.00","3.14","499","3.18","10","167.00",
="088445","宏達電永豐51購02","602,000","2","2,374,810","3.95","3.95","3.92","3.92","X","0.00","4.29","499","4.39","10","64.60",
="088446","新日興永豐52購03","46,000","4","44,720","1.00","1.00","0.96","0.96","-","0.11","0.43","23","--","0","237.00",
="088447","聯鈞永豐52購02","490,000","40","984,780","1.87","2.21","1.84","2.18","+","0.32","2.20","10","2.21","10","278.00",
="088448","聯鈞永豐54購02","458,000","41","1,145,940","2.20","2.72","2.18","2.61","+","0.43","0.99","20","--","0","278.00",
="088449","南電永豐51購08","7,000","2","12,780","1.86","1.86","1.74","1.74","+","0.28","1.59","499","1.62","10","234.50",
="08844P","上銀凱基4B售08","49,000","1","5,880","0.12","0.12","0.12","0.12","X","0.00","0.12","10","0.13","40","0.00",
="088450","南電永豐54購01","41,000","7","126,370","3.07","3.13","2.97","2.97","+","0.27","2.79","499","2.80","10","234.50",
="088451","元債2X元富57購01","0","0","0","--","--","--","--"," ","0.00","1.20","25","1.21","25","7.35",
="088452","華城元富51購05","42,000","2","65,520","1.56","1.56","1.56","1.56","X","0.00","1.50","25","1.51","25","586.00",
="088453","台達電元富51購02","0","0","0","--","--","--","--"," ","0.00","12.20","25","13.20","10","893.00",
="088454","台達電元富51購03","235,000","1","3,548,500","15.10","15.10","15.10","15.10","X","0.00","15.20","25","--","0","893.00",
="088455","楠梓電元富52購01","0","0","0","--","--","--","--"," ","0.00","--","0","--","0","103.50",
="088456","燿華元富51購01","0","0","0","--","--","--","--"," ","0.00","1.31","25","1.32","25","27.50",
="088457","宏達電元富51購07","7,000","4","81,400","12.30","12.30","11.30","11.30","-","0.10","11.30","25","11.40","25","64.60",
="088458","奇鋐元富51購06","0","0","0","--","--","--","--"," ","0.00","3.14","25","3.24","10","1,015.00",
="088459","欣興元富52購04","227,000","18","505,780","2.32","2.38","2.12","2.12","+","0.05","2.09","25","2.11","25","159.00",
="08845P","智邦凱基4B售06","0","0","0","--","--","--","--"," ","0.00","0.02","100","0.12","10","0.00",
="088460","景碩元富51購03","0","0","0","--","--","--","--"," ","0.00","1.39","25","1.43","10","111.50",
="088461","景碩元富51購04","28,000","1","41,160","1.47","1.47","1.47","1.47","+","0.12","1.30","25","1.33","10","111.50",
="088462","緯創元富51購02","10,000","1","8,300","0.83","0.83","0.83","0.83","X","0.00","0.76","25","0.78","25","122.50",
="088463","緯創元富51購03","0","0","0","--","--","--","--"," ","0.00","9.05","25","9.20","25","122.50",
="088464","聯鈞元富51購04","24,000","4","64,110","2.56","2.99","2.56","2.99","+","0.39","1.58","12","--","0","278.00",
="088465","聯鈞元富54購02","40,000","6","207,280","4.95","5.75","4.95","5.75","+","0.78","5.90","25","5.95","25","278.00",
="088466","聯鈞元富57購01","83,000","9","271,770","3.03","3.64","3.03","3.53","+","0.52","1.51","6","--","0","278.00",
="088467","世芯元富51購14","0","0","0","--","--","--","--"," ","0.00","1.28","25","1.29","25","3,700.00",
="088468","世芯元富57購03","0","0","0","--","--","--","--"," ","0.00","1.48","25","1.49","25","3,700.00",
="088469","聯茂元富51購01","31,000","1","81,220","2.62","2.62","2.62","2.62","-","0.02","2.46","25","2.56","10","111.50",
="08846P","聯發科凱基4B售02","0","0","0","--","--","--","--"," ","0.00","0.01","100","0.11","10","0.00",
="088470","南電元富51購02","0","0","0","--","--","--","--"," ","0.00","5.85","25","6.00","25","234.50",
="088471","南電元富51購03","110,000","13","659,450","6.75","6.90","5.45","5.45","-","0.30","5.45","25","7.00","1","234.50",
="088472","南電國票53購01","404,000","28","1,716,740","4.28","4.39","3.76","3.76","-","0.11","3.66","25","3.71","10","234.50",
="088473","南電國票54購01","111,000","9","468,940","4.67","4.68","3.91","3.91","+","0.50","3.82","25","3.91","10","234.50",
="088474","台達電國泰54購01","0","0","0","--","--","--","--"," ","0.00","7.80","10","--","0","893.00",
="088475","華通國泰52購01","0","0","0","--","--","--","--"," ","0.00","3.30","499","3.36","10","77.00",
="088476","聯發科國泰56購03","0","0","0","--","--","--","--"," ","0.00","0.81","499","0.82","499","1,375.00",
="088477","景碩國泰52購02","0","0","0","--","--","--","--"," ","0.00","--","0","--","0","111.50",
="088478","聯鈞國泰52購02","42,000","2","151,600","3.51","3.70","3.51","3.70","+","0.63","4.07","499","4.12","10","278.00",
="088479","祥碩國泰52購02","0","0","0","--","--","--","--"," ","0.00","0.25","499","0.26","100","1,525.00",
="08847P","奇鋐凱基4B售04","0","0","0","--","--","--","--"," ","0.00","--","0","0.02","50","0.00",
="088480","瀚宇博國泰52購01","2,000","1","17,000","8.50","8.50","8.50","8.50","+","2.10","7.30","499","--","0","104.00",
="088481","洋基國泰52購01","36,000","4","110,060","3.05","3.11","3.05","3.11","+","0.28","3.03","10","3.09","10","449.00",
="088482","台積電台新51購02","0","0","0","--","--","--","--"," ","0.00","12.50","10","12.60","10","0.00",
="088483","德律台新51購01","0","0","0","--","--","--","--"," ","0.00","11.60","10","11.80","10","0.00",
="088484","聯茂台新51購01","1,000","1","4,700","4.70","4.70","4.70","4.70","X","0.00","4.29","20","4.30","10","0.00",
="088485","南電台新51購02","0","0","0","--","--","--","--"," ","0.00","4.65","20","4.66","10","0.00",
="088486","T50反1元大54購02","0","0","0","--","--","--","--"," ","0.00","0.29","100","0.30","10","18.29",
="088487","T50反1元大55購01","0","0","0","--","--","--","--"," ","0.00","0.15","100","0.16","10","18.29",
="088488","華城元大51購15","763,000","7","836,100","1.08","1.11","1.08","1.11","-","0.02","1.05","499","1.07","10","586.00",
="088489","華城元大54購05","0","0","0","--","--","--","--"," ","0.00","0.85","499","0.86","10","586.00",
="08848P","創意凱基4B售05","0","0","0","--","--","--","--"," ","0.00","0.01","10","0.11","10","0.00",
="088490","台達電元大51購11","0","0","0","--","--","--","--"," ","0.00","7.45","25","--","0","893.00",
="088491","台達電元大55購01","16,000","1","92,000","5.75","5.75","5.75","5.75","-","0.20","5.70","25","--","0","893.00",
="088492","楠梓電元大51購02","0","0","0","--","--","--","--"," ","0.00","--","0","--","0","103.50",
="088493","台積電元大57購04","0","0","0","--","--","--","--"," ","0.00","1.25","5","--","0","1,340.00",
="088494","台積電元大57購05","9,000","9","293,800","33.00","33.00","32.60","32.60","+","1.50","--","0","--","0","1,340.00",
="088495","智邦元大54購04","1,000","1","2,510","2.51","2.51","2.51","2.51"," ","0.00","1.34","7","--","0","1,005.00",
="088496","矽統元大51購04","21,000","2","30,120","1.46","1.46","1.37","1.37","-","0.17","1.35","499","1.37","10","58.60",
="088497","矽統元大51購05","24,000","2","40,160","1.69","1.69","1.65","1.65","X","0.00","1.63","400","1.65","10","58.60",
="088498","金像電元大51購12","330,000","14","1,104,880","3.48","3.48","3.21","3.38","+","0.15","3.24","250","3.27","10","455.00",
="088499","台光電元大54購07","51,000","4","84,510","1.65","1.67","1.65","1.67","X","0.00","1.71","499","1.76","10","1,345.00",
="08849P","聯鈞凱基4B售03","0","0","0","--","--","--","--"," ","0.00","0.03","100","0.13","10","0.00",
="088500","全新元大51購01","10,000","1","8,500","0.85","0.85","0.85","0.85","-","0.16","0.85","499","0.86","10","160.00",
="088501","宏達電元大51購08","0","0","0","--","--","--","--"," ","0.00","6.60","100","--","0","64.60",
="088502","奇鋐元大51購26","25,000","1","153,750","6.15","6.15","6.15","6.15","+","0.25","5.75","150","5.85","10","1,015.00",
="088503","奇鋐元大51購27","446,000","4","627,480","1.49","1.49","1.40","1.41","+","0.05","1.24","499","1.28","10","1,015.00",
="088504","奇鋐元大54購10","55,000","4","144,230","2.70","2.70","2.61","2.61","+","0.04","2.26","350","2.32","10","1,015.00",
="088505","智原元大51購14","94,000","9","56,400","0.54","0.66","0.54","0.61","+","0.11","0.58","499","0.59","10","174.00",
="088506","欣興元大51購09","271,000","12","218,840","0.81","0.88","0.76","0.76","+","0.01","0.75","499","0.76","10","159.00",
="088507","欣興元大51購10","244,000","10","226,300","0.92","0.99","0.90","0.91","+","0.03","0.88","499","0.89","10","159.00",
="088508","欣興元大54購04","20,000","1","19,000","0.95","0.95","0.95","0.95","+","0.06","0.91","499","0.92","10","159.00",
="088509","景碩元大51購06","149,000","2","95,360","0.64","0.64","0.64","0.64","+","0.07","0.59","499","0.61","10","111.50",
="08850P","緯穎凱基4B售08","0","0","0","--","--","--","--"," ","0.00","--","0","0.10","10","0.00",
="088510","景碩元大51購07","309,000","3","231,840","0.76","0.80","0.71","0.71","-","0.07","0.67","499","0.69","10","111.50",
="088511","景碩元大51購08","113,000","2","88,540","0.78","0.80","0.78","0.80","X","0.00","0.68","499","0.70","10","111.50",
="088512","景碩元大54購01","820,000","5","607,600","0.78","0.78","0.67","0.67","-","0.04","0.67","499","0.69","10","111.50",
="088513","景碩元大55購01","745,000","14","543,010","0.70","0.77","0.68","0.68","+","0.03","0.65","499","0.67","10","111.50",
="088514","緯創元大51購11","650,000","17","396,530","0.58","0.67","0.58","0.58","+","0.02","0.58","499","0.59","10","122.50",
="088515","聯鈞元大51購07","154,000","10","390,340","2.33","2.70","2.33","2.69","+","0.42","2.79","25","2.85","10","278.00",
="088516","聯鈞元大56購01","114,000","17","280,390","2.26","2.63","2.26","2.63","+","0.36","2.60","25","2.63","10","278.00",
="088517","聯鈞元大57購01","696,000","54","1,628,750","2.59","2.59","2.14","2.43","+","0.31","2.50","25","2.53","10","278.00",
="088518","世芯元大51購44","63,000","5","72,720","1.20","1.20","1.04","1.04","-","0.25","0.13","76","--","0","3,700.00",
="088519","世芯元大51購45","721,000","19","620,770","0.91","0.91","0.79","0.79","-","0.10","0.15","66","--","0","3,700.00",
="08851P","T50正2元大4B售05","0","0","0","--","--","--","--"," ","0.00","0.02","100","0.07","400","0.00",
="088520","世芯元大54購10","10,000","1","7,100","0.71","0.71","0.71","0.71","-","0.06","0.18","55","--","0","3,700.00",
="088521","神達元大54購03","39,000","5","86,380","2.26","2.26","2.19","2.19","+","0.10","2.24","350","2.27","10","90.00",
="088522","材料元大54購03","0","0","0","--","--","--","--"," ","0.00","0.47","499","0.48","10","66.40",
="088523","亞翔元大54購03","15,000","2","30,060","2.02","2.02","1.99","1.99","+","0.01","2.01","400","2.03","10","358.50",
="088524","亞翔元大57購01","118,000","2","145,140","1.23","1.23","1.23","1.23"," ","0.00","1.21","499","1.22","10","358.50",
="088525","精成科元大51購12","76,000","12","228,440","3.13","3.13","2.69","2.70","-","0.45","2.69","250","2.73","10","125.50",
="088526","飛捷元大51購05","0","0","0","--","--","--","--"," ","0.00","0.25","499","0.26","10","106.50",
="088527","聯茂元大51購05","5,000","2","13,550","2.71","2.71","2.71","2.71","-","0.15","2.63","25","2.67","10","111.50",
="088528","洋基元大51購04","85,000","1","143,650","1.69","1.69","1.69","1.69","X","0.00","1.65","499","1.67","10","449.00",
="088529","南電元大51購10","51,000","8","126,800","2.56","2.64","2.22","2.25"," ","0.00","2.13","350","--","0","234.50",
="08852P","中砂元大4B售03","0","0","0","--","--","--","--"," ","0.00","0.04","499","0.14","10","0.00",
="088530","南電元大51購11","21,000","6","50,220","2.70","2.70","2.17","2.17","-","0.07","2.19","300","3.75","1","234.50",
="088531","世紀鋼元大51購07","268,000","3","109,280","0.41","0.41","0.38","0.38","-","0.02","0.37","25","0.38","10","171.50",
="088532","滬深2X群益53購05","0","0","0","--","--","--","--"," ","0.00","0.24","4","--","0","19.04",
="088533","滬深2X群益53購06","0","0","0","--","--","--","--"," ","0.00","0.16","6","--","0","19.04",
="088534","中興電群益51購03","750,000","2","997,500","1.33","1.33","1.33","1.33","-","0.08","1.30","100","1.33","100","159.00",
="088535","台達電群益51購08","0","0","0","--","--","--","--"," ","0.00","13.60","50","14.60","10","893.00",
="088536","台積電群益57購04","0","0","0","--","--","--","--"," ","0.00","0.37","10","--","0","1,340.00",
="088537","光罩群益51購01","30,000","6","75,870","2.66","2.66","2.44","2.60","-","0.06","2.51","10","2.61","10","41.20",
="088538","光罩群益54購01","53,000","4","118,320","2.30","2.30","2.20","2.24","-","0.15","2.28","10","2.38","10","41.20",
="088539","大同群益51購01","20,000","2","22,000","1.09","1.11","1.09","1.11","+","0.02","1.19","10","1.29","10","39.85",
="08853P","鴻海元大4B售13","0","0","0","--","--","--","--"," ","0.00","0.01","499","0.11","10","0.00",
="088540","大同群益51購02","45,000","5","40,350","0.85","0.93","0.85","0.90"," ","0.00","0.96","10","1.06","10","39.85",
="088541","亞力統一54購01","0","0","0","--","--","--","--"," ","0.00","0.15","10","0.16","10","102.50",
="088542","南亞科群益51購10","0","0","0","--","--","--","--"," ","0.00","--","0","--","0","81.00",
="088545","聯發科群益54購05","33,000","11","76,010","2.29","2.38","2.25","2.25","-","0.25","0.67","14","--","0","1,375.00",
="088546","欣興群益52購04","127,000","11","188,280","1.58","1.58","1.42","1.42","+","0.04","1.40","25","1.45","10","159.00",
="088547","聯鈞群益51購02","457,000","27","1,265,160","2.41","3.11","2.41","2.91","+","0.52","2.65","1","3.90","2","278.00",
="088548","世芯群益51購16","12,000","2","55,080","4.84","4.84","4.34","4.34","-","0.46","1.80","5","--","0","3,700.00",
="088549","亞翔群益51購05","6,000","4","24,650","3.92","4.20","3.92","4.10","X","0.00","4.11","10","4.21","10","358.50",
="08854P","台積電元大4B售23","0","0","0","--","--","--","--"," ","0.00","--","0","0.10","10","0.00",
="088550","富世達群益54購02","145,000","10","485,620","3.08","3.60","3.08","3.45","+","0.53","1.10","9","5.00","20","1,010.00",
="088551","南電群益51購03","240,000","11","1,318,590","5.95","6.15","4.89","4.89","-","0.31","4.95","10","5.25","10","234.50",
="088552","臺股指群益55購10","0","0","0","--","--","--","--"," ","0.00","7.85","499","8.35","10","0.00",
="088553","台達電統一57購03","8,000","2","18,440","2.34","2.34","2.30","2.30","-","0.03","2.28","10","2.30","10","893.00",
="088555","台達電統一57購04","15,000","5","44,000","3.03","3.03","2.88","2.88","-","0.07","2.87","66","2.89","66","893.00",
="088556","台達電統一61購01","30,000","4","70,370","2.35","2.36","2.29","2.29","-","0.10","2.29","10","2.31","10","893.00",
="088557","國巨統一59購01","335,000","10","617,640","1.81","1.85","1.81","1.81","-","0.05","1.82","20","1.85","10","176.00",
="088558","矽統統一56購02","0","0","0","--","--","--","--"," ","0.00","0.98","10","0.99","10","58.60",
="088559","燿華統一57購01","0","0","0","--","--","--","--"," ","0.00","0.77","10","0.78","10","27.50",
="08855P","英業達元大4B售01","0","0","0","--","--","--","--"," ","0.00","0.18","504","0.19","200","0.00",
="088560","技嘉統一59購01","128,000","3","91,400","0.71","0.72","0.71","0.72"," ","0.00","0.71","10","0.72","10","283.00",
="088561","微星統一59購01","11,000","2","3,940","0.36","0.36","0.34","0.34","-","0.01","0.33","21","0.34","9","119.50",
="088562","台光電統一57購01","517,000","17","702,220","1.31","1.44","1.31","1.44","X","0.00","1.35","10","1.36","10","1,345.00",
="088563","威盛統一57購02","0","0","0","--","--","--","--"," ","0.00","0.40","10","0.41","10","59.50",
="088564","威盛統一59購01","50,000","1","25,500","0.51","0.51","0.51","0.51","-","0.02","0.48","10","0.49","10","59.50",
="088565","威盛統一61購01","6,000","2","3,650","0.61","0.61","0.60","0.60","X","0.00","0.60","15","0.61","10","59.50",
="088566","毅嘉統一57購01","0","0","0","--","--","--","--"," ","0.00","1.06","10","1.07","10","53.50",
="088567","毅嘉統一59購01","0","0","0","--","--","--","--"," ","0.00","0.87","10","0.88","10","53.50",
="088568","毅嘉統一59購02","0","0","0","--","--","--","--"," ","0.00","0.86","10","0.87","10","53.50",
="088569","京元電統一61購01","71,000","5","77,040","1.13","1.13","1.04","1.04","-","0.08","1.05","10","1.07","10","167.00",
="08856P","聯發科元大4B售16","0","0","0","--","--","--","--"," ","0.00","0.19","25","0.20","10","0.00",
="088570","聯發科統一59購01","5,000","1","2,600","0.52","0.52","0.52","0.52","X","0.00","0.48","10","0.49","10","1,375.00",
="088571","宏達電統一59購02","17,000","4","28,130","1.66","1.66","1.60","1.60"," ","0.00","1.58","10","1.60","10","64.60",
="088572","雄獅統一57購02","0","0","0","--","--","--","--"," ","0.00","0.46","10","0.47","10","158.50",
="088573","晟銘電統一5A購01","3,000","1","1,230","0.41","0.41","0.41","0.41","-","0.04","0.41","10","0.42","10","121.00",
="088574","奇鋐統一56購02","11,000","1","10,450","0.95","0.95","0.95","0.95","+","0.10","0.84","68","0.85","68","1,015.00",
="088575","奇鋐統一61購01","449,000","20","349,160","0.80","0.80","0.73","0.73","-","0.01","0.73","20","0.74","10","1,015.00",
="088576","欣興統一53購02","502,000","24","569,230","1.11","1.20","1.08","1.08","+","0.01","1.07","20","1.08","10","159.00",
="088577","欣興統一59購01","199,000","22","194,180","0.96","1.03","0.95","0.97","+","0.06","0.93","10","0.94","10","159.00",
="088578","欣興統一63購01","0","0","0","--","--","--","--"," ","0.00","0.65","10","0.66","10","159.00",
="088579","日電貿統一57購01","0","0","0","--","--","--","--"," ","0.00","0.44","10","0.45","10","74.80",
="08857P","一詮元大4B售02","0","0","0","--","--","--","--"," ","0.00","0.16","499","0.17","200","0.00",
="088580","日電貿統一57購02","0","0","0","--","--","--","--"," ","0.00","0.43","10","0.44","10","74.80",
="088581","日電貿統一59購01","5,000","1","2,100","0.42","0.42","0.42","0.42","X","0.00","0.42","10","0.43","10","74.80",
="088582","景碩統一61購01","218,000","5","122,480","0.58","0.58","0.56","0.56","-","0.02","0.54","10","0.55","10","111.50",
="088583","聯鈞統一67購01","365,000","15","386,750","1.03","1.07","1.03","1.06","+","0.13","1.05","10","--","0","278.00",
="088584","世芯統一67購02","122,000","8","196,630","1.62","1.63","1.55","1.55","-","0.11","1.55","10","1.56","10","3,700.00",
="088585","佳必琪統一56購01","0","0","0","--","--","--","--"," ","0.00","0.81","108","0.82","108","160.00",
="088586","聯茂統一59購01","377,000","27","330,750","0.87","0.90","0.83","0.83","-","0.03","0.83","10","0.84","10","111.50",
="088587","台郡統一55購02","75,000","5","53,790","0.72","0.72","0.71","0.71","-","0.06","0.69","10","0.70","10","66.80",
="088588","連加統一59購01","0","0","0","--","--","--","--"," ","0.00","0.47","10","0.48","10","606.00",
="088589","東哥統一57購03","10,000","1","6,500","0.65","0.65","0.65","0.65","-","0.02","0.65","10","0.66","10","217.00",
="08858P","國泰金元大4B售03","60,000","1","3,000","0.05","0.05","0.05","0.05","X","0.00","0.05","499","0.06","200","0.00",
="088590","世紀鋼統一57購02","0","0","0","--","--","--","--"," ","0.00","0.33","10","0.34","10","171.50",
="088591","T50反1凱基56購02","0","0","0","--","--","--","--"," ","0.00","0.17","100","0.27","10","18.29",
="088592","聚陽凱基51購01","104,000","3","220,250","2.15","2.15","2.10","2.10","-","0.08","2.12","10","2.22","10","294.00",
="088593","川湖凱基51購05","3,000","1","21,150","7.05","7.05","7.05","7.05","X","0.00","6.70","100","6.90","10","3,220.00",
="088594","台積電凱基51購24","0","0","0","--","--","--","--"," ","0.00","2.81","100","2.91","10","1,340.00",
="088595","英業達凱基51購01","6,000","2","5,280","0.88","0.88","0.88","0.88","+","0.09","0.84","10","0.85","10","45.00",
="088596","燿華凱基53購01","10,000","2","27,600","2.75","2.77","2.75","2.77","-","0.16","2.75","10","2.77","10","27.50",
="088597","技嘉凱基51購03","10,000","2","23,560","2.36","2.36","2.34","2.34","+","0.05","2.31","100","2.36","10","283.00",
="088598","台光電凱基54購03","12,000","1","52,200","4.35","4.35","4.35","4.35","X","0.00","4.35","100","4.41","10","1,345.00",
="088599","京元電凱基53購01","0","0","0","--","--","--","--"," ","0.00","4.60","50","4.64","10","167.00",
="08859P","亞光元大4B售06","0","0","0","--","--","--","--"," ","0.00","0.01","499","0.11","10","0.00",
="088600","宏達電凱基51購03","0","0","0","--","--","--","--"," ","0.00","7.10","100","7.15","10","64.60",
="088601","長榮凱基51購14","0","0","0","--","--","--","--"," ","0.00","0.30","499","0.31","40","182.00",
="088602","台新金凱基51購02","0","0","0","--","--","--","--"," ","0.00","0.76","100","--","0","17.65",
="088603","欣興凱基51購05","70,000","9","135,560","2.11","2.11","1.89","1.91","+","0.09","1.84","100","1.86","10","159.00",
="088604","景碩凱基51購05","147,000","5","99,280","0.71","0.72","0.66","0.66","+","0.01","0.60","100","0.62","10","111.50",
="088605","緯創凱基51購02","0","0","0","--","--","--","--"," ","0.00","0.56","100","0.58","10","122.50",
="088606","聯鈞凱基51購02","384,000","38","1,270,930","3.18","3.72","3.01","3.44","+","0.63","3.60","10","3.63","10","278.00",
="088607","嘉澤凱基56購01","28,000","2","53,980","1.93","1.93","1.92","1.92","-","0.10","1.87","10","1.89","10","1,605.00",
="088608","世芯凱基51購18","0","0","0","--","--","--","--"," ","0.00","1.00","100","1.01","10","3,700.00",
="088609","同欣電凱基51購01","12,000","3","14,280","1.19","1.19","1.19","1.19","+","0.11","0.98","100","1.00","10","120.50",
="08860P","南電元大4B售01","0","0","0","--","--","--","--"," ","0.00","--","0","0.10","10","0.00",
="088610","AES凱基55購01","23,000","1","46,000","2.00","2.00","2.00","2.00","X","0.00","1.98","100","2.00","10","1,195.00",
="088611","連加凱基51購05","0","0","0","--","--","--","--"," ","0.00","0.40","10","0.41","10","606.00",
="088612","南電凱基53購02","57,000","7","233,470","4.22","4.27","3.97","3.97","+","0.14","3.63","100","3.65","10","234.50",
="088613","台泥元富51購01","753,000","13","771,870","0.98","1.06","0.98","1.02","-","0.23","1.01","25","1.02","25","23.75",
="088614","台塑元富54購01","0","0","0","--","--","--","--"," ","0.00","4.66","25","4.68","25","38.60",
="088615","美時元富51購01","185,000","7","178,940","0.90","0.98","0.90","0.98","+","0.07","0.96","25","0.97","25","192.00",
="088616","楠梓電元富55購01","30,000","6","170,000","5.80","5.95","5.25","5.25","-","0.80","3.89","2","--","0","103.50",
="088617","鴻海元富51購05","1,000","1","24,300","24.30","24.30","24.30","24.30","+","3.00","23.30","25","24.00","25","221.00",
="088618","京元電元富51購02","3,000","1","14,550","4.85","4.85","4.85","4.85","X","0.00","4.85","25","4.95","10","167.00",
="088619","宏達電元富54購01","0","0","0","--","--","--","--"," ","0.00","11.40","25","12.40","25","64.60",
="08861P","臺股指富邦51售09","0","0","0","--","--","--","--"," ","0.00","0.06","499","0.07","100","0.00",
="088620","陽明元富51購02","11,000","2","34,730","3.16","3.16","3.13","3.13","-","0.25","3.06","25","3.16","10","55.20",
="088621","欣興元富59購01","997,000","36","2,140,820","2.17","2.22","2.10","2.14","+","0.10","2.04","25","2.05","25","159.00",
="088622","世芯元富57購04","0","0","0","--","--","--","--"," ","0.00","1.23","25","1.24","25","3,700.00",
="088623","貿聯元富51購04","0","0","0","--","--","--","--"," ","0.00","2.68","25","2.78","10","1,085.00",
="088624","和椿元富51購02","21,000","2","38,640","1.84","1.84","1.84","1.84","-","0.12","1.73","25","1.76","25","122.50",
="088625","和椿元富51購03","31,000","2","70,390","2.29","2.29","2.17","2.17","-","0.27","2.13","25","2.17","25","122.50",
="088626","永道元富51購01","0","0","0","--","--","--","--"," ","0.00","1.10","25","1.12","25","141.50",
="088627","永道元富52購01","0","0","0","--","--","--","--"," ","0.00","0.76","25","0.77","25","141.50",
="088628","永道元富54購01","0","0","0","--","--","--","--"," ","0.00","0.90","25","0.91","25","141.50",
="088629","世紀鋼元富51購02","0","0","0","--","--","--","--"," ","0.00","0.50","25","0.51","25","171.50",
="08862P","臺股指富邦51售10","0","0","0","--","--","--","--"," ","0.00","0.10","499","0.11","100","0.00",
="088630","臺股指元富56購09","70,000","8","387,500","5.20","5.80","5.10","5.60","+","0.80","5.60","25","5.65","25","0.00",
="088631","川湖國泰52購01","0","0","0","--","--","--","--"," ","0.00","4.85","499","4.91","10","3,220.00",
="088632","川湖國泰52購02","0","0","0","--","--","--","--"," ","0.00","4.37","499","--","0","3,220.00",
="088633","國巨國泰52購01","0","0","0","--","--","--","--"," ","0.00","5.20","499","5.70","10","176.00",
="088634","德律國泰52購01","0","0","0","--","--","--","--"," ","0.00","1.08","46","--","0","189.00",
="088635","鉅祥統一61購01","201,000","7","244,520","1.25","1.25","1.19","1.19","-","0.08","1.19","10","1.20","10","108.50",
="088636","達興統一57購01","0","0","0","--","--","--","--"," ","0.00","1.77","10","1.80","10","399.00",
="088637","達興統一61購01","312,000","10","418,620","1.32","1.43","1.32","1.43","+","0.13","1.40","10","1.41","10","399.00",
="088638","帆宣統一63購01","19,000","1","15,390","0.81","0.81","0.81","0.81","+","0.01","0.78","10","0.79","10","255.00",
="088639","富世達統一61購01","94,000","2","70,500","0.75","0.75","0.75","0.75","+","0.05","0.74","10","0.75","10","1,010.00",
="08863P","聯發科永豐4C售03","1,000","1","530","0.53","0.53","0.53","0.53","X","0.00","0.54","499","0.55","10","0.00",
="088640","廣宇中信52購01","40,000","5","62,100","1.55","1.57","1.53","1.53","-","0.06","1.48","10","1.53","10","0.00",
="088641","宏達電中信51購02","1,117,000","22","3,402,230","3.15","3.25","3.02","3.02"," ","0.00","2.99","10","3.00","10","0.00",
="088642","台新金中信51購01","88,000","2","28,260","0.32","0.33","0.32","0.33","X","0.00","0.33","499","0.34","10","0.00",
="088643","台灣50永豐53購05","13,000","1","34,580","2.66","2.66","2.66","2.66","+","0.35","2.68","499","2.70","10","58.45",
="088644","台塑永豐51購03","0","0","0","--","--","--","--"," ","0.00","0.82","10","0.83","10","38.60",
="088645","南亞永豐52購02","3,000","2","12,430","4.19","4.19","4.05","4.05","+","0.41","3.53","499","3.63","10","39.80",
="088646","國巨永豐51購03","0","0","0","--","--","--","--"," ","0.00","3.56","10","--","0","176.00",
="088647","台積電永豐67購01","79,000","2","185,390","2.31","2.41","2.31","2.41","+","0.20","1.21","38","--","0","1,340.00",
="088648","智邦永豐51購05","0","0","0","--","--","--","--"," ","0.00","2.35","499","2.45","10","1,005.00",
="088649","順德永豐51購01","300,000","2","504,000","1.68","1.68","1.68","1.68"," ","0.00","1.71","10","1.72","10","81.90",
="08864P","神達群益52售02","0","0","0","--","--","--","--"," ","0.00","0.04","10","0.13","10","0.00",
="088650","微星永豐52購01","0","0","0","--","--","--","--"," ","0.00","0.29","499","0.30","10","119.50",
="088651","漢唐永豐52購03","0","0","0","--","--","--","--"," ","0.00","0.09","111","--","0","987.00",
="088652","友達永豐51購01","286,000","16","272,250","0.89","0.98","0.87","0.98","X","0.00","0.90","10","0.92","10","13.70",
="088653","建準永豐52購01","0","0","0","--","--","--","--"," ","0.00","0.74","10","0.76","10","129.00",
="088654","宏達電永豐52購01","0","0","0","--","--","--","--"," ","0.00","5.45","10","5.50","10","64.60",
="088655","奇鋐永豐57購03","253,000","8","427,860","1.72","1.72","1.58","1.58","+","0.01","1.50","10","1.60","10","1,015.00",
="088656","帆宣永豐52購02","25,000","1","39,500","1.58","1.58","1.58","1.58","X","0.00","1.51","499","1.58","10","255.00",
="088657","采鈺永豐51購01","0","0","0","--","--","--","--"," ","0.00","2.15","10","2.17","10","305.50",
="088658","昇陽半永豐51購03","0","0","0","--","--","--","--"," ","0.00","2.19","499","2.22","10","179.50",
="088659","台達電兆豐51購02","0","0","0","--","--","--","--"," ","0.00","9.30","10","--","0","893.00",
="08865P","台光電統一4C售05","0","0","0","--","--","--","--"," ","0.00","--","0","--","0","0.00",
="088660","致茂兆豐52購01","0","0","0","--","--","--","--"," ","0.00","2.79","10","2.88","10","614.00",
="088661","文曄兆豐53購01","67,000","5","48,600","0.73","0.73","0.71","0.72","+","0.05","0.71","10","0.72","10","137.50",
="088662","景碩兆豐51購01","733,000","12","677,070","0.97","1.08","0.87","0.87","-","0.11","0.87","10","0.89","10","111.50",
="088663","世芯兆豐53購03","9,000","1","8,640","0.96","0.96","0.96","0.96","-","0.02","0.96","1","0.99","10","3,700.00",
="088664","順德富邦52購01","0","0","0","--","--","--","--"," ","0.00","1.16","10","1.18","10","0.00",
="088665","技嘉富邦53購01","101,000","5","153,520","1.52","1.52","1.52","1.52","+","0.01","1.51","30","1.52","10","0.00",
="088666","宏達電富邦53購02","25,000","3","83,250","3.33","3.33","3.33","3.33","X","0.00","3.23","30","3.27","10","0.00",
="088667","德律富邦52購01","222,000","17","365,870","1.63","1.78","1.57","1.57","-","0.11","1.62","10","1.63","10","0.00",
="088668","健鼎富邦51購01","204,000","12","350,960","1.75","1.76","1.71","1.76","+","0.01","1.76","30","1.77","10","0.00",
="088669","日電貿富邦53購01","28,000","3","13,720","0.49","0.49","0.49","0.49","-","0.05","0.46","30","0.47","10","0.00",
="08866P","台積電元富4B售23","0","0","0","--","--","--","--"," ","0.00","--","0","--","0","0.00",
="088670","景碩富邦53購01","1,384,000","48","1,428,660","1.01","1.09","0.96","0.96","-","0.07","0.94","10","0.96","10","0.00",
="088671","景碩富邦53購02","688,000","26","808,180","1.16","1.22","1.11","1.11","-","0.07","1.08","10","1.10","10","0.00",
="088672","景碩富邦54購01","625,000","22","572,520","0.91","0.96","0.83","0.83","-","0.12","0.83","10","0.84","10","0.00",
="088673","保瑞富邦54購01","375,000","3","157,750","0.43","0.43","0.41","0.41","X","0.00","0.41","10","0.42","10","0.00",
="088674","富世達富邦54購01","820,000","19","948,060","1.11","1.22","1.11","1.22","+","0.16","1.16","10","1.18","10","0.00",
="088675","寶成富邦53購01","1,306,000","11","909,940","0.71","0.71","0.69","0.69","-","0.03","0.69","10","0.70","10","0.00",
="088676","楠梓電國票52購01","2,000","1","28,200","14.10","14.10","14.10","14.10","-","1.90","11.30","25","12.00","10","103.50",
="088677","楠梓電國票52購02","0","0","0","--","--","--","--"," ","0.00","11.20","25","12.20","10","103.50",
="088678","漢唐國票52購03","2,000","1","18,100","9.05","9.05","9.05","9.05","X","0.00","8.95","25","9.10","10","987.00",
="088679","亞翔國票54購01","6,000","2","18,910","3.11","3.16","3.11","3.16","+","0.11","3.06","25","3.08","10","358.50",
="08867P","台積電元富4B售24","0","0","0","--","--","--","--"," ","0.00","--","0","--","0","0.00",
="088680","迅得國票53購02","49,000","6","87,260","1.84","1.84","1.74","1.74"," ","0.00","1.67","25","1.68","10","176.00",
="088681","世紀鋼國票53購01","0","0","0","--","--","--","--"," ","0.00","0.82","25","0.83","10","171.50",
="088682","電子類國票51購01","89,000","8","415,080","4.46","4.85","4.46","4.74","+","0.54","4.73","499","4.88","20","0.00",
="088683","電子類國票51購02","4,000","1","18,240","4.56","4.56","4.56","4.56","X","0.00","4.49","499","4.50","399","0.00",
="088684","電子類國票51購03","0","0","0","--","--","--","--"," ","0.00","6.95","499","7.00","499","0.00",
="088685","金融類國票51購02","0","0","0","--","--","--","--"," ","0.00","2.16","499","2.17","499","0.00",
="088686","T50反1凱基54購05","0","0","0","--","--","--","--"," ","0.00","0.16","100","0.17","10","18.29",
="088687","台塑凱基51購04","2,000","1","920","0.46","0.46","0.46","0.46","X","0.00","0.36","10","0.46","10","38.60",
="088688","遠東新凱基51購01","0","0","0","--","--","--","--"," ","0.00","0.71","100","0.72","10","27.80",
="088689","川湖凱基51購06","0","0","0","--","--","--","--"," ","0.00","5.50","100","6.00","10","3,220.00",
="08868P","金像電國票4C售02","0","0","0","--","--","--","--"," ","0.00","0.01","25","0.05","10","0.00",
="088690","台達電凱基55購01","1,000","1","6,750","6.75","6.75","6.75","6.75","-","0.10","6.05","50","6.40","30","893.00",
="088691","鴻海凱基51購11","7,000","3","25,280","3.58","3.72","3.58","3.66","+","0.46","3.68","499","3.72","300","221.00",
="088692","台積電凱基53購19","0","0","0","--","--","--","--"," ","0.00","2.36","100","2.46","10","1,340.00",
="088693","矽統凱基51購04","0","0","0","--","--","--","--"," ","0.00","2.73","10","2.75","10","58.60",
="088694","建準凱基57購01","0","0","0","--","--","--","--"," ","0.00","1.51","100","1.53","10","129.00",
="088695","京元電凱基51購02","0","0","0","--","--","--","--"," ","0.00","3.93","100","4.03","10","167.00",
="088696","聯發科凱基55購02","60,000","2","58,200","0.98","0.98","0.96","0.96","-","0.04","0.90","100","0.91","10","1,375.00",
="088697","長榮凱基55購02","0","0","0","--","--","--","--"," ","0.00","0.87","499","0.88","30","182.00",
="088698","奇鋐凱基51購10","27,000","1","69,660","2.58","2.58","2.58","2.58","-","0.32","2.58","100","2.68","10","1,015.00",
="088699","德律凱基51購03","106,000","5","220,970","2.11","2.11","2.03","2.07","-","0.26","2.04","10","2.07","10","189.00",
="08869P","美律國票4C售01","0","0","0","--","--","--","--"," ","0.00","0.59","25","0.61","10","0.00",
="088700","欣興凱基54購01","128,000","5","288,260","2.27","2.27","2.17","2.17","+","0.13","2.08","100","--","0","159.00",
="088701","景碩凱基51購07","323,000","13","279,150","0.93","0.95","0.80","0.80","-","0.16","0.78","105","0.84","10","111.50",
="088702","聯鈞凱基56購01","117,000","14","482,380","3.83","4.28","3.83","4.14","+","0.51","4.22","10","4.31","6","278.00",
="088703","世芯凱基53購04","0","0","0","--","--","--","--"," ","0.00","1.24","100","1.26","10","3,700.00",
="088704","神達凱基53購02","0","0","0","--","--","--","--"," ","0.00","4.78","100","4.88","10","90.00",
="088705","達興凱基53購01","3,000","1","18,450","6.15","6.15","6.15","6.15","X","0.00","6.55","10","6.60","10","399.00",
="088706","飛捷凱基51購04","0","0","0","--","--","--","--"," ","0.00","0.40","100","0.41","10","106.50",
="088707","穎崴凱基51購03","10,000","2","52,000","5.20","5.20","5.20","5.20","+","0.49","5.15","100","5.65","10","2,015.00",
="088708","富世達凱基51購04","16,000","2","55,410","3.06","3.49","3.06","3.49","+","0.71","3.20","100","3.27","10","1,010.00",
="088709","台虹凱基51購01","0","0","0","--","--","--","--"," ","0.00","3.32","100","3.42","10","63.30",
="08870P","亞航國票4C售02","126,000","5","32,550","0.25","0.26","0.25","0.25","+","0.03","0.25","25","--","0","0.00",
="088710","SP黃豆元大51購01","169,000","12","115,710","0.69","0.69","0.68","0.68","-","0.12","0.68","260","0.69","100","19.68",
="088711","FB越南元大51購02","0","0","0","--","--","--","--"," ","0.00","2.59","499","2.66","10","15.73",
="088712","FB越南元大53購02","15,000","1","23,250","1.55","1.55","1.55","1.55","X","0.00","1.57","100","1.59","50","15.73",
="088713","FB越南元大54購01","0","0","0","--","--","--","--"," ","0.00","1.46","100","1.47","50","15.73",
="088714","美時元大51購04","1,154,000","11","536,150","0.45","0.47","0.45","0.47","+","0.03","0.45","499","0.46","10","192.00",
="088715","光寶科元大51購04","11,000","2","45,310","3.91","4.14","3.91","4.14","+","0.26","4.03","200","5.55","40","183.00",
="088716","鴻海元大51購32","0","0","0","--","--","--","--"," ","0.00","2.55","300","2.59","10","221.00",
="088717","華邦電元大51購07","0","0","0","--","--","--","--"," ","0.00","12.40","50","--","0","36.45",
="088718","華碩元大51購05","71,000","4","80,530","1.15","1.15","1.13","1.13","-","0.02","1.16","12","1.18","10","684.00",
="088719","致茂元大51購03","0","0","0","--","--","--","--"," ","0.00","6.85","100","7.00","10","614.00",
="08871P","神基國票4C售01","0","0","0","--","--","--","--"," ","0.00","0.11","25","0.12","10","0.00",
="088720","致茂元大51購04","0","0","0","--","--","--","--"," ","0.00","7.20","100","--","0","614.00",
="088721","漢唐元大51購07","23,000","6","180,550","8.25","8.25","7.00","7.70","-","0.50","8.05","25","8.10","10","987.00",
="088722","長榮元大51購30","0","0","0","--","--","--","--"," ","0.00","0.95","499","0.96","10","182.00",
="088723","王品元大51購03","0","0","0","--","--","--","--"," ","0.00","0.37","499","0.38","10","230.00",
="088724","大立光元大51購14","302,000","12","301,110","1.04","1.04","0.98","1.00","-","0.04","1.00","499","1.03","10","2,360.00",
="088725","大立光元大54購01","270,000","6","218,800","0.82","0.82","0.81","0.81","-","0.05","0.81","499","0.84","10","2,360.00",
="088726","零壹元大51購01","0","0","0","--","--","--","--"," ","0.00","1.34","499","1.37","10","125.00",
="088727","欣興元大51購11","2,000","2","2,510","1.29","1.29","1.22","1.22","+","0.04","1.19","499","1.20","10","159.00",
="088728","欣興元大54購05","149,000","6","210,070","1.40","1.43","1.36","1.36"," ","0.00","1.34","499","1.36","9","159.00",
="088729","景碩元大51購09","254,000","5","185,750","0.75","0.75","0.64","0.64","+","0.02","0.64","499","0.66","10","111.50",
="08872P","德律國票4C售02","0","0","0","--","--","--","--"," ","0.00","0.02","25","0.05","10","0.00",
="088730","景碩元大51購10","14,000","4","10,450","0.74","0.75","0.73","0.73","-","0.02","0.68","499","0.70","10","111.50",
="088731","玉晶光元大51購09","128,000","8","84,060","0.69","0.69","0.62","0.66"," ","0.00","0.64","25","0.65","10","443.50",
="088732","京鼎元大51購01","720,000","23","861,830","1.13","1.24","1.13","1.17","+","0.11","1.09","499","1.12","10","306.00",
="088733","群創元大54購01","776,000","21","1,429,580","1.79","1.92","1.72","1.92","+","0.13","1.85","400","1.88","10","14.15",
="088734","牧德元大51購05","774,000","22","1,182,650","1.63","1.63","1.50","1.51","-","0.06","1.50","25","1.51","10","544.00",
="088735","辛耘元大51購03","122,000","4","280,190","2.24","2.34","2.24","2.34","+","0.60","2.05","25","2.09","10","388.00",
="088736","宏致元大51購02","13,000","3","41,170","3.35","3.35","3.03","3.09","-","0.15","3.03","250","3.05","10","73.30",
="088737","臻鼎元大51購04","0","0","0","--","--","--","--"," ","0.00","4.84","150","4.94","10","171.50",
="088738","帆宣元大51購05","0","0","0","--","--","--","--"," ","0.00","1.68","400","1.76","10","255.00",
="088739","台郡元大51購02","19,000","3","34,450","1.87","1.87","1.75","1.75","-","0.17","1.76","400","1.79","10","66.80",
="08873P","健鼎國票4C售01","0","0","0","--","--","--","--"," ","0.00","0.01","25","0.05","10","0.00",
="088740","保瑞元大51購04","159,000","1","133,560","0.84","0.84","0.84","0.84","X","0.00","0.81","25","0.83","10","693.00",
="088741","愛普元大51購07","222,000","6","268,310","1.12","1.27","1.12","1.27","+","0.01","0.14","71","--","0","344.00",
="088742","愛普元大51購08","2,000","2","2,790","1.34","1.45","1.34","1.45","-","0.05","0.08","125","2.20","5","344.00",
="088743","洋基元大51購05","0","0","0","--","--","--","--"," ","0.00","2.45","300","2.48","10","449.00",
="088744","連加元大51購08","248,000","2","159,200","0.64","0.65","0.64","0.65","X","0.00","0.64","499","0.65","10","606.00",
="088745","臺股指元大51購26","8,000","3","26,780","3.21","3.57","3.21","3.57","+","0.79","3.40","499","3.41","10","0.00",
="088746","臺股指元大51購27","0","0","0","--","--","--","--"," ","0.00","5.25","499","5.60","10","0.00",
="088747","臺股指元大53購09","2,000","2","8,730","4.36","4.37","4.36","4.37","X","0.00","4.37","499","4.38","10","0.00",
="088748","臺股指元大54購12","3,000","1","7,320","2.44","2.44","2.44","2.44","+","0.16","2.51","100","2.58","10","0.00",
="088749","臺股指元大56購06","0","0","0","--","--","--","--"," ","0.00","4.84","499","4.85","10","0.00",
="08874P","飛捷國票4C售01","0","0","0","--","--","--","--"," ","0.00","0.26","25","0.27","10","0.00",
="088750","富邦金台新51購02","0","0","0","--","--","--","--"," ","0.00","7.00","10","7.25","10","0.00",
="088751","欣興台新51購01","72,000","10","200,230","2.99","2.99","2.73","2.81","+","0.24","2.59","20","2.60","10","0.00",
="088752","景碩台新51購01","75,000","8","154,420","2.12","2.16","1.97","1.97","-","0.10","1.80","20","1.81","10","0.00",
="088753","鴻海統一59購02","106,000","2","154,040","1.43","1.46","1.43","1.46","+","0.08","1.47","10","1.48","10","221.00",
="088754","台積電統一59購01","155,000","2","161,600","1.04","1.05","1.04","1.05","+","0.11","1.01","10","1.02","10","1,340.00",
="088755","台積電統一67購04","100,000","2","86,000","0.86","0.86","0.86","0.86","X","0.00","0.87","10","0.88","10","1,340.00",
="088756","技嘉統一53購03","442,000","7","385,160","0.88","0.88","0.87","0.87","-","0.02","0.85","10","0.86","10","283.00",
="088757","鉅祥統一53購02","0","0","0","--","--","--","--"," ","0.00","1.91","10","1.96","10","108.50",
="088758","辛耘統一59購01","82,000","4","65,220","0.81","0.81","0.78","0.78","+","0.07","0.75","10","0.76","10","388.00",
="088759","貿聯統一58購02","133,000","3","198,520","1.54","1.54","1.36","1.36","-","0.10","1.33","10","1.34","10","1,085.00",
="08875P","同欣電國票4C售01","0","0","0","--","--","--","--"," ","0.00","0.19","25","0.20","10","0.00",
="088760","神達統一58購02","315,000","9","406,080","1.28","1.30","1.22","1.30","+","0.10","1.25","10","1.26","10","90.00",
="088761","訊芯統一55購02","471,000","20","441,300","0.91","0.96","0.91","0.91","+","0.02","0.87","10","0.88","10","164.50",
="088762","台虹統一57購01","643,000","20","810,370","1.23","1.28","1.21","1.22","-","0.02","1.19","10","1.20","10","63.30",
="088763","台光電中信51購04","482,000","16","820,790","1.51","1.82","1.51","1.71","X","0.00","1.64","10","1.67","10","0.00",
="088764","台光電中信52購01","66,000","5","101,930","1.44","1.66","1.44","1.55","X","0.00","1.53","10","1.55","10","0.00",
="088765","奇鋐中信51購04","101,000","9","157,110","1.65","1.74","1.27","1.27","-","0.06","1.27","10","1.31","10","0.00",
="088766","台塑永豐53購02","0","0","0","--","--","--","--"," ","0.00","1.07","499","1.08","10","38.60",
="088767","台化永豐52購02","1,000","1","1,300","1.30","1.30","1.30","1.30","X","0.00","1.28","10","1.29","10","28.95",
="088768","川湖永豐51購02","0","0","0","--","--","--","--"," ","0.00","3.12","499","3.22","10","3,220.00",
="088769","台達電永豐51購02","0","0","0","--","--","--","--"," ","0.00","8.80","499","9.30","10","893.00",
="08876P","台表科國票4C售01","0","0","0","--","--","--","--"," ","0.00","0.14","25","0.15","10","0.00",
="088770","廣宇永豐51購04","0","0","0","--","--","--","--"," ","0.00","1.83","499","1.86","10","54.10",
="088771","台積電永豐53購05","77,000","2","123,700","1.60","1.61","1.60","1.61","X","0.00","0.34","30","--","0","1,340.00",
="088772","金像電永豐51購07","0","0","0","--","--","--","--"," ","0.00","3.10","499","3.20","10","455.00",
="088773","技嘉永豐52購05","0","0","0","--","--","--","--"," ","0.00","0.90","499","0.91","10","283.00",
="088774","台光電永豐52購08","128,000","6","173,220","1.18","1.49","1.18","1.49","+","0.36","1.32","499","1.36","10","1,345.00",
="088775","元債2X元富4A購01","0","0","0","--","--","--","--"," ","0.00","--","0","0.10","25","7.35",
="088776","元日2X元富4A購01","0","0","0","--","--","--","--"," ","0.00","--","0","0.10","55","5.87",
="088777","京元電永豐53購02","3,000","1","6,810","2.27","2.27","2.27","2.27","-","0.42","2.25","10","2.28","10","167.00",
="088778","奇鋐永豐54購01","10,000","1","13,000","1.30","1.30","1.30","1.30","X","0.00","1.08","10","1.18","10","1,015.00",
="088779","零壹永豐52購01","0","0","0","--","--","--","--"," ","0.00","0.59","10","0.60","10","125.00",
="08877P","穎崴國票4C售05","0","0","0","--","--","--","--"," ","0.00","0.01","25","0.11","10","0.00",
="088780","新日興永豐52購04","35,000","4","27,200","0.82","0.82","0.75","0.76","-","0.12","0.28","35","--","0","237.00",
="088781","嘉澤永豐53購02","0","0","0","--","--","--","--"," ","0.00","1.02","499","1.03","10","1,605.00",
="088782","健策永豐52購05","0","0","0","--","--","--","--"," ","0.00","3.28","10","3.32","10","2,355.00",
="088783","世芯永豐51購09","50,000","4","36,100","0.74","0.75","0.66","0.66","-","0.19","0.66","100","0.67","10","3,700.00",
="088784","亞翔永豐51購03","81,000","7","109,820","1.34","1.37","1.33","1.33","-","0.07","1.34","499","1.35","10","358.50",
="088785","凌華永豐51購01","13,000","2","9,720","0.74","0.75","0.74","0.75","X","0.00","0.72","10","0.73","10","62.40",
="088786","矽力永豐52購01","0","0","0","--","--","--","--"," ","0.00","0.22","10","0.23","10","273.00",
="088787","泰金寶永豐51購01","0","0","0","--","--","--","--"," ","0.00","0.51","499","0.52","10","6.02",
="088788","寶成永豐53購01","5,000","1","3,950","0.79","0.79","0.79","0.79","-","0.04","0.82","499","0.83","10","28.90",
="088789","元上證凱基53購01","0","0","0","--","--","--","--"," ","0.00","2.51","10","2.52","50","33.28",
="08878P","鼎基國票4C售01","0","0","0","--","--","--","--"," ","0.00","0.41","25","0.42","10","0.00",
="088790","FB越南凱基51購01","0","0","0","--","--","--","--"," ","0.00","2.57","100","2.58","50","15.73",
="088791","FB越南凱基58購01","0","0","0","--","--","--","--"," ","0.00","1.23","100","1.24","50","15.73",
="088792","南亞凱基51購01","0","0","0","--","--","--","--"," ","0.00","6.10","10","6.60","10","39.80",
="088793","美時凱基51購03","40,000","1","19,600","0.49","0.49","0.49","0.49","X","0.00","0.49","100","0.50","10","192.00",
="088794","上銀凱基51購04","67,000","3","63,720","0.96","0.96","0.94","0.94","-","0.09","0.93","100","0.97","10","217.50",
="088795","川湖凱基51購07","0","0","0","--","--","--","--"," ","0.00","4.68","100","4.78","10","3,220.00",
="088796","鴻海凱基53購06","14,000","6","83,900","5.95","6.05","5.90","6.05","+","0.65","6.00","300","6.05","200","221.00",
="088797","台積電凱基53購21","0","0","0","--","--","--","--"," ","0.00","1.19","100","1.29","10","1,340.00",
="088798","台積電凱基53購22","30,000","2","38,100","1.25","1.28","1.25","1.28","+","0.21","1.28","100","1.38","10","1,340.00",
="088799","台積電凱基55購03","0","0","0","--","--","--","--"," ","0.00","1.51","100","1.61","10","1,340.00",
="08879P","視陽國票4C售01","0","0","0","--","--","--","--"," ","0.00","0.26","25","0.27","10","0.00",
="088800","台積電凱基67購08","83,000","5","197,340","2.38","2.38","2.36","2.38","+","0.20","2.35","100","2.45","10","1,340.00",
="088801","華邦電凱基51購03","20,000","2","267,000","13.20","13.50","13.20","13.50","+","1.30","14.20","20","15.20","10","36.45",
="088802","佳能凱基51購02","0","0","0","--","--","--","--"," ","0.00","9.65","50","--","0","88.80",
="088803","台光電凱基54購04","0","0","0","--","--","--","--"," ","0.00","2.23","100","2.26","10","1,345.00",
="088804","正崴凱基51購02","0","0","0","--","--","--","--"," ","0.00","0.23","10","0.24","50","48.80",
="088805","建準凱基51購01","178,000","13","248,070","1.47","1.50","1.23","1.23","-","0.05","1.19","100","1.25","10","129.00",
="088806","鉅祥凱基51購01","3,000","1","19,350","6.45","6.45","6.45","6.45","-","0.20","6.25","100","6.40","10","108.50",
="088807","大立光凱基54購02","87,000","4","96,150","1.13","1.13","1.10","1.10","-","0.08","1.12","100","1.15","10","2,360.00",
="088808","亞光凱基53購01","42,000","3","98,220","2.38","2.38","2.31","2.34","-","0.11","2.29","100","2.31","10","161.50",
="088809","聯鈞凱基51購04","319,000","23","1,082,460","2.89","3.62","2.89","3.48","+","0.64","3.62","10","3.69","10","278.00",
="08880P","巨大國票4C售02","0","0","0","--","--","--","--"," ","0.00","1.07","25","1.08","10","0.00",
="088810","辛耘凱基51購03","6,000","1","7,200","1.20","1.20","1.20","1.20","+","0.30","1.05","10","1.15","10","388.00",
="088811","世芯凱基51購20","9,000","1","14,940","1.66","1.66","1.66","1.66","-","0.04","1.40","100","1.42","10","3,700.00",
="088812","神達凱基51購10","11,000","2","73,450","6.35","6.80","6.35","6.80","+","0.90","6.50","100","6.55","10","90.00",
="088813","亞翔凱基54購01","8,000","1","19,520","2.44","2.44","2.44","2.44","+","0.01","2.42","100","2.44","10","358.50",
="088814","帆宣凱基51購02","8,000","3","27,620","3.46","3.46","3.43","3.43"," ","0.00","3.24","10","3.34","10","255.00",
="088815","迅得凱基51購01","888,000","19","1,443,480","1.61","1.66","1.60","1.62","+","0.11","1.46","100","1.85","10","176.00",
="088816","緯穎凱基51購14","10,000","5","37,840","3.86","3.86","3.64","3.79","+","0.11","3.78","100","3.81","10","3,140.00",
="088817","來億凱基51購03","0","0","0","--","--","--","--"," ","0.00","0.44","10","0.46","30","224.00",
="088818","昇陽半凱基51購02","28,000","3","100,290","3.53","3.82","3.53","3.82","+","0.41","3.34","100","3.40","10","179.50",
="088819","臺股指凱基51購24","0","0","0","--","--","--","--"," ","0.00","5.85","100","5.90","10","0.00",
="08881P","美債2X元大4C售02","0","0","0","--","--","--","--"," ","0.00","0.39","250","0.40","100","0.00",
="088820","臺股指凱基53購12","0","0","0","--","--","--","--"," ","0.00","4.76","100","4.77","10","0.00",
="088821","臺股指凱基54購12","0","0","0","--","--","--","--"," ","0.00","3.60","100","3.61","10","0.00",
="088822","臺股指凱基56購08","12,000","2","47,980","3.97","4.14","3.97","4.14","+","0.59","4.28","10","4.29","10","0.00",
="088823","智邦第一53購01","0","0","0","--","--","--","--"," ","0.00","2.00","10","2.10","10","0.00",
="088824","貿聯第一53購01","180,000","1","223,200","1.24","1.24","1.24","1.24","X","0.00","1.21","10","1.25","10","0.00",
="088825","川湖台新51購02","0","0","0","--","--","--","--"," ","0.00","17.30","10","17.50","10","0.00",
="088826","台積電台新51購03","0","0","0","--","--","--","--"," ","0.00","3.35","20","3.36","10","0.00",
="088827","世芯台新51購01","1,000","1","3,970","3.97","3.97","3.97","3.97","-","1.03","4.03","10","4.08","10","0.00",
="088828","T50反1富邦52購03","424,000","20","131,330","0.31","0.32","0.30","0.31","-","0.06","0.30","100","0.31","98","0.00",
="088829","台化富邦54購01","44,000","6","57,120","1.34","1.35","1.27","1.27","-","0.01","1.28","10","1.29","10","0.00",
="08882P","喬山元大4B售01","0","0","0","--","--","--","--"," ","0.00","0.17","499","0.18","200","0.00",
="088830","川湖富邦51購03","15,000","2","46,600","3.14","3.14","3.04","3.04","-","0.68","3.03","10","3.07","10","0.00",
="088831","台積電富邦51購12","197,000","13","290,330","1.43","1.57","1.43","1.57","+","0.26","1.57","30","1.58","10","0.00",
="088832","台積電富邦51購13","11,000","1","22,550","2.05","2.05","2.05","2.05","X","0.00","2.09","30","2.12","10","0.00",
="088833","華邦電富邦52購01","0","0","0","--","--","--","--"," ","0.00","7.60","10","7.80","10","0.00",
="088834","正崴富邦51購01","40,000","1","9,200","0.23","0.23","0.23","0.23","X","0.00","0.22","10","0.23","10","0.00",
="088835","漢唐富邦54購02","10,000","1","15,900","1.59","1.59","1.59","1.59","-","0.06","1.60","10","1.62","10","0.00",
="088836","台新金富邦51購01","0","0","0","--","--","--","--"," ","0.00","0.36","30","0.37","10","0.00",
="088837","欣興富邦51購02","133,000","13","156,240","1.17","1.18","1.17","1.18","+","0.13","1.11","10","1.12","10","0.00",
="088838","聯茂富邦54購01","268,000","13","475,970","1.77","1.85","1.72","1.85","+","0.06","1.67","10","1.71","10","0.00",
="088839","昇陽半富邦52購02","0","0","0","--","--","--","--"," ","0.00","1.89","10","1.94","10","0.00",
="08883P","鴻海元大4B售14","0","0","0","--","--","--","--"," ","0.00","--","0","0.10","10","0.00",
="088840","T50反1國票51購02","0","0","0","--","--","--","--"," ","0.00","0.26","25","0.36","10","18.29",
="088841","廣宇國票51購01","175,000","2","778,250","4.61","4.61","4.31","4.31","-","0.14","4.34","25","4.37","10","54.10",
="088842","毅嘉國票51購02","7,000","2","40,850","5.90","5.90","5.45","5.45","-","0.65","5.45","25","5.55","10","53.50",
="088843","毅嘉國票52購01","0","0","0","--","--","--","--"," ","0.00","4.76","25","4.86","10","53.50",
="088844","鉅祥國票51購01","20,000","1","133,000","6.65","6.65","6.65","6.65","X","0.00","6.45","25","6.60","10","108.50",
="088845","眾達國票52購01","160,000","22","653,300","4.17","4.17","3.90","3.96","-","0.21","3.96","30","4.00","10","127.00",
="088846","台塑國泰52購01","43,000","1","63,210","1.47","1.47","1.47","1.47","+","0.07","1.38","100","1.40","100","38.60",
="088847","台塑國泰52購02","161,000","10","147,090","0.94","0.98","0.88","0.89"," ","0.00","0.88","100","0.89","100","38.60",
="088848","英業達國泰52購01","11,000","1","20,350","1.85","1.85","1.85","1.85","-","0.05","0.53","18","--","0","45.00",
="088849","神基國泰52購01","51,000","6","183,240","3.55","3.68","3.55","3.56","+","0.07","3.55","10","3.60","10","163.50",
="08884P","台積電元大4C售19","0","0","0","--","--","--","--"," ","0.00","0.02","499","0.11","10","0.00",
="088850","大立光國泰52購03","329,000","12","451,410","1.38","1.41","1.34","1.40","-","0.03","1.39","499","1.40","94","2,360.00",
="088851","奇鋐國泰52購02","0","0","0","--","--","--","--"," ","0.00","1.36","499","1.39","400","1,015.00",
="088852","世芯國泰52購05","5,000","1","4,150","0.83","0.83","0.83","0.83","-","0.09","0.76","10","0.86","10","3,700.00",
="088853","世芯國泰52購06","0","0","0","--","--","--","--"," ","0.00","0.89","10","0.99","10","3,700.00",
="088854","世芯國泰52購07","11,000","1","9,350","0.85","0.85","0.85","0.85","-","0.06","0.74","10","0.84","10","3,700.00",
="088855","富世達國泰52購03","0","0","0","--","--","--","--"," ","0.00","3.03","499","--","0","1,010.00",
="088856","香港2X元大53購01","0","0","0","--","--","--","--"," ","0.00","1.09","250","1.10","100","18.02",
="088857","華城元大54購06","0","0","0","--","--","--","--"," ","0.00","0.50","499","0.51","10","586.00",
="088858","川湖元大51購07","50,000","1","115,000","2.30","2.30","2.30","2.30","-","0.42","2.08","25","2.17","10","3,220.00",
="088859","川湖元大51購09","50,000","1","140,500","2.81","2.81","2.81","2.81","-","0.13","2.77","25","2.87","10","3,220.00",
="08885P","金像電元大4B售03","0","0","0","--","--","--","--"," ","0.00","--","0","0.10","10","0.00",
="088860","宇隆元大51購02","84,000","9","141,120","1.67","1.86","1.59","1.65","-","0.09","1.57","450","1.60","10","217.00",
="088861","宇隆元大51購03","29,000","2","53,890","1.95","1.95","1.81","1.81","-","0.08","1.67","400","1.71","10","217.00",
="088863","台達電元大54購01","12,000","3","59,260","4.92","4.94","4.92","4.94","+","0.16","4.59","25","4.69","10","893.00",
="088864","楠梓電元大51購03","10,000","1","33,400","3.34","3.34","3.34","3.34","+","0.12","2.77","10","--","0","103.50",
="088865","楠梓電元大51購04","0","0","0","--","--","--","--"," ","0.00","--","0","--","0","103.50",
="088866","鴻海元大51購33","0","0","0","--","--","--","--"," ","0.00","2.70","300","2.76","10","221.00",
="088867","華邦電元大51購08","0","0","0","--","--","--","--"," ","0.00","14.10","50","--","0","36.45",
="088868","英業達元大51購01","32,000","6","58,290","1.83","1.86","1.80","1.82","+","0.08","1.71","5","2.10","5","45.00",
="088869","英業達元大51購02","124,000","8","273,800","2.20","2.22","2.20","2.22","+","0.13","2.15","25","2.18","10","45.00",
="08886P","聯發科元大4B售17","0","0","0","--","--","--","--"," ","0.00","0.06","499","0.07","200","0.00",
="088870","台光電元大51購12","160,000","6","360,420","2.14","2.65","2.14","2.65","+","0.60","2.40","351","2.47","10","1,345.00",
="088871","南亞科元大54購02","3,000","1","7,800","2.60","2.60","2.60","2.60","-","0.05","2.66","25","--","0","81.00",
="088872","欣興元大51購13","7,000","2","9,450","1.35","1.35","1.35","1.35","+","0.08","1.28","10","1.29","10","159.00",
="088873","欣興元大51購14","10,000","1","12,600","1.26","1.26","1.26","1.26","+","0.05","1.23","499","1.25","10","159.00",
="088874","欣興元大54購06","41,000","1","54,530","1.33","1.33","1.33","1.33","+","0.08","1.25","499","1.27","10","159.00",
="088875","新日興元大51購08","430,000","17","401,310","0.94","0.98","0.88","0.88","-","0.11","0.16","62","--","0","237.00",
="088876","創意元大51購10","252,000","6","144,240","0.56","0.61","0.56","0.61","+","0.05","0.59","25","0.60","10","1,315.00",
="088877","創意元大51購11","345,000","7","186,130","0.53","0.55","0.52","0.55","+","0.03","0.54","25","0.55","10","1,315.00",
="088878","聯鈞元大51購08","12,000","2","34,260","2.63","2.90","2.63","2.90","+","0.70","2.95","25","3.01","10","278.00",
="088879","聯鈞元大55購01","236,000","23","785,090","3.03","3.64","3.03","3.48","+","0.48","3.56","25","3.60","10","278.00",
="08887P","富邦金元大4B售05","0","0","0","--","--","--","--"," ","0.00","--","0","0.06","2","0.00",
="088880","世芯元大51購46","0","0","0","--","--","--","--"," ","0.00","0.16","6","--","0","3,700.00",
="088881","世芯元大54購11","0","0","0","--","--","--","--"," ","0.00","0.12","83","--","0","3,700.00",
="088882","材料元大54購04","100,000","6","166,960","1.66","1.70","1.64","1.67","-","0.03","1.64","450","1.66","10","66.40",
="088883","上品元大51購01","100,000","2","168,000","1.68","1.68","1.68","1.68","X","0.00","1.61","450","1.64","10","308.00",
="088884","亞翔元大54購04","100,000","2","295,000","2.92","2.98","2.92","2.98","X","0.00","2.94","250","2.98","10","358.50",
="088885","帆宣元大51購06","24,000","5","39,780","1.71","1.71","1.61","1.61","-","0.04","1.56","25","1.63","10","255.00",
="088886","台塑化元大51購02","21,000","4","18,350","0.85","0.89","0.85","0.89","+","0.03","0.89","20","0.90","10","39.25",
="088887","台塑化元大51購03","2,000","2","2,800","1.45","1.45","1.35","1.35","-","0.01","1.40","499","1.42","10","39.25",
="088888","洋基元大51購06","292,000","10","250,180","0.84","0.90","0.84","0.89","+","0.05","0.86","499","0.88","10","449.00",
="088889","AES元大51購05","22,000","3","25,830","1.17","1.18","1.16","1.16","+","0.04","1.08","499","1.09","10","1,195.00",
="08888P","奇鋐元大4B售07","0","0","0","--","--","--","--"," ","0.00","--","0","0.10","10","0.00",
="088890","AES元大56購01","14,000","2","15,480","1.12","1.12","1.07","1.07","-","0.13","1.05","499","1.06","10","1,195.00",
="088891","AES元大57購01","4,000","1","4,080","1.02","1.02","1.02","1.02","-","0.02","1.01","499","1.02","10","1,195.00",
="088892","采鈺元大51購02","117,000","15","327,030","2.86","2.96","2.66","2.67","-","0.25","2.69","250","2.72","10","305.50",
="088893","台泥群益53購03","57,000","2","35,660","0.62","0.64","0.62","0.64","-","0.18","0.63","10","0.73","10","23.75",
="088894","台塑群益51購01","0","0","0","--","--","--","--"," ","0.00","1.18","10","1.28","10","38.60",
="088895","國喬群益51購01","31,000","2","17,930","0.57","0.58","0.57","0.58","X","0.00","0.57","25","0.58","10","9.51",
="088896","台化群益51購01","0","0","0","--","--","--","--"," ","0.00","3.23","25","3.28","10","28.95",
="088897","華城群益51購07","9,000","3","44,820","4.98","4.98","4.98","4.98","X","0.00","1.56","30","--","0","586.00",
="088898","華城群益53購01","0","0","0","--","--","--","--"," ","0.00","0.42","16","--","0","586.00",
="088899","直得群益51購01","0","0","0","--","--","--","--"," ","0.00","0.75","10","0.85","10","81.30",
="08889P","智原元大4B售13","277,000","5","149,880","0.54","0.55","0.54","0.55","-","0.11","0.56","499","0.57","200","0.00",
="088900","川湖群益53購01","30,000","1","60,900","2.03","2.03","2.03","2.03","X","0.00","1.99","100","2.03","100","3,220.00",
="088901","川湖群益57購02","21,000","6","34,790","1.63","1.71","1.63","1.69","-","0.01","1.64","100","1.67","100","3,220.00",
="088902","宇隆群益51購04","0","0","0","--","--","--","--"," ","0.00","2.52","10","2.62","10","217.00",
="088903","楠梓電群益54購01","0","0","0","--","--","--","--"," ","0.00","--","0","9.95","10","103.50",
="088904","台積電群益57購05","0","0","0","--","--","--","--"," ","0.00","0.03","3","--","0","1,340.00",
="088905","旺宏群益51購02","75,000","4","292,640","4.13","4.13","3.57","3.91","+","0.41","1.01","9","--","0","26.75",
="088906","智邦群益51購08","14,000","1","50,540","3.61","3.61","3.61","3.61","X","0.00","3.48","25","3.57","10","1,005.00",
="088907","智邦群益51購09","0","0","0","--","--","--","--"," ","0.00","6.20","1","14.80","10","1,005.00",
="088908","金像電群益51購07","117,000","5","446,490","3.85","3.85","3.81","3.83","+","0.28","3.75","10","3.85","10","455.00",
="088909","佳能群益51購01","0","0","0","--","--","--","--"," ","0.00","--","0","--","0","88.80",
="08890P","貿聯元大4B售07","0","0","0","--","--","--","--"," ","0.00","--","0","0.10","10","0.00",
="088910","台光電群益51購13","0","0","0","--","--","--","--"," ","0.00","1.09","30","2.79","10","1,345.00",
="088911","台光電群益51購14","45,000","3","347,450","7.45","8.35","7.45","7.55","X","0.00","2.08","9","--","0","1,345.00",
="088912","正崴群益51購01","0","0","0","--","--","--","--"," ","0.00","0.27","10","0.37","10","48.80",
="088913","正崴群益54購01","0","0","0","--","--","--","--"," ","0.00","0.38","10","0.48","10","48.80",
="088914","建準群益51購01","76,000","3","102,500","1.35","1.35","1.25","1.25"," ","0.00","0.45","22","--","0","129.00",
="088915","聯發科群益56購01","35,000","2","18,300","0.54","0.54","0.52","0.52","-","0.03","0.17","58","0.69","10","1,375.00",
="088916","長榮群益54購03","2,000","1","2,940","1.47","1.47","1.47","1.47","-","0.04","1.44","100","1.45","100","182.00",
="088917","奇鋐群益51購07","0","0","0","--","--","--","--"," ","0.00","0.77","30","--","0","1,015.00",
="088918","奇鋐群益51購08","0","0","0","--","--","--","--"," ","0.00","2.49","4","--","0","1,015.00",
="088919","零壹群益52購01","0","0","0","--","--","--","--"," ","0.00","0.80","100","0.82","100","125.00",
="08891P","川湖凱基4B售04","0","0","0","--","--","--","--"," ","0.00","--","0","0.10","10","0.00",
="088920","德律群益51購03","73,000","9","266,010","3.81","4.06","3.55","3.59","-","0.16","3.59","10","3.69","10","189.00",
="088921","德律群益52購01","266,000","4","414,460","1.51","1.59","1.41","1.41","-","0.04","1.42","10","1.52","10","189.00",
="088922","欣興群益51購05","2,000","2","3,960","1.96","2.00","1.96","2.00","X","0.00","1.85","25","1.93","10","159.00",
="088923","欣興群益51購06","0","0","0","--","--","--","--"," ","0.00","2.06","100","2.12","100","159.00",
="088924","緯創群益51購06","122,000","11","104,600","0.82","0.91","0.80","0.80","+","0.04","0.27","37","--","0","122.50",
="088925","緯創群益55購01","0","0","0","--","--","--","--"," ","0.00","--","0","--","0","122.50",
="088926","昇貿群益53購01","0","0","0","--","--","--","--"," ","0.00","5.55","100","--","0","114.00",
="088927","新日興群益53購01","53,000","2","68,340","1.29","1.29","1.28","1.28","+","0.03","0.55","18","--","0","237.00",
="088928","新日興群益53購02","428,000","11","772,590","1.93","1.93","1.76","1.76","-","0.27","0.84","59","--","0","237.00",
="088929","嘉澤群益56購01","33,000","2","44,080","1.34","1.34","1.27","1.27","-","0.10","0.75","66","--","0","1,605.00",
="08892P","金像電凱基4C售01","0","0","0","--","--","--","--"," ","0.00","--","0","0.02","50","0.00",
="088930","健策群益51購01","0","0","0","--","--","--","--"," ","0.00","--","0","6.95","10","2,355.00",
="088931","世芯群益51購17","32,000","3","137,860","4.40","4.40","3.92","3.92","-","0.43","1.54","6","--","0","3,700.00",
="088932","世芯群益54購07","0","0","0","--","--","--","--"," ","0.00","0.40","7","--","0","3,700.00",
="088933","神達群益51購03","0","0","0","--","--","--","--"," ","0.00","5.85","10","6.35","10","90.00",
="088934","材料群益51購04","514,000","2","457,460","0.89","0.89","0.89","0.89","-","0.02","0.89","10","0.99","10","66.40",
="088935","眾達群益51購01","2,000","1","8,300","4.15","4.15","4.15","4.15","-","0.12","2.41","4","--","0","127.00",
="088936","帆宣群益51購02","0","0","0","--","--","--","--"," ","0.00","0.64","2","--","0","255.00",
="088937","飛捷群益54購01","0","0","0","--","--","--","--"," ","0.00","0.25","100","0.26","100","106.50",
="088938","保瑞群益53購01","0","0","0","--","--","--","--"," ","0.00","0.96","10","1.06","10","693.00",
="088939","穎崴群益53購05","0","0","0","--","--","--","--"," ","0.00","3.91","10","--","0","2,015.00",
="08893P","台光電凱基4B售02","0","0","0","--","--","--","--"," ","0.00","0.01","4","0.07","35","0.00",
="088940","帝寶群益52購01","0","0","0","--","--","--","--"," ","0.00","0.26","55","0.29","10","134.00",
="088941","緯穎群益51購05","0","0","0","--","--","--","--"," ","0.00","--","0","11.60","10","3,140.00",
="088942","緯穎群益53購05","16,000","2","29,120","1.80","1.84","1.80","1.84","-","0.12","0.71","14","--","0","3,140.00",
="088943","復盛群益51購01","29,000","1","22,910","0.79","0.79","0.79","0.79","X","0.00","--","0","--","0","265.00",
="088944","力智群益52購02","0","0","0","--","--","--","--"," ","0.00","0.34","29","--","0","214.00",
="088945","富世達群益51購05","2,000","2","9,420","4.71","4.71","4.71","4.71","X","0.00","1.50","30","--","0","1,010.00",
="088946","來億群益51購01","0","0","0","--","--","--","--"," ","0.00","0.28","10","0.38","10","224.00",
="088947","台虹群益51購01","10,000","1","39,800","3.98","3.98","3.98","3.98","X","0.00","--","0","--","0","63.30",
="088948","臺股指群益51購07","0","0","0","--","--","--","--"," ","0.00","4.01","499","4.11","10","0.00",
="088949","臺股指群益51購08","10,000","2","34,900","3.51","3.51","3.47","3.47","+","0.26","3.61","499","3.62","10","0.00",
="08894P","富邦金凱基4B售02","0","0","0","--","--","--","--"," ","0.00","0.15","10","0.25","10","0.00",
="088950","臺股指群益51購09","0","0","0","--","--","--","--"," ","0.00","3.17","499","3.18","499","0.00",
="088951","臺股指群益51購10","0","0","0","--","--","--","--"," ","0.00","4.77","499","4.78","499","0.00",
="088952","臺股指群益51購11","0","0","0","--","--","--","--"," ","0.00","4.06","499","4.07","499","0.00",
="088953","臺股指群益51購12","0","0","0","--","--","--","--"," ","0.00","3.90","499","3.91","499","0.00",
="088954","臺股指群益51購13","39,000","12","160,210","4.07","4.19","4.02","4.04","X","0.00","3.98","499","3.99","499","0.00",
="088955","臺股指群益51購14","121,000","25","729,800","5.75","6.50","5.60","6.35","+","1.10","6.20","499","6.25","499","0.00",
="088956","新日興兆豐53購02","208,000","6","175,320","0.84","0.87","0.84","0.87"," ","0.00","0.81","10","0.82","10","237.00",
="088957","T50反1富邦55購01","0","0","0","--","--","--","--"," ","0.00","0.28","100","0.29","100","0.00",
="088958","台化富邦53購01","70,000","5","101,800","1.49","1.49","1.42","1.42","-","0.02","1.43","10","1.44","10","0.00",
="088959","華城富邦53購02","859,000","17","754,750","0.88","0.89","0.84","0.89","-","0.03","0.86","10","0.87","10","0.00",
="08895P","亞光凱基4B售04","0","0","0","--","--","--","--"," ","0.00","0.01","499","0.03","50","0.00",
="088960","大成鋼富邦53購01","116,000","7","126,450","1.10","1.10","1.05","1.05","-","0.02","1.04","10","1.05","10","0.00",
="088961","台達電富邦61購01","41,000","4","215,400","5.40","5.40","5.15","5.35","-","0.15","5.15","30","5.60","10","0.00",
="088962","鴻海富邦51購08","0","0","0","--","--","--","--"," ","0.00","2.50","30","2.56","10","0.00",
="088963","鴻海富邦53購04","85,000","9","216,650","2.53","2.58","2.51","2.56","X","0.00","2.52","30","2.57","10","0.00",
="088964","台積電富邦61購01","0","0","0","--","--","--","--"," ","0.00","1.76","30","1.77","10","0.00",
="088965","鴻準富邦54購01","50,000","5","53,000","1.06","1.06","1.06","1.06","X","0.00","1.02","10","1.03","10","0.00",
="088966","台光電富邦52購02","96,000","12","196,050","1.97","2.19","1.97","2.08","X","0.00","2.00","10","2.03","10","0.00",
="088967","漢唐富邦53購02","0","0","0","--","--","--","--"," ","0.00","1.35","10","1.45","10","0.00",
="088968","南亞科富邦54購01","0","0","0","--","--","--","--"," ","0.00","3.30","10","3.40","10","0.00",
="088969","聯發科富邦52購03","38,000","1","16,340","0.43","0.43","0.43","0.43","-","0.04","0.40","30","0.41","10","0.00",
="08896P","貿聯凱基4B售04","0","0","0","--","--","--","--"," ","0.00","--","0","0.10","10","0.00",
="088970","鉅祥富邦51購01","0","0","0","--","--","--","--"," ","0.00","2.21","30","2.27","10","0.00",
="088971","大立光富邦53購04","83,000","7","77,690","0.95","0.95","0.93","0.93","-","0.06","0.93","10","0.94","10","0.00",
="088972","奇鋐富邦54購02","86,000","3","109,820","1.33","1.33","1.27","1.27","+","0.12","1.13","10","1.14","10","0.00",
="088973","創意富邦51購02","211,000","7","160,390","0.73","0.77","0.73","0.77","+","0.10","0.75","30","0.76","10","0.00",
="088974","聯鈞富邦53購01","433,000","41","572,680","1.21","1.47","1.18","1.39","+","0.18","1.42","30","1.43","10","0.00",
="088975","世芯富邦54購04","0","0","0","--","--","--","--"," ","0.00","0.54","10","0.55","10","0.00",
="088976","世芯富邦54購05","280,000","10","121,700","0.44","0.44","0.41","0.41","-","0.07","0.40","10","0.41","10","0.00",
="088977","貿聯富邦51購01","21,000","3","40,200","1.93","1.93","1.90","1.90","+","0.08","1.61","10","1.64","10","0.00",
="088978","達興富邦53購02","0","0","0","--","--","--","--"," ","0.00","3.21","10","3.31","10","0.00",
="088979","富世達富邦53購02","46,000","6","47,820","1.00","1.08","1.00","1.02","X","0.00","1.02","10","1.04","10","0.00",
="08897P","祥碩凱基4B售03","31,000","2","36,890","1.19","1.19","1.19","1.19","-","0.08","1.21","100","1.23","10","0.00",
="088980","川湖中信51購01","70,000","7","98,400","1.40","1.43","1.39","1.39","X","0.00","1.31","10","1.35","10","0.00",
="088981","川湖中信52購01","21,000","3","25,760","1.23","1.26","1.22","1.22","X","0.00","1.14","10","1.18","10","0.00",
="088982","台積電中信54購04","0","0","0","--","--","--","--"," ","0.00","0.67","499","0.69","100","0.00",
="088983","世芯中信51購04","538,000","11","273,980","0.53","0.53","0.45","0.45","-","0.05","0.44","20","0.45","10","0.00",
="088984","臺股指中信52購02","140,000","3","75,900","0.55","0.55","0.54","0.54","+","0.10","0.53","499","0.55","100","0.00",
="088985","臺股指中信55購01","0","0","0","--","--","--","--"," ","0.00","1.66","499","1.68","100","0.00",
="088986","台灣50永豐55購01","2,000","2","4,590","2.23","2.36","2.23","2.36","+","0.38","2.38","499","2.39","10","58.45",
="088987","華城永豐54購01","0","0","0","--","--","--","--"," ","0.00","1.18","499","1.28","10","586.00",
="088988","華新永豐52購02","0","0","0","--","--","--","--"," ","0.00","1.31","499","1.32","10","24.05",
="088989","仁寶永豐53購01","47,000","7","40,300","0.88","0.88","0.83","0.83","+","0.06","0.79","10","0.80","10","31.40",
="08898P","樺漢凱基4C售01","0","0","0","--","--","--","--"," ","0.00","0.45","10","0.46","30","0.00",
="088990","京元電永豐53購03","14,000","4","29,650","2.12","2.12","2.11","2.11","-","0.16","2.09","16","2.12","10","167.00",
="088991","聯發科永豐55購02","26,000","2","28,050","1.08","1.08","1.05","1.05","X","0.00","1.04","10","1.05","9","1,375.00",
="088992","奇鋐永豐54購02","106,000","3","242,890","2.34","2.34","2.19","2.19","-","0.02","2.08","10","2.18","10","1,015.00",
="088993","健鼎永豐52購01","0","0","0","--","--","--","--"," ","0.00","1.66","499","1.67","10","309.50",
="088994","智伸科永豐53購01","0","0","0","--","--","--","--"," ","0.00","1.25","499","1.26","10","139.50",
="088995","美利達永豐51購02","113,000","6","72,160","0.66","0.66","0.61","0.61","-","0.06","0.59","10","0.60","10","108.00",
="088996","FB越南元富51購09","0","0","0","--","--","--","--"," ","0.00","1.42","25","1.43","25","15.73",
="088997","台化元富51購01","106,000","3","369,940","3.49","3.49","3.49","3.49"," ","0.00","3.46","25","3.56","10","28.95",
="088998","川湖元富51購03","0","0","0","--","--","--","--"," ","0.00","3.27","25","3.37","10","3,220.00",
="088999","楠梓電元富51購06","0","0","0","--","--","--","--"," ","0.00","--","0","--","0","103.50",
="08899P","矽力凱基4B售01","0","0","0","--","--","--","--"," ","0.00","1.80","10","1.90","10","0.00",
="089000","昆盈元富54購01","26,000","4","33,560","1.32","1.33","1.26","1.27","-","0.08","1.25","25","1.26","25","42.60",
="089001","金像電元富51購02","3,000","1","10,410","3.47","3.47","3.47","3.47","+","0.21","3.33","25","3.39","25","455.00",
="089002","正崴元富51購03","0","0","0","--","--","--","--"," ","0.00","0.17","25","0.18","25","48.80",
="089003","漢唐元富51購04","0","0","0","--","--","--","--"," ","0.00","--","0","--","0","987.00",
="089004","零壹元富51購02","0","0","0","--","--","--","--"," ","0.00","1.02","25","1.04","25","125.00",
="089005","玉晶光元富52購01","0","0","0","--","--","--","--"," ","0.00","1.26","25","1.36","10","443.50",
="089006","聯鈞元富51購05","10,000","1","21,600","2.16","2.16","2.16","2.16","+","0.08","1.06","19","--","0","278.00",
="089007","世芯元富54購06","0","0","0","--","--","--","--"," ","0.00","0.88","25","0.89","25","3,700.00",
="089008","神達元富51購05","28,000","3","118,400","4.14","4.34","4.02","4.34","+","0.32","4.14","25","4.20","25","90.00",
="089009","精成科元富51購06","19,000","2","81,850","4.33","4.33","4.19","4.19","-","0.17","3.74","25","3.80","25","125.50",
="08900P","虎航凱基4B售01","0","0","0","--","--","--","--"," ","0.00","1.14","10","1.15","10","0.00",
="089010","帆宣元富54購02","232,000","4","698,880","3.09","3.09","3.00","3.00","-","0.08","2.93","25","3.02","10","255.00",
="089011","龍德船元富51購02","0","0","0","--","--","--","--"," ","0.00","4.66","25","4.76","10","151.50",
="089012","富鼎元富51購01","42,000","5","53,250","1.24","1.33","1.24","1.30"," ","0.00","1.32","25","1.33","25","95.50",
="089013","羅昇元富51購01","0","0","0","--","--","--","--"," ","0.00","0.94","25","0.95","25","99.50",
="089014","川湖國泰52購03","0","0","0","--","--","--","--"," ","0.00","2.85","499","2.89","100","3,220.00",
="089015","川湖國泰54購01","33,000","2","95,700","2.90","2.90","2.90","2.90","X","0.00","2.75","499","2.77","100","3,220.00",
="089016","鴻海國泰54購01","51,000","7","292,600","5.70","5.85","5.70","5.85","+","0.55","5.75","499","5.80","10","221.00",
="089017","廣宇國泰52購01","24,000","1","112,560","4.69","4.69","4.69","4.69","X","0.00","4.56","499","4.59","190","54.10",
="089018","微星國泰52購01","5,000","1","1,800","0.36","0.36","0.36","0.36","-","0.04","0.12","83","--","0","119.50",
="089019","大立光國泰54購01","0","0","0","--","--","--","--"," ","0.00","0.63","499","0.64","100","2,360.00",
="08901P","台積電永豐4B售16","0","0","0","--","--","--","--"," ","0.00","--","0","--","0","0.00",
="089020","AES國泰54購01","76,000","6","169,990","2.28","2.30","2.17","2.17","-","0.06","2.11","200","2.14","200","1,195.00",
="089021","台光電台新51購02","0","0","0","--","--","--","--"," ","0.00","4.32","20","4.33","10","0.00",
="089022","世芯台新51購02","4,000","1","8,080","2.02","2.02","2.02","2.02","-","0.40","2.04","20","2.05","10","0.00",
="089023","世芯台新51購03","1,000","1","4,580","4.58","4.58","4.58","4.58","X","0.00","4.64","10","4.69","10","0.00",
="089024","A50正2國票58購01","15,000","1","36,750","2.45","2.45","2.45","2.45","+","0.14","2.27","25","2.28","10","32.79",
="089025","FB臺反國票52購01","0","0","0","--","--","--","--"," ","0.00","0.30","125","0.32","10","10.05",
="089026","億泰國票51購01","1,000","1","1,290","1.29","1.29","1.29","1.29","+","0.01","1.29","25","1.30","10","34.80",
="089027","合機國票51購01","0","0","0","--","--","--","--"," ","0.00","0.87","25","0.89","10","46.95",
="089028","台達電國票51購02","0","0","0","--","--","--","--"," ","0.00","16.90","25","--","0","893.00",
="089029","世芯國票51購07","0","0","0","--","--","--","--"," ","0.00","1.18","25","1.19","10","3,700.00",
="08902P","台積電永豐4C售08","0","0","0","--","--","--","--"," ","0.00","--","0","--","0","0.00",
="089030","香港2X凱基54購01","0","0","0","--","--","--","--"," ","0.00","1.45","100","1.46","50","18.02",
="089031","元金2X凱基54購02","310,000","36","565,400","1.81","1.88","1.79","1.82","+","0.20","1.83","100","1.84","50","70.40",
="089032","台塑凱基51購05","0","0","0","--","--","--","--"," ","0.00","1.43","10","1.44","10","38.60",
="089033","台化凱基51購03","2,000","1","6,540","3.27","3.27","3.27","3.27","+","0.22","3.06","10","3.09","10","28.95",
="089034","華城凱基54購02","116,000","6","197,530","1.70","1.71","1.68","1.68","-","0.03","1.65","100","1.75","10","586.00",
="089035","川湖凱基51購08","9,000","1","42,660","4.74","4.74","4.74","4.74","-","0.91","4.40","100","4.50","10","3,220.00",
="089036","台達電凱基54購01","0","0","0","--","--","--","--"," ","0.00","13.60","22","14.60","10","893.00",
="089037","鴻海凱基54購10","0","0","0","--","--","--","--"," ","0.00","3.94","499","--","0","221.00",
="089038","廣宇凱基51購02","0","0","0","--","--","--","--"," ","0.00","5.45","100","5.55","10","54.10",
="089039","台積電凱基51購25","0","0","0","--","--","--","--"," ","0.00","2.29","100","2.39","10","1,340.00",
="08903P","台積電永豐4C售09","0","0","0","--","--","--","--"," ","0.00","0.01","499","--","0","0.00",
="089040","台積電凱基51購26","5,000","1","5,250","1.05","1.05","1.05","1.05","+","0.33","1.05","30","1.14","10","1,340.00",
="089041","台積電凱基53購23","0","0","0","--","--","--","--"," ","0.00","2.77","100","2.87","10","1,340.00",
="089042","智邦凱基51購05","0","0","0","--","--","--","--"," ","0.00","6.40","10","6.55","10","1,005.00",
="089043","鴻準凱基53購02","18,000","2","48,800","2.72","2.72","2.70","2.70","+","0.09","2.59","100","2.61","10","70.70",
="089044","金像電凱基51購07","0","0","0","--","--","--","--"," ","0.00","6.05","100","6.10","10","455.00",
="089045","志聖凱基51購01","230,000","12","432,720","1.79","2.12","1.69","1.79","X","0.00","1.74","10","1.84","10","197.00",
="089046","宏達電凱基51購04","0","0","0","--","--","--","--"," ","0.00","7.25","50","--","0","64.60",
="089047","大立光凱基51購07","0","0","0","--","--","--","--"," ","0.00","0.47","10","0.49","10","2,360.00",
="089048","欣興凱基51購07","209,000","10","280,580","1.49","1.49","1.33","1.34","+","0.09","1.25","100","1.30","10","159.00",
="089049","創意凱基51購05","112,000","6","117,940","1.04","1.08","1.04","1.08","X","0.00","1.03","100","1.07","10","1,315.00",
="08904P","台積電凱基4B售20","0","0","0","--","--","--","--"," ","0.00","--","0","0.10","10","0.00",
="089050","聯鈞凱基57購01","112,000","13","408,490","3.28","3.90","3.28","3.76","+","0.35","3.88","10","3.90","10","278.00",
="089051","健策凱基51購05","0","0","0","--","--","--","--"," ","0.00","7.40","100","7.90","10","2,355.00",
="089052","聯茂凱基53購01","0","0","0","--","--","--","--"," ","0.00","4.36","100","4.42","10","111.50",
="089053","台塑化凱基51購01","3,000","2","4,270","1.45","1.45","1.41","1.41","+","0.10","1.41","8","1.51","10","39.25",
="089054","洋基凱基51購04","167,000","8","228,940","1.33","1.42","1.33","1.39","+","0.17","1.34","10","1.35","10","449.00",
="089055","力智凱基51購01","35,000","1","27,650","0.79","0.79","0.79","0.79","-","0.04","0.77","10","0.78","10","214.00",
="089056","富世達凱基51購06","10,000","2","17,620","1.78","1.78","1.75","1.75","+","0.18","1.84","100","3.50","10","1,010.00",
="089057","羅昇凱基51購02","159,000","3","112,320","0.79","0.79","0.67","0.68","-","0.13","0.69","100","0.70","10","99.50",
="089058","臺股指凱基51購26","0","0","0","--","--","--","--"," ","0.00","5.35","100","5.40","10","0.00",
="089059","台灣50元大51購13","0","0","0","--","--","--","--"," ","0.00","3.92","499","3.99","10","58.45",
="08905P","台積電凱基4B售21","0","0","0","--","--","--","--"," ","0.00","--","0","0.10","10","0.00",
="089060","台灣50元大53購02","33,000","2","158,460","4.80","4.86","4.80","4.86","+","0.68","4.87","100","4.90","10","58.45",
="089061","台灣50元大53購03","0","0","0","--","--","--","--"," ","0.00","5.60","300","5.85","10","58.45",
="089062","台灣50元大55購01","83,000","4","329,590","3.85","4.13","3.85","4.03","X","0.00","4.08","100","4.11","10","58.45",
="089063","台化元大51購01","50,000","1","93,500","1.87","1.87","1.87","1.87","X","0.00","1.73","400","1.75","10","28.95",
="089064","台化元大51購02","0","0","0","--","--","--","--"," ","0.00","1.87","400","1.90","10","28.95",
="089065","中興電元大57購01","45,000","2","51,200","1.13","1.14","1.13","1.14","-","0.02","1.12","519","1.13","10","159.00",
="089066","億泰元大51購02","34,000","6","63,160","1.90","1.90","1.79","1.87","-","0.04","1.87","400","1.89","10","34.80",
="089067","川湖元大51購10","10,000","1","15,200","1.52","1.52","1.52","1.52","-","0.09","1.49","25","1.55","10","3,220.00",
="089068","光寶科元大51購05","136,000","10","566,500","4.04","4.32","4.04","4.18","-","0.47","4.18","150","4.55","20","183.00",
="089069","台達電元大51購12","5,000","1","49,500","9.90","9.90","9.90","9.90","X","0.00","9.85","25","10.70","10","893.00",
="08906P","台積電凱基4B售22","0","0","0","--","--","--","--"," ","0.00","--","0","0.10","10","0.00",
="089070","台達電元大51購13","2,000","1","19,200","9.60","9.60","9.60","9.60","-","0.40","9.35","25","9.85","10","893.00",
="089071","鴻海元大51購34","0","0","0","--","--","--","--"," ","0.00","2.62","300","2.67","10","221.00",
="089072","智邦元大51購08","10,000","1","54,500","5.45","5.45","5.45","5.45","+","0.10","--","0","--","0","1,005.00",
="089073","華碩元大51購06","0","0","0","--","--","--","--"," ","0.00","1.47","25","1.49","10","684.00",
="089074","華碩元大51購07","94,000","5","183,110","1.91","1.98","1.89","1.98","+","0.06","1.94","25","1.96","10","684.00",
="089075","致茂元大51購05","9,000","3","60,650","6.80","6.85","6.70","6.85","+","0.75","6.75","100","6.90","10","614.00",
="089076","技嘉元大51購07","459,000","2","285,990","0.61","0.63","0.61","0.63","+","0.02","0.61","499","0.62","10","283.00",
="089077","台光電元大51購13","106,000","10","270,700","2.39","2.97","2.39","2.75","X","0.00","2.60","350","2.67","10","1,345.00",
="089078","台光電元大51購14","188,000","12","401,700","2.05","2.51","1.95","2.48","+","0.58","2.26","405","2.32","10","1,345.00",
="089079","漢唐元大51購09","0","0","0","--","--","--","--"," ","0.00","5.25","25","5.30","10","987.00",
="08907P","台光電凱基4B售03","0","0","0","--","--","--","--"," ","0.00","--","0","0.10","10","0.00",
="089080","京元電元大51購04","10,000","2","34,390","3.49","3.49","3.32","3.32","-","0.23","3.13","200","3.17","10","167.00",
="089081","聯發科元大54購05","36,000","11","24,180","0.70","0.70","0.64","0.64","-","0.11","0.63","25","0.64","8","1,375.00",
="089082","中信金元大51購02","0","0","0","--","--","--","--"," ","0.00","1.61","450","1.65","10","43.25",
="089083","欣興元大51購15","0","0","0","--","--","--","--"," ","0.00","1.33","10","1.36","10","159.00",
="089084","欣興元大51購16","202,000","3","230,250","1.14","1.14","1.11","1.14","+","0.09","1.05","499","1.07","10","159.00",
="089085","欣興元大54購07","134,000","3","174,220","1.30","1.31","1.30","1.31","+","0.08","1.24","499","1.25","10","159.00",
="089086","玉晶光元大51購10","278,000","9","341,860","1.29","1.29","1.21","1.26"," ","0.00","1.22","25","1.24","10","443.50",
="089087","牧德元大51購06","433,000","15","711,830","1.74","1.74","1.61","1.63","-","0.14","1.61","25","1.62","10","544.00",
="089088","世芯元大54購12","158,000","14","400,710","2.65","2.65","2.39","2.40","-","0.27","0.54","92","--","0","3,700.00",
="089089","精成科元大54購04","220,000","12","380,880","1.83","1.83","1.60","1.60","-","0.24","1.60","400","1.62","10","125.50",
="08908P","美律凱基4C售01","0","0","0","--","--","--","--"," ","0.00","0.61","100","0.62","10","0.00",
="089090","保瑞元大51購05","49,000","1","72,520","1.48","1.48","1.48","1.48","X","0.00","1.44","25","1.47","10","693.00",
="089091","AES元大51購06","0","0","0","--","--","--","--"," ","0.00","1.10","499","1.20","10","1,195.00",
="089092","AES元大56購02","0","0","0","--","--","--","--"," ","0.00","0.95","499","1.05","10","1,195.00",
="089093","AES元大57購02","0","0","0","--","--","--","--"," ","0.00","1.34","499","1.35","10","1,195.00",
="089094","富世達元大54購03","20,000","5","82,750","4.06","4.16","4.06","4.09","+","0.12","4.23","200","4.33","10","1,010.00",
="089095","富世達元大56購01","72,000","9","351,860","4.81","5.05","4.74","5.05","+","0.18","4.92","150","5.05","10","1,010.00",
="089096","泰金寶元大51購01","0","0","0","--","--","--","--"," ","0.00","0.55","499","0.56","10","6.02",
="089097","遠東新群益51購01","942,000","16","700,230","0.74","0.79","0.73","0.73","-","0.02","0.72","10","0.82","10","27.80",
="089098","華新群益52購01","212,000","4","259,070","1.26","1.26","1.21","1.21","-","0.16","1.17","10","1.27","10","24.05",
="089099","美時群益51購02","22,000","3","9,200","0.40","0.43","0.40","0.43","X","0.00","0.42","100","0.44","120","192.00",
="08909P","神基凱基4C售01","0","0","0","--","--","--","--"," ","0.00","0.01","100","0.11","10","0.00",
="089100","上銀群益51購02","53,000","3","64,520","1.24","1.24","1.21","1.21","-","0.05","1.21","100","1.23","100","217.50",
="089101","川湖群益51購03","200,000","19","506,990","2.59","2.64","2.39","2.47","-","0.04","2.46","100","2.51","100","3,220.00",
="089102","楠梓電群益51購02","0","0","0","--","--","--","--"," ","0.00","4.31","6","6.45","10","103.50",
="089103","台積電群益51購22","0","0","0","--","--","--","--"," ","0.00","0.01","10","--","0","1,340.00",
="089104","台積電群益54購15","1,173,000","43","3,490,330","2.90","3.08","2.90","3.08","+","0.42","2.58","100","--","0","1,340.00",
="089105","台積電群益54購16","50,000","5","155,000","3.10","3.10","3.10","3.10","X","0.00","0.03","3","--","0","1,340.00",
="089106","台積電群益57購06","0","0","0","--","--","--","--"," ","0.00","0.23","8","--","0","1,340.00",
="089107","華邦電群益51購04","0","0","0","--","--","--","--"," ","0.00","--","0","--","0","36.45",
="089108","中興電統一54購01","0","0","0","--","--","--","--"," ","0.00","0.12","10","0.13","10","159.00",
="089109","佳能群益52購01","4,000","2","40,700","10.10","10.20","10.10","10.20","+","1.40","9.80","10","10.60","10","88.80",
="08910P","健鼎凱基4C售01","0","0","0","--","--","--","--"," ","0.00","--","0","0.10","10","0.00",
="089110","京元電群益51購03","9,000","4","42,250","4.73","4.83","4.59","4.59","-","0.40","2.94","3","4.69","10","167.00",
="089112","亞力統一54購02","0","0","0","--","--","--","--"," ","0.00","0.08","10","0.10","10","102.50",
="089113","宏達電群益54購01","0","0","0","--","--","--","--"," ","0.00","4.02","1","--","0","64.60",
="089114","健鼎群益52購01","179,000","6","399,880","2.22","2.30","2.20","2.28","+","0.03","2.28","10","2.38","10","309.50",
="089115","辛耘群益51購03","571,000","12","1,202,260","2.24","2.29","2.07","2.09","X","0.00","0.57","10","--","0","388.00",
="089116","世芯群益51購18","0","0","0","--","--","--","--"," ","0.00","0.34","30","--","0","3,700.00",
="089119","神達群益51購04","220,000","21","635,290","2.93","3.16","2.77","2.89","+","0.21","2.60","5","3.05","10","90.00",
="08911P","緯創凱基4C售05","0","0","0","--","--","--","--"," ","0.00","0.30","100","0.31","10","0.00",
="089120","智伸科群益52購01","67,000","4","99,060","1.53","1.53","1.31","1.31","-","0.31","0.62","16","--","0","139.50",
="089121","眾達群益54購01","219,000","21","750,370","3.43","3.53","3.35","3.39","-","0.16","2.01","49","5.15","5","127.00",
="089122","亞翔群益51購06","39,000","4","140,910","3.57","3.63","3.53","3.63","+","0.17","3.51","10","3.61","10","358.50",
="089123","緯穎群益51購06","3,000","1","10,020","3.34","3.34","3.34","3.34","X","0.00","--","0","--","0","3,140.00",
="089124","智邦第一51購01","0","0","0","--","--","--","--"," ","0.00","2.27","10","2.37","10","0.00",
="089125","智邦第一57購01","0","0","0","--","--","--","--"," ","0.00","2.61","10","2.71","10","0.00",
="089126","富世達台新51購01","37,000","3","97,160","2.60","2.64","2.60","2.62","X","0.00","2.68","20","2.69","10","0.00",
="089127","川湖兆豐51購01","0","0","0","--","--","--","--"," ","0.00","1.81","10","--","0","3,220.00",
="089128","廣宇兆豐53購01","47,000","2","85,080","1.80","1.82","1.80","1.82","+","0.07","1.76","10","1.77","10","54.10",
="089129","技嘉兆豐53購01","32,000","1","30,400","0.95","0.95","0.95","0.95","X","0.00","0.94","10","0.95","10","283.00",
="08912P","神達凱基53售01","0","0","0","--","--","--","--"," ","0.00","0.04","100","0.06","50","0.00",
="089130","京元電兆豐57購01","1,000","1","2,990","2.99","2.99","2.99","2.99","-","0.13","2.92","10","--","0","167.00",
="089131","神達兆豐53購02","3,000","1","5,100","1.70","1.70","1.70","1.70","+","0.06","1.70","10","1.75","10","90.00",
="089132","矽統富邦53購01","38,000","9","39,080","1.06","1.06","1.02","1.03","-","0.05","1.00","10","1.01","10","0.00",
="089133","新日興富邦53購02","1,654,000","49","1,238,150","0.78","0.79","0.71","0.71","-","0.07","0.69","10","0.70","10","0.00",
="089134","神達富邦51購03","281,000","19","418,420","1.48","1.55","1.41","1.48","+","0.09","1.45","10","1.48","10","0.00",
="089135","亞翔富邦52購02","53,000","3","40,670","0.76","0.77","0.76","0.77","-","0.01","0.75","10","0.76","10","0.00",
="089136","聯茂富邦53購01","423,000","24","681,400","1.60","1.67","1.53","1.53","-","0.08","1.51","10","1.53","10","0.00",
="089137","臺股指富邦61購01","720,000","26","1,334,400","1.83","1.94","1.81","1.94","+","0.18","1.91","499","1.92","100","0.00",
="089138","臺股指富邦67購01","363,000","23","1,056,320","2.88","2.93","2.88","2.90","+","0.14","2.91","499","2.92","100","0.00",
="089139","T50反1元富51購05","0","0","0","--","--","--","--"," ","0.00","0.64","25","0.65","25","18.29",
="08913P","緯穎凱基4B售09","0","0","0","--","--","--","--"," ","0.00","0.02","100","0.04","20","0.00",
="089140","A50正2元富51購02","0","0","0","--","--","--","--"," ","0.00","0.34","3","--","0","32.79",
="089141","台塑元富57購01","0","0","0","--","--","--","--"," ","0.00","1.50","25","1.51","25","38.60",
="089142","南亞元富51購01","0","0","0","--","--","--","--"," ","0.00","9.00","25","9.50","25","39.80",
="089143","南亞元富51購02","30,000","8","221,000","7.70","7.90","6.85","6.85","-","0.35","6.70","25","6.75","25","39.80",
="089144","億泰元富51購02","0","0","0","--","--","--","--"," ","0.00","1.04","25","1.05","25","34.80",
="089145","華通元富51購03","0","0","0","--","--","--","--"," ","0.00","4.13","25","4.19","25","77.00",
="089146","矽統元富51購01","0","0","0","--","--","--","--"," ","0.00","1.42","25","1.43","25","58.60",
="089147","燿華元富51購02","1,000","1","940","0.94","0.94","0.94","0.94","-","0.06","0.91","25","0.92","25","27.50",
="089148","燿華元富51購03","0","0","0","--","--","--","--"," ","0.00","0.80","25","0.81","25","27.50",
="089149","健鼎元富51購01","73,000","2","142,230","2.01","2.01","1.92","1.92","-","0.07","2.01","25","2.02","25","309.50",
="08914P","南電凱基4B售01","5,000","1","50","0.01","0.01","0.01","0.01","X","0.00","--","0","0.01","166","0.00",
="089150","健鼎元富53購01","30,000","1","67,500","2.25","2.25","2.25","2.25","-","0.04","2.29","25","2.30","25","309.50",
="089151","神達元富54購02","6,000","6","24,200","4.03","4.06","3.98","4.06","X","0.00","4.02","25","4.06","22","90.00",
="089152","神達元富57購01","86,000","9","393,660","4.61","4.61","4.50","4.51","+","0.18","4.61","25","4.63","25","90.00",
="089153","和椿元富54購01","138,000","4","200,380","1.47","1.47","1.39","1.39","-","0.15","1.41","25","1.43","25","122.50",
="089154","力成元富51購01","59,000","6","84,450","1.45","1.48","1.40","1.48","-","0.01","1.48","25","1.50","25","150.50",
="089155","穎崴元富52購01","0","0","0","--","--","--","--"," ","0.00","9.85","25","--","0","2,015.00",
="089156","緯穎元富51購09","0","0","0","--","--","--","--"," ","0.00","2.57","25","2.59","25","3,140.00",
="089157","富世達元富51購03","1,000","1","3,830","3.83","3.83","3.83","3.83","X","0.00","3.95","25","4.05","10","1,010.00",
="089158","宏全元富51購01","185,000","3","57,950","0.32","0.32","0.31","0.32","-","0.01","0.30","25","0.31","25","129.00",
="089159","台塑國票52購01","0","0","0","--","--","--","--"," ","0.00","2.20","25","2.22","10","38.60",
="08915P","臺股指凱基51售11","0","0","0","--","--","--","--"," ","0.00","0.04","100","0.05","10","0.00",
="089160","台塑國票53購01","0","0","0","--","--","--","--"," ","0.00","1.77","25","1.79","10","38.60",
="089161","台化國票52購01","0","0","0","--","--","--","--"," ","0.00","3.15","25","3.18","10","28.95",
="089162","台化國票53購01","0","0","0","--","--","--","--"," ","0.00","3.06","25","3.09","10","28.95",
="089163","億泰國票52購01","17,000","5","27,840","1.70","1.71","1.60","1.69"," ","0.00","1.69","25","1.70","10","34.80",
="089164","佳能國票52購03","26,000","8","231,650","8.40","9.15","8.25","8.90","X","0.00","8.70","25","8.85","10","88.80",
="089165","京元電國票51購01","0","0","0","--","--","--","--"," ","0.00","4.17","25","4.20","10","167.00",
="089166","京元電國票53購01","0","0","0","--","--","--","--"," ","0.00","3.64","25","3.74","10","167.00",
="089167","神達國票51購03","95,000","22","335,400","3.50","3.92","3.39","3.76","+","0.49","3.58","25","3.59","10","90.00",
="089168","jpp國票53購01","398,000","27","2,350,750","6.05","6.10","5.70","5.75","-","0.25","5.80","25","5.85","10","286.50",
="089169","亞翔國票53購03","0","0","0","--","--","--","--"," ","0.00","2.19","25","2.21","10","358.50",
="08916P","金像電群益4B售04","0","0","0","--","--","--","--"," ","0.00","--","0","--","0","0.00",
="089170","和椿國票51購04","12,000","3","11,130","0.94","0.94","0.89","0.89","-","0.11","0.88","25","0.89","10","122.50",
="089171","和椿國票54購01","15,000","2","19,530","1.35","1.35","1.29","1.29","-","0.13","1.28","25","1.29","10","122.50",
="089172","和椿國票55購01","147,000","6","235,640","1.65","1.66","1.58","1.58","-","0.13","1.58","25","1.59","10","122.50",
="089173","台塑化國票53購01","2,000","2","4,770","2.38","2.39","2.38","2.39","X","0.00","2.28","25","2.29","10","39.25",
="089174","AES國票51購03","0","0","0","--","--","--","--"," ","0.00","3.31","25","3.37","10","1,195.00",
="089175","所羅門國泰52購01","4,000","2","5,070","1.28","1.28","1.23","1.23","-","0.04","1.18","499","1.19","100","144.50",
="089176","技嘉國泰52購02","60,000","5","118,300","1.95","2.01","1.95","1.97","+","0.06","1.93","499","1.95","499","283.00",
="089177","元債2X元富4A購02","0","0","0","--","--","--","--"," ","0.00","0.04","25","0.10","10","7.35",
="089178","南亞科國泰52購05","0","0","0","--","--","--","--"," ","0.00","14.70","499","--","0","81.00",
="089179","建準國泰52購02","0","0","0","--","--","--","--"," ","0.00","1.72","499","1.75","100","129.00",
="08917P","臺股指群益54售10","0","0","0","--","--","--","--"," ","0.00","0.19","499","0.20","499","0.00",
="089180","京元電國泰52購01","0","0","0","--","--","--","--"," ","0.00","4.26","499","4.32","10","167.00",
="089181","京元電國泰53購01","0","0","0","--","--","--","--"," ","0.00","4.65","499","4.71","10","167.00",
="089182","健鼎國泰52購01","77,000","19","244,140","3.17","3.25","3.14","3.23","+","0.14","3.21","1","3.23","98","309.50",
="089183","台灣50凱基53購05","7,000","1","37,100","5.30","5.30","5.30","5.30","+","0.45","5.60","100","5.65","10","58.45",
="089184","台灣50凱基58購01","9,000","1","37,080","4.12","4.12","4.12","4.12","+","0.32","4.34","100","4.37","10","58.45",
="089185","T50反1凱基55購03","0","0","0","--","--","--","--"," ","0.00","0.39","100","0.40","10","18.29",
="089186","FB越南凱基51購02","0","0","0","--","--","--","--"," ","0.00","1.50","100","1.51","50","15.73",
="089187","台化凱基51購04","33,000","3","54,780","1.66","1.66","1.66","1.66","+","0.02","1.54","10","1.55","10","28.95",
="089188","華新凱基51購01","189,000","11","170,040","0.97","0.97","0.85","0.89","-","0.15","0.87","100","0.90","10","24.05",
="089189","鴻海凱基51購12","0","0","0","--","--","--","--"," ","0.00","4.07","25","4.17","10","221.00",
="08918P","臺股指群益54售11","0","0","0","--","--","--","--"," ","0.00","0.15","499","0.16","499","0.00",
="089190","仁寶凱基51購01","147,000","10","147,650","1.08","1.08","0.90","0.90","+","0.05","0.87","100","0.97","10","31.40",
="089191","台積電凱基51購27","0","0","0","--","--","--","--"," ","0.00","2.53","100","2.63","10","1,340.00",
="089192","台積電凱基53購25","14,000","1","33,600","2.40","2.40","2.40","2.40","+","0.25","2.44","100","2.54","10","1,340.00",
="089193","華碩凱基51購03","31,000","3","43,150","1.39","1.45","1.39","1.45","+","0.08","1.39","10","1.40","10","684.00",
="089194","矽統凱基51購06","0","0","0","--","--","--","--"," ","0.00","2.19","10","2.21","10","58.60",
="089195","矽統凱基54購01","0","0","0","--","--","--","--"," ","0.00","1.81","100","1.82","10","58.60",
="089196","京元電凱基51購04","0","0","0","--","--","--","--"," ","0.00","3.88","100","3.98","10","167.00",
="089197","京元電凱基51購05","0","0","0","--","--","--","--"," ","0.00","4.21","100","4.31","10","167.00",
="089198","聯發科凱基51購15","18,000","4","17,300","0.99","0.99","0.93","0.97","-","0.08","0.88","100","0.89","10","1,375.00",
="089199","奇鋐凱基51購12","0","0","0","--","--","--","--"," ","0.00","5.60","50","5.75","10","1,015.00",
="08919P","臺股指群益54售12","0","0","0","--","--","--","--"," ","0.00","0.23","499","0.24","499","0.00",
="089200","欣興凱基51購08","0","0","0","--","--","--","--"," ","0.00","2.60","100","2.65","10","159.00",
="089201","健鼎凱基51購05","84,000","7","169,500","2.01","2.09","1.95","2.09","-","0.04","2.20","10","2.22","10","309.50",
="089202","新日興凱基53購03","0","0","0","--","--","--","--"," ","0.00","1.65","10","1.75","10","237.00",
="089204","智易凱基51購01","0","0","0","--","--","--","--"," ","0.00","1.64","10","1.66","10","223.00",
="089205","世芯凱基53購06","9,000","1","16,200","1.80","1.80","1.80","1.80","-","0.08","1.60","100","1.62","10","3,700.00",
="089206","神達凱基51購12","110,000","11","442,600","3.84","4.21","3.70","4.21","+","0.60","3.92","100","3.94","10","90.00",
="089207","緯穎凱基54購06","9,000","8","31,350","3.45","3.53","3.45","3.53","-","0.08","3.53","100","3.57","10","3,140.00",
="089208","AES凱基51購01","32,000","3","53,120","1.66","1.66","1.66","1.66","X","0.00","1.63","100","1.66","10","1,195.00",
="089209","至上凱基51購01","29,000","6","33,800","1.20","1.20","1.10","1.10","-","0.19","1.05","100","1.10","8","45.05",
="08920P","滬深2X元大51售04","1,018,000","12","105,310","0.10","0.12","0.09","0.11","+","0.01","0.10","350","0.11","40","0.00",
="089210","泰金寶凱基51購01","90,000","5","60,300","0.68","0.68","0.66","0.66","-","0.05","0.66","100","0.67","10","6.02",
="089211","世紀鋼凱基51購04","0","0","0","--","--","--","--"," ","0.00","0.71","10","0.72","10","171.50",
="089212","T50反1群益51購03","260,000","7","126,950","0.51","0.51","0.48","0.48","-","0.08","0.47","150","0.48","100","18.29",
="089213","信錦群益51購01","0","0","0","--","--","--","--"," ","0.00","1.04","10","1.14","10","69.40",
="089214","第一銅群益54購01","36,000","2","80,640","2.24","2.24","2.24","2.24","-","0.07","2.21","25","2.31","10","33.95",
="089215","大成鋼群益51購03","0","0","0","--","--","--","--"," ","0.00","1.45","10","1.55","10","37.90",
="089216","廣宇群益51購01","0","0","0","--","--","--","--"," ","0.00","--","0","3.82","10","54.10",
="089217","台積電群益56購03","0","0","0","--","--","--","--"," ","0.00","0.64","10","--","0","1,340.00",
="089218","台積電群益56購04","0","0","0","--","--","--","--"," ","0.00","0.89","2","--","0","1,340.00",
="089219","台積電群益57購07","0","0","0","--","--","--","--"," ","0.00","--","0","--","0","1,340.00",
="08921P","A50正2元大4B售02","0","0","0","--","--","--","--"," ","0.00","0.06","499","0.07","100","0.00",
="089220","鴻準群益51購01","0","0","0","--","--","--","--"," ","0.00","4.39","10","4.49","10","70.70",
="089221","金像電群益55購01","346,000","30","529,370","1.51","1.58","1.50","1.50","+","0.05","1.49","10","1.55","5","455.00",
="089222","技嘉群益54購01","25,000","4","47,580","1.90","1.91","1.90","1.90","+","0.09","1.87","10","1.97","10","283.00",
="089223","創意群益51購06","97,000","6","117,070","1.13","1.24","1.13","1.24","+","0.15","0.41","24","--","0","1,315.00",
="089224","健策群益51購03","0","0","0","--","--","--","--"," ","0.00","--","0","11.10","10","2,355.00",
="089225","精成科群益52購02","0","0","0","--","--","--","--"," ","0.00","0.16","6","--","0","125.50",
="089226","上証2X中信54購01","3,000","1","9,060","3.02","3.02","3.02","3.02","X","0.00","3.06","499","3.07","100","0.00",
="089227","玉山金中信51購01","61,000","1","50,020","0.82","0.82","0.82","0.82","-","0.08","0.81","10","0.82","10","0.00",
="089228","台泥永豐51購02","0","0","0","--","--","--","--"," ","0.00","0.61","499","0.62","10","23.75",
="089229","中砂永豐52購06","73,000","3","63,780","0.87","0.88","0.87","0.88","+","0.09","0.83","10","0.84","10","339.00",
="08922P","台積電元大4B售24","0","0","0","--","--","--","--"," ","0.00","--","0","0.10","10","0.00",
="089230","大成鋼永豐51購02","20,000","1","15,400","0.77","0.77","0.77","0.77","X","0.00","0.70","10","0.71","10","37.90",
="089231","矽統永豐51購01","36,000","5","78,200","2.20","2.20","2.13","2.13","-","0.31","2.09","10","2.10","10","58.60",
="089232","燿華永豐51購01","0","0","0","--","--","--","--"," ","0.00","0.72","10","0.73","10","27.50",
="089233","瑞昱永豐52購01","0","0","0","--","--","--","--"," ","0.00","0.94","10","0.96","10","540.00",
="089234","玉晶光永豐52購02","8,000","4","11,780","1.53","1.53","1.41","1.44","-","0.10","1.39","499","1.49","10","443.50",
="089235","神達永豐51購03","24,000","4","98,520","4.12","4.12","4.09","4.12","+","0.47","3.94","10","3.98","10","90.00",
="089236","富世達永豐51購04","205,000","9","302,710","1.33","1.56","1.33","1.42","+","0.20","1.39","10","1.49","10","1,010.00",
="089237","T50反1元大51購06","1,058,000","14","266,400","0.26","0.26","0.24","0.24","-","0.05","0.24","100","0.25","10","18.29",
="089238","T50反1元大53購03","0","0","0","--","--","--","--"," ","0.00","0.19","100","0.24","10","18.29",
="089239","T50反1元大54購03","30,000","1","16,200","0.54","0.54","0.54","0.54","X","0.00","0.54","100","0.55","10","18.29",
="08923P","台光電元大4B售09","0","0","0","--","--","--","--"," ","0.00","--","0","0.10","10","0.00",
="089240","滬深2X元大53購07","0","0","0","--","--","--","--"," ","0.00","2.36","499","2.42","10","19.04",
="089241","台泥元大51購06","441,000","21","303,680","0.70","0.74","0.67","0.74","-","0.17","0.70","499","0.72","10","23.75",
="089242","台泥元大51購07","191,000","14","124,920","0.65","0.67","0.63","0.66","-","0.20","0.65","499","0.67","10","23.75",
="089243","南亞元大51購01","41,000","8","306,150","7.30","7.80","6.45","6.45","-","0.30","6.40","100","6.50","10","39.80",
="089244","南亞元大51購02","0","0","0","--","--","--","--"," ","0.00","4.29","150","--","0","39.80",
="089245","台化元大51購03","1,000","1","2,280","2.28","2.28","2.28","2.28","X","0.00","2.15","350","2.18","10","28.95",
="089246","聚陽元大51購02","198,000","6","282,790","1.38","1.45","1.33","1.45","+","0.01","1.40","25","1.44","10","294.00",
="089247","華城元大53購02","57,000","3","158,290","2.81","2.81","2.77","2.77","X","0.00","2.65","300","2.68","10","586.00",
="089248","川湖元大51購11","21,000","1","58,800","2.80","2.80","2.80","2.80","+","0.10","2.53","25","2.63","10","3,220.00",
="089249","川湖元大57購01","93,000","10","344,770","3.72","3.79","3.62","3.68","-","0.05","3.56","25","3.65","10","3,220.00",
="08924P","奇鋐元大4B售08","0","0","0","--","--","--","--"," ","0.00","--","0","0.10","10","0.00",
="089250","鴻海元大53購04","0","0","0","--","--","--","--"," ","0.00","2.42","350","2.45","10","221.00",
="089251","矽統元大51購06","101,000","7","59,300","0.59","0.60","0.57","0.57","-","0.09","0.56","499","0.57","10","58.60",
="089252","矽統元大51購07","0","0","0","--","--","--","--"," ","0.00","1.08","499","1.09","10","58.60",
="089253","技嘉元大51購08","113,000","10","119,100","1.06","1.06","1.05","1.05","+","0.01","1.04","15","1.05","10","283.00",
="089254","漢唐元大51購10","0","0","0","--","--","--","--"," ","0.00","5.20","150","5.25","10","987.00",
="089255","漢唐元大51購11","0","0","0","--","--","--","--"," ","0.00","5.30","150","5.35","10","987.00",
="089256","漢唐元大51購12","21,000","3","91,570","4.50","4.50","4.23","4.23","-","0.28","4.42","25","4.52","10","987.00",
="089257","南亞科元大53購04","0","0","0","--","--","--","--"," ","0.00","10.20","10","--","0","81.00",
="089258","全新元大51購03","0","0","0","--","--","--","--"," ","0.00","1.04","499","1.06","10","160.00",
="089259","全新元大51購04","7,000","2","8,280","1.20","1.20","1.14","1.14","-","0.21","1.12","499","1.14","10","160.00",
="08925P","緯穎元大4B售07","0","0","0","--","--","--","--"," ","0.00","0.11","499","0.12","200","0.00",
="089260","志聖元大51購01","38,000","3","112,400","2.98","2.98","2.95","2.95","+","0.07","0.60","16","--","0","197.00",
="089261","聯詠元大51購01","874,000","19","242,600","0.25","0.31","0.24","0.31","+","0.07","0.30","26","0.32","2","443.00",
="089262","智原元大51購15","788,000","22","361,380","0.36","0.52","0.36","0.44","+","0.05","0.42","499","0.43","10","174.00",
="089263","欣興元大53購01","275,000","9","411,220","1.48","1.56","1.46","1.48","+","0.06","1.43","499","1.44","10","159.00",
="089264","華晶科元大51購01","5,000","2","24,090","4.83","4.83","4.77","4.77","-","0.38","4.68","150","4.72","10","52.80",
="089265","華晶科元大51購02","88,000","6","520,750","5.95","5.95","5.90","5.95","-","0.30","5.85","100","5.90","10","52.80",
="089266","玉晶光元大51購11","221,000","12","473,730","2.26","2.26","2.11","2.17","-","0.12","2.13","25","2.17","10","443.50",
="089267","創意元大51購12","345,000","8","270,020","0.76","0.80","0.76","0.79","+","0.08","0.78","25","0.79","10","1,315.00",
="089268","創意元大51購13","642,000","13","552,340","0.81","0.87","0.81","0.86","+","0.05","0.84","25","0.86","9","1,315.00",
="089269","聯鈞元大51購09","538,000","24","1,496,700","2.38","2.93","2.38","2.80","+","0.43","2.90","25","2.94","10","278.00",
="08926P","智邦元富4B售01","0","0","0","--","--","--","--"," ","0.00","0.01","25","0.10","10","0.00",
="089270","華擎元大51購06","21,000","2","21,180","1.01","1.01","0.98","0.98","-","0.07","0.96","499","0.99","10","278.00",
="089271","世芯元大53購04","1,000","1","2,160","2.16","2.16","2.16","2.16","+","0.02","0.40","25","--","0","3,700.00",
="089272","日月光元大51購04","13,000","2","15,100","1.18","1.18","1.10","1.10","+","0.04","1.08","499","1.10","10","174.50",
="089273","臻鼎元大51購05","30,000","3","109,900","3.77","3.81","3.41","3.41","-","0.28","3.35","10","3.41","10","171.50",
="089274","瀚宇博元大51購01","0","0","0","--","--","--","--"," ","0.00","7.35","25","--","0","104.00",
="089275","瀚宇博元大51購02","0","0","0","--","--","--","--"," ","0.00","6.60","100","--","0","104.00",
="089276","亞翔元大51購11","609,000","10","368,480","0.62","0.64","0.58","0.64","+","0.04","0.60","499","0.62","10","358.50",
="089277","亞翔元大53購01","28,000","1","70,840","2.53","2.53","2.53","2.53","X","0.00","2.49","300","2.52","10","358.50",
="089278","和椿元大51購02","220,000","15","126,530","0.61","0.61","0.55","0.57","-","0.06","0.56","25","0.58","10","122.50",
="089279","和椿元大51購03","45,000","5","30,460","0.69","0.69","0.66","0.66","-","0.06","0.64","25","0.66","10","122.50",
="08927P","所羅門國票4B售01","0","0","0","--","--","--","--"," ","0.00","0.59","25","0.60","10","0.00",
="089280","愛普元大51購09","2,000","2","3,760","1.91","1.91","1.85","1.85","+","0.05","0.15","66","--","0","344.00",
="089281","AES元大51購07","87,000","13","130,850","1.47","1.53","1.43","1.43","-","0.02","1.39","499","1.41","10","1,195.00",
="089282","AES元大51購08","90,000","4","110,890","1.24","1.24","1.17","1.23","+","0.02","1.14","499","1.15","10","1,195.00",
="089283","富世達元大51購08","320,000","12","947,340","2.84","3.10","2.84","2.98","+","0.35","2.98","300","3.07","10","1,010.00",
="089284","世紀鋼元大55購03","163,000","4","303,180","1.86","1.86","1.86","1.86","+","0.04","1.74","25","1.76","10","171.50",
="089285","鴻海中信54購01","63,000","9","210,110","3.24","3.39","3.24","3.39","+","0.31","3.34","10","3.39","10","0.00",
="089286","精成科中信53購01","6,000","2","6,010","1.06","1.06","0.99","0.99","X","0.00","0.97","10","1.02","10","0.00",
="089287","晶心科中信51購01","355,000","20","421,760","1.15","1.22","1.13","1.13","+","0.10","1.12","10","1.14","10","0.00",
="089288","台玻統一57購01","188,000","5","217,150","1.17","1.17","1.08","1.08","-","0.07","1.07","12","1.08","10","25.95",
="089289","川湖統一61購01","254,000","9","323,860","1.27","1.30","1.25","1.27","-","0.01","1.26","10","1.27","5","3,220.00",
="08928P","長榮國票4C售04","0","0","0","--","--","--","--"," ","0.00","0.07","25","0.08","10","0.00",
="089290","金寶統一57購01","203,000","5","128,320","0.63","0.64","0.63","0.64","+","0.02","0.61","10","0.62","10","19.60",
="089291","廣宇統一59購01","6,000","1","4,560","0.76","0.76","0.76","0.76"," ","0.00","0.75","10","0.76","10","54.10",
="089292","健鼎統一57購01","22,000","2","18,040","0.82","0.82","0.82","0.82"," ","0.00","0.82","10","0.83","10","309.50",
="089293","瀚宇博統一57購02","0","0","0","--","--","--","--"," ","0.00","1.39","10","1.40","10","104.00",
="089294","瀚宇博統一59購01","1,120,000","47","1,237,110","1.16","1.18","1.00","1.00","-","0.06","0.99","10","1.00","10","104.00",
="089295","飛捷統一56購02","0","0","0","--","--","--","--"," ","0.00","0.33","10","0.34","10","106.50",
="089296","矽力統一57購02","30,000","1","13,200","0.44","0.44","0.44","0.44","X","0.00","0.43","10","0.44","10","273.00",
="089297","緯穎統一61購01","3,000","1","3,810","1.27","1.27","1.27","1.27"," ","0.00","1.26","14","1.27","10","3,140.00",
="089298","奇鋐第一51購01","0","0","0","--","--","--","--"," ","0.00","1.39","10","1.44","10","0.00",
="089299","奇鋐第一56購01","0","0","0","--","--","--","--"," ","0.00","1.64","10","1.74","10","0.00",
="08929P","光聖國票4B售02","0","0","0","--","--","--","--"," ","0.00","0.02","25","0.05","10","0.00",
="089300","神達台新51購01","46,000","5","181,890","3.99","3.99","3.93","3.96","+","0.10","4.15","20","4.16","10","0.00",
="089301","台灣50永豐51購08","0","0","0","--","--","--","--"," ","0.00","2.24","10","2.26","10","58.45",
="089302","滬深2X永豐51購08","50,000","1","55,000","1.10","1.10","1.10","1.10","X","0.00","1.05","10","1.06","10","19.04",
="089303","南亞永豐53購01","54,000","7","254,010","4.97","5.20","4.25","4.25","+","0.22","4.10","10","4.20","10","39.80",
="089304","中興電永豐53購01","25,000","1","15,000","0.60","0.60","0.60","0.60","X","0.00","0.59","499","0.60","10","159.00",
="089305","華城永豐51購05","30,000","2","30,000","0.98","1.01","0.98","1.01","-","0.04","0.96","499","0.97","10","586.00",
="089306","上銀永豐53購02","0","0","0","--","--","--","--"," ","0.00","1.15","10","1.17","10","217.50",
="089307","廣宇永豐53購02","3,000","1","6,090","2.03","2.03","2.03","2.03","-","0.07","2.03","10","2.05","10","54.10",
="089308","新日興永豐53購02","0","0","0","--","--","--","--"," ","0.00","0.09","9","--","0","237.00",
="089309","瀚宇博永豐51購01","61,000","9","415,800","7.00","7.00","6.20","6.20","+","0.40","5.20","10","5.55","10","104.00",
="08930P","光聖國票51售02","0","0","0","--","--","--","--"," ","0.00","0.10","200","0.14","77","0.00",
="089310","精成科永豐53購02","6,000","1","9,960","1.66","1.66","1.66","1.66","+","0.10","1.37","10","1.38","10","125.50",
="089311","洋基永豐51購02","20,000","2","33,900","1.66","1.73","1.66","1.73","+","0.08","1.68","499","1.78","10","449.00",
="089312","AES永豐53購01","0","0","0","--","--","--","--"," ","0.00","2.21","10","2.24","10","1,195.00",
="089313","富世達永豐53購03","0","0","0","--","--","--","--"," ","0.00","1.41","499","1.51","10","1,010.00",
="089314","羅昇永豐51購01","10,000","1","3,800","0.38","0.38","0.38","0.38","X","0.00","0.34","499","0.35","10","99.50",
="089315","百和永豐51購01","110,000","11","148,500","1.35","1.35","1.35","1.35","-","0.08","0.48","20","--","0","55.50",
="089316","T50反1凱基51購04","70,000","5","34,440","0.49","0.50","0.47","0.47","-","0.12","0.46","100","0.47","8","18.29",
="089317","T50反1凱基51購05","0","0","0","--","--","--","--"," ","0.00","0.12","100","0.13","10","18.29",
="089318","A50正2凱基55購02","5,000","1","4,650","0.93","0.93","0.93","0.93","X","0.00","0.94","100","1.04","10","32.79",
="089319","台塑凱基51購06","0","0","0","--","--","--","--"," ","0.00","1.60","10","1.62","10","38.60",
="08931P","台積電國泰4C售01","0","0","0","--","--","--","--"," ","0.00","0.05","10","0.15","10","0.00",
="089320","南亞凱基51購02","15,000","4","53,330","3.25","3.71","3.13","3.13","+","0.14","2.61","10","2.71","10","39.80",
="089321","華城凱基53購02","0","0","0","--","--","--","--"," ","0.00","0.89","100","0.99","10","586.00",
="089322","台玻凱基53購01","0","0","0","--","--","--","--"," ","0.00","6.00","10","6.05","10","25.95",
="089323","大成鋼凱基51購01","30,000","7","76,600","2.70","2.70","2.46","2.46","+","0.14","2.42","100","2.44","10","37.90",
="089324","廣宇凱基51購03","9,000","1","30,780","3.42","3.42","3.42","3.42","+","0.06","3.29","100","3.31","10","54.10",
="089325","台積電凱基53購27","0","0","0","--","--","--","--"," ","0.00","2.93","100","3.03","10","1,340.00",
="089326","台積電凱基53購28","82,000","13","240,100","2.85","3.02","2.85","3.00","+","0.37","2.97","8","3.05","10","1,340.00",
="089327","矽統凱基51購07","60,000","2","104,700","1.82","1.82","1.67","1.67","-","0.26","1.64","100","1.65","10","58.60",
="089328","金像電凱基55購02","16,000","2","46,140","2.98","2.98","2.87","2.87","+","0.11","2.85","100","2.95","10","455.00",
="089329","佳能凱基53購01","4,000","2","40,700","10.40","10.40","9.95","9.95","X","0.00","10.40","100","10.50","10","88.80",
="08932P","台灣50富邦4C售05","0","0","0","--","--","--","--"," ","0.00","0.02","100","0.04","98","0.00",
="089330","瑞昱凱基51購02","26,000","3","31,250","1.22","1.22","1.19","1.20","X","0.00","1.17","100","1.20","10","540.00",
="089331","新日興凱基51購04","0","0","0","--","--","--","--"," ","0.00","1.93","10","2.03","10","237.00",
="089332","創意凱基51購06","374,000","5","537,830","1.44","1.45","1.41","1.41","X","0.00","1.40","100","1.43","10","1,315.00",
="089333","華擎凱基51購03","0","0","0","--","--","--","--"," ","0.00","2.44","100","2.47","10","278.00",
="089334","牧德凱基51購03","0","0","0","--","--","--","--"," ","0.00","3.11","100","3.13","10","544.00",
="089335","神達凱基51購13","2,000","2","15,550","7.85","7.85","7.70","7.70","+","0.20","7.85","50","7.90","10","90.00",
="089336","祥碩凱基51購04","40,000","2","8,100","0.21","0.21","0.20","0.20","-","0.03","0.20","160","0.21","10","1,525.00",
="089337","瀚宇博凱基51購02","6,000","2","64,600","10.90","10.90","10.70","10.70","+","1.55","8.90","100","9.00","10","104.00",
="089338","亞翔凱基53購01","13,000","3","32,510","2.51","2.57","2.43","2.57","+","0.04","2.52","10","2.53","10","358.50",
="089339","台塑化凱基53購01","1,000","1","2,560","2.56","2.56","2.56","2.56","+","0.07","2.51","10","2.61","10","39.25",
="08933P","台灣50富邦52售01","0","0","0","--","--","--","--"," ","0.00","0.05","100","0.06","98","0.00",
="089340","愛普凱基51購07","162,000","10","286,820","1.85","1.89","1.70","1.84","-","0.11","1.88","100","1.91","10","344.00",
="089341","晶心科凱基51購01","67,000","12","214,120","3.22","3.24","3.10","3.10","+","0.26","3.02","100","3.06","10","325.50",
="089342","連加凱基51購06","0","0","0","--","--","--","--"," ","0.00","0.51","10","0.52","10","606.00",
="089343","昇陽半凱基51購03","43,000","6","177,230","4.16","4.39","3.85","3.85","-","0.23","3.85","110","3.89","10","179.50",
="089344","美利達凱基53購01","30,000","2","19,500","0.65","0.65","0.65","0.65","-","0.07","0.61","100","0.62","10","108.00",
="089345","臺股指凱基63購01","546,000","24","864,200","1.55","1.64","1.55","1.63","+","0.14","1.61","100","1.62","10","0.00",
="089346","台玻富邦51購01","0","0","0","--","--","--","--"," ","0.00","3.09","30","3.15","10","0.00",
="089347","第一銅富邦53購01","20,000","1","11,200","0.56","0.56","0.56","0.56"," ","0.00","0.54","30","0.55","10","0.00",
="089348","中鴻富邦53購01","0","0","0","--","--","--","--"," ","0.00","0.73","30","0.74","10","0.00",
="089349","宏達電富邦51購02","0","0","0","--","--","--","--"," ","0.00","3.73","30","3.83","10","0.00",
="08934P","台光電富邦4C售02","0","0","0","--","--","--","--"," ","0.00","0.01","5","0.02","10","0.00",
="089350","玉山金富邦51購01","0","0","0","--","--","--","--"," ","0.00","0.44","30","0.45","10","0.00",
="089351","亞光富邦53購01","207,000","12","323,270","1.63","1.63","1.53","1.55","-","0.11","1.53","10","1.55","10","0.00",
="089352","華擎富邦53購01","0","0","0","--","--","--","--"," ","0.00","0.66","30","0.67","10","0.00",
="089353","jpp富邦53購01","256,000","21","436,350","1.76","1.76","1.65","1.65","-","0.07","1.65","10","1.66","10","0.00",
="089354","愛普富邦51購01","122,000","6","118,670","0.99","0.99","0.92","0.98","-","0.02","0.98","30","0.99","10","0.00",
="089355","臺股指富邦53購09","5,000","2","13,690","2.73","2.75","2.73","2.75","+","0.24","2.89","499","2.90","100","0.00",
="089356","臺股指富邦53購10","7,000","2","16,860","2.40","2.42","2.40","2.42","+","0.19","2.52","499","2.53","100","0.00",
="089357","台化群益51購02","10,000","1","14,200","1.42","1.42","1.42","1.42","X","0.00","1.35","25","1.36","10","28.95",
="089358","華新群益53購01","96,000","10","105,290","1.16","1.16","1.02","1.08","-","0.07","1.06","10","1.15","3","24.05",
="089359","台玻群益51購02","0","0","0","--","--","--","--"," ","0.00","4.79","10","--","0","25.95",
="08935P","道瓊2X中信53售02","0","0","0","--","--","--","--"," ","0.00","0.74","100","0.75","100","0.00",
="089360","國巨群益51購01","0","0","0","--","--","--","--"," ","0.00","2.30","4","5.45","10","176.00",
="089361","台積電群益51購23","0","0","0","--","--","--","--"," ","0.00","0.67","2","--","0","1,340.00",
="089362","華碩群益51購02","6,000","1","14,580","2.43","2.43","2.43","2.43","X","0.00","0.50","30","--","0","684.00",
="089363","昆盈群益51購01","23,000","4","31,460","1.41","1.41","1.34","1.34","-","0.08","1.33","10","1.43","10","42.60",
="089364","燿華群益51購01","2,000","1","2,060","1.03","1.03","1.03","1.03","-","0.08","1.02","10","1.12","10","27.50",
="089365","台光電群益53購03","0","0","0","--","--","--","--"," ","0.00","3.59","100","3.69","10","1,345.00",
="089366","京元電群益51購04","0","0","0","--","--","--","--"," ","0.00","--","0","4.23","10","167.00",
="089367","京元電群益53購01","3,000","1","9,120","3.04","3.04","3.04","3.04","X","0.00","1.38","30","3.00","10","167.00",
="089368","欣興群益55購01","17,000","4","41,160","2.50","2.50","2.35","2.35","+","0.03","2.31","25","2.34","10","159.00",
="089369","健鼎群益53購01","28,000","2","40,140","1.43","1.44","1.43","1.44","+","0.02","1.43","10","1.53","10","309.50",
="08936P","T50正2群益4B售04","0","0","0","--","--","--","--"," ","0.00","--","0","0.11","10","0.00",
="089370","新日興群益51購06","201,000","4","268,160","1.36","1.36","1.25","1.25","-","0.12","0.41","24","--","0","237.00",
="089371","神達群益53購01","202,000","2","1,294,150","6.40","6.85","6.40","6.85","X","0.00","6.60","10","7.10","10","90.00",
="089372","聯茂群益51購03","0","0","0","--","--","--","--"," ","0.00","--","0","3.14","10","111.50",
="089373","緯穎群益51購07","0","0","0","--","--","--","--"," ","0.00","--","0","3.66","10","3,140.00",
="089374","洋基群益53購01","64,000","2","71,970","1.11","1.14","1.11","1.14","+","0.07","1.11","10","1.21","10","449.00",
="089375","鈺齊群益53購01","0","0","0","--","--","--","--"," ","0.00","0.49","25","0.50","10","101.50",
="089376","潤泰新群益51購03","0","0","0","--","--","--","--"," ","0.00","0.38","10","0.41","10","29.80",
="089377","國喬元富51購02","0","0","0","--","--","--","--"," ","0.00","0.48","25","0.49","25","9.51",
="089378","國喬元富54購01","0","0","0","--","--","--","--"," ","0.00","0.38","25","0.39","25","9.51",
="089379","中興電元富51購01","0","0","0","--","--","--","--"," ","0.00","1.66","25","1.69","25","159.00",
="08937P","中砂群益4B售02","50,000","1","5,000","0.10","0.10","0.10","0.10","X","0.00","0.10","10","0.11","50","0.00",
="089380","華新元富51購01","69,000","5","149,550","2.25","2.25","1.92","2.05","-","0.17","2.01","25","2.03","25","24.05",
="089381","昆盈元富51購01","0","0","0","--","--","--","--"," ","0.00","1.20","25","1.21","25","42.60",
="089382","仲琦元富53購01","54,000","5","67,150","1.29","1.29","1.22","1.23","X","0.00","1.24","25","1.25","25","24.35",
="089383","華擎元富51購02","144,000","2","311,360","2.19","2.19","2.15","2.15","X","0.00","2.01","25","2.05","25","278.00",
="089384","敦泰元富51購01","89,000","4","119,980","1.39","1.39","1.34","1.34","-","0.14","1.32","25","1.33","25","67.40",
="089385","神達元富51購07","112,000","14","244,050","2.15","2.31","2.09","2.26","+","0.28","2.15","25","2.16","25","90.00",
="089386","瀚宇博元富51購02","52,000","4","350,600","6.85","6.85","6.05","6.05","+","0.05","5.45","25","--","0","104.00",
="089387","洋基元富51購02","178,000","6","179,860","0.99","1.02","0.99","1.02","+","0.10","0.98","25","0.99","25","449.00",
="089388","雷虎元富51購01","0","0","0","--","--","--","--"," ","0.00","--","0","--","0","148.50",
="089389","臺股指元富51購20","0","0","0","--","--","--","--"," ","0.00","9.40","25","9.45","25","0.00",
="08938P","台積電群益4C售10","0","0","0","--","--","--","--"," ","0.00","0.01","199","--","0","0.00",
="089390","臺股指元富51購21","0","0","0","--","--","--","--"," ","0.00","8.75","25","8.80","25","0.00",
="089391","聚陽國泰53購01","0","0","0","--","--","--","--"," ","0.00","2.19","10","2.22","10","294.00",
="089392","台玻國泰53購01","0","0","0","--","--","--","--"," ","0.00","5.20","499","5.50","10","25.95",
="089393","燿華國泰53購01","0","0","0","--","--","--","--"," ","0.00","1.88","499","1.89","100","27.50",
="089394","佳能國泰53購01","0","0","0","--","--","--","--"," ","0.00","8.60","499","--","0","88.80",
="089395","長榮國泰56購01","0","0","0","--","--","--","--"," ","0.00","0.68","499","0.69","499","182.00",
="089396","華擎國泰53購01","0","0","0","--","--","--","--"," ","0.00","1.77","499","1.78","100","278.00",
="089397","牧德國泰53購01","24,000","1","33,120","1.38","1.38","1.38","1.38","-","0.07","1.31","10","1.34","10","544.00",
="089398","神達國泰53購01","0","0","0","--","--","--","--"," ","0.00","4.56","270","4.61","100","90.00",
="089399","神達國泰53購02","74,000","7","217,050","2.86","3.09","2.77","3.09","+","0.38","2.92","499","2.94","460","90.00",
="08939P","智原群益4C售04","0","0","0","--","--","--","--"," ","0.00","0.89","10","0.99","10","0.00",
="089400","神達國泰53購03","137,000","3","503,680","3.76","3.76","3.65","3.67","+","0.28","3.79","320","3.82","100","90.00",
="089401","愛普國泰53購01","0","0","0","--","--","--","--"," ","0.00","2.47","10","2.48","10","344.00",
="089402","富世達國泰53購01","9,000","2","25,110","2.75","2.84","2.75","2.84","+","0.05","2.89","499","2.95","100","1,010.00",
="089403","元債2X國票57購01","0","0","0","--","--","--","--"," ","0.00","0.51","25","0.52","10","7.35",
="089404","元債2X國票5A購01","0","0","0","--","--","--","--"," ","0.00","0.51","25","0.52","10","7.35",
="089405","台塑國票53購02","0","0","0","--","--","--","--"," ","0.00","1.65","25","1.67","10","38.60",
="089406","台塑國票54購01","0","0","0","--","--","--","--"," ","0.00","2.35","25","2.37","10","38.60",
="089407","台化國票51購02","15,000","2","30,200","2.06","2.06","1.99","1.99","X","0.00","1.98","25","2.01","10","28.95",
="089408","台化國票54購01","0","0","0","--","--","--","--"," ","0.00","2.12","25","2.14","10","28.95",
="089409","台達電國票53購01","0","0","0","--","--","--","--"," ","0.00","12.30","25","--","0","893.00",
="08940P","臺股指群益57售02","28,000","3","15,580","0.56","0.56","0.55","0.55","X","0.00","0.54","499","0.55","499","0.00",
="089410","國巨國票51購02","207,000","3","1,511,800","7.40","7.40","7.30","7.30","-","0.15","7.15","25","7.25","10","176.00",
="089411","國巨國票53購01","8,000","2","48,000","6.00","6.00","6.00","6.00","+","0.05","5.80","25","6.30","10","176.00",
="089412","昆盈國票51購01","10,000","1","11,100","1.11","1.11","1.11","1.11"," ","0.00","1.09","25","1.10","10","42.60",
="089413","昆盈國票53購01","8,000","2","10,860","1.41","1.41","1.35","1.35"," ","0.00","1.33","25","1.34","10","42.60",
="089414","昆盈國票53購02","0","0","0","--","--","--","--"," ","0.00","1.26","25","1.27","10","42.60",
="089415","聯發科國票51購04","0","0","0","--","--","--","--"," ","0.00","0.31","25","0.32","10","1,375.00",
="089416","聯發科國票53購01","2,000","2","1,260","0.62","0.64","0.62","0.64","-","0.05","0.60","25","0.61","10","1,375.00",
="089417","世芯國票51購08","205,000","4","330,300","1.66","1.66","1.56","1.56","-","0.14","1.51","25","1.52","10","3,700.00",
="089418","世芯國票53購03","0","0","0","--","--","--","--"," ","0.00","1.57","25","1.58","10","3,700.00",
="089419","祥碩國票51購02","0","0","0","--","--","--","--"," ","0.00","0.22","25","0.23","10","1,525.00",
="08941P","智邦台新4B售01","0","0","0","--","--","--","--"," ","0.00","0.02","10","0.05","10","0.00",
="089420","祥碩國票53購01","0","0","0","--","--","--","--"," ","0.00","0.37","25","0.38","10","1,525.00",
="089421","世紀鋼國票55購01","33,000","1","38,280","1.16","1.16","1.16","1.16","-","0.01","1.10","25","1.11","10","171.50",
="089422","南亞元大51購03","103,000","12","526,940","4.89","5.30","4.65","4.65","-","0.13","4.44","150","4.48","10","39.80",
="089423","華城元大51購16","334,000","5","424,180","1.27","1.27","1.27","1.27","X","0.00","1.21","499","1.23","10","586.00",
="089424","華城元大53購03","64,000","2","131,760","2.09","2.09","2.05","2.05","X","0.00","1.96","400","1.98","10","586.00",
="089425","中砂元大51購11","197,000","4","167,900","0.85","0.93","0.85","0.93","+","0.15","0.84","499","0.87","10","339.00",
="089428","大成鋼元大51購09","2,000","1","3,600","1.80","1.80","1.80","1.80","-","0.06","1.77","400","1.79","10","37.90",
="089429","川湖元大57購02","44,000","4","136,050","3.07","3.14","3.01","3.14","+","0.07","2.93","25","3.01","10","3,220.00",
="08942P","台灣50元大4B售15","0","0","0","--","--","--","--"," ","0.00","--","0","0.05","10","0.00",
="089430","光寶科元大51購06","2,000","1","5,720","2.86","2.86","2.86","2.86","X","0.00","2.91","250","--","0","183.00",
="089431","聯電元大51購01","269,000","20","361,790","1.31","1.42","1.28","1.40","+","0.16","1.36","10","1.38","10","43.90",
="089432","台達電元大51購14","8,000","3","56,800","7.30","7.30","7.00","7.00","X","0.00","6.80","25","7.20","5","893.00",
="089433","華邦電元大51購09","0","0","0","--","--","--","--"," ","0.00","8.40","100","--","0","36.45",
="089434","智邦元大51購09","0","0","0","--","--","--","--"," ","0.00","--","0","--","0","1,005.00",
="089435","智邦元大53購02","54,000","7","243,880","4.36","4.54","4.36","4.54","+","0.39","1.31","15","--","0","1,005.00",
="089436","致茂元大51購06","5,000","3","40,150","7.90","8.25","7.90","8.25","+","1.20","7.70","100","7.95","10","614.00",
="089438","台光電元大53購05","117,000","4","180,170","1.53","1.89","1.51","1.89","+","0.33","1.67","499","1.71","10","1,345.00",
="089439","南亞科元大51購17","1,000","1","12,500","12.50","12.50","12.50","12.50","X","0.00","12.60","10","--","0","81.00",
="08943P","台灣50元大4B售16","0","0","0","--","--","--","--"," ","0.00","--","0","0.05","10","0.00",
="089440","欣興元大51購17","294,000","8","350,720","1.20","1.28","1.16","1.22","+","0.09","1.14","499","1.15","10","159.00",
="089441","欣興元大51購18","186,000","3","236,140","1.27","1.27","1.23","1.23","+","0.04","1.20","499","1.21","10","159.00",
="089442","欣興元大53購02","174,000","1","212,280","1.22","1.22","1.22","1.22","+","0.09","1.15","499","1.17","10","159.00",
="089443","健鼎元大51購05","0","0","0","--","--","--","--"," ","0.00","1.40","499","1.42","10","309.50",
="089444","昇貿元大51購01","89,000","7","1,255,100","14.40","14.40","13.50","14.40","+","0.10","9.50","1","--","0","114.00",
="089445","群創元大53購02","644,000","19","940,370","1.36","1.51","1.36","1.48","+","0.08","1.47","499","1.49","10","14.15",
="089446","華擎元大51購07","0","0","0","--","--","--","--"," ","0.00","1.01","499","1.04","10","278.00",
="089447","華擎元大51購08","4,000","1","5,760","1.44","1.44","1.44","1.44","-","0.08","1.42","499","1.45","10","278.00",
="089448","世芯元大51購48","0","0","0","--","--","--","--"," ","0.00","0.18","111","--","0","3,700.00",
="08944P","台灣50元大4B售20","0","0","0","--","--","--","--"," ","0.00","0.06","499","0.07","10","0.00",
="089450","世芯元大53購05","38,000","1","22,800","0.60","0.60","0.60","0.60","-","0.06","0.01","499","--","0","3,700.00",
="089451","貿聯元大51購13","1,553,000","21","2,346,580","1.66","1.66","1.47","1.48","-","0.14","1.42","450","--","0","1,085.00",
="089452","祥碩元大51購02","0","0","0","--","--","--","--"," ","0.00","0.09","499","0.10","10","1,525.00",
="089455","瀚宇博元大51購03","0","0","0","--","--","--","--"," ","0.00","7.00","25","--","0","104.00",
="089456","亞翔元大53購02","208,000","12","804,440","3.82","3.93","3.81","3.90","-","0.04","3.84","200","3.88","10","358.50",
="08945P","台灣50元大4B售21","0","0","0","--","--","--","--"," ","0.00","--","0","0.05","10","0.00",
="089461","愛普元大51購10","7,000","3","14,300","2.13","2.13","2.02","2.07","-","0.07","0.59","16","--","0","344.00",
="089462","洋基元大51購07","6,000","1","14,460","2.41","2.41","2.41","2.41","X","0.00","2.34","350","2.37","10","449.00",
="089463","洋基元大51購08","1,000","1","2,610","2.61","2.61","2.61","2.61","+","0.13","2.65","300","2.68","10","449.00",
="089464","富世達元大51購09","70,000","5","264,060","3.77","3.80","3.70","3.73","+","0.10","3.87","200","3.97","10","1,010.00",
="089465","連加元大51購10","108,000","3","92,990","0.87","0.88","0.85","0.85","X","0.00","0.85","499","0.86","10","606.00",
="089466","川湖第一55購01","0","0","0","--","--","--","--"," ","0.00","1.82","10","1.85","10","0.00",
="089467","神達第一51購01","39,000","7","107,380","2.69","2.82","2.68","2.81","+","0.31","2.68","10","2.71","10","0.00",
="089468","精成科兆豐54購01","297,000","17","433,500","1.51","1.51","1.32","1.32","-","0.24","1.32","10","1.34","10","125.50",
="089469","洋基兆豐53購01","131,000","10","120,650","0.88","0.93","0.88","0.91","+","0.05","0.90","10","0.94","6","449.00",
="08946P","台積電元大4B售25","0","0","0","--","--","--","--"," ","0.00","0.03","499","0.12","10","0.00",
="089470","士電統一59購01","0","0","0","--","--","--","--"," ","0.00","0.62","10","0.63","10","183.00",
="089471","金像電統一57購03","175,000","6","203,800","1.17","1.17","1.15","1.17","+","0.05","1.13","10","1.14","10","455.00",
="089472","精成科統一61購01","0","0","0","--","--","--","--"," ","0.00","0.61","10","0.62","10","125.50",
="089473","緯穎統一61購02","0","0","0","--","--","--","--"," ","0.00","1.18","10","1.19","10","3,140.00",
="089474","富世達統一57購01","25,000","3","17,550","0.71","0.71","0.69","0.69","+","0.02","0.67","10","0.68","10","1,010.00",
="089475","晟銘電中信51購02","98,000","3","46,040","0.48","0.48","0.43","0.43","-","0.05","0.41","10","0.42","10","0.00",
="089476","台灣50元富51購12","48,000","3","234,580","4.80","4.94","4.76","4.94","+","0.64","5.10","25","5.15","25","58.45",
="089477","T50正2元富53購01","11,000","4","55,700","5.00","5.10","5.00","5.10","+","0.59","5.15","25","5.20","25","302.45",
="089478","台玻元富51購01","0","0","0","--","--","--","--"," ","0.00","3.07","25","3.10","25","25.95",
="089479","廣宇元富51購02","0","0","0","--","--","--","--"," ","0.00","3.81","25","3.85","25","54.10",
="08947P","台光電元大4B售10","0","0","0","--","--","--","--"," ","0.00","--","0","0.10","10","0.00",
="089480","順德元富54購01","11,000","2","30,700","2.79","2.80","2.79","2.80","+","0.03","2.84","25","2.85","25","81.90",
="089481","佳能元富53購01","0","0","0","--","--","--","--"," ","0.00","8.85","25","9.05","25","88.80",
="089482","長榮元富56購04","12,000","2","15,340","1.28","1.28","1.27","1.27","-","0.04","1.25","25","1.26","25","182.00",
="089483","長榮航元富51購01","51,000","6","125,250","2.39","2.51","2.39","2.48","-","0.03","2.47","25","2.48","24","38.85",
="089484","建漢元富53購01","436,000","8","230,060","0.54","0.55","0.51","0.52","+","0.01","0.50","25","0.51","25","24.10",
="089485","昇貿元富53購01","0","0","0","--","--","--","--"," ","0.00","8.40","25","8.90","25","114.00",
="089486","昇貿元富53購02","0","0","0","--","--","--","--"," ","0.00","4.84","25","8.00","1","114.00",
="089487","玉晶光元富53購01","23,000","2","47,180","2.06","2.06","2.04","2.04","-","0.14","1.99","25","2.09","10","443.50",
="089488","嘉澤元富53購01","36,000","2","100,520","2.85","2.85","2.77","2.77","-","0.32","2.77","25","2.81","25","1,605.00",
="089489","嘉澤元富53購02","0","0","0","--","--","--","--"," ","0.00","1.67","25","1.70","25","1,605.00",
="08948P","奇鋐元大4B售09","0","0","0","--","--","--","--"," ","0.00","0.01","499","0.11","10","0.00",
="089490","牧德元富51購01","0","0","0","--","--","--","--"," ","0.00","2.43","25","2.45","25","544.00",
="089491","辛耘元富51購02","509,000","8","1,181,420","2.50","2.52","2.30","2.33","+","0.35","2.29","25","2.31","10","388.00",
="089492","世芯元富51購17","0","0","0","--","--","--","--"," ","0.00","1.19","25","1.20","25","3,700.00",
="089493","世芯元富57購05","0","0","0","--","--","--","--"," ","0.00","1.13","25","1.14","25","3,700.00",
="089494","亞翔元富51購01","59,000","6","164,050","2.76","2.82","2.72","2.72","X","0.00","2.70","25","2.72","25","358.50",
="089495","精成科元富51購07","60,000","3","126,930","2.15","2.15","2.09","2.09","-","0.46","2.12","25","2.15","25","125.50",
="089496","緯穎元富51購11","29,000","4","156,800","5.35","5.45","5.35","5.40","-","0.05","5.20","25","5.25","25","3,140.00",
="089497","緯穎元富61購01","6,000","2","24,110","4.03","4.03","3.96","3.96"," ","0.00","3.98","25","3.99","25","3,140.00",
="089498","AES元富53購01","5,000","1","23,500","4.70","4.70","4.70","4.70","-","0.40","4.32","25","4.39","25","1,195.00",
="089499","富世達元富51購04","13,000","4","39,320","2.81","3.09","2.81","3.00","X","0.00","2.92","25","3.02","10","1,010.00",
="08949P","矽力元大4B售01","0","0","0","--","--","--","--"," ","0.00","1.29","25","1.30","10","0.00",
="089500","T50正2國票51購04","5,000","2","25,800","5.15","5.20","5.15","5.20","+","0.56","5.20","25","5.25","10","302.45",
="089501","台達電國票53購02","0","0","0","--","--","--","--"," ","0.00","15.00","25","15.90","10","893.00",
="089502","所羅門國票53購01","474,000","3","431,340","0.91","0.91","0.91","0.91","-","0.05","0.90","25","0.91","10","144.50",
="089503","燿華國票51購01","0","0","0","--","--","--","--"," ","0.00","1.78","25","1.79","10","27.50",
="089504","全新國票53購02","2,000","2","3,720","1.90","1.90","1.82","1.82","-","0.32","1.84","25","1.85","10","160.00",
="089505","盟立國票51購01","0","0","0","--","--","--","--"," ","0.00","2.99","25","3.02","10","72.30",
="089506","長榮航國票53購01","0","0","0","--","--","--","--"," ","0.00","1.39","25","1.40","10","38.85",
="089507","世芯國票53購04","0","0","0","--","--","--","--"," ","0.00","1.48","25","1.49","10","3,700.00",
="089508","世芯國票54購01","20,000","2","30,900","1.68","1.68","1.50","1.50","-","0.33","1.51","25","1.52","10","3,700.00",
="089509","海華國票51購01","0","0","0","--","--","--","--"," ","0.00","5.35","25","5.40","10","83.80",
="08950P","臺股指元大4B售29","0","0","0","--","--","--","--"," ","0.00","0.09","499","0.10","10","0.00",
="089510","臻鼎國票51購01","0","0","0","--","--","--","--"," ","0.00","3.85","25","3.93","10","171.50",
="089511","臻鼎國票53購01","0","0","0","--","--","--","--"," ","0.00","4.48","25","4.55","10","171.50",
="089512","眾達國票51購01","0","0","0","--","--","--","--"," ","0.00","4.12","25","4.22","10","127.00",
="089513","精成科國票53購04","55,000","7","104,640","1.97","1.97","1.67","1.67","-","0.33","1.64","25","1.66","10","125.50",
="089514","力智國票53購01","0","0","0","--","--","--","--"," ","0.00","1.41","25","1.43","10","214.00",
="089515","臺股指國票53購03","0","0","0","--","--","--","--"," ","0.00","4.39","499","4.40","499","0.00",
="089516","中砂國泰53購01","40,000","3","45,070","1.12","1.21","1.12","1.21","+","0.16","1.13","499","1.14","100","339.00",
="089517","欣興國泰53購01","152,000","11","363,100","2.53","2.53","2.27","2.27","+","0.05","2.24","499","2.27","460","159.00",
="089518","辛耘國泰53購01","0","0","0","--","--","--","--"," ","0.00","2.68","10","2.70","10","388.00",
="089519","穎崴國泰53購01","0","0","0","--","--","--","--"," ","0.00","9.25","499","--","0","2,015.00",
="08951P","臺股指元大4B售30","0","0","0","--","--","--","--"," ","0.00","0.07","100","0.08","10","0.00",
="089520","川湖台新51購03","0","0","0","--","--","--","--"," ","0.00","4.11","20","4.12","10","0.00",
="089521","台灣50永豐53購07","0","0","0","--","--","--","--"," ","0.00","3.83","499","3.86","10","58.45",
="089522","滬深2X永豐53購04","0","0","0","--","--","--","--"," ","0.00","1.76","10","1.77","10","19.04",
="089523","中砂永豐53購04","0","0","0","--","--","--","--"," ","0.00","0.89","499","0.90","10","339.00",
="089524","鴻海永豐51購06","378,000","18","739,210","1.92","1.99","1.92","1.95","X","0.00","1.95","10","1.96","10","221.00",
="089525","鴻海永豐51購07","74,000","7","129,980","1.66","1.81","1.66","1.81","X","0.00","1.83","499","1.84","10","221.00",
="089526","鴻海永豐53購02","217,000","14","411,060","1.80","1.93","1.80","1.90","+","0.21","1.90","10","1.91","10","221.00",
="089527","國巨永豐53購01","45,000","5","236,350","5.25","5.35","5.05","5.35","+","0.05","4.98","10","5.15","10","176.00",
="089528","智邦永豐53購01","57,000","4","154,480","2.59","2.74","2.59","2.74","+","0.22","2.69","499","2.74","10","1,005.00",
="089529","鴻準永豐53購01","0","0","0","--","--","--","--"," ","0.00","1.13","10","1.14","10","70.70",
="08952P","FBNQ2X凱基4B售03","0","0","0","--","--","--","--"," ","0.00","--","0","0.10","10","0.00",
="089530","裕民永豐53購01","0","0","0","--","--","--","--"," ","0.00","0.70","10","0.71","10","55.30",
="089531","緯創永豐53購03","75,000","8","62,330","0.80","0.85","0.80","0.81","+","0.07","0.78","499","0.80","10","122.50",
="089532","新日興永豐51購04","67,000","4","53,660","0.81","0.83","0.78","0.78","-","0.03","0.33","30","--","0","237.00",
="089533","玉晶光永豐53購03","0","0","0","--","--","--","--"," ","0.00","1.40","499","1.50","10","443.50",
="089534","世芯永豐51購11","14,000","3","12,350","0.94","0.94","0.80","0.80","-","0.26","0.78","10","0.79","10","3,700.00",
="089535","世芯永豐53購06","0","0","0","--","--","--","--"," ","0.00","1.38","499","1.39","10","3,700.00",
="089536","世芯永豐53購07","0","0","0","--","--","--","--"," ","0.00","0.99","10","1.00","10","3,700.00",
="089537","世芯永豐54購04","0","0","0","--","--","--","--"," ","0.00","1.45","499","1.46","10","3,700.00",
="089538","富世達永豐53購04","24,000","2","30,000","1.25","1.25","1.25","1.25","+","0.09","1.18","499","1.28","10","1,010.00",
="089539","聚陽富邦53購01","80,000","12","89,300","1.14","1.14","1.10","1.12"," ","0.00","1.11","10","1.12","10","0.00",
="08953P","台化凱基4B售01","0","0","0","--","--","--","--"," ","0.00","0.05","10","0.15","10","0.00",
="089540","鴻海富邦61購01","43,000","5","146,450","3.39","3.46","3.38","3.38","+","0.20","3.41","30","3.43","10","0.00",
="089541","國巨富邦51購02","36,000","9","100,380","2.80","2.83","2.70","2.76","+","0.03","2.69","10","2.79","10","0.00",
="089542","台新金富邦51購02","46,000","2","60,580","1.31","1.33","1.31","1.33","+","0.02","1.37","30","1.38","10","0.00",
="089543","欣興富邦53購02","1,102,000","61","1,249,370","1.13","1.23","1.08","1.08","+","0.02","1.07","10","1.08","10","0.00",
="089544","新日興富邦54購02","431,000","19","258,210","0.61","0.62","0.57","0.57","-","0.07","0.53","10","0.54","10","0.00",
="089545","台塑化富邦53購01","15,000","5","11,010","0.75","0.75","0.71","0.71","-","0.01","0.71","10","0.72","10","0.00",
="089546","台灣50元大51購15","59,000","1","152,220","2.58","2.58","2.58","2.58","X","0.00","2.64","499","2.65","10","58.45",
="089547","台灣50元大51購16","0","0","0","--","--","--","--"," ","0.00","4.84","400","4.91","10","58.45",
="089548","國企2X元大53購01","37,000","5","82,610","2.33","2.33","2.23","2.23","-","0.19","2.26","250","2.27","100","11.65",
="089549","FBNQ2X元大51購03","0","0","0","--","--","--","--"," ","0.00","2.67","250","2.68","100","159.20",
="08954P","宏碁凱基4C售03","0","0","0","--","--","--","--"," ","0.00","0.47","100","0.48","30","0.00",
="089550","台塑元大51購03","101,000","3","142,720","1.42","1.42","1.32","1.32","+","0.06","1.32","499","1.33","10","38.60",
="089551","台塑元大51購04","529,000","8","175,160","0.34","0.35","0.30","0.31"," ","0.00","0.30","499","0.31","10","38.60",
="089552","台塑元大51購05","0","0","0","--","--","--","--"," ","0.00","1.79","400","1.81","10","38.60",
="089553","台化元大51購04","0","0","0","--","--","--","--"," ","0.00","1.55","450","1.57","10","28.95",
="089554","中砂元大51購12","163,000","6","167,550","0.98","1.05","0.98","1.04","+","0.15","0.96","499","0.99","10","339.00",
="089555","台玻元大51購01","3,000","3","13,890","4.97","4.97","4.46","4.46","-","0.42","4.39","150","4.41","10","25.95",
="089556","台玻元大51購02","0","0","0","--","--","--","--"," ","0.00","3.09","200","3.19","10","25.95",
="089557","台玻元大51購03","3,000","3","12,410","4.41","4.41","4.00","4.00","-","0.33","3.94","150","3.96","10","25.95",
="089558","為升元大51購01","0","0","0","--","--","--","--"," ","0.00","6.45","100","--","0","130.00",
="089559","鴻海元大51購35","0","0","0","--","--","--","--"," ","0.00","2.41","350","2.44","10","221.00",
="08955P","金像電凱基4B售03","0","0","0","--","--","--","--"," ","0.00","--","0","0.10","10","0.00",
="089560","廣宇元大54購01","20,000","2","23,100","1.18","1.18","1.13","1.13","-","0.03","1.15","499","1.25","10","54.10",
="089561","智邦元大53購03","0","0","0","--","--","--","--"," ","0.00","2.38","8","--","0","1,005.00",
="089562","華碩元大51購08","60,000","1","102,000","1.70","1.70","1.70","1.70","+","0.09","1.68","25","1.71","10","684.00",
="089563","矽統元大51購08","35,000","3","63,400","1.88","1.88","1.76","1.76","-","0.14","1.69","400","1.71","10","58.60",
="089564","燿華元大51購01","5,000","1","10,250","2.05","2.05","2.05","2.05","-","0.14","2.00","350","2.03","10","27.50",
="089565","佳能元大51購01","0","0","0","--","--","--","--"," ","0.00","3.34","250","--","0","88.80",
="089566","佳能元大53購01","0","0","0","--","--","--","--"," ","0.00","2.85","300","3.47","2","88.80",
="089567","建準元大51購01","57,000","5","61,510","1.15","1.15","1.01","1.01","-","0.03","0.95","499","0.97","10","129.00",
="089568","京元電元大51購05","4,000","2","14,560","3.85","3.85","3.57","3.57","-","0.06","3.38","200","3.42","10","167.00",
="089569","亞光元大51購09","208,000","4","309,120","1.49","1.49","1.39","1.39","-","0.09","1.38","499","1.39","10","161.50",
="08956P","群光凱基4C售01","1,000","1","360","0.36","0.36","0.36","0.36","X","0.00","0.35","10","0.36","10","0.00",
="089570","零壹元大51購02","60,000","2","46,700","0.77","0.78","0.77","0.78","+","0.03","0.77","501","0.79","10","125.00",
="089571","智原元大51購17","286,000","9","294,150","0.90","1.06","0.87","1.02","+","0.16","0.97","500","0.99","10","174.00",
="089572","欣興元大51購19","310,000","4","376,550","1.24","1.24","1.15","1.15","+","0.03","1.10","499","1.12","10","159.00",
="089573","欣興元大51購20","87,000","4","128,450","1.50","1.50","1.41","1.41","+","0.03","1.40","499","1.43","10","159.00",
="089574","欣興元大53購03","3,000","2","3,890","1.29","1.31","1.29","1.31","+","0.07","1.23","499","1.25","10","159.00",
="089575","昇貿元大51購02","0","0","0","--","--","--","--"," ","0.00","--","0","--","0","114.00",
="089576","昇貿元大51購03","1,000","1","7,900","7.90","7.90","7.90","7.90","-","0.20","5.75","1","--","0","114.00",
="089577","京鼎元大51購02","69,000","10","105,380","1.44","1.55","1.44","1.48","+","0.13","1.42","2","1.43","10","306.00",
="089578","聯鈞元大51購10","262,000","26","710,570","2.46","2.96","2.43","2.87","+","0.61","2.94","25","3.00","10","278.00",
="089579","世芯元大53購06","42,000","5","81,070","1.98","1.98","1.90","1.93","-","0.18","0.21","47","--","0","3,700.00",
="08957P","長榮凱基4B售10","3,000","2","4,330","1.44","1.45","1.44","1.45","+","0.03","1.45","499","--","0","0.00",
="089580","祥碩元大51購03","0","0","0","--","--","--","--"," ","0.00","0.15","499","0.16","10","1,525.00",
="089581","亞翔元大53購03","149,000","13","551,930","3.69","3.81","3.54","3.81","+","0.04","3.65","200","3.69","10","358.50",
="089582","聯茂元大51購06","3,000","3","9,670","3.19","3.29","3.19","3.29","+","0.22","2.90","25","2.95","10","111.50",
="089583","矽格元大51購02","0","0","0","--","--","--","--"," ","0.00","--","0","--","0","93.00",
="089584","穎崴元大51購07","0","0","0","--","--","--","--"," ","0.00","5.15","150","--","0","2,015.00",
="089585","愛普元大51購11","1,000","1","2,110","2.11","2.11","2.11","2.11","+","0.01","0.52","19","--","0","344.00",
="089586","富世達元大53購02","167,000","8","553,010","3.26","3.67","3.20","3.49","+","0.53","3.33","250","3.43","10","1,010.00",
="089587","連加元大51購11","0","0","0","--","--","--","--"," ","0.00","0.40","499","0.41","10","606.00",
="089588","台虹元大51購01","0","0","0","--","--","--","--"," ","0.00","6.40","100","--","0","63.30",
="089589","世紀鋼元大53購03","196,000","4","174,440","0.89","0.89","0.89","0.89","X","0.00","0.82","25","0.83","10","171.50",
="08958P","中磊凱基4C售01","25,000","2","16,050","0.66","0.66","0.63","0.63","-","0.05","0.61","100","0.63","10","0.00",
="089590","元債2X凱基67購01","22,000","5","32,800","1.49","1.50","1.48","1.50"," ","0.00","1.49","499","1.50","495","7.35",
="089591","美債2X凱基67購01","0","0","0","--","--","--","--"," ","0.00","1.48","10","1.49","50","7.33",
="089592","台化凱基53購01","2,000","1","7,780","3.89","3.89","3.89","3.89","+","0.08","3.69","10","3.71","10","28.95",
="089593","中興電凱基57購01","1,000","1","1,820","1.82","1.82","1.82","1.82","X","0.00","1.79","100","1.84","10","159.00",
="089594","華新凱基53購01","11,000","3","18,060","1.60","1.66","1.60","1.66","-","0.12","1.64","100","1.65","10","24.05",
="089595","台玻凱基51購04","1,000","1","4,880","4.88","4.88","4.88","4.88","+","0.11","4.30","10","4.33","10","25.95",
="089596","中鋼凱基51購01","0","0","0","--","--","--","--"," ","0.00","0.95","100","0.97","10","19.45",
="089597","聯電凱基51購02","493,000","34","933,320","1.87","2.11","1.84","2.01","+","0.19","2.00","5","2.07","10","43.90",
="089598","台達電凱基51購09","0","0","0","--","--","--","--"," ","0.00","15.90","20","16.90","10","893.00",
="089599","鴻海凱基51購13","0","0","0","--","--","--","--"," ","0.00","3.03","499","3.06","300","221.00",
="08959P","台灣50永豐4B售05","0","0","0","--","--","--","--"," ","0.00","--","0","0.03","10","0.00",
="089600","國巨凱基53購01","5,000","5","28,850","5.55","6.20","5.55","5.60","-","0.55","5.45","100","6.20","7","176.00",
="089601","台積電凱基51購29","90,000","3","197,400","2.16","2.21","2.16","2.21","X","0.00","2.19","100","2.29","10","1,340.00",
="089602","台積電凱基53購29","0","0","0","--","--","--","--"," ","0.00","2.05","100","2.15","10","1,340.00",
="089603","華邦電凱基51購04","0","0","0","--","--","--","--"," ","0.00","16.10","100","17.10","10","36.45",
="089604","技嘉凱基51購04","1,000","1","1,700","1.70","1.70","1.70","1.70"," ","0.00","1.68","100","1.69","10","283.00",
="089605","京元電凱基53購02","0","0","0","--","--","--","--"," ","0.00","4.16","100","4.23","10","167.00",
="089606","長榮凱基53購03","30,000","1","25,200","0.84","0.84","0.84","0.84"," ","0.00","0.83","499","0.84","30","182.00",
="089607","慧洋凱基51購02","0","0","0","--","--","--","--"," ","0.00","1.16","10","1.17","10","58.40",
="089608","智原凱基57購02","8,000","1","14,240","1.78","1.78","1.78","1.78","X","0.00","1.72","100","1.74","10","174.00",
="089609","欣興凱基51購09","78,000","4","132,330","1.79","1.79","1.56","1.61","+","0.14","1.52","100","--","0","159.00",
="08960P","台光電永豐4B售03","0","0","0","--","--","--","--"," ","0.00","--","0","0.03","10","0.00",
="089610","玉晶光凱基51購04","7,000","1","15,050","2.15","2.15","2.15","2.15","+","0.14","2.00","100","2.10","10","443.50",
="089611","辛耘凱基51購04","33,000","4","93,020","2.80","2.88","2.80","2.86","+","0.83","2.51","10","2.61","10","388.00",
="089612","世芯凱基54購06","100,000","2","97,500","0.99","0.99","0.96","0.96","X","0.00","0.92","100","0.93","10","3,700.00",
="089613","jpp凱基54購01","309,000","13","521,220","1.76","1.76","1.64","1.72","-","0.03","1.70","10","1.80","10","286.50",
="089614","精成科凱基51購09","72,000","8","150,480","2.16","2.16","1.81","1.81","-","0.49","1.84","100","1.87","10","125.50",
="089615","富世達凱基54購03","0","0","0","--","--","--","--"," ","0.00","3.31","100","--","0","1,010.00",
="089616","東哥凱基53購01","15,000","2","24,870","1.65","1.66","1.65","1.66","-","0.11","1.67","10","1.68","10","217.00",
="089617","臺股指凱基51購27","10,000","1","55,500","5.55","5.55","5.55","5.55","+","1.11","5.50","10","5.55","10","0.00",
="089619","臺股指凱基51購28","0","0","0","--","--","--","--"," ","0.00","8.30","10","8.35","10","0.00",
="08961P","世芯元富4B售13","0","0","0","--","--","--","--"," ","0.00","0.09","25","0.10","25","0.00",
="089620","臺股指凱基53購14","0","0","0","--","--","--","--"," ","0.00","5.10","100","5.15","10","0.00",
="089621","香港2X群益51購01","0","0","0","--","--","--","--"," ","0.00","1.44","10","1.54","10","18.02",
="089622","中502X群益51購02","0","0","0","--","--","--","--"," ","0.00","1.48","25","1.49","10","13.10",
="089623","FB越南群益53購01","0","0","0","--","--","--","--"," ","0.00","1.72","25","1.73","10","15.73",
="089624","FB越南群益56購01","0","0","0","--","--","--","--"," ","0.00","1.29","25","1.30","10","15.73",
="089625","台玻群益53購02","0","0","0","--","--","--","--"," ","0.00","--","0","2.80","10","25.95",
="089626","中鋼群益51購01","0","0","0","--","--","--","--"," ","0.00","1.15","100","1.18","100","19.45",
="089627","大成鋼群益51購04","0","0","0","--","--","--","--"," ","0.00","2.00","10","2.10","10","37.90",
="089628","廣宇群益51購02","5,000","3","15,150","3.02","3.04","3.02","3.03"," ","0.00","2.89","10","2.99","10","54.10",
="089629","台積電群益51購25","0","0","0","--","--","--","--"," ","0.00","0.01","100","--","0","1,340.00",
="08962P","道瓊銀國票4C售01","0","0","0","--","--","--","--"," ","0.00","0.03","25","0.05","10","0.00",
="089630","矽統群益51購02","9,000","2","13,860","1.54","1.54","1.54","1.54","-","0.13","1.49","25","1.50","10","58.60",
="089631","矽統群益53購01","0","0","0","--","--","--","--"," ","0.00","2.58","25","2.60","10","58.60",
="089632","瑞昱群益53購01","81,000","3","59,330","0.74","0.74","0.73","0.73","-","0.03","0.70","10","0.80","10","540.00",
="089633","奇鋐群益51購09","1,000","1","3,720","3.72","3.72","3.72","3.72","X","0.00","1.25","30","3.37","10","1,015.00",
="089634","信邦群益51購01","0","0","0","--","--","--","--"," ","0.00","0.43","23","--","0","236.50",
="089635","玉晶光群益51購03","0","0","0","--","--","--","--"," ","0.00","0.14","3","--","0","443.50",
="089636","創意群益51購07","245,000","11","282,230","1.08","1.16","1.08","1.15","+","0.14","0.42","23","1.30","5","1,315.00",
="089637","群創群益51購02","0","0","0","--","--","--","--"," ","0.00","2.08","100","2.14","100","14.15",
="089638","神達群益53購02","30,000","3","51,000","1.70","1.72","1.68","1.72","+","0.14","1.70","10","1.80","10","90.00",
="089639","神達群益53購03","0","0","0","--","--","--","--"," ","0.00","1.55","10","1.65","10","90.00",
="08963P","中砂國票4C售04","0","0","0","--","--","--","--"," ","0.00","0.32","25","0.33","10","0.00",
="089640","亞翔群益51購07","1,000","1","2,530","2.53","2.53","2.53","2.53","-","0.09","2.67","10","2.77","10","358.50",
="089641","迅得群益54購01","2,000","2","2,200","1.10","1.10","1.10","1.10","+","0.05","1.03","10","1.13","10","176.00",
="089642","晶心科群益51購02","58,000","7","114,810","1.98","2.03","1.92","1.92","+","0.28","1.87","25","1.88","10","325.50",
="089643","AES群益51購02","0","0","0","--","--","--","--"," ","0.00","--","0","2.40","10","1,195.00",
="089644","富世達群益51購07","74,000","4","101,670","1.35","1.45","1.35","1.45","X","0.00","--","0","--","0","1,010.00",
="089645","昇陽半群益51購02","13,000","1","51,480","3.96","3.96","3.96","3.96","+","0.04","3.71","10","3.81","10","179.50",
="089646","羅昇群益51購02","106,000","4","67,940","0.67","0.69","0.57","0.57","-","0.15","0.60","10","0.70","10","99.50",
="089647","泰金寶群益51購01","6,000","1","4,860","0.81","0.81","0.81","0.81","X","0.00","0.79","10","0.89","10","6.02",
="089648","泰金寶群益51購02","0","0","0","--","--","--","--"," ","0.00","0.54","10","0.64","10","6.02",
="089649","台塑兆豐51購01","0","0","0","--","--","--","--"," ","0.00","0.48","10","0.57","10","38.60",
="08964P","直得國票4C售02","0","0","0","--","--","--","--"," ","0.00","0.28","25","0.29","10","0.00",
="089650","華城兆豐54購01","60,000","3","43,400","0.73","0.73","0.71","0.71","-","0.01","0.70","10","0.71","10","586.00",
="089651","國巨兆豐51購02","25,000","9","74,910","3.03","3.03","2.99","2.99","-","0.26","2.95","10","--","0","176.00",
="089652","台光電兆豐53購01","0","0","0","--","--","--","--"," ","0.00","2.18","10","2.27","10","1,345.00",
="089653","南電兆豐57購01","3,641,000","55","9,170,910","2.77","2.85","2.43","2.43","-","0.03","2.45","10","2.46","10","234.50",
="089654","南亞統一57購01","3,000","3","2,920","1.07","1.07","0.90","0.90","-","0.05","0.89","10","0.90","9","39.80",
="089655","台玻統一57購02","59,000","7","65,670","1.13","1.13","1.01","1.01","-","0.09","1.00","10","1.01","3","25.95",
="089656","全新統一57購03","3,000","1","2,250","0.75","0.75","0.75","0.75","X","0.00","0.75","10","0.76","10","160.00",
="089657","景碩統一57購03","190,000","4","129,500","0.69","0.69","0.68","0.68","+","0.04","0.63","10","0.64","10","111.50",
="089658","新日興統一57購04","0","0","0","--","--","--","--"," ","0.00","0.54","10","0.55","10","237.00",
="089659","立積統一57購02","0","0","0","--","--","--","--"," ","0.00","0.86","10","0.87","10","151.50",
="08965P","上銀國票4C售03","1,000","1","1,100","1.10","1.10","1.10","1.10","+","0.02","1.09","25","1.10","10","0.00",
="089660","鴻海中信54購03","14,000","2","25,260","1.79","1.81","1.79","1.81","+","0.15","1.81","10","1.86","10","0.00",
="089661","鴻海中信55購01","52,000","16","118,170","2.23","2.31","2.22","2.28","+","0.27","2.28","10","2.31","10","0.00",
="089662","聯發科中信55購01","230,000","9","116,800","0.53","0.53","0.49","0.49","-","0.07","0.47","10","0.49","10","0.00",
="089663","長榮中信54購02","0","0","0","--","--","--","--"," ","0.00","0.32","10","0.33","10","0.00",
="089664","FB越南永豐51購01","0","0","0","--","--","--","--"," ","0.00","1.80","499","1.81","10","15.73",
="089665","大成鋼永豐53購02","0","0","0","--","--","--","--"," ","0.00","1.06","499","1.07","10","37.90",
="089666","廣宇永豐51購05","0","0","0","--","--","--","--"," ","0.00","2.18","10","2.22","10","54.10",
="089667","順德永豐53購01","0","0","0","--","--","--","--"," ","0.00","0.95","499","0.96","10","81.90",
="089668","漢唐永豐51購06","0","0","0","--","--","--","--"," ","0.00","0.89","11","--","0","987.00",
="089669","漢唐永豐53購04","0","0","0","--","--","--","--"," ","0.00","0.58","20","--","0","987.00",
="08966P","奇鋐國票4C售04","0","0","0","--","--","--","--"," ","0.00","0.01","25","0.05","10","0.00",
="089670","聯發科永豐56購02","72,000","4","55,880","0.81","0.81","0.77","0.77","X","0.00","0.75","499","0.76","10","1,375.00",
="089671","全新永豐53購01","0","0","0","--","--","--","--"," ","0.00","0.87","499","0.88","10","160.00",
="089672","志聖永豐53購01","214,000","44","517,700","2.19","2.70","2.19","2.28","+","0.11","2.26","1","2.28","10","197.00",
="089673","鉅祥永豐51購01","50,000","1","248,500","4.97","4.97","4.97","4.97","+","0.19","4.61","10","4.71","10","108.50",
="089674","欣興永豐51購07","125,000","8","229,680","1.92","1.95","1.77","1.77","+","0.02","1.74","499","1.76","10","159.00",
="089675","辛耘永豐51購01","49,000","8","73,020","1.51","1.52","1.40","1.52","X","0.00","1.40","10","1.42","10","388.00",
="089676","亞翔永豐53購02","22,000","2","22,180","1.03","1.03","0.99","0.99","-","0.01","1.00","10","1.01","10","358.50",
="089677","AES永豐53購02","14,000","2","29,470","2.17","2.17","2.10","2.10","-","0.01","2.01","499","2.04","10","1,195.00",
="089678","富世達永豐51購05","20,000","1","30,000","1.50","1.50","1.50","1.50","+","0.17","1.50","499","1.52","10","1,010.00",
="089679","南電永豐53購03","23,000","5","60,330","2.65","2.65","2.34","2.34","+","0.08","2.32","10","2.35","10","234.50",
="08967P","創意國票4C售03","0","0","0","--","--","--","--"," ","0.00","0.41","25","0.42","10","0.00",
="089680","南電永豐53購04","15,000","1","33,300","2.22","2.22","2.22","2.22","+","0.38","2.01","499","2.03","10","234.50",
="089681","奇鋐第一51購02","0","0","0","--","--","--","--"," ","0.00","0.82","30","--","0","0.00",
="089682","台灣50凱基51購07","5,000","2","32,000","6.30","6.55","6.30","6.55","X","0.00","6.65","100","6.75","10","58.45",
="089683","T50正2凱基51購10","3,000","3","12,980","4.19","4.41","4.19","4.41","+","0.63","4.45","10","4.46","10","302.45",
="089684","台玻凱基51購05","0","0","0","--","--","--","--"," ","0.00","6.10","10","6.15","10","25.95",
="089685","大成鋼凱基51購02","16,000","4","16,330","1.04","1.04","0.99","0.99","X","0.00","0.98","100","0.99","10","37.90",
="089686","鴻海凱基51購14","26,000","3","89,430","3.45","3.58","3.41","3.58","+","0.50","3.55","499","3.58","499","221.00",
="089687","台積電凱基51購30","0","0","0","--","--","--","--"," ","0.00","3.07","100","3.17","10","1,340.00",
="089688","台積電凱基55購04","0","0","0","--","--","--","--"," ","0.00","2.09","100","2.19","10","1,340.00",
="089689","鴻準凱基51購03","189,000","3","272,050","1.50","1.50","1.42","1.42","+","0.05","1.33","10","1.35","10","70.70",
="08968P","大銀國票4C售03","10,000","2","4,350","0.44","0.44","0.43","0.43","-","0.04","0.44","25","0.45","10","0.00",
="089690","華碩凱基51購04","0","0","0","--","--","--","--"," ","0.00","2.29","10","2.31","10","684.00",
="089691","全新凱基51購03","75,000","6","128,250","1.77","1.77","1.63","1.63","-","0.36","1.62","100","1.64","10","160.00",
="089692","盟立凱基51購01","10,000","6","31,650","3.03","3.31","3.03","3.10","X","0.00","3.03","10","3.13","10","72.30",
="089693","奇鋐凱基51購13","0","0","0","--","--","--","--"," ","0.00","4.43","100","4.50","10","1,015.00",
="089694","亞光凱基54購01","33,000","2","60,060","1.82","1.82","1.82","1.82","-","0.12","1.78","380","1.80","30","161.50",
="089695","信邦凱基51購02","20,000","3","32,000","1.61","1.61","1.57","1.57","+","0.01","1.58","10","1.66","10","236.50",
="089696","欣興凱基51購10","20,000","1","58,400","2.92","2.92","2.92","2.92","+","0.17","2.79","100","--","0","159.00",
="089697","景碩凱基57購01","204,000","15","308,700","1.57","1.63","1.44","1.45","-","0.13","1.43","100","1.45","10","111.50",
="089698","創意凱基56購01","33,000","1","51,480","1.56","1.56","1.56","1.56","+","0.17","1.53","100","1.55","10","1,315.00",
="089699","聯鈞凱基55購01","103,000","12","427,700","3.77","4.50","3.77","4.48","+","0.55","4.46","10","4.48","10","278.00",
="08969P","台積電富邦4B售13","0","0","0","--","--","--","--"," ","0.00","0.01","100","0.03","10","0.00",
="089700","群創凱基53購01","4,000","1","6,560","1.64","1.64","1.64","1.64","-","0.19","1.64","100","1.74","10","14.15",
="089701","臻鼎凱基51購03","0","0","0","--","--","--","--"," ","0.00","5.35","100","5.85","10","171.50",
="089702","立積凱基51購01","0","0","0","--","--","--","--"," ","0.00","1.46","10","1.56","10","151.50",
="089703","愛普凱基51購08","77,000","6","185,740","2.48","2.48","2.27","2.42","-","0.05","2.44","100","2.48","10","344.00",
="089704","緯穎凱基51購15","8,000","8","39,300","4.85","5.05","4.85","5.05","-","0.10","5.05","100","5.55","10","3,140.00",
="089705","AES凱基57購01","26,000","3","43,820","1.71","1.71","1.67","1.67","X","0.00","1.59","100","1.61","10","1,195.00",
="089706","富世達凱基51購07","0","0","0","--","--","--","--"," ","0.00","3.52","100","--","0","1,010.00",
="089707","南電凱基51購08","0","0","0","--","--","--","--"," ","0.00","3.75","100","6.60","6","234.50",
="089708","南電凱基51購09","17,000","2","77,370","4.89","4.89","4.53","4.53","+","0.17","4.13","100","4.16","10","234.50",
="089709","南電凱基51購10","104,000","10","452,110","4.67","4.67","3.99","3.99","-","0.03","3.90","100","3.92","10","234.50",
="08970P","T50正2中信51售04","100,000","1","31,000","0.31","0.31","0.31","0.31","-","0.03","0.30","100","0.31","100","0.00",
="089710","南電凱基53購03","34,000","2","179,650","5.35","5.35","5.20","5.20","+","0.45","4.96","100","5.25","10","234.50",
="089711","世紀鋼凱基51購05","52,000","5","61,760","1.13","1.21","1.13","1.21","+","0.06","1.09","10","1.10","10","171.50",
="089712","台塑元富51購05","13,000","2","16,490","1.28","1.28","1.25","1.25"," ","0.00","1.23","25","1.24","25","38.60",
="089713","台塑元富54購02","138,000","3","175,920","1.29","1.29","1.21","1.21","+","0.02","1.20","25","1.21","25","38.60",
="089714","華城元富53購01","0","0","0","--","--","--","--"," ","0.00","1.22","25","1.32","10","586.00",
="089715","中鴻元富51購01","2,000","2","2,670","1.39","1.39","1.28","1.28","-","0.08","1.28","25","1.30","25","15.90",
="089716","順德元富53購01","9,000","1","13,230","1.47","1.47","1.47","1.47","-","0.02","1.50","25","1.51","25","81.90",
="089717","全新元富51購03","0","0","0","--","--","--","--"," ","0.00","2.88","25","2.98","10","160.00",
="089718","強茂元富51購01","0","0","0","--","--","--","--"," ","0.00","5.50","25","6.00","25","71.70",
="089719","強茂元富51購02","5,000","1","24,550","4.91","4.91","4.91","4.91","X","0.00","4.91","25","5.05","10","71.70",
="08971P","台積電中信51售04","40,000","1","6,000","0.15","0.15","0.15","0.15","X","0.00","0.13","10","0.14","10","0.00",
="089720","亞航元富51購02","2,000","1","10,400","5.20","5.20","5.20","5.20","X","0.00","5.20","2","6.05","25","55.20",
="089721","新日興元富51購02","148,000","5","209,340","1.41","1.43","1.41","1.43","+","0.01","0.57","17","--","0","237.00",
="089722","聯鈞元富51購06","12,000","4","40,860","3.30","3.57","3.30","3.54","+","0.44","2.08","4","--","0","278.00",
="089723","世芯元富51購18","0","0","0","--","--","--","--"," ","0.00","0.89","25","0.90","25","3,700.00",
="089724","聯茂元富51購02","0","0","0","--","--","--","--"," ","0.00","1.81","25","1.91","10","111.50",
="089725","雷虎元富51購02","0","0","0","--","--","--","--"," ","0.00","--","0","--","0","148.50",
="089726","南電元富51購05","658,000","19","3,222,230","5.30","5.40","4.67","4.82","+","0.24","4.25","3","4.86","1","234.50",
="089727","菱光元富51購03","33,000","5","105,230","2.90","3.31","2.90","3.31","X","0.00","3.13","25","3.15","25","60.90",
="089728","道瓊反國票53購01","30,000","1","9,300","0.31","0.31","0.31","0.31","-","0.02","0.31","25","0.32","10","5.81",
="089729","新日興國票53購01","0","0","0","--","--","--","--"," ","0.00","1.39","25","1.40","10","237.00",
="08972P","長榮中信51售03","98,000","3","82,520","0.84","0.85","0.84","0.85","+","0.01","0.84","10","0.85","10","0.00",
="089730","世芯國票53購05","0","0","0","--","--","--","--"," ","0.00","1.14","25","1.15","10","3,700.00",
="089731","臺股指國票53購04","8,000","3","30,590","3.79","3.97","3.79","3.97","+","0.31","4.00","499","4.05","499","0.00",
="089732","鴻海國泰56購01","16,000","3","64,290","3.92","4.05","3.92","4.05","X","0.00","4.00","499","4.02","190","221.00",
="089733","景碩國泰53購01","101,000","2","156,550","1.55","1.55","1.55","1.55","+","0.10","0.64","78","--","0","111.50",
="089734","聯鈞國泰53購01","0","0","0","--","--","--","--"," ","0.00","3.17","499","3.22","10","278.00",
="089735","亞翔國泰53購01","63,000","3","90,300","1.43","1.44","1.43","1.43","-","0.03","1.41","499","1.42","100","358.50",
="089736","亞翔國泰53購02","291,000","8","358,150","1.25","1.25","1.19","1.25","-","0.02","1.25","499","1.29","350","358.50",
="089737","精成科國泰53購01","0","0","0","--","--","--","--"," ","0.00","2.22","499","--","0","125.50",
="089738","虎航國泰53購01","0","0","0","--","--","--","--"," ","0.00","1.21","499","1.22","100","75.80",
="089739","連加國泰53購01","0","0","0","--","--","--","--"," ","0.00","0.73","499","0.74","100","606.00",
="08973P","中砂群益4B售03","0","0","0","--","--","--","--"," ","0.00","--","0","0.11","10","0.00",
="089740","金像電台新51購01","1,000","1","5,400","5.40","5.40","5.40","5.40","X","0.00","5.05","20","5.10","10","0.00",
="089741","台灣50康和51購01","0","0","0","--","--","--","--"," ","0.00","2.14","10","2.15","10","58.45",
="089742","T50反1群益51購04","0","0","0","--","--","--","--"," ","0.00","0.29","100","0.30","100","18.29",
="089743","T50反1群益53購01","219,000","4","127,830","0.60","0.60","0.57","0.57","-","0.07","0.56","100","0.57","100","18.29",
="089744","中興電群益51購04","6,000","2","10,160","1.70","1.70","1.66","1.66","-","0.10","1.64","100","1.68","100","159.00",
="089745","聯電群益53購01","1,297,000","24","840,670","0.62","0.71","0.59","0.68","+","0.10","0.70","1","0.71","10","43.90",
="089746","台達電群益51購09","3,000","1","51,600","17.20","17.20","17.20","17.20","+","0.30","--","0","16.40","10","893.00",
="089747","鴻海群益51購09","0","0","0","--","--","--","--"," ","0.00","3.91","25","4.01","10","221.00",
="089748","鴻海群益53購09","150,000","12","698,080","4.62","4.73","4.62","4.62","+","0.51","4.62","100","4.69","100","221.00",
="089749","國巨群益51購02","333,000","20","1,786,100","5.25","5.65","5.25","5.25","-","0.65","5.15","25","5.35","10","176.00",
="08974P","臺股指群益52售07","0","0","0","--","--","--","--"," ","0.00","0.17","499","0.18","499","0.00",
="089750","華邦電群益53購02","52,000","2","648,800","12.50","12.50","11.90","11.90","+","0.90","7.60","2","14.00","10","36.45",
="089751","順德群益51購03","0","0","0","--","--","--","--"," ","0.00","1.52","25","1.54","10","81.90",
="089752","技嘉群益51購06","1,000","1","960","0.96","0.96","0.96","0.96","X","0.00","0.94","10","1.04","10","283.00",
="089753","京元電群益51購05","0","0","0","--","--","--","--"," ","0.00","--","0","6.85","10","167.00",
="089754","全新群益51購01","41,000","1","61,910","1.51","1.51","1.51","1.51","-","0.14","0.66","75","--","0","160.00",
="089755","強茂群益51購01","0","0","0","--","--","--","--"," ","0.00","3.29","3","5.45","10","71.70",
="089756","長榮群益51購07","0","0","0","--","--","--","--"," ","0.00","0.34","100","0.35","100","182.00",
="089757","陽明群益51購05","9,000","2","3,560","0.39","0.40","0.39","0.40","X","0.00","0.38","100","0.39","100","55.20",
="089758","智原群益51購07","284,000","14","370,260","1.27","1.42","1.23","1.30","+","0.20","1.29","30","1.39","10","174.00",
="089759","欣興群益53購02","57,000","5","136,320","2.59","2.59","2.37","2.37","+","0.15","2.26","100","2.30","100","159.00",
="08975P","臺股指群益52售08","260,000","2","52,600","0.21","0.21","0.20","0.20","-","0.03","0.20","499","0.21","499","0.00",
="089760","景碩群益51購06","115,000","4","219,560","2.01","2.01","1.86","1.86","+","0.01","0.67","14","--","0","111.50",
="089761","昇貿群益51購01","0","0","0","--","--","--","--"," ","0.00","--","0","5.90","10","114.00",
="089762","聯鈞群益54購01","51,000","9","204,880","3.66","4.40","3.66","4.40","+","0.66","1.73","5","--","0","278.00",
="089763","聯鈞群益54購02","253,000","41","1,526,950","5.40","6.80","5.40","6.50","+","1.10","5.40","1","8.90","1","278.00",
="089764","世芯群益51購19","3,000","3","7,160","2.50","2.50","2.28","2.28","-","0.31","0.75","13","--","0","3,700.00",
="089765","亞翔群益51購08","59,000","7","134,200","2.26","2.30","2.12","2.30","+","0.02","2.24","10","2.34","10","358.50",
="089766","AES群益54購01","17,000","6","46,820","2.90","2.90","2.64","2.68","-","0.09","2.61","100","2.67","100","1,195.00",
="089767","雷虎群益51購03","0","0","0","--","--","--","--"," ","0.00","11.00","2","14.10","10","148.50",
="089768","南電群益51購04","0","0","0","--","--","--","--"," ","0.00","3.19","10","3.29","10","234.50",
="089769","南電群益53購04","206,000","8","629,570","3.36","3.40","2.93","3.07","+","0.33","2.81","10","2.91","10","234.50",
="08976P","臺股指群益53售06","0","0","0","--","--","--","--"," ","0.00","0.14","499","0.15","499","0.00",
="089770","T50正2富邦61購01","153,000","2","301,410","1.97","1.97","1.97","1.97","+","0.07","2.04","100","2.05","88","0.00",
="089771","士電富邦55購01","10,000","1","10,100","1.01","1.01","1.01","1.01","-","0.02","1.00","30","1.01","10","0.00",
="089772","中興電富邦55購01","27,000","5","25,130","0.95","0.95","0.93","0.93","-","0.04","0.92","30","0.93","10","0.00",
="089773","華城富邦54購02","52,000","6","32,660","0.64","0.64","0.62","0.62","-","0.04","0.62","10","0.63","10","0.00",
="089774","中砂富邦54購01","123,000","5","86,050","0.67","0.72","0.67","0.69","+","0.06","0.67","10","0.68","10","0.00",
="089775","中鴻富邦53購02","0","0","0","--","--","--","--"," ","0.00","0.35","30","0.36","10","0.00",
="089776","大成鋼富邦54購01","2,000","2","1,910","0.98","0.98","0.93","0.93"," ","0.00","0.92","10","0.93","10","0.00",
="089777","南亞科富邦53購04","0","0","0","--","--","--","--"," ","0.00","3.78","10","3.88","10","0.00",
="089778","京元電富邦53購03","0","0","0","--","--","--","--"," ","0.00","2.81","10","2.91","10","0.00",
="089779","京元電富邦54購01","3,000","1","8,040","2.68","2.68","2.68","2.68","-","0.19","2.71","10","2.81","10","0.00",
="08977P","臺股指群益53售07","0","0","0","--","--","--","--"," ","0.00","0.10","499","--","0","0.00",
="089780","聯發科富邦51購09","10,000","1","4,700","0.47","0.47","0.47","0.47","-","0.08","0.45","30","0.46","10","0.00",
="089781","長榮富邦53購03","1,000","1","630","0.63","0.63","0.63","0.63","-","0.02","0.62","10","0.63","10","0.00",
="089782","長榮富邦53購04","667,000","11","384,960","0.58","0.58","0.57","0.57","-","0.02","0.57","10","0.58","10","0.00",
="089783","欣興富邦51購03","193,000","21","227,380","1.15","1.22","1.15","1.18","+","0.07","1.10","10","1.11","10","0.00",
="089784","健鼎富邦51購02","125,000","3","123,760","0.98","1.03","0.98","1.03","+","0.03","1.01","30","1.02","10","0.00",
="089785","緯創富邦55購01","339,000","26","329,560","0.94","1.02","0.93","0.93","+","0.04","0.92","10","0.93","10","0.00",
="089786","聯鈞富邦51購02","179,000","19","302,160","1.58","1.88","1.58","1.82","+","0.23","1.82","30","1.83","10","0.00",
="089787","貿聯富邦54購01","0","0","0","--","--","--","--"," ","0.00","1.70","10","1.75","10","0.00",
="089788","祥碩富邦53購02","0","0","0","--","--","--","--"," ","0.00","0.45","10","0.46","10","0.00",
="089789","亞翔富邦55購01","126,000","4","117,180","0.93","0.93","0.93","0.93","X","0.00","0.91","10","0.92","10","0.00",
="08978P","陽明統一4B售07","0","0","0","--","--","--","--"," ","0.00","0.73","10","0.74","10","0.00",
="089790","保瑞富邦53購02","96,000","2","60,000","0.62","0.63","0.62","0.63","+","0.01","0.62","10","0.63","10","0.00",
="089791","穎崴富邦53購05","0","0","0","--","--","--","--"," ","0.00","3.98","10","4.08","10","0.00",
="089792","緯穎富邦57購01","0","0","0","--","--","--","--"," ","0.00","1.77","10","1.81","10","0.00",
="089793","AES富邦53購02","6,000","1","9,720","1.62","1.62","1.62","1.62","X","0.00","1.50","10","1.52","10","0.00",
="089794","連加富邦54購01","40,000","1","7,600","0.19","0.19","0.19","0.19","X","0.00","0.18","10","0.19","10","0.00",
="089795","世紀鋼富邦53購01","135,000","3","40,500","0.30","0.30","0.30","0.30"," ","0.00","0.27","10","0.28","10","0.00",
="089796","T50反1元大51購07","20,000","1","4,400","0.22","0.22","0.22","0.22","-","0.04","0.21","100","0.22","10","18.29",
="089797","T50反1元大51購08","0","0","0","--","--","--","--"," ","0.00","0.18","100","0.19","10","18.29",
="089798","T50反1元大56購01","800,000","2","376,000","0.47","0.47","0.47","0.47","X","0.00","0.46","100","0.47","10","18.29",
="089799","億泰元大51購03","0","0","0","--","--","--","--"," ","0.00","1.77","400","1.79","10","34.80",
="08979P","臺股指元富51售10","0","0","0","--","--","--","--"," ","0.00","0.08","30","0.17","10","0.00",
="089800","大成鋼元大51購10","0","0","0","--","--","--","--"," ","0.00","0.81","519","0.82","10","37.90",
="089801","川湖元大51購15","22,000","2","67,600","2.86","3.12","2.86","3.12","-","0.52","2.81","250","2.91","10","3,220.00",
="089802","台達電元大53購01","0","0","0","--","--","--","--"," ","0.00","6.90","100","--","0","893.00",
="089803","鴻海元大51購36","0","0","0","--","--","--","--"," ","0.00","2.04","400","2.06","10","221.00",
="089804","台積電元大53購02","0","0","0","--","--","--","--"," ","0.00","0.15","7","--","0","1,340.00",
="089805","大同元大51購03","0","0","0","--","--","--","--"," ","0.00","--","0","--","0","39.85",
="089806","漢唐元大51購13","0","0","0","--","--","--","--"," ","0.00","1.52","25","1.62","10","987.00",
="089807","京元電元大51購06","15,000","2","50,100","3.46","3.46","3.10","3.10","-","0.34","2.99","205","3.09","10","167.00",
="089808","大立光元大53購01","647,000","13","570,270","0.92","0.92","0.86","0.89","-","0.04","0.89","499","0.91","10","2,360.00",
="089809","欣興元大53購04","174,000","1","212,280","1.22","1.22","1.22","1.22","+","0.09","1.15","499","1.17","10","159.00",
="08980P","緯創台新4B售01","0","0","0","--","--","--","--"," ","0.00","0.20","10","0.21","10","0.00",
="089810","健鼎元大51購06","232,000","8","469,530","2.07","2.07","1.97","2.06","+","0.01","2.06","400","2.09","10","309.50",
="089811","建漢元大51購01","0","0","0","--","--","--","--"," ","0.00","0.41","499","0.42","10","24.10",
="089812","建漢元大51購02","0","0","0","--","--","--","--"," ","0.00","0.67","499","0.68","10","24.10",
="089813","景碩元大51購11","208,000","13","175,150","0.85","0.87","0.82","0.87","+","0.06","0.73","499","0.75","10","111.50",
="089814","創意元大51購14","90,000","6","53,750","0.60","0.65","0.58","0.65","+","0.05","0.63","25","0.64","10","1,315.00",
="089815","創意元大51購15","0","0","0","--","--","--","--"," ","0.00","0.59","25","0.60","10","1,315.00",
="089816","創意元大51購16","182,000","8","114,610","0.63","0.68","0.62","0.68","+","0.06","0.65","25","0.67","10","1,315.00",
="089817","華擎元大51購09","5,000","1","5,750","1.15","1.15","1.15","1.15","-","0.04","1.12","499","1.15","10","278.00",
="089818","世芯元大51購49","64,000","6","111,530","1.81","1.81","1.70","1.74","-","0.21","0.20","50","--","0","3,700.00",
="089819","神達元大51購19","229,000","26","1,089,060","4.81","4.98","4.44","4.61","+","0.31","4.75","150","4.79","10","90.00",
="08981P","名軒國票4C售01","0","0","0","--","--","--","--"," ","0.00","0.88","25","0.89","10","0.00",
="089820","神達元大53購02","948,000","33","1,431,060","1.51","1.60","1.40","1.49","+","0.12","1.49","499","1.51","10","90.00",
="089821","豐藝元大51購01","0","0","0","--","--","--","--"," ","0.00","0.29","499","0.30","10","49.25",
="089822","豐藝元大51購02","0","0","0","--","--","--","--"," ","0.00","0.38","499","0.39","10","49.25",
="089823","精成科元大51購14","0","0","0","--","--","--","--"," ","0.00","0.78","499","--","0","125.50",
="089824","精成科元大51購15","0","0","0","--","--","--","--"," ","0.00","0.82","499","--","0","125.50",
="089825","精成科元大53購03","0","0","0","--","--","--","--"," ","0.00","0.76","499","--","0","125.50",
="089826","聯茂元大53購01","249,000","6","436,230","1.69","1.78","1.65","1.65","-","0.05","1.61","25","1.63","10","111.50",
="089827","力積電元大51購03","221,000","25","626,550","2.78","3.45","2.69","3.42","+","1.20","3.45","5","4.32","9","23.45",
="089828","AES元大51購09","74,000","4","91,190","1.19","1.25","1.19","1.19","+","0.01","1.11","499","1.13","10","1,195.00",
="089829","AES元大51購10","0","0","0","--","--","--","--"," ","0.00","1.26","499","1.28","10","1,195.00",
="08982P","富邦金國票4C售01","0","0","0","--","--","--","--"," ","0.00","0.07","25","0.08","10","0.00",
="089830","富世達元大53購03","142,000","11","642,820","4.28","4.84","4.28","4.54","+","0.54","4.46","200","4.56","10","1,010.00",
="089831","連加元大51購12","89,000","2","38,790","0.43","0.44","0.43","0.44","X","0.00","0.43","499","0.44","10","606.00",
="089832","連加元大51購13","0","0","0","--","--","--","--"," ","0.00","0.38","499","0.39","10","606.00",
="089833","雷虎元大51購05","14,000","4","86,800","6.20","6.20","6.20","6.20","-","0.85","6.15","25","7.05","2","148.50",
="089834","南電元大51購12","288,000","3","679,560","2.36","2.36","2.32","2.32","+","0.13","2.25","5","--","0","234.50",
="089835","南電元大51購13","292,000","2","689,200","2.40","2.40","2.36","2.36","+","0.08","2.23","300","--","0","234.50",
="089836","南電元大51購17","196,000","14","526,200","2.75","2.80","2.55","2.55","+","0.11","2.33","300","2.43","10","234.50",
="089837","南電元大55購01","59,000","11","175,810","3.07","3.15","2.72","2.72","-","0.05","2.71","252","2.72","10","234.50",
="089838","南電元大56購01","80,000","8","205,780","2.66","2.75","2.41","2.41","-","0.08","2.41","300","2.42","10","234.50",
="089839","世紀鋼元大53購04","260,000","3","374,400","1.44","1.44","1.44","1.44","+","0.11","1.32","499","1.34","10","171.50",
="08983P","牧德國票4C售02","0","0","0","--","--","--","--"," ","0.00","0.51","25","0.52","10","0.00",
="089840","臺股指元大51購30","0","0","0","--","--","--","--"," ","0.00","4.24","499","4.31","10","0.00",
="089841","臺股指元大51購31","2,000","1","5,080","2.54","2.54","2.54","2.54","+","0.29","2.47","100","2.54","8","0.00",
="089842","川湖統一57購02","16,000","2","16,160","1.01","1.01","1.01","1.01","X","0.00","0.99","10","1.01","9","3,220.00",
="089843","台達電統一57購05","106,000","12","273,940","2.64","2.64","2.51","2.51","-","0.10","2.49","10","2.50","10","893.00",
="089844","台達電統一57購06","0","0","0","--","--","--","--"," ","0.00","2.89","10","2.95","10","893.00",
="089845","漢唐統一57購01","55,000","5","52,100","0.94","0.96","0.94","0.96","-","0.02","0.98","10","0.99","10","987.00",
="089846","漢唐統一57購02","0","0","0","--","--","--","--"," ","0.00","1.05","10","1.06","10","987.00",
="089847","京元電統一57購01","197,000","7","354,920","1.88","1.88","1.74","1.74","-","0.12","1.74","10","1.76","10","167.00",
="089848","京元電統一57購02","20,000","1","23,400","1.17","1.17","1.17","1.17","-","0.01","1.13","10","1.14","10","167.00",
="089849","健鼎統一57購02","199,000","8","168,790","0.85","0.85","0.83","0.85"," ","0.00","0.85","10","0.86","10","309.50",
="08984P","祥碩國票4B售02","0","0","0","--","--","--","--"," ","0.00","1.53","25","1.54","10","0.00",
="089850","瀚宇博統一59購02","342,000","27","526,100","1.57","1.61","1.33","1.33","-","0.10","1.31","10","1.33","10","104.00",
="089851","南電統一57購04","40,000","3","48,800","1.22","1.22","1.22","1.22","+","0.15","1.13","10","1.14","10","234.50",
="089852","南電統一67購02","139,000","13","142,200","1.04","1.05","0.96","0.96","+","0.01","0.95","10","0.96","10","234.50",
="089853","T50正2中信54購04","0","0","0","--","--","--","--"," ","0.00","2.41","499","2.42","100","0.00",
="089854","T50反1中信57購02","2,301,000","19","1,204,010","0.53","0.53","0.51","0.51","-","0.04","0.51","100","0.52","100","0.00",
="089855","臺指反中信57購02","325,000","4","137,000","0.43","0.43","0.42","0.42","-","0.03","0.41","499","0.42","25","0.00",
="089856","大成鋼中信51購01","19,000","1","15,200","0.80","0.80","0.80","0.80","X","0.00","0.75","10","0.76","10","0.00",
="089857","台積電中信54購07","44,000","5","59,710","1.33","1.36","1.33","1.35","+","0.16","1.32","10","1.34","10","0.00",
="089858","全新中信51購01","113,000","9","80,270","0.75","0.75","0.65","0.65","-","0.13","0.64","10","0.65","10","0.00",
="089859","AES中信51購02","213,000","8","126,730","0.62","0.66","0.57","0.57","-","0.07","0.55","10","0.57","10","0.00",
="08985P","矽力國票4C售03","0","0","0","--","--","--","--"," ","0.00","2.87","25","2.91","10","0.00",
="089860","南電中信53購01","1,776,000","128","1,850,100","0.99","1.13","0.92","0.92","-","0.04","0.91","10","0.93","10","0.00",
="089861","南電中信54購01","396,000","22","364,610","0.90","1.00","0.86","0.86","-","0.02","0.85","10","0.86","10","0.00",
="089862","慧洋兆豐53購01","53,000","2","34,040","0.64","0.66","0.64","0.66","-","0.03","0.65","10","0.66","10","58.40",
="089863","台灣50富邦57購01","0","0","0","--","--","--","--"," ","0.00","2.60","100","2.61","100","0.00",
="089864","台灣50富邦62購01","271,000","19","475,440","1.76","1.88","1.72","1.87","+","0.25","1.86","100","1.87","89","0.00",
="089865","上証2X富邦53購01","0","0","0","--","--","--","--"," ","0.00","2.27","100","2.28","100","0.00",
="089866","光寶科富邦53購01","1,000","1","4,530","4.53","4.53","4.53","4.53","+","0.71","4.53","30","4.59","10","0.00",
="089867","力智富邦53購01","67,000","10","69,900","1.07","1.07","0.98","1.04"," ","0.00","1.03","10","1.04","8","0.00",
="089868","昇陽半富邦51購02","0","0","0","--","--","--","--"," ","0.00","2.15","10","2.20","10","0.00",
="089869","南電富邦56購01","143,000","14","310,790","2.22","2.27","1.93","1.93","-","0.09","1.92","30","1.93","10","0.00",
="08986P","鴻海永豐4C售06","0","0","0","--","--","--","--"," ","0.00","0.02","10","0.03","10","0.00",
="089870","FB越南元富53購01","0","0","0","--","--","--","--"," ","0.00","1.42","25","1.43","25","15.73",
="089871","南亞元富51購03","383,000","8","1,154,780","2.99","3.05","2.52","2.52","+","0.08","2.28","25","2.38","10","39.80",
="089872","台化元富51購02","27,000","1","36,450","1.35","1.35","1.35","1.35","X","0.00","1.27","25","1.28","25","28.95",
="089873","台化元富51購03","37,000","4","36,120","0.98","0.98","0.92","0.92","X","0.00","0.90","25","0.91","25","28.95",
="089874","合機元富51購01","0","0","0","--","--","--","--"," ","0.00","1.43","25","1.44","25","46.95",
="089875","台玻元富51購02","10,000","1","61,500","6.15","6.15","6.15","6.15","+","0.10","5.45","25","5.50","25","25.95",
="089876","台玻元富53購01","20,000","1","107,000","5.35","5.35","5.35","5.35"," ","0.00","5.15","25","5.20","25","25.95",
="089877","台玻元富54購01","0","0","0","--","--","--","--"," ","0.00","5.60","25","5.65","25","25.95",
="089878","光寶科元富51購01","0","0","0","--","--","--","--"," ","0.00","7.35","25","7.85","25","183.00",
="089879","光寶科元富51購02","5,000","5","42,500","8.00","9.00","8.00","8.20","-","0.30","7.50","27","--","0","183.00",
="08987P","南亞科永豐4B售03","0","0","0","--","--","--","--"," ","0.00","--","0","--","0","0.00",
="089880","鴻海元富51購06","0","0","0","--","--","--","--"," ","0.00","4.42","25","4.52","25","221.00",
="089881","漢唐元富51購05","6,000","2","22,410","3.72","3.75","3.72","3.75","X","0.00","1.30","12","--","0","987.00",
="089882","宏達電元富53購01","0","0","0","--","--","--","--"," ","0.00","11.80","25","11.90","25","64.60",
="089883","文曄元富51購01","44,000","2","69,080","1.57","1.57","1.57","1.57","+","0.02","1.57","25","1.59","25","137.50",
="089884","蔚華科元富51購01","0","0","0","--","--","--","--"," ","0.00","1.49","25","1.56","25","57.50",
="089885","南寶元富51購01","30,000","1","95,700","3.19","3.19","3.19","3.19","-","0.23","3.23","25","3.33","10","416.50",
="089886","祥碩元富51購02","0","0","0","--","--","--","--"," ","0.00","0.80","45","0.81","25","1,525.00",
="089887","祥碩元富51購03","0","0","0","--","--","--","--"," ","0.00","0.52","25","0.53","25","1,525.00",
="089888","訊芯元富51購02","150,000","8","319,180","2.18","2.26","2.06","2.06","-","0.04","2.06","15","2.08","10","164.50",
="089889","AES元富53購02","0","0","0","--","--","--","--"," ","0.00","2.44","25","2.48","25","1,195.00",
="08988P","世芯永豐4B售10","0","0","0","--","--","--","--"," ","0.00","0.01","10","0.03","10","0.00",
="089890","連加元富53購01","10,000","1","5,500","0.55","0.55","0.55","0.55","-","0.03","0.56","25","0.57","25","606.00",
="089891","T50反1國泰53購01","0","0","0","--","--","--","--"," ","0.00","0.27","499","0.28","499","18.29",
="089892","T50反1國泰53購02","0","0","0","--","--","--","--"," ","0.00","0.16","499","0.17","100","18.29",
="089893","台玻國泰53購02","0","0","0","--","--","--","--"," ","0.00","3.10","499","--","0","25.95",
="089894","大聯大國泰53購01","26,000","3","35,570","1.37","1.37","1.34","1.34","+","0.02","1.34","499","1.35","100","66.10",
="089895","緯穎國泰53購02","50,000","1","123,000","2.46","2.46","2.46","2.46","-","0.16","2.41","10","2.46","10","3,140.00",
="089896","AES國泰53購01","0","0","0","--","--","--","--"," ","0.00","2.00","499","2.03","200","1,195.00",
="089897","南電國泰53購03","0","0","0","--","--","--","--"," ","0.00","3.62","499","3.72","160","234.50",
="089898","滬深2X國票5A購01","130,000","17","236,610","1.85","2.01","1.75","1.77","-","0.14","1.76","25","1.77","10","19.04",
="089899","南亞國票53購01","318,000","10","694,170","2.11","2.23","1.93","1.94","+","0.29","1.69","25","1.70","10","39.80",
="08989P","臺股指永豐53售03","0","0","0","--","--","--","--"," ","0.00","0.31","10","0.32","10","0.00",
="089900","華城國票53購01","0","0","0","--","--","--","--"," ","0.00","1.05","25","1.06","10","586.00",
="089901","台玻國票53購01","0","0","0","--","--","--","--"," ","0.00","2.08","25","--","0","25.95",
="089902","光寶科國票57購01","0","0","0","--","--","--","--"," ","0.00","3.38","25","3.45","10","183.00",
="089903","鴻海國票59購01","90,000","11","262,520","2.90","2.96","2.88","2.96","+","0.27","2.94","25","2.96","10","221.00",
="089904","金像電國票53購01","20,000","3","115,000","5.80","5.80","5.70","5.70","+","0.35","5.50","25","5.60","10","455.00",
="089905","台光電國票62購01","5,000","1","13,250","2.65","2.65","2.65","2.65","+","0.36","2.55","25","2.59","10","1,345.00",
="089906","全新國票51購03","0","0","0","--","--","--","--"," ","0.00","1.22","25","1.23","10","160.00",
="089907","奇鋐國票53購01","38,000","15","199,010","5.75","5.75","4.67","4.67","-","0.09","4.68","25","4.78","10","1,015.00",
="089908","蔚華科國票51購01","11,000","2","12,100","1.10","1.10","1.10","1.10","-","0.13","1.09","25","1.12","12","57.50",
="089909","世芯國票53購06","10,000","1","15,100","1.51","1.51","1.51","1.51","X","0.00","1.51","25","1.52","10","3,700.00",
="08990P","臺股指永豐53售04","0","0","0","--","--","--","--"," ","0.00","0.16","499","0.17","10","0.00",
="089910","訊芯國票53購02","22,000","2","29,260","1.33","1.33","1.33","1.33","+","0.15","1.21","25","1.22","10","164.50",
="089911","穎崴國票53購02","0","0","0","--","--","--","--"," ","0.00","5.05","25","5.55","10","2,015.00",
="089912","AES國票51購04","63,000","5","60,320","0.98","1.02","0.95","0.95","-","0.04","0.92","25","0.93","10","1,195.00",
="089913","AES國票53購02","4,000","4","4,760","1.17","1.20","1.17","1.19","+","0.03","1.11","25","1.12","10","1,195.00",
="089915","南電國票57購02","83,000","9","378,250","4.70","4.70","4.23","4.23","-","0.13","4.18","25","4.24","10","234.50",
="089916","臺股指國票53購05","1,000","1","4,690","4.69","4.69","4.69","4.69","X","0.00","4.72","499","4.73","499","0.00",
="089917","智邦台新51購01","0","0","0","--","--","--","--"," ","0.00","3.32","20","3.33","10","0.00",
="089918","T50反1永豐51購04","0","0","0","--","--","--","--"," ","0.00","0.09","300","0.11","10","18.29",
="08991P","台光電凱基4B售04","0","0","0","--","--","--","--"," ","0.00","--","0","0.01","250","0.00",
="089920","台塑永豐53購03","0","0","0","--","--","--","--"," ","0.00","0.66","499","0.67","10","38.60",
="089921","南亞永豐51購01","77,000","9","80,180","1.00","1.09","0.93","0.93","-","0.02","0.88","10","0.89","10","39.80",
="089922","南亞永豐53購02","157,000","5","224,400","1.41","1.44","1.41","1.43","+","0.15","1.16","499","1.18","10","39.80",
="089923","台化永豐51購02","1,000","1","720","0.72","0.72","0.72","0.72","X","0.00","0.72","499","0.73","10","28.95",
="089925","光寶科永豐53購01","0","0","0","--","--","--","--"," ","0.00","6.70","10","7.05","10","183.00",
="089926","鴻海永豐51購08","75,000","7","224,500","2.97","3.06","2.94","3.03","+","0.41","3.03","10","3.06","10","221.00",
="089927","台積電永豐67購02","822,000","25","1,162,030","1.37","1.45","1.36","1.44","+","0.15","1.45","5","1.47","2","1,340.00",
="089928","智邦永豐53購03","64,000","5","131,440","2.06","2.06","2.02","2.02","+","0.14","2.01","10","2.06","10","1,005.00",
="089929","金像電永豐53購03","19,000","4","37,440","1.93","2.01","1.90","1.90","+","0.04","1.90","10","1.91","10","455.00",
="08992P","奇鋐凱基4B售06","0","0","0","--","--","--","--"," ","0.00","0.01","100","0.03","50","0.00",
="089930","佳能永豐53購03","0","0","0","--","--","--","--"," ","0.00","4.39","10","4.49","10","88.80",
="089931","台光電永豐51購10","20,000","4","27,460","1.30","1.46","1.30","1.40","+","0.22","1.39","499","1.40","5","1,345.00",
="089932","台光電永豐53購03","259,000","17","350,270","1.30","1.43","1.30","1.37","X","0.00","1.31","10","1.34","10","1,345.00",
="089933","長榮永豐54購02","0","0","0","--","--","--","--"," ","0.00","0.82","499","0.83","10","182.00",
="089934","新興永豐51購01","6,000","2","3,000","0.50","0.50","0.50","0.50","-","0.05","0.52","10","0.53","10","22.60",
="089937","德律永豐51購01","140,000","6","249,250","1.76","1.81","1.76","1.78","-","0.01","1.75","499","1.78","10","189.00",
="089938","新日興永豐53購03","0","0","0","--","--","--","--"," ","0.00","--","0","--","0","237.00",
="08993P","力成凱基4C售01","0","0","0","--","--","--","--"," ","0.00","0.05","100","0.07","50","0.00",
="089941","貿聯永豐51購04","38,000","2","85,880","2.26","2.26","2.26","2.26","-","0.17","2.19","499","2.26","10","1,085.00",
="089942","訊芯永豐53購02","3,000","1","2,730","0.91","0.91","0.91","0.91","X","0.00","0.82","10","0.83","10","164.50",
="089943","台塑化永豐53購01","0","0","0","--","--","--","--"," ","0.00","0.65","499","0.66","10","39.25",
="089944","緯穎永豐51購09","0","0","0","--","--","--","--"," ","0.00","1.67","10","1.68","10","3,140.00",
="089946","AES永豐53購04","0","0","0","--","--","--","--"," ","0.00","1.07","499","1.08","10","1,195.00",
="089947","世紀鋼永豐51購03","1,000","1","550","0.55","0.55","0.55","0.55","+","0.02","0.51","499","0.52","10","171.50",
="089948","中502X元大51購03","10,000","1","22,300","2.23","2.23","2.23","2.23","X","0.00","2.12","499","2.14","50","13.10",
="089949","中502X元大53購02","14,000","4","38,690","2.90","2.90","2.75","2.75","-","0.20","2.72","100","2.74","50","13.10",
="08994P","台表科凱基4C售01","0","0","0","--","--","--","--"," ","0.00","0.30","10","0.31","10","0.00",
="089950","FB越南元大53購03","5,000","1","5,150","1.03","1.03","1.03","1.03","-","0.05","1.04","100","1.05","50","15.73",
="089951","FB越南元大54購02","3,000","1","3,330","1.11","1.11","1.11","1.11","X","0.00","1.11","100","1.13","50","15.73",
="089952","聚陽元大51購03","0","0","0","--","--","--","--"," ","0.00","1.85","400","1.89","10","294.00",
="089953","華城元大53購04","0","0","0","--","--","--","--"," ","0.00","0.28","499","0.29","10","586.00",
="089954","大成鋼元大51購11","83,000","1","128,650","1.55","1.55","1.55","1.55","+","0.02","1.46","499","1.47","10","37.90",
="089955","光寶科元大51購07","22,000","4","80,970","3.62","3.76","3.54","3.54","-","0.66","3.76","200","--","0","183.00",
="089956","鴻海元大51購38","350,000","5","678,200","1.91","2.00","1.90","1.94","+","0.28","1.94","450","1.96","10","221.00",
="089957","廣宇元大51購03","2,000","1","5,080","2.54","2.54","2.54","2.54","-","0.06","2.46","300","2.56","10","54.10",
="089958","智邦元大51購10","66,000","10","209,500","3.07","3.25","3.07","3.25","+","0.38","0.15","133","--","0","1,005.00",
="089959","華碩元大51購09","0","0","0","--","--","--","--"," ","0.00","1.72","25","1.75","10","684.00",
="08995P","台塑化凱基4B售02","0","0","0","--","--","--","--"," ","0.00","0.64","100","0.74","10","0.00",
="089960","矽統元大51購09","0","0","0","--","--","--","--"," ","0.00","1.81","400","1.83","10","58.60",
="089961","佳能元大54購01","0","0","0","--","--","--","--"," ","0.00","2.60","300","--","0","88.80",
="089962","建準元大51購02","175,000","8","177,060","1.07","1.07","0.96","0.96","+","0.03","0.81","501","0.84","10","129.00",
="089963","聯發科元大51購36","1,815,000","24","876,970","0.59","0.59","0.45","0.45","-","0.10","0.43","30","0.44","10","1,375.00",
="089964","宏達電元大51購09","0","0","0","--","--","--","--"," ","0.00","10.60","50","--","0","64.60",
="089965","大立光元大53購02","594,000","11","402,540","0.72","0.72","0.66","0.66","-","0.07","0.69","499","0.71","10","2,360.00",
="089966","欣興元大53購05","279,000","11","420,930","1.50","1.60","1.48","1.48","+","0.02","1.44","499","1.46","10","159.00",
="089967","景碩元大51購12","75,000","8","66,350","0.89","0.92","0.82","0.82","-","0.06","0.79","5","0.80","10","111.50",
="089968","玉晶光元大53購01","50,000","2","23,400","0.46","0.48","0.46","0.48","+","0.02","0.46","25","0.47","10","443.50",
="089969","聯鈞元大51購11","44,000","6","137,420","2.94","3.45","2.94","3.45","+","0.57","3.46","25","--","0","278.00",
="08996P","臺股指凱基4B售28","0","0","0","--","--","--","--"," ","0.00","0.01","216","0.02","10","0.00",
="089970","世芯元大51購50","100,000","6","125,250","1.32","1.32","1.14","1.14","-","0.27","0.15","66","--","0","3,700.00",
="089971","祥碩元大51購04","189,000","1","52,920","0.28","0.28","0.28","0.28","+","0.01","0.27","499","0.28","10","1,525.00",
="089972","祥碩元大51購05","0","0","0","--","--","--","--"," ","0.00","0.21","499","0.22","10","1,525.00",
="089973","瀚宇博元大51購04","2,000","2","15,800","7.85","7.95","7.85","7.95","+","1.40","7.40","25","7.55","10","104.00",
="089974","亞翔元大53購04","123,000","2","152,540","1.26","1.26","1.24","1.24","-","0.04","1.24","499","1.26","10","358.50",
="089975","台郡元大51購03","116,000","8","108,400","0.94","0.96","0.89","0.96","-","0.02","0.88","499","0.90","10","66.80",
="089976","台郡元大51購04","18,000","2","20,980","1.21","1.21","1.11","1.11","-","0.24","1.12","499","1.14","10","66.80",
="089977","台郡元大51購05","54,000","4","69,640","1.37","1.37","1.27","1.33","-","0.16","1.28","499","1.30","10","66.80",
="089978","力積電元大51購04","1,000","1","3,260","3.26","3.26","3.26","3.26","X","0.00","3.27","5","--","0","23.45",
="089979","富世達元大53購04","0","0","0","--","--","--","--"," ","0.00","1.45","499","1.49","10","1,010.00",
="08997P","臺股指凱基4B售30","148,000","3","16,580","0.11","0.12","0.04","0.04","-","0.10","0.04","16","0.12","499","0.00",
="089980","南電元大51購18","132,000","13","366,020","2.81","2.85","2.45","2.45","+","0.01","2.43","300","2.45","10","234.50",
="089981","南電元大56購02","102,000","15","321,750","3.19","3.24","3.03","3.11","+","0.16","2.84","250","2.86","10","234.50",
="089982","南電元大57購01","57,000","9","172,080","3.06","3.14","2.86","2.92","+","0.23","2.72","250","2.82","10","234.50",
="089983","T50正2凱基5A購01","0","0","0","--","--","--","--"," ","0.00","2.34","10","2.35","10","302.45",
="089984","T50反1凱基56購03","0","0","0","--","--","--","--"," ","0.00","0.46","100","0.47","10","18.29",
="089985","道瓊反凱基56購01","0","0","0","--","--","--","--"," ","0.00","0.28","100","0.29","50","5.81",
="089986","群高息凱基51購01","0","0","0","--","--","--","--"," ","0.00","0.91","100","0.92","10","21.44",
="089987","科技息凱基51購01","26,000","2","31,940","1.24","1.24","1.22","1.22","X","0.00","1.21","100","1.22","50","18.92",
="089988","台塑凱基53購02","0","0","0","--","--","--","--"," ","0.00","1.06","10","1.07","10","38.60",
="089989","南亞凱基51購04","37,000","7","124,550","3.17","3.60","3.17","3.58","+","0.62","2.77","10","2.79","10","39.80",
="08998P","臺股指凱基54售07","0","0","0","--","--","--","--"," ","0.00","0.28","100","0.29","10","0.00",
="089990","台化凱基51購05","8,000","2","6,230","0.77","0.78","0.77","0.78","+","0.03","0.70","10","0.71","10","28.95",
="089991","中砂凱基51購03","75,000","2","75,470","0.97","1.05","0.97","1.05","+","0.16","0.97","100","0.98","10","339.00",
="089992","台玻凱基51購07","38,000","9","136,280","3.56","3.68","3.36","3.36","-","0.07","3.15","10","3.17","10","25.95",
="089993","川湖凱基57購01","86,000","5","257,390","2.94","3.06","2.94","2.99","-","0.02","2.83","100","2.90","10","3,220.00",
="089994","光寶科凱基51購02","0","0","0","--","--","--","--"," ","0.00","5.40","50","5.90","10","183.00",
="089995","鴻海凱基53購07","18,000","4","46,430","2.54","2.59","2.52","2.52","X","0.00","2.54","499","2.55","499","221.00",
="089996","台積電凱基51購31","0","0","0","--","--","--","--"," ","0.00","2.74","100","2.84","10","1,340.00",
="089997","台積電凱基53購32","1,000","1","2,460","2.46","2.46","2.46","2.46","+","0.43","2.38","100","2.48","10","1,340.00",
="089998","華邦電凱基51購05","40,000","7","507,000","12.10","13.20","12.10","13.20","+","2.30","12.80","20","13.80","10","36.45",
="089999","智邦凱基53購02","0","0","0","--","--","--","--"," ","0.00","5.05","10","5.15","10","1,005.00",
="08999P","臺股指凱基54售08","0","0","0","--","--","--","--"," ","0.00","0.24","100","0.25","10","0.00",
"1101","台泥","66,096,545","23,423","1,571,012,503","24.05","24.05","23.50","23.75","-","0.85","23.75","1,326","23.80","222","23.06",
"1101B","台泥乙特","9,369","16","426,600","45.45","45.65","45.45","45.65","+","0.10","45.40","6","45.65","2","0.00",
"1102","亞泥","5,949,084","3,062","219,221,559","37.20","37.25","36.65","36.85","-","0.20","36.80","142","36.85","9","13.07",
"1103","嘉泥","317,531","275","4,286,232","13.60","13.60","13.45","13.50","-","0.10","13.50","1","13.55","34","112.50",
"1104","環泥","886,793","613","26,404,577","29.75","29.95","29.70","29.80","-","0.05","29.80","6","29.85","22","13.42",
"1108","幸福","70,231","51","1,056,817","15.15","15.15","15.00","15.05"," ","0.00","15.05","3","15.10","68","6.52",
"1109","信大","146,558","83","2,303,890","15.75","15.80","15.65","15.70","-","0.10","15.70","12","15.75","1","16.35",
"1110","東泥","131,571","97","2,230,145","17.05","17.15","16.85","16.95","-","0.15","16.85","5","16.95","6","31.98",
"1201","味全","202,905","231","3,137,808","15.50","15.50","15.40","15.45","-","0.05","15.45","6","15.50","15","22.72",
"1203","味王","39,088","75","1,558,282","39.35","40.05","39.35","40.05","+","0.15","39.50","1","39.75","1","21.53",
"1210","大成","2,318,487","2,655","120,809,461","52.60","52.60","51.80","52.00","-","0.70","52.00","278","52.20","14","12.97",
"1213","大飲","15,041","15","181,897","12.20","12.20","12.05","12.05","-","0.10","12.00","1","12.30","1","1.39",
"1215","卜蜂","737,415","1,056","98,630,114","133.50","135.00","132.50","134.00","+","0.50","134.00","4","134.50","36","14.94",
"1216","統一","8,343,420","3,136","653,545,158","78.20","78.50","78.20","78.40","-","0.20","78.30","45","78.40","11","22.40",
"1217","愛之味","547,057","366","5,815,214","10.70","10.70","10.60","10.60","-","0.05","10.60","200","10.65","46","75.71",
"1218","泰山","405,240","278","7,690,863","19.05","19.05","18.90","19.00","-","0.10","19.00","18","19.05","12","13.10",
"1219","福壽","215,128","175","2,870,555","13.40","13.40","13.30","13.35","-","0.05","13.35","21","13.40","26","49.44",
"1220","台榮","95,920","99","1,236,508","13.05","13.05","12.85","12.85","-","0.15","12.80","34","12.90","1","37.79",
"1225","福懋油","1,538,100","442","48,878,084","32.00","32.60","31.50","31.65","-","0.25","31.60","3","31.65","1","22.61",
"1227","佳格","753,892","727","22,665,247","30.15","30.15","30.00","30.10","-","0.10","30.10","1","30.15","20","18.93",
"1229","聯華","1,908,896","7,073","93,023,934","49.60","49.60","48.15","48.60","-","0.80","48.55","12","48.60","1","20.42",
"1231","聯華食","639,463","2,022","82,179,698","130.00","130.50","127.50","128.50","-","2.00","128.50","56","129.00","6","35.11",
"1232","大統益","41,166","150","6,064,665","147.00","147.50","147.00","147.50","+","0.50","147.00","37","147.50","8","19.03",
"1233","天仁","17,204","25","528,477","30.80","30.80","30.60","30.65","-","0.05","30.60","2","30.70","1","38.80",
"1234","黑松","170,525","200","6,529,131","38.35","38.50","38.25","38.25","-","0.15","38.25","18","38.35","2","16.92",
"1235","興泰","22,566","82","1,416,788","64.30","64.40","62.00","62.60"," ","0.00","62.60","1","62.90","1","0.00",
"1236","宏亞","50,346","103","1,203,265","23.80","24.00","23.75","23.95","+","0.15","23.80","13","23.95","2","0.00",
"1256","鮮活果汁-KY","42,636","425","7,294,207","175.50","175.50","169.50","171.50","-","2.50","170.00","1","172.00","2","19.40",
"1301","台塑","11,586,075","7,374","449,526,521","38.75","39.20","38.50","38.60","-","0.05","38.55","28","38.60","47","0.00",
"1303","南亞","130,969,991","58,778","5,372,811,783","40.75","42.45","39.80","39.80","-","0.75","39.80","479","39.85","15","0.00",
"1304","台聚","1,399,868","719","14,406,524","10.25","10.45","10.20","10.20","-","0.05","10.20","150","10.25","15","0.00",
"1305","華夏","777,804","347","8,963,801","11.50","11.65","11.45","11.55","+","0.05","11.55","7","11.60","13","0.00",
"1307","三芳","457,959","276","13,870,527","30.50","30.60","30.10","30.30","-","0.10","30.30","9","30.35","6","10.48",
"1308","亞聚","922,849","409","10,896,661","11.85","11.90","11.70","11.75","-","0.10","11.75","7","11.80","43","0.00",
"1309","台達化","443,689","365","4,810,230","10.85","11.00","10.75","10.80","-","0.05","10.80","10","10.85","5","0.00",
"1310","台苯","597,957","359","5,174,740","8.58","8.70","8.58","8.65","+","0.07","8.64","3","8.65","3","0.00",
"1312","國喬","4,934,954","1,616","46,738,065","9.40","9.57","9.37","9.51","+","0.11","9.51","40","9.52","62","0.00",
"1312A","國喬特","1,000","1","21,300","21.30","21.30","21.30","21.30"," ","0.00","21.30","3","22.90","16","0.00",
"1313","聯成","7,307,403","2,809","78,033,990","10.30","10.95","10.30","10.55","+","0.40","10.55","38","10.60","6","0.00",
"1314","中石化","9,410,716","2,534","68,575,574","7.35","7.38","7.26","7.26","-","0.07","7.26","611","7.27","90","0.00",
"1315","達新","12,318","21","789,414","63.90","64.20","63.90","64.10","-","0.10","64.00","7","64.10","1","95.67",
"1316","上曜","9,844,794","4,026","145,721,598","14.50","15.10","14.35","14.85","+","0.40","14.80","155","14.85","64","0.00",
"1319","東陽","2,980,363","2,952","282,465,694","96.00","96.10","94.10","94.10","-","1.50","94.10","83","94.20","5","13.62",
"1321","大洋","127,001","70","4,624,086","36.55","36.65","36.20","36.55"," ","0.00","36.50","1","36.55","3","0.00",
"1323","永裕","16,168","26","319,215","19.80","19.80","19.70","19.80"," ","0.00","19.75","1","19.80","41","9.80",
"1324","地球","75,452","78","844,811","11.15","11.30","11.10","11.15"," ","0.00","11.05","8","11.20","5","0.00",
"1325","恆大","340,128","323","9,922,991","29.50","29.50","29.00","29.30","-","0.10","29.30","2","29.35","3","0.00",
"1326","台化","9,296,538","4,698","270,730,089","29.10","29.45","28.85","28.95","-","0.15","28.90","143","28.95","23","0.00",
"1337","再生-KY","510,498","294","2,538,294","5.01","5.04","4.94","4.99","+","0.06","4.98","3","4.99","12","0.00",
"1338","廣華-KY","91,088","64","2,020,455","22.25","22.30","22.05","22.15","-","0.05","22.10","1","22.20","8","0.00",
"1339","昭輝","46,255","411","1,965,993","42.65","42.70","42.30","42.35","-","0.65","42.35","1","42.40","1","19.25",
"1340","勝悅-KY","2,905,144","1,645","23,873,607","8.10","8.57","8.00","8.13","+","0.32","8.13","2","8.15","1","0.00",
"1341","富林-KY","5,003","8","293,273","57.90","60.00","57.90","58.40","-","1.60","58.40","2","59.70","1","13.74",
"1342","八貫","169,098","577","14,405,034","85.50","85.80","84.80","85.10","-","0.40","84.90","10","85.20","1","15.31",
"1402","遠東新","5,036,635","2,461","140,518,989","27.85","28.10","27.80","27.80","-","0.15","27.80","326","27.85","43","17.94",
"1409","新纖","6,013,371","2,145","85,767,394","14.55","14.55","14.15","14.20","-","0.20","14.20","469","14.25","71","19.19",
"1410","南染","34,012","25","1,181,720","34.85","35.40","34.55","34.55","-","0.35","34.55","1","34.80","1","150.22",
"1413","宏洲","9,621","25","104,799","11.20","11.20","10.75","10.80"," ","0.00","10.75","2","10.85","7","30.00",
"1414","東和","629,304","347","11,760,757","18.70","18.95","18.45","18.90","+","0.30","18.70","1","18.90","9","157.50",
"1416","廣豐","129,269","122","1,446,716","11.25","11.25","11.15","11.20"," ","0.00","11.20","5","11.25","14","18.06",
"1417","嘉裕","54,258","68","447,226","8.30","8.30","8.22","8.25","-","0.05","8.22","5","8.25","4","0.00",
"1418","東華","13,010","20","272,806","21.55","21.55","20.85","20.85","-","0.10","20.85","1","20.95","1","417.00",
"1419","新紡","418,703","382","23,235,500","55.00","56.10","54.50","55.80","+","0.80","55.80","4","55.90","3","16.86",
"1423","利華","8,184","20","310,986","38.00","38.00","38.00","38.00"," ","0.00","38.00","5","38.10","1","20.11",
"1432","大魯閣","68,619","175","1,200,548","17.45","17.55","17.45","17.50","+","0.05","17.45","25","17.50","16","0.00",
"1434","福懋","1,451,751","899","21,986,421","15.15","15.30","15.00","15.15"," ","0.00","15.10","66","15.15","13","20.75",
"1435","中福","4,631","19","117,805","25.05","26.00","25.05","26.00","X","0.00","25.55","1","27.25","1","0.00",
"1436","華友聯","212,646","245","15,588,216","73.60","73.80","72.90","73.20","-","0.70","73.20","1","73.30","3","4.47",
"1437","勤益控","118,250","121","3,688,961","31.20","31.45","31.15","31.15","-","0.30","31.15","17","31.20","4","20.36",
"1438","三地開發","29,330","57","1,102,167","37.50","37.65","37.50","37.55","-","0.10","37.50","3","37.55","1","0.00",
"1439","雋揚","13,040","12","375,500","28.85","28.95","28.70","28.85","-","0.10","28.80","1","28.85","2","12.60",
"1440","南紡","1,275,981","538","17,488,860","13.80","13.85","13.65","13.70","-","0.15","13.65","116","13.70","10","0.00",
"1441","大東","27,484","73","308,617","11.25","11.30","11.15","11.15","-","0.10","11.20","1","11.25","1","0.00",
"1442","名軒","1,346,027","1,022","59,875,067","45.25","45.35","43.75","44.60","-","0.75","44.60","124","44.75","2","8.26",
"1443","立益物流","8,814","16","251,275","28.55","28.55","28.50","28.50","-","0.05","28.45","1","28.75","1","38.00",
"1444","力麗","716,858","511","4,702,488","6.62","6.63","6.52","6.53","-","0.11","6.53","37","6.54","7","0.00",
"1445","大宇","109,197","42","1,648,354","15.10","15.30","15.00","15.10"," ","0.00","15.05","4","15.10","1","0.00",
"1446","宏和","225,090","146","4,490,305","20.15","20.15","19.85","20.00","-","0.05","19.95","3","20.00","2","2.82",
"1447","力鵬","444,406","254","2,585,158","5.88","5.88","5.77","5.78","-","0.10","5.78","3","5.79","19","0.00",
"1449","佳和","400,970","239","4,655,285","11.75","11.75","11.55","11.60","-","0.10","11.60","25","11.65","4","64.44",
"1451","年興","96,692","84","1,712,413","17.85","17.85","17.65","17.75","-","0.05","17.75","6","17.80","1","10.76",
"1452","宏益","106,636","91","1,485,449","13.95","14.05","13.80","13.90","-","0.05","13.85","7","13.90","1","0.00",
"1453","大將","31,306","50","428,809","13.55","13.80","13.55","13.65"," ","0.00","13.60","18","13.70","1","0.00",
"1454","台富","65,635","244","928,028","14.25","14.25","14.00","14.10","-","0.25","14.15","1","14.20","9","0.00",
"1455","集盛","434,792","251","3,893,014","8.99","9.00","8.93","8.96","-","0.03","8.95","29","8.96","11","0.00",
"1456","怡華","29,675","36","362,093","12.00","12.30","12.00","12.30","+","0.15","12.00","4","12.30","4","8.48",
"1457","宜進","170,230","114","2,775,857","16.55","16.55","16.20","16.35","-","0.15","16.35","9","16.40","4","15.72",
"1459","聯發","108,662","90","1,257,261","11.60","11.65","11.50","11.65"," ","0.00","11.60","9","11.65","6","27.74",
"1460","宏遠","1,253,664","484","7,294,716","5.93","5.93","5.65","5.85","-","0.06","5.80","50","5.85","5","0.00",
"1463","強盛新","40,369","50","787,030","19.45","19.60","19.40","19.50"," ","0.00","19.45","14","19.60","16","5.89",
"1464","得力","302,473","371","3,318,332","11.00","11.05","10.90","11.00","+","0.05","11.00","12","11.05","6","20.37",
"1465","偉全","42,876","62","563,920","13.10","13.20","13.10","13.20","-","0.05","13.10","1","13.20","7","0.00",
"1466","聚隆","760,349","496","13,201,339","17.85","17.90","17.05","17.20","-","0.50","17.10","9","17.30","4","0.00",
"1467","南緯","79,151","58","594,071","7.57","7.57","7.48","7.50","-","0.02","7.50","5","7.51","1","0.00",
"1468","昶和","70,019","54","914,995","13.40","13.40","12.90","13.30","-","0.10","12.95","2","13.05","3","0.00",
"1470","大統新創","15,718","18","347,055","21.60","22.30","21.60","22.30","X","0.00","21.65","1","22.20","2","39.12",
"1471","首利","177,932","143","1,733,872","9.89","9.89","9.72","9.75","-","0.05","9.75","3","9.77","2","0.00",
"1472","三洋實業","71,043","53","6,449,771","91.00","91.00","90.70","90.80","-","0.20","90.70","7","91.00","2","17.13",
"1473","台南","138,268","147","3,441,197","24.80","25.15","24.80","24.95","-","0.20","24.90","6","25.00","9","13.27",
"1474","弘裕","362,642","356","4,325,365","12.05","12.20","11.80","12.20","+","0.10","11.95","3","12.20","59","71.76",
"1475","業旺","22,220","64","745,041","33.65","33.65","33.45","33.45","-","0.20","33.50","2","33.60","6","10.76",
"1476","儒鴻","674,371","2,314","290,866,607","437.50","438.00","427.50","431.50","-","6.00","431.00","2","432.00","5","20.55",
"1477","聚陽","942,957","1,143","277,530,422","294.00","296.00","291.00","294.00"," ","0.00","294.00","8","294.50","10","18.03",
"1503","士電","1,122,115","1,643","205,106,377","184.50","185.00","181.50","183.00","-","1.50","182.50","33","183.00","13","29.33",
"1504","東元","124,482,074","55,033","11,529,738,022","88.00","94.00","87.80","94.00","+","8.50","94.00","47,384","--","0","35.61",
"1506","正道","235,664","101","3,076,669","13.15","13.30","13.00","13.20","+","0.05","13.15","3","13.20","8","264.00",
"1512","瑞利","135,533","88","1,159,552","8.93","8.93","8.40","8.42","+","0.06","8.42","6","8.48","1","0.00",
"1513","中興電","3,110,608","3,488","496,397,692","161.00","161.50","159.00","159.00","-","1.00","159.00","520","159.50","9","21.87",
"1514","亞力","1,200,560","1,245","123,263,163","103.50","103.50","102.00","102.50","-","1.00","102.00","281","102.50","3","37.41",
"1515","力山","655,614","410","19,215,515","29.75","29.80","29.00","29.00","-","0.75","28.95","11","29.00","12","0.00",
"1516","川飛","51,281","47","789,150","15.35","15.40","15.30","15.40","-","0.10","15.40","10","15.65","1","0.00",
"1517","利奇","439,276","262","4,745,558","10.75","10.90","10.65","10.80","+","0.05","10.75","20","10.80","7","0.00",
"1519","華城","1,114,157","3,218","655,052,250","589.00","594.00","582.00","586.00","-","1.00","586.00","3","587.00","1","37.86",
"1521","大億","29,725","44","760,436","25.75","25.80","25.45","25.50","-","0.15","25.45","14","25.55","1","51.00",
"1522","堤維西","877,940","1,312","37,801,550","43.65","43.80","42.70","43.00","-","0.40","42.95","8","43.00","8","33.86",
"1522A","堤維西甲特","2,907","7","141,138","48.70","48.70","48.70","48.70","+","0.30","48.45","1","48.80","4","0.00",
"1524","耿鼎","743,277","549","21,331,078","28.95","29.00","28.60","28.60","-","0.30","28.60","47","28.70","15","10.29",
"1525","江申","4,016","6","278,917","69.10","69.80","69.10","69.80","+","0.70","68.80","1","69.90","2","17.07",
"1526","日馳","62,615","72","1,083,528","17.40","17.40","17.10","17.25","-","0.25","17.15","2","17.25","1","0.00",
"1527","鑽全","163,417","182","5,352,018","32.90","32.95","32.65","32.85","-","0.20","32.85","1","32.90","1","22.97",
"1528","恩德","3,182,571","1,399","51,500,248","16.30","16.65","16.00","16.05","-","0.15","16.05","92","16.10","3","0.00",
"1529","樂事綠能","410,402","333","9,524,768","23.50","23.60","23.00","23.20","-","0.20","23.20","4","23.25","2","38.67",
"1530","亞崴","6,234","47","174,653","27.85","28.05","27.85","28.05","+","0.10","27.85","2","27.95","1","0.00",
"1531","高林股","132,350","165","1,534,645","11.70","11.70","11.50","11.55","-","0.15","11.55","37","11.60","10","0.00",
"1532","勤美","622,061","573","16,739,558","27.15","27.25","26.75","26.90","-","0.30","26.90","39","27.00","5","0.00",
"1533","車王電","93,214","124","3,015,888","32.30","32.75","32.00","32.15","-","0.15","32.15","2","32.20","1","0.00",
"1535","中宇","54,509","46","3,009,271","55.10","55.40","54.80","55.30"," ","0.00","55.30","5","55.40","3","13.89",
"1536","和大","2,707,968","2,547","177,908,166","66.50","66.80","65.20","65.30","-","0.80","65.30","73","65.40","25","0.00",
"1537","廣隆","79,111","130","10,183,117","129.00","129.00","128.50","129.00","+","1.00","128.50","18","129.00","10","13.42",
"1538","正峰","5,214","9","144,199","26.70","29.30","26.70","26.70"," ","0.00","26.70","1","28.45","1","0.00",
"1539","巨庭","80,933","73","1,461,441","18.30","18.30","18.00","18.00","-","0.20","18.00","3","18.05","1","0.00",
"1540","喬福","246,355","210","6,290,159","25.80","25.80","25.30","25.45","-","0.10","25.45","2","25.50","1","33.49",
"1541","錩泰","50,051","40","1,297,761","25.65","26.30","25.10","25.85","-","0.50","25.85","1","26.05","2","198.85",
"1558","伸興","94,162","186","8,549,401","91.30","91.30","90.50","90.80","-","0.50","90.70","22","90.90","2","16.97",
"1560","中砂","5,853,576","6,776","1,997,326,456","336.50","347.00","336.00","339.00","+","6.00","339.00","11","339.50","68","46.12",
"1563","巧新","363,090","286","18,004,250","50.00","50.00","49.35","49.40","-","0.60","49.40","14","49.45","3","17.39",
"1568","倉佑","31,491","49","740,453","23.50","23.65","23.45","23.55","-","0.05","23.55","2","23.65","2","21.61",
"1582","信錦","399,924","1,007","27,814,475","70.00","70.10","69.10","69.40","-","0.60","69.40","3","69.50","3","13.96",
"1583","程泰","9,894","50","498,524","50.40","50.40","50.20","50.40"," ","0.00","50.20","3","50.60","1","56.63",
"1587","吉茂","3,434,129","3,314","146,048,632","41.80","44.25","40.00","43.90","+","1.90","43.85","1","43.90","1","0.00",
"1589","永冠-KY","1,788,541","1,251","38,448,724","21.25","22.00","21.10","21.20","-","0.35","21.15","24","21.20","7","0.00",
"1590","亞德客-KY","1,011,436","2,058","778,697,611","770.00","777.00","763.00","765.00","X","0.00","764.00","3","765.00","3","20.38",
"1597","直得","322,667","501","26,408,909","82.50","83.00","81.30","81.30","-","0.70","81.30","3","81.70","1","133.28",
"1598","岱宇","521,207","331","11,790,312","23.20","23.20","22.00","22.60","-","0.40","22.60","3","22.70","2","0.00",
"1603","華電","588,560","481","23,357,468","39.00","40.00","38.95","39.90","+","0.75","39.85","2","39.90","19","11.43",
"1604","聲寶","132,634","173","3,283,725","24.75","24.90","24.70","24.75","-","0.05","24.75","6","24.80","5","14.14",
"1605","華新","40,280,701","13,726","973,576,455","24.50","24.70","23.70","24.05","-","0.40","24.00","1,640","24.05","97","126.58",
"1608","華榮","1,731,766","1,069","51,794,270","30.25","30.30","29.65","29.70","-","0.40","29.70","69","29.75","7","21.68",
"1609","大亞","4,384,115","3,564","174,889,662","40.10","40.35","39.50","39.85","-","0.05","39.85","14","39.90","5","22.39",
"1611","中電","500,475","386","6,395,940","12.95","12.95","12.70","12.80","-","0.10","12.75","15","12.80","1","80.00",
"1612","宏泰","753,754","489","27,325,314","36.30","36.50","36.00","36.25","+","0.05","36.20","1","36.25","4","15.17",
"1614","三洋電","29,700","29","1,103,994","37.05","37.70","37.05","37.10","-","0.05","37.10","6","37.15","1","34.67",
"1615","大山","451,762","511","21,749,761","49.10","49.30","47.65","48.05","-","1.40","48.00","2","48.05","2","10.95",
"1616","億泰","1,886,808","1,345","65,431,486","35.00","35.10","34.25","34.80","-","0.15","34.70","13","34.80","5","9.64",
"1617","榮星","131,717","160","1,913,305","14.65","14.65","14.45","14.50","-","0.15","14.50","1","14.55","6","0.00",
"1618","合機","994,132","761","46,452,729","46.90","47.15","46.20","46.95","+","0.25","46.90","9","46.95","17","10.60",
"1626","艾美特-KY","32,517","49","386,465","11.85","11.95","11.85","11.85"," ","0.00","11.85","1","11.90","9","0.00",
"1702","南僑","303,203","362","12,233,487","40.40","40.75","40.30","40.30","-","0.10","40.30","13","40.35","8","18.07",
"1707","葡萄王","114,129","196","14,710,639","128.50","130.00","128.50","128.50"," ","0.00","128.50","5","129.00","1","14.20",
"1708","東鹼","548,433","465","16,714,570","30.50","30.60","30.40","30.45","-","0.05","30.45","11","30.50","1","9.92",
"1709","和益","361,856","351","5,864,536","16.25","16.30","16.15","16.20","-","0.05","16.20","36","16.25","5","14.73",
"1710","東聯","899,456","405","11,038,930","12.30","12.40","12.15","12.30"," ","0.00","12.25","21","12.30","1","0.00",
"1711","永光","4,121,328","1,923","79,781,562","19.70","19.75","19.20","19.20","-","0.40","19.20","409","19.25","6","192.00",
"1712","興農","1,026,502","899","44,713,574","42.95","44.00","42.80","43.60","+","0.65","43.55","6","43.60","17","16.45",
"1713","國化","272,934","232","13,402,707","48.65","49.40","48.65","49.05","+","0.40","49.05","11","49.15","4","5.44",
"1714","和桐","598,600","346","4,659,059","7.80","7.82","7.77","7.79","-","0.01","7.79","14","7.81","6","22.26",
"1717","長興","11,349,281","7,244","464,656,886","42.15","42.15","40.50","40.70","-","1.00","40.70","79","40.75","21","29.07",
"1718","中纖","1,480,039","837","9,518,141","6.47","6.50","6.41","6.42","-","0.06","6.42","19","6.43","2","0.00",
"1720","生達","140,421","148","7,872,517","55.80","56.20","55.80","56.00","+","0.10","55.90","28","56.00","1","12.47",
"1721","三晃","647,509","330","8,427,600","13.10","13.20","12.90","13.05"," ","0.00","13.05","5","13.10","19","0.00",
"1722","台肥","2,124,379","1,002","104,526,949","49.20","49.45","48.95","49.30","+","0.15","49.30","11","49.35","18","28.01",
"1723","中碳","134,470","216","10,991,558","81.60","81.90","81.60","81.70"," ","0.00","81.70","4","81.80","2","19.78",
"1725","元禎","100,373","68","2,705,495","27.45","27.45","26.75","27.00","-","0.35","26.80","1","27.00","4","19.29",
"1726","永記","19,042","20","1,434,882","75.50","75.90","75.10","75.40","-","0.30","75.40","1","75.60","1","14.01",
"1727","中華化","1,433,131","1,137","49,398,764","34.85","35.20","33.95","34.70","+","0.05","34.70","14","34.75","1","115.67",
"1730","花仙子","31,123","61","1,623,399","52.10","52.30","52.10","52.10","-","0.30","52.10","28","52.30","4","12.06",
"1731","美吾華","39,973","35","872,954","21.80","21.90","21.80","21.90","+","0.05","21.85","1","21.90","18","16.72",
"1732","毛寶","148,359","132","4,244,777","28.80","28.80","28.40","28.75","+","0.05","28.60","1","28.75","1","205.36",
"1733","五鼎","5,020,307","4,794","175,294,964","33.20","35.05","33.20","35.05","+","3.15","35.05","135","--","0","21.64",
"1734","杏輝","155,530","195","4,756,083","30.70","30.70","30.50","30.55","-","0.10","30.55","1","30.60","1","17.87",
"1735","日勝化","586,427","1,649","8,523,868","15.00","15.00","14.15","14.50","-","0.55","14.50","1","14.60","4","32.22",
"1736","喬山","1,540,985","7,727","262,458,800","170.00","177.00","166.50","167.00","-","4.00","167.00","2","167.50","7","19.02",
"1737","臺鹽","54,344","112","1,747,115","32.20","32.25","32.10","32.20"," ","0.00","32.20","5","32.25","4","18.30",
"1752","南光","144,673","144","5,354,140","37.40","37.40","36.80","37.05","-","0.30","37.00","1","37.05","5","13.93",
"1760","寶齡富錦","141,482","197","9,862,524","70.20","70.40","69.20","69.50","-","0.20","69.50","7","69.80","1","46.96",
"1762","中化生","110,079","249","2,801,961","25.55","25.55","25.30","25.45","-","0.10","25.40","8","25.45","4","0.00",
"1773","勝一","498,635","696","69,012,090","137.50","139.50","137.50","138.00","+","1.00","138.00","32","138.50","15","21.87",
"1776","展宇","52,602","45","806,857","15.25","15.55","15.15","15.20","+","0.05","15.15","12","15.20","2","38.97",
"1783","和康生","69,062","102","3,064,304","44.50","44.85","44.00","44.55","+","0.20","44.50","2","44.70","1","19.20",
"1786","科妍","1,200,841","1,123","112,419,746","92.00","94.60","91.60","94.00","+","2.90","94.00","3","94.20","14","41.41",
"1789","神隆","1,379,055","715","25,901,417","18.70","19.10","18.45","18.60","-","0.15","18.60","9","18.70","13","71.54",
"1795","美時","713,670","886","136,919,565","190.50","193.50","189.50","192.00","+","2.00","192.00","20","192.50","7","10.38",
"1802","台玻","47,917,497","20,141","1,266,427,287","27.20","27.30","25.85","25.95","-","0.90","25.95","276","26.00","89","0.00",
"1805","寶徠","71,278","39","820,860","11.55","11.60","11.45","11.50","-","0.10","11.45","49","11.50","1","6.05",
"1806","冠軍","423,439","261","3,978,718","9.44","9.44","9.37","9.38","-","0.06","9.38","13","9.42","7","27.59",
"1808","潤隆","1,733,089","1,140","53,427,495","31.00","31.10","30.70","30.85","-","0.15","30.80","12","30.85","54","0.00",
"1809","中釉","902,143","727","17,286,962","19.60","19.60","19.05","19.10","-","0.35","19.10","8","19.15","9","73.46",
"1810","和成","2,433,338","1,491","47,490,743","20.05","20.05","19.30","19.35","-","0.70","19.35","49","19.40","81","113.82",
"1817","凱撒衛","13,024","29","510,702","39.35","39.35","39.10","39.10","-","0.35","39.10","2","39.20","1","10.16",
"1903","士紙","152,118","132","8,022,761","52.70","53.10","52.40","53.10","+","0.40","52.90","1","53.10","6","0.00",
"1904","正隆","983,854","784","17,322,357","17.65","17.75","17.50","17.75","+","0.05","17.70","7","17.75","27","98.61",
"1905","華紙","2,151,656","952","26,304,122","12.35","12.50","12.10","12.20","-","0.30","12.15","305","12.20","15","0.00",
"1906","寶隆","63,585","104","832,037","13.25","13.25","12.80","13.15","-","0.20","13.15","3","13.30","3","0.00",
"1907","永豐餘","1,324,750","959","32,788,756","25.00","25.00","24.50","25.00","+","0.05","24.90","1","25.00","29","32.89",
"1909","榮成","1,015,706","585","10,083,747","9.99","10.00","9.89","9.89","-","0.10","9.89","48","9.90","2","0.00",
"2002","中鋼","21,143,800","6,680","412,677,895","19.55","19.70","19.45","19.45"," ","0.00","19.45","197","19.50","811","0.00",
"2002A","中鋼特","7,000","7","277,550","39.60","39.70","39.60","39.60"," ","0.00","39.60","4","39.75","2","0.00",
"2006","東和鋼鐵","1,451,250","1,458","86,450,740","59.40","60.00","59.40","59.50","+","0.10","59.50","46","59.60","2","9.83",
"2007","燁興","179,682","155","1,397,886","7.99","7.99","7.70","7.76","-","0.04","7.75","3","7.80","2","0.00",
"2008","高興昌","5,500","11","147,200","26.75","26.80","26.75","26.80","+","0.05","26.80","2","27.10","1","58.26",
"2009","第一銅","843,772","748","28,566,376","33.95","34.15","33.60","33.95","+","0.15","33.90","25","33.95","8","89.34",
"2010","春源","523,056","333","10,601,142","20.25","20.35","20.15","20.30","+","0.05","20.30","53","20.35","48","9.58",
"2012","春雨","33,908","77","580,871","17.10","17.20","17.05","17.10","-","0.10","17.10","9","17.20","17","43.85",
"2013","中鋼構","53,844","138","2,255,549","41.75","42.30","41.70","42.15","+","0.40","41.80","3","42.15","5","15.11",
"2014","中鴻","2,828,186","1,149","45,221,240","16.05","16.25","15.90","15.90","-","0.15","15.90","245","15.95","6","0.00",
"2015","豐興","122,720","214","7,864,620","64.10","64.40","64.00","64.00","-","0.20","64.00","9","64.10","16","16.62",
"2017","官田鋼","316,342","264","3,003,653","9.51","9.55","9.47","9.48","-","0.04","9.48","2","9.49","10","0.00",
"2020","美亞","176,273","191","4,330,117","24.65","24.70","24.50","24.50","-","0.15","24.50","25","24.55","7","12.01",
"2022","聚亨","407,249","282","3,155,846","7.73","7.78","7.72","7.78","+","0.05","7.75","7","7.78","23","0.00",
"2023","燁輝","1,703,792","893","26,388,797","15.35","15.70","15.35","15.45","+","0.10","15.45","50","15.50","2","0.00",
"2024","志聯","41,283","67","711,006","17.55","17.55","17.00","17.15","X","0.00","17.15","2","17.25","1","571.67",
"2025","千興","62,519","88","697,252","11.40","11.40","11.15","11.20","+","0.05","11.15","11","11.20","7","0.00",
"2027","大成鋼","16,340,048","7,084","624,175,537","38.30","38.65","37.90","37.90","-","0.30","37.90","552","37.95","15","19.95",
"2028","威致","178,359","131","3,047,656","16.90","17.50","16.75","17.10","+","0.30","17.00","2","17.10","1","38.86",
"2029","盛餘","148,588","94","3,300,211","22.35","22.35","22.15","22.30","+","0.15","22.25","14","22.35","14","16.40",
"2030","彰源","181,632","144","2,528,555","14.00","14.00","13.85","14.00"," ","0.00","13.85","41","14.00","79","23.33",
"2031","新光鋼","547,343","380","23,184,447","42.30","42.70","42.20","42.30","+","0.05","42.25","7","42.30","9","0.00",
"2032","新鋼","150,589","114","2,209,228","14.65","14.80","14.60","14.60","-","0.05","14.60","59","14.65","2","56.15",
"2033","佳大","366,430","300","6,907,356","17.85","19.40","17.70","19.40","+","1.75","19.40","68","--","0","71.85",
"2034","允強","494,302","315","9,805,720","19.90","20.00","19.75","19.75","-","0.15","19.75","95","19.80","5","0.00",
"2038","海光","249,709","187","3,799,398","15.40","15.45","15.10","15.15","-","0.25","15.15","2","15.20","10","108.21",
"2049","上銀","2,971,672","3,489","650,091,720","220.50","221.00","217.00","217.50","-","3.00","217.50","20","218.00","16","47.70",
"2059","川湖","502,835","1,698","1,638,125,565","3,255.00","3,300.00","3,210.00","3,220.00","-","30.00","3,220.00","8","3,245.00","4","47.67",
"2062","橋椿","438,867","324","9,651,173","22.10","22.20","21.75","22.15"," ","0.00","22.10","1","22.15","4","17.86",
"2069","運錩","473,619","181","7,072,044","14.85","15.05","14.80","14.90","+","0.05","14.90","28","14.95","4","8.28",
"2101","南港","2,434,973","2,075","99,301,211","41.00","41.45","40.20","41.15","+","0.15","41.15","11","41.20","5","16.93",
"2102","泰豐","332,975","217","6,457,723","19.45","19.50","19.25","19.45","-","0.05","19.45","17","19.50","5","0.00",
"2103","台橡","2,210,488","917","36,205,593","16.55","16.55","16.25","16.40","-","0.15","16.35","43","16.40","17","25.23",
"2104","國際中橡","1,041,094","438","11,202,783","10.80","10.85","10.70","10.75"," ","0.00","10.75","99","10.80","48","0.00",
"2105","正新","5,008,431","2,665","190,417,013","38.50","38.50","37.80","38.10","-","0.40","38.00","2","38.10","154","21.28",
"2106","建大","504,456","469","10,221,903","20.50","20.50","20.15","20.20","-","0.20","20.20","81","20.25","13","53.16",
"2107","厚生","292,393","278","6,975,690","23.95","23.95","23.80","23.90","-","0.10","23.90","11","23.95","5","14.23",
"2108","南帝","305,767","317","7,163,339","23.45","23.60","23.35","23.45","-","0.15","23.45","35","23.50","4","24.95",
"2109","華豐","134,730","121","2,214,306","16.45","16.50","16.40","16.45"," ","0.00","16.40","92","16.45","32","13.60",
"2114","鑫永銓","19,752","85","1,797,897","91.30","91.30","90.50","90.80","-","0.20","90.50","1","91.30","1","17.33",
"2115","六暉-KY","37,000","17","981,400","26.80","26.80","26.45","26.45","-","0.55","26.45","1","26.50","1","11.70",
"2201","裕隆","1,731,198","1,762","60,980,047","35.25","35.60","35.00","35.05","-","0.30","35.05","42","35.30","1","15.37",
"2204","中華","1,130,561","1,714","71,367,416","64.10","64.20","62.50","63.40","-","0.60","63.30","3","63.40","26","12.19",
"2206","三陽工業","657,798","814","41,073,833","62.90","62.90","62.20","62.20","-","0.80","62.20","42","62.50","1","10.82",
"2207","和泰車","123,287","1,036","71,720,538","581.00","585.00","578.00","582.00","-","5.00","581.00","4","582.00","1","19.10",
"2208","台船","25,590,262","15,686","638,162,790","25.60","25.60","24.55","24.55","-","1.40","24.55","478","24.60","37","0.00",
"2211","長榮鋼","573,348","917","53,795,645","93.90","94.30","93.30","94.10","+","0.20","93.90","7","94.10","1","12.48",
"2227","裕日車","40,462","75","2,233,330","55.40","55.40","55.00","55.10","-","0.30","55.20","2","55.50","1","44.80",
"2228","劍麟","4,936,971","4,193","535,994,950","115.50","115.50","105.00","108.50","-","6.00","108.00","42","108.50","10","14.68",
"2231","為升","4,847,586","3,636","631,068,556","134.00","134.00","125.50","130.00","-","5.50","130.00","51","130.50","24","63.11",
"2233","宇隆","876,445","1,015","192,549,076","221.00","226.50","217.00","217.00","-","4.00","217.00","33","218.00","1","24.72",
"2236","百達-KY","550,700","367","59,067,248","109.50","109.50","106.50","106.50","-","2.50","106.00","33","106.50","1","13.64",
"2239","英利-KY","428,214","284","15,590,568","37.25","37.50","35.75","35.90","-","0.70","35.85","2","35.90","32","0.00",
"2241","艾姆勒","695,903","576","19,983,606","29.30","29.40","28.20","28.30","-","0.85","28.30","2","28.40","10","0.00",
"2243","宏旭-KY","285,992","169","3,402,745","12.00","12.10","11.80","11.80","-","0.05","11.80","13","12.00","39","26.82",
"2247","汎德永業","91,027","264","26,855,300","296.50","296.50","294.00","295.00","-","0.50","295.00","3","296.00","1","12.87",
"2248","華勝-KY","33,088","24","1,420,740","42.85","43.25","42.70","42.95","+","0.10","42.90","5","43.00","2","8.62",
"2250","IKKA-KY","705,755","748","65,426,060","90.90","94.40","90.60","91.30","+","1.50","91.30","4","91.90","2","19.10",
"2254","巨鎧精密-創","7,103","6","428,680","60.50","60.50","59.80","60.40","+","0.10","59.80","1","60.40","3","0.00",
"2258","鴻華先進-創","432,228","272","16,759,349","38.85","39.00","38.60","39.00"," ","0.00","38.85","1","39.00","14","0.00",
"2301","光寶科","68,259,245","47,695","12,544,248,302","185.00","189.50","179.00","183.00","-","2.50","183.00","287","183.50","26","31.83",
"2302","麗正","1,335,869","834","23,793,302","18.20","18.20","17.55","17.80","-","0.45","17.80","83","17.85","13","37.08",
"2303","聯電","84,792,615","35,102","3,723,034,095","43.55","44.45","43.35","43.90","+","0.85","43.90","86","43.95","72","13.89",
"2305","全友","556,566","286","6,588,336","12.10","12.15","11.70","11.85","-","0.20","11.85","5","11.90","5","0.00",
"2308","台達電","18,003,354","53,970","16,224,469,287","913.00","917.00","890.00","893.00","-","14.00","893.00","12","894.00","2","53.09",
"2312","金寶","6,501,988","2,911","127,704,248","19.70","19.80","19.50","19.60","+","0.10","19.55","56","19.60","187","18.67",
"2313","華通","22,772,387","19,335","1,779,588,267","79.60","80.20","77.00","77.00","-","1.70","77.00","162","77.10","36","16.38",
"2314","台揚","646,332","544","6,838,516","10.50","10.65","10.50","10.65","+","0.30","10.60","41","10.65","37","0.00",
"2316","楠梓電","11,920,737","8,140","1,260,173,735","108.50","110.00","102.00","103.50","-","4.50","103.00","20","103.50","92","13.04",
"2317","鴻海","106,127,922","80,860","23,372,213,555","218.00","222.00","217.50","221.00","+","5.00","220.50","540","221.00","3,130","16.86",
"2321","東訊","97,174","77","1,572,525","15.50","17.00","15.50","16.95","+","1.45","16.60","1","17.00","6","0.00",
"2323","中環","3,849,579","1,282","34,531,908","8.97","9.04","8.85","8.96","+","0.02","8.96","65","8.98","1","0.00",
"2324","仁寶","50,772,619","22,721","1,616,702,132","31.65","32.45","31.40","31.40","+","0.20","31.40","532","31.45","47","17.25",
"2327","國巨*","49,084,617","40,803","8,700,858,965","180.50","180.50","175.50","176.00","-","2.50","176.00","1,541","176.50","35","18.26",
"2328","廣宇","8,653,411","6,254","469,763,179","54.50","54.90","53.90","54.10","-","0.30","54.10","76","54.20","24","26.65",
"2329","華泰","11,555,328","7,727","556,524,573","49.00","49.15","47.50","47.70","-","0.95","47.70","48","47.75","27","37.27",
"2330","台積電","37,523,254","84,161","49,887,403,390","1,320.00","1,340.00","1,315.00","1,340.00","+","45.00","1,335.00","98","1,340.00","1,870","23.81",
"2331","精英","3,769,036","1,698","79,540,057","21.00","21.50","20.75","21.50","+","0.60","21.45","4","21.50","224","33.59",
"2332","友訊","3,174,681","1,366","56,485,309","17.85","18.00","17.60","17.80","+","0.05","17.75","14","17.80","6","0.00",
"2337","旺宏","114,276,034","42,912","3,073,240,424","26.35","27.65","26.35","26.75","+","0.65","26.75","417","26.80","16","0.00",
"2338","光罩","1,930,044","1,673","79,450,554","41.80","41.90","40.65","41.20","-","0.30","41.20","2","41.25","2","0.00",
"2340","台亞","9,791,348","5,357","273,480,832","28.15","28.60","27.50","27.80","-","0.35","27.80","346","27.85","9","0.00",
"2342","茂矽","3,274,328","2,308","102,588,789","31.60","32.00","30.45","31.85","+","0.55","31.85","2","31.90","48","122.50",
"2344","華邦電","534,413,768","195,728","19,178,872,328","35.00","36.85","34.90","36.45","+","2.20","36.45","816","36.50","1,536","0.00",
"2345","智邦","4,067,579","5,832","4,101,486,022","992.00","1,020.00","992.00","1,005.00","+","16.00","1,005.00","27","1,010.00","6","32.41",
"2347","聯強","3,964,032","2,885","246,749,469","62.50","62.60","61.90","62.20","-","0.40","62.20","25","62.30","54","12.44",
"2348","海悅","1,130,653","1,384","100,439,058","89.80","90.50","87.80","89.00","-","0.80","89.00","5","89.10","12","12.34",
"2348A","海悅甲特","3,000","3","108,550","36.15","36.25","36.15","36.25","X","0.00","36.15","2","36.35","1","0.00",
"2349","錸德","1,210,978","562","12,796,252","10.65","10.65","10.50","10.55","-","0.10","10.55","67","10.60","35","0.00",
"2351","順德","1,176,794","1,429","96,099,754","82.00","83.00","80.50","81.90","+","0.40","81.80","3","81.90","11","41.16",
"2352","佳世達","6,938,675","4,657","209,266,596","29.60","30.50","29.60","30.00","+","0.40","30.00","347","30.05","68","27.78",
"2353","宏碁","13,796,606","6,385","429,283,706","31.25","31.30","31.00","31.20","-","0.10","31.15","90","31.20","161","20.66",
"2354","鴻準","12,283,479","7,966","875,689,236","71.30","71.90","70.70","70.70","+","0.10","70.70","67","70.80","39","29.71",
"2355","敬鵬","2,485,165","1,691","91,683,771","37.60","37.70","36.55","36.55","-","0.75","36.55","14","36.65","2","18.74",
"2356","英業達","19,185,879","10,734","864,336,893","44.95","45.30","44.75","45.00","+","0.35","44.95","35","45.00","227","19.57",
"2357","華碩","2,540,463","3,920","1,746,043,261","689.00","693.00","682.00","684.00"," ","0.00","684.00","17","685.00","5","13.83",
"2359","所羅門","1,419,608","1,744","206,057,457","146.00","147.00","144.00","144.50","-","1.50","144.50","4","145.00","31","0.00",
"2360","致茂","4,821,510","5,926","2,979,836,212","613.00","633.00","603.00","614.00","+","19.00","614.00","22","615.00","26","37.28",
"2362","藍天","441,491","400","18,270,081","41.70","41.80","41.10","41.45","-","0.35","41.35","7","41.45","2","42.73",
"2363","矽統","13,025,409","10,425","771,523,184","60.10","60.50","58.60","58.60","-","1.40","58.60","90","58.70","36","23.07",
"2364","倫飛","173,898","272","13,700,929","79.10","79.50","78.10","78.10","-","0.80","78.10","4","78.70","1","19.62",
"2365","昆盈","3,103,832","2,766","133,147,662","43.70","43.75","42.55","42.60","-","0.65","42.60","21","42.65","30","125.29",
"2367","燿華","4,769,391","2,939","132,223,346","28.05","28.25","27.50","27.50","-","0.45","27.50","265","27.55","29","15.62",
"2368","金像電","8,186,129","9,923","3,754,336,713","460.00","464.50","454.00","455.00","+","5.50","455.00","65","456.00","74","35.00",
"2369","菱生","4,446,372","2,200","85,468,720","19.40","19.50","19.05","19.10","-","0.30","19.10","42","19.15","9","0.00",
"2371","大同","10,286,116","5,858","407,476,952","39.40","39.95","39.10","39.85","+","0.50","39.85","26","39.90","182","5.27",
"2373","震旦行","17,575","28","997,803","56.80","57.00","56.70","56.80"," ","0.00","56.80","1","56.90","3","13.65",
"2374","佳能","78,005,703","54,035","6,923,002,555","86.30","91.50","86.00","88.80","+","2.80","88.80","316","88.90","72","56.92",
"2375","凱美","8,602,468","6,429","610,959,633","72.50","73.00","69.50","73.00","+","0.60","72.70","2","73.00","24","21.16",
"2376","技嘉","4,023,963","4,675","1,141,955,151","281.50","285.00","281.50","283.00","+","2.00","283.00","93","283.50","38","17.29",
"2377","微星","4,643,008","5,274","558,290,173","121.50","122.00","119.00","119.50","-","1.00","119.00","426","119.50","118","21.89",
"2379","瑞昱","1,636,573","2,188","887,052,577","542.00","546.00","540.00","540.00","-","3.00","540.00","77","542.00","1","16.84",
"2380","虹光","163,837","117","893,496","5.50","5.50","5.26","5.40","-","0.25","5.30","33","5.40","6","0.00",
"2382","廣達","36,526,183","33,568","10,454,471,563","283.00","288.00","283.00","286.50","+","5.50","286.00","158","286.50","43","16.03",
"2383","台光電","4,099,125","8,481","5,529,215,005","1,305.00","1,390.00","1,295.00","1,345.00","+","45.00","1,345.00","30","1,350.00","22","39.14",
"2385","群光","2,393,523","2,256","336,384,969","142.50","143.50","139.00","140.00","-","2.00","139.50","133","140.00","17","11.90",
"2387","精元","355,496","346","14,797,330","41.70","41.90","41.50","41.70","-","0.10","41.70","3","41.75","5","7.06",
"2388","威盛","3,949,801","3,047","236,646,311","60.80","61.20","59.50","59.50","-","1.10","59.50","64","59.60","28","112.26",
"2390","云辰","340,836","278","3,525,389","10.45","10.45","10.30","10.30","-","0.15","10.30","2","10.40","3","0.00",
"2392","正崴","1,384,843","1,150","67,641,781","49.25","49.30","48.50","48.80","-","0.25","48.75","4","48.80","3","119.02",
"2393","億光","1,425,191","1,755","90,139,813","63.50","63.70","63.00","63.10","-","0.40","63.10","41","63.40","1","12.20",
"2395","研華","1,599,508","1,888","525,625,491","329.50","333.50","326.00","327.50","+","2.50","327.00","23","327.50","9","29.42",
"2397","友通","320,059","313","23,151,084","72.60","72.80","72.00","72.20","-","0.20","72.20","4","72.40","2","17.23",
"2399","映泰","1,203,225","657","23,395,301","19.70","19.80","19.30","19.30","-","0.40","19.30","69","19.40","19","0.00",
"2401","凌陽","3,814,068","1,937","90,628,562","24.00","24.00","23.55","23.65","-","0.20","23.60","138","23.65","42","0.00",
"2402","毅嘉","5,582,983","3,777","300,038,650","54.70","55.10","53.10","53.50","-","1.00","53.50","69","53.60","39","19.96",
"2404","漢唐","2,449,942","5,685","2,394,404,093","990.00","995.00","955.00","987.00","+","2.00","985.00","6","987.00","13","26.17",
"2405","輔信","3,909,589","1,862","74,621,207","19.55","19.55","18.90","18.95","-","0.40","18.95","54","19.00","6","0.00",
"2406","國碩","5,898,290","2,727","127,989,479","22.15","22.20","21.40","21.75","-","0.25","21.70","95","21.75","44","0.00",
"2408","南亞科","46,967,368","26,914","3,752,421,482","80.80","81.00","78.30","81.00","+","0.20","81.00","208","81.10","76","0.00",
"2409","友達","80,243,882","14,832","1,095,825,372","13.65","13.95","13.35","13.70","+","0.20","13.65","1,423","13.70","768","17.34",
"2412","中華電","3,398,690","2,622","453,934,829","133.50","134.00","133.00","133.50"," ","0.00","133.50","469","134.00","573","27.24",
"2413","環科","398,790","352","8,573,082","21.95","22.00","21.30","21.50","-","0.30","21.45","1","21.50","12","0.00",
"2414","精技","242,171","244","10,471,719","43.55","43.60","43.00","43.40","-","0.15","43.35","1","43.40","1","14.00",
"2415","錩新","44,907","45","1,162,928","26.25","26.25","25.70","25.90","-","0.05","25.70","4","25.90","2","17.74",
"2417","圓剛","575,388","591","24,395,732","43.00","43.00","42.10","42.25","-","0.45","42.25","4","42.30","4","0.00",
"2419","仲琦","5,586,255","3,229","138,228,357","24.75","25.50","24.00","24.35","+","0.50","24.35","38","24.40","59","0.00",
"2420","新巨","205,769","233","10,545,794","51.40","51.60","50.90","51.30"," ","0.00","51.30","2","51.40","10","13.57",
"2421","建準","6,106,126","5,247","808,362,258","133.50","136.00","129.00","129.00","-","2.50","129.00","33","129.50","46","21.54",
"2423","固緯","118,160","161","6,502,988","54.80","55.30","54.80","55.00","+","0.10","55.00","35","55.20","1","21.07",
"2424","隴華","55,256","36","3,472,169","62.80","64.10","61.90","62.40","+","0.60","62.50","1","63.80","2","0.00",
"2425","承啟","451,240","371","14,461,808","32.50","32.50","31.90","31.90","-","0.50","31.85","19","31.90","1","0.00",
"2426","鼎元","1,049,953","685","19,099,163","18.30","18.45","17.95","18.20","-","0.05","18.20","11","18.25","9","0.00",
"2427","三商電","819,922","574","22,364,828","27.50","27.65","27.15","27.20","-","0.25","27.20","94","27.30","9","18.76",
"2428","興勤","2,061,246","2,268","330,095,885","161.00","163.00","157.00","160.50","+","3.00","160.00","46","160.50","10","14.18",
"2429","銘旺科","461,165","344","60,269,074","133.00","133.00","128.00","131.50","-","1.50","131.00","3","132.00","2","0.00",
"2430","燦坤","29,491","71","721,593","24.50","24.50","24.45","24.45","-","0.05","24.45","14","24.50","5","21.45",
"2431","聯昌","8,040,023","3,363","113,438,222","13.30","14.50","13.20","14.50","+","1.30","14.50","341","--","0","0.00",
"2432","倚天酷碁-創","9,000","5","247,200","27.30","27.60","27.30","27.60","+","0.30","27.35","6","27.60","2","16.53",
"2433","互盛電","18,796","35","921,074","49.00","49.10","48.95","49.10","+","0.10","49.05","1","49.10","8","15.25",
"2434","統懋","9,699","11","284,698","29.45","29.50","29.20","29.20","-","0.20","29.10","1","29.35","1","0.00",
"2436","偉詮電","2,712,767","2,372","151,793,183","56.00","56.90","54.90","56.00","+","0.30","56.00","32","56.10","7","65.12",
"2438","翔耀","65,542","72","1,566,072","24.20","24.20","23.50","23.70","-","0.45","23.65","2","23.95","2","0.00",
"2439","美律","2,635,603","2,288","273,329,834","102.00","105.00","102.00","104.00","+","2.00","104.00","18","104.50","97","16.05",
"2440","太空梭","126,459","74","1,562,312","12.35","12.50","12.30","12.40","-","0.05","12.35","2","12.40","8","0.00",
"2441","超豐","5,903,552","7,701","389,142,532","64.40","67.60","64.20","65.30","+","1.20","65.30","6","65.40","1","16.04",
"2442","新美齊","449,329","347","11,305,455","25.15","25.40","25.05","25.20","+","0.05","25.20","6","25.25","2","30.00",
"2444","兆勁","542,908","298","6,476,616","12.15","12.15","11.75","11.80","-","0.35","11.80","31","11.90","12","0.00",
"2449","京元電子","22,415,852","18,963","3,775,480,163","173.00","173.50","166.00","167.00","-","4.00","166.50","563","167.00","72","18.62",
"2450","神腦","353,458","510","10,188,197","28.90","29.00","28.75","28.80","+","0.10","28.75","56","28.85","9","16.55",
"2451","創見","2,202,083","1,973","260,689,382","122.00","122.00","117.00","118.00","-","3.00","118.00","81","118.50","7","32.07",
"2453","凌群","1,274,731","966","78,520,451","62.20","62.60","61.00","61.20","-","0.30","61.10","24","61.20","13","19.62",
"2454","聯發科","12,576,021","64,002","17,416,626,380","1,390.00","1,405.00","1,375.00","1,375.00","-","30.00","1,375.00","21","1,380.00","63","20.61",
"2455","全新","6,456,323","10,484","1,040,962,835","167.00","167.50","159.50","160.00","-","7.50","159.50","199","160.00","34","62.50",
"2457","飛宏","2,012,215","1,156","50,112,937","25.00","25.05","24.75","24.95","-","0.05","24.95","11","25.00","63","0.00",
"2458","義隆","2,372,498","2,305","315,434,867","134.00","134.50","132.00","132.50","-","1.50","132.00","236","132.50","2","17.12",
"2459","敦吉","28,511","37","1,814,786","64.10","64.10","63.40","63.80","-","0.10","63.50","2","63.60","1","12.36",
"2460","建通","111,302","116","2,084,719","19.25","19.25","18.60","18.85","-","0.15","18.80","3","18.90","1","0.00",
"2461","光群雷","154,604","129","2,577,745","16.70","16.75","16.60","16.70","-","0.15","16.65","17","16.70","2","0.00",
"2462","良得電","484,733","444","12,266,789","25.55","25.75","24.85","25.45","-","0.30","25.40","5","25.45","3","0.00",
"2464","盟立","3,967,772","3,460","289,261,839","71.90","74.00","71.60","72.30","+","0.70","72.30","2","72.40","1","0.00",
"2465","麗臺","273,090","340","15,446,135","57.10","57.10","56.30","56.40","-","0.70","56.40","20","56.50","1","0.00",
"2466","冠西電","163,191","132","11,552,484","69.60","71.60","69.60","71.10","+","1.50","70.90","2","71.30","3","0.00",
"2467","志聖","4,673,857","5,514","939,659,237","197.50","207.00","195.50","197.00","+","1.00","197.00","18","197.50","5","41.39",
"2468","華經","836,601","842","43,511,841","52.60","52.80","51.60","52.00","+","0.20","51.90","2","52.00","17","52.00",
"2471","資通","154,851","167","7,753,532","50.20","50.40","49.95","50.00","-","0.40","50.00","3","50.10","1","19.16",
"2472","立隆電","3,932,103","5,021","354,229,005","92.00","92.10","89.20","89.40","-","2.40","89.40","26","89.50","4","13.61",
"2474","可成","1,878,452","1,569","355,163,671","188.00","190.00","188.00","189.00","+","1.00","189.00","3","189.50","5","16.67",
"2476","鉅祥","4,095,377","3,242","445,938,788","110.50","111.50","108.00","108.50","-","1.50","108.50","46","109.00","87","29.25",
"2477","美隆電","241,968","200","5,975,236","24.95","25.25","24.50","24.55","-","0.40","24.55","1","24.60","2","13.42",
"2478","大毅","1,343,223","4,399","64,455,195","49.20","49.50","47.25","48.40","-","0.70","48.35","2","48.40","7","16.98",
"2480","敦陽科","165,275","279","28,305,957","169.50","172.00","169.50","171.50","+","2.00","171.00","3","171.50","2","21.88",
"2481","強茂","14,985,193","17,433","1,069,369,486","72.50","72.60","70.50","71.70","-","1.10","71.60","48","71.70","158","27.79",
"2482","連宇","146,179","141","2,891,767","19.85","20.00","19.65","19.85","-","0.10","19.85","7","19.90","1","0.00",
"2483","百容","497,818","339","10,585,879","21.10","21.70","20.50","21.00","+","0.25","20.95","1","21.00","16","27.27",
"2484","希華","645,891","662","14,730,802","23.05","23.15","22.60","22.75","-","0.25","22.70","5","22.75","4","37.30",
"2485","兆赫","922,366","463","12,572,291","13.70","13.80","13.50","13.65"," ","0.00","13.60","30","13.65","10","0.00",
"2486","一詮","2,169,421","2,576","179,466,231","83.20","83.80","82.20","82.30","-","0.50","82.30","27","82.40","5","0.00",
"2488","漢平","449,046","388","19,554,484","43.70","43.90","43.30","43.80","+","0.15","43.75","13","43.80","5","8.74",
"2489","瑞軒","3,194,515","1,479","43,302,960","13.60","13.70","13.45","13.55"," ","0.00","13.55","56","13.60","49","13.42",
"2491","吉祥全","99,205","100","1,278,981","13.00","13.00","12.80","12.95","-","0.25","12.95","5","13.00","44","0.00",
"2492","華新科","26,669,398","16,100","2,709,059,937","105.00","105.00","98.80","99.90","-","5.10","99.80","44","99.90","1","27.90",
"2493","揚博","1,645,140","1,552","193,026,115","117.00","119.50","114.50","118.00","+","2.50","118.00","6","118.50","5","23.65",
"2495","普安","9,744,413","6,542","225,134,267","21.85","23.90","21.70","23.25","+","1.45","23.20","74","23.25","63","25.83",
"2496","卓越","82,211","73","5,480,152","67.10","67.40","66.40","66.60","-","0.50","66.50","2","67.10","2","10.29",
"2497","怡利電","609,922","403","29,735,708","49.10","49.40","48.20","48.60","-","0.25","48.55","6","48.60","1","20.17",
"2498","宏達電","21,337,659","16,714","1,389,383,667","65.20","66.00","64.40","64.60"," ","0.00","64.60","27","64.70","202","32.96",
"2501","國建","2,257,286","1,108","50,961,291","22.40","22.80","22.35","22.80","+","0.35","22.75","22","22.80","80","11.52",
"2504","國產","1,668,181","1,273","59,733,519","36.10","36.25","35.65","35.90","-","0.20","35.90","8","35.95","5","11.51",
"2505","國揚","211,004","149","3,981,880","18.90","19.00","18.80","18.85","-","0.15","18.85","8","18.90","1","20.05",
"2506","太設","98,461","107","957,966","9.73","9.80","9.71","9.71","-","0.02","9.71","6","9.74","1","4.32",
"2509","全坤建","285,353","280","4,591,723","16.20","16.30","15.95","16.10","-","0.10","16.10","1","16.20","3","0.00",
"2511","太子","894,079","543","8,135,960","9.13","9.14","9.08","9.09","-","0.04","9.09","55","9.10","9","30.30",
"2514","龍邦","83,736","169","1,233,260","14.80","14.85","14.65","14.70","-","0.05","14.70","15","14.75","11","7.54",
"2515","中工","7,276,244","2,375","79,776,317","11.10","11.10","10.90","10.90","-","0.20","10.90","334","10.95","359","22.71",
"2516","新建","442,159","189","6,394,514","14.60","14.60","14.35","14.50","-","0.10","14.50","1","14.60","7","13.06",
"2520","冠德","2,825,758","1,965","103,669,028","36.60","37.00","36.40","36.65","+","0.05","36.65","2","36.70","1","6.40",
"2524","京城","547,136","479","25,665,781","45.85","48.65","45.60","47.40","+","1.45","47.35","15","47.50","6","6.11",
"2527","宏璟","139,009","98","3,490,553","25.00","25.25","24.95","25.05","-","0.15","25.05","3","25.10","1","6.25",
"2528","皇普","367,926","233","10,583,299","29.00","29.05","28.60","28.85","-","0.20","28.85","5","28.90","16","5.31",
"2530","華建","541,130","345","16,198,863","29.95","30.10","29.85","29.90","-","0.05","29.85","46","29.90","5","12.72",
"2534","宏盛","357,863","258","7,749,475","21.70","21.80","21.50","21.70","-","0.10","21.65","4","21.75","20","8.75",
"2535","達欣工","136,754","191","8,194,513","59.80","60.00","59.80","60.00","+","0.20","60.00","7","60.10","5","11.45",
"2536","宏普","405,635","172","11,183,310","27.35","28.35","27.25","27.50"," ","0.00","27.50","1","27.70","1","15.54",
"2537","聯上發","809,036","396","8,831,577","10.90","11.05","10.80","11.00","+","0.10","10.95","22","11.00","2","15.94",
"2538","基泰","524,774","235","5,809,934","11.10","11.15","11.00","11.10","-","0.05","11.10","48","11.15","10","0.00",
"2539","櫻花建","832,078","850","39,947,933","48.05","48.30","47.80","48.00","-","0.05","48.00","70","48.10","3","11.14",
"2540","愛山林","1,303,524","1,600","106,712,350","82.70","82.90","81.10","81.70","-","0.90","81.70","23","81.80","14","38.90",
"2542","興富發","7,991,596","3,559","358,475,367","45.35","45.35","44.60","44.80","-","0.20","44.75","113","44.80","315","16.35",
"2543","皇昌","1,750,425","1,383","128,503,097","72.80","74.30","72.60","72.70","+","0.30","72.70","19","72.90","10","20.03",
"2545","皇翔","583,667","583","25,054,580","43.00","43.40","42.45","43.20","+","0.45","43.20","7","43.25","15","6.17",
"2546","根基","93,605","850","8,009,605","85.60","86.40","85.00","85.80","+","0.50","85.50","1","86.00","5","9.87",
"2547","日勝生","1,428,165","424","15,849,236","11.10","11.20","11.00","11.15","+","0.05","11.15","8","11.20","40","3.98",
"2548","華固","886,800","1,230","85,287,584","96.50","96.60","95.70","96.60","-","0.10","96.60","5","96.70","3","20.77",
"2597","潤弘","229,535","383","35,282,518","153.50","154.50","153.00","153.50","+","0.50","153.50","4","154.50","78","13.06",
"2601","益航","1,544,889","691","8,823,396","5.78","5.78","5.68","5.71","-","0.08","5.71","38","5.73","9","0.00",
"2603","長榮","11,887,707","17,253","2,169,204,222","183.50","183.50","182.00","182.00","-","1.50","182.00","134","182.50","181","3.01",
"2605","新興","2,202,094","1,280","49,677,877","22.70","22.80","22.40","22.60","-","0.30","22.60","86","22.65","21","23.06",
"2606","裕民","4,508,156","3,009","248,851,569","56.00","56.00","54.80","55.30","-","1.20","55.20","69","55.30","21","13.93",
"2607","榮運","2,443,480","1,575","85,934,037","34.80","35.50","34.80","35.15","+","0.40","35.10","48","35.15","9","12.04",
"2608","嘉里大榮","117,572","126","4,014,084","34.10","34.25","34.10","34.20"," ","0.00","34.20","3","34.30","7","16.06",
"2609","陽明","15,773,195","12,952","874,436,568","55.80","55.80","55.20","55.20","-","0.70","55.20","659","55.30","30","3.88",
"2610","華航","13,116,434","4,098","274,151,574","21.00","21.00","20.80","20.95"," ","0.00","20.90","148","20.95","35","8.03",
"2611","志信","460,524","1,336","7,096,917","15.55","15.55","15.30","15.35","-","0.20","15.30","87","15.35","15","0.00",
"2612","中航","809,497","705","41,781,033","51.90","52.30","51.10","51.70","-","0.30","51.70","7","51.80","6","7.83",
"2613","中櫃","403,989","290","10,394,136","25.80","26.05","25.60","25.80","-","0.10","25.75","4","25.80","2","30.71",
"2614","東森","1,475,002","1,108","30,328,509","20.80","20.80","20.40","20.60","-","0.25","20.55","61","20.60","14","12.56",
"2615","萬海","6,648,855","6,995","520,198,589","79.30","79.50","77.90","77.90","-","1.40","77.90","168","78.00","24","5.33",
"2616","山隆","49,696","171","724,698","14.70","14.70","14.45","14.55","-","0.05","14.50","17","14.60","8","0.00",
"2617","台航","742,568","450","19,943,263","27.20","27.20","26.75","26.85","-","0.30","26.85","13","26.95","3","9.98",
"2618","長榮航","18,001,518","6,964","698,622,821","38.70","39.00","38.55","38.85","+","0.20","38.80","192","38.85","248","7.21",
"2630","亞航","27,758,558","17,711","1,580,691,340","62.60","62.60","55.20","55.20","-","6.10","--","0","55.20","295","66.51",
"2633","台灣高鐵","1,643,424","1,128","45,819,865","27.90","27.95","27.80","27.90","-","0.05","27.85","181","27.90","55","25.14",
"2634","漢翔","39,270,743","26,227","2,485,142,695","64.90","65.00","62.50","62.60","-","2.30","62.60","349","62.70","35","72.79",
"2636","台驊控股","216,531","279","15,223,129","70.70","70.70","70.10","70.30","-","0.40","70.20","17","70.30","1","7.63",
"2637","慧洋-KY","2,750,406","1,989","160,356,932","58.90","58.90","58.10","58.40","-","0.50","58.40","12","58.50","33","14.00",
"2642","宅配通","88,283","124","2,561,839","29.15","29.20","28.90","29.00","-","0.15","28.95","3","29.20","6","0.00",
"2645","長榮航太","6,589,275","5,910","1,112,761,474","174.00","175.00","165.50","168.50","-","6.50","168.00","66","168.50","8","38.21",
"2646","星宇航空","5,948,437","3,367","148,470,885","25.10","25.15","24.90","24.90","-","0.25","24.90","686","24.95","37","55.33",
"2701","萬企","48,338","52","537,937","11.15","11.15","11.10","11.10","-","0.05","11.10","15","11.15","13","20.94",
"2702","華園","46,193","112","563,687","12.30","12.30","12.10","12.20","-","0.05","12.20","1","12.25","20","0.00",
"2704","國賓","152,163","215","6,622,686","43.85","43.90","43.20","43.45","-","0.40","43.45","16","43.50","1","0.00",
"2705","六福","175,319","190","2,987,074","17.15","17.15","16.95","17.05","-","0.10","17.00","7","17.10","9","42.62",
"2706","第一店","101,626","88","1,351,779","13.35","13.35","13.25","13.25","-","0.10","13.25","10","13.30","9","21.37",
"2707","晶華","67,577","163","13,376,927","199.50","199.50","197.00","198.50"," ","0.00","198.00","16","198.50","64","18.87",
"2712","遠雄來","10,215","12","203,021","20.00","20.00","19.70","19.70","-","0.10","19.70","2","19.95","1","0.00",
"2722","夏都","23,672","52","666,938","28.50","28.60","28.05","28.10","-","0.10","28.10","4","28.20","2","0.00",
"2723","美食-KY","320,415","353","24,165,601","75.80","75.80","75.10","75.60","-","0.10","75.60","3","75.70","4","19.95",
"2727","王品","201,457","965","46,305,104","231.00","231.00","229.00","230.00","-","1.00","229.50","5","230.00","4","14.84",
"2731","雄獅","520,551","898","82,877,521","160.50","161.00","158.50","158.50","-","2.00","158.50","74","159.50","8","13.57",
"2739","寒舍","74,031","95","2,801,005","37.90","38.10","37.60","37.90","+","0.10","37.90","2","37.95","2","48.59",
"2748","雲品","80,938","82","3,771,698","47.15","47.15","46.50","46.55","-","0.20","46.50","18","46.55","1","20.97",
"2753","八方雲集","261,377","679","53,546,944","205.50","206.00","203.00","205.00","+","0.50","203.50","10","205.00","4","19.71",
"2762","世界健身-KY","101,146","197","7,495,498","74.40","74.40","73.90","74.00","-","0.50","73.90","4","74.00","6","32.03",
"2801","彰銀","14,070,053","3,233","274,767,443","19.50","19.60","19.45","19.50"," ","0.00","19.50","466","19.55","2,003","13.18",
"2812","台中銀","12,674,418","5,179","291,266,678","22.60","23.30","22.60","23.15","+","0.55","23.10","197","23.15","123","15.54",
"2816","旺旺保","55,733","58","1,485,220","26.65","26.80","26.50","26.70"," ","0.00","26.65","1","26.75","4","7.99",
"2820","華票","914,555","345","14,797,474","16.25","16.30","16.10","16.20","-","0.05","16.20","24","16.25","15","13.06",
"2832","台產","981,997","736","35,328,634","35.75","36.35","35.35","36.20","+","0.50","36.20","1","36.25","8","12.70",
"2834","臺企銀","10,666,070","3,836","165,398,653","15.50","15.55","15.45","15.55"," ","0.00","15.50","195","15.55","2,335","12.44",
"2836","高雄銀","570,678","296","6,733,212","11.80","11.85","11.75","11.80"," ","0.00","11.80","52","11.85","326","19.67",
"2836A","高雄銀甲特","1,000","1","23,100","23.10","23.10","23.10","23.10","+","0.25","23.05","1","23.10","2","0.00",
"2838","聯邦銀","3,650,761","1,172","64,429,292","17.55","17.75","17.45","17.70","+","0.10","17.65","1","17.70","34","14.75",
"2838A","聯邦銀甲特","50,000","21","2,714,000","54.30","54.40","54.20","54.40"," ","0.00","54.20","18","54.40","8","0.00",
"2845","遠東銀","9,065,920","1,712","111,470,698","12.30","12.40","12.20","12.30"," ","0.00","12.30","860","12.35","22","13.98",
"2849","安泰銀","149,038","393","1,956,757","13.15","13.15","13.05","13.05","-","0.10","13.05","28","13.15","20","18.64",
"2850","新產","273,398","387","31,721,347","114.50","117.00","114.50","116.50","+","2.00","116.00","42","116.50","1","11.05",
"2851","中再保","744,261","338","17,748,525","23.75","23.95","23.70","23.90"," ","0.00","23.85","54","23.90","2","13.13",
"2852","第一保","291,148","232","7,810,522","26.85","26.95","26.75","26.80","-","0.05","26.80","14","26.85","2","9.50",
"2855","統一證","4,685,677","2,039","107,752,891","22.70","23.15","22.70","23.00","+","0.30","22.95","14","23.00","38","18.40",
"2867","三商壽","6,188,338","1,435","35,190,176","5.66","5.74","5.65","5.70","+","0.03","5.70","9","5.71","52","0.00",
"2880","華南金","11,964,439","2,979","350,061,523","29.20","29.35","29.15","29.25"," ","0.00","29.20","58","29.25","25","17.11",
"2881","富邦金","13,761,600","10,031","1,222,909,414","88.50","89.10","88.30","88.40","-","0.20","88.40","755","88.50","3","11.16",
"2881A","富邦特","39,287","27","2,479,729","63.00","63.20","63.00","63.20"," ","0.00","63.10","14","63.20","7","0.00",
"2881B","富邦金乙特","117,761","42","7,296,885","61.90","62.10","61.90","62.10","+","0.10","61.90","20","62.00","1","0.00",
"2881C","富邦金丙特","13,940","55","751,856","54.00","54.10","54.00","54.10","+","0.10","54.00","10","54.10","1","0.00",
"2882","國泰金","11,827,534","5,415","781,771,337","65.90","66.30","65.70","66.20","+","0.20","66.00","85","66.20","624","12.68",
"2882A","國泰特","85,452","32","5,209,414","61.00","61.10","60.90","61.10"," ","0.00","60.90","1","61.10","149","0.00",
"2882B","國泰金乙特","67,761","23","4,079,164","60.20","60.30","60.20","60.30"," ","0.00","60.10","17","60.30","106","0.00",
"2883","凱基金","47,234,446","9,587","711,563,313","15.15","15.20","15.00","15.00","-","0.10","15.00","8,806","15.05","450","12.50",
"2883B","凱基金乙特","5,478,220","346","42,222,847","7.71","7.76","7.67","7.70","-","0.01","7.69","64","7.70","105","0.00",
"2884","玉山金","27,817,688","13,531","921,443,402","33.45","33.45","33.00","33.15","-","0.40","33.10","1,207","33.15","166","17.54",
"2885","元大金","21,133,309","8,342","740,975,027","34.90","35.20","34.75","35.10","-","0.05","35.05","27","35.10","433","13.20",
"2886","兆豐金","12,556,556","6,721","522,625,097","41.50","41.70","41.40","41.70","+","0.10","41.65","12","41.70","303","18.95",
"2887","台新新光金","67,588,660","9,638","1,187,888,786","17.45","17.65","17.40","17.65","+","0.15","17.60","330","17.65","16,896","12.61",
"2887E","台新新光戊特一","296,073","101","14,357,212","48.55","48.60","48.45","48.50","-","0.10","48.50","1","48.60","2","0.00",
"2887F","台新新光戊特二","17,235","21","765,613","44.45","44.50","44.40","44.40","-","0.05","44.30","24","44.40","11","0.00",
"2887G","台新新光庚特一","16,714","16","612,017","36.65","36.70","36.60","36.70","+","0.05","36.55","38","36.70","4","0.00",
"2887H","台新新光庚特二","125,893","135","4,606,112","36.60","36.65","36.55","36.55","-","0.05","36.55","16","36.60","4","0.00",
"2887I","台新新光辛特","27,637,655","1,347","255,754,677","9.25","9.27","9.24","9.25"," ","0.00","9.24","3,595","9.25","293","0.00",
"2887Z1","台新新光己特","45,660","42","732,692","16.05","16.10","16.00","16.10","+","0.05","16.00","28","16.10","41","0.00",
"2889","國票金","1,494,897","1,029","22,223,234","14.90","14.90","14.80","14.90"," ","0.00","14.85","59","14.90","37","32.39",
"2890","永豐金","28,293,251","8,757","697,033,110","24.60","24.75","24.45","24.70","+","0.15","24.65","21","24.70","281","13.80",
"2891","中信金","21,347,556","5,748","922,107,771","43.25","43.30","43.00","43.25","+","0.05","43.20","3","43.25","361","12.32",
"2891B","中信金乙特","47,739","32","3,015,857","63.20","63.30","63.10","63.30"," ","0.00","63.10","9","63.30","6","0.00",
"2891C","中信金丙特","2,908","49","174,484","59.90","60.30","59.90","60.30"," ","0.00","59.70","1","60.30","7","0.00",
"2892","第一金","9,461,124","4,119","281,674,265","29.80","29.85","29.55","29.80"," ","0.00","29.75","34","29.80","631","16.37",
"2897","王道銀行","2,414,418","596","21,750,386","9.00","9.03","9.00","9.02","+","0.01","9.01","9","9.02","10","12.19",
"2897B","王道銀乙特","63,527","19","754,594","11.85","11.90","11.85","11.90","+","0.05","11.90","3","11.95","75","0.00",
"2901","欣欣","35,296","55","903,678","25.30","26.20","25.30","26.20","+","0.30","25.75","1","25.85","1","74.86",
"2903","遠百","1,158,055","706","25,707,389","22.20","22.30","22.10","22.25"," ","0.00","22.20","13","22.25","11","15.03",
"2904","匯僑","34,075","20","598,015","17.50","17.60","17.50","17.50","-","0.05","17.45","4","17.50","9","13.26",
"2905","三商","246,069","184","2,976,469","12.15","12.15","12.05","12.10"," ","0.00","12.10","15","12.15","9","0.00",
"2906","高林","158,199","126","2,280,255","14.45","14.50","14.35","14.50","+","0.05","14.40","7","14.50","17","31.52",
"2908","特力","306,229","169","6,061,611","19.90","19.90","19.70","19.70","-","0.20","19.70","31","19.75","6","93.81",
"2910","統領","13,036","8","272,356","20.60","20.95","20.60","20.95","-","0.05","20.90","5","21.05","1","22.53",
"2911","麗嬰房","30,803","67","155,653","5.05","5.19","5.01","5.17","-","0.03","5.05","1","5.17","6","0.00",
"2912","統一超","994,027","1,968","247,852,431","249.00","250.00","248.50","250.00","+","0.50","249.50","11","250.00","39","23.26",
"2913","農林","1,996,801","1,143","28,197,203","14.30","14.35","14.00","14.10","-","0.20","14.10","166","14.15","28","0.00",
"2915","潤泰全","2,163,782","1,617","113,302,421","52.80","52.90","52.20","52.30","-","0.50","52.30","111","52.40","4","5.89",
"2923","鼎固-KY","95,126","190","1,996,086","21.30","21.30","20.80","21.30","-","0.20","21.00","1","21.30","6","0.00",
"2929","淘帝-KY","282,267","176","2,600,000","9.21","9.28","9.16","9.18","-","0.03","9.18","4","9.19","2","39.91",
"2939","永邑-KY","37,000","24","957,300","25.65","27.25","25.50","27.25","+","1.55","25.50","2","27.35","1","0.00",
"2945","三商家購","3,372","17","127,369","37.55","38.20","37.55","38.20","+","0.25","37.55","2","38.20","3","18.63",
"3002","歐格","186,621","152","3,086,898","16.95","16.95","16.40","16.50","-","0.10","16.45","13","16.55","8","61.11",
"3003","健和興","1,156,599","1,076","62,362,792","55.30","55.40","53.20","53.70","-","1.20","53.70","1","53.80","7","31.22",
"3004","豐達科","1,471,436","1,637","199,767,936","139.50","141.00","133.00","134.50","-","4.50","134.50","8","135.00","7","21.32",
"3005","神基","4,501,913","4,251","737,548,016","163.00","165.50","162.00","163.50","+","1.00","163.00","263","163.50","29","21.04",
"3006","晶豪科","35,475,667","22,919","2,863,165,832","81.80","82.80","78.50","81.00","+","0.50","80.90","27","81.00","128","0.00",
"3008","大立光","530,641","2,049","1,251,861,680","2,390.00","2,390.00","2,340.00","2,360.00"," ","0.00","2,355.00","5","2,360.00","1","13.83",
"3010","華立","541,481","883","53,747,552","99.40","100.00","98.70","98.80","-","0.60","98.70","18","98.80","6","11.82",
"3011","今皓","935,486","514","14,135,390","15.55","15.65","14.80","14.85","-","0.50","14.85","32","14.90","10","0.00",
"3013","晟銘電","2,156,564","2,491","263,840,118","124.00","125.00","121.00","121.00","-","2.50","121.00","144","121.50","24","33.33",
"3014","聯陽","572,734","596","77,618,395","135.50","136.50","135.00","135.00"," ","0.00","135.00","32","135.50","14","13.49",
"3015","全漢","352,399","298","19,346,290","55.20","55.30","54.30","54.80"," ","0.00","54.80","5","54.90","1","36.29",
"3016","嘉晶","6,764,835","4,937","364,850,535","54.90","55.80","52.70","55.80","+","1.40","55.70","38","55.80","9","465.00",
"3017","奇鋐","6,659,412","10,004","6,956,825,835","1,060.00","1,080.00","1,010.00","1,015.00"," ","0.00","1,015.00","127","1,020.00","73","33.18",
"3018","隆銘綠能","7,236","44","101,366","14.00","14.00","13.95","14.00","+","0.05","13.95","4","14.80","1","0.00",
"3019","亞光","6,804,743","6,666","1,107,828,810","165.00","166.00","161.00","161.50","-","3.50","161.50","90","162.00","25","21.71",
"3021","鴻名","78,279","66","1,412,066","18.15","18.15","17.90","17.95","-","0.15","17.95","5","18.00","1","105.59",
"3022","威強電","336,677","493","22,652,902","67.60","67.80","67.00","67.20","-","0.40","67.10","23","67.40","1","13.39",
"3023","信邦","1,197,194","1,447","283,714,254","238.50","239.50","236.00","236.50","-","0.50","236.00","17","236.50","1","16.87",
"3024","憶聲","1,029,105","449","13,585,517","13.50","13.50","13.10","13.25","-","0.15","13.20","26","13.25","2","16.99",
"3025","星通","271,554","231","11,951,787","44.20","44.35","43.90","43.90","-","0.15","43.85","15","43.90","2","17.99",
"3026","禾伸堂","3,993,524","3,473","385,961,796","98.60","98.60","95.20","97.00","-","2.80","96.90","3","97.00","1","15.54",
"3027","盛達","278,033","198","7,290,335","26.50","26.50","26.00","26.35","-","0.15","26.15","2","26.35","2","0.00",
"3028","增你強","364,142","242","11,539,257","31.70","31.80","31.55","31.80","+","0.10","31.70","1","31.80","6","12.62",
"3029","零壹","768,009","953","95,905,989","125.00","125.50","124.00","125.00"," ","0.00","124.50","15","125.00","22","21.40",
"3030","德律","3,465,392","3,740","662,354,520","188.50","196.00","188.00","189.00","-","0.50","189.00","16","189.50","34","22.16",
"3031","佰鴻","1,048,409","715","21,700,419","21.15","21.15","20.50","20.60","-","0.55","20.55","15","20.65","14","15.61",
"3032","偉訓","1,130,171","988","111,187,717","100.50","100.50","97.30","97.50","-","2.00","97.50","42","97.70","11","0.00",
"3033","威健","1,757,641","1,223","49,820,082","28.50","28.70","28.20","28.25","-","0.45","28.25","4","28.30","28","17.55",
"3034","聯詠","6,717,088","8,732","2,995,204,680","438.50","451.50","436.00","443.00","+","6.50","443.00","8","443.50","24","14.14",
"3035","智原","20,688,831","18,979","3,626,307,641","172.00","180.00","168.50","174.00","+","5.50","174.00","61","174.50","10","51.94",
"3036","文曄","5,023,502","3,572","690,494,180","135.50","139.00","135.50","137.50","+","3.50","137.50","31","138.00","287","15.84",
"3036A","文曄甲特","51,500","48","2,605,000","50.60","50.70","50.50","50.70"," ","0.00","50.50","16","50.70","15","0.00",
"3037","欣興","49,227,532","31,890","7,945,299,387","160.00","165.00","159.00","159.00","+","0.50","159.00","338","159.50","194","121.37",
"3038","全台","328,855","249","7,213,565","22.10","22.30","21.70","21.85","-","0.25","21.80","9","21.90","2","19.34",
"3040","遠見","280,431","365","18,067,186","64.60","65.40","63.60","64.70","+","0.30","64.40","8","64.70","5","86.27",
"3041","揚智","2,112,541","1,882","65,133,949","30.90","31.50","30.35","30.35","-","0.50","30.35","18","30.40","19","0.00",
"3042","晶技","7,439,617","8,218","704,047,981","97.10","97.60","93.00","93.00","-","5.60","93.00","174","93.10","3","16.58",
"3043","科風","108,092","134","2,579,295","24.15","24.15","23.65","23.65","-","0.50","23.65","5","23.70","1","94.60",
"3044","健鼎","2,568,420","3,675","794,527,495","310.00","311.50","306.00","309.50","+","2.50","309.50","15","310.00","4","17.39",
"3045","台灣大","7,455,960","4,568","790,851,990","106.00","106.50","105.50","106.00"," ","0.00","106.00","72","106.50","1,390","22.04",
"3046","建碁","116,118","137","5,089,443","44.15","44.20","43.70","43.90","-","0.25","43.80","6","44.00","1","11.71",
"3047","訊舟","1,620,896","1,031","31,785,099","19.80","20.15","19.40","19.55","-","0.05","19.55","28","19.60","74","130.33",
"3048","益登","20,041,462","12,160","829,099,155","39.30","42.55","39.30","42.55","+","3.85","42.55","11,427","--","0","0.00",
"3049","精金","1,128,336","693","7,262,163","6.48","6.53","6.36","6.47","+","0.01","6.45","2","6.47","3","0.00",
"3050","鈺德","610,447","326","7,799,774","13.05","13.05","12.70","12.80","-","0.15","12.75","8","12.80","41","0.00",
"3051","力特","357,699","285","8,200,305","23.10","23.15","22.80","22.90","-","0.10","22.90","2","22.95","13","16.36",
"3052","夆典","358,697","191","4,052,459","11.35","11.35","11.25","11.30"," ","0.00","11.25","123","11.35","79","9.74",
"3054","立萬利","34,030","11","813,920","23.80","24.00","23.70","23.90","-","0.05","23.65","1","23.90","9","0.00",
"3055","蔚華科","366,075","397","21,109,566","59.10","59.10","57.00","57.50","-","0.70","57.40","6","58.10","14","0.00",
"3056","富華新","1,724,664","1,492","34,676,278","20.20","20.25","20.05","20.05","-","0.10","20.05","282","20.10","1","2.55",
"3057","喬鼎","187,381","509","1,785,039","9.54","9.62","9.49","9.51","-","0.03","9.51","3","9.53","19","0.00",
"3058","立德","762,629","359","9,040,898","12.00","12.10","11.70","11.80","-","0.20","11.80","3","11.85","6","0.00",
"3059","華晶科","8,708,235","7,008","463,157,223","53.70","54.30","52.70","52.80","-","0.60","52.70","130","52.80","38","45.91",
"3060","銘異","21,145,074","9,789","562,230,679","26.90","28.10","24.85","25.90","+","0.35","25.85","22","25.90","111","0.00",
"3062","建漢","1,304,395","811","31,583,585","24.15","24.55","24.05","24.10"," ","0.00","24.05","48","24.10","2","13.69",
"3090","日電貿","1,970,517","3,957","148,073,513","76.00","76.40","74.60","74.80","-","1.00","74.80","8","74.90","5","17.00",
"3092","鴻碩","168,349","229","2,737,575","16.25","16.35","16.15","16.25","-","0.45","16.20","5","16.25","1","0.00",
"3094","聯傑","437,105","374","11,661,945","27.10","27.10","26.40","27.05","+","0.15","27.05","3","27.10","6","225.42",
"3130","一零四","14,436","128","3,237,384","224.00","224.50","224.00","224.00"," ","0.00","224.00","4","225.00","1","15.31",
"3135","凌航","2,997,207","2,005","119,485,125","39.85","41.35","38.60","40.05","+","1.00","40.00","4","40.05","3","53.40",
"3138","耀登","1,431,408","4,955","148,567,156","97.60","107.00","96.20","107.00","+","9.60","107.00","37","--","0","101.90",
"3149","正達","22,293,644","19,252","994,628,022","46.00","46.80","43.00","44.30","-","0.20","44.25","8","44.30","5","0.00",
"3150","鈺寶-創","57,000","29","1,240,650","22.10","22.10","21.40","22.10","-","0.25","21.55","6","22.05","1","52.62",
"3164","景岳","21,509","82","417,533","19.40","19.45","19.35","19.35","-","0.10","19.30","57","19.40","6","107.50",
"3167","大量","2,959,453","3,701","601,294,883","204.00","205.50","199.50","205.00","+","6.00","205.00","7","205.50","41","47.67",
"3168","眾福科","196,146","83","9,706,658","49.70","49.70","48.90","49.00","-","0.70","49.00","1","49.20","1","19.29",
"3189","景碩","16,951,612","9,979","1,926,453,435","113.50","116.50","111.00","111.50","-","2.00","111.50","92","112.00","81","92.92",
"3209","全科","418,349","496","13,326,916","32.25","32.25","31.70","31.70","-","0.55","31.70","8","31.75","5","16.09",
"3229","晟鈦","19,000","12","272,800","14.45","14.50","14.30","14.50","+","0.05","14.35","5","14.60","1","0.00",
"3231","緯創","76,758,569","43,644","9,493,250,250","122.50","126.00","122.00","122.50","+","1.00","122.50","188","123.00","1,945","18.04",
"3257","虹冠電","8,522,115","6,567","620,487,237","71.50","74.50","69.30","73.00","+","2.10","73.00","16","73.10","6","30.29",
"3266","昇陽","21,050","19","294,405","14.10","14.10","13.95","14.00","-","0.10","13.95","11","14.05","1","7.87",
"3296","勝德","171,850","165","3,899,164","23.05","23.10","22.35","22.50","-","0.10","22.40","3","22.60","15","20.09",
"3305","昇貿","8,167,972","7,353","946,838,913","119.00","119.50","113.50","114.00","-","4.00","114.00","26","114.50","18","39.58",
"3308","聯德","59,878","72","987,691","16.60","16.80","16.35","16.45","+","0.10","16.35","6","16.45","2","39.17",
"3311","閎暉","762,577","730","26,761,658","35.50","35.90","34.75","34.85","-","0.50","34.85","9","34.90","1","55.32",
"3312","弘憶股","1,398,053","1,033","62,433,502","44.90","45.65","44.10","44.10","+","0.30","44.10","8","44.20","25","74.75",
"3321","同泰","45,886","97","611,240","13.30","13.50","13.15","13.35","-","0.15","13.35","1","13.40","1","0.00",
"3338","泰碩","494,587","442","29,757,704","60.00","61.10","59.50","59.90","+","0.50","59.80","4","60.00","11","24.06",
"3346","麗清","314,838","257","7,244,963","23.20","23.20","22.90","23.00","-","0.30","23.00","1","23.05","2","34.33",
"3356","奇偶","806,756","822","43,644,067","54.20","55.00","53.10","54.20","+","0.60","54.20","1","54.30","6","24.20",
"3376","新日興","5,193,509","4,746","1,236,509,318","240.50","243.50","234.00","237.00","-","1.50","236.00","1","237.00","59","61.08",
"3380","明泰","4,012,268","1,613","129,194,979","32.20","32.20","32.20","32.20","+","2.90","32.20","13,960","--","0","0.00",
"3406","玉晶光","1,244,110","2,067","554,127,375","454.00","454.00","440.50","443.50","+","1.00","443.50","13","444.50","1","14.93",
"3413","京鼎","2,617,560","7,804","811,307,734","307.00","315.00","305.50","306.00","+","4.00","306.00","8","306.50","26","13.42",
"3416","融程電","805,775","983","148,410,666","186.50","187.50","182.50","184.00","-","0.50","184.00","2","184.50","15","27.54",
"3419","譁裕","1,437,232","637","20,268,686","13.10","14.35","13.10","14.35","+","1.30","14.35","1,902","--","0","0.00",
"3432","台端","30,764","64","472,506","15.75","15.75","15.10","15.25","-","0.40","15.25","1","15.45","5","0.00",
"3437","榮創","336,819","214","5,235,884","15.65","15.85","15.45","15.55","-","0.10","15.50","14","15.55","6","0.00",
"3443","創意","2,052,766","5,262","2,699,011,860","1,310.00","1,330.00","1,290.00","1,315.00","+","15.00","1,315.00","30","1,320.00","3","48.63",
"3447","展達","779,869","1,870","52,876,526","69.00","69.00","67.00","67.10","-","1.90","67.10","4","67.20","6","37.28",
"3450","聯鈞","51,958,770","43,644","14,155,319,598","263.50","280.00","261.00","278.00","+","19.50","277.50","7","278.00","85","47.04",
"3454","晶睿","87,929","156","8,259,832","94.10","94.50","93.20","94.10","+","0.10","94.10","3","94.20","5","32.23",
"3481","群創","73,768,800","15,398","1,037,399,953","14.10","14.25","13.85","14.15","+","0.10","14.10","683","14.15","458","11.69",
"3494","誠研","373,925","566","3,747,745","10.30","10.65","9.90","10.00","-","0.30","9.99","2","10.00","7","0.00",
"3501","維熹","213,731","165","11,103,171","52.30","52.30","51.80","51.80","-","0.30","51.70","22","51.80","1","10.44",
"3504","揚明光","1,496,323","2,185","94,843,820","64.00","65.40","62.10","62.10","-","0.80","62.10","8","62.20","14","147.86",
"3515","華擎","554,082","1,046","154,979,593","283.00","283.50","276.50","278.00"," ","0.00","278.00","1","278.50","2","21.91",
"3518","柏騰","411,293","284","9,362,538","23.20","23.20","22.35","22.95","+","0.15","22.95","1","23.10","4","0.00",
"3528","安馳","232,937","205","16,581,780","71.90","71.90","70.90","71.10"," ","0.00","71.10","5","71.50","8","165.35",
"3530","晶相光","598,422","885","39,668,388","67.00","67.70","64.90","66.00","-","1.90","65.90","3","66.10","1","0.00",
"3532","台勝科","10,366,728","8,154","1,183,849,626","122.00","122.00","110.50","110.50","-","12.00","--","0","110.50","168","65.00",
"3533","嘉澤","450,161","1,636","723,298,230","1,625.00","1,625.00","1,590.00","1,605.00","-","20.00","1,600.00","1","1,605.00","6","22.47",
"3535","晶彩科","14,361,456","9,700","1,205,912,364","83.10","86.00","82.10","84.00","+","0.90","84.00","133","84.10","12","0.00",
"3543","州巧","4,846,315","3,219","174,299,105","36.25","37.15","34.50","36.50","+","0.20","36.45","47","36.50","12","0.00",
"3545","敦泰","1,709,273","1,553","116,348,729","70.00","70.00","67.20","67.40","-","1.60","67.40","34","67.50","23","24.42",
"3550","聯穎","868,560","582","13,421,832","15.15","16.10","15.00","15.20","+","0.35","15.15","19","15.30","7","0.00",
"3557","嘉威","129,533","233","4,943,768","38.55","38.55","38.00","38.00","-","0.55","38.00","13","38.15","1","10.98",
"3563","牧德","667,179","1,208","365,630,869","556.00","558.00","542.00","544.00","-","4.00","544.00","5","545.00","1","42.11",
"3576","聯合再生","3,931,932","1,593","26,395,829","6.81","6.82","6.66","6.78","-","0.03","6.77","13","6.78","31","0.00",
"3583","辛耘","5,762,821","7,709","2,261,855,046","385.00","398.00","384.00","388.00","+","13.50","388.00","3","388.50","54","31.91",
"3588","通嘉","615,970","612","31,638,587","52.00","52.90","50.50","51.00","-","0.80","51.00","3","51.20","3","41.46",
"3591","艾笛森","443,431","219","8,258,399","18.50","18.80","18.35","18.55","-","0.10","18.55","1","18.60","5","40.33",
"3592","瑞鼎","297,018","600","88,594,375","297.00","302.00","295.00","296.50","-","0.50","296.50","9","299.00","1","13.39",
"3593","力銘","22,002","15","155,562","7.25","7.25","7.00","7.10","-","0.15","7.10","3","7.29","3","0.00",
"3596","智易","480,151","2,451","107,039,185","223.00","224.50","221.00","223.00"," ","0.00","222.50","1","223.00","2","18.74",
"3605","宏致","4,380,214","3,884","323,082,505","75.50","75.50","72.90","73.30","-","1.70","73.30","69","73.40","1","18.94",
"3607","谷崧","509,197","314","6,914,666","13.75","13.75","13.45","13.55","-","0.30","13.55","1","13.60","5","0.00",
"3617","碩天","175,444","250","37,964,712","218.00","218.50","214.50","217.00","-","1.00","216.50","3","217.00","1","12.78",
"3622","洋華","248,295","278","12,977,206","53.00","53.00","51.80","52.50","-","0.20","52.50","1","52.60","2","10.85",
"3645","達邁","10,156,876","8,549","756,300,479","72.70","75.60","72.70","73.10","+","0.50","73.10","31","73.20","104","65.86",
"3652","精聯","64,091","40","1,980,221","31.20","31.20","30.80","30.85","-","0.35","30.80","6","30.95","1","28.83",
"3653","健策","1,536,862","3,359","3,624,101,030","2,325.00","2,410.00","2,295.00","2,355.00","+","60.00","2,355.00","1","2,360.00","3","77.24",
"3661","世芯-KY","1,326,411","9,106","4,965,693,935","3,810.00","3,825.00","3,690.00","3,700.00","-","60.00","3,695.00","12","3,700.00","1","46.68",
"3665","貿聯-KY","2,281,366","5,020","2,507,910,110","1,135.00","1,145.00","1,085.00","1,085.00","-","35.00","1,085.00","4","1,095.00","30","32.31",
"3669","圓展","38,283","54","1,226,782","32.20","32.25","31.95","31.95","-","0.20","31.95","1","32.15","1","61.44",
"3673","TPK-KY","1,750,104","1,233","68,273,642","39.50","39.55","38.50","39.30"," ","0.00","39.05","1","39.30","85","26.73",
"3679","新至陞","53,563","57","6,167,578","115.00","116.00","115.00","115.00"," ","0.00","115.00","7","116.00","7","13.11",
"3686","達能","1,705,440","1,276","32,883,129","18.05","19.85","18.05","19.85","+","1.80","19.80","35","19.85","27","0.00",
"3694","海華","2,265,844","2,224","188,510,157","83.90","84.60","81.90","83.80","+","0.30","83.70","15","83.90","2","25.17",
"3701","大眾控","1,165,788","921","49,471,530","43.00","43.05","42.10","42.10","-","0.90","42.10","36","42.35","3","55.39",
"3702","大聯大","4,277,548","2,692","282,907,553","65.70","66.50","65.70","66.10","+","0.40","66.10","4","66.20","61","14.31",
"3703","欣陸","1,053,544","496","24,289,257","23.15","23.25","22.95","23.00","-","0.15","23.00","391","23.05","10","25.00",
"3704","合勤控","3,837,113","2,668","136,296,429","36.05","36.10","35.00","35.70","-","0.25","35.70","9","35.75","2","48.90",
"3705","永信","395,619","290","22,134,351","55.80","56.30","55.60","55.90","-","0.10","55.90","12","56.10","3","15.11",
"3706","神達","91,591,965","61,320","8,244,725,724","90.20","91.50","88.40","90.00","+","2.20","90.00","361","90.10","122","21.79",
"3708","上緯投控","1,743,481","1,589","201,713,466","118.00","119.00","114.00","114.50","-","3.50","114.00","44","114.50","5","84.81",
"3711","日月光投控","26,525,378","11,820","4,640,518,997","177.50","177.50","173.50","174.50","+","2.00","174.50","68","175.00","1,049","22.26",
"3712","永崴投控","756,249","621","25,973,310","34.55","34.85","34.15","34.30","-","0.25","34.30","2","34.35","6","0.00",
"3714","富采","2,107,952","1,586","83,583,227","39.80","39.95","39.30","39.75","+","0.15","39.75","7","39.80","19","0.00",
"3715","定穎投控","13,811,129","10,355","1,263,252,492","93.00","93.60","90.10","90.10","-","2.00","90.10","12","90.20","13","26.27",
"3716","中化控股","48,192","196","1,601,881","33.30","33.35","33.20","33.20","-","0.10","33.20","3","33.25","1","15.30",
"3717","聯嘉投控","652,537","437","12,966,668","20.10","20.10","19.60","19.90","-","0.15","19.90","2","19.95","2","0.00",
"4104","佳醫","228,450","357","19,338,298","84.80","85.00","84.50","84.60","-","0.30","84.60","9","84.70","2","17.48",
"4106","雃博","62,024","114","1,362,168","22.10","22.10","21.90","22.00","-","0.10","21.90","26","22.00","22","22.22",
"4108","懷特","181,359","162","2,782,393","15.15","15.50","15.15","15.30","-","0.20","15.30","14","15.45","6","0.00",
"4119","旭富","222,778","331","13,046,417","57.80","59.50","57.60","59.10","+","1.40","59.10","1","59.20","1","14.63",
"4133","亞諾法","50,030","95","1,290,849","25.75","25.85","25.75","25.80"," ","0.00","25.75","2","25.80","50","0.00",
"4137","麗豐-KY","165,988","197","17,326,295","105.50","105.50","103.50","104.50","-","0.50","104.00","20","104.50","1","18.90",
"4142","國光生","942,201","490","17,220,111","18.25","18.40","18.15","18.35","+","0.10","18.30","15","18.35","14","0.00",
"4148","全宇生技-KY","47,250","49","1,868,909","40.90","40.90","39.10","39.35","-","0.25","39.35","1","39.50","1","17.81",
"4155","訊映","136,142","184","2,017,396","14.95","14.95","14.70","14.95"," ","0.00","14.80","2","14.95","3","0.00",
"4164","承業醫","850,409","643","39,966,593","47.55","47.55","46.55","47.00","-","0.55","46.95","12","47.05","12","46.53",
"4190","佐登-KY","15,156","42","513,694","33.90","34.00","33.80","33.85","+","0.05","33.80","1","33.90","1","0.00",
"4306","炎洲","909,925","500","12,792,653","14.15","14.15","14.00","14.05"," ","0.00","14.00","115","14.05","2","37.97",
"4414","如興","262,699","172","2,972,891","11.30","11.40","11.25","11.30","-","0.15","11.30","15","11.35","2","19.15",
"4426","利勤","48,585","57","499,296","10.30","10.40","10.25","10.25","-","0.10","10.25","1","10.30","1","0.00",
"4438","廣越","121,977","117","8,625,793","71.30","71.30","70.20","71.00","-","0.30","70.90","1","71.10","1","52.59",
"4439","冠星-KY","7,275","101","704,297","97.50","97.90","95.00","97.80","+","1.00","95.10","2","97.80","1","34.08",
"4440","宜新實業","55,451","48","944,963","17.00","17.35","16.90","17.00","-","0.25","17.00","9","17.05","1","15.45",
"4441","振大環球","478,199","431","119,584,110","248.50","252.00","246.50","251.00","+","2.50","250.50","1","251.00","2","19.16",
"4526","東台","7,097,059","5,190","265,955,421","37.10","38.50","36.75","36.75","-","0.15","36.75","62","36.85","1","0.00",
"4532","瑞智","1,151,141","757","27,921,256","24.45","24.45","24.10","24.15","-","0.20","24.15","17","24.20","20","11.72",
"4536","拓凱","268,445","470","51,630,549","193.50","193.50","191.50","191.50","-","0.50","191.50","1","192.00","6","10.38",
"4540","全球傳動","1,146,242","1,100","49,103,092","43.75","43.80","42.50","42.55","-","0.80","42.55","6","42.60","11","0.00",
"4545","銘鈺","427,463","388","14,281,536","33.35","34.45","32.45","33.10"," ","0.00","33.10","3","33.15","1","64.90",
"4551","智伸科","1,261,043","1,431","178,771,965","146.50","146.50","139.50","139.50","-","6.50","139.50","29","140.00","5","21.10",
"4552","力達-KY","49,974","72","1,138,739","22.85","22.85","22.70","22.80","-","0.10","22.80","1","22.85","1","16.40",
"4555","氣立","519,293","667","22,472,273","43.80","43.95","42.90","42.90","-","0.35","42.90","7","42.95","4","0.00",
"4557","永新-KY","251,096","250","20,378,990","82.10","82.10","80.30","81.50","-","0.80","81.50","22","81.60","1","8.71",
"4560","強信-KY","63,000","42","2,121,100","33.45","33.85","33.40","33.60","+","0.25","33.60","3","33.75","2","12.31",
"4562","穎漢","311,961","338","14,418,586","47.00","47.35","46.00","46.10","-","0.65","46.05","1","46.10","2","0.00",
"4564","元翎","1,920,320","1,211","38,320,221","20.20","20.35","19.70","19.85","-","0.15","19.85","36","19.90","1","0.00",
"4566","時碩工業","596,733","551","33,526,498","57.30","57.40","55.70","55.70","-","1.50","55.70","16","55.90","1","0.00",
"4569","六方科-KY","54,172","261","8,771,020","163.50","165.50","160.00","160.50","-","2.00","160.50","1","161.50","2","43.85",
"4571","鈞興-KY","311,157","608","55,768,835","180.50","181.00","178.00","178.50","-","1.00","178.50","21","179.50","12","19.77",
"4572","駐龍","150,443","667","24,741,322","166.00","166.00","164.00","164.50","-","0.50","164.50","9","165.00","4","36.56",
"4576","大銀微系統","767,123","1,046","92,792,053","121.00","123.00","119.50","120.00","-","0.50","120.00","27","120.50","1","105.26",
"4581","光隆精密-KY","11,066","12","604,807","55.40","55.40","54.40","54.40"," ","0.00","54.40","4","54.50","1","10.50",
"4583","台灣精銳","188,046","518","131,470,433","701.00","704.00","695.00","695.00","-","6.00","695.00","10","700.00","1","61.61",
"4588","玖鼎電力","82,051","110","5,100,198","62.60","62.60","61.70","62.40","-","0.30","62.30","1","62.40","1","19.26",
"4720","德淵","232,896","105","3,625,091","15.70","15.75","15.50","15.50","-","0.20","15.50","6","15.55","2","15.98",
"4722","國精化","20,378,987","13,114","3,491,459,589","178.50","180.50","162.00","166.00","-","1.00","166.00","49","166.50","89","112.16",
"4736","泰博","134,617","196","16,098,509","119.50","120.00","119.00","119.50","-","1.00","119.50","22","120.00","2","12.14",
"4737","華廣","140,564","187","8,874,710","64.10","64.80","62.70","62.70","-","1.80","62.70","3","63.30","5","0.00",
"4739","康普","561,592","874","36,292,203","64.10","65.60","63.60","64.60","+","0.50","64.60","4","64.70","1","195.76",
"4746","台耀","431,861","395","28,077,771","64.90","65.40","64.60","65.10","+","0.30","65.00","5","65.10","3","0.00",
"4755","三福化","302,502","390","39,997,395","129.50","134.00","129.00","132.00","+","2.50","131.50","23","132.00","10","39.52",
"4763","材料*-KY","5,198,656","3,725","346,318,047","66.00","67.10","66.00","66.40","+","0.40","66.40","98","66.50","61","7.99",
"4764","雙鍵","27,000","20","1,113,500","41.10","41.50","41.00","41.40","+","0.15","41.00","1","41.10","1","106.15",
"4766","南寶","1,251,470","1,818","520,177,816","420.00","423.00","410.50","416.50","-","0.50","416.00","2","417.00","4","19.41",
"4770","上品","715,032","1,067","220,590,686","307.00","312.00","305.00","308.00","+","2.00","308.00","8","309.00","5","19.38",
"4771","望隼","73,536","95","13,056,609","178.00","178.50","177.00","177.50","-","0.50","177.50","3","178.00","16","15.79",
"4807","日成-KY","30,584","201","534,203","17.40","17.65","17.40","17.40"," ","0.00","17.40","2","17.45","1","0.00",
"4904","遠傳","9,531,862","4,937","819,048,962","85.50","86.40","85.00","85.90","+","0.40","85.90","827","86.00","92","23.09",
"4906","正文","2,369,043","1,311","60,392,559","25.60","25.90","25.25","25.35","-","0.05","25.35","9","25.40","22","0.00",
"4912","聯德控股-KY","241,725","333","19,142,124","79.20","80.00","78.50","79.40","X","0.00","79.00","4","79.50","1","14.76",
"4915","致伸","1,258,784","1,198","99,838,261","80.20","80.60","78.60","78.60","-","1.10","78.60","30","78.80","12","13.51",
"4916","事欣科","6,738,506","6,263","404,841,237","61.00","61.90","59.40","59.60","-","2.00","59.60","30","59.70","16","41.97",
"4919","新唐","3,290,672","3,089","214,632,876","66.30","66.80","64.60","64.60","-","1.70","64.60","11","64.80","3","0.00",
"4927","泰鼎-KY","10,698,715","7,457","272,555,124","26.30","26.45","24.85","24.85","-","1.25","24.85","162","24.90","21","0.00",
"4930","燦星網","23,614","112","551,840","23.45","23.45","23.30","23.30","-","0.15","23.30","4","23.35","1","14.38",
"4934","太極","4,149,715","2,127","60,113,642","14.20","15.35","13.75","15.15","+","0.70","15.15","11","15.20","10","0.00",
"4935","茂林-KY","86,471","144","3,969,007","46.45","46.45","45.55","45.55","-","0.80","45.55","1","45.75","1","20.24",
"4938","和碩","9,767,542","5,726","697,763,749","71.00","72.10","71.00","71.10","+","0.40","71.10","387","71.20","2","15.00",
"4942","嘉彰","228,656","147","8,178,986","36.10","36.10","35.55","35.80","-","0.30","35.70","4","35.80","3","13.93",
"4943","康控-KY","8,218","18","77,649","9.49","9.49","9.47","9.47","+","0.02","9.21","1","9.45","5","0.00",
"4949","有成精密","663,935","1,178","27,375,967","42.50","42.50","40.70","41.15","-","1.05","41.15","6","41.30","7","38.82",
"4952","凌通","211,803","223","9,013,012","43.05","43.05","42.20","42.55","-","0.35","42.50","10","42.65","1","27.45",
"4956","光鋐","587,619","321","12,788,613","22.35","22.35","21.55","21.80","-","0.15","21.75","3","21.80","7","0.00",
"4958","臻鼎-KY","22,962,397","15,364","3,989,056,343","176.50","178.00","169.50","171.50","-","3.50","171.00","220","171.50","90","18.28",
"4960","誠美材","2,189,020","954","31,934,683","15.05","15.10","14.40","14.45","-","0.65","14.40","122","14.45","1","0.00",
"4961","天鈺","407,350","1,462","71,354,296","177.50","177.50","173.50","173.50","-","3.00","173.50","25","175.00","5","12.53",
"4967","十銓","3,906,748","9,461","342,882,412","88.50","89.00","86.40","88.50","-","0.50","88.40","1","88.50","36","36.88",
"4968","立積","2,765,240","2,900","420,255,129","155.00","156.50","150.50","151.50","-","5.00","151.50","2","152.00","34","280.56",
"4976","佳凌","3,186,448","2,702","131,565,035","42.90","42.95","40.50","40.95","-","1.95","40.95","20","41.00","7","0.00",
"4977","眾達-KY","6,471,519","5,542","818,314,733","128.00","128.50","125.00","127.00","-","0.50","126.50","6","127.00","60","22.16",
"4989","榮科","3,251,696","1,941","86,432,104","26.85","28.35","25.65","25.65","-","0.85","25.60","14","25.65","228","0.00",
"4994","傳奇","30,528","43","2,889,788","95.00","95.00","93.80","94.60","+","0.30","94.30","1","94.90","3","27.11",
"4999","鑫禾","68,589","119","1,804,619","26.50","26.50","26.15","26.25","-","0.15","26.15","4","26.35","1","0.00",
"5007","三星","61,492","48","3,151,765","51.10","51.70","51.10","51.70","-","0.20","51.10","13","51.70","2","18.14",
"5203","訊連","189,287","301","18,621,299","99.00","99.20","97.60","97.60","-","1.10","97.60","4","97.80","3","38.12",
"5215","科嘉-KY","42,288","35","1,450,025","34.40","34.55","34.15","34.15","-","0.30","34.15","1","34.20","1","20.09",
"5222","全訊","1,840,037","4,667","260,680,740","146.00","147.00","139.00","140.00","-","5.50","139.50","10","140.00","5","36.18",
"5225","東科-KY","603,420","538","67,760,528","111.00","113.50","111.00","112.50","+","2.00","112.50","25","113.00","67","9.44",
"5234","達興材料","2,397,692","3,403","949,547,284","380.50","407.50","380.50","399.00","+","20.50","399.00","12","399.50","1","61.67",
"5243","乙盛-KY","1,605,858","3,186","119,518,078","75.70","75.80","73.70","73.80","-","1.90","73.80","26","73.90","6","17.96",
"5244","弘凱","723,874","504","32,720,613","45.80","46.10","44.95","45.00","-","0.40","45.00","14","45.05","6","28.30",
"5258","虹堡","428,290","483","33,391,203","77.00","78.60","77.00","78.20","+","1.10","78.20","1","78.30","3","21.90",
"5269","祥碩","378,886","1,413","577,748,665","1,540.00","1,540.00","1,510.00","1,525.00","-","5.00","1,520.00","14","1,525.00","4","26.76",
"5283","禾聯碩","107,442","373","7,393,898","68.40","69.20","68.40","69.00","+","0.70","69.00","3","69.10","1","10.57",
"5284","jpp-KY","2,555,014","3,651","734,047,404","291.00","293.00","283.50","286.50","-","2.00","286.50","1","287.00","4","44.21",
"5285","界霖","161,055","166","8,011,461","49.80","50.50","49.00","50.00","+","0.40","50.00","1","50.10","14","36.50",
"5288","豐祥-KY","296,533","415","32,561,116","111.50","111.50","108.00","110.50","-","1.50","110.00","15","110.50","1","8.15",
"5292","華懋","110,238","248","17,358,037","155.50","159.00","155.50","157.50","+","1.50","157.50","2","158.00","2","15.01",
"5306","桂盟","126,373","185","11,117,620","88.50","88.80","87.50","87.80","-","0.70","87.80","3","87.90","1","10.29",
"5388","中磊","2,397,261","1,757","252,430,773","104.00","106.00","103.50","105.50","+","2.50","105.50","44","106.00","67","18.44",
"5434","崇越","1,033,439","1,585","311,945,366","299.00","305.00","298.00","302.50","+","5.50","302.50","4","303.00","9","15.58",
"5469","瀚宇博","41,713,088","33,619","4,550,786,736","113.50","115.00","103.50","104.00","-","3.00","104.00","9","104.50","94","17.57",
"5471","松翰","494,275","585","19,004,434","38.80","38.95","38.05","38.80","+","0.30","38.75","4","38.80","10","63.61",
"5484","慧友","342,631","332","14,320,672","42.15","42.50","41.00","42.40","+","0.50","42.35","2","42.45","5","0.00",
"5515","建國","135,348","152","3,240,366","23.95","24.10","23.80","23.80","-","0.10","23.80","7","23.95","1","9.71",
"5519","隆大","214,871","177","6,351,906","29.55","29.80","29.40","29.65","+","0.15","29.65","1","29.70","3","9.88",
"5521","工信","1,144,190","485","13,876,621","12.15","12.20","12.05","12.15"," ","0.00","12.15","25","12.20","41","35.74",
"5522","遠雄","1,044,872","901","65,708,485","63.30","63.40","62.50","63.20","-","0.60","63.00","8","63.20","3","34.35",
"5525","順天","75,100","51","2,156,010","29.00","29.00","28.50","28.85"," ","0.00","28.80","1","28.85","3","25.76",
"5531","鄉林","264,582","158","2,427,222","9.17","9.20","9.15","9.20","+","0.03","9.19","3","9.20","6","76.67",
"5533","皇鼎","272,959","161","4,067,441","15.00","15.00","14.80","14.95","-","0.05","14.90","24","14.95","7","9.46",
"5534","長虹","677,121","954","52,322,879","77.80","77.80","76.80","77.40","-","0.30","77.40","14","77.50","2","10.71",
"5538","東明-KY","11,000","9","322,200","29.35","29.35","29.20","29.20","-","0.05","29.05","1","29.25","2","11.02",
"5546","永固-KY","22,732","30","571,739","25.75","25.75","24.55","25.35","-","0.05","25.30","1","25.35","2","0.00",
"5607","遠雄港","346,026","597","17,095,434","49.50","49.70","49.15","49.25","-","0.25","49.25","1","49.30","1","20.18",
"5608","四維航","2,621,061","1,451","44,352,191","17.20","17.25","16.75","17.00","-","0.25","16.95","11","17.00","10","0.00",
"5706","鳳凰","255,235","616","13,611,280","53.70","53.70","53.00","53.60","-","0.10","53.50","2","53.70","7","15.72",
"5871","中租-KY","3,892,352","3,356","459,537,476","119.00","119.50","117.50","118.00","-","1.00","118.00","10","118.50","395","10.34",
"5871A","中租-KY甲特","117,438","42","11,916,938","101.50","101.50","101.00","101.50"," ","0.00","101.00","169","101.50","135","0.00",
"5876","上海商銀","6,141,274","3,076","256,294,783","41.80","42.00","41.55","42.00"," ","0.00","41.90","31","42.00","84","13.17",
"5880","合庫金","6,030,864","3,656","146,223,601","24.25","24.30","24.20","24.30"," ","0.00","24.25","8","24.30","801","19.29",
"5906","台南-KY","7,004","8","341,291","48.50","49.40","48.50","49.40","X","0.00","48.50","1","49.35","1","28.39",
"5907","大洋-KY","248,353","135","1,475,435","5.95","6.04","5.88","5.99","+","0.07","5.95","13","5.99","6","0.00",
"6005","群益證","4,136,754","1,711","99,453,285","24.00","24.20","23.90","24.00","+","0.05","24.00","9","24.05","35","12.12",
"6024","群益期","124,164","248","6,037,907","48.60","48.70","48.55","48.55","-","0.05","48.55","29","48.60","1","10.22",
"6108","競國","88,958","92","1,299,352","14.65","14.75","14.45","14.65","+","0.05","14.65","1","14.70","4","63.70",
"6112","邁達特","1,127,184","1,387","58,572,830","52.50","52.90","51.40","51.40","-","0.50","51.40","2","51.60","3","5,140.00",
"6115","鎰勝","24,927","211","1,185,481","47.85","47.85","47.50","47.70","-","0.25","47.70","1","47.80","2","17.47",
"6116","彩晶","13,721,334","3,982","108,991,561","7.90","8.05","7.74","8.04","+","0.27","8.03","5","8.04","98","0.00",
"6117","迎廣","485,791","627","42,021,241","87.90","88.30","85.80","85.80","-","1.30","85.80","8","86.00","2","31.31",
"6128","上福","36,580","38","1,023,883","28.20","28.25","27.95","28.00"," ","0.00","27.95","4","28.00","3","13.21",
"6133","金橋","730,485","309","12,599,616","17.20","17.45","17.10","17.10","-","0.10","17.05","37","17.10","2","43.85",
"6136","富爾特","75,083","91","1,752,322","23.50","23.50","23.30","23.30","-","0.20","23.25","10","23.30","2","23.54",
"6139","亞翔","2,919,585","3,577","1,045,795,849","357.50","363.00","353.50","358.50","+","3.00","358.50","4","359.00","12","21.49",
"6141","柏承","363,449","281","4,420,866","12.45","12.45","12.10","12.15","-","0.25","12.15","10","12.20","14","0.00",
"6142","友勁","315,079","201","3,148,227","10.00","10.10","9.90","10.05","+","0.06","10.00","25","10.10","6","0.00",
"6152","百一","559,940","334","5,385,456","9.55","9.78","9.46","9.70","+","0.15","9.70","1","9.72","1","0.00",
"6153","嘉聯益","11,592,768","4,765","186,060,590","15.95","16.50","15.60","16.00","+","0.25","16.00","75","16.05","81","0.00",
"6155","鈞寶","850,911","678","21,008,844","25.75","25.80","24.10","24.70","-","1.00","24.50","2","24.75","7","247.00",
"6164","華興","199,542","192","2,029,163","10.35","10.35","10.00","10.15","-","0.20","10.15","34","10.20","4","84.58",
"6165","浪凡","892,602","616","46,565,849","51.80","52.90","51.20","52.40","+","1.10","52.30","7","52.40","3","18.45",
"6166","凌華","590,564","673","37,053,073","63.90","64.00","62.30","62.40","-","1.40","62.30","27","62.40","2","50.32",
"6168","宏齊","1,114,742","668","23,970,128","21.70","21.75","21.25","21.40","-","0.25","21.40","18","21.50","4","0.00",
"6176","瑞儀","1,276,245","1,147","181,430,665","142.50","143.00","141.50","142.00"," ","0.00","141.50","122","142.00","1","12.03",
"6177","達麗","1,525,481","1,807","76,271,526","50.20","50.40","49.75","50.10","-","0.10","50.10","2","50.20","5","13.43",
"6183","關貿","19,881","72","1,947,057","97.60","98.20","97.60","98.20","+","0.40","98.00","2","98.30","4","27.05",
"6184","大豐電","134,060","165","6,768,562","50.50","50.70","50.40","50.60","+","0.10","50.50","14","50.60","3","13.83",
"6189","豐藝","647,990","872","31,983,074","49.85","49.85","49.25","49.25","-","0.60","49.25","21","49.40","21","18.17",
"6191","精成科","31,650,221","23,323","4,049,702,232","134.00","135.50","124.50","125.50","-","7.00","125.50","80","126.00","714","20.92",
"6192","巨路","134,445","219","14,078,514","105.00","105.00","104.50","104.50","-","0.50","104.50","6","105.00","2","9.98",
"6196","帆宣","821,486","2,168","210,180,426","260.00","260.00","253.00","255.00","-","2.00","255.00","8","256.00","7","23.42",
"6197","佳必琪","809,790","890","129,571,893","160.00","161.00","159.00","160.00","+","0.50","159.50","39","160.00","9","20.46",
"6201","亞弘電","9,002","10","516,415","57.30","57.70","57.20","57.50","+","0.10","57.50","1","57.80","1","12.23",
"6202","盛群","1,189,564","1,062","49,692,722","42.50","42.50","41.55","41.55","-","0.90","41.55","156","41.60","1","218.68",
"6205","詮欣","125,436","95","5,434,724","43.10","43.60","42.90","43.60","+","0.50","43.50","10","43.60","2","22.24",
"6206","飛捷","610,739","546","65,243,387","106.50","107.50","106.00","106.50"," ","0.00","106.50","46","107.00","27","14.65",
"6209","今國光","15,263,447","11,250","586,406,620","41.95","41.95","38.05","38.05","-","4.20","--","0","38.05","512","0.00",
"6213","聯茂","11,735,923","7,884","1,326,805,106","114.50","115.50","110.50","111.50","-","1.50","111.00","346","111.50","65","32.99",
"6214","精誠","482,827","579","59,029,773","122.50","123.00","121.50","122.50"," ","0.00","122.00","4","122.50","42","19.14",
"6215","和椿","2,077,591","2,008","253,963,996","124.00","124.50","121.00","122.50","-","2.00","122.00","6","122.50","18","70.00",
"6216","居易","121,441","183","3,370,856","28.00","28.00","27.60","27.70","-","0.30","27.65","5","27.70","7","24.30",
"6224","聚鼎","135,374","215","5,992,614","45.50","45.50","43.90","44.20","-","0.40","44.00","7","44.40","1","18.97",
"6225","天瀚","9,848","22","165,012","16.65","17.35","16.65","16.65"," ","0.00","16.60","3","17.35","1","0.00",
"6226","光鼎","190,133","75","1,349,815","7.15","7.20","7.02","7.18","+","0.03","7.10","1","7.18","2","0.00",
"6230","尼得科超眾","1,011,464","1,417","160,870,283","164.00","164.50","155.00","157.50","-","4.00","157.00","3","158.00","7","107.14",
"6235","華孚","9,910,070","10,918","689,391,737","71.50","71.90","67.40","68.70","-","1.10","68.70","1","68.80","15","26.02",
"6239","力成","7,772,318","5,909","1,168,155,303","152.00","153.00","148.50","150.50","-","0.50","150.50","7","151.00","312","20.76",
"6243","迅杰","115,971","194","4,203,888","36.90","36.95","36.05","36.05","-","0.40","36.05","5","36.10","1","0.00",
"6257","矽格","4,054,626","8,705","379,653,030","94.10","94.50","92.50","93.00","-","0.70","92.90","2","93.00","6","18.86",
"6269","台郡","2,410,649","3,325","161,935,688","67.90","68.30","66.60","66.80","-","0.80","66.80","20","67.00","2","0.00",
"6271","同欣電","2,170,437","2,229","264,480,120","125.00","125.50","120.00","120.50","-","2.50","120.00","84","120.50","58","16.13",
"6277","宏正","67,146","194","4,120,053","61.60","61.60","61.10","61.40","-","0.10","61.30","1","61.50","2","16.29",
"6278","台表科","1,802,526","1,353","194,202,875","108.50","109.00","107.00","107.00","-","1.00","107.00","225","107.50","17","11.64",
"6281","全國電","106,795","190","7,279,884","68.60","68.80","67.60","68.60"," ","0.00","68.40","1","68.70","6","16.53",
"6282","康舒","6,463,451","3,594","196,033,910","30.00","30.70","30.00","30.10","+","0.30","30.10","107","30.15","37","0.00",
"6283","淳安","654,747","510","17,041,790","27.00","27.00","25.60","25.90","-","0.90","25.90","1","25.95","8","55.11",
"6285","啟碁","3,318,293","2,789","401,158,831","122.50","123.00","119.50","121.00"," ","0.00","121.00","25","121.50","156","19.87",
"6405","悅城","644,424","609","17,824,807","28.85","28.85","27.10","27.45","-","1.05","27.40","6","27.45","5","0.00",
"6409","旭隼","759,016","1,584","732,117,733","952.00","978.00","948.00","969.00","+","26.00","969.00","2","970.00","3","18.67",
"6412","群電","1,288,592","1,081","129,959,039","101.50","102.00","100.00","100.00","-","1.50","100.00","188","100.50","6","15.31",
"6414","樺漢","546,166","904","163,887,894","302.50","304.00","298.50","299.00","-","1.00","299.00","9","299.50","6","13.73",
"6415","矽力*-KY","1,522,384","2,114","418,829,223","276.00","279.00","273.00","273.00","-","2.00","273.00","46","273.50","14","40.15",
"6416","瑞祺電通","184,323","312","16,093,591","88.00","88.00","86.90","86.90","-","1.00","86.90","1","87.00","1","20.94",
"6423","億而得-創","37,398","24","2,994,979","80.00","80.80","80.00","80.80","+","1.30","80.10","6","80.80","1","88.79",
"6426","統新","180,452","174","13,029,197","72.70","73.70","71.80","72.00","-","0.60","71.90","10","72.40","1","0.00",
"6431","光麗-KY","57,018","26","927,747","16.15","16.60","16.10","16.45","+","0.05","16.20","4","16.40","5","0.00",
"6438","迅得","1,881,598","2,147","336,280,870","180.00","182.00","176.00","176.00","-","1.50","176.00","85","176.50","21","24.04",
"6442","光聖","3,419,077","6,094","2,861,419,373","857.00","862.00","823.00","826.00","-","14.00","826.00","27","827.00","11","51.79",
"6443","元晶","2,813,788","1,326","42,789,761","15.50","15.55","15.10","15.30","-","0.10","15.25","30","15.30","41","0.00",
"6446","藥華藥","5,461,762","8,664","2,805,837,001","500.00","524.00","498.50","517.00","+","22.00","517.00","26","518.00","9","42.52",
"6449","鈺邦","12,203,932","10,987","2,443,632,990","209.50","212.50","190.00","198.50","-","10.50","198.50","9","199.00","6","35.32",
"6451","訊芯-KY","1,980,537","1,880","332,150,275","166.00","170.00","164.50","164.50","-","1.00","164.50","6","165.00","19","0.00",
"6456","GIS-KY","1,899,332","1,425","121,134,257","64.40","65.60","62.80","63.40","-","0.30","63.20","20","63.40","9","144.09",
"6464","台數科","817,000","8","63,722,300","77.60","77.60","77.50","77.50","-","0.10","77.50","5","77.60","1","12.87",
"6472","保瑞","471,269","2,146","326,837,664","690.00","699.00","688.00","693.00","+","4.00","692.00","16","694.00","2","17.63",
"6477","安集","3,472,130","5,374","150,760,543","44.95","44.95","42.60","43.15","-","1.50","43.15","20","43.20","7","0.00",
"6491","晶碩","133,372","292","42,243,553","317.00","318.00","315.00","316.00","-","1.50","315.50","7","316.50","3","14.95",
"6504","南六","112,503","93","5,218,139","46.95","47.05","46.00","46.00","-","0.70","46.00","7","46.30","2","0.00",
"6505","台塑化","4,364,248","2,163","171,729,106","39.00","39.55","39.00","39.25","+","0.05","39.20","1","39.25","12","0.00",
"6515","穎崴","1,607,667","4,543","3,256,673,725","2,070.00","2,080.00","1,950.00","2,015.00","-","5.00","2,015.00","5","2,020.00","5","45.72",
"6525","捷敏-KY","494,029","495","41,707,759","84.30","85.10","83.50","83.70","-","0.60","83.70","10","84.00","4","16.07",
"6526","達發","368,077","964","198,288,448","541.00","546.00","536.00","537.00","-","2.00","537.00","1","539.00","2","30.08",
"6531","愛普*","2,517,810","2,704","857,124,310","343.00","346.50","334.00","344.00","-","1.00","343.00","21","344.00","12","89.58",
"6533","晶心科","1,178,039","3,134","386,696,623","320.50","332.00","320.50","325.50","+","8.00","325.50","8","326.00","1","0.00",
"6534","正瀚-創","61,787","48","6,900,308","113.00","113.00","110.50","111.00","-","2.00","111.00","8","113.00","3","31.36",
"6541","泰福-KY","281,540","225","13,771,844","48.70","49.45","48.60","48.80","+","0.15","48.75","3","48.90","1","0.00",
"6550","北極星藥業-KY","554,139","403","20,102,076","36.20","36.70","35.90","36.50","-","0.10","36.50","11","36.65","1","0.00",
"6552","易華電","74,370","67","2,130,404","28.70","28.90","28.55","28.75","-","0.15","28.70","2","28.75","1","0.00",
"6558","興能高","1,225,582","941","59,615,514","48.90","49.25","48.40","48.45","-","0.05","48.45","8","48.50","11","0.00",
"6573","虹揚-KY","156,807","89","1,576,879","10.25","10.25","9.90","10.25","-","0.15","10.00","10","10.25","6","0.00",
"6579","研揚","76,574","123","9,450,469","124.00","124.50","123.00","123.50","-","0.50","123.50","1","124.00","9","38.71",
"6581","鋼聯","3,363","107","372,212","111.00","111.00","110.00","110.00","-","1.00","110.00","1","110.50","1","15.92",
"6582","申豐","53,663","64","1,578,362","29.30","29.50","29.30","29.40","+","0.10","29.40","1","29.45","1","588.00",
"6585","鼎基","128,129","144","13,115,203","102.50","103.50","101.50","102.50"," ","0.00","102.00","2","102.50","1","14.30",
"6589","台康生技","338,176","296","20,450,968","60.40","60.80","60.30","60.60","+","0.10","60.50","4","60.70","2","0.00",
"6591","動力-KY","2,345,657","3,130","197,394,781","85.00","86.30","82.30","83.00","-","1.40","82.80","7","83.00","17","17.58",
"6592","和潤企業","309,185","785","21,308,679","68.30","69.50","68.30","69.30","+","0.70","69.30","3","69.40","2","17.77",
"6592A","和潤企業甲特","3,000","3","294,900","98.30","98.30","98.30","98.30","+","0.10","98.00","3","98.30","2","0.00",
"6592B","和潤企業乙特","22,301","16","2,198,881","98.80","98.80","98.50","98.60"," ","0.00","98.60","1","98.80","8","0.00",
"6598","ABC-KY","83,218","80","1,863,488","22.45","22.65","22.00","22.60","+","0.15","22.45","12","22.60","1","0.00",
"6605","帝寶","341,244","462","45,777,050","134.00","135.50","133.00","134.00"," ","0.00","134.00","13","135.00","16","9.42",
"6606","建德工業","95,161","38","2,392,925","25.30","25.45","24.90","24.90","-","0.40","24.90","3","25.00","1","31.12",
"6625","必應","291,615","449","24,532,102","84.70","85.00","83.60","84.50","-","0.20","84.10","5","84.50","2","13.76",
"6641","基士德-KY","21,607","29","431,608","20.00","20.05","19.90","20.00","-","0.05","20.00","1","20.05","7","200.00",
"6645","金萬林-創","48,829","87","1,171,261","24.25","24.35","23.80","23.90","-","0.10","23.80","2","24.00","4","0.00",
"6655","科定","10,165","17","1,189,868","117.00","117.50","117.00","117.50","-","2.00","117.00","3","118.50","3","28.18",
"6657","華安","424,225","296","21,923,467","52.30","52.40","51.00","52.00","-","0.30","52.00","2","52.10","10","0.00",
"6658","聯策","282,286","271","17,085,616","60.80","61.60","59.90","60.00","-","0.50","60.00","8","60.30","2","71.43",
"6666","羅麗芬-KY","6,189","27","320,058","51.50","52.20","51.40","52.20","+","0.20","51.40","4","51.70","1","21.84",
"6668","中揚光","413,966","425","18,439,473","45.15","45.20","44.10","44.80","-","0.10","44.80","3","44.90","3","0.00",
"6669","緯穎","1,207,496","4,323","3,794,295,035","3,150.00","3,170.00","3,115.00","3,140.00","+","15.00","3,135.00","5","3,140.00","8","16.54",
"6670","復盛應用","378,078","779","101,015,359","268.00","269.00","265.00","265.00","-","3.00","265.00","48","265.50","1","10.10",
"6671","三能-KY","4,000","4","147,950","37.00","37.00","36.95","36.95","X","0.00","36.80","4","36.90","1","14.72",
"6672","騰輝電子-KY","2,631,307","2,391","272,060,880","107.00","107.00","102.00","102.50","-","4.00","102.50","11","103.00","16","24.70",
"6674","鋐寶科技","71,130","58","1,490,617","21.00","21.15","20.70","21.10","+","0.20","20.90","4","21.15","3","0.00",
"6689","伊雲谷","293,231","411","22,740,902","77.40","78.90","76.60","76.70"," ","0.00","76.70","3","77.00","1","34.39",
"6691","洋基工程","591,087","1,158","266,260,656","446.00","454.50","446.00","449.00","+","5.00","449.00","12","449.50","2","18.95",
"6695","芯鼎","1,498,232","1,126","78,096,202","51.50","53.60","50.70","52.60","+","1.70","52.60","18","52.70","1","0.00",
"6698","旭暉應材","246,600","266","8,763,411","36.40","36.40","35.15","35.70","-","0.20","35.70","1","35.85","2","0.00",
"6706","惠特","6,490,802","5,628","522,964,110","79.00","82.50","78.30","79.70","+","0.90","79.60","12","79.80","1","0.00",
"6715","嘉基","57,076","100","5,446,200","96.50","96.50","94.30","95.00","-","0.80","95.00","8","95.10","1","29.05",
"6719","力智","609,670","1,347","129,664,816","215.50","215.50","210.00","214.00","-","0.50","213.50","7","214.00","2","104.39",
"6742","澤米","601,201","521","33,312,651","55.00","56.00","54.80","54.90","-","0.30","54.90","18","55.20","2","0.00",
"6743","安普新","211,516","199","6,948,871","33.20","33.55","32.45","33.40","+","0.30","33.25","2","33.40","1","26.94",
"6753","龍德造船","6,598,838","6,521","1,011,219,135","159.00","160.00","150.00","151.50","-","9.00","151.50","33","152.00","58","37.41",
"6754","匯僑設計","18,670","41","916,925","49.50","49.65","49.00","49.00","-","0.40","48.80","1","49.10","1","12.66",
"6756","威鋒電子","104,592","214","9,629,719","92.80","93.00","91.30","92.00","-","0.70","92.00","3","92.20","1","68.66",
"6757","台灣虎航","3,566,778","4,829","271,843,009","77.70","77.80","75.70","75.80","-","1.70","75.80","145","75.90","18","12.72",
"6768","志強-KY","1,406,473","957","148,463,710","108.00","108.00","104.00","104.50","-","3.00","104.50","20","105.00","17","12.32",
"6770","力積電","259,556,236","64,792","5,992,042,796","21.65","23.45","21.65","23.45","+","2.10","23.45","41,224","--","0","0.00",
"6771","平和環保-創","37,359","76","1,922,840","51.80","51.80","51.40","51.50","-","0.30","51.40","1","51.60","1","12.35",
"6776","展碁國際","124,275","116","6,623,682","54.10","54.10","53.00","53.20","-","0.40","53.10","9","53.30","1","13.20",
"6781","AES-KY","1,052,742","2,818","1,279,420,185","1,225.00","1,250.00","1,195.00","1,195.00","-","10.00","1,195.00","12","1,200.00","3","35.02",
"6782","視陽","166,348","215","31,795,208","190.00","192.50","189.00","192.50","+","2.50","192.00","1","192.50","2","17.25",
"6789","采鈺","3,701,710","6,180","1,136,903,256","315.00","315.00","302.00","305.50","-","6.00","305.50","1","306.00","4","57.86",
"6790","永豐實","183,899","115","7,077,241","38.50","38.60","38.40","38.50","+","0.05","38.50","2","38.55","4","14.69",
"6792","詠業","56,784","119","3,296,370","58.80","58.80","57.80","58.30","-","0.40","57.90","2","58.40","1","26.50",
"6794","向榮生技","190,966","258","17,447,995","94.30","94.50","89.10","93.00","-","2.00","91.00","2","93.00","9","0.00",
"6796","晉弘","35,715","167","2,586,614","72.50","72.70","72.00","72.30"," ","0.00","72.30","1","72.40","1","0.00",
"6799","來頡","289,865","305","26,131,096","91.10","91.20","89.40","90.30","-","0.60","90.30","6","90.50","2","42.59",
"6805","富世達","3,081,452","5,566","3,116,205,408","987.00","1,035.00","986.00","1,010.00","+","37.00","1,005.00","56","1,010.00","25","48.28",
"6806","森崴能源","870,576","896","49,711,574","57.40","58.10","56.80","57.10","-","0.70","57.00","4","57.10","3","0.00",
"6807","峰源-KY","23,360","74","1,168,498","49.40","50.70","49.40","50.00"," ","0.00","49.80","3","49.90","1","6.59",
"6830","汎銓","1,009,176","1,141","178,464,658","173.50","178.50","173.50","177.00","+","3.00","176.50","11","177.00","12","0.00",
"6834","天二科技","203,801","180","6,025,867","30.40","30.40","29.30","29.40","-","0.60","29.40","4","29.45","1","490.00",
"6835","圓裕","42,087","35","1,654,922","39.50","39.70","39.10","39.25","-","0.25","39.15","4","39.40","1","15.33",
"6838","台新藥","182,522","165","5,510,081","30.05","30.40","29.95","30.25","+","0.20","30.20","5","30.25","1","0.00",
"6854","錼創科技-KY創","302,726","280","48,231,519","159.00","161.50","156.50","158.50","+","2.00","158.00","20","159.00","6","0.00",
"6861","睿生光電","104,434","400","6,479,419","63.00","63.00","61.40","62.00","+","0.30","61.80","2","62.00","1","17.61",
"6862","三集瑞-KY","362,846","569","58,866,146","164.00","165.00","160.00","162.00","-","2.00","162.00","1","162.50","2","19.88",
"6863","永道-KY","184,449","240","26,217,478","143.00","143.50","141.50","141.50","-","1.50","141.50","13","142.00","1","18.00",
"6869","雲豹能源","418,758","536","50,169,218","120.00","121.00","119.00","119.00","-","1.00","119.00","54","119.50","10","12.65",
"6873","泓德能源","616,790","671","77,709,546","127.00","127.50","125.50","125.50","-","1.50","125.50","26","126.00","1","12.73",
"6885","全福生技","350,599","201","11,035,521","31.40","31.80","31.10","31.70","+","0.30","31.70","5","31.80","6","0.00",
"6887","寶綠特-KY","779,454","403","57,502,339","72.50","78.70","72.50","73.80","+","2.20","73.80","5","74.10","1","11.18",
"6890","來億-KY","481,518","891","107,670,078","224.00","225.50","222.00","224.00","+","1.00","223.50","2","224.00","54","14.78",
"6901","鑽石投資","740,273","501","14,141,646","19.20","19.30","19.00","19.10","-","0.25","19.10","25","19.15","1","0.00",
"6902","GOGOLOOK","81,002","211","6,106,322","76.10","76.10","74.80","75.50","-","1.40","75.50","2","75.60","1","0.00",
"6906","現觀科","80,255","401","9,377,250","119.00","119.00","116.00","116.00","-","3.00","116.00","27","116.50","1","37.91",
"6909","創控","117,047","87","5,354,820","45.70","46.10","45.50","45.90"," ","0.00","45.90","12","45.95","1","38.90",
"6914","阜爾運通","128,457","249","18,251,392","143.50","143.50","141.00","142.50","-","1.00","142.00","1","142.50","2","18.65",
"6916","華凌","19,570","19","362,772","18.55","18.70","18.40","18.70"," ","0.00","18.55","5","18.85","1","0.00",
"6918","愛派司","66,889","74","6,095,918","91.00","92.00","90.20","91.60","+","1.40","91.60","5","91.90","2","19.12",
"6919","康霈*","22,652,534","21,296","4,493,373,561","198.50","203.00","193.50","196.50","+","1.50","196.00","11","196.50","18","0.00",
"6923","中台","1,302,409","1,032","137,585,523","108.50","111.00","102.00","103.50","-","4.50","103.50","2","104.00","7","29.49",
"6924","榮惠-KY創","13,000","11","771,200","61.90","61.90","58.10","60.00","+","0.30","58.10","2","60.00","5","8.77",
"6928","攸泰科技","3,095,181","2,639","201,398,595","69.00","69.30","62.80","63.00","-","6.60","63.00","19","63.30","30","0.00",
"6931","青松健康","40,196","101","2,064,735","51.10","51.90","51.00","51.90","+","0.40","51.80","1","51.90","1","82.38",
"6933","AMAX-KY","762,609","1,538","149,529,733","187.00","202.00","187.00","196.50","+","11.50","196.50","7","197.00","4","36.25",
"6936","永鴻生技","32,588","58","1,148,445","35.50","35.50","35.05","35.45","-","0.05","35.10","3","35.45","2","20.14",
"6937","天虹","767,356","1,218","196,319,543","252.50","262.00","249.50","252.50","+","2.50","252.50","17","253.00","2","57.39",
"6944","兆聯實業","448,179","1,047","239,546,459","526.00","540.00","526.00","534.00","+","9.00","534.00","2","535.00","2","23.35",
"6949","沛爾生醫-創","116,128","163","48,708,906","418.50","426.50","408.50","421.00","+","2.50","419.50","2","425.00","2","0.00",
"6951","青新-創","22,603","50","1,692,980","74.60","75.10","74.50","75.00","-","0.30","74.80","1","75.00","3","13.74",
"6952","大武山","9,176","17","429,722","46.85","46.90","46.80","46.80","-","0.60","46.80","5","47.05","1","0.00",
"6955","邦睿生技-創","0","0","0","--","--","--","--"," ","0.00","168.00","1","170.00","1","42.98",
"6957","裕慶-KY","86,973","293","16,061,621","184.00","188.00","182.50","183.00","-","0.50","183.00","1","183.50","1","19.55",
"6958","日盛台駿","55,189","62","986,213","17.90","17.95","17.80","17.90","-","0.10","17.90","3","17.95","7","0.00",
"6962","奕力-KY","2,312,405","1,535","101,877,400","44.70","44.75","43.85","43.90","-","0.60","43.85","43","43.90","23","9.61",
"6965","中傑-KY","99,849","233","9,926,482","99.30","101.00","98.10","99.10","-","0.90","99.10","1","99.50","2","13.25",
"6969","成信實業*-創","16,000","13","630,000","39.50","39.50","39.25","39.35","-","0.15","39.35","2","39.55","1","0.00",
"6988","威力暘-創","11,009","6","187,757","17.00","17.15","17.00","17.15","-","0.30","17.15","2","17.30","4","0.00",
"6994","富威電力","120,159","150","11,394,923","95.20","95.50","94.20","94.30","-","0.80","94.30","7","94.40","1","69.85",
"7610","聯友金屬-創","853,136","1,390","91,280,683","108.50","109.00","104.00","105.50"," ","0.00","105.50","1","106.00","4","107.65",
"7631","聚賢研發-創","12,048","10","1,744,460","144.00","146.00","143.50","146.00","X","0.00","145.00","1","146.50","1","29.44",
"7705","三商餐飲","48,406","128","2,098,690","43.55","43.55","43.20","43.40","-","0.15","43.30","2","43.35","1","31.91",
"7721","微程式","141,711","133","8,889,224","62.30","64.00","61.60","63.80","+","1.50","63.60","2","63.90","10","51.45",
"7722","LINEPAY","51,003","438","30,984,337","604.00","613.00","604.00","606.00","-","1.00","606.00","2","607.00","1","80.59",
"7732","金興精密","28,000","11","1,023,350","35.90","37.00","35.90","37.00","+","0.15","36.90","1","37.00","2","27.01",
"7736","虎山","50,023","27","4,625,550","92.50","92.60","92.00","92.00","-","1.50","92.00","18","93.00","1","19.53",
"7740","熙特爾-創","134,324","172","29,140,447","215.00","222.00","213.50","213.50","-","0.50","213.50","1","214.50","2","70.23",
"7749","意騰-KY","265,177","748","142,115,567","533.00","544.00","527.00","541.00","+","8.00","540.00","3","541.00","2","94.75",
"7750","新代","1,008,155","4,177","948,058,515","973.00","975.00","913.00","932.00","-","44.00","931.00","6","932.00","1","37.01",
"7765","中華資安","103,044","236","31,908,765","311.50","311.50","308.50","309.50"," ","0.00","309.00","7","309.50","4","28.16",
"7780","大研生醫","902,598","1,619","187,514,651","214.00","214.00","204.50","207.50","-","6.00","207.50","7","208.00","3","50.36",
"7799","禾榮科","775,396","2,361","533,717,243","671.00","718.00","653.00","695.00","+","20.00","691.00","2","695.00","2","0.00",
"8011","台通","1,112,767","623","24,960,161","22.60","22.95","22.25","22.35","-","0.20","22.35","14","22.40","4","8.76",
"8016","矽創","1,675,514","6,196","375,648,825","228.00","228.50","221.00","225.00","-","5.00","224.50","71","225.00","14","15.55",
"8021","尖點","74,805,009","47,022","7,316,654,475","94.50","102.50","92.80","92.90","-","0.50","92.90","151","93.00","62","53.09",
"8028","昇陽半導體","18,520,058","26,175","3,394,922,441","185.00","187.00","179.00","179.50","-","2.50","179.00","282","179.50","4","47.24",
"8033","雷虎","1,434,666","1,434","213,532,374","151.00","151.00","147.00","148.50","-","5.00","148.00","100","148.50","51","215.22",
"8039","台虹","13,241,572","8,451","852,108,740","64.40","65.80","63.30","63.30","-","0.50","63.30","109","63.40","8","55.04",
"8045","達運光電","439,496","534","42,567,674","99.70","99.70","95.40","95.50","-","3.50","95.40","9","95.50","8","207.61",
"8046","南電","45,575,544","35,763","10,918,352,056","239.00","248.00","231.00","234.50","-","1.00","234.00","20","234.50","43","586.25",
"8070","長華*","1,579,280","966","64,334,863","41.05","41.05","40.50","40.60","-","0.30","40.60","21","40.65","1","23.47",
"8072","陞泰","385,158","463","13,407,136","34.80","35.20","34.50","34.85","+","0.05","34.80","5","34.90","5","51.25",
"8081","致新","717,471","992","169,401,560","232.50","238.00","232.50","236.00","+","3.50","236.00","2","236.50","18","13.31",
"8101","華冠","19,097","38","326,147","17.25","17.25","17.00","17.00","-","0.80","17.00","1","17.55","1","0.00",
"8103","瀚荃","1,490,733","1,344","80,250,567","53.50","55.00","52.80","53.80","+","0.70","53.80","23","53.90","22","19.64",
"8104","錸寶","808,033","599","30,723,532","39.00","39.00","37.55","37.85","-","0.65","37.85","1","37.90","7","3,785.00",
"8105","凌巨","4,690,835","1,536","64,346,940","13.35","14.05","13.15","14.00","+","0.75","13.95","6","14.00","84","0.00",
"8110","華東","14,735,825","6,549","259,378,236","17.25","18.05","17.25","17.70","+","0.45","17.65","37","17.70","31","0.00",
"8112","至上","9,314,152","6,828","422,502,415","46.75","46.80","44.85","45.05","-","1.65","45.05","30","45.10","13","26.34",
"8112A","至上甲特","6,088","26","262,281","43.20","43.20","43.10","43.10","-","0.10","43.15","1","43.20","10","0.00",
"8114","振樺電","222,006","765","51,017,082","230.00","231.50","228.50","229.50","+","0.50","229.50","1","231.00","5","9.08",
"8131","福懋科","1,027,413","802","31,622,942","31.00","31.25","30.40","30.95","+","0.15","30.95","8","31.00","13","68.78",
"8150","南茂","9,317,723","6,366","284,771,231","29.95","31.30","29.80","30.45","+","0.85","30.40","112","30.45","77","121.80",
"8162","微矽電子-創","139,367","140","5,974,543","43.70","44.10","42.40","43.20","-","0.10","43.00","2","43.20","1","21.60",
"8163","達方","829,278","790","30,460,832","37.30","37.30","36.35","36.95","-","0.05","36.95","5","37.00","4","24.15",
"8201","無敵","290,745","243","4,722,211","16.75","16.75","15.95","16.50","-","0.05","16.50","1","16.60","8","0.00",
"8210","勤誠","1,357,995","2,045","820,101,970","601.00","612.00","597.00","600.00","+","5.00","600.00","21","602.00","2","27.80",
"8213","志超","663,200","1,034","23,992,360","36.60","36.70","35.80","36.05","-","0.45","36.00","6","36.05","6","12.92",
"8215","明基材","311,922","246","7,560,430","24.40","24.55","24.05","24.15","-","0.30","24.15","19","24.40","15","54.89",
"8222","寶一","994,006","1,574","49,813,392","50.80","50.90","49.85","49.90","-","1.30","49.90","23","49.95","3","71.29",
"8249","菱光","7,963,125","6,312","484,943,971","58.70","62.40","58.70","60.90","+","2.70","60.90","35","61.00","4","16.50",
"8261","富鼎","2,559,520","2,275","242,849,507","95.50","95.90","93.70","95.50","+","0.50","95.40","1","95.50","8","19.10",
"8271","宇瞻","4,352,484","5,379","298,195,604","70.20","70.50","67.60","68.30","-","1.90","68.20","14","68.30","17","29.57",
"8341","日友","231,013","330","17,965,570","78.40","78.40","77.20","77.50","-","0.70","77.50","4","77.60","2","17.46",
"8367","建新國際","23,000","18","1,039,850","45.25","45.40","45.15","45.20","+","0.05","45.15","5","45.35","1","13.53",
"8374","羅昇","896,990","956","90,194,406","103.00","103.00","98.10","99.50","-","2.50","99.50","8","99.60","1","96.60",
"8404","百和興業-KY","3,254,433","2,429","80,784,728","26.20","26.45","24.20","24.45","-","1.50","24.45","9","24.50","5","20.72",
"8411","福貞-KY","76,810","114","988,177","12.95","12.95","12.80","12.80","-","0.25","12.80","18","12.90","3","0.00",
"8422","可寧衛","921,726","2,139","185,646,437","200.00","203.00","199.00","201.00","+","2.00","201.00","3","201.50","19","14.52",
"8429","金麗-KY","203,473","152","1,599,550","7.90","7.90","7.82","7.82","-","0.04","7.82","4","7.84","1","97.75",
"8438","昶昕","26,004","33","786,564","30.10","30.40","30.10","30.40","+","0.25","30.20","3","30.30","1","17.67",
"8442","威宏-KY","44,506","35","3,254,391","72.90","73.50","72.80","73.30","+","0.50","73.20","4","73.40","1","10.35",
"8443","阿瘦","33,005","67","397,155","12.05","12.10","12.00","12.10"," ","0.00","12.05","2","12.10","5","0.00",
"8454","富邦媒","148,827","750","36,201,245","244.50","245.50","242.00","243.00","-","1.50","242.50","8","243.50","2","18.65",
"8462","柏文","117,256","446","18,236,777","157.00","157.00","154.50","155.50","-","1.50","155.50","8","156.00","2","24.22",
"8463","潤泰材","67,311","44","1,703,704","25.35","25.40","25.30","25.30","-","0.15","25.30","19","25.35","1","15.52",
"8464","億豐","700,951","914","313,610,243","451.00","455.50","442.00","442.00","-","10.50","442.00","8","445.00","3","19.51",
"8466","美吉吉-KY","80,226","51","2,018,014","25.05","25.45","25.05","25.10","-","0.20","25.10","6","25.15","1","22.82",
"8467","波力-KY","54,431","92","9,562,549","174.00","177.00","174.00","176.50","+","3.50","176.00","2","176.50","2","13.80",
"8473","山林水","204,397","219","7,271,293","35.90","35.90","35.35","35.70","-","0.05","35.60","5","35.70","1","23.18",
"8476","台境*","648,892","527","12,421,542","20.00","20.00","18.60","19.30","-","0.70","19.20","1","19.30","1","28.38",
"8478","東哥遊艇","435,694","1,038","94,982,287","219.50","221.50","215.50","217.00","-","2.00","216.50","16","218.00","1","54.80",
"8481","政伸","18,359","21","801,637","43.40","43.95","43.35","43.50","-","0.20","43.45","2","43.70","1","14.03",
"8482","商億-KY","46,225","46","2,458,693","52.60","54.70","52.50","52.50","-","0.70","52.50","1","52.80","1","16.01",
"8487","愛爾達-創","20,565","38","1,652,427","80.50","80.50","80.20","80.50","-","0.20","80.60","1","80.70","3","11.50",
"8488","吉源-KY","15,000","13","174,600","11.85","11.85","11.55","11.55","-","0.30","11.55","1","11.65","3","0.00",
"8499","鼎炫-KY","169,281","436","44,927,975","270.50","273.00","260.50","261.50","-","7.50","261.50","1","263.50","1","25.59",
"8926","台汽電","977,528","869","45,604,844","46.05","47.10","46.05","46.70","+","0.65","46.70","3","46.75","4","18.31",
"8940","新天地","48,849","51","978,510","20.10","20.10","19.95","20.10"," ","0.00","20.00","20","20.05","1","14.26",
"8996","高力","2,911,773","3,212","979,555,724","337.00","343.50","330.50","331.50","-","2.50","331.50","27","332.00","6","54.43",
"9103","美德醫療-DR","210,391","98","1,009,713","4.84","4.89","4.77","4.79"," ","0.00","4.79","10","4.80","7","0.00",
"910322","康師傅-DR","140,751","94","2,897,684","20.70","20.90","20.45","20.45","-","0.40","20.45","1","20.60","2","0.00",
"9105","泰金寶-DR","10,910,582","1,955","65,864,193","6.05","6.07","6.02","6.02","-","0.01","6.02","456","6.03","5","0.00",
"910861","神州-DR","255,082","24","1,594,415","6.30","6.36","6.20","6.20","-","0.07","6.20","10","6.32","1","0.00",
"9110","越南控-DR","9,000","8","40,140","4.40","4.50","4.40","4.50","+","0.10","4.00","7","4.40","1","0.00",
"911608","明輝-DR","48,691","25","136,597","2.82","2.84","2.80","2.84"," ","0.00","2.80","17","2.84","3","0.00",
"911622","泰聚亨-DR","3,000","2","11,680","3.88","3.92","3.88","3.92","-","0.01","3.89","1","3.93","2","0.00",
"911868","同方友友-DR","125,500","40","164,199","1.30","1.32","1.30","1.32"," ","0.00","1.30","27","1.32","76","0.00",
"912000","晨訊科-DR","312,356","88","807,758","2.60","2.60","2.57","2.59","-","0.01","2.58","5","2.59","21","0.00",
"9136","巨騰-DR","138,000","37","845,050","6.15","6.16","6.09","6.14","-","0.01","6.10","6","6.14","28","0.00",
"9802","鈺齊-KY","821,950","791","83,991,856","103.50","104.00","101.50","101.50","-","2.00","101.50","115","102.00","12","16.48",
"9902","台火","180,325","159","2,945,036","16.50","16.50","16.25","16.35","-","0.05","16.35","1","16.40","2","0.00",
"9904","寶成","9,442,328","3,544","272,296,638","28.95","29.10","28.70","28.90","-","0.05","28.85","12","28.90","271","6.49",
"9905","大華","252,478","182","5,302,018","21.10","21.10","20.90","20.95","-","0.15","20.95","2","21.00","52","14.35",
"9906","欣巴巴","138,567","163","8,563,852","61.60","62.90","61.10","61.90","+","0.30","61.90","13","62.40","1","12.56",
"9907","統一實","933,613","543","16,437,023","17.55","17.70","17.50","17.70","+","0.10","17.65","9","17.70","55","13.62",
"9908","大台北","141,792","90","4,249,580","30.00","30.00","29.95","30.00","-","0.05","29.95","39","30.00","7","19.61",
"9910","豐泰","842,083","859","93,881,133","112.00","112.50","111.00","111.00","-","2.00","111.00","77","111.50","27","22.47",
"9911","櫻花","348,053","640","29,725,757","85.70","86.10","85.10","85.30","-","0.50","85.30","23","85.40","3","14.31",
"9912","偉聯","29,516","33","351,146","11.85","11.90","11.85","11.90"," ","0.00","11.80","7","11.90","8","0.00",
"9914","美利達","621,676","723","67,911,565","110.00","110.50","108.00","108.00","-","1.00","108.00","44","108.50","14","0.00",
"9917","中保科","626,964","806","70,094,511","112.00","112.50","111.50","111.50","-","0.50","111.50","136","112.00","70","17.18",
"9918","欣天然","1,343","19","52,950","39.50","39.50","39.50","39.50"," ","0.00","39.50","2","39.60","1","27.43",
"9919","康那香","197,963","186","3,378,090","17.15","17.15","17.00","17.05"," ","0.00","17.05","9","17.10","2","0.00",
"9921","巨大","616,421","790","62,538,596","102.00","102.00","101.00","101.00","-","0.50","101.00","114","101.50","129","265.79",
"9924","福興","253,422","331","11,252,546","44.15","44.50","44.15","44.30","+","0.10","44.30","15","44.35","2","14.38",
"9925","新保","141,087","88","5,752,395","40.85","40.90","40.75","40.75","-","0.20","40.70","10","40.80","1","18.69",
"9926","新海","11,100","12","553,180","49.80","49.90","49.80","49.90","-","0.30","49.90","3","50.00","1","19.65",
"9927","泰銘","270,911","221","15,118,389","55.70","56.10","55.60","55.90","+","0.30","55.90","2","56.00","3","14.87",
"9928","中視","22,030","17","387,425","17.80","17.80","17.50","17.55","-","0.15","17.55","1","17.60","2","0.00",
"9929","秋雨","1,080","2","14,116","13.10","13.10","13.10","13.10","-","0.05","12.65","1","12.90","1","0.00",
"9930","中聯資源","55,543","71","3,947,658","70.80","71.30","70.80","71.00","+","0.10","70.90","6","71.00","1","14.17",
"9931","欣高","22,021","13","750,573","34.00","34.10","34.00","34.00"," ","0.00","34.00","20","34.05","2","13.82",
"9933","中鼎","3,658,915","2,875","118,500,671","32.50","32.60","32.20","32.40","-","0.15","32.40","37","32.45","40","0.00",
"9934","成霖","423,133","202","4,380,213","10.45","10.45","10.30","10.30","-","0.15","10.30","72","10.35","8","20.20",
"9935","慶豐富","301,147","212","6,163,751","20.80","20.80","20.40","20.65","+","0.10","20.45","12","20.65","2","12.91",
"9937","全國","18,237","25","1,126,285","62.30","62.30","61.50","61.70","-","0.10","61.50","4","61.80","1","26.37",
"9938","百和","1,338,983","784","73,994,683","55.80","55.90","54.90","55.50"," ","0.00","55.20","14","55.50","54","11.88",
"9939","宏全","950,360","1,214","123,129,876","130.00","130.00","129.00","129.00","-","1.00","129.00","23","129.50","5","14.73",
"9940","信義","153,603","207","3,703,475","24.15","24.20","24.05","24.15"," ","0.00","24.15","6","24.20","4","28.75",
"9941","裕融","839,166","753","84,167,549","100.00","101.00","99.70","100.50"," ","0.00","100.00","54","100.50","52","13.82",
"9941A","裕融甲特","29,816","16","1,502,442","50.40","50.40","50.30","50.40","+","0.10","50.30","3","50.50","4","0.00",
"9942","茂順","24,741","44","2,697,900","109.50","109.50","109.00","109.00","-","0.50","109.00","10","109.50","16","13.31",
"9943","好樂迪","40,730","67","2,679,779","65.80","65.90","65.60","65.60","-","0.10","65.60","1","65.90","3","18.69",
"9944","新麗","77,561","62","1,313,835","17.00","17.00","16.75","16.80","-","0.20","16.75","2","16.85","2","0.00",
"9945","潤泰新","3,511,524","1,963","104,857,412","29.90","30.05","29.80","29.80","-","0.05","29.80","528","29.85","190","8.19",
"9946","三發地產","221,694","154","4,118,513","18.70","18.85","18.40","18.60","-","0.15","18.60","14","18.65","2","58.12",
"9955","佳龍","1,272,124","1,078","38,857,853","30.90","31.20","30.20","30.25","+","0.10","30.25","23","30.30","1","0.00",
"9958","世紀鋼","2,138,157","2,172","370,895,027","173.50","175.50","171.00","171.50"," ","0.00","171.50","7","172.00","5","29.07",