證券代號,證券名稱,成交股數,成交筆數,成交金額,開盤價,最高價,最低價,收盤價,漲跌(+/-),漲跌價差,最後揭示買價,最後揭示買量,最後揭示賣價,最後揭示賣量,本益比
006201,元大富櫃50,"20,472",25,"389,997",19.03,19.18,18.99,18.99,-,0.04,19.01,2,19.20,27,
00679B,元大美債20年,"74,825,846","10,016","1,860,333,906",24.77,25.06,24.77,25.06,+,0.51,25.05,773,25.06,691,
00687B,國泰20年美債,"50,471,539","6,507","1,319,303,634",26.05,26.32,26.03,26.30,+,0.49,26.30,500,26.31,216,
00687C,國泰20年美債+櫃U,"52,000",7,"460,250",8.85,8.89,8.85,8.89,+,0.15,8.90,160,8.92,159,
00694B,富邦美債1-3,"172,062",49,"6,703,829",38.90,38.98,38.90,38.98,+,0.06,38.95,1,38.97,1,
00695B,富邦美債7-10,"438,317",44,"14,350,379",32.70,32.76,32.70,32.76,+,0.07,32.76,56,32.77,20,
00696B,富邦美債20年,"4,998,665",490,"135,065,712",26.93,27.19,26.93,27.18,+,0.5,27.18,46,27.20,5,
00697B,元大美債7-10,"936,207",372,"31,240,386",33.37,33.45,33.32,33.45,+,0.18,33.43,30,33.45,2,
00718B,富邦中國政策債,"129,321",19,"2,515,306",19.41,19.60,19.39,19.42,+,0.04,19.42,49,19.59,20,
00719B,元大美債1-3,"1,193,313",368,"34,955,197",29.28,29.34,29.21,29.34,+,0.09,29.33,2,29.34,76,
00720B,元大投資級公司債,"11,486,745","1,749","349,268,577",30.23,30.60,30.23,30.57,+,0.49,30.57,184,30.58,154,
00722B,群益投資級電信債,"3,847,137",345,"129,261,239",33.33,33.76,33.33,33.72,+,0.48,33.69,147,33.74,48,
00723B,群益投資級科技債,"236,955",29,"6,933,581",29.15,29.30,29.15,29.30,+,0.39,29.29,20,29.31,2,
00724B,群益投資級金融債,"7,219,064",243,"223,950,019",30.83,31.16,30.83,31.16,+,0.38,31.15,35,31.20,21,
00725B,國泰投資級公司債,"6,670,478","1,155","215,870,694",32.30,32.53,32.27,32.53,+,0.43,32.52,65,32.53,8,
00726B,國泰新興投等債,"231,546",31,"7,021,020",30.24,30.40,30.22,30.38,+,0.2,30.37,1,30.38,2,
00727B,國泰優選非投等債,"146,479",13,"5,454,008",37.11,37.25,37.11,37.25,+,0.13,37.20,16,37.25,1,
00734B,台新JPM新興債,"638,142",68,"9,018,341",14.07,14.18,14.07,14.16,+,0.09,14.12,50,14.16,6,
00740B,富邦全球投等債,"2,595,344",280,"91,802,239",35.18,35.55,35.18,35.55,+,0.47,35.54,25,35.57,35,
00741B,富邦全球非投等債,"108,407",26,"3,838,619",35.38,35.45,35.38,35.42,+,0.04,35.41,1,35.44,1,
00746B,富邦A級公司債,"369,967",99,"12,091,109",32.47,32.81,32.47,32.81,+,0.39,32.81,128,32.83,3,
00749B,凱基新興債10+,"120,000",4,"3,364,200",27.96,28.05,27.96,28.05,+,0.22,28.10,22,28.15,1,
00750B,凱基科技債10+,"100,000",4,"3,100,000",31.00,31.00,31.00,31.00,+,0.29,31.14,1,31.17,1,
00751B,元大AAA至A公司債,"9,537,137","1,646","280,924,231",29.28,29.68,29.28,29.66,+,0.47,29.66,21,29.67,4,
00754B,群益AAA-AA公司債,"181,308",18,"5,714,240",31.41,31.60,31.39,31.60,+,0.43,31.61,20,31.66,1,
00755B,群益投資級公用債,"220,153",82,"6,565,888",29.75,29.90,29.75,29.90,+,0.34,29.94,20,29.96,2,
00756B,群益投等新興公債,"244,063",71,"6,920,380",28.30,28.47,28.28,28.47,+,0.39,28.44,20,28.47,2,
00758B,復華能源債,"102,056",6,"4,644,768",45.51,45.70,45.51,45.70,+,0.51,45.70,25,45.93,10,
00759B,復華製藥債,"101,019",6,"4,982,520",49.32,49.54,49.32,49.54,+,0.6,49.56,25,49.76,25,
00760B,復華新興企業債,"131,903",27,"6,461,737",48.80,49.26,48.80,49.26,+,0.64,49.22,5,49.24,1,
00761B,國泰A級公司債,"271,742",119,"8,613,437",31.63,31.89,31.61,31.87,+,0.46,31.87,23,31.88,1,
00764B,群益25年美債,"14,523,439",399,"381,379,559",26.10,26.42,26.02,26.42,+,0.53,26.42,11,26.43,155,
00768B,復華20年美債,"1,083,369",175,"52,634,928",48.32,48.89,48.32,48.86,+,0.9,48.86,132,48.89,251,
00772B,中信高評級公司債,"4,166,888",753,"129,044,172",30.83,31.12,30.82,31.12,+,0.44,31.12,32,31.13,11,
00773B,中信優先金融債,"1,402,336",259,"45,860,628",32.60,32.90,32.60,32.89,+,0.47,32.88,1,32.89,9,
00777B,凱基AAA至A公司債,"106,000",5,"3,204,380",30.17,30.29,30.17,30.29,+,0.38,30.38,1,30.40,1,
00778B,凱基金融債20+,"196,000",16,"6,177,580",31.33,31.67,31.33,31.67,+,0.4,31.69,11,31.75,1,
00779B,凱基美債25+,"1,125,000",71,"29,729,200",26.39,26.63,26.38,26.63,+,0.54,26.64,20,26.66,100,
00780B,國泰A級金融債,"51,860",8,"1,799,995",34.71,34.74,34.71,34.74,+,0.2,34.78,53,34.81,1,
00781B,國泰A級科技債,"106,212",10,"2,913,270",27.42,27.47,27.36,27.47,+,0.25,27.49,10,27.55,5,
00782B,國泰A級公用債,"114,170",8,"3,220,898",28.15,28.22,28.15,28.22,+,0.19,28.32,54,28.34,1,
00785B,富邦金融投等債,"17,019",7,"544,425",31.95,32.00,31.95,32.00,+,0.24,32.06,1,32.07,1,
00786B,元大10年IG銀行債,"136,070",32,"4,018,084",29.47,29.62,29.47,29.62,+,0.27,29.61,1,29.66,1,
00787B,元大10年IG醫療債,"64,287",20,"1,918,490",29.87,29.90,29.75,29.90,+,0.3,29.90,65,29.95,1,
00788B,元大10年IG電能債,"86,002",20,"2,346,385",27.20,27.33,27.19,27.31,+,0.27,27.31,33,27.33,1,
00789B,復華公司債A3,"178,000",20,"7,970,140",44.72,45.01,44.66,45.01,+,0.75,44.99,20,45.04,10,
00791B,復華信用債1-5,"100,022",6,"5,301,165",53.00,53.00,53.00,53.00,-,0.0,52.90,1,53.00,1,
00792B,群益A級公司債,"112,652",66,"3,308,235",29.33,29.47,29.33,29.47,+,0.46,29.46,1,29.50,10,
00793B,群益AAA-A醫療債,"56,978",11,"1,616,098",28.31,28.37,28.31,28.35,+,0.24,28.42,10,28.53,10,
00794B,群益7+中國政金債,"53,020",7,"2,080,066",39.23,39.26,39.23,39.26,+,0.07,39.03,1,39.25,26,
00795B,中信美國公債20年,"10,563,429","1,588","265,427,904",25.05,25.33,25.05,25.32,+,0.48,25.32,18,25.33,365,
00799B,國泰A級醫療債,"115,402",26,"3,186,509",27.50,27.74,27.50,27.74,+,0.34,27.74,32,27.81,27,
00834B,第一金金融債10+,"104,000",4,"3,232,360",31.08,31.15,31.07,31.15,+,0.28,31.15,41,31.17,11,
00836B,永豐10年A公司債,"233,027",27,"6,194,068",26.51,26.72,26.50,26.72,+,0.44,26.69,20,26.72,2,
00840B,凱基IG精選15+,"101,000",3,"2,789,760",27.62,27.76,27.62,27.76,+,0.39,27.76,9,27.80,2,
00841B,凱基AAA-AA公司債,"100,000",2,"2,721,000",27.21,27.21,27.21,27.21,+,0.26,27.29,12,27.32,1,
00842B,台新美元銀行債,"100,572",3,"2,907,496",28.91,28.91,28.91,28.91,+,0.13,28.97,25,29.06,25,
00844B,新光15年IG金融債,"6,014",3,"172,106",28.60,28.62,28.60,28.62,+,0.29,28.70,25,28.75,1,
00845B,富邦新興投等債,"164,000",24,"4,975,810",30.30,30.39,30.30,30.39,+,0.17,30.37,20,30.41,1,
00846B,富邦歐洲銀行債,"134,081",12,"4,446,339",33.11,33.18,33.11,33.18,+,0.08,33.19,20,33.22,1,
00847B,中信美國市政債,"100,000",2,"2,383,000",23.83,23.83,23.83,23.83,+,0.17,23.90,15,23.97,11,
00848B,中信新興亞洲債,"151,001",7,"4,760,092",31.47,31.60,31.46,31.60,+,0.29,31.58,15,31.64,1,
00849B,中信EM主權債0-5,"111,517",6,"3,910,508",35.00,35.07,35.00,35.07,-,0.01,35.00,10,35.08,1,
00853B,統一美債10年Aa-A,"1,537,488",232,"39,222,242",25.35,25.60,25.35,25.60,+,0.32,25.63,20,25.65,20,
00856B,永豐1-3年美公債,"10,123",13,"362,627",35.82,35.83,35.79,35.83,+,0.03,35.83,5,35.84,17,
00857B,永豐20年美公債,"2,928,217",473,"63,654,093",21.71,21.91,21.68,21.90,+,0.39,21.90,80,21.91,143,
00858,永豐美國500大,"345,513",507,"9,969,913",28.98,28.98,28.83,28.89,-,0.01,28.88,9,28.89,1,
00859B,群益0-1年美債,"246,950",13,"9,746,285",39.40,39.49,39.40,39.46,-,0.11,39.46,100,39.48,46,
00860B,群益1-5Y投資級債,"108,291",15,"3,883,179",35.70,35.89,35.70,35.89,+,0.07,35.76,1,35.89,8,
00862B,中信投資級公司債,"285,458",107,"8,338,478",29.15,29.36,29.15,29.36,+,0.4,29.34,17,29.35,2,
00863B,中信全球電信債,"216,111",28,"6,468,838",29.84,29.97,29.83,29.97,+,0.32,30.06,10,30.09,2,
00864B,中信美國公債0-1,"3,138,840",239,"137,467,517",43.77,43.84,43.72,43.83,+,0.04,43.81,24,43.83,22,
00867B,新光A-BBB電信債,"4,000",3,"114,900",28.72,28.73,28.72,28.73,+,0.27,28.84,25,28.88,1,
00870B,元大15年EM主權債,"1,290",4,"33,469",26.00,26.00,26.00,26.00,+,0.32,25.95,20,25.98,1,
00877,復華中國5G,"913,674",200,"9,695,520",10.76,10.79,10.55,10.55,-,0.08,10.55,38,10.56,18,
00883B,中信ESG投資級債,"117,531",73,"3,316,127",28.15,28.30,28.15,28.30,+,0.29,28.30,25,28.33,1,
00884B,中信低碳新興債,"118,262",16,"3,155,504",26.61,26.84,26.61,26.84,+,0.4,26.79,15,26.81,1,
00886,永豐美國科技,"12,007",30,"385,594",32.08,32.13,32.08,32.13,-,0.12,32.15,20,32.22,20,
00887,永豐中國科技50大,"4,258,404","1,082","31,623,387",7.46,7.50,7.39,7.40,-,0.05,7.39,659,7.40,55,
00888,永豐台灣ESG,"719,377",267,"10,847,895",15.20,15.20,15.02,15.05,-,0.18,15.04,7,15.05,3,
00890B,凱基ESG BBB債15+,"554,255",37,"16,415,860",29.49,29.75,29.49,29.75,+,0.36,29.78,11,29.79,5,
00928,中信上櫃ESG 30,"165,352",142,"2,287,638",13.99,13.99,13.78,13.79,-,0.1,13.78,10,13.79,1,
00931B,統一美債20年,"4,182,692",687,"52,465,664",12.51,12.63,12.50,12.62,+,0.23,12.62,402,12.63,15,
00933B,國泰10Y+金融債,"15,224,901","1,425","224,336,318",14.71,14.84,14.71,14.83,+,0.17,14.83,29,14.84,133,
00937B,群益ESG投等債20+,"54,828,668","7,209","747,457,279",13.60,13.73,13.57,13.73,+,0.2,13.73,324,13.74,1012,
00942B,台新美A公司債20+,"2,501,883",285,"32,880,465",13.07,13.23,13.07,13.21,+,0.22,13.21,727,13.22,28,
00948B,中信優息投資級債,"16,221,989",811,"140,091,560",8.59,8.69,8.59,8.69,+,0.13,8.68,4685,8.69,639,
00950B,凱基A級公司債,"4,561,033",906,"59,528,570",13.00,13.12,13.00,13.12,+,0.17,13.11,716,13.12,10,
00955,中信日本商社,"7,974,523","1,617","77,979,381",9.80,9.82,9.74,9.76,-,0.03,9.75,1039,9.76,211,
00957B,兆豐US優選投等債,"881,941",91,"11,010,317",12.45,12.56,12.45,12.56,+,0.17,12.55,306,12.56,5,
00958B,永豐ESG銀行債15+,"1,650,066",95,"13,918,096",8.37,8.48,8.37,8.47,,,8.46,613,8.47,16,
00959B,大華投等美債15Y+,"2,770,074",295,"23,866,162",8.62,8.67,8.59,8.66,+,0.11,8.66,206,8.67,22,
00966B,統一ESG投等債15+,"1,994,937",131,"25,439,384",12.70,12.83,12.70,12.83,+,0.19,12.82,1,12.83,2,
00967B,元大優息美債,"434,540",91,"3,713,694",8.55,8.58,8.51,8.58,+,0.13,8.57,12,8.58,30,
00968B,元大優息投等債,"4,668,681",351,"39,739,841",8.48,8.57,8.48,8.56,+,0.11,8.54,934,8.56,20,
00969B,元大零息超長美債,"1,099,067",154,"8,328,650",7.53,7.66,7.53,7.64,+,0.19,7.64,1808,7.65,15,
00970B,新光BBB投等債20+,"4,867,504",392,"41,959,871",8.62,8.67,8.58,8.67,+,0.12,8.66,381,8.67,3,
00980B,台新特選IG債10+,"712,848",77,"6,246,239",8.72,8.77,8.72,8.77,+,0.11,8.77,300,8.78,16,
00981B,第一金優選非投債,"2,852,169",337,"25,346,577",8.89,8.91,8.86,8.90,-,0.0,8.90,187,8.91,321,
00982B,FT投資級債20+,"395,491",58,"3,557,656",8.98,9.04,8.98,9.04,+,0.12,9.04,795,9.05,5,
00983B,大華優利美公債20,"5,592,391",118,"81,084,378",14.45,14.60,14.45,14.60,+,0.25,14.59,311,14.60,6,
00984B,大華優利美A債15,"5,675,870",124,"82,688,795",14.55,14.67,14.53,14.67,+,0.21,14.66,6,14.67,679,
020001,富邦存股雙十N,0,0,0,---,---,---, ---,,,12.27,50,12.32,50,
02001B,統一美國政府債N,"9,000",1,"75,150",8.35,8.35,8.35,8.35,-,0.0,8.35,117,8.36,149,
020023,元大櫃買半導體N,"7,000",5,"35,550",5.11,5.11,5.05,5.05,-,0.02,5.06,400,5.07,400,
020025,統一亞洲半導體N,0,0,0,---,---,---, ---,,,9.22,446,9.24,309,
020027,元大上櫃ESG成長N,"62,000",14,"289,940",4.67,4.69,4.67,4.67,-,0.0,4.65,400,4.66,400,
020033,統一恒生科期N,"6,000",2,"25,210",4.20,4.21,4.20,4.21,-,0.0,4.20,4,4.22,215,
020035,元大上櫃ESG高息N,0,0,0,---,---,---, ---,,,6.24,499,6.25,499,
020040,元大上櫃ESG龍頭N,"37,000",1,"166,130",4.49,4.49,4.49,4.49,-,0.04,4.49,400,4.50,400,
020041,兆豐半導體氣候N,0,0,0,---,---,---, ---,,,4.96,321,4.97,301,
1240,茂生農經,"13,413",60,"782,304",58.40,58.50,58.10,58.30,+,0.2,58.10,1,58.20,1,
1259,安心,"4,050",6,"237,559",59.10,59.10,58.40,58.40,-,0.8,58.20,1,58.70,1,
1264,德麥,"23,638",113,"7,607,561",320.50,325.00,319.00,322.00,+,1.5,321.00,1,322.50,1,
1268,漢來美食,"46,367",134,"7,210,537",156.00,156.50,154.50,155.00,-,0.5,154.50,7,155.50,1,
1294,漢田生技,"21,229",35,"1,720,223",81.50,81.80,80.00,81.70,+,0.2,80.40,1,81.60,2,
1295,生合,"1,328,568",909,"85,221,936",64.70,66.10,62.00,66.10,+,9.6,66.10,3,66.20,2,
1336,台翰,"181,462",88,"3,734,535",20.60,20.65,20.45,20.45,-,0.05,20.45,9,20.50,1,
1565,精華,"61,213",125,"10,447,917",171.50,171.50,170.00,170.00,-,1.0,170.00,42,170.50,2,
1569,濱川,"1,854,516","1,756","95,056,041",52.30,52.60,50.60,50.90,-,0.7,50.90,34,51.00,18,
1570,力肯,"73,047",64,"1,726,895",23.75,23.75,23.50,23.60,+,0.1,23.60,1,23.65,1,
1580,新麥,"53,032",60,"7,812,203",146.50,148.00,146.50,146.50,-,0.5,146.50,4,147.00,1,
1584,精剛,"992,551",670,"26,218,982",26.70,26.75,26.20,26.25,-,0.3,26.20,49,26.25,2,
1586,和勤,"102,052",96,"2,944,644",28.70,29.35,28.50,28.50,-,0.05,28.45,1,28.50,1,
1591,駿吉-KY,"69,022",76,"2,975,053",43.20,43.50,42.60,43.10,-,0.0,43.10,5,43.25,1,
1593,祺驊,"2,377",9,"74,947",31.45,31.50,31.45,31.50,-,0.05,31.45,1,31.65,1,
1595,川寶,"91,500",135,"3,135,173",34.90,34.90,34.00,34.00,-,0.8,34.00,8,34.10,1,
1599,宏佳騰,"20,992",47,"606,130",28.80,29.20,28.80,28.80,-,0.05,28.75,5,28.80,1,
1742,台蠟,"231,043",35,"3,799,003",16.20,16.80,16.20,16.40,+,0.25,16.40,13,16.70,3,
1777,生泰,"45,431",34,"4,106,129",90.60,90.80,90.10,90.10,-,0.1,90.10,3,90.30,2,
1781,合世,"42,017",35,"628,446",15.15,15.15,14.85,14.90,-,0.25,14.90,3,14.95,1,
1784,訊聯,"64,892",130,"4,614,224",71.20,71.50,70.60,71.10,-,0.1,71.00,2,71.10,1,
1785,光洋科,"3,357,933","2,295","196,283,349",58.70,59.20,57.80,58.60,-,0.1,58.60,14,58.70,15,
1788,杏昌,"15,242",47,"2,187,409",144.00,144.00,143.00,143.50,+,0.5,143.00,3,144.00,12,
1796,金穎生技,"20,050",16,"936,885",46.65,46.85,46.65,46.65,-,0.0,46.65,1,46.70,1,
1799,易威,"150,997",145,"8,524,552",57.30,57.50,55.90,55.90,-,1.3,55.90,7,56.40,3,
1813,寶利徠,"17,018",57,"258,731",15.40,15.50,15.05,15.40,+,0.35,15.10,1,15.50,12,
1815,富喬,"165,607,791","65,452","5,568,664,927",32.95,35.00,32.65,32.75,+,0.25,32.75,482,32.80,51,
2035,唐榮,"3,101",7,"97,415",31.40,31.45,31.40,31.45,-,0.05,31.00,1,31.45,2,
2061,風青,"179,001",106,"3,056,517",17.20,17.45,16.85,16.90,-,0.55,16.90,2,16.95,2,
2063,世鎧,"7,003",7,"218,643",31.25,31.25,31.15,31.15,-,0.05,31.00,1,31.15,1,
2064,晉椿,"4,136",9,"57,511",13.90,13.95,13.80,13.95,-,0.1,13.80,1,13.90,1,
2065,世豐,"44,663",85,"1,823,510",40.80,41.00,40.65,40.90,-,0.1,40.80,1,40.90,15,
2066,世德,"67,589",156,"5,621,166",84.80,84.80,82.80,82.80,-,0.9,82.80,4,83.50,1,
2067,嘉鋼,"50,000",13,"316,470",6.14,6.49,6.14,6.49,+,0.13,6.21,1,6.44,1,
2070,精湛,"158,870",295,"7,474,586",48.10,48.65,46.15,46.20,-,2.2,46.20,2,46.45,1,
2073,雄順,"13,000",11,"352,850",27.00,27.30,27.00,27.10,-,0.9,27.10,2,27.30,1,
2221,大甲,"5,720",8,"158,707",27.80,27.80,27.80,27.80,-,0.0,27.85,5,28.00,1,
2230,泰茂,"192,076",179,"22,210,908",115.00,116.50,115.00,115.50,+,0.5,115.50,12,116.00,5,
2235,謚源,"7,003",8,"316,535",45.20,45.20,45.20,45.20,+,0.2,45.10,2,45.45,1,
2596,綠意,"267,368",173,"10,286,555",39.30,39.55,37.55,38.70,-,0.2,38.70,17,38.75,2,
2640,大車隊,"33,367",49,"4,589,378",136.50,138.00,136.50,137.50,-,0.5,137.00,5,138.00,5,
2641,正德,"2,890,399","1,334","59,520,177",20.75,20.85,20.45,20.45,-,0.2,20.45,113,20.50,3,
2643,捷迅,"40,060",48,"3,034,335",76.50,76.50,75.40,75.90,-,0.5,75.60,1,76.20,1,
2718,全心投控,"53,059",52,"2,792,375",53.20,53.20,52.20,52.70,-,0.5,52.70,1,52.80,1,
2719,燦星旅,"240,405",245,"10,930,994",45.65,46.65,44.05,46.45,+,0.8,45.50,1,46.50,4,
2724,藝舍-KY,"1,000",1,"24,050",24.05,24.05,24.05,24.05,-,0.95,24.00,1,24.45,2,
2726,雅茗-KY,"34,210",32,"665,299",19.45,19.60,19.25,19.50,-,0.2,19.05,2,19.55,9,
2729,瓦城,"31,518",90,"6,567,232",208.00,210.00,207.50,208.00,-,0.0,207.00,2,208.50,4,
2732,六角,"22,135",20,"1,971,325",89.90,90.00,88.60,88.70,-,0.2,88.70,8,89.00,1,
2734,易飛網,"751,598",600,"18,540,921",24.70,25.10,24.25,24.55,-,0.35,24.55,12,24.60,1,
2736,富野,"351,522",288,"6,516,470",17.90,18.80,17.90,18.30,+,0.4,18.30,3,18.40,3,
2740,天蔥,"2,003",3,"73,255",36.45,36.70,36.45,36.70,+,0.6,34.90,1,34.95,1,
2743,山富,"2,523,359","2,516","325,048,782",129.50,131.50,126.50,127.50,-,4.5,127.50,10,128.00,5,
2745,五福,"1,214,738","1,164","152,379,034",126.00,127.50,123.50,125.50,-,1.5,125.50,6,126.00,18,
2751,王座,"18,032",21,"1,161,329",65.00,65.10,63.90,64.00,-,1.5,63.90,1,64.50,1,
2752,豆府,"10,065",14,"2,199,860",219.00,219.00,218.00,218.00,-,2.0,217.50,1,219.00,1,
2754,亞洲藏壽司,"17,455",32,"1,398,410",80.10,80.70,79.50,80.00,-,0.5,79.80,1,80.10,1,
2755,揚秦,"49,146",237,"6,479,449",133.50,134.00,130.00,130.50,-,2.5,130.00,1,130.50,4,
2756,聯發國際,"58,894",84,"5,890,011",99.30,101.00,99.00,99.60,+,0.4,99.30,2,99.70,2,
2916,滿心,"37,589",37,"1,954,023",51.90,52.20,51.50,51.50,-,0.3,51.50,1,51.60,1,
2924,宏太-KY,0,0,0,---,---,---, ---,,,29.95,2,30.20,1,
2926,誠品生活,"16,054",14,"772,892",48.20,48.35,48.05,48.15,-,0.45,48.10,1,48.20,3,
2937,集雅社,"9,033",7,"410,289",45.45,45.90,45.15,45.80,+,0.35,45.00,1,45.75,1,
2941,米斯特,"2,001",3,"107,355",53.70,53.70,53.60,53.60,-,1.4,53.60,1,56.80,1,
2947,振宇五金,"17,076",26,"1,523,377",89.60,89.60,88.80,88.80,-,4.0,88.80,4,92.80,1,
2948,寶陞,0,0,0,---,---,---, ---,,,37.30,1,40.80,1,
2949,欣新網,"1,027",7,"87,403",85.10,85.10,85.10,85.10,-,0.1,85.00,1,86.10,1,
3064,泰偉,"4,720",7,"268,313",57.00,58.60,57.00,57.30,-,1.3,57.10,1,58.50,1,
3066,李洲,"70,783",48,"1,270,762",18.10,18.10,17.80,17.85,-,0.2,17.85,1,17.95,1,
3067,全域,"10,100",11,"197,493",19.60,20.00,19.20,20.00,+,0.45,19.30,1,20.00,3,
3071,協禧,"138,793",121,"2,571,407",18.70,18.75,18.20,18.50,-,0.05,18.40,1,18.55,3,
3073,天方能源,"891,593",809,"44,870,041",51.50,53.80,48.50,48.50,-,2.7,48.50,9,48.75,1,
3078,僑威,"2,253,070","1,907","181,861,145",81.20,81.90,80.10,80.30,-,0.7,80.30,42,80.40,7,
3081,聯亞,"153,482",342,"44,098,286",294.50,294.50,284.00,286.50,-,9.5,286.50,1,288.00,6,
3083,網龍,"127,039",120,"4,775,714",38.00,38.25,37.30,37.45,-,0.3,37.40,1,37.45,2,
3085,新零售,809,3,"13,348",---,---,---, ---,,,15.95,1,17.75,1,
3086,華義,"60,573",107,"9,491,359",161.00,161.00,153.50,154.00,-,6.0,154.00,13,154.50,1,
3088,艾訊,"567,835",752,"53,171,757",95.30,95.30,92.40,92.80,-,2.2,92.70,4,92.80,2,
3093,港建*,"925,351",689,"26,685,578",27.50,29.65,27.50,28.90,+,1.75,28.90,1,28.95,1,
3095,及成,"15,348",21,"529,038",34.85,34.85,34.20,34.50,-,0.5,34.10,2,34.30,1,
3105,穩懋,"3,666,019","2,994","316,145,215",89.30,89.60,84.30,84.30,-,4.7,84.30,105,85.00,1,
3114,好德,"14,127",21,"315,267",22.40,22.40,22.30,22.30,-,0.1,22.25,1,22.35,1,
3115,富榮綱,"1,243",74,"17,949",14.50,14.50,14.50,14.50,+,0.35,13.95,2,14.20,2,
3118,進階,"26,057",27,"870,451",33.50,33.50,33.25,33.25,-,0.2,33.20,1,33.50,3,
3122,笙泉,"116,332",129,"2,442,171",21.20,21.50,20.70,20.75,-,0.45,20.75,2,20.95,2,
3128,昇銳,"19,026,503","12,233","619,884,499",33.05,34.00,30.70,32.35,+,1.0,32.30,14,32.35,3,
3131,弘塑,"1,634,392","3,392","1,976,727,595",1210.00,1250.00,1170.00,1175.00,-,25.0,1170.00,13,1175.00,4,
3141,晶宏,"85,450",85,"5,183,047",60.50,61.00,60.40,60.80,+,0.1,60.50,3,60.90,2,
3147,大綜,"3,843,991","3,543","832,093,397",222.50,224.50,211.00,214.00,-,7.0,214.00,6,214.50,6,
3152,璟德,"83,073",105,"9,612,748",116.00,116.50,115.00,116.50,+,1.5,115.00,6,116.50,4,
3162,精確,"2,374,654","1,963","118,645,722",51.20,51.80,49.15,49.25,-,1.85,49.25,6,49.30,4,
3163,波若威,"7,488,586","6,255","1,234,161,866",167.50,168.50,161.50,163.00,-,4.0,163.00,47,163.50,29,
3169,亞信,"72,234",89,"6,645,372",93.30,93.30,91.10,91.10,-,1.1,91.00,4,91.60,1,
3171,炎洲流通,"8,073",12,"341,729",42.30,42.55,42.10,42.50,+,0.25,42.45,2,42.55,2,
3176,基亞,"85,916",92,"2,686,001",31.35,31.80,30.90,30.90,-,0.45,30.90,1,31.30,3,
3178,公準,"25,429",29,"1,265,257",50.00,50.00,49.50,49.95,+,0.15,49.50,6,50.00,1,
3188,鑫龍騰,"328,822",233,"10,114,928",30.55,31.05,30.45,30.50,+,0.05,30.50,11,30.55,9,
3191,雲嘉南,2,2,29,---,---,---, ---,,,13.75,1,14.60,3,
3205,佰研,"298,578",216,"12,334,826",41.70,42.00,40.50,41.35,+,0.15,41.35,1,41.45,4,
3206,志豐,"30,203",35,"1,164,720",38.60,38.80,38.50,38.60,+,0.1,38.25,1,38.45,1,
3207,耀勝,"547,342",427,"36,405,696",67.00,68.20,65.00,65.10,-,1.8,65.10,29,65.20,5,
3211,順達,"2,532,961","2,903","505,923,957",200.00,202.00,198.50,200.00,-,0.5,199.00,28,200.00,96,
3213,茂訊,"690,929",533,"76,995,791",111.50,112.50,110.50,111.00,+,0.5,111.00,2,111.50,5,
3217,優群,"300,824",351,"46,050,761",154.00,154.00,152.00,153.00,-,0.5,153.00,2,153.50,18,
3218,大學光,"74,692",149,"15,425,599",209.00,209.00,206.00,206.50,-,1.5,206.50,9,207.00,1,
3219,倚強科,"3,757,492","2,191","196,790,070",49.05,53.30,48.10,53.30,+,4.8,53.30,109213,0.00,0,
3221,台嘉碩,"25,542",47,"502,576",20.00,20.00,19.50,19.80,+,0.05,19.65,1,19.70,1,
3224,三顧,"37,038",39,"1,423,133",39.80,39.80,37.95,38.20,-,0.4,37.90,1,38.25,1,
3226,龍鋒,"8,046",9,"372,974",46.15,46.75,46.15,46.75,-,0.25,46.55,10,47.00,10,
3227,原相,"1,373,062","2,006","294,860,987",219.50,219.50,212.50,213.00,-,5.5,213.00,57,213.50,16,
3228,金麗科,"574,539",895,"108,657,389",189.00,193.50,185.00,189.00,+,3.0,189.00,3,190.50,3,
3230,錦明,"812,878",539,"29,724,402",36.20,37.75,35.85,36.05,-,0.15,36.05,4,36.10,1,
3232,昱捷,"79,038",56,"2,302,596",29.05,29.40,28.90,29.10,-,0.15,28.90,16,29.20,3,
3234,光環,"406,104",304,"14,268,745",35.35,35.95,34.65,34.80,-,0.6,34.80,9,34.85,1,
3236,千如,"1,439,680",964,"25,655,496",18.40,18.50,17.15,17.25,-,0.75,17.20,9,17.25,6,
3252,海灣,"24,065",10,"481,690",20.10,20.15,20.00,20.00,-,0.0,20.00,1,20.05,1,
3259,鑫創,"16,370",24,"366,335",22.40,22.45,22.30,22.30,-,0.0,22.30,7,22.35,9,
3260,威剛,"2,200,789","1,732","201,324,179",92.30,92.50,90.70,91.90,+,0.1,91.80,35,91.90,55,
3264,欣銓,"5,172,533","3,680","388,492,409",76.40,76.60,74.50,74.60,-,1.6,74.50,317,74.60,8,
3265,台星科,"147,050",164,"13,879,918",95.20,95.60,93.90,94.00,-,1.0,94.00,1,94.10,3,
3268,海德威,"50,037",62,"1,040,671",21.05,21.05,20.55,20.90,-,0.15,20.75,1,20.90,2,
3272,東碩,"33,543",36,"925,265",27.30,27.75,27.10,27.70,+,0.1,27.55,1,27.70,2,
3276,宇環,"55,036",63,"737,773",13.40,13.50,13.35,13.45,+,0.05,13.30,13,13.35,1,
3284,太普高,"49,594",41,"1,450,229",29.10,29.65,28.90,29.10,-,0.1,29.10,2,29.15,1,
3285,微端,"17,427",28,"432,616",25.60,25.60,24.50,25.00,-,0.0,24.70,1,24.90,1,
3287,廣寰科,"622,373",535,"24,481,421",40.40,40.80,38.40,39.25,-,0.95,39.25,7,39.30,2,
3288,點晶,"4,234",10,"83,782",19.95,20.00,19.45,19.95,-,0.0,19.40,2,19.95,2,
3289,宜特,"196,572",216,"20,833,020",107.00,107.00,105.00,105.50,-,0.5,105.00,26,105.50,7,
3290,東浦,"272,875",145,"7,947,290",29.00,29.30,28.90,29.00,+,0.05,28.95,6,29.00,1,
3293,鈊象,"648,057","3,258","547,380,915",848.00,852.00,840.00,840.00,-,2.0,840.00,5,843.00,4,
3294,英濟,"60,028,633","31,671","2,271,147,087",38.50,39.35,36.30,38.45,+,0.85,38.40,1,38.45,34,
3297,杭特,"36,863,534","19,990","1,692,082,056",45.70,47.80,43.75,44.40,+,0.85,44.35,9,44.40,20,
3303,岱稜,"188,013",167,"9,496,644",51.30,51.30,50.00,50.30,-,0.9,50.30,1,50.60,4,
3306,鼎天,"91,288",208,"3,766,929",42.15,42.20,40.60,41.00,-,1.2,40.95,1,41.15,1,
3310,佳穎,"20,297",53,"1,684,298",83.00,83.50,82.80,82.80,-,0.9,82.70,4,83.40,10,
3313,斐成,"411,036",246,"6,171,058",14.85,15.30,14.85,14.95,-,0.0,14.95,5,15.00,8,
3317,尼克森,"193,796",144,"8,404,674",43.80,44.10,42.90,42.95,-,0.85,42.90,5,43.00,1,
3322,建舜電,"89,972",101,"1,135,650",13.05,13.05,12.35,12.35,-,0.45,12.35,3,12.50,4,
3323,加百裕,"6,985,411","4,123","226,600,868",32.60,33.15,31.85,33.10,+,0.7,33.05,9,33.10,29,
3324,雙鴻,"858,285","1,600","481,046,784",565.00,567.00,555.00,561.00,-,0.0,560.00,2,561.00,7,
3325,旭品,"308,297",252,"5,833,589",19.45,19.60,18.65,18.75,-,0.6,18.70,3,18.80,3,
3332,幸康,"108,645",138,"4,358,251",42.80,42.80,38.70,38.70,-,4.3,0.00,0,38.70,33,
3339,泰谷,"911,332",538,"35,072,909",38.55,39.25,37.40,37.90,-,0.6,37.90,5,38.00,15,
3349,寶德,"6,110",6,"97,110",16.10,16.10,15.70,15.70,-,0.4,15.60,1,16.00,1,
3354,律勝,"401,975",206,"7,577,214",18.85,18.85,18.85,18.85,+,1.7,18.85,393,0.00,0,
3357,臺慶科,"59,133",83,"6,003,484",101.50,102.50,101.00,102.00,+,1.0,101.50,3,102.00,4,
3360,尚立,"64,019",38,"814,885",12.90,12.90,12.65,12.65,-,0.2,12.60,80,12.65,2,
3362,先進光,"400,842",600,"50,575,053",129.50,129.50,124.50,126.00,-,3.0,125.50,12,126.00,4,
3363,上詮,"9,093,972","10,623","2,211,808,629",248.00,253.00,234.00,236.00,-,7.5,236.00,18,236.50,4,
3372,典範,"96,696",102,"1,253,738",12.85,13.05,12.85,13.00,+,0.05,13.00,18,13.05,5,
3373,熱映,"471,302",345,"10,661,122",22.70,23.15,22.20,22.30,-,0.4,22.30,5,22.35,4,
3374,精材,"2,544,543","2,362","352,819,789",141.00,141.50,136.50,138.00,-,3.0,137.50,34,138.00,14,
3379,彬台,"41,266,150","25,094","3,197,615,493",79.90,81.30,73.60,74.80,-,2.7,74.70,23,74.80,178,
3388,崇越電,"10,352",20,"673,274",65.20,65.20,65.00,65.10,+,0.3,64.80,2,65.10,3,
3390,旭軟,"110,140",87,"2,415,029",22.10,22.20,21.80,21.85,-,0.25,21.80,10,21.95,1,
3402,漢科,"56,872",226,"5,249,399",93.10,93.10,91.80,91.90,-,0.8,91.90,4,92.10,1,
3426,台興,"3,015",6,"136,465",45.00,45.80,45.00,45.80,+,0.8,45.00,1,47.50,4,
3430,奇鈦科,"348,039",379,"18,654,476",52.40,55.40,52.40,52.80,+,1.1,52.70,1,52.80,1,
3434,哲固,"3,926,084","3,074","228,454,564",60.00,60.80,56.50,56.60,-,3.4,56.60,55,56.70,35,
3438,類比科,"41,311",116,"2,012,492",49.30,49.65,48.00,48.40,-,0.85,48.10,2,48.40,1,
3441,聯一光,"63,267",64,"2,166,090",34.55,34.55,34.00,34.05,-,0.55,34.05,1,34.20,1,
3444,利機,"62,689",67,"3,608,621",58.80,58.80,56.90,57.60,-,0.0,57.40,1,58.20,2,
3455,由田,"191,224",276,"16,855,434",88.20,89.50,87.40,87.40,-,1.2,87.30,2,87.40,3,
3465,進泰電子,"2,020",5,"110,684",54.80,54.80,54.80,54.80,+,1.3,52.70,1,54.20,1,
3466,德晉,"1,185,797",842,"54,821,551",47.35,47.95,45.25,45.45,-,1.0,45.45,11,45.50,2,
3467,台灣精材,"540,027",754,"33,074,807",62.40,63.00,59.50,60.50,+,1.0,60.50,4,61.40,1,
3479,安勤,"134,053",145,"13,226,921",100.00,100.00,97.90,97.90,-,1.6,97.80,7,98.00,1,
3483,力致,"321,332",475,"35,492,000",112.50,113.00,109.00,109.00,-,2.0,109.00,43,109.50,2,
3484,崧騰,"315,992",308,"16,145,210",50.70,51.80,50.60,50.60,+,0.1,50.50,35,50.80,2,
3489,森寶,"147,090",104,"3,546,728",24.55,24.55,23.70,24.00,-,0.7,23.95,1,24.50,4,
3490,單井,"107,600",115,"2,457,172",23.10,23.15,22.60,22.60,-,0.15,22.60,3,22.65,1,
3491,昇達科,"996,062","1,485","329,832,069",334.50,337.00,327.00,329.00,-,1.0,329.00,2,329.50,1,
3492,長盛,"762,666",535,"20,928,141",27.70,28.30,26.70,27.70,-,0.15,27.70,1,27.80,6,
3498,陽程,"294,894",359,"12,070,213",42.15,42.15,40.40,40.45,-,1.35,40.45,11,40.60,1,
3499,環天科,"62,047",51,"918,731",14.85,14.90,14.70,14.75,-,0.1,14.75,1,14.80,5,
3508,位速,"79,278",83,"1,572,714",20.10,20.10,19.65,19.80,-,0.3,19.80,4,19.95,2,
3511,矽瑪,"135,713",102,"3,129,302",23.45,23.45,22.80,23.00,-,0.35,22.95,3,23.10,5,
3512,皇龍,"37,533",46,"983,764",26.35,26.35,26.05,26.30,-,0.05,26.20,1,26.30,4,
3516,亞帝歐,"52,843",37,"1,079,378",20.25,21.00,20.10,20.45,+,0.25,20.15,2,20.45,1,
3520,華盈,"316,847",249,"4,750,557",15.45,15.45,14.70,14.75,-,0.65,14.70,15,14.80,4,
3521,鴻翊,"571,185",357,"7,740,272",12.90,14.15,12.85,14.15,+,1.15,13.90,2,14.15,1,
3522,御嵿,"54,645",53,"841,647",15.45,15.60,15.20,15.20,-,0.1,15.20,5,15.35,6,
3523,迎輝,20,3,349,---,---,---, ---,,,17.55,8,19.50,3,
3526,凡甲,"213,705",398,"49,245,247",232.50,233.00,229.00,230.00,-,4.0,230.00,5,231.00,11,
3527,聚積,"27,033",61,"1,632,821",61.80,61.80,59.90,60.40,-,0.2,60.20,2,60.70,1,
3529,力旺,"377,605",968,"865,213,970",2310.00,2325.00,2265.00,2295.00,+,15.0,2280.00,1,2295.00,2,
3531,先益,"9,082",6,"211,306",23.15,23.30,23.15,23.20,-,0.05,23.20,1,23.25,1,
3537,堡達,"83,606",143,"4,036,777",48.60,49.00,47.80,48.10,-,0.5,48.10,3,48.15,1,
3540,曜越,"163,285",158,"5,266,863",32.30,32.65,32.05,32.25,-,0.35,32.25,3,32.40,3,
3541,西柏,"29,005",27,"856,495",29.50,29.60,29.45,29.50,-,0.0,29.50,2,29.55,1,
3546,宇峻,"1,556,892","1,219","161,742,928",104.50,105.50,103.00,103.00,-,0.5,103.00,25,103.50,3,
3548,兆利,"642,644",603,"77,986,556",122.00,124.50,118.50,119.00,-,1.5,119.00,1,119.50,4,
3551,世禾,"593,589",732,"75,719,081",129.00,130.00,126.00,126.50,-,2.0,126.00,26,127.00,5,
3552,同致,"74,898",163,"4,874,751",65.10,66.80,64.20,64.20,-,1.0,64.20,8,64.60,1,
3555,博士旺,0,0,0,---,---,---, ---,,,26.80,1,28.25,1,
3556,禾瑞亞,"38,209",100,"1,580,582",41.35,41.50,41.15,41.15,-,0.15,41.10,2,41.20,1,
3558,神準,"1,023,215",984,"179,217,531",182.50,182.50,173.00,173.00,-,6.5,173.00,28,173.50,2,
3564,其陽,"4,298,336","3,636","287,018,757",68.50,68.50,64.50,66.10,+,3.8,66.10,1,66.50,1,
3567,逸昌,"33,457",31,"937,600",28.20,28.20,27.90,28.00,-,0.2,27.90,3,28.00,1,
3570,大塚,"128,953",203,"28,981,089",230.00,230.00,222.00,222.50,-,3.5,222.00,5,225.50,1,
3577,泓格,"868,010",734,"53,894,073",63.00,64.50,58.50,59.00,-,1.8,59.00,5,59.20,3,
3580,友威科,"531,737",595,"36,087,047",69.50,69.80,67.10,67.10,-,2.2,67.10,30,67.50,8,
3581,博磊,"72,123",77,"2,340,991",32.60,33.00,32.00,32.00,-,0.6,32.00,2,32.10,1,
3587,閎康,"263,822",362,"38,296,158",147.50,147.50,144.00,144.00,-,2.0,144.00,4,145.00,2,
3594,磐儀,"350,308",425,"14,733,093",42.50,43.05,41.65,41.80,-,0.75,41.80,4,42.20,1,
3597,映興,"188,297",139,"5,238,549",27.65,28.50,27.00,27.55,+,0.65,27.15,1,27.60,3,
3609,三一東林,"47,000",34,"1,824,400",38.80,39.00,38.50,38.50,-,0.75,38.50,2,39.20,1,
3611,鼎翰,"6,683",35,"1,274,497",191.00,191.00,190.50,191.00,-,0.5,190.50,1,192.00,1,
3615,安可,"157,548",132,"3,636,126",23.15,23.40,22.85,22.95,-,0.2,22.95,8,23.10,6,
3623,富晶通,"24,399",30,"454,851",18.55,18.85,18.55,18.65,+,0.1,18.60,2,18.65,3,
3624,光頡,"112,145",80,"3,634,685",32.25,33.15,32.20,32.25,-,0.0,32.25,1,32.30,1,
3625,西勝,"217,446",137,"2,972,343",13.95,13.95,13.35,13.50,-,0.1,13.40,15,13.50,7,
3628,盈正,"38,211",70,"1,616,103",42.55,42.60,41.85,41.95,-,0.4,41.95,2,42.15,1,
3629,地心引力,5,1,87,---,---,---, ---,,,17.20,1,20.15,1,
3630,新鉅科,"968,215",615,"23,003,750",23.65,24.30,23.35,23.60,-,0.05,23.55,8,23.60,4,
3631,晟楠,"97,030",53,"2,672,525",28.20,28.70,27.25,27.25,-,0.85,27.20,4,27.65,1,
3632,研勤,"1,982",21,"23,844",11.95,11.95,11.95,11.95,-,0.0,11.95,1,12.15,1,
3646,艾恩特,"3,107",25,"91,058",29.25,29.40,29.25,29.30,-,0.15,29.10,3,29.40,1,
3663,鑫科,"1,636,723","1,599","93,141,091",58.30,58.70,55.50,55.50,-,2.7,55.50,19,55.60,3,
3664,安瑞-KY,"24,071",24,"494,258",20.60,20.60,20.30,20.40,-,0.3,20.40,1,20.55,1,
3666,光耀,"33,124",40,"963,473",29.20,29.50,28.80,29.25,-,0.55,28.70,1,29.30,2,
3672,康聯訊,"5,008",12,"92,346",18.35,18.75,18.35,18.40,+,0.05,17.80,2,18.40,1,
3675,德微,"286,660",318,"43,077,296",150.00,154.50,147.00,148.00,-,2.0,148.00,1,149.00,2,
3680,家登,"1,241,727","2,789","464,569,978",384.00,384.50,368.00,369.00,-,14.0,369.00,12,369.50,3,
3684,榮昌,"1,896",28,"85,601",45.00,45.00,45.00,45.00,+,0.1,43.65,1,46.20,1,
3685,元創精密,"30,010",25,"357,869",11.85,12.40,11.75,11.75,-,0.05,11.75,1,11.95,5,
3687,歐買尬,"61,348",186,"4,746,435",78.50,78.50,77.00,77.00,-,1.0,77.00,6,77.20,1,
3689,湧德,"985,566",934,"88,678,622",91.20,91.20,89.30,89.40,-,1.2,89.30,22,89.40,3,
3691,碩禾,"234,002",229,"16,576,940",70.00,71.80,69.30,70.90,+,0.9,70.90,5,71.00,3,
3693,營邦,"440,199",817,"143,401,205",330.50,332.00,321.00,321.00,-,8.5,321.00,3,321.50,2,
3707,漢磊,"2,389,470","1,790","88,328,785",37.40,38.40,36.20,36.20,-,1.2,36.20,18,36.30,1,
3709,鑫聯大投控,"26,985,661","13,367","1,218,189,898",43.50,46.95,43.00,43.00,+,0.3,43.00,43,43.10,1,
3710,連展投控,"618,050",298,"5,319,798",8.69,8.73,8.53,8.55,-,0.14,8.55,9,8.57,19,
3713,新晶投控,"39,045",26,"796,623",20.15,20.85,20.00,20.70,+,0.55,20.50,1,20.70,1,
4102,永日,"32,066",44,"791,769",25.05,25.05,24.45,24.65,-,0.05,24.60,5,24.70,1,
4105,東洋,"422,576",339,"31,978,581",75.80,75.90,75.40,75.60,+,0.4,75.50,6,75.60,4,
4107,邦特,"52,773",83,"6,334,293",122.00,122.00,118.50,120.00,-,1.5,119.50,2,120.50,1,
4109,加捷生醫,"75,438",86,"1,329,565",17.60,17.80,17.50,17.55,-,0.15,17.55,7,17.60,1,
4111,濟生,"177,212",104,"5,380,650",30.50,30.75,30.25,30.30,-,0.35,30.30,11,30.40,1,
4113,聯上,"341,938",229,"7,570,912",22.40,22.60,21.60,21.60,-,0.8,21.60,10,21.85,3,
4114,健喬,"408,140",384,"13,918,673",34.20,34.30,34.00,34.05,-,0.05,34.05,1,34.10,11,
4116,明基醫,"44,050",20,"1,820,412",41.25,41.60,41.20,41.55,+,0.3,41.35,1,41.55,1,
4120,友華,"9,022",11,"441,326",48.95,49.00,48.70,48.70,-,0.25,48.50,2,48.75,1,
4121,優盛,"125,345",79,"2,023,184",16.30,16.40,16.05,16.10,-,0.0,16.10,33,16.15,2,
4123,晟德,"1,199,571",899,"47,630,597",39.95,40.20,39.30,39.70,-,0.25,39.70,3,39.75,10,
4126,太醫,"5,212",78,"481,204",92.10,92.90,92.10,92.40,-,0.0,92.40,1,92.50,1,
4127,天良,"19,043",30,"704,761",37.30,37.30,36.80,36.85,-,0.2,36.75,1,37.05,1,
4128,中天,"566,351",517,"13,655,113",24.25,24.40,23.80,24.00,-,0.1,23.95,1,24.05,6,
4129,聯合,"1,395,028","1,831","145,980,719",100.00,106.50,100.00,104.50,+,4.5,104.50,7,105.00,31,
4130,健亞,"37,145",45,"792,776",21.40,21.45,21.25,21.40,-,0.0,21.30,1,21.35,1,
4131,浩泰,"2,603",9,"88,383",34.00,34.00,34.00,34.00,-,0.5,34.20,1,35.00,1,
4138,曜亞,"21,991",35,"1,827,965",83.20,83.50,82.60,83.00,+,0.5,82.70,1,83.40,8,
4139,馬光-KY,"29,372",28,"822,587",28.15,28.35,27.80,27.80,-,0.25,27.80,1,27.85,1,
4147,中裕,"305,719",303,"23,336,417",76.50,77.20,75.60,76.20,-,0.7,76.10,15,76.20,1,
4153,鈺緯,"36,011",26,"1,503,707",42.00,42.00,41.50,41.90,-,0.1,41.60,1,41.75,1,
4154,樂威科-KY,"4,000",4,"74,400",18.60,18.60,18.60,18.60,-,0.0,18.50,1,19.20,2,
4157,太景*-KY,"449,648",262,"4,488,166",10.00,10.10,9.90,9.90,-,0.07,9.88,2,9.90,20,
4160,訊聯基因,"22,344",56,"1,205,651",53.20,54.70,53.00,54.00,+,0.8,53.50,1,54.30,1,
4161,聿新科,"78,320",103,"2,415,683",31.25,31.40,30.50,30.90,-,0.1,30.75,1,30.95,3,
4162,智擎,"392,850",415,"35,835,537",91.40,92.00,90.60,91.20,+,0.1,91.00,6,91.20,3,
4163,鐿鈦,"11,224",46,"1,143,732",103.00,103.00,100.50,101.00,-,1.5,100.00,2,102.50,2,
4167,松瑞藥,"691,063",369,"14,741,941",21.45,21.45,21.25,21.40,+,0.15,21.40,20,21.45,55,
4168,醣聯,"788,119",396,"15,889,259",18.50,20.35,18.35,20.35,+,1.85,20.35,3134,0.00,0,
4171,瑞基,"92,151",113,"2,012,656",22.30,22.40,21.25,21.45,-,0.9,21.45,5,21.60,2,
4173,久裕,"308,254",249,"7,300,600",23.75,23.90,23.45,23.70,-,0.05,23.70,14,23.80,2,
4174,浩鼎,"1,465,142","1,204","51,404,046",34.95,36.00,34.50,34.50,-,0.5,34.50,26,34.60,1,
4175,杏一,"16,770",53,"1,128,805",67.00,67.90,67.00,67.30,-,0.2,66.90,2,67.60,1,
4183,福永生技,"9,000",7,"177,200",19.85,19.85,19.60,19.60,-,0.4,19.65,2,20.30,1,
4188,安克,"84,016",34,"1,260,389",15.05,15.10,14.80,14.90,-,0.2,14.90,5,15.00,2,
4192,杏國,28,1,809,---,---,---, ---,,,29.60,1,30.25,1,
4198,欣大健康,"129,308",116,"4,472,779",31.80,34.95,31.80,34.95,+,3.15,34.95,392,0.00,0,
4205,中華食,"12,169",55,"1,130,614",92.90,93.00,92.60,93.00,+,0.1,92.70,1,93.00,9,
4207,環泰,"99,737",49,"1,639,534",16.55,16.55,16.30,16.45,-,0.1,16.40,2,16.45,4,
4303,信立,"10,993,307","8,576","889,206,674",83.30,84.00,79.00,79.80,-,3.3,79.80,21,79.90,1,
4304,勝昱,"69,000",36,"742,150",10.80,10.90,10.20,10.70,-,0.1,10.30,4,10.70,2,
4305,世坤,"2,034",4,"92,825",45.55,45.70,45.55,45.70,-,0.25,45.30,3,45.65,1,
4401,東隆興,"29,000",20,"493,750",17.40,17.40,16.90,17.00,-,0.0,17.00,3,17.10,2,
4402,郡都開發,"66,253",58,"1,326,865",20.20,20.30,19.70,19.95,-,0.3,19.90,12,20.20,1,
4406,新昕纖,"4,028",3,"39,478",9.81,9.81,9.80,9.80,-,0.19,9.70,1,10.35,3,
4413,飛寶企業,"9,000",9,"161,150",17.90,18.00,17.80,17.90,+,0.3,17.50,1,17.95,3,
4416,三圓,"5,000",5,"315,800",62.90,64.00,62.70,62.70,-,1.7,62.60,2,64.20,2,
4417,金洲,"36,563",66,"1,706,195",46.60,46.90,46.60,46.75,+,0.05,46.70,1,46.80,1,
4419,皇家美食,"14,010",7,"632,140",45.50,45.50,44.80,44.80,-,0.2,44.50,3,47.00,1,
4420,光明,"105,922",280,"6,069,962",58.10,58.70,56.80,57.40,-,0.5,57.10,3,57.20,1,
4430,耀億,"60,009",60,"1,287,460",21.05,21.95,20.95,21.80,+,0.7,21.45,2,21.80,3,
4432,銘旺實,"15,030",14,"297,946",19.90,19.90,19.70,19.90,+,0.2,19.65,1,19.90,15,
4433,興采,"11,472",28,"326,776",28.95,28.95,28.10,28.35,-,0.05,27.95,3,28.35,4,
4442,竣邦-KY,"130,229",102,"6,563,168",52.00,52.00,49.90,50.20,-,2.8,50.20,10,51.00,1,
4502,健信,"1,002,906",621,"18,420,388",18.00,18.95,17.05,17.05,-,0.2,17.00,3,17.05,7,
4503,金雨,"212,580",179,"11,673,404",54.90,55.80,54.10,54.80,-,0.0,54.80,4,54.90,1,
4506,崇友,"235,551",391,"26,987,536",113.00,116.00,113.00,115.50,+,3.0,115.00,4,115.50,14,
4510,高鋒,"6,458,853","4,178","330,685,563",52.00,52.30,50.50,50.80,-,0.6,50.80,4,50.90,2,
4513,福裕,"166,959",192,"3,759,405",22.90,22.90,22.25,22.30,-,0.3,22.30,4,22.35,1,
4523,永彰,"81,281",76,"2,805,078",34.05,35.80,33.95,34.70,+,0.55,34.50,3,34.70,3,
4527,方土霖,"498,120",341,"24,718,341",49.65,50.50,49.15,49.15,-,0.55,49.15,18,49.25,1,
4528,江興鍛,"10,524",58,"199,473",18.90,18.95,18.90,18.90,-,0.1,18.90,10,18.95,3,
4529,淳紳,"20,041",14,"75,359",3.85,3.86,3.69,3.72,-,0.13,3.72,1,3.83,1,
4530,宏易,"1,002",3,"11,425",11.40,11.40,11.40,11.40,-,0.8,11.50,1,11.95,1,
4533,協易機,"427,171",390,"11,358,449",26.85,26.90,26.25,26.75,-,0.15,26.70,4,26.75,3,
4534,慶騰,"579,661",374,"10,888,288",19.10,19.30,18.50,18.50,-,0.65,18.50,17,18.60,77,
4535,至興,"2,000",2,"61,800",30.90,30.90,30.90,30.90,-,0.05,30.90,1,31.00,1,
4538,大詠城,"18,095",18,"329,034",17.70,18.30,17.70,18.15,-,0.05,18.15,6,18.30,1,
4541,晟田,"5,776,376","3,919","275,916,345",49.00,49.20,46.80,46.80,-,2.2,46.80,20,46.85,9,
4542,科嶠,"61,984",191,"3,636,906",60.10,60.40,58.00,58.00,-,2.3,58.00,1,58.20,2,
4543,萬在,"83,099",74,"2,469,011",29.85,30.30,29.45,29.45,+,0.1,29.40,5,29.50,1,
4549,桓達,"132,602",193,"15,220,911",115.50,117.00,114.00,114.00,-,2.0,114.00,18,115.00,2,
4550,長佳,"28,040",27,"764,543",27.25,27.40,27.20,27.40,+,0.15,27.25,1,27.40,1,
4554,橙的,"165,101",151,"7,147,939",44.45,44.45,42.30,42.80,-,1.65,42.75,2,42.80,5,
4556,旭然,"6,048",10,"153,730",26.20,26.20,25.00,25.00,+,0.2,24.95,1,25.25,1,
4558,寶緯,"24,127",30,"569,669",23.60,24.00,23.35,23.75,+,0.25,23.60,1,23.80,8,
4561,健椿,"390,552",372,"19,412,052",51.80,52.00,49.10,49.15,-,2.05,49.10,12,49.15,1,
4563,百德,"130,056",168,"8,940,620",69.10,70.00,68.20,68.20,-,1.2,68.20,8,68.30,1,
4568,科際精密,"20,002",16,"954,845",48.65,48.65,47.50,47.50,-,0.0,47.50,3,48.00,1,
4577,達航科技,"92,930",58,"1,909,317",20.70,20.80,20.35,20.40,-,0.2,20.40,1,20.50,3,
4580,捷流閥業,"21,820",37,"1,750,544",80.10,80.40,80.00,80.30,+,0.1,80.30,1,80.40,1,
4584,君帆,"13,368",12,"817,403",61.20,61.20,61.10,61.10,-,0.5,61.10,2,62.30,1,
4609,唐鋒,"27,000",7,"205,530",7.60,7.93,7.60,7.60,-,0.0,7.60,5,7.89,2,
4702,中美實,"5,034,784","1,175","65,527,557",13.45,13.45,11.05,11.05,-,1.2,0.00,0,11.05,47,
4706,大恭,21,1,612,---,---,---, ---,,,28.45,1,29.00,1,
4707,磐亞,"227,777",139,"2,473,926",10.85,10.95,10.80,10.80,-,0.0,10.80,19,10.85,18,
4711,永純,"948,904",598,"15,846,402",15.70,16.75,15.70,16.75,+,1.5,16.75,135,0.00,0,
4714,永捷,"1,954,386","1,104","34,408,108",17.50,18.10,17.20,17.20,-,0.05,17.20,91,17.25,4,
4716,大立,"1,650,813","1,276","28,610,956",16.90,17.75,16.90,17.00,+,0.6,17.00,11,17.05,15,
4721,美琪瑪,"256,585",241,"15,985,025",62.50,62.80,61.90,61.90,-,0.3,61.90,7,62.00,1,
4726,永昕,"449,509",308,"17,628,456",39.05,40.10,38.50,38.75,-,0.3,38.75,7,38.90,3,
4728,雙美,"29,593",105,"12,244,993",410.50,417.50,410.50,411.50,-,4.5,411.00,1,412.50,1,
4729,熒茂,"153,042",154,"3,034,780",20.10,20.20,19.60,19.70,-,0.4,19.70,3,19.75,1,
4735,豪展,"31,006",24,"1,124,716",36.20,36.60,36.20,36.45,+,0.25,36.20,10,36.40,2,
4741,泓瀚,"256,151",206,"6,921,698",26.35,27.80,26.30,26.50,+,0.6,26.45,1,26.50,1,
4743,合一,"1,119,007","1,249","66,752,234",60.30,60.60,59.10,59.30,-,1.0,59.20,17,59.30,2,
4744,皇將,"302,082",65,"6,613,599",22.30,22.30,21.85,21.85,-,0.65,21.85,2,21.90,1,
4745,合富-KY,"9,124",10,"160,813",17.75,17.75,17.55,17.60,+,0.05,17.55,3,17.65,3,
4747,強生,"45,828",31,"3,041,340",66.70,66.90,66.10,66.10,-,0.6,66.10,1,67.10,1,
4749,新應材,"4,401,580","12,339","2,642,813,785",573.00,617.00,567.00,610.00,+,45.0,610.00,179,611.00,10,
4754,國碳科,"11,479",29,"470,876",41.05,41.05,41.00,41.00,-,0.2,41.00,3,41.15,1,
4760,勤凱,"75,223",73,"7,939,036",106.00,107.00,104.50,105.00,-,0.0,105.00,5,105.50,2,
4767,誠泰科技,"1,039",4,"34,014",32.70,32.70,32.70,32.70,+,0.3,31.40,1,32.55,1,
4768,晶呈科技,"500,405",525,"56,473,198",114.50,117.00,110.00,110.00,-,2.0,110.00,6,110.50,4,
4772,台特化,"6,859,943","8,779","1,538,607,879",222.00,230.00,219.00,219.00,-,0.0,219.00,86,219.50,9,
4804,大略-KY,"1,036",12,"4,634",---,---,---, ---,,,3.84,1,4.17,1,
4806,桂田文創,"1,503",6,"13,214",9.00,9.00,9.00,9.00,-,0.3,8.71,2,9.25,1,
4903,聯光通,"274,127",331,"7,400,593",27.40,27.50,26.75,26.75,-,0.65,26.75,12,26.80,1,
4905,台聯電,"17,162",26,"1,033,814",60.10,60.70,60.00,60.10,+,0.5,60.10,4,60.50,1,
4907,富宇,"52,880",77,"2,567,092",49.25,49.75,47.80,47.90,-,1.35,47.80,4,48.00,1,
4908,前鼎,"129,579",189,"9,815,948",76.70,77.40,75.00,75.00,-,1.4,75.00,8,75.80,1,
4909,新復興,"1,023,427",966,"69,195,409",67.80,68.50,67.10,67.40,-,0.1,67.30,12,67.40,19,
4911,德英,"13,823",25,"749,609",54.70,54.70,53.70,53.80,-,0.8,53.80,2,54.20,1,
4923,力士,"15,113",30,"430,725",28.50,28.60,28.45,28.45,-,0.05,28.40,3,28.50,1,
4924,欣厚-KY,"49,100",43,"843,350",17.05,17.40,16.90,16.90,-,0.3,16.85,1,17.15,3,
4931,新盛力,"26,693,666","19,282","2,358,445,089",89.00,90.00,87.10,87.50,-,0.8,87.50,48,87.60,13,
4933,友輝,"375,520",403,"31,499,040",84.70,84.70,83.20,83.30,-,0.8,83.20,10,83.30,2,
4939,亞電,"66,026",52,"1,327,721",20.00,20.20,19.90,20.05,+,0.05,20.00,7,20.05,1,
4945,陞達科技,"70,544",70,"4,861,082",69.80,69.90,68.20,68.50,-,1.5,68.50,5,68.80,1,
4946,辣椒,"246,208",478,"54,476,747",231.00,231.00,214.00,214.00,-,23.5,0.00,0,214.00,125,
4950,金耘國際,"31,129",24,"370,959",11.95,11.95,11.90,11.90,-,0.0,11.90,2,12.00,3,
4951,精拓科,"62,500",47,"4,085,367",65.80,65.80,64.90,64.90,-,0.9,64.90,3,65.30,1,
4953,緯軟,"88,032",145,"8,739,737",99.90,100.50,98.50,98.50,-,0.5,98.50,13,98.80,1,
4966,譜瑞-KY,"230,937",504,"132,504,243",573.00,577.00,571.00,575.00,+,3.0,575.00,3,576.00,6,
4971,IET-KY,"1,221,267","1,095","129,180,293",110.50,110.50,102.00,103.00,-,5.0,103.00,16,103.50,12,
4972,湯石照明,"12,370",40,"261,478",21.00,21.25,21.00,21.00,-,0.0,20.95,1,21.05,1,
4973,廣穎,"244,477",184,"6,205,303",25.95,26.00,25.10,25.10,-,0.6,25.10,3,25.15,1,
4974,亞泰,"201,814",292,"18,979,816",94.60,95.50,93.00,93.00,-,1.4,93.00,5,93.30,2,
4979,華星光,"10,757,877","8,300","1,791,659,940",169.00,170.50,164.00,165.00,-,3.5,165.00,2,165.50,26,
4987,科誠,"11,008",10,"872,435",79.30,79.30,79.10,79.10,-,0.3,79.10,4,79.30,1,
4991,環宇-KY,"7,020,627","5,053","561,484,843",82.60,83.10,78.00,78.60,-,4.0,78.50,21,78.60,22,
4995,晶達,"154,609",153,"9,295,628",60.20,60.50,59.80,59.80,-,0.2,59.80,4,60.00,3,
5009,榮剛,"3,224,966","2,252","139,174,497",44.05,44.40,42.50,42.95,-,1.1,42.95,34,43.00,1,
5011,久陽,"65,141",47,"948,913",14.65,14.70,14.50,14.55,-,0.2,14.55,3,14.60,4,
5013,強新,"6,001",3,"164,126",27.80,27.80,26.90,26.90,-,0.35,27.05,5,27.35,2,
5014,建錩,"306,161",152,"3,951,520",13.15,13.15,12.80,12.80,-,0.1,12.80,9,12.85,16,
5015,華祺,"15,041",19,"538,502",35.90,35.90,35.75,35.80,+,0.1,35.70,5,35.90,1,
5016,松和,"7,016",6,"187,671",26.75,26.75,26.75,26.75,-,0.0,26.75,2,27.15,5,
5201,凱衛,"4,757,344","3,437","215,374,464",43.25,46.90,42.90,45.25,+,2.0,45.25,9,45.55,6,
5202,力新,"744,161",546,"18,099,735",24.50,24.75,24.00,24.05,-,0.25,24.05,12,24.10,11,
5205,中茂,0,0,0,---,---,---, ---,,,33.45,1,34.20,1,
5206,坤悅,"36,016",19,"1,395,470",38.80,38.80,38.65,38.75,-,0.0,38.70,1,38.75,1,
5209,新鼎,"21,267",63,"2,685,443",128.00,128.00,125.00,126.00,-,0.5,126.00,1,127.00,2,
5210,寶碩,"269,602",241,"7,351,374",27.60,27.90,26.70,26.70,-,0.85,26.70,9,26.75,1,
5211,蒙恬,"11,780",23,"273,964",23.20,23.30,23.20,23.30,+,0.2,23.20,10,23.35,1,
5212,凌網,"12,630",84,"576,456",45.95,46.00,45.40,45.40,-,0.6,45.40,2,45.45,1,
5213,亞昕,"414,856",299,"13,749,480",33.60,33.70,32.85,32.85,-,0.75,32.85,3,32.90,8,
5220,萬達光電,"33,055",34,"650,933",19.60,19.95,19.50,19.95,-,0.0,19.60,4,19.95,1,
5223,安力-KY,"22,010",15,"625,530",28.50,28.50,28.35,28.35,+,0.05,28.30,2,28.35,1,
5227,立凱-KY,"105,366",184,"3,065,927",28.50,29.50,28.45,29.40,+,0.95,29.40,2,29.45,1,
5228,鈺鎧,"1,238",4,"20,264",16.45,16.45,16.45,16.45,-,0.15,16.40,1,16.55,3,
5230,雷笛克光學,"1,872,526","1,349","45,336,639",24.05,25.45,23.10,23.45,-,0.5,23.25,2,23.45,1,
5236,凌陽創新,"152,158",219,"19,708,359",132.00,133.00,128.50,129.00,-,2.0,128.50,4,129.00,1,
5245,智晶,"40,151",42,"977,168",25.00,25.05,24.00,24.15,-,0.45,23.95,2,24.30,1,
5251,天鉞電,"9,322,737","6,924","469,867,823",50.60,52.10,49.45,49.50,-,1.8,49.50,24,49.55,16,
5263,智崴,"270,833",246,"29,623,311",110.00,111.00,108.00,110.50,-,0.0,108.00,6,110.50,1,
5272,笙科,"62,321",72,"1,291,433",20.85,21.30,20.30,20.45,-,0.75,20.45,6,20.80,1,
5274,信驊,"211,088","1,163","783,478,250",3780.00,3780.00,3680.00,3705.00,-,45.0,3705.00,2,3725.00,3,
5276,達輝-KY,"4,092",5,"59,499",14.55,14.55,14.50,14.50,-,0.3,14.45,1,14.70,1,
5278,尚凡*,"96,605",101,"2,945,948",30.60,30.70,30.00,30.70,+,0.25,30.55,2,30.70,4,
5287,數字,"20,564",119,"3,639,519",177.00,177.00,176.50,177.00,-,0.5,176.50,6,177.50,3,
5289,宜鼎,"537,887",797,"125,407,177",240.50,240.50,230.50,231.50,-,6.0,231.50,2,232.50,1,
5291,邑昇,"100,792",54,"2,644,567",26.10,26.50,25.90,26.40,+,0.4,25.95,5,26.20,1,
5299,杰力,"17,349",35,"1,372,042",79.60,79.60,78.70,78.70,-,0.9,78.70,1,78.90,1,
5301,寶得利,"18,100",10,"112,455",6.15,6.25,6.06,6.06,-,0.19,6.06,3,6.24,5,
5302,太欣,"120,000",52,"900,130",7.45,7.64,7.45,7.47,-,0.2,7.50,1,7.54,1,
5309,系統電,"5,650,752","3,898","207,528,594",37.80,38.20,35.65,35.65,-,1.25,35.60,59,35.65,2,
5310,天剛,"49,424",49,"2,372,988",47.10,50.00,47.00,47.60,+,0.25,47.60,4,49.00,5,
5312,寶島科,"210,299",213,"34,594,736",167.50,167.50,163.00,165.00,-,1.0,164.00,18,165.00,1,
5314,世紀*,"6,733,224","5,340","395,085,274",60.20,61.20,57.50,57.80,-,2.2,57.80,43,57.90,7,
5315,光聯,"823,618",456,"19,551,977",24.00,24.10,23.50,23.80,-,0.1,23.75,9,23.80,3,
5321,美而快,"80,526",82,"3,319,313",41.50,41.70,40.65,41.00,-,0.0,40.75,1,41.00,4,
5324,士開,"2,202,084","1,064","29,361,478",13.85,14.05,12.70,12.90,-,0.6,12.90,7,12.95,1,
5328,華容,"156,726",124,"2,162,746",13.95,14.05,13.70,13.70,-,0.15,13.70,6,13.75,13,
5340,建榮,"3,675,468","2,651","154,233,883",42.35,43.50,40.55,40.70,+,0.55,40.70,5,41.00,2,
5344,立衛,"8,002",9,"104,778",13.10,13.15,13.05,13.15,-,0.05,13.05,2,13.15,5,
5345,天揚,"10,852",15,"275,401",25.35,25.70,25.35,25.70,+,0.25,25.35,3,25.70,1,
5347,世界,"16,930,485","10,190","1,447,344,871",86.50,87.30,85.00,85.00,-,2.5,85.00,166,85.10,217,
5348,正能量智能,"4,299",10,"87,829",20.45,21.10,19.80,21.10,-,0.05,20.00,2,20.95,1,
5351,鈺創,"960,916",731,"25,228,013",26.40,26.65,26.00,26.00,-,0.4,26.00,56,26.10,7,
5353,台林,"63,147",59,"1,803,005",28.95,29.35,28.15,28.30,-,0.7,28.25,1,28.30,14,
5355,佳總,"7,012",15,"63,374",9.04,9.04,9.03,9.04,-,0.0,8.93,1,9.04,2,
5356,協益,"91,722",105,"2,662,248",29.25,29.40,28.90,29.15,-,0.05,29.10,5,29.15,2,
5364,力麗店,"32,241",30,"699,661",21.95,21.95,21.40,21.85,-,0.05,21.50,1,21.85,2,
5371,中光電,"1,800,598","1,502","106,364,092",59.30,59.90,58.50,58.50,-,0.7,58.50,60,58.60,7,
5381,合正,"609,126",297,"13,108,485",22.05,22.05,21.30,21.55,-,0.5,21.50,20,21.65,10,
5386,青雲,"383,357",448,"27,707,984",73.20,74.00,71.50,71.60,-,1.1,71.50,17,71.90,1,
5392,能率,"948,660",717,"29,735,249",31.50,31.95,30.90,30.90,-,0.35,30.90,9,30.95,2,
5398,慕康生醫,"130,472",92,"2,784,020",21.30,21.40,21.30,21.40,+,0.1,21.35,2,21.45,9,
5403,中菲,"351,225",464,"45,275,599",128.00,129.50,128.00,129.00,+,1.0,128.50,29,129.00,24,
5410,國眾,"112,941",103,"3,363,261",29.85,29.95,29.65,29.85,-,0.0,29.75,2,29.85,1,
5425,台半,"340,457",352,"15,998,276",47.45,47.45,46.70,47.00,-,0.35,47.00,5,47.05,5,
5426,振發,"866,214",637,"21,488,700",24.30,25.60,24.15,24.25,+,0.2,24.25,12,24.35,12,
5432,新門,"100,378",137,"12,726,628",127.00,128.00,124.00,127.00,+,3.0,127.00,9,128.00,8,
5438,東友,"224,300",159,"4,798,464",21.40,21.80,21.10,21.10,-,0.25,21.10,2,21.20,7,
5439,高技,"9,880,052","8,220","1,768,445,375",183.50,184.00,176.00,178.00,-,2.0,178.00,60,178.50,9,
5443,均豪,"11,463,406","8,860","914,233,884",77.50,81.50,77.40,79.30,+,1.8,79.20,19,79.30,12,
5450,南良,"4,002",5,"60,580",15.05,15.25,15.00,15.25,+,0.25,15.00,1,15.25,2,
5452,佶優,"891,675",769,"26,669,749",30.30,30.60,29.50,29.55,-,0.45,29.55,13,29.60,10,
5455,昇益,"5,000",5,"187,400",37.55,37.90,37.20,37.90,-,0.3,37.00,1,37.50,1,
5457,宣德,"150,122",106,"6,701,014",44.70,45.05,44.20,44.70,+,0.3,44.45,1,44.80,2,
5460,同協,"205,537",167,"2,904,891",13.75,14.65,13.75,14.25,+,0.6,14.20,1,14.30,6,
5464,霖宏,"144,140",123,"4,138,893",29.00,29.00,28.50,29.00,+,0.05,28.50,8,29.00,8,
5465,富驊,"1,688,860","1,219","68,171,414",38.95,41.30,38.85,39.55,+,0.95,39.55,8,39.70,4,
5468,凱鈺,"4,000",4,"74,450",18.60,18.70,18.50,18.50,-,0.0,18.15,1,18.50,1,
5474,聰泰,"228,610",254,"34,369,829",152.00,153.00,148.50,149.00,-,2.0,149.00,9,149.50,1,
5475,德宏,"4,044,375","1,932","69,086,442",16.95,17.70,16.50,16.80,-,0.2,16.75,2,16.85,5,
5478,智冠,"230,305",369,"24,377,078",107.50,109.00,104.00,104.50,-,3.5,104.50,3,105.00,4,
5483,中美晶,"4,186,307","3,204","475,766,799",112.00,114.50,112.00,114.00,+,2.5,113.50,66,114.00,65,
5487,通泰,"36,023",26,"1,131,478",31.70,32.40,30.65,30.65,-,1.05,30.60,1,30.95,1,
5488,松普,"132,036",91,"1,320,634",10.15,10.15,9.93,10.00,+,0.02,9.98,3,10.00,4,
5489,彩富,"852,502",793,"43,941,572",50.40,52.70,50.40,51.60,+,1.5,51.60,17,51.70,2,
5490,同亨,"17,967,200","11,682","569,801,016",33.60,34.00,29.90,30.65,-,1.45,30.65,2,30.70,2,
5493,三聯,"71,672",128,"4,967,728",70.30,70.30,68.80,68.80,-,1.2,68.80,1,69.10,1,
5498,凱崴,"141,935",114,"1,276,820",9.08,9.08,8.96,8.96,-,0.06,8.96,13,8.97,1,
5508,永信建,"260,675",412,"34,247,120",132.50,133.00,130.00,130.00,-,2.5,130.00,53,130.50,2,
5511,德昌,"38,533",73,"2,261,066",58.70,58.90,58.60,58.70,-,0.0,58.60,1,58.70,1,
5512,力麒,"859,487",465,"8,292,940",9.67,9.76,9.56,9.57,-,0.1,9.56,30,9.57,7,
5514,三豐,0,0,0,---,---,---, ---,,,18.60,1,19.10,3,
5516,雙喜,"14,004",14,"219,479",15.75,15.75,15.50,15.70,-,0.05,15.45,2,15.70,9,
5520,力泰,"9,000",9,"731,600",81.40,81.40,81.10,81.10,-,0.3,81.10,2,81.50,1,
5523,豐謙,"15,000",8,"456,550",30.40,30.50,30.40,30.45,-,0.05,30.40,2,30.45,3,
5529,鉅陞,"94,925",53,"2,961,171",30.90,31.50,30.50,30.75,-,0.55,30.75,1,31.00,1,
5530,龍巖,"1,413,631","1,229","88,885,843",64.20,64.20,61.70,61.80,-,2.8,61.80,9,61.90,14,
5536,聖暉*,"450,728",549,"167,119,948",375.00,375.00,369.00,370.00,-,3.0,370.00,3,372.00,3,
5543,桓鼎-KY,"4,055",6,"72,190",17.60,18.00,17.60,18.00,-,0.85,17.10,1,18.05,1,
5548,安倉,"35,025",18,"949,380",27.10,27.15,26.95,26.95,-,0.1,26.95,2,27.00,1,
5601,台聯櫃,48,2,"1,840",---,---,---, ---,,,37.40,1,38.35,2,
5603,陸海,"43,156",78,"982,918",22.85,23.15,22.60,22.60,+,0.35,22.60,1,22.65,1,
5604,中連,"17,289",19,"667,595",38.70,38.70,38.50,38.55,-,0.05,38.55,2,38.60,5,
5609,中菲行,"261,463",234,"21,455,066",82.00,82.30,81.60,82.10,+,0.1,82.10,6,82.20,2,
5701,劍湖山,"3,406",16,"17,776",5.20,5.35,5.20,5.35,-,0.01,5.15,2,5.35,21,
5703,亞都,"12,014",7,"197,633",16.45,16.45,16.45,16.45,-,0.0,16.35,5,18.00,2,
5704,老爺知,"10,062",14,"287,089",29.00,29.00,28.20,28.25,-,0.05,28.25,1,28.35,1,
5864,致和證,"392,180",214,"5,197,417",13.35,13.40,13.10,13.10,-,0.35,13.10,40,13.15,3,
5878,台名,"9,256",16,"406,276",43.50,43.95,43.50,43.95,+,1.2,43.15,1,43.95,1,
5902,德記,"38,410",47,"1,824,091",47.35,47.80,47.25,47.70,+,0.05,47.40,1,47.70,4,
5903,全家,"44,640",163,"9,263,650",208.00,208.00,207.00,207.50,+,0.5,207.50,3,208.00,9,
5904,寶雅,"129,636",295,"65,476,504",506.00,507.00,503.00,506.00,+,2.0,505.00,3,506.00,2,
5905,南仁湖,"409,724",264,"4,759,608",11.65,11.75,11.50,11.55,-,0.05,11.55,8,11.60,12,
6015,宏遠證,"482,812",149,"5,076,836",10.50,10.60,10.45,10.50,+,0.05,10.45,79,10.50,5,
6016,康和證,"1,116,837",364,"13,181,649",11.75,11.90,11.70,11.70,-,0.0,11.70,134,11.75,74,
6020,大展證,"6,000",4,"113,350",19.00,19.00,18.80,18.90,+,0.1,18.80,7,18.90,1,
6021,美好證,"25,211",16,"528,275",20.95,21.00,20.95,20.95,-,0.05,20.95,7,21.00,3,
6023,元大期,"238,946",582,"19,970,586",83.50,84.50,82.60,83.30,-,0.2,83.30,4,83.50,1,
6026,福邦證,"251,197",140,"3,068,281",12.20,12.30,12.20,12.20,-,0.0,12.20,60,12.25,41,
6101,寬魚國際,"169,056",65,"6,747,075",39.90,39.95,39.60,39.95,+,0.05,39.85,1,39.95,12,
6103,合邦,"1,001",2,"47,797",47.75,47.75,47.75,47.75,-,0.5,45.00,1,47.00,1,
6104,創惟,"3,344,475","3,110","552,351,816",166.50,168.00,162.50,165.00,-,1.0,165.00,2,165.50,32,
6109,亞元,"30,077",34,"302,135",10.00,10.20,10.00,10.10,+,0.11,10.05,2,10.10,5,
6111,大宇資,"378,580",440,"20,730,152",55.90,56.10,53.80,54.10,-,1.2,54.10,3,54.40,2,
6113,亞矽,"2,398,067","1,801","66,106,008",27.80,28.80,26.55,26.60,-,1.05,26.60,32,26.65,1,
6114,久威,"2,215,979","1,613","110,766,167",51.20,51.50,49.05,49.55,-,2.25,49.55,55,49.65,20,
6118,建達,"162,235",151,"2,629,638",16.35,16.55,15.90,16.00,-,0.35,16.00,3,16.05,1,
6121,新普,"386,871",498,"141,419,338",364.00,367.50,363.00,363.00,+,1.5,362.50,3,365.50,1,
6122,擎邦,"154,674",120,"7,970,352",51.90,51.90,50.90,51.50,-,0.2,51.50,4,51.70,6,
6123,上奇,"57,176",70,"3,115,359",55.20,55.20,53.80,53.80,-,0.9,53.70,2,53.90,1,
6124,業強,"19,582",131,"541,568",27.75,27.90,27.50,27.50,-,0.7,27.45,1,27.70,1,
6125,廣運,"3,215,232","3,037","228,862,235",73.00,73.00,70.10,70.30,-,2.7,70.30,11,70.40,10,
6126,信音,"92,026",138,"2,170,457",23.55,23.65,23.55,23.65,+,0.1,23.60,4,23.70,7,
6127,九豪,"286,375",191,"5,533,435",19.40,19.55,19.10,19.20,-,0.15,19.15,4,19.25,2,
6129,普誠,"115,819",116,"1,301,469",11.15,11.40,11.15,11.15,-,0.1,11.15,1,11.25,3,
6130,上亞科技,"86,816",100,"3,069,488",34.40,37.80,34.10,37.65,+,3.15,35.50,9,37.65,1,
6134,萬旭,"150,909",133,"3,161,644",21.50,21.50,20.55,20.70,-,0.65,20.65,3,20.70,5,
6138,茂達,"150,715",248,"23,702,826",159.50,159.50,156.00,156.00,-,2.0,156.00,12,156.50,1,
6140,訊達,"5,416,684","3,715","242,548,576",44.85,46.20,43.60,44.00,-,0.95,43.95,1,44.00,27,
6143,振曜,"2,288,873","2,201","268,917,833",117.50,118.50,115.50,118.00,+,0.5,118.00,17,118.50,37,
6144,得利影,"111,202",95,"2,284,307",22.10,22.10,20.10,20.40,-,1.2,20.40,1,20.50,3,
6146,耕興,"276,484",350,"50,479,322",183.50,185.00,181.00,182.50,+,0.5,182.00,12,183.00,3,
6147,頎邦,"3,902,051","2,637","244,292,860",63.50,63.50,62.20,62.70,-,0.2,62.60,2,62.70,35,
6148,驊宏資,"7,467,472","5,175","482,158,075",65.30,67.00,62.50,62.70,-,2.5,62.70,31,62.90,22,
6150,撼訊,"163,434",145,"11,813,498",72.60,73.10,71.80,71.90,-,0.2,71.90,3,72.10,5,
6151,晉倫,"864,941",640,"25,253,033",29.80,30.00,28.75,28.80,,,28.80,4,28.85,10,
6154,順發,"2,835",14,"43,191",15.20,15.20,15.20,15.20,-,0.05,15.20,3,15.30,1,
6156,松上,"1,614,992","1,084","46,272,405",29.60,29.65,28.00,28.15,-,1.55,28.15,14,28.20,17,
6158,禾昌,"96,035",60,"2,404,625",25.50,25.60,24.90,25.10,-,0.4,25.00,3,25.10,1,
6160,欣技,"416,543",281,"9,570,533",23.15,23.35,22.75,23.00,-,0.15,22.85,17,23.00,13,
6161,捷波,"54,584",231,"2,389,112",43.95,44.65,43.45,43.50,-,0.4,43.45,5,43.75,4,
6163,華電網,"379,675",225,"7,997,406",21.25,21.50,20.90,20.95,-,0.25,20.90,13,20.95,3,
6167,久正,"879,737",524,"11,524,162",13.80,13.80,12.60,12.80,-,0.6,12.75,4,12.80,2,
6169,昱泉,"284,544",240,"7,233,083",26.40,26.45,25.05,25.15,-,0.6,25.15,21,25.20,1,
6170,統振,"350,378",297,"17,002,239",49.20,49.25,48.05,48.05,-,0.6,48.05,14,48.20,3,
6171,大城地產,"22,051",17,"796,274",36.05,36.45,35.85,35.95,-,0.05,35.80,3,36.15,1,
6173,信昌電,"121,667",143,"4,591,354",37.80,38.00,37.40,38.00,+,0.2,37.95,9,38.00,2,
6174,安碁,"30,223",27,"628,028",21.05,21.05,20.65,20.90,-,0.1,20.85,1,20.95,4,
6175,立敦,"206,058",211,"7,240,378",35.40,35.55,34.85,35.15,-,0.0,35.15,4,35.20,2,
6179,亞通,"234,998",144,"5,684,053",23.85,24.35,23.85,24.20,+,0.35,24.20,6,24.25,2,
6180,橘子,"533,659",617,"39,639,366",74.70,75.00,73.90,73.90,-,0.8,73.90,7,74.10,1,
6182,合晶,"2,371,086","1,406","52,453,816",22.70,22.70,21.80,21.80,-,0.65,21.80,61,21.90,1,
6185,幃翔,"738,824",442,"12,995,507",17.10,17.95,17.00,17.65,+,0.65,17.50,4,17.65,5,
6186,新潤,"1,905,880","2,007","126,465,606",68.20,68.20,65.30,65.50,-,2.7,65.40,22,65.50,2,
6187,萬潤,"4,665,609","4,807","1,476,258,923",315.00,324.50,310.00,311.00,-,2.0,311.00,6,312.00,3,
6188,廣明,"674,943",790,"57,536,695",85.70,86.30,84.50,84.70,-,0.2,84.70,3,84.90,15,
6190,萬泰科,"2,652,123","1,898","105,568,152",40.60,40.60,39.40,39.45,-,0.9,39.45,7,39.50,10,
6194,育富,"28,110",28,"1,022,685",36.90,36.90,36.10,36.15,-,0.5,36.15,2,36.20,1,
6195,詩肯,"13,508",89,"417,481",30.85,30.85,30.85,30.85,+,0.15,30.80,3,31.35,1,
6198,瑞築,"6,000",6,"205,650",34.50,34.50,34.20,34.25,-,0.4,34.20,8,34.70,1,
6199,天品,"1,063,345",849,"129,830,405",125.00,127.50,117.00,117.50,-,7.0,117.50,11,118.00,1,
6203,海韻電,"311,956",315,"23,815,672",77.80,78.30,75.50,76.30,-,1.5,76.30,1,76.40,2,
6204,艾華,"139,627",186,"9,375,005",66.70,68.50,66.00,66.70,+,0.1,66.60,2,66.70,2,
6207,雷科,"120,731",127,"5,041,160",42.20,42.70,41.35,41.35,-,0.6,41.30,2,41.55,2,
6208,日揚,"42,049",37,"1,896,655",45.05,45.50,44.75,44.85,-,0.25,44.85,2,45.15,1,
6210,慶生,"24,109",29,"430,962",17.95,18.15,17.80,17.85,-,0.4,17.80,2,17.95,1,
6212,理銘,"18,331",20,"901,393",48.95,49.60,48.80,48.80,-,0.4,48.75,1,48.85,1,
6217,中探針,"1,448,540",897,"43,303,430",30.45,30.60,29.30,29.30,+,0.2,29.30,2,29.35,1,
6218,豪勉,"68,436",146,"1,354,851",20.05,20.05,19.60,19.60,-,0.35,19.60,29,19.65,1,
6219,富旺,"202,742",143,"5,629,256",28.10,28.30,27.45,27.80,-,0.1,27.80,8,27.90,1,
6220,岳豐,"15,054",20,"307,409",20.40,20.45,20.40,20.45,-,0.0,20.45,2,20.50,1,
6221,晉泰,"559,128",321,"33,656,253",60.80,61.20,59.80,59.90,-,0.9,59.90,5,60.00,5,
6222,立軒,"22,000",20,"528,550",24.05,24.15,23.95,24.00,-,0.1,24.00,1,24.20,1,
6223,旺矽,"2,573,083","3,594","1,923,382,917",748.00,755.00,741.00,745.00,-,7.0,744.00,26,745.00,16,
6227,茂綸,"7,917,649","5,850","819,273,462",99.40,108.00,99.00,103.00,+,4.5,102.50,81,103.00,33,
6228,全譜,"1,096,193",960,"54,238,601",48.15,52.00,47.15,47.15,-,0.8,47.15,9,47.35,2,
6229,研通,"65,678",101,"1,750,218",27.05,27.05,26.30,26.60,-,0.4,26.20,3,26.60,2,
6231,系微,"531,573",762,"117,392,004",223.50,226.50,218.00,219.00,-,4.5,219.00,7,219.50,1,
6233,旺玖,"114,565",103,"2,371,876",20.80,21.00,20.60,20.60,-,0.2,20.60,2,20.65,5,
6234,高僑,"116,114",136,"2,584,406",22.40,22.70,21.90,22.35,-,0.05,22.30,1,22.40,4,
6236,中湛,0,0,0,---,---,---, ---,,,0.00,0,30.00,5,
6237,驊訊,"3,640,156","3,034","152,954,759",43.55,43.65,40.65,40.65,-,3.85,40.60,5,40.85,1,
6240,松崗,"1,027",2,"21,544",21.00,21.00,21.00,21.00,+,0.15,20.50,2,20.70,1,
6241,易通展,"50,262",45,"672,718",13.55,13.60,13.15,13.15,-,0.25,13.10,4,13.35,2,
6242,立康,"3,150",5,"135,500",43.15,43.15,42.90,42.90,-,0.1,42.40,2,43.00,4,
6244,茂迪,"2,050,675","1,074","41,465,673",20.35,20.50,20.05,20.10,-,0.2,20.10,11,20.15,9,
6245,立端,"963,452","1,087","75,854,173",79.80,80.30,78.00,78.40,-,1.4,78.40,6,78.50,10,
6246,臺龍,"59,272",90,"857,993",15.10,15.10,14.25,14.50,+,0.3,14.40,1,14.50,1,
6248,沛波,"100,495",73,"2,553,368",25.40,25.55,25.25,25.35,-,0.05,25.30,1,25.45,2,
6259,百徽,"435,872",282,"8,199,551",17.30,19.00,17.30,19.00,+,1.7,19.00,15,0.00,0,
6261,久元,"102,900",98,"6,369,483",62.00,62.20,61.70,61.90,+,0.3,61.80,7,62.00,1,
6263,普萊德,"52,995",114,"8,149,653",155.50,155.50,153.00,153.00,-,2.0,153.00,6,153.50,1,
6264,富裔,"19,000",9,"154,090",8.20,8.20,8.05,8.20,-,0.03,8.10,2,8.20,2,
6265,方土昶,"401,257",634,"3,740,575",9.64,9.64,9.05,9.44,-,0.1,9.43,4,9.44,2,
6266,泰詠,"311,188",211,"10,673,240",34.60,34.65,33.90,34.40,+,0.05,34.40,5,34.45,3,
6270,倍微,"23,766",36,"536,857",22.50,22.70,22.50,22.50,-,0.1,22.50,11,22.55,1,
6274,台燿,"2,240,161","2,352","359,055,839",161.00,162.50,159.00,159.00,-,1.5,159.00,69,159.50,21,
6275,元山,"106,777",103,"4,608,000",43.40,43.50,43.00,43.00,-,0.4,43.00,7,43.10,1,
6276,安鈦克,"118,928",172,"5,221,120",45.10,45.85,42.70,42.70,-,2.4,42.55,1,42.70,2,
6279,胡連,"1,152,792","1,396","162,977,784",144.50,145.00,140.00,141.50,-,3.0,141.00,11,141.50,10,
6284,佳邦,"693,183",445,"50,230,829",72.10,73.30,71.70,71.90,-,0.2,71.90,5,72.10,6,
6287,元隆,"102,277",43,"899,696",8.78,8.81,8.78,8.81,+,0.06,8.81,7,8.82,1,
6290,良維,"4,882,237","3,739","486,269,567",99.50,101.00,98.20,99.80,+,1.1,99.70,13,99.90,5,
6291,沛亨,"57,378",61,"4,911,209",86.50,86.90,84.70,84.70,+,0.7,84.70,6,85.20,1,
6292,迅德,"37,224",34,"1,958,499",53.10,53.10,52.10,52.60,-,0.8,52.60,2,52.70,1,
6294,智基,"15,449",50,"863,091",55.50,56.30,55.50,56.30,+,0.3,55.70,1,56.00,1,
6411,晶焱,"119,489",178,"8,765,487",73.30,73.80,73.20,73.40,-,0.3,73.40,7,73.50,3,
6417,韋僑,"10,182",15,"917,396",90.00,90.20,90.00,90.20,+,0.1,89.90,1,90.20,1,
6418,詠昇,"56,110",60,"1,082,521",18.90,19.55,18.90,19.20,+,0.25,19.20,1,19.30,1,
6419,京晨科,"41,591",112,"2,874,606",70.20,70.20,68.20,68.60,-,1.4,68.30,1,68.60,3,
6425,易發,"156,688",147,"7,518,781",49.30,49.50,47.20,47.25,-,1.15,47.25,2,47.40,3,
6432,今展科,"48,433",64,"1,441,887",30.05,30.40,29.40,29.55,-,0.1,29.55,4,29.70,1,
6435,大中,"144,404",141,"15,009,650",105.00,105.50,102.50,103.00,-,2.0,103.00,3,103.50,1,
6441,廣錠,"2,963,286","2,324","113,121,649",38.40,39.65,35.20,35.35,-,0.7,35.35,6,35.40,15,
6461,益得,"31,364",42,"578,245",18.50,18.60,18.30,18.30,-,0.1,18.30,3,18.50,2,
6462,神盾,"1,962,252","1,843","188,753,582",99.30,100.00,94.30,94.90,-,4.1,94.90,8,95.00,6,
6465,威潤,"15,933",11,"227,494",14.20,14.50,14.20,14.50,+,0.5,14.35,1,14.55,1,
6469,大樹,"146,939",403,"22,752,027",154.50,156.50,153.50,155.00,+,0.5,155.00,1,155.50,5,
6470,宇智,"141,912",146,"7,573,611",54.10,54.10,53.00,53.10,-,1.0,53.10,5,53.20,1,
6482,弘煜科,"272,536",293,"19,137,197",68.90,71.70,68.50,70.70,+,2.6,70.60,4,70.70,1,
6485,點序,"99,990",111,"5,746,533",58.30,59.20,56.50,56.70,-,1.1,56.70,1,56.80,1,
6486,互動,"35,150",52,"2,798,443",80.00,80.00,79.40,79.60,+,0.1,79.40,3,79.50,1,
6488,環球晶,"1,463,557","1,931","471,898,608",318.00,326.00,318.00,321.50,+,6.5,321.50,12,322.00,5,
6492,生華科,"81,502",112,"2,804,104",35.00,35.00,33.90,33.95,-,0.6,33.95,2,34.15,1,
6494,九齊,"25,865",56,"1,047,530",40.65,40.65,40.00,40.65,-,0.2,39.95,2,40.65,1,
6496,科懋,"6,675",77,"170,637",25.55,25.55,25.50,25.50,-,0.05,25.30,1,25.90,1,
6498,久禾光,"592,768",754,"58,930,850",102.50,103.50,96.00,100.00,-,3.5,100.00,19,100.50,7,
6499,益安,"1,667,185","1,313","199,152,193",115.00,123.00,115.00,123.00,+,11.0,122.00,8,123.00,135,
6506,雙邦,"12,028",15,"201,818",16.80,16.80,16.70,16.80,-,0.0,16.75,1,16.80,19,
6508,惠光,"34,218",70,"972,324",28.35,28.60,28.30,28.60,-,0.05,28.45,4,28.60,1,
6509,聚和,"207,993",219,"7,435,431",35.70,36.15,35.45,35.60,-,0.0,35.60,6,35.70,3,
6510,精測,"992,511","1,562","861,298,302",860.00,894.00,850.00,856.00,-,4.0,856.00,1,857.00,2,
6512,啟發電,164,5,"3,581",---,---,---, ---,,,21.90,1,22.85,11,
6516,勤崴國際,"159,423",409,"13,619,517",86.40,86.80,84.30,84.90,-,1.3,84.90,3,85.00,3,
6517,保勝光學,"9,346,275","6,521","714,111,183",78.50,78.90,73.20,76.50,-,3.1,76.40,3,76.50,1,
6523,達爾膚,"14,143",19,"1,979,084",139.50,140.00,139.50,140.00,-,0.0,140.00,1,140.50,7,
6527,明達醫,"41,259",55,"3,477,559",83.70,85.00,83.60,84.60,+,2.0,84.00,5,84.70,4,
6530,創威,"257,100",342,"12,477,740",48.55,49.55,48.15,48.20,-,0.9,48.20,3,48.30,4,
6532,瑞耘,"30,464",59,"1,893,553",62.60,62.60,61.70,62.20,-,0.7,62.00,1,62.60,4,
6535,順藥,"501,565","1,691","84,724,138",165.00,173.50,165.00,165.50,-,0.0,165.50,15,167.00,8,
6538,倉和,"83,179",92,"8,528,112",102.50,103.50,101.00,101.50,-,0.5,101.50,5,102.00,1,
6542,隆中,"13,064",15,"752,316",57.70,58.00,57.00,57.00,-,1.0,57.00,1,57.40,1,
6546,正基,"280,546",267,"25,699,898",93.50,93.50,90.90,91.10,-,1.2,91.10,27,91.20,3,
6547,高端疫苗,"3,799,494","3,002","187,999,597",50.50,50.60,48.80,49.10,-,1.3,49.05,8,49.10,7,
6548,長科*,"1,852,618",624,"65,100,433",34.70,35.60,34.55,35.45,+,0.7,35.40,85,35.45,12,
6556,勝品,"2,100",3,"172,550",82.20,82.20,82.10,82.10,+,0.1,79.30,1,82.10,1,
6560,欣普羅,"1,192,581",761,"56,348,503",49.30,49.30,47.00,47.05,-,5.15,47.05,1,47.50,11,
6561,是方,"24,901",74,"10,170,594",409.50,411.50,406.50,407.50,+,0.5,407.00,1,409.50,1,
6568,宏觀,"44,328",61,"4,716,816",107.00,107.50,105.00,106.00,-,1.0,105.50,4,106.50,1,
6569,醫揚,"50,497",86,"6,170,467",119.50,125.00,119.50,121.50,+,2.0,121.00,3,122.00,1,
6570,維田,"83,564",113,"3,422,611",41.10,41.65,40.40,40.40,,,40.40,3,40.45,1,
6574,霈方,"57,148",127,"4,543,255",79.50,79.50,79.50,79.50,+,7.2,79.50,34,0.00,0,
6576,逸達,"40,318",44,"2,621,768",65.50,65.50,64.70,65.20,-,0.2,65.00,2,65.20,4,
6577,勁豐,"59,194",203,"5,304,379",90.80,90.90,89.00,89.10,-,1.2,89.10,5,89.50,1,
6578,達邦蛋白,"127,129",69,"2,156,813",17.00,17.10,16.90,17.05,-,0.05,17.05,2,17.10,10,
6584,南俊國際,"510,558",510,"65,644,229",131.50,132.50,126.00,126.00,-,4.0,126.00,6,126.50,1,
6588,東典光電,"45,586",48,"1,300,707",29.25,29.25,28.25,28.25,-,0.65,28.20,1,28.90,1,
6589,台康生技,"264,307",215,"16,753,500",63.50,64.30,62.70,62.90,-,0.2,62.90,3,63.00,1,
6590,普鴻,"5,551",13,"400,884",72.90,72.90,71.90,72.10,-,0.8,71.90,1,72.30,2,
6593,台灣銘板,"3,764,482","3,045","222,080,975",60.40,61.90,56.40,56.40,+,0.1,56.40,8,56.50,3,
6596,寬宏藝術,"461,772",570,"61,936,610",131.50,138.50,129.00,136.50,+,5.5,136.00,3,136.50,1,
6597,立誠,"37,291",53,"2,880,117",77.00,78.30,75.80,77.40,+,1.0,77.20,1,78.00,3,
6603,富強鑫,"246,957",144,"4,072,867",16.65,16.65,16.30,16.35,-,0.3,16.30,44,16.35,3,
6609,瀧澤科,"222,195",456,"10,916,914",50.40,50.40,48.40,48.50,-,1.6,48.45,3,48.50,2,
6612,奈米醫材,"13,383",25,"1,636,520",121.50,123.00,121.50,122.50,-,0.0,122.00,3,123.00,2,
6613,朋億*,"163,923",205,"27,537,389",169.50,169.50,167.00,167.00,-,2.5,167.00,8,167.50,2,
6615,慧智,"2,000",2,"67,000",33.50,33.50,33.50,33.50,-,0.3,33.05,1,33.50,1,
6616,特昇-KY,"58,720",33,"614,294",10.50,10.55,10.40,10.50,-,0.0,10.45,2,10.50,2,
6617,共信-KY,"125,085",325,"14,456,352",114.00,117.00,114.00,115.50,+,1.0,115.00,7,115.50,2,
6624,萬年清,"3,000",3,"108,900",36.10,36.40,36.10,36.40,-,0.0,36.05,5,36.55,1,
6629,泰金-KY,"7,007",8,"683,188",97.10,99.00,96.90,99.00,+,1.9,97.10,1,97.90,1,
6637,醫影,"25,794",44,"1,911,099",74.10,74.40,73.90,73.90,-,0.0,73.90,1,74.00,1,
6640,均華,"1,159,958","2,737","559,098,640",460.50,498.50,460.50,478.00,+,19.0,478.00,6,480.00,1,
6642,富致,"6,139",11,"368,840",60.10,60.20,59.80,60.20,+,0.2,59.90,1,60.20,5,
6643,M31,"321,066",908,"166,384,603",528.00,529.00,512.00,512.00,-,13.0,512.00,7,514.00,1,
6649,台生材,"57,138",49,"2,135,198",37.15,37.85,37.00,37.60,+,0.3,37.60,1,37.65,1,
6651,全宇昕,"96,395",107,"8,369,138",87.70,87.70,86.50,86.60,-,1.1,86.50,8,86.60,2,
6654,天正國際,"73,397",90,"5,939,664",81.20,82.00,80.20,80.70,-,1.4,80.70,3,80.80,1,
6661,威健生技,"5,500",7,"119,353",21.70,21.75,21.70,21.70,-,0.0,20.60,1,21.70,2,
6662,樂斯科,0,0,0,---,---,---, ---,,,33.60,1,33.95,1,
6664,群翊,"162,937",228,"32,194,319",201.00,201.00,195.50,196.00,-,3.0,196.00,8,197.00,1,
6667,信紘科,"524,020",666,"105,328,879",202.00,204.00,199.50,200.00,-,1.0,200.00,5,200.50,5,
6679,鈺太,"171,674",294,"35,903,847",213.50,214.50,207.50,207.50,-,6.0,207.50,5,208.00,1,
6680,鑫創電子,2,2,166,---,---,---, ---,,,83.10,1,84.20,1,
6683,雍智科技,"328,282",684,"104,015,241",319.50,320.00,314.50,315.00,-,5.5,315.00,3,316.00,1,
6684,安格,"246,862",253,"13,843,254",56.70,57.40,55.40,55.80,-,1.1,55.80,1,55.90,2,
6690,安碁資訊,"34,359",90,"6,258,573",183.00,183.00,181.50,182.00,-,0.5,181.50,12,182.00,1,
6692,進能服,"99,814",133,"3,926,556",40.20,40.20,39.05,39.15,-,0.35,39.05,3,39.15,2,
6693,廣閎科,"320,011",170,"17,820,222",54.70,57.40,54.60,56.60,+,1.9,56.60,1,56.90,1,
6697,東捷資訊,"8,514",10,"368,664",43.50,43.50,43.15,43.20,-,0.7,43.15,1,44.05,1,
6703,軒郁,"62,748",124,"7,378,768",118.50,119.50,116.00,117.00,-,1.5,117.00,1,118.50,2,
6708,天擎,"9,018",12,"404,052",45.20,45.20,44.30,44.75,-,1.25,44.70,1,45.95,1,
6712,長聖,"164,951",388,"28,416,606",172.00,173.00,171.50,171.50,-,0.0,171.50,14,172.00,1,
6716,應廣,"164,346",126,"9,337,076",58.50,59.50,55.70,56.80,-,1.3,55.80,1,56.30,1,
6720,久昌,"33,405",129,"5,356,490",161.00,161.50,157.50,157.50,-,2.5,157.00,2,157.50,1,
6721,信實,"5,306",13,"321,728",61.10,61.10,60.30,60.30,-,0.8,60.30,1,61.00,1,
6727,亞泰金屬,"48,624",161,"2,780,749",58.10,58.70,56.30,56.30,-,1.7,56.10,2,56.80,1,
6728,上洋,"72,975",406,"11,688,689",161.50,162.50,159.00,159.00,-,2.0,159.00,1,159.50,1,
6732,昇佳電子,"52,635",131,"9,294,991",178.50,179.00,175.50,175.50,-,0.5,175.50,7,176.00,1,
6733,博晟生醫,"232,609",149,"6,880,307",29.10,30.30,28.95,29.90,+,0.75,29.85,4,29.90,10,
6735,美達科技,"2,310",6,"112,553",48.60,48.65,48.60,48.65,-,0.3,48.65,1,49.25,1,
6739,竹陞科技,"479,325",694,"117,745,741",255.00,255.00,242.00,243.00,-,10.0,243.00,6,243.50,2,
6741,91APP*-KY,"151,441",354,"12,424,687",82.80,83.50,81.00,81.00,-,1.0,81.00,5,81.40,1,
6747,亨泰光,"6,668",104,"987,371",149.00,149.00,147.50,147.50,-,0.5,147.00,5,148.00,5,
6751,智聯服務,"7,007",9,"341,237",48.80,49.00,47.65,48.70,+,0.75,47.75,1,48.60,1,
6752,叡揚,"305,371",351,"50,071,651",162.00,167.50,162.00,163.00,-,0.0,163.00,25,164.50,1,
6761,穩得,"119,624",149,"11,850,652",99.10,99.70,98.60,98.70,-,0.4,98.70,2,98.90,1,
6762,達亞,"1,100",7,"306,788",279.00,279.00,279.00,279.00,+,3.5,268.00,1,278.00,1,
6763,綠界科技*,"461,037",459,"25,478,963",55.60,56.70,54.40,54.50,-,0.1,54.50,13,54.60,3,
6767,台微醫,"3,000",2,"96,150",32.05,32.05,32.05,32.05,-,0.0,32.05,1,32.80,2,
6785,昱展新藥,"74,420",179,"10,816,162",148.00,148.00,143.50,145.00,-,2.0,144.00,3,145.50,1,
6788,華景電,"780,186","2,209","177,890,212",227.50,232.50,225.50,225.50,-,1.5,225.50,13,226.00,2,
6791,虎門科技,"12,619",27,"1,370,834",108.50,109.00,108.50,109.00,+,0.5,108.50,1,109.00,1,
6803,崑鼎,"26,594",110,"7,960,397",299.50,299.50,298.50,299.50,-,0.0,298.50,4,299.50,10,
6804,明係,"6,100",18,"149,365",24.25,24.60,24.25,24.50,-,0.25,24.30,1,24.45,1,
6811,宏碁資訊,"82,828",147,"19,891,222",242.00,243.00,238.00,239.00,-,2.0,238.50,2,239.00,2,
6821,聯寶,"247,925",193,"10,675,467",43.60,44.45,42.25,43.00,-,0.6,42.95,1,43.55,1,
6823,濾能,"17,215",19,"793,232",46.15,46.15,46.00,46.10,+,0.05,46.15,1,46.60,1,
6829,千附精密,"456,307",526,"58,566,965",129.50,131.00,127.00,127.00,-,3.0,127.00,26,127.50,2,
6840,東研信超,"21,910",38,"875,652",39.95,40.00,39.85,39.85,-,0.15,39.85,1,39.90,1,
6841,長佳智能,"167,206",191,"11,618,672",70.30,70.30,68.80,69.20,-,0.1,69.20,1,69.30,1,
6843,進典,"46,901",49,"2,490,570",52.80,54.00,52.30,52.70,-,0.1,52.50,1,52.80,1,
6844,諾貝兒,"5,582",15,"613,611",110.00,110.00,110.00,110.00,-,0.0,108.50,1,110.00,5,
6846,綠茵,"11,100",12,"817,700",74.00,74.30,73.30,74.20,+,0.2,73.80,1,74.20,2,
6855,數泓科,"3,585",20,"499,677",139.00,140.00,139.00,140.00,-,0.0,140.00,1,141.50,1,
6856,鑫傳,"7,034",14,"416,208",58.50,59.60,58.50,59.30,+,2.1,57.10,3,59.30,1,
6859,伯特光,"172,401",191,"26,871,584",159.00,159.50,154.00,155.50,-,3.5,155.00,3,156.00,1,
6865,偉康科技,"44,251",44,"3,018,077",67.30,69.50,67.00,68.60,+,0.3,68.20,1,68.60,2,
6870,騰雲,"29,716",100,"4,968,577",171.50,171.50,165.50,166.00,-,3.0,166.00,2,166.50,1,
6872,浩宇生醫,"40,230",51,"989,707",24.50,25.35,24.40,24.40,-,0.0,24.30,10,24.65,3,
6874,倍力,"18,100",46,"1,520,699",84.00,84.50,83.70,84.20,-,0.3,84.00,1,84.50,6,
6875,國邑*,"63,294",54,"2,893,840",45.65,46.80,45.20,46.00,-,0.45,45.80,2,46.00,3,
6877,鏵友益,"222,146",215,"17,106,226",78.70,78.70,76.20,76.30,-,0.6,76.30,1,76.60,2,
6881,潤德,"3,000",3,"716,500",238.50,240.00,238.00,240.00,+,1.0,239.00,1,242.00,3,
6894,衛司特,"2,222",12,"383,758",172.50,172.50,172.50,172.50,-,2.5,172.00,2,174.50,1,
6895,宏碩系統,"22,294",36,"2,809,407",125.00,127.00,125.00,125.50,+,0.5,125.00,1,126.50,1,
6899,創為精密,"28,600",24,"1,481,276",51.60,52.00,51.60,52.00,+,1.0,52.00,2,52.10,1,
6903,巨漢,"176,036",547,"21,164,169",122.00,123.00,117.00,120.00,-,3.5,118.50,3,120.00,5,
6904,伯鑫,"5,000",5,"678,500",135.00,136.00,135.00,136.00,-,0.0,133.50,1,138.00,1,
6913,鴻呈,"109,451",104,"12,477,886",115.50,117.00,111.50,112.00,-,1.5,111.50,23,112.00,5,
6922,宸曜,"104,418",145,"20,060,354",194.50,196.00,191.00,191.00,-,2.0,190.50,6,192.00,1,
6929,佑全,"5,060",7,"173,670",34.00,34.70,34.00,34.60,+,0.8,34.25,1,34.60,1,
6953,家碩,"2,526",33,"406,735",161.50,161.50,160.00,160.00,-,3.0,158.00,2,159.00,1,
6967,汎瑋材料,"51,104",41,"2,705,949",53.60,54.50,51.20,54.30,+,0.8,52.70,1,54.20,2,
6968,萬達寵物,"45,933",55,"3,027,755",66.40,66.60,65.70,65.90,-,0.5,65.90,8,66.00,1,
6982,大井泵浦,"192,941",288,"10,825,313",56.20,57.30,55.00,56.00,-,1.2,55.90,9,56.00,3,
6996,力領科技,"45,317",70,"7,194,345",158.50,160.50,158.00,158.00,-,0.5,158.00,2,159.00,3,
6997,博弘,"7,161",13,"749,405",105.00,105.00,104.00,104.00,-,1.5,103.00,1,105.50,5,
70340U,耀勝群益46售01,0,0,0,---,---,---, ---,,,0.00,0,0.00,0,
70454U,元太群益47售01,"5,000",1,"5,250",1.05,1.05,1.05,1.05,+,0.04,1.02,499,1.12,10,
70493U,中探針群益47售01,0,0,0,---,---,---, ---,,,0.58,50,0.00,0,
70494U,友威科群益47售01,"26,000",1,"10,920",0.42,0.42,0.42,0.42,-,0.02,0.46,25,0.47,10,
70513U,鈊象統一46售01,0,0,0,---,---,---, ---,,,0.00,0,0.01,10,
70521U,福裕群益48售02,0,0,0,---,---,---, ---,,,0.00,0,0.00,0,
70522U,永信建統一46售02,0,0,0,---,---,---, ---,,,0.75,10,0.76,10,
70527U,華星光群益46售02,0,0,0,---,---,---, ---,,,0.00,0,0.00,0,
70532U,福裕凱基46售01,0,0,0,---,---,---, ---,,,1.03,20,0.00,0,
70630U,先進光國票47售03,0,0,0,---,---,---, ---,,,2.92,25,3.02,10,
70631U,先進光國票49售02,0,0,0,---,---,---, ---,,,1.84,25,1.88,10,
70661U,華星光群益47售01,"1,000",1,300,0.30,0.30,0.30,0.30,+,0.24,0.00,0,0.10,42,
70706U,神盾群益49售01,"37,000",3,"90,870",2.43,2.51,2.43,2.51,+,0.14,2.56,25,2.57,10,
70719U,力旺群益47售01,"125,000",4,"59,650",0.47,0.49,0.47,0.49,-,0.01,0.24,41,0.00,0,
70737U,波若威永豐46售02,0,0,0,---,---,---, ---,,,0.00,0,0.01,998,
70751U,新復興國票46售01,"1,578,000",44,"5,821,680",3.68,3.69,3.68,3.69,+,0.02,3.68,25,0.00,0,
70752U,新復興國票47售01,0,0,0,---,---,---, ---,,,2.46,25,2.56,10,
70755U,原相統一48售06,"20,000",2,"15,500",0.77,0.78,0.77,0.78,+,0.04,0.77,10,0.78,10,
70757U,原相國票46售01,0,0,0,---,---,---, ---,,,0.81,25,0.82,10,
70761U,耀勝凱基46售01,0,0,0,---,---,---, ---,,,2.15,100,0.00,0,
70766U,蜜望實國票46售01,0,0,0,---,---,---, ---,,,0.35,25,0.37,10,
70772U,百德國票46售02,0,0,0,---,---,---, ---,,,1.70,25,1.80,10,
70777U,波若威群益46售01,0,0,0,---,---,---, ---,,,0.05,499,0.94,1,
70801U,力旺國票46售02,0,0,0,---,---,---, ---,,,1.35,25,1.39,10,
70810U,佶優國票46售02,0,0,0,---,---,---, ---,,,1.62,25,1.72,10,
70811U,信驊永豐46售01,0,0,0,---,---,---, ---,,,0.48,200,0.52,10,
70817U,信驊元富47售02,0,0,0,---,---,---, ---,,,0.37,25,0.40,25,
70820U,博磊國票46售02,0,0,0,---,---,---, ---,,,3.05,25,3.15,10,
70822U,新復興國票47售02,0,0,0,---,---,---, ---,,,2.71,25,2.81,10,
70824U,新復興群益46售02,0,0,0,---,---,---, ---,,,0.00,0,0.00,0,
70840U,東捷國票46售03,0,0,0,---,---,---, ---,,,2.76,25,2.86,10,
70844U,昇達科統一46售02,0,0,0,---,---,---, ---,,,0.02,10,0.03,10,
70846U,華星光國票45售03,"8,000",2,"48,000",6.00,6.00,6.00,6.00,+,1.1,0.00,0,6.00,1,
70847U,群聯國票45售02,0,0,0,---,---,---, ---,,,0.01,25,0.05,10,
70848U,譜瑞國票45售02,0,0,0,---,---,---, ---,,,0.49,25,0.53,10,
70849U,鑫科國票46售01,0,0,0,---,---,---, ---,,,2.04,25,2.14,10,
70852U,群聯凱基46售02,0,0,0,---,---,---, ---,,,0.00,0,0.00,0,
70856U,宏捷科國票46售02,0,0,0,---,---,---, ---,,,0.09,25,0.10,10,
70857U,松上國票46售01,0,0,0,---,---,---, ---,,,0.00,0,0.00,0,
70858U,精測凱基46售02,0,0,0,---,---,---, ---,,,0.00,0,0.00,0,
70861U,宏捷科凱基46售01,0,0,0,---,---,---, ---,,,0.15,10,0.25,12,
70862U,新復興國票47售03,0,0,0,---,---,---, ---,,,2.51,25,2.61,10,
70866U,華星光國票46售02,0,0,0,---,---,---, ---,,,0.00,0,0.01,30,
70867U,譜瑞國票46售01,"40,000",1,"4,400",0.11,0.11,0.11,0.11,-,0.03,0.10,25,0.11,10,
70869U,波若威凱基46售01,0,0,0,---,---,---, ---,,,0.00,0,0.00,0,
70872U,華星光凱基46售02,0,0,0,---,---,---, ---,,,0.00,0,0.12,23,
70875U,永信建群益47售01,"2,000",2,"1,830",0.92,0.92,0.91,0.91,+,0.05,0.91,25,0.92,10,
70879U,新復興元大48售02,0,0,0,---,---,---, ---,,,1.31,499,1.41,10,
70880U,波若威國票46售01,0,0,0,---,---,---, ---,,,0.00,0,0.10,130,
70881U,廣運國票46售02,0,0,0,---,---,---, ---,,,0.43,25,0.44,10,
70882U,譜瑞國票46售02,0,0,0,---,---,---, ---,,,0.01,25,0.05,10,
70890U,同致群益47售03,0,0,0,---,---,---, ---,,,0.00,0,0.00,0,
70893U,穩懋國票46售01,0,0,0,---,---,---, ---,,,0.89,25,0.92,10,
70895U,世禾群益46售02,0,0,0,---,---,---, ---,,,0.33,25,0.34,10,
70896U,瀧澤科元大48售02,0,0,0,---,---,---, ---,,,0.90,499,1.00,10,
70897U,創惟國票46售03,"21,000",1,210,0.01,0.01,0.01,0.01,-,0.02,0.01,25,0.05,10,
70898U,華星光國票46售03,0,0,0,---,---,---, ---,,,0.08,25,0.09,10,
70899U,精測國票46售03,0,0,0,---,---,---, ---,,,0.01,25,0.05,10,
70900U,友威科凱基47售04,0,0,0,---,---,---, ---,,,0.78,90,0.79,10,
70906U,康全電群益47售02,0,0,0,---,---,---, ---,,,0.00,0,0.00,0,
70907U,群聯群益46售03,0,0,0,---,---,---, ---,,,0.01,25,0.11,10,
70908U,世禾國票46售02,0,0,0,---,---,---, ---,,,0.03,25,0.05,10,
70909U,撼訊國票46售04,0,0,0,---,---,---, ---,,,0.01,25,0.05,10,
70911U,順達國票46售04,"1,000",1,500,0.50,0.50,0.50,0.50,+,0.49,0.00,0,0.01,200,
70912U,順達國票46售05,0,0,0,---,---,---, ---,,,0.00,0,0.00,0,
70915U,瀧澤科永豐46售02,0,0,0,---,---,---, ---,,,1.49,499,0.00,0,
70918U,瀧澤科群益49售02,0,0,0,---,---,---, ---,,,0.00,0,0.00,0,
70920U,鈊象群益47售09,"45,000",1,"39,600",0.88,0.88,0.88,0.88,-,0.01,0.90,25,0.91,10,
70921U,弘塑國票47售02,"33,000",2,"10,890",0.33,0.33,0.33,0.33,-,0.03,0.38,25,0.39,10,
70922U,鈊象國票46售04,0,0,0,---,---,---, ---,,,0.92,25,0.95,10,
70925U,華星光群益47售03,0,0,0,---,---,---, ---,,,0.01,74,0.18,10,
70926U,元太國票46售03,0,0,0,---,---,---, ---,,,1.39,25,1.44,10,
70928U,華星光國票46售04,0,0,0,---,---,---, ---,,,0.01,25,0.05,10,
70931U,信驊國票46售02,0,0,0,---,---,---, ---,,,0.04,25,0.05,10,
70932U,信驊國票46售03,"2,000",1,860,0.43,0.43,0.43,0.43,-,0.03,0.46,25,0.47,10,
70933U,康全電國票46售02,0,0,0,---,---,---, ---,,,3.26,25,3.36,10,
70934U,鈊象國票46售05,0,0,0,---,---,---, ---,,,0.01,25,0.05,10,
70935U,廣明國票46售02,0,0,0,---,---,---, ---,,,0.38,25,0.39,10,
70940U,元太國票46售04,0,0,0,---,---,---, ---,,,1.13,25,1.15,10,
70941U,旺矽群益46售02,"15,000",2,"2,850",0.19,0.19,0.19,0.19,-,0.01,0.19,25,0.20,10,
70942U,旺矽群益47售02,"151,000",3,"31,960",0.22,0.22,0.21,0.21,-,0.0,0.21,100,0.22,100,
70946U,金麗科國票46售02,"13,000",2,880,0.06,0.07,0.06,0.07,-,0.0,0.06,25,0.07,10,
70947U,康全電國票46售03,"20,000",1,"43,200",2.16,2.16,2.16,2.16,+,0.17,2.24,25,2.34,10,
70949U,旺矽凱基46售02,"5,000",1,"1,000",0.20,0.20,0.20,0.20,-,0.0,0.20,100,0.21,10,
70952U,鈊象國票46售06,0,0,0,---,---,---, ---,,,0.26,25,0.27,10,
70953U,濱川國票47售01,"17,000",4,"10,520",0.60,0.63,0.60,0.63,+,0.02,0.62,25,0.63,10,
70954U,元太群益47售02,"34,000",5,"37,240",1.06,1.11,1.06,1.11,-,0.0,0.45,22,0.00,0,
70955U,富喬群益47售02,0,0,0,---,---,---, ---,,,0.11,100,0.12,100,
70959U,高鋒國票46售02,0,0,0,---,---,---, ---,,,0.00,0,0.00,0,
70962U,神準國票47售01,0,0,0,---,---,---, ---,,,0.69,25,0.71,10,
70963U,富喬國票48售01,"131,000",8,"14,730",0.13,0.13,0.09,0.13,-,0.02,0.12,25,0.13,10,
70964U,振曜群益48售02,0,0,0,---,---,---, ---,,,0.35,25,0.36,10,
70965U,神準群益48售01,"1,000",1,580,0.58,0.58,0.58,0.58,-,0.02,0.67,25,0.68,10,
70966U,創惟群益48售01,"231,000",6,"40,330",0.18,0.18,0.17,0.17,+,0.02,0.17,100,0.18,230,
70967U,閎康群益48售01,0,0,0,---,---,---, ---,,,2.42,5,0.00,0,
70968U,精材群益48售01,"63,000",1,"128,520",2.04,2.04,2.04,2.04,+,0.18,2.02,1,0.00,0,
70969U,雙鴻群益48售02,0,0,0,---,---,---, ---,,,0.20,15,0.00,0,
70970U,元太國票47售01,"16,000",5,"5,290",0.32,0.35,0.31,0.33,-,0.01,0.34,25,0.35,10,
70971U,高鋒國票47售02,"665,000",4,"49,550",0.07,0.08,0.07,0.07,-,0.0,0.07,25,0.08,10,
70972U,富喬國票47售01,"21,000",3,"4,200",0.20,0.20,0.20,0.20,-,0.04,0.20,25,0.21,10,
70973U,晶呈群益48售01,"4,000",1,"8,960",2.24,2.24,2.24,2.24,+,0.32,1.10,6,0.00,0,
70974U,精測群益4A售01,"236,000",8,"54,100",0.21,0.24,0.20,0.24,+,0.04,0.23,100,0.24,100,
70975U,雙鴻群益46售05,0,0,0,---,---,---, ---,,,0.00,0,0.00,0,
70976U,旺矽永豐46售02,0,0,0,---,---,---, ---,,,0.13,499,0.23,10,
70977U,力旺元大46售04,0,0,0,---,---,---, ---,,,0.00,0,0.00,0,
70978U,鈊象元大46售08,0,0,0,---,---,---, ---,,,0.40,499,0.50,10,
70979U,力旺凱基47售03,"100,000",1,"108,000",1.08,1.08,1.08,1.08,-,0.09,1.13,100,1.23,10,
70980U,元太凱基47售01,"1,000",1,"1,340",1.34,1.34,1.34,1.34,+,0.01,1.30,100,1.40,10,
70981U,旺矽國票47售02,0,0,0,---,---,---, ---,,,0.03,100,0.05,10,
70982U,營邦國票46售02,0,0,0,---,---,---, ---,,,0.61,25,0.63,10,
70983U,雙鴻國票47售01,0,0,0,---,---,---, ---,,,0.25,25,0.26,10,
70984U,力旺群益48售02,"20,000",4,"22,220",1.06,1.13,1.06,1.12,-,0.03,1.00,2,0.00,0,
70985U,世界元富46售01,0,0,0,---,---,---, ---,,,0.21,25,0.22,10,
70986U,旺矽元大46售07,0,0,0,---,---,---, ---,,,0.00,0,0.10,10,
70987U,旺矽元大46售08,0,0,0,---,---,---, ---,,,0.06,499,0.07,200,
70988U,旺矽凱基47售03,0,0,0,---,---,---, ---,,,0.03,100,0.04,10,
70989U,晟德國票47售01,"60,000",2,"55,300",0.93,0.93,0.92,0.92,-,0.02,0.94,25,0.98,10,
70990U,晟德群益48售01,"42,000",2,"26,100",0.62,0.65,0.62,0.65,+,0.02,0.64,25,0.65,10,
70991U,旺矽元大46售09,0,0,0,---,---,---, ---,,,0.64,499,0.65,200,
70992U,旺矽元大46售10,0,0,0,---,---,---, ---,,,0.42,499,0.43,200,
70993U,元債20元富46售01,0,0,0,---,---,---, ---,,,4.35,25,0.00,0,
70994U,鈊象元富46售08,0,0,0,---,---,---, ---,,,0.25,25,0.35,10,
70995U,旺矽元大46售11,0,0,0,---,---,---, ---,,,0.53,499,0.54,200,
70996U,友威科國票47售01,0,0,0,---,---,---, ---,,,1.04,25,1.14,10,
70997U,精測國票47售03,0,0,0,---,---,---, ---,,,0.54,25,0.55,10,
70998U,精測國票47售04,"10,000",1,"8,500",0.85,0.85,0.85,0.85,-,0.12,0.96,25,0.98,10,
70999U,兆利群益46售02,0,0,0,---,---,---, ---,,,1.86,64,0.00,0,
71000U,鈊象元大46售09,0,0,0,---,---,---, ---,,,0.81,499,0.91,10,
71001U,前鼎永豐48售01,"40,000",1,"29,600",0.74,0.74,0.74,0.74,+,0.03,0.72,499,0.74,12,
71002U,前鼎元富46售02,0,0,0,---,---,---, ---,,,3.41,25,3.51,25,
71003U,弘塑凱基46售03,0,0,0,---,---,---, ---,,,0.00,0,0.00,0,
71004U,前鼎群益46售03,0,0,0,---,---,---, ---,,,0.00,0,0.00,0,
71005U,天品國票47售02,0,0,0,---,---,---, ---,,,0.26,25,0.27,10,
71006U,雙鴻國票47售02,"5,000",1,"7,100",1.42,1.42,1.42,1.42,+,0.02,1.42,25,1.44,10,
71007U,精材凱基48售01,"19,000",1,"27,170",1.43,1.43,1.43,1.43,+,0.16,1.40,100,1.50,10,
71008U,宏碁資元大46售04,0,0,0,---,---,---, ---,,,1.12,499,1.14,100,
71009U,雙鴻永豐47售03,0,0,0,---,---,---, ---,,,1.19,499,1.29,10,
71010U,宏碁資群益46售02,0,0,0,---,---,---, ---,,,0.00,0,0.00,0,
71011U,雙鴻元富46售02,0,0,0,---,---,---, ---,,,1.08,25,1.18,10,
71012U,力旺國票47售02,0,0,0,---,---,---, ---,,,2.15,25,2.25,10,
71013U,力旺國票48售02,"10,000",1,"19,100",1.91,1.91,1.91,1.91,-,0.07,1.87,25,1.92,10,
71014U,旺矽國票47售04,0,0,0,---,---,---, ---,,,1.06,25,1.07,10,
71015U,力旺凱基46售02,0,0,0,---,---,---, ---,,,1.28,100,0.00,0,
71016U,旺矽凱基46售05,0,0,0,---,---,---, ---,,,1.17,100,0.00,0,
71017U,神盾元富46售02,0,0,0,---,---,---, ---,,,3.36,25,3.39,25,
71018U,波若威國票46售03,0,0,0,---,---,---, ---,,,0.02,25,0.05,10,
71019U,聖暉*國票47售01,0,0,0,---,---,---, ---,,,0.22,25,0.23,10,
71020U,雙鴻國票47售03,"3,000",1,"2,970",0.99,0.99,0.99,0.99,+,0.02,0.98,25,1.00,10,
71021U,元太元富46售01,0,0,0,---,---,---, ---,,,2.77,25,2.87,10,
71022U,台燿群益47售03,"500,000",5,"209,000",0.42,0.43,0.40,0.43,+,0.01,0.43,100,0.46,100,
71023U,湧德國票46售03,"15,000",1,"7,050",0.47,0.47,0.47,0.47,+,0.05,0.46,25,0.47,10,
71024U,雙鴻凱基47售04,"3,000",1,"4,590",1.53,1.53,1.53,1.53,-,0.02,1.54,100,1.64,10,
71025U,信驊永豐46售04,0,0,0,---,---,---, ---,,,0.42,499,0.52,10,
71026U,中美晶國票47售02,0,0,0,---,---,---, ---,,,1.35,25,1.42,10,
71027U,環球晶國票46售04,0,0,0,---,---,---, ---,,,1.68,25,1.71,10,
71028U,信驊元富46售02,0,0,0,---,---,---, ---,,,0.54,25,0.64,10,
71029U,信驊元富46售03,0,0,0,---,---,---, ---,,,0.13,25,0.14,25,
71030U,信驊群益46售02,0,0,0,---,---,---, ---,,,0.38,25,0.39,10,
71031U,信驊群益4C售01,0,0,0,---,---,---, ---,,,1.74,100,1.75,100,
71032U,中美晶凱基47售01,"22,000",1,"25,740",1.17,1.17,1.17,1.17,-,0.07,1.17,100,1.18,10,
71033U,環球晶凱基46售03,0,0,0,---,---,---, ---,,,0.45,63,0.80,3,
71034U,中美晶群益48售02,"63,000",1,"30,870",0.49,0.49,0.49,0.49,-,0.01,0.46,100,0.47,100,
71035U,鈊象群益47售10,0,0,0,---,---,---, ---,,,0.58,100,0.59,100,
71036U,精測群益46售02,0,0,0,---,---,---, ---,,,0.08,25,0.09,10,
71037U,昇達科凱基46售03,0,0,0,---,---,---, ---,,,0.06,10,0.07,10,
71038U,旺矽永豐46售04,0,0,0,---,---,---, ---,,,1.07,499,1.12,10,
71039U,立碁國票47售04,0,0,0,---,---,---, ---,,,0.03,25,0.04,20,
71040U,神準國票47售04,"5,000",1,"1,650",0.33,0.33,0.33,0.33,+,0.04,0.33,25,0.34,10,
71041U,富喬元富46售01,0,0,0,---,---,---, ---,,,0.13,25,0.14,25,
71042U,宏捷科群益48售01,0,0,0,---,---,---, ---,,,0.43,10,0.00,0,
71043U,力旺元富46售02,0,0,0,---,---,---, ---,,,3.27,25,3.37,10,
71044U,立碁群益46售01,"63,000",3,"11,170",0.17,0.19,0.17,0.19,+,0.02,0.20,25,0.21,10,
71045U,精測國票47售06,"600,000",4,"116,000",0.18,0.21,0.17,0.21,-,0.0,0.21,25,0.22,10,
71046U,雙鴻國票46售04,0,0,0,---,---,---, ---,,,0.87,25,0.90,10,
71047U,國債20元大47售02,0,0,0,---,---,---, ---,,,1.69,100,0.00,0,
71048U,湧德國票49售01,0,0,0,---,---,---, ---,,,0.46,25,0.47,10,
71049U,鑫科國票46售02,0,0,0,---,---,---, ---,,,1.02,25,1.03,10,
71050U,亞泰國票47售02,0,0,0,---,---,---, ---,,,0.21,25,0.22,10,
71051U,神盾國票47售03,"10,000",1,"29,600",2.96,2.96,2.96,2.96,+,0.43,2.90,25,2.93,10,
71052U,雍智國票47售04,0,0,0,---,---,---, ---,,,0.42,25,0.43,10,
71053U,精測國票47售07,0,0,0,---,---,---, ---,,,0.37,25,0.38,10,
71054U,宏碁資統一46售01,0,0,0,---,---,---, ---,,,0.38,10,0.48,10,
71055U,中光電元富46售06,0,0,0,---,---,---, ---,,,2.18,25,2.28,10,
71056U,能率永豐46售02,0,0,0,---,---,---, ---,,,0.35,499,0.36,62,
71057U,富喬凱基46售02,"101,000",3,"10,620",0.11,0.12,0.10,0.12,-,0.05,0.12,90,0.13,11,
71058U,伯特光國票47售02,0,0,0,---,---,---, ---,,,0.42,25,0.45,10,
71059U,神盾國票47售04,0,0,0,---,---,---, ---,,,3.14,25,3.24,10,
71060U,能率國票47售03,0,0,0,---,---,---, ---,,,0.46,25,0.47,10,
71061U,能率國票47售04,"30,000",9,"39,780",1.33,1.41,1.27,1.41,+,0.03,1.40,25,1.41,10,
71062U,富喬元大46售01,"71,000",6,"5,100",0.08,0.10,0.06,0.10,-,0.0,0.09,499,0.10,199,
71063U,旺矽國票47售06,"6,000",2,"2,160",0.36,0.36,0.36,0.36,+,0.03,0.36,24,0.37,10,
71064U,桓達國票46售04,0,0,0,---,---,---, ---,,,3.32,25,3.42,10,
71065U,雍智國票47售05,0,0,0,---,---,---, ---,,,0.76,25,0.86,10,
71066U,亞泰國票48售01,0,0,0,---,---,---, ---,,,0.96,25,0.99,10,
71067U,信驊國票48售02,"10,000",1,"2,000",0.20,0.20,0.20,0.20,+,0.01,0.19,25,0.20,10,
71068U,信驊國票48售03,0,0,0,---,---,---, ---,,,0.29,25,0.30,10,
71069U,信驊永豐48售01,"55,000",2,"25,250",0.45,0.46,0.45,0.46,-,0.0,0.45,499,0.47,10,
71070U,信驊凱基47售04,"650,000",5,"161,500",0.24,0.25,0.24,0.25,+,0.01,0.24,100,0.34,10,
71071U,信驊群益4B售01,"25,000",9,"25,370",1.01,1.05,1.01,1.05,+,0.05,1.02,100,1.03,100,
71072U,桓達國票49售01,0,0,0,---,---,---, ---,,,3.06,25,3.16,10,
71073U,中光電中信47售01,0,0,0,---,---,---, ---,,,2.72,499,2.82,10,
71074U,桓達群益48售02,0,0,0,---,---,---, ---,,,0.00,0,0.00,0,
71075U,新復興群益48售01,0,0,0,---,---,---, ---,,,1.63,499,1.65,30,
71076U,鑫科永豐47售01,0,0,0,---,---,---, ---,,,1.51,499,1.56,10,
71077U,系微群益49售02,"10,000",1,"23,900",2.39,2.39,2.39,2.39,-,0.03,2.46,25,2.47,10,
71078U,廣明群益47售03,0,0,0,---,---,---, ---,,,0.00,0,0.00,0,
71079U,天品國票49售02,"1,000",1,"1,010",1.01,1.01,1.01,1.01,+,0.07,1.02,25,1.03,10,
71080U,系微國票48售02,0,0,0,---,---,---, ---,,,3.07,25,3.09,10,
71081U,旺矽國票48售01,0,0,0,---,---,---, ---,,,1.72,25,1.75,10,
71082U,英濟國票48售02,"755,000",13,"85,700",0.10,0.14,0.10,0.14,+,0.01,0.12,25,0.13,10,
71083U,系微凱基49售01,"1,000",1,"2,450",2.45,2.45,2.45,2.45,+,0.09,2.43,20,2.44,10,
71084U,力旺元大47售02,0,0,0,---,---,---, ---,,,0.00,0,0.00,0,
71085U,力旺凱基48售02,"141,000",6,"163,120",1.10,1.23,1.10,1.20,-,0.07,1.15,100,1.25,10,
71086U,力旺元富47售04,0,0,0,---,---,---, ---,,,1.47,25,1.52,25,
71087U,弘塑永豐48售01,0,0,0,---,---,---, ---,,,0.75,2,0.00,0,
71088U,旺矽群益48售01,0,0,0,---,---,---, ---,,,1.30,25,1.31,10,
71089U,弘塑國票48售03,"355,000",9,"98,600",0.29,0.34,0.27,0.34,+,0.03,0.33,25,0.34,10,
71090U,聰泰國票48售01,0,0,0,---,---,---, ---,,,0.92,25,0.94,10,
71091U,營邦凱基47售04,0,0,0,---,---,---, ---,,,0.56,30,0.57,30,
71092U,雙鴻永豐48售02,0,0,0,---,---,---, ---,,,1.46,499,1.56,10,
71093U,弘塑群益47售04,"10,000",1,"16,900",1.69,1.69,1.69,1.69,+,0.13,0.00,0,0.00,0,
71094U,加百裕國票47售02,0,0,0,---,---,---, ---,,,1.27,25,1.31,10,
71095U,加百裕國票48售02,"110,000",6,"122,680",1.09,1.15,1.06,1.06,+,0.01,1.02,25,1.03,10,
71096U,加百裕國票4A售01,"110,000",10,"145,250",1.38,1.38,1.28,1.28,-,0.0,1.27,25,1.29,10,
71097U,旺矽元富47售02,"1,000",1,"2,180",2.18,2.18,2.18,2.18,+,0.01,2.23,25,2.25,25,
71098U,僑威中信47售01,0,0,0,---,---,---, ---,,,0.09,10,0.10,10,
71099U,湧德凱基47售01,0,0,0,---,---,---, ---,,,0.67,40,0.68,30,
71100U,加百裕元大47售07,0,0,0,---,---,---, ---,,,0.73,25,0.74,10,
71101U,雙鴻元大47售02,0,0,0,---,---,---, ---,,,0.00,0,0.00,0,
71102U,伯特光元富47售01,0,0,0,---,---,---, ---,,,1.73,25,1.83,25,
71103U,亞泰國票48售02,"3,000",1,"2,070",0.69,0.69,0.69,0.69,-,0.01,0.74,25,0.76,10,
71104U,中光電群益47售03,0,0,0,---,---,---, ---,,,0.73,13,0.00,0,
71105U,永信建群益48售01,0,0,0,---,---,---, ---,,,0.21,25,0.22,10,
71106U,系微群益48售03,0,0,0,---,---,---, ---,,,0.00,0,0.00,0,
71107U,昇達科群益48售01,"10,000",2,"10,050",0.98,1.03,0.98,1.03,+,0.01,1.02,100,1.03,100,
71108U,欣銓群益48售02,0,0,0,---,---,---, ---,,,0.20,100,0.21,100,
71109U,廣運群益47售06,0,0,0,---,---,---, ---,,,0.68,10,1.31,15,
71110U,譜瑞群益48售02,0,0,0,---,---,---, ---,,,0.00,0,0.00,0,
71111U,艾訊國票48售03,0,0,0,---,---,---, ---,,,1.12,25,1.15,10,
71112U,泰茂國票48售01,0,0,0,---,---,---, ---,,,0.30,25,0.31,10,
71113U,新復興國票48售01,0,0,0,---,---,---, ---,,,1.21,25,1.31,10,
71114U,昇達科元大47售04,"11,000",2,"7,800",0.70,0.71,0.70,0.71,-,0.05,0.75,499,0.76,200,
71115U,新復興元富4A售02,0,0,0,---,---,---, ---,,,1.41,25,1.51,10,
71116U,雙鴻凱基47售07,0,0,0,---,---,---, ---,,,0.57,60,0.67,10,
71117U,高端國票48售04,"86,000",7,"20,320",0.24,0.26,0.23,0.25,+,0.03,0.24,25,0.25,10,
71118U,華星光元大47售06,"8,000",1,"9,120",1.14,1.14,1.14,1.14,-,0.07,1.21,499,1.22,200,
71119U,台特化元富47售07,0,0,0,---,---,---, ---,,,0.64,25,0.65,25,
71120U,華星光元富47售03,"10,000",1,"21,900",2.19,2.19,2.19,2.19,+,0.01,2.18,25,2.21,25,
71121U,世界凱基47售02,"605,000",7,"854,910",1.38,1.42,1.38,1.42,+,0.01,1.45,100,1.46,10,
71122U,M31國票48售02,0,0,0,---,---,---, ---,,,0.58,25,0.60,10,
71123U,台特化國票48售03,"220,000",4,"46,200",0.21,0.21,0.21,0.21,+,0.01,0.21,25,0.22,10,
71124U,昇達科國票47售01,"13,000",5,"19,170",1.44,1.52,1.44,1.51,+,0.05,1.50,25,1.52,10,
71125U,高端國票48售06,0,0,0,---,---,---, ---,,,0.66,25,0.68,10,
71126U,華星光國票48售02,"17,000",2,"15,640",0.92,0.92,0.92,0.92,-,0.06,0.99,25,1.00,10,
71127U,華星光永豐48售01,"71,000",1,"60,350",0.85,0.85,0.85,0.85,-,0.0,0.85,499,0.92,10,
71128U,華星光永豐49售01,"131,000",8,"138,820",1.05,1.13,1.04,1.13,+,0.05,1.10,200,1.11,10,
71129U,櫃200群益47售02,"3,000",3,"2,370",0.78,0.80,0.78,0.80,+,0.01,0.79,499,0.80,99,
71130U,台特化永豐49售01,"54,000",2,"59,760",1.08,1.14,1.08,1.14,+,0.01,1.15,200,1.16,10,
71131U,系統電國票48售01,0,0,0,---,---,---, ---,,,0.47,25,0.48,10,
71132U,元太元大47售04,0,0,0,---,---,---, ---,,,2.73,25,2.83,10,
71133U,雙鴻元大47售03,0,0,0,---,---,---, ---,,,0.00,0,0.00,0,
71134U,新復興群益49售01,0,0,0,---,---,---, ---,,,1.06,25,1.07,10,
71135U,華星光元大47售07,"20,000",2,"15,900",0.77,0.82,0.77,0.82,-,0.0,0.82,499,0.83,200,
71136U,雙鴻元大47售04,0,0,0,---,---,---, ---,,,0.00,0,0.00,0,
71137U,台特化國票48售05,"77,000",1,"57,750",0.75,0.75,0.75,0.75,-,0.03,0.77,25,0.78,10,
71138U,旺矽國票48售04,"3,000",2,"3,760",1.24,1.26,1.24,1.26,-,0.01,1.30,25,1.31,10,
71139U,易發國票48售03,0,0,0,---,---,---, ---,,,1.09,25,1.11,10,
71140U,雍智凱基48售01,0,0,0,---,---,---, ---,,,1.32,60,1.42,10,
71141U,雙鴻元大47售05,"532,000",7,"252,340",0.48,0.49,0.46,0.49,+,0.01,0.46,3,0.00,0,
71142U,欣銓凱基48售03,0,0,0,---,---,---, ---,,,0.21,10,0.22,50,
71143U,聖暉*凱基47售04,0,0,0,---,---,---, ---,,,0.49,30,0.50,30,
711448,智擎統一46購01,0,0,0,---,---,---, ---,,,0.00,0,0.01,499,
71144U,雙鴻凱基47售08,0,0,0,---,---,---, ---,,,1.50,100,1.60,10,
71145U,弘塑群益47售08,"40,000",5,"28,950",0.70,0.78,0.68,0.78,+,0.07,0.41,24,0.00,0,
71146U,華星光群益47售04,0,0,0,---,---,---, ---,,,1.79,100,1.80,100,
71147U,系微永豐49售01,0,0,0,---,---,---, ---,,,4.06,499,4.08,62,
71148U,昇達科永豐49售02,0,0,0,---,---,---, ---,,,2.02,499,2.05,10,
71149U,雙鴻元大48售05,0,0,0,---,---,---, ---,,,0.00,0,0.00,0,
71150U,弘塑凱基48售02,"96,000",27,"94,990",1.02,1.03,0.93,1.03,-,0.02,1.00,2,0.00,0,
71151U,精測凱基49售01,"371,000",6,"185,210",0.44,0.51,0.44,0.50,+,0.01,0.49,100,0.50,50,
71152U,力旺元大48售02,"5,000",1,"18,200",3.64,3.64,3.64,3.64,-,0.13,1.97,5,0.00,0,
71153U,力旺元大48售03,0,0,0,---,---,---, ---,,,5.60,2,0.00,0,
71154U,雙鴻元大4A售01,"210,000",3,"201,700",0.96,0.97,0.96,0.97,+,0.01,0.00,0,0.00,0,
71155U,力旺國票48售03,0,0,0,---,---,---, ---,,,3.18,25,3.28,10,
71156U,力旺永豐48售02,0,0,0,---,---,---, ---,,,1.84,499,1.94,10,
71157U,神準永豐49售01,0,0,0,---,---,---, ---,,,0.77,499,0.78,12,
71158U,鈊象永豐49售01,0,0,0,---,---,---, ---,,,1.25,44,1.28,10,
71159U,力旺凱基48售04,0,0,0,---,---,---, ---,,,4.07,100,4.17,10,
71160U,昇達科凱基48售01,0,0,0,---,---,---, ---,,,1.29,20,1.30,10,
71161U,信驊凱基48售01,"9,000",2,"5,760",0.64,0.64,0.64,0.64,-,0.0,0.62,100,0.72,10,
71162U,力旺群益48售04,"36,000",5,"94,770",2.59,2.70,2.58,2.70,-,0.07,1.40,7,0.00,0,
71163U,信驊群益4C售02,"35,000",3,"64,050",1.83,1.83,1.83,1.83,+,0.02,1.83,100,1.84,100,
71164U,華星光群益48售05,0,0,0,---,---,---, ---,,,1.99,25,2.00,10,
71165U,雙鴻元大48售06,0,0,0,---,---,---, ---,,,0.00,0,0.00,0,
71166U,欣銓永豐48售04,0,0,0,---,---,---, ---,,,0.37,499,0.38,10,
71167U,旺矽國票49售02,0,0,0,---,---,---, ---,,,2.35,25,2.36,10,
71168U,昇達科國票48售03,0,0,0,---,---,---, ---,,,2.82,25,2.92,10,
71169U,朋億*國票49售03,0,0,0,---,---,---, ---,,,1.16,25,1.19,10,
71170U,華星光元富48售03,"1,000",1,"4,770",4.77,4.77,4.77,4.77,-,0.06,4.91,25,5.05,25,
71171U,系微國票49售02,0,0,0,---,---,---, ---,,,4.04,25,4.10,10,
71172U,振曜國票49售01,0,0,0,---,---,---, ---,,,0.42,25,0.43,10,
71173U,聰泰群益48售02,0,0,0,---,---,---, ---,,,1.28,7,0.00,0,
71174U,雙鴻凱基4A售02,0,0,0,---,---,---, ---,,,1.44,40,1.54,10,
71175U,萬潤元大48售02,0,0,0,---,---,---, ---,,,1.05,25,1.07,10,
71176U,新復興元富48售01,0,0,0,---,---,---, ---,,,0.70,25,0.73,5,
71177U,華星光永豐4A售02,"75,000",2,"108,150",1.44,1.47,1.44,1.47,+,0.03,1.47,200,1.48,10,
71178U,雙鴻永豐49售02,"2,000",1,"1,580",0.79,0.79,0.79,0.79,+,0.01,0.78,200,0.88,10,
71179U,欣銓國票49售02,0,0,0,---,---,---, ---,,,0.12,25,0.13,10,
71180U,元太元大48售02,"10,000",1,"27,300",2.73,2.73,2.73,2.73,-,0.0,2.68,25,2.70,10,
71181U,弘塑群益48售02,"152,000",19,"59,930",0.36,0.42,0.36,0.42,+,0.01,0.41,6,0.00,0,
71182U,亞泰群益48售02,0,0,0,---,---,---, ---,,,0.00,0,0.00,0,
71183U,新復興元大4B售01,"56,000",4,"82,580",1.46,1.48,1.46,1.48,-,0.0,1.48,499,1.49,200,
71184U,元太凱基48售03,"5,000",1,"17,100",3.42,3.42,3.42,3.42,-,0.05,3.43,100,3.53,10,
71185U,譜瑞元富48售02,0,0,0,---,---,---, ---,,,2.73,25,2.83,10,
71186U,新復興元富48售02,0,0,0,---,---,---, ---,,,1.03,25,1.04,25,
71187U,僑威永豐48售01,0,0,0,---,---,---, ---,,,0.84,499,0.85,62,
71188U,錦明群益48售01,"20,000",5,"54,150",2.69,2.87,2.63,2.87,+,0.01,2.84,25,2.85,10,
71189U,新復興凱基48售02,0,0,0,---,---,---, ---,,,1.58,100,1.68,10,
71190U,欣銓元大48售04,"2,000",1,"1,400",0.70,0.70,0.70,0.70,+,0.03,0.72,499,0.73,200,
71191U,竹陞國票49售01,"55,000",5,"19,150",0.34,0.35,0.34,0.35,+,0.03,0.35,25,0.36,10,
71192U,新復興國票4B售01,"10,000",1,"21,600",2.16,2.16,2.16,2.16,-,0.01,2.15,25,2.17,10,
71193U,擎亞國票49售02,"287,000",11,"330,590",1.13,1.20,1.12,1.13,-,0.03,1.13,25,1.14,10,
71194U,僑威凱基48售03,0,0,0,---,---,---, ---,,,0.62,10,0.63,50,
71195U,系微元富52售01,0,0,0,---,---,---, ---,,,3.51,25,3.61,25,
71196U,正基國票49售02,0,0,0,---,---,---, ---,,,3.21,25,3.23,10,
71197U,系微國票49售03,0,0,0,---,---,---, ---,,,4.73,25,4.83,10,
71198U,雙鴻群益4A售02,"22,000",3,"22,180",0.99,1.01,0.99,1.01,+,0.07,0.94,2,1.14,3,
71199U,元太元大48售03,0,0,0,---,---,---, ---,,,1.68,25,1.69,10,
71200U,廣運永豐49售01,"3,000",1,"4,530",1.51,1.51,1.51,1.51,+,0.14,1.54,62,1.55,12,
71201U,振曜國票49售02,"25,000",2,"22,750",0.91,0.91,0.91,0.91,+,0.02,0.86,25,0.87,10,
71202U,富喬國票48售04,"133,000",18,"158,490",1.22,1.31,1.12,1.31,-,0.06,1.32,25,1.33,10,
71203U,綠界*國票49售01,0,0,0,---,---,---, ---,,,1.18,25,1.19,10,
71204U,IET國票49售01,"28,000",8,"30,030",1.02,1.12,1.02,1.09,+,0.11,1.08,25,1.09,10,
71205U,胡連國票48售01,"6,000",2,"6,270",1.03,1.06,1.03,1.06,+,0.05,1.04,25,1.05,10,
71206U,泰茂國票49售02,0,0,0,---,---,---, ---,,,0.41,25,0.42,10,
71207U,雍智國票49售02,0,0,0,---,---,---, ---,,,1.24,25,1.34,10,
71208U,康全電元大4A售01,"2,000",1,"1,600",0.80,0.80,0.80,0.80,-,0.0,0.76,499,0.80,8,
71209U,綠界*元富48售03,0,0,0,---,---,---, ---,,,0.00,0,0.00,0,
71210U,新復興永豐48售01,0,0,0,---,---,---, ---,,,0.69,50,0.72,10,
71211U,艾訊凱基49售01,0,0,0,---,---,---, ---,,,2.01,20,2.02,10,
71212U,胡連凱基48售03,"25,000",2,"34,600",1.38,1.40,1.38,1.40,+,0.09,1.38,100,1.39,10,
71213U,新漢群益48售02,"50,000",2,"41,500",0.81,0.91,0.81,0.91,+,0.06,0.40,25,0.00,0,
71214U,振曜永豐4B售01,"17,000",2,"18,940",1.11,1.12,1.11,1.12,-,0.02,1.09,499,1.10,62,
71215U,IET國票49售02,"118,000",5,"221,030",1.66,1.90,1.65,1.86,+,0.13,1.85,25,1.86,7,
71216U,IET國票49售03,0,0,0,---,---,---, ---,,,1.55,25,1.59,10,
71217U,前鼎國票49售01,0,0,0,---,---,---, ---,,,1.29,25,1.31,10,
71218U,新漢國票4A售02,"18,000",4,"19,020",1.02,1.07,1.02,1.06,+,0.03,1.05,25,1.06,10,
71219U,群聯國票49售01,0,0,0,---,---,---, ---,,,1.01,25,1.03,10,
71220U,綠界*國票49售05,"7,000",1,"10,430",1.49,1.49,1.49,1.49,-,0.01,1.48,25,1.49,3,
71221U,元太元大48售05,"10,000",1,"22,000",2.20,2.20,2.20,2.20,+,0.01,2.15,25,2.16,10,
71222U,康全電元大48售01,0,0,0,---,---,---, ---,,,0.90,499,1.00,10,
71223U,精測元大48售04,"678,000",7,"474,330",0.70,0.81,0.69,0.81,+,0.02,0.79,499,0.80,200,
71224U,台燿凱基48售02,"5,000",5,"4,200",0.82,0.86,0.81,0.86,+,0.04,0.86,100,0.90,1,
71225U,世界元大48售02,"6,000",2,"5,520",0.92,0.92,0.92,0.92,+,0.07,0.88,3,0.96,10,
71226U,群聯元大48售03,0,0,0,---,---,---, ---,,,1.38,499,1.39,200,
71227U,信驊凱基48售03,"79,000",5,"93,010",1.13,1.19,1.13,1.19,+,0.06,1.15,100,1.25,10,
71228U,群聯凱基48售05,0,0,0,---,---,---, ---,,,1.55,30,1.56,10,
71229U,世界元大48售03,0,0,0,---,---,---, ---,,,0.96,499,1.06,10,
71230U,信驊元大48售06,"25,000",3,"6,500",0.27,0.27,0.25,0.25,+,0.01,0.24,499,0.25,190,
71231U,信驊元大48售07,"8,000",2,"2,340",0.30,0.30,0.29,0.29,+,0.01,0.28,499,0.29,194,
71232U,信驊元大48售08,"297,000",9,"327,670",1.10,1.14,1.07,1.14,+,0.06,1.11,499,1.13,200,
71233U,M31國票49售01,0,0,0,---,---,---, ---,,,3.21,25,3.25,10,
71234U,信驊國票49售02,0,0,0,---,---,---, ---,,,0.97,25,0.98,10,
71235U,M31元富48售03,0,0,0,---,---,---, ---,,,3.31,25,3.39,25,
71236U,M31永豐49售03,0,0,0,---,---,---, ---,,,1.95,499,1.98,10,
71237U,信驊永豐49售02,"1,241,000",20,"1,224,850",0.99,1.04,0.97,1.02,+,0.03,1.00,125,1.02,10,
71238U,新復興永豐4A售01,0,0,0,---,---,---, ---,,,1.47,34,1.49,10,
71239U,旺矽統一4A售03,0,0,0,---,---,---, ---,,,0.85,10,0.86,10,
71240U,艾訊國票49售02,0,0,0,---,---,---, ---,,,2.19,25,2.29,10,
71241U,力旺凱基48售05,"66,000",1,"227,700",3.45,3.45,3.45,3.45,-,0.07,3.34,100,3.44,10,
71242U,亞泰凱基48售03,0,0,0,---,---,---, ---,,,1.78,10,1.79,10,
71243U,譜瑞凱基48售06,0,0,0,---,---,---, ---,,,3.41,100,3.44,10,
71244U,力旺元大48售06,"58,000",9,"91,100",1.55,1.64,1.53,1.64,-,0.0,1.55,6,0.00,0,
71245U,新復興富邦4A售01,"397,000",5,"427,770",1.07,1.08,1.07,1.08,-,0.1,1.06,10,0.00,0,
71246U,旺矽凱基48售04,0,0,0,---,---,---, ---,,,2.38,100,2.39,10,
71247U,萬潤凱基48售04,0,0,0,---,---,---, ---,,,1.54,50,1.64,10,
71248U,欣銓元富48售06,"20,000",4,"27,350",1.36,1.38,1.36,1.37,+,0.07,1.37,25,1.38,25,
71249U,元太中信48售01,"30,000",3,"76,200",2.54,2.54,2.54,2.54,-,0.01,2.51,10,2.53,10,
71250U,昇達科永豐49售03,"75,000",3,"190,750",2.49,2.57,2.49,2.55,+,0.02,2.54,499,2.57,38,
71251U,弘塑國票4A售02,"10,000",1,"12,100",1.21,1.21,1.21,1.21,-,0.0,1.27,25,1.29,10,
71252U,新復興國票4C售01,0,0,0,---,---,---, ---,,,2.55,25,2.56,10,
71253U,良維國票49售03,"17,000",2,"11,880",0.69,0.72,0.69,0.72,-,0.0,0.68,25,0.69,10,
71254U,國債20國票49售04,"201,000",21,"658,460",3.28,3.28,3.16,3.16,-,0.36,3.05,25,3.15,10,
71255U,群聯元富48售02,"12,000",1,"18,840",1.57,1.57,1.57,1.57,-,0.08,1.68,25,1.78,10,
71256U,新復興永豐4A售02,"70,000",1,"52,500",0.75,0.75,0.75,0.75,-,0.0,0.75,499,0.78,10,
71257U,國債20凱基48售01,0,0,0,---,---,---, ---,,,2.21,100,0.00,0,
71258U,昇達科國票52售01,"119,000",7,"320,180",2.62,2.71,2.62,2.71,+,0.07,2.68,25,2.70,10,
71259U,泰茂國票49售04,0,0,0,---,---,---, ---,,,0.94,25,0.95,10,
71260U,雍智國票49售06,0,0,0,---,---,---, ---,,,1.29,25,1.39,10,
71261U,綠界*國票49售07,0,0,0,---,---,---, ---,,,2.08,25,2.10,10,
71262U,環球晶元大48售03,"3,000",2,"5,370",1.79,1.79,1.79,1.79,-,0.11,1.80,400,0.00,0,
71263U,鈊象元富49售04,"260,000",3,"369,200",1.42,1.42,1.42,1.42,-,0.01,1.41,25,1.43,25,
71264U,新復興國票53售01,0,0,0,---,---,---, ---,,,2.06,25,2.16,10,
71265U,環球晶凱基49售03,"200,000",1,"608,000",3.04,3.04,3.04,3.04,-,0.3,3.08,100,3.09,10,
71266U,原相凱基49售02,0,0,0,---,---,---, ---,,,2.85,100,2.86,10,
71267U,世界國票4A售02,"30,000",1,"50,100",1.67,1.67,1.67,1.67,-,0.03,1.68,25,1.69,10,
71268U,神準凱基49售02,"19,000",1,"45,410",2.39,2.39,2.39,2.39,+,0.19,2.42,20,2.43,10,
71269U,欣銓國票4A售01,0,0,0,---,---,---, ---,,,1.07,25,1.08,10,
71270U,波若威永豐4C售02,"26,000",3,"46,660",1.77,1.81,1.77,1.80,+,0.07,1.78,62,1.79,62,
71271U,旺矽元富49售04,"8,000",2,"9,780",1.23,1.23,1.22,1.22,+,0.05,1.23,25,1.24,25,
71272U,原相元富49售02,0,0,0,---,---,---, ---,,,2.36,25,2.39,25,
71273U,順達國票4A售01,0,0,0,---,---,---, ---,,,0.51,25,0.52,10,
71274U,信驊元大49售05,"365,000",20,"221,760",0.58,0.63,0.58,0.61,+,0.03,0.60,514,0.61,200,
71275U,信驊元大49售06,"151,000",16,"113,880",0.74,0.77,0.73,0.75,+,0.02,0.74,499,0.75,190,
71276U,順達元大49售02,0,0,0,---,---,---, ---,,,0.50,25,0.51,10,
71277U,信驊凱基49售03,"10,000",2,"4,600",0.46,0.46,0.46,0.46,-,0.01,0.46,100,0.56,10,
71278U,雙鴻凱基4B售01,"84,000",5,"234,810",2.74,2.81,2.74,2.79,+,0.04,2.75,100,2.85,10,
71279U,欣銓群益49售03,0,0,0,---,---,---, ---,,,0.53,25,0.54,10,
71280U,雙鴻群益4A售03,"70,000",2,"104,000",1.48,1.50,1.48,1.50,+,0.02,0.96,2,0.00,0,
71281U,元太元富49售02,0,0,0,---,---,---, ---,,,2.88,25,2.98,10,
71282U,順達元富49售04,0,0,0,---,---,---, ---,,,0.47,25,0.53,40,
71283U,順達永豐49售01,"150,000",2,"60,750",0.40,0.41,0.40,0.41,-,0.0,0.40,499,0.41,10,
71284U,新復興國泰49售01,0,0,0,---,---,---, ---,,,1.27,499,1.28,100,
71285U,順達凱基49售03,0,0,0,---,---,---, ---,,,0.56,100,0.57,10,
71286U,雙鴻凱基4A售03,0,0,0,---,---,---, ---,,,2.49,100,2.59,10,
71287U,原相群益52售01,0,0,0,---,---,---, ---,,,0.00,0,0.00,0,
71288U,順達群益4A售02,0,0,0,---,---,---, ---,,,0.22,45,0.00,0,
71289U,雙鴻群益49售02,"230,000",3,"431,100",1.87,1.88,1.87,1.87,+,0.09,1.08,9,1.92,90,
71290U,順達元大49售03,0,0,0,---,---,---, ---,,,0.49,25,0.50,10,
71291U,新復興國票4C售03,0,0,0,---,---,---, ---,,,2.10,25,2.20,10,
71292U,群聯國票4A售02,0,0,0,---,---,---, ---,,,2.25,25,2.26,10,
71293U,正淩元富49售03,0,0,0,---,---,---, ---,,,2.09,25,2.19,10,
71294U,新復興永豐4B售01,0,0,0,---,---,---, ---,,,1.34,499,1.36,10,
71295U,環球晶元富49售02,0,0,0,---,---,---, ---,,,2.53,25,2.56,25,
71296U,新復興富邦49售01,0,0,0,---,---,---, ---,,,0.81,10,0.91,10,
71297U,環球晶群益4B售02,"20,000",5,"35,580",1.78,1.80,1.75,1.80,-,0.06,1.78,26,1.79,10,
712987,山富統一47購01,"101,000",2,"3,050",0.05,0.05,0.03,0.03,-,0.02,0.03,10,0.04,10,
71298U,元太凱基49售03,"8,000",3,"41,550",5.10,5.25,5.10,5.25,-,0.0,5.15,100,5.65,10,
71299U,英濟凱基49售02,"497,000",39,"370,460",0.71,0.81,0.68,0.80,+,0.03,0.72,50,0.80,10,
71300U,順達元富49售06,"2,000",2,"1,610",0.71,0.90,0.71,0.90,+,0.19,0.69,25,0.79,10,
71301U,新復興統一53售02,0,0,0,---,---,---, ---,,,0.74,10,0.75,10,
71302U,友輝國票4A售02,"26,000",6,"29,900",1.13,1.18,1.13,1.18,+,0.02,1.17,25,1.19,10,
71303U,環球晶國票49售02,0,0,0,---,---,---, ---,,,3.54,25,3.64,10,
71304U,順達元富49售09,0,0,0,---,---,---, ---,,,0.92,25,1.02,10,
713054,山富統一47購02,0,0,0,---,---,---, ---,,,0.08,10,0.10,10,
713055,公準統一47購01,0,0,0,---,---,---, ---,,,0.00,0,0.00,0,
71305U,群聯元富49售08,0,0,0,---,---,---, ---,,,2.18,25,2.28,10,
713062,驊訊統一47購01,0,0,0,---,---,---, ---,,,0.00,0,0.00,0,
71306U,大綜國票49售03,"33,000",6,"29,190",0.85,0.91,0.85,0.88,+,0.07,0.90,25,0.91,10,
71307U,廣明國票4A售02,"3,000",1,"5,580",1.86,1.86,1.86,1.86,+,0.05,1.85,25,1.87,10,
71308U,波若威凱基49售02,"24,000",5,"19,010",0.76,0.83,0.76,0.83,+,0.01,0.81,100,0.82,10,
71309U,金麗科群益4A售01,"2,000",2,"1,820",0.89,0.93,0.89,0.93,-,0.37,0.85,25,0.86,10,
71310U,元太國票4A售03,0,0,0,---,---,---, ---,,,3.26,25,3.28,10,
71311U,智擎國票4A售02,"2,000",1,"3,400",1.70,1.70,1.70,1.70,-,0.0,1.71,25,1.73,10,
71312U,順達國票4A售04,"12,000",4,"10,920",0.91,0.91,0.91,0.91,-,0.02,0.92,25,0.93,10,
71313U,群聯國票4A售04,0,0,0,---,---,---, ---,,,4.42,25,4.45,10,
71314U,元太群益4B售02,0,0,0,---,---,---, ---,,,0.00,0,0.00,0,
71315U,威剛國票4A售03,0,0,0,---,---,---, ---,,,1.47,25,1.57,10,
71316U,順達元富49售12,0,0,0,---,---,---, ---,,,1.69,20,1.78,10,
71317U,力旺凱基49售03,"48,000",3,"65,560",1.38,1.38,1.36,1.36,-,0.05,1.32,100,1.42,10,
71318U,力旺國票49售03,"10,000",1,"21,900",2.19,2.19,2.19,2.19,-,0.08,2.27,25,2.31,10,
71319U,力旺國票49售04,0,0,0,---,---,---, ---,,,1.62,25,1.66,10,
71320U,力旺國票4A售02,"4,000",1,"5,280",1.32,1.32,1.32,1.32,-,0.04,1.32,25,1.36,10,
71321U,力旺國票4B售03,"181,000",6,"325,970",1.77,1.82,1.77,1.82,-,0.02,1.79,25,1.82,10,
71322U,系微國票4A售01,"2,000",1,"10,000",5.00,5.00,5.00,5.00,+,0.16,5.00,25,5.10,10,
71323U,鏵友益國票51售02,0,0,0,---,---,---, ---,,,3.22,25,3.23,10,
71324U,群聯群益49售06,0,0,0,---,---,---, ---,,,0.01,499,0.00,0,
71325U,鏵友益群益4A售01,0,0,0,---,---,---, ---,,,0.00,0,0.00,0,
71326U,力旺元富4A售05,"20,000",1,"21,000",1.05,1.05,1.05,1.05,-,0.01,1.01,25,1.04,25,
71327U,力旺元富4A售06,"356,000",11,"583,450",1.60,1.65,1.59,1.65,-,0.01,1.60,30,1.70,10,
71328U,力旺中信49售02,"48,000",6,"42,580",0.87,0.91,0.86,0.90,-,0.02,0.88,30,0.91,30,
71329U,群聯國票4A售05,0,0,0,---,---,---, ---,,,2.49,25,2.52,10,
71330U,晶呈凱基49售01,"42,000",2,"77,600",1.84,1.86,1.84,1.86,+,0.07,1.88,10,1.98,10,
71331U,鈊象元大49售26,0,0,0,---,---,---, ---,,,0.64,499,0.65,200,
713320,信紘科統一47購01,0,0,0,---,---,---, ---,,,0.78,10,0.79,10,
713321,信紘科統一47購02,0,0,0,---,---,---, ---,,,1.03,10,1.06,10,
71332U,鈊象元大49售27,"10,000",1,"8,500",0.85,0.85,0.85,0.85,-,0.01,0.84,499,0.85,200,
71333U,千附精國票4A售01,0,0,0,---,---,---, ---,,,0.99,25,1.00,10,
71334U,大宇資國票4A售03,0,0,0,---,---,---, ---,,,1.26,25,1.29,10,
71335U,艾訊國票4A售03,"3,000",1,"7,680",2.56,2.56,2.56,2.56,+,0.15,2.56,25,2.58,10,
71336U,茂綸國票4A售03,0,0,0,---,---,---, ---,,,2.47,25,2.52,10,
71337U,富喬元富49售02,"7,000",1,"12,950",1.85,1.85,1.85,1.85,-,0.06,1.84,25,1.85,25,
71338U,群聯凱基49售06,0,0,0,---,---,---, ---,,,2.73,100,2.75,10,
71339U,新復興群益4B售01,0,0,0,---,---,---, ---,,,0.94,25,1.18,10,
71340U,茂綸元大49售04,0,0,0,---,---,---, ---,,,0.86,499,0.96,10,
71341U,群聯元大49售15,0,0,0,---,---,---, ---,,,1.58,499,1.68,10,
71342U,鈊象國票4A售03,0,0,0,---,---,---, ---,,,1.34,25,1.35,10,
71343U,旺矽凱基49售04,"66,000",6,"115,040",1.74,1.77,1.73,1.77,+,0.12,1.75,100,1.76,10,
71344U,雙鴻元富49售02,0,0,0,---,---,---, ---,,,1.69,25,1.79,10,
71345U,鈊象凱基49售08,0,0,0,---,---,---, ---,,,1.08,60,1.09,10,
71346U,旺矽元大49售05,"135,000",12,"133,770",1.00,1.01,0.98,1.01,+,0.04,1.00,499,1.01,199,
71347U,宏捷科凱基49售02,0,0,0,---,---,---, ---,,,1.62,10,1.63,10,
71348U,加百裕元富49售03,"10,000",1,"11,400",1.14,1.14,1.14,1.14,+,0.01,1.09,25,1.10,25,
71349U,波若威群益4C售01,"24,000",8,"19,470",0.80,0.83,0.79,0.83,+,0.03,0.82,106,0.83,100,
71350U,台燿元大49售05,0,0,0,---,---,---, ---,,,0.72,499,0.73,200,
71351U,精材元大49售01,"23,000",3,"27,860",1.20,1.27,1.19,1.27,+,0.08,1.26,5,0.00,0,
71352U,台燿國票4A售04,0,0,0,---,---,---, ---,,,1.85,25,1.86,10,
71353U,波若威國票4A售03,"13,000",2,"16,900",1.30,1.30,1.30,1.30,+,0.09,1.29,25,1.30,10,
71354U,茂訊國票4A售04,0,0,0,---,---,---, ---,,,2.09,25,2.11,10,
71355U,神準國票4A售01,0,0,0,---,---,---, ---,,,1.40,25,1.43,10,
71356U,僑威國票4A售01,0,0,0,---,---,---, ---,,,1.40,25,1.41,10,
71357U,台燿群益53售01,"65,000",2,"108,000",1.66,1.68,1.66,1.68,+,0.06,1.68,25,1.70,10,
71358U,元太凱基4A售04,0,0,0,---,---,---, ---,,,4.25,100,4.35,10,
71359U,精剛國票4A售02,0,0,0,---,---,---, ---,,,2.17,25,2.18,10,
71360U,旺矽元大49售07,0,0,0,---,---,---, ---,,,1.78,450,1.79,200,
71361U,鈊象元大49售34,"25,000",4,"25,860",1.02,1.05,1.02,1.05,-,0.02,1.04,509,1.05,200,
71362U,M31凱基49售03,0,0,0,---,---,---, ---,,,2.96,30,2.99,10,
71363U,順達凱基49售06,"6,000",1,"6,420",1.07,1.07,1.07,1.07,-,0.0,1.05,100,1.06,10,
71364U,M31國票4A售01,0,0,0,---,---,---, ---,,,4.12,25,4.18,10,
71365U,千附國票4A售04,"6,000",3,"10,860",1.81,1.81,1.81,1.81,-,0.02,1.80,25,1.81,10,
71366U,千附國票4A售05,0,0,0,---,---,---, ---,,,2.26,25,2.29,10,
71367U,穩懋國票4A售05,0,0,0,---,---,---, ---,,,2.93,25,2.96,10,
71368U,M31元富49售03,"3,000",1,"6,630",2.21,2.21,2.21,2.21,+,0.1,2.19,25,2.22,25,
71369U,順達國票4A售06,"200,000",2,"284,000",1.42,1.42,1.42,1.42,-,0.0,1.41,25,1.42,10,
71370U,群聯國票4A售07,"25,000",3,"110,480",4.24,4.43,4.24,4.41,-,0.04,4.57,25,4.58,10,
71371U,M31群益49售05,0,0,0,---,---,---, ---,,,1.27,1,0.00,0,
713722,雙鴻元富47購01,"1,000",1,"3,110",3.11,3.11,3.11,3.11,-,0.06,1.49,20,0.00,0,
71372U,順達群益49售04,0,0,0,---,---,---, ---,,,0.53,10,0.00,0,
71373U,精剛凱基4A售03,"1,000",1,"2,310",2.31,2.31,2.31,2.31,-,0.0,2.36,10,2.37,10,
71374U,穩懋凱基49售01,"9,000",4,"33,580",3.69,3.96,3.69,3.96,+,0.3,3.95,100,3.96,9,
71375U,湧德國票4C售02,0,0,0,---,---,---, ---,,,1.25,25,1.26,10,
71376U,M31凱基49售04,0,0,0,---,---,---, ---,,,4.28,10,4.33,10,
71377U,新復興群益52售01,0,0,0,---,---,---, ---,,,1.22,25,1.23,10,
71378U,家登群益4A售02,"297,000",10,"552,830",1.80,1.94,1.80,1.94,+,0.19,1.91,25,1.94,10,
71379U,弘塑國票4B售03,"200,000",12,"133,600",0.59,0.70,0.59,0.70,+,0.04,0.70,25,0.71,10,
71380U,神盾國票4B售01,"14,000",3,"29,920",2.14,2.14,2.13,2.13,+,0.22,2.12,25,2.13,7,
71381U,萬潤國票4B售01,"22,000",3,"26,850",1.19,1.25,1.19,1.25,+,0.02,1.24,25,1.25,10,
71382U,雙鴻永豐4B售03,0,0,0,---,---,---, ---,,,1.84,499,1.94,10,
71383U,神準國票4B售01,0,0,0,---,---,---, ---,,,1.26,25,1.28,10,
71384U,廣運國票4B售02,"312,000",1,"542,880",1.74,1.74,1.74,1.74,+,0.08,1.89,25,1.90,10,
71385U,弘塑凱基4B售03,"110,000",12,"70,550",0.64,0.69,0.58,0.69,+,0.04,0.69,10,0.75,2,
71386U,金麗科凱基4C售02,"289,000",18,"454,170",1.54,1.63,1.52,1.54,-,0.08,1.54,20,1.64,10,
71387U,宏捷科群益4B售01,0,0,0,---,---,---, ---,,,0.01,10,0.00,0,
71388U,順達群益4A售05,"227,000",3,"166,980",0.73,0.74,0.73,0.74,-,0.0,0.42,23,0.00,0,
71389U,新復興群益52售02,"23,000",1,"19,090",0.83,0.83,0.83,0.83,-,0.01,0.84,25,0.85,10,
71390U,M31國票4B售02,0,0,0,---,---,---, ---,,,1.96,25,1.98,10,
71391U,世界國票4B售01,"19,000",4,"56,930",3.05,3.05,2.97,3.04,+,0.03,3.02,25,3.03,10,
71392U,萬潤凱基4B售01,"47,000",6,"67,140",1.36,1.51,1.36,1.50,+,0.05,1.49,30,1.52,56,
71393U,世界凱基4A售01,"552,000",18,"829,090",1.44,1.52,1.44,1.51,-,0.01,1.52,100,1.53,10,
71394U,群聯凱基4A售04,0,0,0,---,---,---, ---,,,3.06,30,3.07,10,
71395U,新復興國票54售01,0,0,0,---,---,---, ---,,,1.28,25,1.29,10,
71396U,鑫聯國票4B售02,"343,000",13,"375,580",0.92,1.13,0.92,1.13,-,0.13,1.12,25,1.13,9,
71397U,鑫聯國票51售01,"2,000",2,"2,470",1.21,1.26,1.21,1.26,-,0.09,1.30,28,1.31,10,
71398U,金益鼎國票4B售02,"4,000",2,"6,760",1.69,1.69,1.69,1.69,-,0.01,1.77,25,1.78,10,
71399U,高鋒元大4A售01,"146,000",4,"52,880",0.36,0.38,0.36,0.37,-,0.0,0.38,3,0.00,0,
71400U,信驊元富4A售08,"243,000",4,"72,670",0.30,0.30,0.29,0.29,-,0.01,0.29,25,0.30,25,
71401U,晟田國票4C售01,"129,000",9,"100,680",0.77,0.79,0.77,0.79,+,0.04,0.79,25,0.80,10,
71402U,雙鴻國票4B售01,0,0,0,---,---,---, ---,,,0.57,25,0.58,10,
71403U,旺矽國票4B售01,0,0,0,---,---,---, ---,,,0.88,25,0.89,10,
71404U,華星光國票4B售01,0,0,0,---,---,---, ---,,,1.13,25,1.14,10,
71405U,新盛力國票4C售02,"96,000",7,"80,420",0.83,0.84,0.82,0.84,+,0.02,0.83,25,0.84,10,
71406U,元太國票4B售01,0,0,0,---,---,---, ---,,,1.18,25,1.19,10,
71407U,波若威國票4B售01,"140,000",3,"159,600",1.14,1.14,1.14,1.14,+,0.02,1.16,25,1.17,10,
71408U,信驊國票4B售01,"20,000",2,"10,600",0.52,0.54,0.52,0.54,+,0.01,0.53,25,0.54,10,
71409U,千附精國票4B售02,0,0,0,---,---,---, ---,,,1.17,25,1.18,10,
71410U,良維國票4B售02,"175,000",11,"96,450",0.56,0.57,0.54,0.55,-,0.03,0.54,25,0.55,10,
71411U,神準國票4B售04,"7,000",2,"11,260",1.58,1.62,1.58,1.62,+,0.1,1.60,25,1.62,10,
71412U,群聯國票4B售03,0,0,0,---,---,---, ---,,,0.92,25,0.94,10,
71413U,雙鴻國票4B售03,"150,000",2,"263,500",1.76,1.76,1.75,1.75,+,0.04,1.74,25,1.75,10,
71414U,威剛國票4B售02,0,0,0,---,---,---, ---,,,0.54,25,0.64,10,
71415U,華星光國票4B售02,"1,000",1,"1,390",1.39,1.39,1.39,1.39,+,0.02,1.38,25,1.39,10,
71416U,力旺凱基4B售01,0,0,0,---,---,---, ---,,,1.89,100,1.99,10,
71417U,華星光凱基4A售03,"369,000",10,"222,210",0.59,0.63,0.59,0.62,+,0.01,0.62,100,0.63,50,
71418U,新復興永豐51售01,0,0,0,---,---,---, ---,,,1.99,499,2.00,10,
71419U,中光電元富4A售01,0,0,0,---,---,---, ---,,,0.82,25,0.83,25,
71420U,鈊象元富4A售03,"8,000",2,"9,200",1.15,1.15,1.15,1.15,-,0.0,1.14,25,1.15,25,
71421U,台燿國票4B售01,0,0,0,---,---,---, ---,,,0.62,25,0.63,10,
71422U,欣銓國票4B售02,"15,000",2,"9,600",0.64,0.64,0.64,0.64,+,0.03,0.63,25,0.64,10,
71423U,台燿群益52售01,0,0,0,---,---,---, ---,,,0.00,0,0.00,0,
71424U,欣銓群益4B售01,"13,000",2,"19,110",1.47,1.47,1.47,1.47,+,0.04,1.47,100,1.48,100,
71425U,旺矽國票4B售02,0,0,0,---,---,---, ---,,,0.61,25,0.62,10,
71426U,精材國票4B售01,"4,000",1,"3,680",0.92,0.92,0.92,0.92,+,0.02,0.96,25,0.98,10,
71427U,雙鴻國票4B售05,0,0,0,---,---,---, ---,,,0.92,25,0.93,10,
71428U,信驊元富4A售10,0,0,0,---,---,---, ---,,,0.62,25,0.64,25,
71429U,旺矽凱基4B售03,"108,000",3,"87,980",0.83,0.84,0.81,0.84,-,0.0,0.84,100,0.85,30,
714304,南俊統一48購01,0,0,0,---,---,---, ---,,,0.06,10,0.10,10,
71430U,元太國票4B售02,"12,000",6,"18,710",1.54,1.57,1.54,1.57,-,0.01,1.57,25,1.58,10,
71431U,信驊國票4B售03,0,0,0,---,---,---, ---,,,0.74,25,0.75,10,
71432U,鈊象國票4B售04,0,0,0,---,---,---, ---,,,0.56,25,0.57,10,
71433U,譜瑞國票4B售02,0,0,0,---,---,---, ---,,,0.54,25,0.55,10,
71434U,金益鼎國票4B售04,"1,000",1,"1,500",1.50,1.50,1.50,1.50,+,0.03,1.51,25,1.52,10,
71435U,新盛力國票4A售03,"165,000",16,"188,420",1.13,1.15,1.13,1.14,-,0.01,1.14,25,1.15,10,
71436U,鑫聯國票4B售04,"11,000",3,"18,860",1.63,1.82,1.61,1.82,-,0.17,1.87,25,1.88,10,
71437U,旺矽凱基4B售04,0,0,0,---,---,---, ---,,,0.96,100,0.97,30,
714389,華星光統一46購01,0,0,0,---,---,---, ---,,,0.32,10,0.41,10,
71438U,信驊凱基4A售06,"17,000",3,"15,810",0.93,0.93,0.93,0.93,+,0.01,0.94,100,1.04,10,
714390,華星光統一46購02,0,0,0,---,---,---, ---,,,0.13,10,0.16,10,
714391,華星光統一48購01,"35,000",3,"6,650",0.19,0.19,0.19,0.19,-,0.02,0.19,10,0.20,10,
71439U,鈊象凱基4A售07,0,0,0,---,---,---, ---,,,1.39,100,1.40,10,
71440U,新盛力凱基4C售01,"43,000",5,"70,700",1.64,1.65,1.64,1.65,+,0.07,1.65,50,1.68,10,
71441U,旺矽元富4A售07,"1,000",1,930,0.93,0.93,0.93,0.93,+,0.04,0.94,25,0.95,25,
71442U,旺矽永豐4A售02,0,0,0,---,---,---, ---,,,0.61,499,0.62,10,
71443U,旺矽國票4B售03,"16,000",2,"28,600",1.75,1.79,1.75,1.79,+,0.03,1.79,25,1.80,10,
71444U,威剛國票4B售03,0,0,0,---,---,---, ---,,,0.80,25,0.90,10,
71445U,聖暉*國票4B售01,"1,000",1,"1,850",1.85,1.85,1.85,1.85,+,0.01,1.84,25,1.85,10,
71446U,富喬元大4A售05,"474,000",15,"447,860",0.95,1.01,0.86,1.01,-,0.03,1.00,25,1.01,10,
71447U,鈊象元大4A售18,0,0,0,---,---,---, ---,,,1.15,499,1.17,200,
71448U,群聯元富4A售11,"3,000",1,"2,640",0.88,0.88,0.88,0.88,+,0.03,0.86,25,0.96,10,
71449U,旺矽元大4A售09,0,0,0,---,---,---, ---,,,0.72,499,0.73,200,
71450U,威剛國票4C售01,0,0,0,---,---,---, ---,,,1.08,25,1.18,10,
714513,華星光統一46購03,0,0,0,---,---,---, ---,,,0.15,10,0.20,30,
714514,華星光統一48購02,"30,000",2,"6,150",0.21,0.21,0.20,0.20,-,0.01,0.19,10,0.20,10,
714515,華星光統一48購03,"1,000",1,320,0.32,0.32,0.32,0.32,+,0.01,0.23,10,0.24,10,
714516,華星光統一49購01,"12,000",1,"3,480",0.29,0.29,0.29,0.29,-,0.0,0.27,10,0.28,10,
71451U,精測國票4C售01,0,0,0,---,---,---, ---,,,1.08,25,1.09,10,
71452U,力旺國票4B售04,0,0,0,---,---,---, ---,,,1.95,25,1.97,10,
71453U,天品國票4B售02,"1,000",1,890,0.89,0.89,0.89,0.89,+,0.01,0.97,25,0.98,10,
71454U,昇達科群益51售02,"11,000",2,"19,060",1.73,1.76,1.73,1.76,+,0.03,1.75,100,1.76,100,
71455U,華星光群益51售01,"48,000",2,"36,800",0.75,0.77,0.75,0.77,-,0.0,0.77,100,0.78,100,
71456U,力旺元大4B售02,"27,000",2,"48,190",1.77,1.81,1.77,1.81,-,0.03,1.17,8,0.00,0,
71457U,華星光元大4B售05,"13,000",2,"10,170",0.78,0.79,0.78,0.79,+,0.02,0.78,499,0.79,200,
71458U,力旺中信4B售03,0,0,0,---,---,---, ---,,,1.01,499,1.03,30,
71459U,華星光永豐52售01,"44,000",4,"50,000",1.13,1.14,1.13,1.13,-,0.01,1.14,499,1.15,20,
71460U,力旺凱基51售01,"98,000",4,"133,460",1.37,1.37,1.36,1.36,-,0.06,1.33,76,1.43,10,
714614,海韻電統一48購01,0,0,0,---,---,---, ---,,,0.07,10,0.08,10,
71461U,廣運凱基4C售01,"3,000",2,"2,990",0.95,1.02,0.95,1.02,+,0.07,1.03,30,1.04,30,
714621,廣運統一48購01,"189,000",3,"7,650",0.05,0.05,0.04,0.04,-,0.02,0.04,10,0.05,47,
71462U,昇達科凱基51售02,0,0,0,---,---,---, ---,,,1.96,20,1.97,30,
71463U,鈊象凱基4B售05,0,0,0,---,---,---, ---,,,1.33,20,1.34,10,
714643,公準統一48購01,0,0,0,---,---,---, ---,,,0.00,0,0.00,0,
714644,正基統一48購01,0,0,0,---,---,---, ---,,,0.00,0,0.00,0,
714647,金居統一46購01,0,0,0,---,---,---, ---,,,0.01,10,0.11,10,
714649,華星光統一48購04,0,0,0,---,---,---, ---,,,0.11,10,0.12,10,
71464U,精測凱基4B售01,"66,000",4,"68,850",1.04,1.05,1.04,1.05,+,0.03,1.04,30,1.05,30,
714650,華星光統一4A購01,"85,000",4,"27,250",0.33,0.33,0.31,0.31,-,0.02,0.31,10,0.32,10,
71465U,原相元富4B售04,"110,000",3,"135,870",1.23,1.26,1.23,1.26,+,0.06,1.25,25,1.26,25,
71466U,華星光元富4B售01,"645,000",19,"890,780",1.33,1.40,1.31,1.38,+,0.05,1.39,25,1.40,25,
71467U,宏捷科國票4C售01,0,0,0,---,---,---, ---,,,1.54,25,1.56,10,
71468U,順達國票4C售01,0,0,0,---,---,---, ---,,,0.67,25,0.68,10,
71469U,鈊象國票4C售01,"260,000",4,"363,260",1.39,1.42,1.39,1.42,-,0.01,1.41,25,1.42,10,
71470U,僑威國票4C售01,"10,000",1,"5,600",0.56,0.56,0.56,0.56,-,0.75,0.60,25,0.61,10,
71471U,廣運國票4C售01,"15,000",1,"15,900",1.06,1.06,1.06,1.06,+,0.09,1.14,25,1.15,10,
71472U,德微國票4C售01,0,0,0,---,---,---, ---,,,1.15,25,1.17,10,
71473U,叡揚國票4B售02,"20,000",1,"35,000",1.75,1.75,1.75,1.75,+,0.03,1.73,25,1.74,10,
71474U,穩懋國票4C售01,0,0,0,---,---,---, ---,,,1.93,25,1.94,10,
714751,均豪統一48購01,"40,000",6,"35,400",0.88,0.89,0.88,0.89,-,0.0,0.87,10,0.88,10,
714757,智通統一46購01,0,0,0,---,---,---, ---,,,0.84,100,0.85,30,
714758,湧德統一48購01,"4,000",2,"1,760",0.45,0.45,0.43,0.43,-,0.03,0.42,10,0.43,10,
71475U,信驊國票4C售02,0,0,0,---,---,---, ---,,,1.20,25,1.21,10,
714760,撼訊統一48購01,0,0,0,---,---,---, ---,,,0.04,10,0.10,10,
71476U,高鋒國票4C售01,"34,000",2,"40,800",1.20,1.20,1.20,1.20,+,0.03,1.19,25,1.20,10,
71477U,雙鴻國票4C售02,0,0,0,---,---,---, ---,,,1.66,25,1.68,10,
71478U,宏捷科群益4C售01,0,0,0,---,---,---, ---,,,0.00,0,0.00,0,
71479U,高鋒群益51售02,0,0,0,---,---,---, ---,,,0.77,12,0.00,0,
71480U,華星光群益51售02,0,0,0,---,---,---, ---,,,0.79,100,0.80,100,
714818,弘塑統一48購01,"35,000",6,"21,760",0.68,0.68,0.58,0.58,-,0.06,0.55,10,0.58,7,
71481U,信驊元大4B售02,"15,000",3,"13,500",0.90,0.90,0.90,0.90,+,0.01,0.90,506,0.91,200,
71482U,昇達科元大4B售04,"1,000",1,"1,850",1.85,1.85,1.85,1.85,+,0.07,1.83,400,1.84,200,
714830,前鼎統一48購01,0,0,0,---,---,---, ---,,,0.03,10,0.04,10,
714831,前鼎統一48購02,0,0,0,---,---,---, ---,,,0.02,10,0.03,10,
714832,前鼎統一48購03,0,0,0,---,---,---, ---,,,0.03,10,0.10,10,
714839,福華統一48購01,0,0,0,---,---,---, ---,,,0.00,0,0.01,111,
71483U,信驊元大4B售03,"87,000",4,"75,350",0.85,0.87,0.85,0.87,+,0.02,0.85,499,0.86,200,
714841,撼訊統一48購02,0,0,0,---,---,---, ---,,,0.04,10,0.05,10,
714843,優群統一48購01,0,0,0,---,---,---, ---,,,0.04,10,0.12,10,
71484U,M31國票4C售01,"3,000",2,"9,260",3.05,3.16,3.05,3.16,+,0.12,3.12,25,3.16,10,
71485U,旺矽國票4C售01,0,0,0,---,---,---, ---,,,1.66,25,1.67,10,
71486U,凡甲國票4C售01,"15,000",1,"17,550",1.17,1.17,1.17,1.17,+,0.03,1.16,25,1.17,10,
71487U,山富國票4C售01,"283,000",12,"207,180",0.71,0.76,0.71,0.75,+,0.05,0.75,25,0.76,10,
71488U,世界國票4C售01,0,0,0,---,---,---, ---,,,2.97,25,2.98,10,
71489U,新普國票4C售01,0,0,0,---,---,---, ---,,,1.60,25,1.61,10,
71490U,新復興群益51售01,0,0,0,---,---,---, ---,,,0.00,0,0.00,0,
71491U,元債20元富4B售01,"70,000",3,"76,700",1.15,1.15,1.09,1.09,-,0.15,1.05,25,1.06,25,
71492U,信驊永豐4C售02,0,0,0,---,---,---, ---,,,1.25,150,1.27,10,
71493U,信驊凱基4B售02,"70,000",6,"94,140",1.32,1.36,1.32,1.35,+,0.05,1.32,100,1.42,10,
71494U,新復興國泰4B售01,0,0,0,---,---,---, ---,,,1.16,499,1.17,100,
714952,台星科統一46購01,0,0,0,---,---,---, ---,,,0.00,0,0.00,0,
71495U,富喬凱基4B售03,"403,000",20,"307,510",0.75,0.80,0.68,0.79,-,0.06,0.80,60,0.81,30,
714965,鈺太統一46購01,0,0,0,---,---,---, ---,,,0.00,0,0.03,50,
714967,耀勝統一48購01,0,0,0,---,---,---, ---,,,0.00,0,0.00,0,
71496U,信驊元大4B售05,"15,000",3,"11,100",0.74,0.74,0.74,0.74,+,0.01,0.75,499,0.76,200,
71497U,五福國票4C售01,"8,000",4,"5,970",0.74,0.75,0.73,0.73,-,0.0,0.74,25,0.75,10,
71498U,正淩國票4C售01,0,0,0,---,---,---, ---,,,0.91,25,0.92,10,
71499U,永信建國票4C售01,0,0,0,---,---,---, ---,,,1.22,25,1.24,10,
71500U,宜鼎國票4C售01,0,0,0,---,---,---, ---,,,1.13,25,1.14,10,
71501U,昇佳電國票4C售01,0,0,0,---,---,---, ---,,,0.98,25,0.99,10,
71502U,前鼎國票4C售01,0,0,0,---,---,---, ---,,,0.92,25,0.93,10,
71503U,茂達國票4C售01,0,0,0,---,---,---, ---,,,1.02,25,1.03,10,
71504U,神準國票4C售01,0,0,0,---,---,---, ---,,,2.21,25,2.22,10,
715053,力旺群益46購01,0,0,0,---,---,---, ---,,,0.04,25,0.05,20,
71505U,康全電國票4C售02,"31,000",2,"27,880",0.88,0.90,0.88,0.90,+,0.04,0.90,25,0.91,10,
715069,力致統一49購01,0,0,0,---,---,---, ---,,,0.00,0,0.00,0,
71506U,晶呈國票4C售01,0,0,0,---,---,---, ---,,,0.87,25,0.88,10,
715075,昇佳電統一49購01,0,0,0,---,---,---, ---,,,0.00,0,0.00,0,
715076,波若威統一49購01,0,0,0,---,---,---, ---,,,0.38,2,0.43,10,
715078,前鼎統一49購01,0,0,0,---,---,---, ---,,,0.02,10,0.10,10,
715079,家登統一49購01,"550,000",7,"29,000",0.05,0.06,0.05,0.05,-,0.01,0.05,189,0.06,122,
71507U,華景電國票4C售01,0,0,0,---,---,---, ---,,,0.57,25,0.58,10,
71508U,閎康國票4C售01,"6,000",1,"6,660",1.11,1.11,1.11,1.11,+,0.02,1.09,25,1.11,10,
71509U,新復興國票52售01,0,0,0,---,---,---, ---,,,1.20,25,1.21,10,
71510U,精測國票4C售02,0,0,0,---,---,---, ---,,,1.00,25,1.01,10,
71511U,元太凱基4B售01,0,0,0,---,---,---, ---,,,2.04,100,2.14,10,
71512U,世界凱基4C售01,"30,000",3,"45,140",1.47,1.51,1.47,1.49,+,0.04,1.51,100,1.52,30,
715134,旺矽統一49購01,0,0,0,---,---,---, ---,,,2.09,10,2.10,10,
715137,建榮統一49購01,0,0,0,---,---,---, ---,,,0.02,10,0.10,10,
715139,原相統一46購01,0,0,0,---,---,---, ---,,,0.01,10,0.10,10,
71513U,信驊凱基4B售03,"36,000",2,"42,120",1.17,1.17,1.17,1.17,+,0.04,1.17,50,1.27,10,
715142,湧德統一49購01,"200,000",2,"44,000",0.22,0.22,0.22,0.22,-,0.03,0.22,10,0.23,10,
71514U,雙鴻凱基4B售05,"50,000",1,"79,500",1.59,1.59,1.59,1.59,-,0.0,1.58,100,1.68,10,
71515U,山富國票4C售02,"175,000",6,"153,510",0.89,0.93,0.87,0.93,+,0.08,0.92,25,0.93,10,
71516U,五福國票4C售02,"1,000",1,"1,190",1.19,1.19,1.19,1.19,+,0.03,1.18,25,1.19,10,
71517U,元債20國票4B售03,"11,000",2,"13,510",1.25,1.25,1.21,1.21,-,0.39,1.15,25,1.16,10,
71518U,宇峻國票4C售03,"71,000",8,"89,360",1.26,1.28,1.25,1.27,-,0.0,1.26,25,1.28,8,
71519U,良維國票4C售02,"43,000",4,"36,810",0.87,0.87,0.84,0.84,-,0.06,0.84,25,0.85,10,
71520U,威剛國票4C售03,0,0,0,---,---,---, ---,,,1.55,25,1.65,10,
715215,長聖統一49購01,0,0,0,---,---,---, ---,,,0.12,10,0.13,10,
71521U,晟田國票4B售02,"16,000",5,"22,850",1.40,1.47,1.40,1.47,+,0.13,1.47,25,1.48,10,
715220,創惟統一49購01,"230,000",6,"83,820",0.35,0.37,0.35,0.36,-,0.05,0.35,10,0.36,10,
715229,撼訊統一49購01,0,0,0,---,---,---, ---,,,0.05,10,0.10,30,
71522U,國債20國票4B售02,"66,000",10,"98,020",1.53,1.53,1.44,1.44,-,0.2,1.43,33,1.53,10,
715232,驊訊統一49購01,0,0,0,---,---,---, ---,,,0.02,10,0.03,10,
71523U,世界群益4B售01,"30,000",1,"54,000",1.80,1.80,1.80,1.80,-,0.07,1.87,100,1.88,100,
71524U,信驊元大4B售06,"282,000",3,"278,820",0.98,1.01,0.98,1.01,+,0.01,1.02,499,1.04,200,
71525U,晟田元大4B售02,"2,000",2,"3,210",1.60,1.61,1.60,1.61,+,0.1,1.62,499,1.63,200,
71526U,千附凱基4B售01,0,0,0,---,---,---, ---,,,0.94,10,0.95,50,
71527U,台燿凱基4C售01,0,0,0,---,---,---, ---,,,1.91,60,1.92,10,
71528U,五福群益51售01,"34,000",3,"37,880",1.10,1.12,1.10,1.12,+,0.05,1.12,25,1.13,10,
71529U,信驊元大4B售07,"91,000",2,"79,180",0.86,0.88,0.86,0.88,+,0.01,0.88,499,0.90,200,
71530U,威剛元大4B售01,0,0,0,---,---,---, ---,,,0.86,499,0.87,200,
71531U,力致國票4C售01,"30,000",2,"30,800",1.02,1.03,1.02,1.03,+,0.05,1.03,25,1.05,10,
71532U,大江國票4C售01,0,0,0,---,---,---, ---,,,1.22,25,1.23,10,
71533U,大樹國票4C售01,0,0,0,---,---,---, ---,,,1.38,25,1.39,10,
71534U,中美晶國票4C售01,"7,000",2,"8,110",1.17,1.17,1.15,1.15,-,0.05,1.14,25,1.17,10,
715350,旺矽統一49購02,0,0,0,---,---,---, ---,,,2.14,10,2.15,10,
715354,創惟統一4B購01,"55,000",2,"36,850",0.67,0.67,0.67,0.67,-,0.04,0.67,10,0.68,10,
715358,精剛統一46購01,0,0,0,---,---,---, ---,,,0.00,0,0.00,0,
71535U,旺矽國票4C售02,0,0,0,---,---,---, ---,,,1.97,25,1.98,10,
715366,擎邦統一47購01,0,0,0,---,---,---, ---,,,0.04,10,0.10,10,
715367,擎邦統一47購02,0,0,0,---,---,---, ---,,,0.01,10,0.10,10,
71536U,璟德國票4C售01,"5,000",1,"4,650",0.93,0.93,0.93,0.93,-,0.0,0.93,25,0.94,10,
71537U,台特化群益51售03,0,0,0,---,---,---, ---,,,0.60,25,0.61,10,
71538U,台特化國票4C售01,0,0,0,---,---,---, ---,,,3.37,25,3.38,10,
71539U,系微國票4C售03,0,0,0,---,---,---, ---,,,3.08,25,3.10,10,
715406,漢科統一49購01,0,0,0,---,---,---, ---,,,0.15,10,0.16,10,
71540U,振曜國票4C售02,0,0,0,---,---,---, ---,,,1.37,25,1.38,10,
71541U,千附精凱基4C售01,0,0,0,---,---,---, ---,,,0.83,30,0.84,10,
71542U,元債20凱基4B售02,"376,000",6,"356,110",0.99,0.99,0.91,0.91,-,0.17,0.90,100,0.91,50,
71543U,凡甲凱基4C售01,0,0,0,---,---,---, ---,,,1.23,100,1.24,30,
715448,華星光群益46購01,0,0,0,---,---,---, ---,,,0.00,0,0.05,5,
71544U,旺矽凱基4C售02,0,0,0,---,---,---, ---,,,1.69,100,1.70,10,
71545U,元太中信4B售02,"148,000",13,"176,260",1.17,1.21,1.17,1.20,+,0.02,1.17,10,1.18,10,
71546U,M31國票51售01,0,0,0,---,---,---, ---,,,2.64,25,2.67,10,
71547U,世禾國票4C售01,"15,000",1,"19,200",1.28,1.28,1.28,1.28,+,0.02,1.30,25,1.32,10,
71548U,信驊國票4C售04,"36,000",1,"57,600",1.60,1.60,1.60,1.60,-,0.03,1.66,25,1.67,10,
71549U,寬宏國票4C售01,"85,000",12,"87,650",1.08,1.08,0.97,0.99,-,0.1,0.98,25,0.99,10,
71550U,雙鴻國票4C售03,0,0,0,---,---,---, ---,,,2.47,25,2.49,10,
71551U,元太元大4B售04,"2,000",1,"3,580",1.79,1.79,1.79,1.79,-,0.01,1.79,25,1.80,10,
71552U,雙鴻元大4B售06,0,0,0,---,---,---, ---,,,0.13,76,0.00,0,
715531,擎邦元富48購01,0,0,0,---,---,---, ---,,,0.14,25,0.24,33,
71553U,良維群益4C售02,0,0,0,---,---,---, ---,,,0.86,11,0.00,0,
71554U,振曜凱基4C售01,"10,000",1,"8,500",0.85,0.85,0.85,0.85,-,0.02,0.85,30,0.00,0,
71555U,精材凱基4B售02,"46,000",4,"82,350",1.74,1.83,1.74,1.83,+,0.15,1.79,100,1.89,10,
71556U,叡揚凱基4B售02,"19,000",1,"34,200",1.80,1.80,1.80,1.80,+,0.02,1.79,10,1.80,10,
71557U,元太國票4C售02,0,0,0,---,---,---, ---,,,3.24,25,3.25,10,
71558U,威剛國票4C售05,0,0,0,---,---,---, ---,,,1.70,25,1.80,10,
715590,世禾統一49購01,0,0,0,---,---,---, ---,,,0.22,10,0.23,10,
715597,擎邦統一46購01,0,0,0,---,---,---, ---,,,0.00,0,0.00,0,
71559U,康全電國票4C售03,"250,000",3,"404,500",1.59,1.65,1.59,1.65,+,0.07,1.64,25,1.65,10,
71560U,雍智國票4C售01,0,0,0,---,---,---, ---,,,2.05,25,2.06,10,
71561U,信驊元大4B售08,"96,000",2,"128,140",1.33,1.34,1.33,1.34,+,0.02,1.34,499,1.35,200,
71562U,精測元大4B售01,"5,000",1,"8,900",1.78,1.78,1.78,1.78,-,0.0,1.81,400,1.82,200,
71563U,旺矽群益51售01,"1,000",1,"1,160",1.16,1.16,1.16,1.16,+,0.06,1.18,25,1.19,10,
71564U,威剛群益51售01,0,0,0,---,---,---, ---,,,1.10,100,1.13,100,
71565U,茂達凱基4C售01,0,0,0,---,---,---, ---,,,1.21,10,1.22,10,
71566U,華景電凱基4C售01,0,0,0,---,---,---, ---,,,0.66,20,0.76,10,
71567U,新普凱基4C售01,0,0,0,---,---,---, ---,,,1.75,20,1.85,10,
71568U,美琪瑪國票4C售01,0,0,0,---,---,---, ---,,,1.37,25,1.38,10,
71569U,原相國票4B售01,"14,000",2,"24,540",1.75,1.76,1.75,1.76,+,0.08,1.75,25,1.76,10,
71570U,富喬國票4C售03,"106,000",21,"116,710",1.10,1.14,0.99,1.13,-,0.05,1.12,25,1.14,10,
715719,翔名統一49購01,0,0,0,---,---,---, ---,,,0.18,10,0.19,10,
71571U,元太元大4B售05,0,0,0,---,---,---, ---,,,1.97,25,1.98,10,
71572U,世界元大4B售01,0,0,0,---,---,---, ---,,,1.90,400,2.00,10,
71573U,威剛國票4C售06,"20,000",1,"16,400",0.82,0.82,0.82,0.82,-,0.0,0.82,25,0.92,10,
71574U,神盾國票4C售01,0,0,0,---,---,---, ---,,,2.93,25,2.94,10,
71575U,原相凱基4B售04,0,0,0,---,---,---, ---,,,1.80,100,1.81,10,
715769,翔名凱基46購01,0,0,0,---,---,---, ---,,,0.03,90,0.00,0,
71576U,元太元大4B售06,0,0,0,---,---,---, ---,,,2.08,350,2.09,10,
715770,翔名凱基46購02,0,0,0,---,---,---, ---,,,0.00,0,0.00,0,
71577U,神盾元大4B售01,"134,000",8,"160,090",1.16,1.25,1.16,1.24,-,0.0,1.23,499,1.24,10,
71578U,富喬元大4B售05,"88,000",8,"147,290",1.61,1.75,1.60,1.75,-,0.0,1.75,3,0.00,0,
71579U,良維國票4C售03,0,0,0,---,---,---, ---,,,1.49,25,1.50,10,
715808,擎邦統一46購02,0,0,0,---,---,---, ---,,,0.00,0,0.00,0,
71580U,高端國票4C售01,"1,000",1,"2,410",2.41,2.41,2.41,2.41,+,0.15,2.40,25,2.42,10,
71581U,營邦國票4B售03,0,0,0,---,---,---, ---,,,1.64,25,1.66,10,
71582U,弘塑群益4B售05,"60,000",2,"44,100",0.71,0.74,0.71,0.74,+,0.02,0.44,22,0.00,0,
71583U,信驊元富4B售03,"35,000",1,"46,550",1.33,1.33,1.33,1.33,-,0.0,1.34,25,1.36,25,
71584U,創惟元富4B售03,0,0,0,---,---,---, ---,,,1.89,25,1.90,25,
71585U,新復興永豐53售01,0,0,0,---,---,---, ---,,,1.56,499,1.57,10,
71586U,雙鴻永豐4C售03,0,0,0,---,---,---, ---,,,1.24,499,1.34,10,
71587U,波若威凱基51售02,"3,000",1,"4,380",1.46,1.46,1.46,1.46,-,0.0,1.50,100,1.51,10,
71588U,威剛凱基4B售01,0,0,0,---,---,---, ---,,,1.38,103,1.39,30,
71589U,創惟凱基4B售03,"37,000",7,"63,480",1.70,1.74,1.68,1.70,+,0.11,1.71,100,1.72,10,
715903,弘塑統一46購01,0,0,0,---,---,---, ---,,,0.12,10,0.13,10,
715906,昇達科統一46購01,0,0,0,---,---,---, ---,,,1.27,10,1.37,10,
71590U,順達凱基4B售02,0,0,0,---,---,---, ---,,,2.08,100,2.09,10,
715916,漢磊統一46購01,0,0,0,---,---,---, ---,,,0.00,0,0.00,0,
715917,漢磊統一47購01,0,0,0,---,---,---, ---,,,0.00,0,0.08,72,
71591U,家登凱基4B售02,"1,216,000",13,"2,025,440",1.59,1.69,1.59,1.67,+,0.12,1.67,80,1.68,30,
71592U,新復興凱基53售01,"2,000",1,"1,120",0.56,0.56,0.56,0.56,-,0.05,0.55,100,0.56,50,
71593U,台特化國票4C售05,0,0,0,---,---,---, ---,,,1.77,25,1.78,10,
71594U,順達國票4C售03,0,0,0,---,---,---, ---,,,1.52,25,1.53,10,
71595U,精測國票4C售03,"201,000",3,"179,970",0.91,0.92,0.88,0.92,-,0.01,0.92,25,0.93,10,
71596U,信驊永豐51售02,"9,000",2,"18,630",2.07,2.07,2.07,2.07,+,0.02,2.07,499,2.09,10,
71597U,信驊國票4C售05,0,0,0,---,---,---, ---,,,1.56,25,1.57,10,
71598U,威剛國票51售01,0,0,0,---,---,---, ---,,,1.44,25,1.54,10,
71599U,神盾國票4C售04,0,0,0,---,---,---, ---,,,1.39,25,1.40,10,
71600U,順達元富4B售03,0,0,0,---,---,---, ---,,,1.34,25,1.44,10,
71601U,信驊中信4B售01,"4,000",1,"4,760",1.19,1.19,1.19,1.19,+,0.02,1.18,499,1.22,10,
716024,信驊元富46購01,0,0,0,---,---,---, ---,,,0.91,25,1.01,10,
71602U,信驊凱基4B售05,"5,000",1,"8,350",1.67,1.67,1.67,1.67,-,0.06,1.69,100,1.79,10,
71603U,營邦凱基4B售01,0,0,0,---,---,---, ---,,,1.63,30,1.64,10,
716044,翔名統一49購02,0,0,0,---,---,---, ---,,,0.20,10,0.21,10,
71604U,加百裕元大4B售01,0,0,0,---,---,---, ---,,,1.06,499,1.07,10,
71605U,信驊元大4B售09,0,0,0,---,---,---, ---,,,1.58,499,1.59,200,
71606U,山富群益4B售03,0,0,0,---,---,---, ---,,,2.03,25,2.04,10,
716079,鈊象凱基46購01,0,0,0,---,---,---, ---,,,0.71,2,0.86,3,
71607U,元太群益51售01,0,0,0,---,---,---, ---,,,0.00,0,0.00,0,
716080,鈊象凱基4B購01,"22,000",3,"21,200",0.97,0.97,0.95,0.95,-,0.0,0.94,110,0.95,10,
71608U,弘塑群益4B售07,"24,000",2,"18,480",0.77,0.77,0.77,0.77,+,0.03,0.00,0,0.00,0,
71609U,穩懋凱基4C售01,0,0,0,---,---,---, ---,,,1.98,100,1.99,10,
71610U,山富國票4C售06,"2,000",1,"1,620",0.81,0.81,0.81,0.81,+,0.06,0.81,25,0.82,10,
71611U,山富國票4C售07,0,0,0,---,---,---, ---,,,0.99,25,1.00,10,
71612U,神盾國票4C售05,0,0,0,---,---,---, ---,,,2.54,25,2.55,10,
716137,亞信統一46購01,0,0,0,---,---,---, ---,,,0.00,0,0.00,0,
71613U,華星光國票4C售03,"1,000",1,"1,690",1.69,1.69,1.69,1.69,-,0.11,1.68,25,1.69,10,
71614U,萬潤國票4C售02,0,0,0,---,---,---, ---,,,1.65,25,1.66,10,
71615U,華星光元大4B售08,0,0,0,---,---,---, ---,,,1.86,400,1.87,200,
71616U,威剛永豐4C售01,0,0,0,---,---,---, ---,,,1.90,499,1.91,10,
71617U,國債20永豐4B售01,"2,000",1,"2,800",1.40,1.40,1.40,1.40,-,0.07,1.30,499,1.31,10,
716210,翔名統一49購03,0,0,0,---,---,---, ---,,,0.13,10,0.14,10,
716255,家登統一47購01,0,0,0,---,---,---, ---,,,0.02,10,0.10,10,
716337,智冠統一49購01,0,0,0,---,---,---, ---,,,0.03,10,0.10,10,
716343,廣明統一46購01,0,0,0,---,---,---, ---,,,0.00,0,0.00,0,
716469,廣明統一46購02,0,0,0,---,---,---, ---,,,0.00,0,0.00,0,
716545,群聯元富49購05,0,0,0,---,---,---, ---,,,0.06,25,0.10,10,
716614,廣明元富46購01,0,0,0,---,---,---, ---,,,0.02,25,0.10,10,
716664,中美晶凱基46購01,0,0,0,---,---,---, ---,,,0.00,0,0.10,10,
716665,中美晶凱基46購02,0,0,0,---,---,---, ---,,,0.00,0,0.10,10,
716666,中美晶凱基4B購01,0,0,0,---,---,---, ---,,,0.02,100,0.11,10,
716667,中美晶凱基4B購02,0,0,0,---,---,---, ---,,,0.01,100,0.11,10,
716680,廣明凱基46購01,0,0,0,---,---,---, ---,,,0.01,40,0.11,10,
716681,廣明凱基46購02,0,0,0,---,---,---, ---,,,0.05,50,0.15,2,
716744,中美晶凱基46購03,0,0,0,---,---,---, ---,,,0.00,0,0.00,0,
716776,信驊統一46購01,0,0,0,---,---,---, ---,,,0.00,0,0.00,0,
716778,晟德統一46購01,0,0,0,---,---,---, ---,,,0.07,10,0.10,10,
716843,兆利統一46購01,0,0,0,---,---,---, ---,,,0.00,0,0.01,10,
716844,兆利統一47購01,0,0,0,---,---,---, ---,,,0.00,0,0.00,0,
716845,兆利統一47購02,0,0,0,---,---,---, ---,,,0.00,0,0.00,0,
716846,兆利統一4A購01,0,0,0,---,---,---, ---,,,0.01,10,0.02,10,
716847,兆利統一4A購02,"10,000",1,200,0.02,0.02,0.02,0.02,-,0.0,0.02,10,0.03,10,
716848,兆利統一4A購03,0,0,0,---,---,---, ---,,,0.02,10,0.03,10,
716849,兆利統一4A購04,0,0,0,---,---,---, ---,,,0.02,10,0.03,10,
716850,系統電統一47購01,0,0,0,---,---,---, ---,,,0.04,10,0.05,10,
716851,系統電統一47購02,"10,000",1,200,0.02,0.02,0.02,0.02,-,0.02,0.02,10,0.03,10,
716857,振發統一46購01,0,0,0,---,---,---, ---,,,0.00,0,0.00,0,
716858,振發統一46購02,0,0,0,---,---,---, ---,,,0.00,0,0.00,0,
716861,雙鴻統一47購01,0,0,0,---,---,---, ---,,,0.00,0,0.01,10,
716862,驊訊統一48購01,0,0,0,---,---,---, ---,,,0.00,0,0.00,0,
716897,兆利統一46購02,0,0,0,---,---,---, ---,,,0.00,0,0.00,0,
716898,兆利統一4A購05,0,0,0,---,---,---, ---,,,0.00,0,0.00,0,
716899,兆利統一4A購06,0,0,0,---,---,---, ---,,,0.00,0,0.00,0,
716900,兆利統一4A購07,0,0,0,---,---,---, ---,,,0.03,10,0.10,10,
716901,晟德統一4A購01,0,0,0,---,---,---, ---,,,0.19,10,0.20,10,
716918,雙鴻凱基47購01,0,0,0,---,---,---, ---,,,0.00,0,0.10,10,
717005,類比科統一4A購01,0,0,0,---,---,---, ---,,,0.02,10,0.10,10,
717406,中光電統一46購01,0,0,0,---,---,---, ---,,,0.00,0,0.01,735,
717408,協易機統一54購01,0,0,0,---,---,---, ---,,,0.22,10,0.23,10,
717561,元山統一47購01,0,0,0,---,---,---, ---,,,0.00,0,0.10,2,
717564,信音統一47購01,0,0,0,---,---,---, ---,,,0.01,10,0.10,10,
717567,信紘科統一47購03,0,0,0,---,---,---, ---,,,0.09,10,0.10,10,
717569,群聯統一46購01,0,0,0,---,---,---, ---,,,0.00,0,0.01,10,
717570,群聯統一46購02,0,0,0,---,---,---, ---,,,0.00,0,0.00,0,
717571,漢科統一47購01,0,0,0,---,---,---, ---,,,0.01,10,0.10,10,
717572,漢科統一48購01,0,0,0,---,---,---, ---,,,0.03,10,0.04,10,
717574,碩禾統一47購01,0,0,0,---,---,---, ---,,,0.00,0,0.00,0,
717575,網龍統一47購01,0,0,0,---,---,---, ---,,,0.01,10,0.10,10,
717577,弘塑國票48購01,"20,000",1,"11,400",0.57,0.57,0.57,0.57,-,0.07,0.53,25,0.55,10,
717705,系微統一47購01,0,0,0,---,---,---, ---,,,0.07,10,0.12,10,
717706,良維統一48購01,0,0,0,---,---,---, ---,,,0.13,10,0.14,10,
717709,信音統一47購02,0,0,0,---,---,---, ---,,,0.04,10,0.10,10,
717710,美達統一47購01,0,0,0,---,---,---, ---,,,0.01,10,0.10,10,
717711,美達統一47購02,0,0,0,---,---,---, ---,,,0.00,0,0.00,0,
717714,碩禾統一49購01,0,0,0,---,---,---, ---,,,0.00,0,0.00,0,
717782,中光電統一47購01,0,0,0,---,---,---, ---,,,0.00,0,0.00,0,
717783,中探針統一47購01,0,0,0,---,---,---, ---,,,0.01,10,0.10,10,
717784,弘塑統一4A購01,0,0,0,---,---,---, ---,,,0.29,10,0.30,10,
717786,系微統一46購01,"20,000",1,"2,400",0.12,0.12,0.12,0.12,-,0.03,0.13,10,0.14,10,
717788,金益鼎統一47購01,0,0,0,---,---,---, ---,,,0.14,10,0.15,10,
717792,新潤統一47購01,0,0,0,---,---,---, ---,,,0.06,10,0.12,10,
717796,網龍統一47購02,0,0,0,---,---,---, ---,,,0.04,10,0.10,13,
717820,弘塑國票4A購01,"408,000",2,"288,550",0.74,0.74,0.67,0.67,-,0.08,0.65,25,0.66,10,
717896,中探針統一47購02,0,0,0,---,---,---, ---,,,0.00,0,0.00,0,
717899,永信建統一46購01,0,0,0,---,---,---, ---,,,0.02,10,0.10,10,
717901,信音統一48購01,0,0,0,---,---,---, ---,,,0.04,10,0.05,10,
717905,鈦昇統一46購01,0,0,0,---,---,---, ---,,,0.00,0,0.01,10,
717909,廣運統一46購01,0,0,0,---,---,---, ---,,,0.00,0,0.00,0,
717913,德微統一47購01,0,0,0,---,---,---, ---,,,0.00,0,0.04,50,
717959,中光電統一47購02,0,0,0,---,---,---, ---,,,0.00,0,0.09,10,
717960,台燿統一48購01,0,0,0,---,---,---, ---,,,0.32,10,0.42,10,
717961,利機統一47購01,0,0,0,---,---,---, ---,,,0.00,0,0.00,0,
717962,利機統一47購02,0,0,0,---,---,---, ---,,,0.00,0,0.00,0,
717964,聯上統一47購01,0,0,0,---,---,---, ---,,,0.00,0,0.00,0,
718017,力麒統一46購01,0,0,0,---,---,---, ---,,,0.00,0,0.00,0,
718020,永信建統一48購01,0,0,0,---,---,---, ---,,,0.03,10,0.10,10,
718022,新潤統一46購01,0,0,0,---,---,---, ---,,,0.01,10,0.02,10,
718023,新潤統一46購02,0,0,0,---,---,---, ---,,,0.10,10,0.11,10,
718024,新潤統一46購03,0,0,0,---,---,---, ---,,,0.08,10,0.09,10,
718025,新潤統一46購04,0,0,0,---,---,---, ---,,,0.02,10,0.03,10,
718030,聯上統一46購01,0,0,0,---,---,---, ---,,,0.00,0,0.01,10,
718031,鑫龍騰統一46購01,"499,000",1,"99,800",0.20,0.20,0.20,0.20,-,0.0,0.19,10,0.20,10,
718098,台銘板統一54購01,0,0,0,---,---,---, ---,,,0.08,20,0.14,10,
718099,台銘板統一54購02,"21,000",2,"1,910",0.11,0.11,0.09,0.09,+,0.02,0.07,60,0.11,49,
718101,德微統一47購02,0,0,0,---,---,---, ---,,,0.00,0,0.20,149,
718121,台燿統一48購02,0,0,0,---,---,---, ---,,,0.05,10,0.06,10,
718123,神準統一47購01,0,0,0,---,---,---, ---,,,0.13,10,0.17,10,
718125,雙鴻統一46購01,0,0,0,---,---,---, ---,,,0.00,0,0.01,69,
718126,雙鴻統一47購02,0,0,0,---,---,---, ---,,,0.00,0,0.01,10,
718127,雙鴻統一48購01,0,0,0,---,---,---, ---,,,0.06,10,0.10,10,
718128,雙鴻統一4A購01,0,0,0,---,---,---, ---,,,0.10,10,0.13,10,
718196,倉和統一48購01,0,0,0,---,---,---, ---,,,0.01,10,0.02,10,
718197,雙鴻統一48購02,0,0,0,---,---,---, ---,,,0.05,10,0.06,10,
718253,力致統一49購02,0,0,0,---,---,---, ---,,,0.02,10,0.10,10,
718254,元山統一48購01,"5,000",1,150,0.03,0.03,0.03,0.03,-,0.03,0.03,10,0.10,10,
718255,世德統一47購01,0,0,0,---,---,---, ---,,,0.00,0,0.00,0,
718256,世德統一49購01,0,0,0,---,---,---, ---,,,0.01,10,0.10,10,
718276,振曜群益47購01,"30,000",2,"2,100",0.07,0.07,0.07,0.07,-,0.0,0.07,25,0.08,10,
718279,雙鴻群益47購01,0,0,0,---,---,---, ---,,,0.00,0,0.00,0,
718285,弘塑凱基4A購01,0,0,0,---,---,---, ---,,,0.08,10,0.00,0,
718294,雙鴻凱基47購02,0,0,0,---,---,---, ---,,,0.00,0,0.10,10,
718314,大綜統一48購01,"16,000",4,"12,900",0.81,0.81,0.75,0.75,-,0.15,0.74,10,0.79,10,
718315,世德統一47購02,0,0,0,---,---,---, ---,,,0.00,0,0.10,10,
718316,弘塑統一47購01,0,0,0,---,---,---, ---,,,0.03,10,0.04,10,
718318,威剛統一47購01,0,0,0,---,---,---, ---,,,0.05,10,0.06,10,
718319,新潤統一47購02,0,0,0,---,---,---, ---,,,0.08,10,0.09,10,
718321,衛司特統一48購01,0,0,0,---,---,---, ---,,,0.04,10,0.10,10,
718322,衛司特統一48購02,0,0,0,---,---,---, ---,,,0.03,10,0.10,10,
718332,宜特凱基48購01,0,0,0,---,---,---, ---,,,0.01,100,0.02,50,
718333,宜特凱基48購02,0,0,0,---,---,---, ---,,,0.01,100,0.02,50,
718378,力旺統一4B購01,"181,000",2,"77,840",0.43,0.44,0.43,0.44,+,0.01,0.42,10,0.44,9,
718379,大綜統一49購01,"2,000",1,"1,180",0.59,0.59,0.59,0.59,-,0.09,0.56,10,0.61,10,
718381,永信建統一49購01,0,0,0,---,---,---, ---,,,0.02,509,0.10,99,
718382,光頡統一49購01,0,0,0,---,---,---, ---,,,0.04,10,0.10,10,
718383,宏捷科統一49購01,0,0,0,---,---,---, ---,,,0.01,609,0.10,10,
718384,系微統一4B購01,"63,000",1,"45,360",0.72,0.72,0.72,0.72,+,0.01,0.67,10,0.68,10,
718385,長聖統一49購02,0,0,0,---,---,---, ---,,,0.20,10,0.21,10,
718386,美琪瑪統一49購01,0,0,0,---,---,---, ---,,,0.11,10,0.13,8,
718450,永信建統一49購02,0,0,0,---,---,---, ---,,,0.01,10,0.02,10,
718451,良維統一47購01,"10,000",1,"3,300",0.33,0.33,0.33,0.33,-,0.03,0.13,76,0.34,10,
718452,東捷統一49購01,0,0,0,---,---,---, ---,,,0.27,10,0.28,10,
718453,美琪瑪統一49購02,0,0,0,---,---,---, ---,,,0.08,10,0.10,10,
718455,新潤統一49購01,0,0,0,---,---,---, ---,,,0.08,10,0.10,10,
718456,榮剛統一49購01,0,0,0,---,---,---, ---,,,0.04,10,0.10,10,
718457,德昌統一49購01,0,0,0,---,---,---, ---,,,0.08,10,0.12,10,
718458,耀勝統一49購01,0,0,0,---,---,---, ---,,,0.00,0,0.00,0,
718459,鑫龍騰統一49購01,0,0,0,---,---,---, ---,,,0.16,10,0.20,10,
718545,台星科統一48購01,0,0,0,---,---,---, ---,,,0.03,10,0.10,10,
718546,光頡統一49購02,0,0,0,---,---,---, ---,,,0.03,10,0.10,10,
718550,信昌電統一48購01,0,0,0,---,---,---, ---,,,0.05,10,0.10,10,
718554,榮剛統一49購02,0,0,0,---,---,---, ---,,,0.03,10,0.10,10,
718585,旺矽統一48購01,0,0,0,---,---,---, ---,,,0.97,10,0.98,10,
718586,東捷統一49購02,"10,000",1,"6,000",0.60,0.60,0.60,0.60,+,0.03,0.53,10,0.54,10,
718591,威剛統一4B購01,0,0,0,---,---,---, ---,,,0.12,10,0.17,10,
718595,德昌統一49購02,0,0,0,---,---,---, ---,,,0.05,10,0.10,10,
718596,聯上統一49購01,0,0,0,---,---,---, ---,,,0.00,0,0.00,0,
718597,聯亞統一51購01,"18,000",6,"28,200",1.65,1.65,1.48,1.48,-,0.02,1.50,5,1.78,1,
718608,振曜凱基47購01,0,0,0,---,---,---, ---,,,0.08,100,0.09,50,
718609,新潤凱基48購01,0,0,0,---,---,---, ---,,,0.02,100,0.03,50,
718610,新潤凱基48購02,0,0,0,---,---,---, ---,,,0.02,100,0.03,50,
718611,新潤凱基48購03,0,0,0,---,---,---, ---,,,0.07,100,0.08,50,
718612,德勝凱基46購01,0,0,0,---,---,---, ---,,,0.00,0,0.00,0,
718650,正基統一49購01,0,0,0,---,---,---, ---,,,0.01,10,0.06,160,
718651,兆利統一46購03,0,0,0,---,---,---, ---,,,0.00,0,0.00,0,
718652,晶宏統一47購01,0,0,0,---,---,---, ---,,,0.00,0,0.00,0,
718654,聯上統一47購02,0,0,0,---,---,---, ---,,,0.00,0,0.01,10,
718655,鑫龍騰統一47購01,0,0,0,---,---,---, ---,,,0.13,10,0.14,10,
718705,弘塑國票47購01,"92,000",2,"34,320",0.36,0.40,0.36,0.40,+,0.07,0.26,25,0.27,10,
718730,兆利統一55購01,"50,000",1,"7,500",0.15,0.15,0.15,0.15,-,0.01,0.14,10,0.15,10,
718731,佳邦統一49購01,0,0,0,---,---,---, ---,,,0.05,10,0.10,10,
718732,金益鼎統一49購01,"95,000",2,"41,850",0.45,0.45,0.44,0.44,+,0.02,0.35,100,0.44,10,
718733,博智統一49購01,0,0,0,---,---,---, ---,,,0.12,10,0.15,10,
718735,營邦統一49購01,0,0,0,---,---,---, ---,,,0.33,10,0.34,10,
718736,營邦統一4B購01,0,0,0,---,---,---, ---,,,0.26,10,0.27,10,
718737,雙鴻統一48購03,0,0,0,---,---,---, ---,,,0.00,0,0.01,10,
718769,旺矽統一49購03,0,0,0,---,---,---, ---,,,1.31,10,1.32,10,
718770,建榮統一4B購01,"111,000",3,"20,090",0.19,0.19,0.17,0.17,+,0.02,0.16,10,0.17,10,
718771,倉和統一4B購01,0,0,0,---,---,---, ---,,,0.03,10,0.10,10,
718772,振曜統一4B購01,"1,000",1,250,0.25,0.25,0.25,0.25,+,0.02,0.24,10,0.25,10,
718773,湧德統一49購02,0,0,0,---,---,---, ---,,,0.55,10,0.56,10,
718829,正德統一49購01,"504,000",3,"113,920",0.23,0.23,0.22,0.22,-,0.01,0.21,10,0.22,10,
718830,良維統一48購02,0,0,0,---,---,---, ---,,,0.55,10,0.65,10,
718831,旺矽統一48購02,"81,000",2,"59,940",0.74,0.74,0.74,0.74,-,0.07,0.73,10,0.74,10,
718870,旺矽統一47購01,0,0,0,---,---,---, ---,,,1.48,10,1.58,10,
718871,博智統一49購02,"1,000",1,110,0.11,0.11,0.11,0.11,+,0.01,0.09,10,0.10,10,
718933,台銘板統一49購01,"16,000",2,"1,540",0.10,0.10,0.09,0.09,+,0.04,0.02,304,0.09,52,
718934,良維統一4B購01,"80,000",1,"38,400",0.48,0.48,0.48,0.48,-,0.0,0.48,10,0.49,10,
718936,波若威統一4B購01,"862,000",18,"620,610",0.74,0.76,0.68,0.69,-,0.04,0.69,10,0.70,10,
718937,智通統一55購01,"85,000",3,"75,650",0.89,0.89,0.89,0.89,+,0.01,0.88,10,0.89,10,
718940,群聯統一49購01,0,0,0,---,---,---, ---,,,0.04,50,0.17,44,
718941,廣運統一48購02,0,0,0,---,---,---, ---,,,0.01,10,0.02,10,
718942,驊訊統一51購01,"31,000",5,"7,460",0.26,0.26,0.22,0.22,-,0.05,0.14,43,0.23,10,
719389,廣明國票46購01,0,0,0,---,---,---, ---,,,0.00,0,0.00,0,
719431,東捷第一45購01,0,0,0,---,---,---, ---,,,0.07,10,0.08,10,
719441,廣明永豐45購01,0,0,0,---,---,---, ---,,,0.00,0,0.10,10,
719464,建榮元大45購01,0,0,0,---,---,---, ---,,,0.00,0,0.01,194,
719482,系微兆豐46購01,0,0,0,---,---,---, ---,,,0.00,0,0.01,10,
719501,振曜元大46購01,0,0,0,---,---,---, ---,,,0.00,0,0.02,101,
719543,威剛國票46購01,0,0,0,---,---,---, ---,,,0.00,0,0.00,0,
719590,佳邦元大46購01,0,0,0,---,---,---, ---,,,0.00,0,0.10,10,
719597,神盾元大46購01,0,0,0,---,---,---, ---,,,0.00,0,0.01,43,
719646,威剛凱基46購01,0,0,0,---,---,---, ---,,,0.00,0,0.00,0,
719666,世界國票4A購01,0,0,0,---,---,---, ---,,,0.08,25,0.09,10,
719674,臺慶科國票46購01,0,0,0,---,---,---, ---,,,0.00,0,0.00,0,
719689,世界富邦46購01,0,0,0,---,---,---, ---,,,0.00,0,0.00,0,
719703,廣明凱基47購01,0,0,0,---,---,---, ---,,,0.00,0,0.02,50,
719706,力致統一4C購01,0,0,0,---,---,---, ---,,,0.03,10,0.10,10,
719707,中光電統一46購02,0,0,0,---,---,---, ---,,,0.00,0,0.01,10,
719708,中光電統一48購01,0,0,0,---,---,---, ---,,,0.00,0,0.01,10,
719709,宜鼎統一49購01,0,0,0,---,---,---, ---,,,0.05,10,0.06,10,
719710,原相統一48購01,"90,000",3,"61,200",0.68,0.68,0.68,0.68,-,0.06,0.67,10,0.68,10,
719711,泰茂統一4C購01,0,0,0,---,---,---, ---,,,0.13,10,0.15,10,
719713,神盾統一46購01,0,0,0,---,---,---, ---,,,0.00,0,0.01,10,
719714,神盾統一46購02,0,0,0,---,---,---, ---,,,0.00,0,0.01,10,
719715,神盾統一56購01,0,0,0,---,---,---, ---,,,0.07,10,0.11,10,
719716,神盾統一56購02,0,0,0,---,---,---, ---,,,0.08,10,0.10,10,
719717,群聯統一47購01,0,0,0,---,---,---, ---,,,0.03,10,0.04,10,
719718,廣明統一48購01,0,0,0,---,---,---, ---,,,0.19,10,0.20,10,
719719,廣明統一56購01,0,0,0,---,---,---, ---,,,0.15,10,0.16,10,
719727,環球晶兆豐46購01,0,0,0,---,---,---, ---,,,0.00,0,0.01,10,
719737,立端國票46購01,0,0,0,---,---,---, ---,,,0.00,0,0.00,0,
719738,艾訊國票48購01,0,0,0,---,---,---, ---,,,0.08,25,0.09,10,
719750,千附精統一46購01,0,0,0,---,---,---, ---,,,0.20,10,0.21,10,
719752,立端統一4A購01,0,0,0,---,---,---, ---,,,0.09,10,0.13,10,
719753,艾訊統一4A購01,"2,000",1,240,0.12,0.12,0.12,0.12,-,0.02,0.12,10,0.13,10,
719754,宜特統一4A購01,0,0,0,---,---,---, ---,,,0.13,10,0.14,10,
719755,旺矽統一4C購01,"96,000",11,"69,570",0.72,0.74,0.71,0.71,-,0.03,0.72,10,0.73,10,
719757,泰茂統一46購01,0,0,0,---,---,---, ---,,,0.00,0,0.01,10,
719758,神盾統一47購01,0,0,0,---,---,---, ---,,,0.00,0,0.01,10,
719759,神盾統一48購01,0,0,0,---,---,---, ---,,,0.00,0,0.01,206,
719760,神盾統一4C購01,0,0,0,---,---,---, ---,,,0.16,499,0.17,499,
719761,神盾統一4C購02,0,0,0,---,---,---, ---,,,0.01,10,0.02,10,
719762,神盾統一4C購03,0,0,0,---,---,---, ---,,,0.00,0,0.00,0,
719763,新漢統一46購01,0,0,0,---,---,---, ---,,,0.54,10,0.55,10,
719764,新漢統一4A購01,"252,000",10,"108,250",0.44,0.44,0.40,0.40,-,0.04,0.40,10,0.41,10,
719765,廣明統一46購03,0,0,0,---,---,---, ---,,,0.00,0,0.01,10,
719766,廣明統一46購04,0,0,0,---,---,---, ---,,,0.00,0,0.01,10,
719767,廣明統一48購02,0,0,0,---,---,---, ---,,,0.01,10,0.02,10,
719768,廣明統一4A購01,0,0,0,---,---,---, ---,,,0.07,10,0.10,10,
719769,廣明統一4C購01,0,0,0,---,---,---, ---,,,0.05,10,0.06,10,
719771,營邦統一49購02,0,0,0,---,---,---, ---,,,0.08,10,0.18,10,
719772,醫揚統一48購01,0,0,0,---,---,---, ---,,,0.01,10,0.02,10,
719773,醫揚統一4A購01,"120,000",2,"15,700",0.14,0.14,0.13,0.13,-,0.0,0.12,10,0.13,10,
719785,力致元大46購01,0,0,0,---,---,---, ---,,,0.00,0,0.10,10,
719796,原相元大46購01,0,0,0,---,---,---, ---,,,0.61,499,0.71,10,
719855,晶宏國票46購01,0,0,0,---,---,---, ---,,,0.00,0,0.00,0,
719887,泰茂富邦46購01,0,0,0,---,---,---, ---,,,0.00,0,0.01,175,
719911,宏碩凱基46購01,0,0,0,---,---,---, ---,,,0.00,0,0.00,0,
719912,宏碩凱基46購02,0,0,0,---,---,---, ---,,,0.00,0,0.01,100,
719913,宏碩凱基46購03,0,0,0,---,---,---, ---,,,0.01,40,0.00,0,
719914,宏碩凱基46購04,0,0,0,---,---,---, ---,,,0.00,0,0.00,0,
719915,宏碩凱基46購05,0,0,0,---,---,---, ---,,,0.00,0,0.00,0,
719992,昱展元富46購01,0,0,0,---,---,---, ---,,,0.00,0,0.10,71,
720004,艾訊群益46購01,0,0,0,---,---,---, ---,,,0.00,0,0.00,0,
720005,信驊群益46購01,0,0,0,---,---,---, ---,,,0.00,0,0.43,68,
720083,力致凱基46購01,0,0,0,---,---,---, ---,,,0.00,0,0.00,0,
720094,晶宏凱基46購01,0,0,0,---,---,---, ---,,,0.00,0,0.00,0,
720170,世界國票48購01,0,0,0,---,---,---, ---,,,0.01,524,0.02,10,
720183,正淩統一56購01,"101,000",2,"38,850",0.39,0.39,0.38,0.38,+,0.01,0.37,10,0.38,10,
720184,正淩統一56購02,"50,000",1,"17,000",0.34,0.34,0.34,0.34,+,0.01,0.32,10,0.33,10,
720185,先進光統一4C購01,0,0,0,---,---,---, ---,,,0.02,10,0.03,10,
720186,先進光統一56購01,"50,000",1,"5,500",0.11,0.11,0.11,0.11,-,0.01,0.11,12,0.15,1,
720187,先進光統一56購02,0,0,0,---,---,---, ---,,,0.12,10,0.17,10,
720188,均豪統一47購01,"26,000",2,"23,920",0.96,0.96,0.88,0.88,+,0.06,0.87,10,0.88,10,
720190,高技統一47購01,"15,000",1,"42,150",2.81,2.81,2.81,2.81,-,0.43,2.75,10,2.80,10,
720191,富喬統一47購01,0,0,0,---,---,---, ---,,,0.21,10,0.31,10,
720192,富喬統一48購01,"823,000",16,"398,510",0.45,0.52,0.41,0.41,-,0.0,0.40,10,0.41,7,
720194,華景電統一49購01,0,0,0,---,---,---, ---,,,0.33,10,0.34,10,
720196,精材統一49購01,"20,000",1,"2,400",0.12,0.12,0.12,0.12,-,0.01,0.09,10,0.11,10,
720218,優群元富46購01,0,0,0,---,---,---, ---,,,0.08,25,0.10,10,
720232,精材群益46購01,0,0,0,---,---,---, ---,,,0.00,0,0.00,0,
720239,精材富邦46購01,0,0,0,---,---,---, ---,,,0.00,0,0.10,10,
720263,新潤凱基46購01,0,0,0,---,---,---, ---,,,0.00,0,0.00,0,
720266,精材凱基46購01,0,0,0,---,---,---, ---,,,0.00,0,0.00,0,
720283,雍智元大46購01,0,0,0,---,---,---, ---,,,0.00,0,0.01,20,
720328,正德富邦46購01,0,0,0,---,---,---, ---,,,0.02,30,0.09,3,
720373,先進光國票46購01,0,0,0,---,---,---, ---,,,0.00,0,0.01,10,
720446,廣運國票46購01,0,0,0,---,---,---, ---,,,0.00,0,0.00,0,
720464,智擎元富46購01,0,0,0,---,---,---, ---,,,0.05,25,0.10,10,
720557,廣運永豐46購01,0,0,0,---,---,---, ---,,,0.00,0,0.06,10,
720563,鈊象國票47購01,0,0,0,---,---,---, ---,,,0.87,30,0.88,10,
720574,台燿元富46購01,0,0,0,---,---,---, ---,,,0.15,25,0.16,25,
720576,前鼎元富46購01,0,0,0,---,---,---, ---,,,0.00,0,0.10,25,
720586,聯亞凱基46購01,0,0,0,---,---,---, ---,,,0.92,80,1.02,11,
720593,力致群益46購01,0,0,0,---,---,---, ---,,,0.00,0,0.00,0,
720633,中探針兆豐46購01,0,0,0,---,---,---, ---,,,0.00,0,0.01,10,
720635,晟德兆豐46購01,0,0,0,---,---,---, ---,,,0.00,0,0.01,10,
720639,波若威永豐46購01,0,0,0,---,---,---, ---,,,0.17,62,0.21,1,
720686,譜瑞元大46購01,0,0,0,---,---,---, ---,,,0.00,0,0.10,10,
720692,高技國票48購01,"20,000",6,"53,360",2.63,2.70,2.56,2.56,-,0.32,2.61,25,2.71,10,
720703,振曜群益46購01,0,0,0,---,---,---, ---,,,0.04,25,0.05,10,
720745,均豪統一48購02,"15,000",4,"4,350",0.31,0.31,0.28,0.28,-,0.01,0.28,10,0.29,10,
720746,旺矽統一56購01,"71,000",2,"59,650",0.84,0.85,0.84,0.85,-,0.02,0.84,10,0.85,10,
720747,廣運統一48購03,0,0,0,---,---,---, ---,,,0.04,10,0.05,10,
720748,雙鴻統一56購01,"1,000",1,190,0.19,0.19,0.19,0.19,-,0.0,0.16,49,0.18,10,
720764,富喬兆豐46購01,"7,000",5,"8,620",1.18,1.36,1.18,1.23,+,0.28,0.99,20,1.00,10,
720765,千附精富邦46購01,0,0,0,---,---,---, ---,,,0.14,30,0.20,10,
720791,鈊象群益47購01,"10,000",1,"13,600",1.36,1.36,1.36,1.36,+,0.04,1.30,25,1.31,10,
720799,信昌電元大46購01,0,0,0,---,---,---, ---,,,0.00,0,0.10,10,
720803,振曜元大46購02,0,0,0,---,---,---, ---,,,0.00,0,0.10,10,
720808,精材元大46購01,0,0,0,---,---,---, ---,,,0.00,0,0.10,10,
720822,正基富邦46購01,0,0,0,---,---,---, ---,,,0.00,0,0.03,5,
720826,均豪統一46購01,0,0,0,---,---,---, ---,,,0.12,10,0.13,10,
720827,均豪統一4A購01,0,0,0,---,---,---, ---,,,0.35,10,0.36,10,
720828,均豪統一4A購02,"10,000",1,"2,000",0.20,0.20,0.20,0.20,+,0.07,0.12,10,0.20,2,
720829,宜特統一46購01,0,0,0,---,---,---, ---,,,0.00,0,0.01,91,
720830,宜特統一4A購02,0,0,0,---,---,---, ---,,,0.09,10,0.10,20,
720831,宜特統一4C購01,0,0,0,---,---,---, ---,,,0.10,10,0.11,10,
720832,旺矽統一46購01,0,0,0,---,---,---, ---,,,0.65,10,0.66,10,
720833,旺矽統一4C購02,"11,000",2,"7,260",0.66,0.66,0.66,0.66,-,0.03,0.65,10,0.66,10,
720834,廣運統一49購01,0,0,0,---,---,---, ---,,,0.05,10,0.06,10,
720835,廣運統一4A購01,0,0,0,---,---,---, ---,,,0.08,10,0.10,10,
720836,廣運統一4A購02,0,0,0,---,---,---, ---,,,0.10,10,0.11,10,
720852,鈊象凱基46購02,0,0,0,---,---,---, ---,,,0.16,100,0.00,0,
720866,鈊象國票49購01,"22,000",3,"16,370",0.75,0.76,0.73,0.73,+,0.01,0.71,25,0.73,10,
720880,鈊象群益46購01,0,0,0,---,---,---, ---,,,0.29,25,0.30,10,
720896,鈊象元大47購01,"2,000",1,980,0.49,0.49,0.49,0.49,-,0.02,0.49,499,0.50,10,
720899,精材元大47購01,0,0,0,---,---,---, ---,,,0.01,499,0.11,10,
720910,鈊象凱基47購01,"321,000",2,"61,990",0.21,0.21,0.19,0.19,-,0.01,0.17,100,0.18,10,
720931,緯軟兆豐47購01,0,0,0,---,---,---, ---,,,0.01,10,0.02,10,
720960,訊聯元大47購01,0,0,0,---,---,---, ---,,,0.00,0,0.10,10,
720964,鈊象元大47購02,"275,000",4,"60,500",0.22,0.22,0.22,0.22,-,0.01,0.20,499,0.21,10,
720970,營邦元大47購01,0,0,0,---,---,---, ---,,,0.00,0,0.10,10,
720975,力致統一47購01,0,0,0,---,---,---, ---,,,0.00,0,0.01,10,
720976,大世科統一47購01,0,0,0,---,---,---, ---,,,0.00,0,0.01,10,
720977,元太統一49購01,"63,000",5,"3,050",0.04,0.09,0.04,0.08,-,0.01,0.04,10,0.08,28,
720978,世界統一47購01,0,0,0,---,---,---, ---,,,0.00,0,0.01,10,
720979,均豪統一4B購01,"153,000",10,"54,710",0.34,0.39,0.34,0.35,-,0.0,0.35,10,0.36,10,
720980,旺矽統一47購02,0,0,0,---,---,---, ---,,,0.92,10,0.93,10,
720981,旺矽統一49購04,"223,000",8,"201,190",0.87,0.92,0.87,0.88,-,0.04,0.88,10,0.89,10,
720982,松瑞藥統一47購01,0,0,0,---,---,---, ---,,,0.04,10,0.05,10,
720983,波若威統一4B購02,"112,000",8,"29,050",0.28,0.28,0.24,0.25,-,0.03,0.24,103,0.25,39,
720984,前鼎統一48購04,0,0,0,---,---,---, ---,,,0.02,10,0.03,10,
720985,南俊統一4B購01,0,0,0,---,---,---, ---,,,0.06,10,0.10,10,
720986,晟德統一53購01,0,0,0,---,---,---, ---,,,0.24,10,0.25,10,
720987,精材統一47購01,0,0,0,---,---,---, ---,,,0.01,10,0.04,10,
720988,廣運統一4B購01,0,0,0,---,---,---, ---,,,0.02,10,0.03,10,
720989,穩懋統一47購01,0,0,0,---,---,---, ---,,,0.00,0,0.01,80,
721002,元太元富47購01,0,0,0,---,---,---, ---,,,0.02,25,0.12,25,
721008,廣運元富4B購01,0,0,0,---,---,---, ---,,,0.07,25,0.10,10,
721035,譜瑞凱基46購01,0,0,0,---,---,---, ---,,,0.00,0,0.00,0,
721040,世界群益47購01,0,0,0,---,---,---, ---,,,0.00,0,0.00,0,
721056,鈊象國票46購01,0,0,0,---,---,---, ---,,,0.00,0,0.00,0,
721078,鈊象元大46購01,0,0,0,---,---,---, ---,,,0.01,499,0.11,10,
721081,鈦昇元大47購01,0,0,0,---,---,---, ---,,,0.00,0,0.10,10,
721091,穩懋元大47購01,0,0,0,---,---,---, ---,,,0.00,0,0.02,105,
721162,均豪群益47購01,0,0,0,---,---,---, ---,,,0.00,0,0.23,63,
721195,營邦凱基47購01,0,0,0,---,---,---, ---,,,0.00,0,0.10,10,
721202,世界元大46購01,0,0,0,---,---,---, ---,,,0.00,0,0.10,10,
721203,世界元大47購01,0,0,0,---,---,---, ---,,,0.00,0,0.10,10,
721215,訊聯元大46購01,0,0,0,---,---,---, ---,,,0.00,0,0.10,10,
721219,訊聯基元大47購01,0,0,0,---,---,---, ---,,,0.00,0,0.10,10,
721220,華星光元大47購01,"17,000",3,"11,620",0.71,0.76,0.64,0.64,-,0.06,0.64,499,0.65,10,
721223,鈊象元大46購02,"300,000",4,"59,500",0.21,0.21,0.18,0.18,-,0.04,0.16,499,0.17,10,
721226,鈦昇元大47購02,0,0,0,---,---,---, ---,,,0.00,0,0.10,10,
721256,光頡元富47購01,0,0,0,---,---,---, ---,,,0.00,0,0.10,25,
721262,華星光元富47購01,"86,000",9,"142,300",1.73,1.76,1.52,1.52,-,0.26,1.52,25,1.55,25,
721266,譜瑞元富47購01,0,0,0,---,---,---, ---,,,0.00,0,0.02,499,
721268,弘塑富邦46購01,0,0,0,---,---,---, ---,,,0.00,0,0.02,8,
721270,環球晶富邦46購01,0,0,0,---,---,---, ---,,,0.00,0,0.03,199,
721286,訊聯凱基47購01,0,0,0,---,---,---, ---,,,0.00,0,0.02,50,
721287,訊聯凱基47購02,0,0,0,---,---,---, ---,,,0.00,0,0.02,50,
721317,高技元大47購01,0,0,0,---,---,---, ---,,,2.93,250,0.00,0,
721377,鈦昇凱基47購01,0,0,0,---,---,---, ---,,,0.00,0,0.10,10,
721384,鈦昇兆豐47購01,0,0,0,---,---,---, ---,,,0.02,10,0.03,10,
721389,良維元大46購01,0,0,0,---,---,---, ---,,,0.07,499,0.08,10,
721392,信驊元大47購01,0,0,0,---,---,---, ---,,,0.00,0,0.02,10,
721402,雙鴻元大46購01,0,0,0,---,---,---, ---,,,0.00,0,0.10,10,
721434,信驊凱基46購01,0,0,0,---,---,---, ---,,,0.00,0,0.00,0,
721447,信驊群益47購01,0,0,0,---,---,---, ---,,,0.01,25,0.03,10,
721472,力旺元大47購01,0,0,0,---,---,---, ---,,,0.02,499,0.12,515,
721477,良維元大47購01,"531,000",3,"234,520",0.48,0.48,0.44,0.44,-,0.01,0.47,499,0.48,10,
721483,信紘科元大46購01,0,0,0,---,---,---, ---,,,0.00,0,0.01,23,
721484,信紘科元大47購01,0,0,0,---,---,---, ---,,,0.00,0,0.01,30,
721487,家登元大47購01,0,0,0,---,---,---, ---,,,0.00,0,0.10,10,
721501,雙鴻元大47購01,0,0,0,---,---,---, ---,,,0.00,0,0.08,1497,
721511,波若威群益47購01,"165,000",9,"36,250",0.23,0.23,0.21,0.21,-,0.08,0.22,100,0.23,10,
721528,雙鴻凱基46購01,0,0,0,---,---,---, ---,,,0.00,0,0.00,0,
721531,中探針元大47購01,0,0,0,---,---,---, ---,,,0.00,0,0.10,10,
721535,良維元大47購02,"23,000",3,"2,660",0.11,0.12,0.11,0.12,+,0.01,0.11,499,0.12,10,
721587,佳邦群益47購01,0,0,0,---,---,---, ---,,,0.04,25,0.05,10,
721629,鈦昇凱基47購02,0,0,0,---,---,---, ---,,,0.01,100,0.02,50,
721633,穩懋凱基47購01,0,0,0,---,---,---, ---,,,0.00,0,0.10,10,
721679,宏捷科元大46購01,0,0,0,---,---,---, ---,,,0.00,0,0.10,10,
721702,華景電統一47購01,0,0,0,---,---,---, ---,,,0.09,10,0.10,10,
721703,鈦昇統一49購01,0,0,0,---,---,---, ---,,,0.02,10,0.03,10,
721704,精材統一47購02,"1,000",1,120,0.12,0.12,0.12,0.12,+,0.11,0.00,0,0.01,10,
721705,精材統一47購03,0,0,0,---,---,---, ---,,,0.00,0,0.01,10,
721706,精材統一4B購01,"10,000",1,400,0.04,0.04,0.04,0.04,-,0.01,0.04,90,0.00,0,
721707,精材統一4B購02,0,0,0,---,---,---, ---,,,0.04,10,0.05,10,
721844,譜瑞凱基46購02,0,0,0,---,---,---, ---,,,0.00,0,0.21,20,
721847,精材富邦47購01,0,0,0,---,---,---, ---,,,0.00,0,0.10,10,
721859,東捷元大46購01,0,0,0,---,---,---, ---,,,0.00,0,0.09,20,
721882,正淩統一46購01,0,0,0,---,---,---, ---,,,0.00,0,0.01,10,
721883,系統電統一46購01,0,0,0,---,---,---, ---,,,0.01,10,0.02,10,
721884,旺矽統一47購03,"9,000",2,"3,000",0.33,0.36,0.33,0.36,-,0.04,0.33,10,0.36,10,
721885,東捷統一49購03,0,0,0,---,---,---, ---,,,0.01,509,0.02,10,
721886,東捷統一51購01,0,0,0,---,---,---, ---,,,0.11,10,0.12,10,
721887,倉和統一49購01,0,0,0,---,---,---, ---,,,0.01,509,0.02,10,
721888,泰茂統一51購01,0,0,0,---,---,---, ---,,,0.13,10,0.15,10,
721889,晟德統一47購01,"10,000",1,200,0.02,0.02,0.02,0.02,-,0.01,0.02,10,0.03,10,
721890,雍智統一48購01,0,0,0,---,---,---, ---,,,0.08,10,0.09,10,
721891,精材統一49購02,0,0,0,---,---,---, ---,,,0.02,10,0.03,10,
721892,德微統一4B購01,0,0,0,---,---,---, ---,,,0.00,0,0.00,0,
721893,穩懋統一47購02,0,0,0,---,---,---, ---,,,0.00,0,0.00,0,
721894,穩懋統一47購03,0,0,0,---,---,---, ---,,,0.00,0,0.01,10,
721895,鑫科統一47購01,"20,000",1,"1,400",0.07,0.07,0.07,0.07,-,0.03,0.07,10,0.08,10,
721953,雍智元大46購02,0,0,0,---,---,---, ---,,,0.00,0,0.01,100,
721991,新潤國票46購01,0,0,0,---,---,---, ---,,,0.01,25,0.02,10,
721995,正淩統一51購01,0,0,0,---,---,---, ---,,,0.11,10,0.20,10,
721996,宏碁資統一47購01,0,0,0,---,---,---, ---,,,0.00,0,0.01,10,
721997,旺矽統一47購04,"257,000",8,"168,780",0.65,0.67,0.64,0.65,-,0.08,0.63,10,0.64,10,
721998,東捷統一49購04,0,0,0,---,---,---, ---,,,0.02,10,0.03,10,
721999,茂迪統一47購01,0,0,0,---,---,---, ---,,,0.00,0,0.01,10,
722000,茂迪統一47購02,0,0,0,---,---,---, ---,,,0.00,0,0.01,10,
722001,神盾統一46購03,0,0,0,---,---,---, ---,,,0.00,0,0.01,10,
722002,神盾統一49購01,0,0,0,---,---,---, ---,,,0.00,0,0.01,10,
722003,神盾統一51購01,0,0,0,---,---,---, ---,,,0.02,10,0.10,10,
722004,晟德統一49購01,0,0,0,---,---,---, ---,,,0.11,10,0.12,10,
722005,鈦昇統一4B購01,0,0,0,---,---,---, ---,,,0.05,10,0.06,10,
722006,德微統一47購03,0,0,0,---,---,---, ---,,,0.00,0,0.01,10,
722007,龍巖統一47購01,0,0,0,---,---,---, ---,,,0.25,10,0.26,10,
722008,擎亞統一4B購01,"183,000",6,"68,610",0.40,0.40,0.37,0.37,-,0.03,0.38,10,0.39,10,
722009,穩懋統一47購04,0,0,0,---,---,---, ---,,,0.00,0,0.01,20,
722010,耀勝統一49購02,0,0,0,---,---,---, ---,,,0.00,0,0.00,0,
722063,茂達元富47購01,0,0,0,---,---,---, ---,,,0.03,25,0.13,115,
722076,巨有國票46購01,0,0,0,---,---,---, ---,,,0.00,0,0.00,0,
722093,大樹群益47購01,0,0,0,---,---,---, ---,,,0.01,25,0.03,10,
722110,安國元富47購01,0,0,0,---,---,---, ---,,,0.00,0,0.10,10,
722120,大樹凱基47購01,0,0,0,---,---,---, ---,,,0.01,20,0.10,35,
722190,兆利兆豐47購01,0,0,0,---,---,---, ---,,,0.06,10,0.07,10,
722196,中美晶統一46購01,0,0,0,---,---,---, ---,,,0.00,0,0.00,0,
722197,正淩統一47購01,0,0,0,---,---,---, ---,,,0.03,10,0.04,10,
722198,先進光統一46購01,0,0,0,---,---,---, ---,,,0.00,0,0.01,65,
722199,先進光統一47購01,0,0,0,---,---,---, ---,,,0.00,0,0.01,10,
722200,先進光統一49購01,0,0,0,---,---,---, ---,,,0.02,10,0.03,10,
722201,先進光統一4C購02,0,0,0,---,---,---, ---,,,0.03,10,0.04,10,
722202,宏碁資統一47購02,0,0,0,---,---,---, ---,,,0.06,10,0.07,10,
722203,東捷統一47購01,0,0,0,---,---,---, ---,,,0.00,0,0.01,10,
722204,信音統一4A購01,0,0,0,---,---,---, ---,,,0.05,10,0.10,10,
722205,信紘科統一47購04,"35,000",1,"4,550",0.13,0.13,0.13,0.13,-,0.02,0.13,10,0.14,10,
722206,晟德統一4C購01,0,0,0,---,---,---, ---,,,0.23,10,0.24,10,
722207,智崴統一47購01,0,0,0,---,---,---, ---,,,0.00,0,0.01,200,
722208,碩禾統一49購02,0,0,0,---,---,---, ---,,,0.01,10,0.02,10,
722209,精材統一4B購03,0,0,0,---,---,---, ---,,,0.08,10,0.10,10,
722210,擎亞統一4A購01,0,0,0,---,---,---, ---,,,0.38,10,0.39,10,
722211,雙鴻統一46購02,0,0,0,---,---,---, ---,,,0.00,0,0.01,509,
722212,穩懋統一47購05,0,0,0,---,---,---, ---,,,0.00,0,0.00,0,
722215,國債20群益51購01,"62,000",2,"2,480",0.04,0.04,0.04,0.04,+,0.01,0.03,524,0.04,392,
722218,鈊象群益47購02,0,0,0,---,---,---, ---,,,0.19,100,0.20,100,
722219,歐買尬群益47購01,"510,000",5,"15,000",0.03,0.03,0.02,0.02,-,0.01,0.02,25,0.04,10,
722261,雙鴻元富4A購01,"42,000",3,"11,520",0.28,0.28,0.26,0.26,-,0.02,0.26,25,0.27,25,
722270,台燿統一47購01,"49,000",1,"14,700",0.30,0.30,0.30,0.30,-,0.02,0.27,10,0.28,10,
722271,正淩統一49購01,0,0,0,---,---,---, ---,,,0.24,10,0.25,10,
722272,先進光統一47購02,0,0,0,---,---,---, ---,,,0.06,10,0.07,10,
722273,先進光統一47購03,0,0,0,---,---,---, ---,,,0.00,0,0.01,10,
722274,宏碁資統一47購03,0,0,0,---,---,---, ---,,,0.05,10,0.06,10,
722275,系統電統一47購03,"100,000",1,"3,000",0.03,0.03,0.03,0.03,-,0.01,0.02,10,0.03,10,
722276,信紘科統一46購01,0,0,0,---,---,---, ---,,,0.13,10,0.14,10,
722277,威剛統一47購02,0,0,0,---,---,---, ---,,,0.11,10,0.12,10,
722278,家登統一46購01,0,0,0,---,---,---, ---,,,0.00,0,0.01,10,
722279,智崴統一47購02,0,0,0,---,---,---, ---,,,0.00,0,0.01,10,
722280,鈦昇統一4B購02,0,0,0,---,---,---, ---,,,0.05,10,0.10,10,
722281,精材統一46購01,0,0,0,---,---,---, ---,,,0.00,0,0.01,10,
722282,精材統一47購04,0,0,0,---,---,---, ---,,,0.01,10,0.02,10,
722283,精材統一4B購04,0,0,0,---,---,---, ---,,,0.10,10,0.12,10,
722284,擎亞統一47購01,"25,000",2,"13,150",0.53,0.53,0.51,0.51,-,0.04,0.54,10,0.55,10,
722285,環球晶統一47購01,0,0,0,---,---,---, ---,,,0.00,0,0.01,10,
722286,友威科凱基47購01,0,0,0,---,---,---, ---,,,0.01,100,0.02,50,
722311,先進光元大47購01,0,0,0,---,---,---, ---,,,0.00,0,0.10,10,
722322,順達國票47購01,0,0,0,---,---,---, ---,,,3.39,25,3.49,10,
722343,威剛富邦46購01,0,0,0,---,---,---, ---,,,0.31,30,0.32,10,
722346,千附精統一47購01,"30,000",1,"8,700",0.29,0.29,0.29,0.29,-,0.04,0.29,10,0.30,10,
722347,正基統一46購01,0,0,0,---,---,---, ---,,,0.00,0,0.01,10,
722348,正基統一51購01,0,0,0,---,---,---, ---,,,0.05,15,0.10,10,
722349,永信建統一47購01,0,0,0,---,---,---, ---,,,0.00,0,0.01,20,
722350,兆利統一4B購01,0,0,0,---,---,---, ---,,,0.14,10,0.15,10,
722351,先進光統一47購04,0,0,0,---,---,---, ---,,,0.00,0,0.01,10,
722352,先進光統一49購02,0,0,0,---,---,---, ---,,,0.01,10,0.02,10,
722353,先進光統一57購01,0,0,0,---,---,---, ---,,,0.12,10,0.17,10,
722354,系統電統一57購01,0,0,0,---,---,---, ---,,,0.37,10,0.38,10,
722356,東捷統一47購02,0,0,0,---,---,---, ---,,,0.00,0,0.01,10,
722357,東捷統一4B購01,0,0,0,---,---,---, ---,,,0.04,10,0.05,10,
722358,金居統一47購01,0,0,0,---,---,---, ---,,,0.07,10,0.08,10,
722359,信驊統一46購02,"6,000",1,720,0.12,0.12,0.12,0.12,-,0.01,0.03,10,0.04,10,
722360,家登統一51購01,0,0,0,---,---,---, ---,,,0.16,10,0.17,10,
722361,晟德統一47購02,0,0,0,---,---,---, ---,,,0.06,10,0.07,10,
722362,晟德統一47購03,0,0,0,---,---,---, ---,,,0.06,10,0.07,10,
722363,智擎統一47購01,0,0,0,---,---,---, ---,,,0.16,10,0.17,10,
722364,鈦昇統一46購02,0,0,0,---,---,---, ---,,,0.01,10,0.02,10,
722365,群聯統一45購05,0,0,0,---,---,---, ---,,,0.01,10,0.02,10,
722366,群聯統一47購02,"200,000",1,"30,000",0.15,0.15,0.15,0.15,-,0.03,0.16,10,0.17,10,
722367,精材統一47購05,0,0,0,---,---,---, ---,,,0.07,10,0.08,10,
722368,精材統一49購03,0,0,0,---,---,---, ---,,,0.04,10,0.05,10,
722369,環球晶統一47購02,0,0,0,---,---,---, ---,,,0.00,0,0.01,10,
722370,醫揚統一46購01,0,0,0,---,---,---, ---,,,0.00,0,0.01,10,
722383,先進光元大46購01,0,0,0,---,---,---, ---,,,0.00,0,0.10,10,
722384,先進光元大47購02,0,0,0,---,---,---, ---,,,0.00,0,0.09,44,
722391,環球晶元大47購01,0,0,0,---,---,---, ---,,,0.00,0,0.02,80,
722414,宏捷科兆豐47購01,"10,000",1,900,0.09,0.09,0.09,0.09,-,0.0,0.08,10,0.09,10,
722416,千附精統一47購02,"330,000",6,"70,310",0.22,0.23,0.20,0.20,-,0.03,0.19,10,0.20,10,
722417,中美晶統一47購01,0,0,0,---,---,---, ---,,,0.00,0,0.01,10,
722418,伍豐統一47購01,0,0,0,---,---,---, ---,,,0.02,10,0.03,10,
722419,兆利統一46購04,0,0,0,---,---,---, ---,,,0.00,0,0.01,10,
722420,先進光統一47購05,0,0,0,---,---,---, ---,,,0.00,0,0.00,0,
722421,先進光統一47購06,0,0,0,---,---,---, ---,,,0.07,10,0.08,10,
722422,系統電統一47購04,0,0,0,---,---,---, ---,,,0.06,10,0.07,10,
722423,宜特統一46購02,0,0,0,---,---,---, ---,,,0.01,10,0.02,10,
722424,金居統一47購02,0,0,0,---,---,---, ---,,,0.05,10,0.06,10,
722425,佶優統一47購01,0,0,0,---,---,---, ---,,,0.13,10,0.14,10,
722426,華景電統一47購02,0,0,0,---,---,---, ---,,,0.32,10,0.33,10,
722427,順達統一47購01,0,0,0,---,---,---, ---,,,1.93,10,1.94,10,
722428,雷科統一56購01,0,0,0,---,---,---, ---,,,0.21,10,0.22,10,
722429,雷科統一57購01,0,0,0,---,---,---, ---,,,0.18,10,0.19,10,
722430,擎亞統一47購02,0,0,0,---,---,---, ---,,,0.52,10,0.53,10,
722431,擎亞統一4C購01,"16,000",2,"9,760",0.61,0.61,0.61,0.61,-,0.02,0.60,10,0.61,10,
722432,雙鴻統一46購03,0,0,0,---,---,---, ---,,,0.00,0,0.01,10,
722433,穩懋統一47購06,0,0,0,---,---,---, ---,,,0.00,0,0.01,10,
722458,先進光元大46購02,0,0,0,---,---,---, ---,,,0.00,0,0.09,4,
722464,鈊象元大46購03,0,0,0,---,---,---, ---,,,0.00,0,0.01,25,
722467,群聯元大47購01,"48,000",2,"17,160",0.37,0.37,0.34,0.34,-,0.04,0.33,499,0.34,10,
722489,協易機富邦46購01,0,0,0,---,---,---, ---,,,0.00,0,0.10,10,
722514,世界統一47購02,"10,000",1,100,0.01,0.01,0.01,0.01,-,0.01,0.01,90,0.04,1,
722515,台燿統一47購02,0,0,0,---,---,---, ---,,,0.39,10,0.40,10,
722516,台燿統一47購03,"97,000",2,"29,100",0.30,0.30,0.30,0.30,-,0.02,0.28,10,0.29,10,
722517,永信建統一52購01,0,0,0,---,---,---, ---,,,0.05,10,0.14,10,
722518,永信建統一52購02,0,0,0,---,---,---, ---,,,0.05,10,0.14,10,
722519,先進光統一46購02,0,0,0,---,---,---, ---,,,0.00,0,0.00,0,
722520,系統電統一47購05,0,0,0,---,---,---, ---,,,0.17,10,0.18,10,
722521,系統電統一47購06,0,0,0,---,---,---, ---,,,0.12,10,0.13,10,
722522,協易機統一47購01,0,0,0,---,---,---, ---,,,0.02,10,0.03,10,
722523,協易機統一49購01,0,0,0,---,---,---, ---,,,0.04,10,0.05,10,
722524,協易機統一53購01,0,0,0,---,---,---, ---,,,0.13,10,0.14,10,
722526,凌陽創統一46購01,0,0,0,---,---,---, ---,,,0.01,10,0.02,10,
722527,晟德統一57購01,0,0,0,---,---,---, ---,,,0.36,10,0.37,10,
722528,智擎統一46購02,0,0,0,---,---,---, ---,,,0.13,10,0.14,10,
722529,鈊象統一47購01,0,0,0,---,---,---, ---,,,0.29,10,0.30,10,
722530,鈊象統一47購02,0,0,0,---,---,---, ---,,,0.21,10,0.22,10,
722531,鈊象統一52購01,"6,000",2,"1,500",0.30,0.30,0.24,0.24,-,0.0,0.23,100,0.24,30,
722532,雷科統一46購01,0,0,0,---,---,---, ---,,,0.00,0,0.01,10,
722533,廣運統一52購01,0,0,0,---,---,---, ---,,,0.25,10,0.26,10,
722534,穩懋統一46購01,0,0,0,---,---,---, ---,,,0.00,0,0.01,10,
722535,穩懋統一47購07,0,0,0,---,---,---, ---,,,0.00,0,0.01,10,
722536,鑫龍騰統一52購01,0,0,0,---,---,---, ---,,,0.12,10,0.16,10,
722541,廣運元富46購01,0,0,0,---,---,---, ---,,,0.00,0,0.10,10,
722565,元太統一48購01,"20,000",1,400,0.02,0.02,0.02,0.02,-,0.01,0.02,10,0.03,10,
722566,台燿統一47購04,0,0,0,---,---,---, ---,,,0.20,10,0.21,10,
722567,永信建統一47購02,0,0,0,---,---,---, ---,,,0.00,0,0.00,0,
722568,先進光統一47購07,0,0,0,---,---,---, ---,,,0.00,0,0.01,10,
722569,安國統一48購01,0,0,0,---,---,---, ---,,,0.00,0,0.01,10,
722570,安國統一48購02,0,0,0,---,---,---, ---,,,0.00,0,0.01,10,
722571,安國統一4A購01,0,0,0,---,---,---, ---,,,0.00,0,0.06,25,
722572,晟德統一58購01,0,0,0,---,---,---, ---,,,0.32,10,0.33,10,
722573,華景電統一52購01,"24,000",4,"11,550",0.48,0.49,0.48,0.48,-,0.01,0.48,10,0.49,10,
722575,雍智統一4C購01,0,0,0,---,---,---, ---,,,0.16,10,0.17,10,
722576,擎亞統一49購01,0,0,0,---,---,---, ---,,,0.77,10,0.78,10,
722577,鑫龍騰統一48購01,0,0,0,---,---,---, ---,,,0.01,10,0.02,10,
722581,先進光凱基47購01,0,0,0,---,---,---, ---,,,0.00,0,0.10,10,
722588,萬泰科凱基46購01,0,0,0,---,---,---, ---,,,0.00,0,0.01,48,
722599,雙鴻群益48購01,0,0,0,---,---,---, ---,,,0.02,10,0.00,0,
722606,鈊象元大46購04,0,0,0,---,---,---, ---,,,0.00,0,0.10,10,
722609,群聯元大48購01,0,0,0,---,---,---, ---,,,0.46,499,0.56,10,
722612,精材元大48購01,0,0,0,---,---,---, ---,,,0.00,0,0.10,10,
722629,譜瑞元富48購01,"2,000",1,280,0.14,0.14,0.14,0.14,-,0.01,0.14,25,0.15,25,
722644,精材元大48購02,0,0,0,---,---,---, ---,,,0.00,0,0.10,10,
722645,雙鴻元大48購01,0,0,0,---,---,---, ---,,,0.00,0,0.00,0,
722646,穩懋元大48購01,0,0,0,---,---,---, ---,,,0.00,0,0.10,10,
722669,群聯凱基48購01,0,0,0,---,---,---, ---,,,0.31,100,0.32,50,
722672,台燿統一47購05,"499,000",1,"84,830",0.17,0.17,0.17,0.17,-,0.03,0.17,10,0.18,10,
722673,永信建統一48購02,0,0,0,---,---,---, ---,,,0.00,0,0.01,10,
722674,永信建統一48購03,0,0,0,---,---,---, ---,,,0.00,0,0.01,10,
722675,先進光統一58購01,0,0,0,---,---,---, ---,,,0.13,10,0.14,10,
722676,合晶統一48購01,0,0,0,---,---,---, ---,,,0.01,10,0.02,10,
722677,宏捷科統一48購01,0,0,0,---,---,---, ---,,,0.02,10,0.03,10,
722678,東捷統一52購01,0,0,0,---,---,---, ---,,,0.12,10,0.13,10,
722679,金居統一52購01,"25,000",2,"5,550",0.23,0.23,0.22,0.22,+,0.01,0.21,10,0.22,10,
722680,晟德統一48購01,0,0,0,---,---,---, ---,,,0.17,10,0.18,10,
722681,群翊統一48購01,0,0,0,---,---,---, ---,,,0.02,10,0.03,10,
722682,精材統一4A購01,0,0,0,---,---,---, ---,,,0.02,10,0.03,10,
722683,精材統一52購01,0,0,0,---,---,---, ---,,,0.07,10,0.10,10,
722684,廣運統一48購04,"10,000",1,100,0.01,0.01,0.01,0.01,-,0.01,0.01,40,0.03,30,
722685,營邦統一52購01,"27,000",1,"7,560",0.28,0.28,0.28,0.28,-,0.02,0.26,10,0.27,10,
722686,雙鴻統一47購03,0,0,0,---,---,---, ---,,,0.04,10,0.05,10,
722687,雙鴻統一48購04,0,0,0,---,---,---, ---,,,0.11,10,0.12,10,
722688,雙鴻統一52購01,"40,000",2,"13,400",0.34,0.34,0.33,0.33,-,0.01,0.32,10,0.33,10,
722689,穩懋統一47購08,0,0,0,---,---,---, ---,,,0.00,0,0.01,10,
722690,穩懋統一48購01,0,0,0,---,---,---, ---,,,0.00,0,0.01,40,
722691,鑫龍騰統一52購02,0,0,0,---,---,---, ---,,,0.09,10,0.10,10,
722693,元債20群益47購01,0,0,0,---,---,---, ---,,,0.00,0,0.00,0,
722701,福裕群益48購01,0,0,0,---,---,---, ---,,,0.00,0,0.00,0,
722714,聯亞元富48購01,0,0,0,---,---,---, ---,,,0.00,0,0.00,0,
722717,宏捷科統一48購02,0,0,0,---,---,---, ---,,,0.09,10,0.10,10,
722718,宏捷科統一48購03,0,0,0,---,---,---, ---,,,0.05,10,0.06,10,
722719,金居統一48購01,"103,000",3,"13,410",0.14,0.14,0.13,0.13,-,0.0,0.12,10,0.13,10,
722720,智崴統一52購01,0,0,0,---,---,---, ---,,,0.10,10,0.11,10,
722721,新復興統一48購01,0,0,0,---,---,---, ---,,,0.00,0,0.01,10,
722722,新復興統一58購01,0,0,0,---,---,---, ---,,,0.17,10,0.18,10,
722723,新復興統一58購02,0,0,0,---,---,---, ---,,,0.10,10,0.11,10,
722724,群聯統一48購01,"30,000",2,"7,300",0.25,0.25,0.24,0.24,-,0.02,0.24,10,0.25,10,
722725,精材統一48購01,0,0,0,---,---,---, ---,,,0.01,10,0.02,10,
722726,精材統一58購01,0,0,0,---,---,---, ---,,,0.10,10,0.11,10,
722727,廣運統一48購05,0,0,0,---,---,---, ---,,,0.06,10,0.07,10,
722728,廣運統一58購01,"309,000",2,"64,890",0.21,0.21,0.21,0.21,-,0.03,0.20,10,0.21,10,
722729,雙鴻統一48購05,0,0,0,---,---,---, ---,,,0.19,10,0.20,10,
722730,雙鴻統一48購06,0,0,0,---,---,---, ---,,,0.16,10,0.17,10,
722731,雙鴻統一58購01,0,0,0,---,---,---, ---,,,0.34,10,0.35,10,
722732,穩懋統一47購09,0,0,0,---,---,---, ---,,,0.05,10,0.06,10,
722733,穩懋統一4A購01,0,0,0,---,---,---, ---,,,0.04,10,0.10,10,
722734,鑫龍騰統一48購02,0,0,0,---,---,---, ---,,,0.03,10,0.04,10,
722754,穩懋元大48購02,0,0,0,---,---,---, ---,,,0.01,998,0.11,10,
722757,譜瑞元大46購02,0,0,0,---,---,---, ---,,,0.00,0,0.10,10,
722772,東捷國票46購01,0,0,0,---,---,---, ---,,,0.00,0,0.00,0,
722783,鑫龍騰國票46購01,0,0,0,---,---,---, ---,,,0.00,0,0.00,0,
722784,鑫龍騰國票48購01,0,0,0,---,---,---, ---,,,0.01,25,0.02,10,
722797,元債20凱基47購01,0,0,0,---,---,---, ---,,,0.00,0,0.00,0,
722800,東捷凱基47購01,0,0,0,---,---,---, ---,,,0.00,0,0.10,10,
722802,家登凱基47購01,0,0,0,---,---,---, ---,,,0.00,0,0.10,10,
722858,福裕凱基48購01,0,0,0,---,---,---, ---,,,0.00,0,0.01,104,
722859,鑫龍騰凱基46購01,0,0,0,---,---,---, ---,,,0.00,0,0.00,0,
722860,台半統一48購01,0,0,0,---,---,---, ---,,,0.03,10,0.04,10,
722861,台燿統一48購03,0,0,0,---,---,---, ---,,,0.33,10,0.34,10,
722862,正基統一48購02,0,0,0,---,---,---, ---,,,0.00,0,0.00,0,
722863,宏捷科統一47購01,0,0,0,---,---,---, ---,,,0.02,10,0.03,10,
722864,宏捷科統一4C購01,0,0,0,---,---,---, ---,,,0.10,10,0.13,10,
722865,宏捷科統一58購01,0,0,0,---,---,---, ---,,,0.25,10,0.26,10,
722866,原相統一48購02,"96,000",2,"60,800",0.64,0.64,0.60,0.60,-,0.06,0.59,10,0.60,10,
722867,家登統一48購01,0,0,0,---,---,---, ---,,,0.08,10,0.09,10,
722868,創惟統一48購01,"10,000",1,"22,000",2.20,2.20,2.20,2.20,-,0.09,2.24,10,2.25,10,
722869,翔名統一47購01,0,0,0,---,---,---, ---,,,0.02,10,0.03,10,
722872,新復興統一48購02,0,0,0,---,---,---, ---,,,0.01,10,0.02,10,
722873,新復興統一4C購01,0,0,0,---,---,---, ---,,,0.08,10,0.10,10,
722874,新復興統一52購01,0,0,0,---,---,---, ---,,,0.09,10,0.10,10,
722875,新復興統一52購02,"10,000",1,700,0.07,0.07,0.07,0.07,-,0.0,0.06,10,0.00,0,
722876,雷科統一49購01,0,0,0,---,---,---, ---,,,0.01,1008,0.02,10,
722877,精材統一48購02,0,0,0,---,---,---, ---,,,0.01,10,0.02,10,
722878,廣運統一48購06,0,0,0,---,---,---, ---,,,0.02,10,0.03,10,
722879,廣運統一4A購03,0,0,0,---,---,---, ---,,,0.11,10,0.12,10,
722880,廣運統一58購02,"424,000",4,"96,520",0.22,0.23,0.22,0.23,-,0.02,0.22,10,0.23,10,
722881,廣運統一58購03,0,0,0,---,---,---, ---,,,0.24,10,0.25,10,
722882,廣積統一48購01,0,0,0,---,---,---, ---,,,0.03,10,0.04,10,
722883,雙鴻統一4C購01,0,0,0,---,---,---, ---,,,0.55,10,0.56,10,
722884,雙鴻統一58購02,0,0,0,---,---,---, ---,,,0.38,10,0.39,10,
722889,雙鴻統一52購02,0,0,0,---,---,---, ---,,,0.71,10,0.72,10,
722912,雙鴻統一4C購02,"20,000",1,"14,400",0.72,0.72,0.72,0.72,-,0.01,0.70,10,0.71,10,
722914,環球晶富邦46購02,0,0,0,---,---,---, ---,,,0.00,0,0.01,409,
722929,雙鴻元大48購02,"83,000",3,"68,340",0.81,0.83,0.78,0.78,-,0.08,0.30,33,0.95,300,
722936,安國凱基46購01,0,0,0,---,---,---, ---,,,0.00,0,0.00,0,
722939,先進光統一4B購01,0,0,0,---,---,---, ---,,,0.06,10,0.07,10,
722940,先進光統一4C購03,0,0,0,---,---,---, ---,,,0.04,10,0.05,10,
722941,安國統一4A購02,0,0,0,---,---,---, ---,,,0.00,0,0.29,11,
722942,安國統一54購01,0,0,0,---,---,---, ---,,,0.08,10,0.14,10,
722943,安國統一56購01,"234,000",9,"26,690",0.12,0.12,0.11,0.11,-,0.03,0.11,45,0.14,10,
722944,安國統一58購01,0,0,0,---,---,---, ---,,,0.14,210,0.21,68,
722945,前鼎統一51購01,0,0,0,---,---,---, ---,,,0.40,10,0.41,10,
722946,原相統一52購01,"301,000",6,"271,430",0.93,0.93,0.89,0.89,-,0.05,0.90,10,0.91,10,
722947,創惟統一4C購01,0,0,0,---,---,---, ---,,,1.66,10,1.69,10,
722948,富喬統一4C購01,"61,000",4,"60,280",0.95,1.01,0.93,0.93,+,0.02,0.92,10,0.93,10,
722958,頎邦元富48購01,0,0,0,---,---,---, ---,,,0.62,25,0.63,25,
722962,原相富邦46購01,0,0,0,---,---,---, ---,,,1.67,30,1.68,10,
722965,振曜群益48購01,"500,000",4,"195,000",0.39,0.39,0.39,0.39,-,0.0,0.39,25,0.40,10,
722972,雙鴻凱基46購02,0,0,0,---,---,---, ---,,,0.11,100,0.00,0,
722982,世界元富48購01,0,0,0,---,---,---, ---,,,0.06,25,0.10,20,
722984,兆利統一47購03,0,0,0,---,---,---, ---,,,0.01,10,0.02,10,
722985,宏捷科統一4C購02,0,0,0,---,---,---, ---,,,0.22,10,0.23,10,
722986,系統電統一4C購01,0,0,0,---,---,---, ---,,,0.32,10,0.33,10,
722987,茂迪統一4C購01,"6,000",2,"1,260",0.21,0.21,0.21,0.21,-,0.0,0.20,10,0.21,10,
722988,倉和統一52購01,0,0,0,---,---,---, ---,,,0.17,10,0.18,10,
722989,神準統一4C購01,"48,000",1,"35,520",0.74,0.74,0.74,0.74,+,0.01,0.65,20,0.66,10,
722990,創惟統一47購01,0,0,0,---,---,---, ---,,,2.59,10,2.60,10,
722991,智擎統一4C購01,"100,000",1,"53,000",0.53,0.53,0.53,0.53,+,0.01,0.52,10,0.53,10,
722992,華星光統一51購01,0,0,0,---,---,---, ---,,,1.56,10,1.58,10,
722993,雙鴻統一4A購02,"1,000",1,450,0.45,0.45,0.45,0.45,-,0.02,0.46,10,0.47,10,
722994,穩懋統一4C購01,"96,000",1,"12,480",0.13,0.13,0.13,0.13,-,0.02,0.13,10,0.14,10,
722996,創惟富邦46購01,0,0,0,---,---,---, ---,,,3.12,30,3.13,10,
723007,元太統一4C購01,0,0,0,---,---,---, ---,,,0.11,20,0.20,68,
723008,佶優統一4C購01,0,0,0,---,---,---, ---,,,0.32,10,0.33,10,
723009,昱展統一52購01,0,0,0,---,---,---, ---,,,0.26,10,0.27,10,
723010,勤凱統一4B購01,0,0,0,---,---,---, ---,,,0.28,10,0.29,10,
723011,新復興統一48購03,0,0,0,---,---,---, ---,,,0.00,0,0.01,10,
723012,碩禾統一4C購01,0,0,0,---,---,---, ---,,,0.09,10,0.10,10,
723034,元太群益48購01,0,0,0,---,---,---, ---,,,0.01,499,0.11,10,
723044,邦特統一4C購01,0,0,0,---,---,---, ---,,,0.23,10,0.24,10,
723045,高技統一4C購01,"45,000",7,"82,700",1.88,1.88,1.81,1.83,-,0.11,1.83,3,1.89,10,
723047,元債20永豐46購01,0,0,0,---,---,---, ---,,,0.00,0,0.00,0,
723050,元太元富48購01,0,0,0,---,---,---, ---,,,0.06,25,0.10,10,
723075,弘塑富邦46購02,0,0,0,---,---,---, ---,,,0.00,0,0.05,50,
723076,倉和富邦46購01,0,0,0,---,---,---, ---,,,0.00,0,0.00,0,
723083,弘塑元大47購01,0,0,0,---,---,---, ---,,,0.00,0,0.10,10,
723084,弘塑元大48購01,0,0,0,---,---,---, ---,,,0.02,499,0.09,200,
723088,新復興元大48購01,0,0,0,---,---,---, ---,,,0.00,0,0.05,30,
723094,旺矽統一46購02,0,0,0,---,---,---, ---,,,0.51,10,0.52,10,
723095,南俊統一4C購01,0,0,0,---,---,---, ---,,,0.21,10,0.22,10,
723096,晶呈統一52購01,0,0,0,---,---,---, ---,,,0.08,10,0.10,10,
723125,精剛元富48購01,0,0,0,---,---,---, ---,,,0.07,25,0.10,10,
723129,千附精統一4C購01,0,0,0,---,---,---, ---,,,0.50,10,0.51,10,
723130,旺矽統一48購03,"69,000",6,"49,350",0.72,0.72,0.67,0.67,-,0.05,0.68,10,0.69,10,
723131,旺矽統一4C購03,"38,000",3,"15,250",0.40,0.41,0.40,0.40,-,0.02,0.40,10,0.41,10,
723132,旺矽統一58購01,"178,000",7,"94,010",0.52,0.53,0.51,0.51,-,0.02,0.51,10,0.52,10,
723133,智崴統一52購02,0,0,0,---,---,---, ---,,,0.08,10,0.10,10,
723134,雙鴻統一48購07,0,0,0,---,---,---, ---,,,0.16,10,0.17,10,
723161,同致元富48購01,0,0,0,---,---,---, ---,,,0.13,25,0.14,25,
723192,元太統一47購01,0,0,0,---,---,---, ---,,,0.01,10,0.03,60,
723193,兆利統一49購01,0,0,0,---,---,---, ---,,,0.06,10,0.08,10,
723194,兆利統一4C購01,0,0,0,---,---,---, ---,,,0.13,10,0.14,10,
723195,昱展統一58購01,0,0,0,---,---,---, ---,,,0.35,10,0.36,10,
723196,原相統一48購03,"100,000",2,"41,000",0.41,0.41,0.41,0.41,-,0.05,0.40,10,0.41,10,
723197,智通統一48購01,0,0,0,---,---,---, ---,,,0.33,10,0.34,10,
723198,翔名統一4B購01,0,0,0,---,---,---, ---,,,0.12,10,0.13,10,
723235,宜特國票46購01,0,0,0,---,---,---, ---,,,0.00,0,0.00,0,
723243,雙鴻凱基46購03,0,0,0,---,---,---, ---,,,0.01,100,0.11,10,
723246,原相統一48購04,0,0,0,---,---,---, ---,,,0.34,10,0.35,10,
723247,鈦昇統一52購01,0,0,0,---,---,---, ---,,,0.26,10,0.27,10,
723248,環球晶統一48購01,"250,000",6,"4,350",0.02,0.03,0.01,0.01,-,0.0,0.01,100,0.05,152,
723256,優群元富48購01,"3,000",2,"2,850",0.96,0.96,0.93,0.93,-,0.04,0.93,25,0.94,25,
723266,信驊群益48購01,0,0,0,---,---,---, ---,,,0.14,100,0.15,100,
723273,元債20元大46購01,0,0,0,---,---,---, ---,,,0.00,0,0.09,4,
723286,元太統一48購02,0,0,0,---,---,---, ---,,,0.01,909,0.02,10,
723287,巨有統一58購01,0,0,0,---,---,---, ---,,,0.37,10,0.38,10,
723288,巨有統一58購02,0,0,0,---,---,---, ---,,,0.32,10,0.33,10,
723289,巨有統一58購03,0,0,0,---,---,---, ---,,,0.32,10,0.33,10,
723290,波若威統一58購01,0,0,0,---,---,---, ---,,,0.67,10,0.68,10,
723291,凌陽創統一4C購01,0,0,0,---,---,---, ---,,,0.20,10,0.21,10,
723292,神盾統一58購01,0,0,0,---,---,---, ---,,,0.07,10,0.10,10,
723293,創惟統一4B購02,0,0,0,---,---,---, ---,,,1.52,10,1.53,10,
723294,創惟統一4B購03,0,0,0,---,---,---, ---,,,1.39,10,1.40,10,
723295,湧德統一52購01,0,0,0,---,---,---, ---,,,0.40,10,0.41,10,
723296,勤凱統一4C購01,0,0,0,---,---,---, ---,,,0.26,10,0.27,10,
723297,碩禾統一52購01,0,0,0,---,---,---, ---,,,0.11,10,0.15,10,
723298,精材統一48購03,0,0,0,---,---,---, ---,,,0.00,0,0.00,0,
723311,鈊象元富48購01,0,0,0,---,---,---, ---,,,0.50,25,0.51,25,
723335,波若威富邦47購01,"207,000",3,"55,910",0.28,0.28,0.27,0.27,-,0.05,0.26,30,0.27,10,
723352,精剛元大47購01,0,0,0,---,---,---, ---,,,0.00,0,0.10,10,
723357,新復興第一48購01,0,0,0,---,---,---, ---,,,0.02,10,0.08,10,
723360,元太元富48購02,"25,000",1,"2,750",0.11,0.11,0.11,0.11,-,0.0,0.10,25,0.11,26,
723361,台燿元富48購01,"77,000",1,"72,380",0.94,0.94,0.94,0.94,+,0.01,0.86,25,0.88,25,
723364,先進光元富48購01,0,0,0,---,---,---, ---,,,0.01,25,0.10,10,
723365,前鼎元富48購01,0,0,0,---,---,---, ---,,,0.15,25,0.17,25,
723366,華星光元富48購01,0,0,0,---,---,---, ---,,,3.44,25,3.54,10,
723368,鈊象元富52購05,"3,000",3,"19,550",6.55,6.55,6.50,6.50,-,0.0,6.35,25,6.40,25,
723370,鈦昇兆豐48購01,0,0,0,---,---,---, ---,,,0.18,10,0.19,10,
723375,世界凱基46購01,0,0,0,---,---,---, ---,,,0.00,0,0.02,50,
723380,雙鴻凱基47購03,0,0,0,---,---,---, ---,,,0.10,100,0.20,10,
723386,鈦昇群益46購01,0,0,0,---,---,---, ---,,,0.01,499,0.11,10,
723397,精材元大46購02,0,0,0,---,---,---, ---,,,0.00,0,0.10,10,
723407,巨有統一52購01,0,0,0,---,---,---, ---,,,0.22,10,0.23,10,
723408,巨有統一52購02,0,0,0,---,---,---, ---,,,0.20,10,0.21,10,
723409,巨有統一53購01,0,0,0,---,---,---, ---,,,0.19,10,0.20,10,
723410,巨有統一54購01,0,0,0,---,---,---, ---,,,0.18,10,0.19,10,
723411,巨有統一58購04,0,0,0,---,---,---, ---,,,0.24,10,0.25,10,
723412,神準統一48購01,"11,000",5,"3,580",0.34,0.34,0.31,0.31,-,0.06,0.30,10,0.31,7,
723413,創惟統一48購02,"110,000",7,"132,550",1.21,1.23,1.16,1.23,-,0.02,1.17,10,1.18,10,
723414,普誠統一52購01,0,0,0,---,---,---, ---,,,0.06,10,0.10,10,
723415,華星光統一4C購01,"345,000",8,"253,430",0.76,0.77,0.72,0.73,-,0.03,0.72,12,0.73,10,
723416,華星光統一4C購02,"240,000",8,"249,660",1.04,1.06,1.00,1.00,-,0.04,0.99,13,1.00,10,
723417,精剛統一52購01,0,0,0,---,---,---, ---,,,0.10,10,0.13,10,
723422,先進光元富58購01,0,0,0,---,---,---, ---,,,0.34,25,0.35,25,
723423,精材元富48購01,0,0,0,---,---,---, ---,,,0.00,0,0.10,25,
723424,精材元富48購02,0,0,0,---,---,---, ---,,,0.01,25,0.10,10,
723425,雙鴻元富58購01,"29,000",1,"29,870",1.03,1.03,1.03,1.03,-,0.01,1.01,25,1.02,25,
723427,佳邦兆豐48購01,0,0,0,---,---,---, ---,,,0.24,10,0.25,10,
723428,昇佳電兆豐48購01,"33,000",1,"2,970",0.09,0.09,0.09,0.09,-,0.0,0.08,10,0.09,10,
723437,雙鴻凱基46購04,0,0,0,---,---,---, ---,,,0.07,100,0.17,10,
723443,閎康元大47購01,0,0,0,---,---,---, ---,,,0.00,0,0.10,10,
723447,譜瑞元大46購03,0,0,0,---,---,---, ---,,,0.00,0,0.10,10,
723449,巨有統一48購01,0,0,0,---,---,---, ---,,,0.05,10,0.06,10,
723450,宜鼎統一4C購01,0,0,0,---,---,---, ---,,,0.23,10,0.24,10,
723451,旺矽統一54購01,"91,000",5,"32,750",0.36,0.36,0.35,0.35,-,0.02,0.35,10,0.36,10,
723452,佶優統一54購01,0,0,0,---,---,---, ---,,,0.24,10,0.25,10,
723453,原相統一54購01,0,0,0,---,---,---, ---,,,0.45,10,0.46,10,
723454,原相統一58購01,0,0,0,---,---,---, ---,,,0.54,10,0.55,10,
723455,晶焱統一4C購01,0,0,0,---,---,---, ---,,,0.21,10,0.22,10,
723456,翔名統一54購01,0,0,0,---,---,---, ---,,,0.26,10,0.27,10,
723457,翔名統一58購01,0,0,0,---,---,---, ---,,,0.24,10,0.25,10,
723458,華景電統一49購02,0,0,0,---,---,---, ---,,,0.10,10,0.11,10,
723459,勤凱統一52購01,0,0,0,---,---,---, ---,,,0.21,10,0.22,10,
723460,鈺太統一4C購01,"25,000",1,"3,000",0.12,0.12,0.12,0.12,-,0.0,0.11,10,0.12,10,
723461,醫揚統一4C購01,0,0,0,---,---,---, ---,,,0.08,10,0.10,10,
723462,耀勝統一4C購01,0,0,0,---,---,---, ---,,,0.04,10,0.10,10,
723465,旺矽元富48購01,"299,000",6,"125,580",0.42,0.42,0.42,0.42,-,0.01,0.41,25,0.42,25,
723466,旺矽元富48購02,"95,000",4,"90,150",0.95,0.96,0.92,0.92,-,0.08,0.93,25,0.94,25,
723467,泰茂元富48購01,0,0,0,---,---,---, ---,,,0.02,25,0.10,10,
723468,智擎元富48購01,0,0,0,---,---,---, ---,,,0.92,25,0.93,25,
723505,山富統一4C購01,"471,000",15,"191,670",0.41,0.42,0.40,0.40,-,0.04,0.39,50,0.40,10,
723506,元太統一48購03,0,0,0,---,---,---, ---,,,0.03,10,0.04,10,
723507,日揚統一4C購01,0,0,0,---,---,---, ---,,,0.12,10,0.13,10,
723508,旺矽統一48購04,0,0,0,---,---,---, ---,,,0.24,10,0.25,10,
723509,旺矽統一4C購04,0,0,0,---,---,---, ---,,,0.24,10,0.25,10,
723510,旺矽統一4C購05,0,0,0,---,---,---, ---,,,0.25,10,0.26,10,
723511,旺矽統一58購02,0,0,0,---,---,---, ---,,,0.65,10,0.66,10,
723512,前鼎統一54購01,0,0,0,---,---,---, ---,,,0.27,10,0.28,10,
723513,原相統一48購05,"20,000",1,"3,600",0.18,0.18,0.18,0.18,-,0.02,0.16,10,0.17,10,
723514,翔名統一48購01,0,0,0,---,---,---, ---,,,0.07,10,0.08,10,
723515,翔名統一52購01,0,0,0,---,---,---, ---,,,0.23,10,0.24,10,
723516,翔名統一58購02,"55,000",1,"17,600",0.32,0.32,0.32,0.32,-,0.01,0.32,10,0.33,10,
723517,群翊統一4C購01,0,0,0,---,---,---, ---,,,0.15,10,0.16,10,
723518,雍智統一48購02,0,0,0,---,---,---, ---,,,0.09,10,0.10,10,
723519,雍智統一53購01,0,0,0,---,---,---, ---,,,0.21,10,0.22,10,
723520,雙鴻統一48購08,0,0,0,---,---,---, ---,,,0.13,10,0.14,10,
723521,穩懋統一48購02,0,0,0,---,---,---, ---,,,0.01,509,0.02,10,
723522,耀勝統一4C購02,0,0,0,---,---,---, ---,,,0.03,10,0.04,10,
723523,亞泰元富48購01,0,0,0,---,---,---, ---,,,0.91,25,0.92,25,
723525,創惟元富48購01,0,0,0,---,---,---, ---,,,3.06,25,3.16,10,
723526,群聯元富48購01,0,0,0,---,---,---, ---,,,0.41,25,0.42,25,
723540,譜瑞元大46購04,0,0,0,---,---,---, ---,,,0.01,499,0.11,10,
723544,良維凱基46購01,0,0,0,---,---,---, ---,,,0.43,50,0.53,20,
723548,譜瑞凱基46購03,0,0,0,---,---,---, ---,,,0.00,0,0.10,10,
723550,元債20國票48購01,0,0,0,---,---,---, ---,,,0.01,25,0.10,7,
723553,國債20國票46購01,0,0,0,---,---,---, ---,,,0.01,25,0.02,10,
723554,國債20國票47購01,0,0,0,---,---,---, ---,,,0.01,25,0.02,10,
723555,國債20國票48購01,0,0,0,---,---,---, ---,,,0.01,25,0.02,24,
723563,元債20群益46購01,0,0,0,---,---,---, ---,,,0.00,0,0.00,0,
723566,精剛群益46購01,0,0,0,---,---,---, ---,,,0.00,0,0.00,0,
723569,旺矽元大46購01,0,0,0,---,---,---, ---,,,0.05,499,0.06,10,
723570,旺矽元大48購01,0,0,0,---,---,---, ---,,,0.24,499,0.25,10,
723578,新復興元大46購01,0,0,0,---,---,---, ---,,,0.00,0,0.10,10,
723590,華星光國票47購01,0,0,0,---,---,---, ---,,,1.74,25,1.77,10,
723603,旺矽統一48購05,0,0,0,---,---,---, ---,,,0.22,10,0.23,10,
723604,東捷統一53購01,0,0,0,---,---,---, ---,,,0.08,10,0.09,10,
723605,信紘科統一48購01,0,0,0,---,---,---, ---,,,0.14,15,0.15,10,
723606,信驊統一48購01,0,0,0,---,---,---, ---,,,0.05,10,0.06,10,
723607,信驊統一53購01,0,0,0,---,---,---, ---,,,0.40,10,0.41,10,
723608,鈺太統一4C購02,0,0,0,---,---,---, ---,,,0.10,10,0.11,10,
723609,營邦統一53購01,0,0,0,---,---,---, ---,,,0.25,10,0.26,10,
723613,旺矽元富48購03,"89,000",1,"23,140",0.26,0.26,0.26,0.26,-,0.05,0.26,25,0.27,25,
723615,信驊元富48購01,0,0,0,---,---,---, ---,,,0.12,25,0.13,25,
723616,信驊元富48購02,0,0,0,---,---,---, ---,,,0.04,25,0.10,10,
723619,中美晶兆豐48購01,0,0,0,---,---,---, ---,,,0.05,10,0.06,10,
723622,元債20富邦46購01,0,0,0,---,---,---, ---,,,0.00,0,0.06,10,
723642,旺矽元大45購03,0,0,0,---,---,---, ---,,,0.00,0,0.10,10,
723643,旺矽元大46購02,0,0,0,---,---,---, ---,,,0.09,499,0.10,10,
723644,旺矽元大48購02,"50,000",1,"9,500",0.19,0.19,0.19,0.19,-,0.03,0.18,499,0.19,10,
723646,家登元大45購01,0,0,0,---,---,---, ---,,,0.00,0,0.10,10,
723648,新復興元大45購01,0,0,0,---,---,---, ---,,,0.00,0,0.10,10,
723660,創惟國票46購01,0,0,0,---,---,---, ---,,,1.08,25,1.15,10,
723665,旺矽凱基48購01,0,0,0,---,---,---, ---,,,0.08,100,0.09,50,
723669,新復興凱基46購01,0,0,0,---,---,---, ---,,,0.00,0,0.02,50,
723678,佳邦元富48購01,0,0,0,---,---,---, ---,,,0.16,25,0.17,25,
723680,新潤元富48購01,"68,000",4,"10,420",0.16,0.16,0.14,0.15,-,0.06,0.14,25,0.15,25,
723681,雷科元富58購01,"20,000",1,"8,600",0.43,0.43,0.43,0.43,-,0.0,0.40,25,0.41,25,
723686,振曜永豐46購01,0,0,0,---,---,---, ---,,,0.01,499,0.03,10,
723695,原相元大48購01,"363,000",6,"139,440",0.44,0.44,0.38,0.38,-,0.06,0.38,499,0.39,10,
723696,家登元大46購01,0,0,0,---,---,---, ---,,,0.00,0,0.10,10,
723697,家登元大47購02,0,0,0,---,---,---, ---,,,0.00,0,0.10,10,
723699,新復興元大46購02,0,0,0,---,---,---, ---,,,0.00,0,0.02,10,
723701,群翊元大49購01,0,0,0,---,---,---, ---,,,0.01,499,0.11,10,
723702,譜瑞元大48購01,0,0,0,---,---,---, ---,,,0.07,499,0.08,10,
723703,鈊象元富46購01,0,0,0,---,---,---, ---,,,0.00,0,0.10,10,
723704,群翊元富49購01,0,0,0,---,---,---, ---,,,0.01,524,0.10,10,
723705,精剛元富49購01,0,0,0,---,---,---, ---,,,0.07,25,0.10,10,
723709,中探針永豐47購01,0,0,0,---,---,---, ---,,,0.00,0,0.00,0,
723729,創惟凱基47購01,"184,000",8,"229,720",1.27,1.32,1.21,1.32,-,0.04,1.25,50,1.26,10,
723742,聯亞群益47購01,0,0,0,---,---,---, ---,,,0.00,0,0.00,0,
723744,元債20元大46購02,0,0,0,---,---,---, ---,,,0.00,0,0.10,10,
723747,弘塑元大46購01,0,0,0,---,---,---, ---,,,0.00,0,0.10,10,
723750,家登元大47購03,0,0,0,---,---,---, ---,,,0.00,0,0.10,10,
723752,閎康元大49購01,0,0,0,---,---,---, ---,,,0.00,0,0.10,10,
723753,群翊元大46購01,0,0,0,---,---,---, ---,,,0.00,0,0.10,10,
723755,譜瑞元大48購02,0,0,0,---,---,---, ---,,,0.02,499,0.12,10,
723758,先進光永豐46購01,0,0,0,---,---,---, ---,,,0.00,0,0.03,10,
723773,群翊凱基49購01,0,0,0,---,---,---, ---,,,0.01,100,0.02,50,
723775,聯亞凱基47購01,0,0,0,---,---,---, ---,,,0.00,0,0.00,0,
723779,宏捷科元富59購01,0,0,0,---,---,---, ---,,,0.42,25,0.43,25,
723780,廣運元富59購01,"12,000",5,"8,620",0.75,0.75,0.71,0.71,-,0.08,0.71,25,0.72,25,
723781,聯亞元富49購01,0,0,0,---,---,---, ---,,,0.00,0,0.00,0,
723786,前鼎國票46購01,0,0,0,---,---,---, ---,,,0.00,0,0.00,0,
723793,新潤國票47購01,0,0,0,---,---,---, ---,,,0.01,25,0.02,10,
723808,聯亞群益49購01,"27,000",8,"78,020",2.92,2.95,2.79,2.95,-,0.2,2.81,1,3.10,1,
723812,振曜元大46購03,0,0,0,---,---,---, ---,,,0.00,0,0.10,10,
723817,群翊元大46購02,0,0,0,---,---,---, ---,,,0.00,0,0.10,10,
723819,聯亞元大46購01,"10,000",2,"13,150",1.46,1.46,1.17,1.17,-,0.37,1.21,25,1.31,10,
723821,譜瑞元大46購05,0,0,0,---,---,---, ---,,,0.00,0,0.10,10,
723827,創惟國票48購01,"12,000",3,"20,240",1.62,1.70,1.62,1.70,-,0.18,1.60,35,1.62,10,
723836,先進光元富4C購01,"1,000",1,40,0.04,0.04,0.04,0.04,-,0.01,0.04,99,0.10,10,
723840,創惟元富49購01,0,0,0,---,---,---, ---,,,2.15,25,2.25,10,
723841,湧德元富49購01,"40,000",2,"5,400",0.14,0.14,0.13,0.13,-,0.01,0.12,25,0.13,25,
723842,閎康元富49購01,0,0,0,---,---,---, ---,,,0.00,0,0.10,25,
723846,環球晶兆豐47購01,0,0,0,---,---,---, ---,,,0.00,0,0.01,10,
723848,正基永豐46購01,0,0,0,---,---,---, ---,,,0.00,0,0.10,10,
723850,系統電永豐46購01,0,0,0,---,---,---, ---,,,0.01,499,0.11,10,
723860,原相凱基49購01,0,0,0,---,---,---, ---,,,0.22,100,0.29,4,
723864,精材凱基49購01,0,0,0,---,---,---, ---,,,0.01,100,0.11,10,
723865,聯亞凱基49購01,0,0,0,---,---,---, ---,,,1.40,60,1.80,9,
723866,精材富邦46購02,0,0,0,---,---,---, ---,,,0.00,0,0.10,10,
723880,波若威永豐49購01,"380,000",4,"119,930",0.34,0.34,0.31,0.31,-,0.04,0.31,62,0.32,62,
723890,新復興凱基46購02,0,0,0,---,---,---, ---,,,0.00,0,0.00,0,
723891,群翊凱基46購01,0,0,0,---,---,---, ---,,,0.00,0,0.00,0,
723894,新復興元富49購01,0,0,0,---,---,---, ---,,,0.02,25,0.10,10,
723897,穩懋元富4A購01,0,0,0,---,---,---, ---,,,0.01,499,0.00,0,
723898,穩懋元富4A購02,0,0,0,---,---,---, ---,,,0.01,20,0.00,0,
723906,先進光元大46購03,0,0,0,---,---,---, ---,,,0.00,0,0.10,10,
723907,先進光元大47購03,0,0,0,---,---,---, ---,,,0.00,0,0.10,10,
723914,譜瑞元大46購06,0,0,0,---,---,---, ---,,,0.00,0,0.10,10,
723917,世界國票49購01,0,0,0,---,---,---, ---,,,0.02,25,0.03,10,
723918,先進光國票46購02,0,0,0,---,---,---, ---,,,0.00,0,0.00,0,
723919,先進光國票47購01,0,0,0,---,---,---, ---,,,0.01,25,0.11,10,
723920,先進光國票47購02,0,0,0,---,---,---, ---,,,0.01,25,0.11,10,
723921,先進光國票48購01,0,0,0,---,---,---, ---,,,0.00,0,0.00,0,
723922,先進光國票49購01,0,0,0,---,---,---, ---,,,0.00,0,0.00,0,
723931,新復興中信46購01,0,0,0,---,---,---, ---,,,0.00,0,0.02,455,
723934,振曜群益49購01,0,0,0,---,---,---, ---,,,0.17,25,0.18,10,
723949,中美晶元大46購01,0,0,0,---,---,---, ---,,,0.00,0,0.01,129,
723950,元太元大46購01,0,0,0,---,---,---, ---,,,0.00,0,0.10,10,
723955,原相元大47購01,0,0,0,---,---,---, ---,,,0.04,499,0.14,10,
723957,家登元大49購01,0,0,0,---,---,---, ---,,,0.05,599,0.06,10,
723961,國債20元大46購01,0,0,0,---,---,---, ---,,,0.00,0,0.01,25,
723964,精剛元大47購02,0,0,0,---,---,---, ---,,,0.00,0,0.10,10,
723988,鈦昇元富49購01,0,0,0,---,---,---, ---,,,0.06,25,0.10,10,
724003,大綜統一53購01,"5,000",1,"3,500",0.70,0.70,0.70,0.70,-,0.06,0.66,10,0.67,10,
724004,台星科統一48購02,0,0,0,---,---,---, ---,,,0.07,10,0.08,10,
724005,巨有統一49購01,0,0,0,---,---,---, ---,,,0.08,10,0.09,10,
724006,巨有統一4B購01,0,0,0,---,---,---, ---,,,0.14,10,0.15,10,
724007,兆利統一48購01,0,0,0,---,---,---, ---,,,0.06,10,0.07,10,
724008,兆利統一49購02,0,0,0,---,---,---, ---,,,0.01,10,0.02,10,
724009,宏捷科統一49購02,0,0,0,---,---,---, ---,,,0.05,10,0.06,10,
724010,宏捷科統一49購03,0,0,0,---,---,---, ---,,,0.07,10,0.08,10,
724011,宏捷科統一53購01,0,0,0,---,---,---, ---,,,0.16,10,0.17,10,
724012,旺矽統一49購05,"39,000",4,"8,330",0.21,0.22,0.21,0.22,-,0.0,0.22,36,0.25,5,
724013,信紘科統一55購01,0,0,0,---,---,---, ---,,,0.35,10,0.36,10,
724014,原相統一49購01,"5,000",1,"1,700",0.34,0.34,0.34,0.34,-,0.05,0.33,10,0.34,10,
724015,家登統一49購02,0,0,0,---,---,---, ---,,,0.03,10,0.04,10,
724016,家登統一49購03,0,0,0,---,---,---, ---,,,0.02,10,0.03,10,
724017,家登統一59購01,0,0,0,---,---,---, ---,,,0.22,10,0.23,10,
724018,富喬統一49購01,"241,000",10,"261,860",1.05,1.16,0.98,0.98,+,0.02,0.98,10,0.99,10,
724019,湧德統一59購01,0,0,0,---,---,---, ---,,,0.47,10,0.48,10,
724020,鈦昇統一49購02,0,0,0,---,---,---, ---,,,0.09,10,0.10,10,
724021,新復興統一49購01,0,0,0,---,---,---, ---,,,0.01,10,0.02,10,
724022,新復興統一4C購02,0,0,0,---,---,---, ---,,,0.01,10,0.02,10,
724023,新復興統一59購01,0,0,0,---,---,---, ---,,,0.14,10,0.15,10,
724024,群翊統一49購01,0,0,0,---,---,---, ---,,,0.03,10,0.04,10,
724025,群翊統一53購01,0,0,0,---,---,---, ---,,,0.13,10,0.14,10,
724026,精材統一53購01,0,0,0,---,---,---, ---,,,0.11,10,0.12,10,
724027,雙鴻統一48購09,0,0,0,---,---,---, ---,,,0.14,10,0.15,10,
724028,雙鴻統一49購01,0,0,0,---,---,---, ---,,,0.20,10,0.21,10,
724029,穩懋統一47購10,0,0,0,---,---,---, ---,,,0.00,0,0.03,70,
724030,耀勝統一49購03,0,0,0,---,---,---, ---,,,0.00,0,0.00,0,
724031,台燿富邦46購01,0,0,0,---,---,---, ---,,,0.00,0,0.00,0,
724036,群聯富邦46購01,0,0,0,---,---,---, ---,,,0.00,0,0.10,10,
724044,創惟元大46購01,0,0,0,---,---,---, ---,,,1.73,400,0.00,0,
724050,旺矽凱基47購01,"7,000",1,700,0.10,0.10,0.10,0.10,-,0.04,0.10,100,0.11,50,
724060,亞泰統一51購01,0,0,0,---,---,---, ---,,,0.48,10,0.49,10,
724061,波若威統一59購01,"9,000",4,"6,710",0.78,0.78,0.74,0.74,-,0.03,0.73,10,0.74,10,
724062,波若威統一59購02,0,0,0,---,---,---, ---,,,0.73,10,0.74,10,
724063,波若威統一59購03,"10,000",2,"5,800",0.58,0.58,0.58,0.58,-,0.02,0.57,10,0.58,10,
724064,振曜統一59購01,"118,000",3,"43,540",0.35,0.37,0.35,0.37,-,0.0,0.36,10,0.37,10,
724065,旺矽元富49購01,0,0,0,---,---,---, ---,,,0.21,25,0.22,25,
724066,旺矽元富49購02,0,0,0,---,---,---, ---,,,0.36,25,0.37,25,
724071,宏捷科國票46購01,0,0,0,---,---,---, ---,,,0.00,0,0.00,0,
724084,元太群益49購01,0,0,0,---,---,---, ---,,,0.01,499,0.00,0,
724086,旺矽群益47購01,0,0,0,---,---,---, ---,,,0.00,0,0.00,0,
724099,宏捷科元富53購01,0,0,0,---,---,---, ---,,,0.35,25,0.36,25,
724101,新潤元富46購01,0,0,0,---,---,---, ---,,,0.00,0,0.10,25,
724104,擎亞元富49購01,"6,000",1,"4,020",0.67,0.67,0.67,0.67,-,0.04,0.66,25,0.67,25,
724109,創惟凱基46購01,0,0,0,---,---,---, ---,,,1.04,100,0.00,0,
724126,能率統一55購01,0,0,0,---,---,---, ---,,,0.56,10,0.57,10,
724127,能率統一57購01,0,0,0,---,---,---, ---,,,0.46,10,0.47,10,
724128,能率統一59購01,0,0,0,---,---,---, ---,,,0.44,10,0.45,10,
724129,擎亞統一53購01,0,0,0,---,---,---, ---,,,0.62,10,0.63,10,
724130,擎亞統一59購01,0,0,0,---,---,---, ---,,,0.52,10,0.53,10,
724139,創惟元大46購02,0,0,0,---,---,---, ---,,,1.47,499,1.57,10,
724144,擎亞元大47購01,"5,000",1,"2,100",0.42,0.42,0.42,0.42,-,0.02,0.44,499,0.45,10,
724147,元債20群益49購01,0,0,0,---,---,---, ---,,,0.00,0,0.00,0,
724151,鈊象群益46購02,0,0,0,---,---,---, ---,,,0.08,25,0.09,10,
724160,台燿元大49購01,"333,000",4,"132,820",0.41,0.41,0.38,0.38,-,0.03,0.37,499,0.38,10,
724171,精剛元大46購01,0,0,0,---,---,---, ---,,,0.00,0,0.10,10,
724174,台燿第一46購01,0,0,0,---,---,---, ---,,,0.00,0,0.10,10,
724176,光頡統一55購01,0,0,0,---,---,---, ---,,,0.09,10,0.10,10,
724189,宜特元富48購01,0,0,0,---,---,---, ---,,,0.04,25,0.10,35,
724190,信紘科元富49購01,"84,000",2,"22,640",0.27,0.27,0.26,0.26,-,0.02,0.26,25,0.27,25,
724191,鈊象元富49購01,"14,000",3,"51,580",3.83,3.83,3.65,3.65,+,0.08,3.53,25,3.60,10,
724192,璟德元富49購01,0,0,0,---,---,---, ---,,,0.05,25,0.10,10,
724193,雙鴻元富46購01,0,0,0,---,---,---, ---,,,0.16,25,0.17,25,
724194,大宇資兆豐49購01,0,0,0,---,---,---, ---,,,0.44,10,0.45,10,
724200,亞泰統一53購01,0,0,0,---,---,---, ---,,,0.27,10,0.28,10,
724201,華景電統一53購01,"2,000",1,880,0.44,0.44,0.44,0.44,+,0.01,0.41,10,0.42,10,
724202,萬泰科統一53購01,"29,000",2,"12,490",0.43,0.44,0.43,0.44,-,0.01,0.42,10,0.43,10,
724203,精星統一51購01,"10,000",1,"1,900",0.19,0.19,0.19,0.19,-,0.01,0.18,10,0.19,10,
724205,原相永豐46購01,0,0,0,---,---,---, ---,,,0.01,62,0.11,10,
724214,雙鴻元富49購01,0,0,0,---,---,---, ---,,,0.43,25,0.44,25,
724216,台燿元大49購02,"393,000",7,"208,060",0.54,0.54,0.50,0.50,-,0.03,0.50,499,0.51,10,
724238,國債20群益46購01,0,0,0,---,---,---, ---,,,0.00,0,0.01,60,
724240,力致統一59購01,0,0,0,---,---,---, ---,,,0.26,10,0.27,10,
724241,力致統一59購02,0,0,0,---,---,---, ---,,,0.23,10,0.24,10,
724242,前鼎統一59購01,0,0,0,---,---,---, ---,,,0.23,10,0.24,10,
724243,華星光統一59購01,"50,000",1,"38,000",0.76,0.76,0.76,0.76,-,0.01,0.76,10,0.77,10,
724244,華星光統一59購02,"30,000",1,"21,600",0.72,0.72,0.72,0.72,-,0.01,0.71,10,0.72,10,
724247,友威科凱基49購01,"499,000",2,"34,930",0.07,0.07,0.07,0.07,-,0.01,0.06,100,0.07,50,
724253,友威科元大46購01,0,0,0,---,---,---, ---,,,0.00,0,0.10,10,
724254,台燿元大48購01,"3,000",1,390,0.13,0.13,0.13,0.13,-,0.0,0.11,499,0.12,10,
724270,友威科元富49購01,0,0,0,---,---,---, ---,,,0.04,25,0.10,10,
724272,良維元富49購01,0,0,0,---,---,---, ---,,,0.75,25,0.77,25,
724273,漢磊元富49購01,0,0,0,---,---,---, ---,,,0.01,524,0.10,10,
724275,華星光富邦46購01,0,0,0,---,---,---, ---,,,0.96,30,0.97,10,
724279,前鼎國票48購01,0,0,0,---,---,---, ---,,,0.02,25,0.03,10,
724291,信驊第一48購01,0,0,0,---,---,---, ---,,,0.08,10,0.13,10,
724296,信驊元富4A購01,"1,000",1,580,0.58,0.58,0.58,0.58,-,0.02,0.56,25,0.58,25,
724297,晟德兆豐49購01,"77,000",2,"45,430",0.59,0.59,0.59,0.59,-,0.03,0.58,10,0.59,10,
724300,亞泰永豐46購01,0,0,0,---,---,---, ---,,,0.00,0,0.10,10,
724302,原相永豐47購01,"380,000",2,"163,400",0.43,0.43,0.43,0.43,-,0.09,0.41,499,0.42,10,
724308,台燿元大48購02,0,0,0,---,---,---, ---,,,0.43,499,0.44,10,
724318,元債20凱基49購01,0,0,0,---,---,---, ---,,,0.00,0,0.00,0,
724319,友威科凱基47購02,0,0,0,---,---,---, ---,,,0.03,100,0.04,50,
724320,台燿凱基49購01,0,0,0,---,---,---, ---,,,0.21,100,0.22,30,
724322,旺矽凱基47購02,0,0,0,---,---,---, ---,,,0.09,100,0.10,50,
724323,信紘科凱基46購01,0,0,0,---,---,---, ---,,,0.00,0,0.00,0,
724356,旺矽元大48購03,0,0,0,---,---,---, ---,,,0.14,499,0.15,10,
724360,胡連第一49購01,0,0,0,---,---,---, ---,,,0.04,10,0.08,10,
724372,正基統一59購01,0,0,0,---,---,---, ---,,,0.11,10,0.14,10,
724373,聰泰統一55購01,"58,000",2,"28,900",0.50,0.50,0.49,0.49,-,0.01,0.48,10,0.49,10,
724374,聰泰統一59購01,0,0,0,---,---,---, ---,,,0.42,10,0.43,10,
724385,原相富邦46購02,"15,000",1,"3,450",0.23,0.23,0.23,0.23,-,0.04,0.22,30,0.23,10,
724386,友輝元富49購01,0,0,0,---,---,---, ---,,,0.62,25,0.63,25,
724387,台燿元富49購01,0,0,0,---,---,---, ---,,,0.75,25,0.76,25,
724389,原相元富49購01,0,0,0,---,---,---, ---,,,0.16,25,0.17,25,
724390,聖暉*元富49購01,"10,000",3,"23,600",2.36,2.36,2.36,2.36,-,0.22,2.35,25,2.40,25,
724393,創惟群益49購01,"147,000",4,"121,250",0.81,0.85,0.81,0.83,-,0.04,0.81,100,0.82,100,
724400,台燿元大46購01,0,0,0,---,---,---, ---,,,0.00,0,0.10,10,
724401,旺矽元大48購04,"345,000",3,"62,550",0.18,0.19,0.18,0.19,-,0.03,0.17,499,0.18,10,
724407,擎亞元大47購02,"5,000",1,"2,250",0.45,0.45,0.45,0.45,+,0.01,0.45,499,0.46,10,
724410,創惟國票49購01,"82,000",5,"118,140",1.39,1.49,1.39,1.40,-,0.15,1.39,28,1.40,10,
724414,胡連兆豐46購01,0,0,0,---,---,---, ---,,,0.00,0,0.01,10,
724421,創惟凱基49購01,"362,000",14,"300,170",0.83,0.87,0.81,0.82,-,0.03,0.82,61,0.83,10,
724424,群聯凱基47購01,0,0,0,---,---,---, ---,,,0.32,100,0.33,50,
724429,奈米醫統一4C購01,0,0,0,---,---,---, ---,,,0.17,10,0.18,10,
724430,胡連統一51購01,0,0,0,---,---,---, ---,,,0.19,10,0.20,10,
724431,原相統一59購01,0,0,0,---,---,---, ---,,,0.45,10,0.46,10,
724435,友輝元富47購01,0,0,0,---,---,---, ---,,,0.93,25,1.03,10,
724436,波若威元富59購01,"344,000",6,"271,140",0.83,0.83,0.78,0.78,-,0.04,0.78,25,0.79,25,
724443,原相群益47購01,0,0,0,---,---,---, ---,,,0.13,100,0.14,100,
724444,國債20群益4B購01,0,0,0,---,---,---, ---,,,0.15,25,0.16,10,
724448,雙鴻群益47購02,0,0,0,---,---,---, ---,,,0.00,0,0.00,0,
724449,友威科凱基46購01,0,0,0,---,---,---, ---,,,0.00,0,0.02,10,
724467,弘塑國票46購01,0,0,0,---,---,---, ---,,,0.00,0,0.02,4,
724478,千附精統一59購01,0,0,0,---,---,---, ---,,,0.43,10,0.44,10,
724479,友輝統一51購01,0,0,0,---,---,---, ---,,,0.51,10,0.52,10,
724480,弘塑統一53購01,"50,000",2,"8,500",0.17,0.17,0.17,0.17,-,0.0,0.16,10,0.17,6,
724481,正基統一59購02,0,0,0,---,---,---, ---,,,0.08,10,0.10,10,
724485,正基群益46購01,0,0,0,---,---,---, ---,,,0.00,0,0.00,0,
724493,台燿元大46購02,0,0,0,---,---,---, ---,,,0.00,0,0.10,10,
724516,原相凱基47購01,0,0,0,---,---,---, ---,,,0.24,100,0.25,30,
724518,精剛凱基47購01,0,0,0,---,---,---, ---,,,0.02,100,0.03,50,
724521,歐買尬凱基47購01,0,0,0,---,---,---, ---,,,0.01,60,0.11,10,
724542,桓達統一51購01,0,0,0,---,---,---, ---,,,0.15,10,0.16,10,
724543,富驊統一51購01,0,0,0,---,---,---, ---,,,0.57,10,0.58,10,
724557,正基凱基46購01,0,0,0,---,---,---, ---,,,0.00,0,0.02,50,
724563,瀧澤科凱基47購01,0,0,0,---,---,---, ---,,,0.00,0,0.02,50,
724569,瀧澤科國票49購01,0,0,0,---,---,---, ---,,,0.04,25,0.05,10,
724572,正淩元富49購01,0,0,0,---,---,---, ---,,,0.34,25,0.36,25,
724576,正基元大46購01,0,0,0,---,---,---, ---,,,0.00,0,0.10,10,
724577,宜特元大46購01,0,0,0,---,---,---, ---,,,0.00,0,0.01,5,
724582,鈊象元大48購01,"110,000",3,"38,500",0.35,0.35,0.35,0.35,-,0.01,0.35,499,0.36,10,
724583,瀧澤科元大46購01,0,0,0,---,---,---, ---,,,0.00,0,0.10,10,
724592,原相永豐47購02,0,0,0,---,---,---, ---,,,0.10,499,0.11,10,
724602,晶呈群益49購01,0,0,0,---,---,---, ---,,,0.00,0,0.00,0,
724611,正基元大46購02,0,0,0,---,---,---, ---,,,0.00,0,0.10,10,
724612,兆利元大46購01,0,0,0,---,---,---, ---,,,0.00,0,0.10,10,
724617,兆利元富47購01,0,0,0,---,---,---, ---,,,0.01,25,0.10,10,
724618,兆利元富47購02,0,0,0,---,---,---, ---,,,0.00,0,0.10,25,
724623,原相元富4A購01,0,0,0,---,---,---, ---,,,0.21,25,0.22,25,
724631,原相凱基47購02,0,0,0,---,---,---, ---,,,0.01,100,0.11,10,
724635,閎康凱基47購01,0,0,0,---,---,---, ---,,,0.00,0,0.02,50,
724656,湧德群益46購01,0,0,0,---,---,---, ---,,,0.01,25,0.03,10,
724658,台燿統一49購01,0,0,0,---,---,---, ---,,,0.20,10,0.21,10,
724659,台燿統一49購02,0,0,0,---,---,---, ---,,,0.30,10,0.31,10,
724660,原相統一49購02,0,0,0,---,---,---, ---,,,0.18,10,0.19,10,
724663,泰茂永豐46購01,0,0,0,---,---,---, ---,,,0.05,499,0.06,10,
724668,昇達科統一59購01,0,0,0,---,---,---, ---,,,0.57,10,0.58,10,
724669,昇達科統一59購02,0,0,0,---,---,---, ---,,,0.40,10,0.41,10,
724670,神盾統一59購01,0,0,0,---,---,---, ---,,,0.15,10,0.16,10,
724681,旺矽元大49購01,"30,000",3,"16,700",0.56,0.57,0.54,0.54,-,0.04,0.54,499,0.55,10,
724686,昇達科元大46購01,0,0,0,---,---,---, ---,,,0.01,499,0.06,2,
724713,昇達科國票46購01,0,0,0,---,---,---, ---,,,0.01,25,0.02,10,
724718,國債20國票49購01,0,0,0,---,---,---, ---,,,0.04,25,0.05,10,
724725,昇達科富邦47購01,"40,000",3,"7,900",0.20,0.20,0.19,0.19,-,0.02,0.19,30,0.20,10,
724729,環球晶富邦47購01,0,0,0,---,---,---, ---,,,0.00,0,0.06,10,
724732,亞泰元富49購01,0,0,0,---,---,---, ---,,,0.29,25,0.30,25,
724734,昇達科元富46購01,0,0,0,---,---,---, ---,,,0.13,25,0.23,10,
724735,昇達科元富49購01,0,0,0,---,---,---, ---,,,0.50,25,0.51,25,
724743,宜特群益49購01,0,0,0,---,---,---, ---,,,0.08,25,0.09,10,
724750,茂達群益46購01,0,0,0,---,---,---, ---,,,0.00,0,0.00,0,
724755,朋程統一48購01,0,0,0,---,---,---, ---,,,0.02,10,0.03,10,
724756,晶宏統一57購01,0,0,0,---,---,---, ---,,,0.18,10,0.19,10,
724776,信驊元大47購02,"100,000",2,"15,100",0.15,0.16,0.15,0.16,-,0.02,0.15,499,0.16,10,
724782,力致富邦49購01,0,0,0,---,---,---, ---,,,0.06,10,0.10,10,
724796,綠界*元富49購01,0,0,0,---,---,---, ---,,,1.79,25,1.80,25,
724808,元債20元大45購03,0,0,0,---,---,---, ---,,,0.00,0,0.10,10,
724809,元債20元大47購01,0,0,0,---,---,---, ---,,,0.01,100,0.11,50,
724811,弘塑元大45購01,0,0,0,---,---,---, ---,,,0.00,0,0.10,20,
724818,弘塑凱基47購01,0,0,0,---,---,---, ---,,,0.00,0,0.00,0,
724821,鈦昇凱基46購01,0,0,0,---,---,---, ---,,,0.01,100,0.02,10,
724824,磐儀凱基45購01,0,0,0,---,---,---, ---,,,0.00,0,0.00,0,
724825,茂達統一48購01,"20,000",1,"1,600",0.08,0.08,0.08,0.08,-,0.01,0.07,10,0.08,10,
724826,神盾統一4C購04,0,0,0,---,---,---, ---,,,0.04,10,0.05,10,
724827,晟德統一4C購02,0,0,0,---,---,---, ---,,,0.38,10,0.39,10,
724828,晶宏統一49購01,0,0,0,---,---,---, ---,,,0.12,10,0.13,10,
724829,漢磊統一4C購01,"20,000",1,"1,600",0.08,0.08,0.08,0.08,-,0.04,0.08,10,0.11,10,
724830,德微統一55購01,0,0,0,---,---,---, ---,,,0.10,10,0.11,10,
724831,力致永豐45購01,0,0,0,---,---,---, ---,,,0.00,0,0.10,10,
724833,正德永豐45購01,0,0,0,---,---,---, ---,,,0.00,0,0.10,10,
724834,良維永豐45購01,0,0,0,---,---,---, ---,,,0.00,0,0.10,10,
724836,鈊象永豐45購01,0,0,0,---,---,---, ---,,,0.00,0,0.01,30,
724837,廣明永豐45購02,0,0,0,---,---,---, ---,,,0.00,0,0.10,10,
724838,環球晶永豐46購01,0,0,0,---,---,---, ---,,,0.04,499,0.05,10,
724839,譜瑞永豐45購01,0,0,0,---,---,---, ---,,,0.00,0,0.10,10,
724848,弘塑群益45購03,0,0,0,---,---,---, ---,,,0.00,0,0.01,10,
724852,普萊德群益45購01,0,0,0,---,---,---, ---,,,0.00,0,0.00,0,
724856,雙鴻群益49購01,0,0,0,---,---,---, ---,,,0.22,30,0.00,0,
724857,弘塑元富4A購01,"202,000",4,"28,750",0.18,0.18,0.14,0.14,-,0.02,0.04,74,0.21,2,
724860,前鼎富邦45購01,0,0,0,---,---,---, ---,,,0.00,0,0.01,12,
724861,胡連富邦45購01,0,0,0,---,---,---, ---,,,0.00,0,0.00,0,
724862,環球晶兆豐46購02,0,0,0,---,---,---, ---,,,0.00,0,0.01,10,
724869,宏捷科國票45購02,0,0,0,---,---,---, ---,,,0.00,0,0.00,0,
724870,亞信國票46購01,0,0,0,---,---,---, ---,,,0.00,0,0.00,0,
724881,伍豐元大46購01,0,0,0,---,---,---, ---,,,0.00,0,0.10,10,
724883,長科*元大46購01,0,0,0,---,---,---, ---,,,0.00,0,0.10,10,
724884,胡連元大46購01,0,0,0,---,---,---, ---,,,0.00,0,0.10,10,
724892,鈊象統一49購01,"17,000",2,"2,940",0.18,0.18,0.17,0.17,+,0.01,0.16,10,0.17,10,
724893,新復興統一49購02,0,0,0,---,---,---, ---,,,0.00,0,0.01,10,
724898,晟德永豐46購01,0,0,0,---,---,---, ---,,,0.00,0,0.10,10,
724899,鈊象永豐46購01,0,0,0,---,---,---, ---,,,0.00,0,0.10,10,
724900,新復興永豐46購01,0,0,0,---,---,---, ---,,,0.00,0,0.10,10,
724904,朋程兆豐46購01,0,0,0,---,---,---, ---,,,0.00,0,0.01,10,
724905,鈊象兆豐46購01,0,0,0,---,---,---, ---,,,0.00,0,0.01,10,
724906,宜特富邦46購01,0,0,0,---,---,---, ---,,,0.19,10,0.20,10,
724907,新復興富邦46購01,0,0,0,---,---,---, ---,,,0.00,0,0.10,10,
724909,正基元富49購01,0,0,0,---,---,---, ---,,,0.01,25,0.10,10,
724911,威剛元富49購01,0,0,0,---,---,---, ---,,,0.73,25,0.74,25,
724912,晶宏元富49購01,"50,000",1,"8,500",0.17,0.17,0.17,0.17,-,0.01,0.17,25,0.18,25,
724913,晶焱元富49購01,0,0,0,---,---,---, ---,,,0.11,25,0.12,25,
724914,鈊象元富46購02,0,0,0,---,---,---, ---,,,0.00,0,0.10,25,
724915,鈊象元富49購02,"21,000",3,"3,880",0.18,0.19,0.18,0.19,+,0.01,0.16,25,0.17,25,
724916,鈦昇元富46購01,0,0,0,---,---,---, ---,,,0.01,25,0.10,10,
724919,新復興元富49購02,0,0,0,---,---,---, ---,,,0.00,0,0.10,25,
724920,新復興元富49購03,0,0,0,---,---,---, ---,,,0.00,0,0.10,25,
724921,鈺太元富46購01,0,0,0,---,---,---, ---,,,0.00,0,0.10,25,
724922,友威科凱基47購03,0,0,0,---,---,---, ---,,,0.01,100,0.02,50,
724924,原相凱基47購03,0,0,0,---,---,---, ---,,,0.01,100,0.10,100,
724943,智通*國票46購01,0,0,0,---,---,---, ---,,,0.00,0,0.00,0,
724948,胡連國泰46購01,0,0,0,---,---,---, ---,,,0.00,0,0.00,0,
724950,波若威群益47購02,"595,000",6,"285,200",0.50,0.53,0.45,0.45,-,0.06,0.45,25,0.46,10,
724951,長科*群益46購01,0,0,0,---,---,---, ---,,,0.00,0,0.00,0,
724952,智通*群益47購01,0,0,0,---,---,---, ---,,,0.60,25,0.61,10,
724956,群聯群益46購01,0,0,0,---,---,---, ---,,,0.00,0,0.00,0,
724962,亞泰元大47購01,0,0,0,---,---,---, ---,,,0.08,499,0.09,10,
724964,胡連元大47購01,0,0,0,---,---,---, ---,,,0.02,499,0.12,10,
724971,優群元大47購01,0,0,0,---,---,---, ---,,,0.01,499,0.11,10,
724974,新復興永豐47購01,0,0,0,---,---,---, ---,,,0.01,499,0.03,10,
724975,正基統一4A購01,0,0,0,---,---,---, ---,,,0.00,0,0.01,128,
724976,茂達統一52購01,0,0,0,---,---,---, ---,,,0.21,10,0.22,10,
724977,桓達統一54購01,0,0,0,---,---,---, ---,,,0.14,10,0.15,10,
724978,鈊象統一56購01,0,0,0,---,---,---, ---,,,0.37,10,0.38,10,
724979,鈊象統一5A購01,0,0,0,---,---,---, ---,,,0.29,10,0.30,10,
724980,勤凱統一54購01,0,0,0,---,---,---, ---,,,0.21,10,0.22,10,
724981,新復興統一4C購03,0,0,0,---,---,---, ---,,,0.00,0,0.00,0,
724982,廣明統一51購01,"45,000",1,"9,000",0.20,0.20,0.20,0.20,+,0.01,0.18,10,0.19,10,
724983,驊訊統一56購01,"5,000",1,"1,350",0.27,0.27,0.27,0.27,-,0.02,0.25,10,0.26,10,
724984,新復興富邦47購01,0,0,0,---,---,---, ---,,,0.00,0,0.09,497,
724986,原相元富47購01,0,0,0,---,---,---, ---,,,0.03,25,0.13,10,
724987,神盾元富47購01,0,0,0,---,---,---, ---,,,0.00,0,0.10,25,
724989,台星科兆豐46購01,0,0,0,---,---,---, ---,,,0.00,0,0.01,12,
724990,雍智兆豐46購01,0,0,0,---,---,---, ---,,,0.00,0,0.01,10,
724992,振曜國泰46購01,0,0,0,---,---,---, ---,,,0.00,0,0.00,0,
724993,漢磊國泰46購01,0,0,0,---,---,---, ---,,,0.00,0,0.01,490,
724999,新復興凱基48購01,0,0,0,---,---,---, ---,,,0.00,0,0.02,50,
725005,原相國票47購01,0,0,0,---,---,---, ---,,,0.02,25,0.12,10,
725007,新復興國票46購02,0,0,0,---,---,---, ---,,,0.00,0,0.00,0,
725010,桓達中信46購01,0,0,0,---,---,---, ---,,,0.00,0,0.02,10,
725014,永信建群益46購01,0,0,0,---,---,---, ---,,,0.00,0,0.00,0,
725015,新復興群益46購01,0,0,0,---,---,---, ---,,,0.00,0,0.00,0,
725016,友威科元大46購02,0,0,0,---,---,---, ---,,,0.00,0,0.10,10,
725020,亞泰元大47購02,0,0,0,---,---,---, ---,,,0.05,499,0.06,10,
725023,原相元大4A購01,0,0,0,---,---,---, ---,,,0.13,499,0.14,10,
725028,伍豐國泰46購01,0,0,0,---,---,---, ---,,,0.00,0,0.00,0,
725029,原相富邦48購01,0,0,0,---,---,---, ---,,,0.01,100,0.10,10,
725031,鈊象富邦46購01,0,0,0,---,---,---, ---,,,0.02,10,0.10,10,
725032,鈊象富邦47購01,0,0,0,---,---,---, ---,,,0.00,0,0.10,10,
725034,力致元富47購01,0,0,0,---,---,---, ---,,,0.00,0,0.10,25,
725035,中菲元富47購01,"30,000",1,"3,000",0.10,0.10,0.10,0.10,-,0.03,0.09,25,0.10,25,
725038,信立元富47購01,0,0,0,---,---,---, ---,,,3.15,25,3.25,10,
725039,恒耀元富47購01,0,0,0,---,---,---, ---,,,0.00,0,0.10,10,
725040,公準統一51購01,0,0,0,---,---,---, ---,,,0.10,10,0.13,10,
725041,波若威統一4A購01,"508,000",9,"167,720",0.33,0.34,0.30,0.30,-,0.03,0.30,10,0.31,10,
725042,波若威統一4A購02,"294,000",4,"141,120",0.48,0.48,0.48,0.48,-,0.0,0.45,10,0.46,10,
725043,波若威統一54購01,"6,000",1,"4,020",0.67,0.67,0.67,0.67,+,0.02,0.63,10,0.64,10,
725044,波若威統一57購01,"50,000",1,"30,000",0.60,0.60,0.60,0.60,-,0.01,0.60,10,0.61,10,
725045,信音統一56購01,0,0,0,---,---,---, ---,,,0.34,10,0.35,10,
725046,原相統一4A購01,0,0,0,---,---,---, ---,,,0.11,10,0.12,10,
725047,原相統一4C購01,0,0,0,---,---,---, ---,,,0.18,13,0.19,10,
725048,原相統一5A購01,"6,000",1,"2,040",0.34,0.34,0.34,0.34,-,0.02,0.34,10,0.35,10,
725049,富喬統一54購01,"520,000",31,"776,510",1.44,1.57,1.40,1.40,+,0.01,1.40,10,1.41,10,
725050,智冠統一51購01,"9,000",3,"2,110",0.24,0.24,0.23,0.23,-,0.02,0.22,14,0.23,10,
725051,漢磊統一51購01,"5,000",1,550,0.11,0.11,0.11,0.11,+,0.01,0.08,10,0.10,10,
725052,網龍統一51購01,0,0,0,---,---,---, ---,,,0.23,10,0.24,10,
725053,波若威永豐47購01,"156,000",4,"75,180",0.50,0.50,0.43,0.43,-,0.07,0.44,62,0.45,12,
725055,原相永豐46購02,0,0,0,---,---,---, ---,,,0.00,0,0.10,10,
725057,擎邦永豐46購01,"100,000",1,"16,000",0.16,0.16,0.16,0.16,-,0.03,0.15,62,0.16,100,
725063,智冠國票46購01,0,0,0,---,---,---, ---,,,0.00,0,0.00,0,
725069,百德凱基47購01,0,0,0,---,---,---, ---,,,0.00,0,0.10,10,
725070,良維凱基46購02,0,0,0,---,---,---, ---,,,0.53,50,0.00,0,
725075,曜越凱基46購01,0,0,0,---,---,---, ---,,,0.00,0,0.00,0,
725076,類比科凱基46購01,0,0,0,---,---,---, ---,,,0.00,0,0.00,0,
725077,中探針群益48購01,0,0,0,---,---,---, ---,,,0.00,0,0.00,0,
725078,正基群益4A購01,0,0,0,---,---,---, ---,,,0.01,499,0.11,10,
725081,百德群益46購01,0,0,0,---,---,---, ---,,,0.00,0,0.00,0,
725083,宜特群益46購01,0,0,0,---,---,---, ---,,,0.00,0,0.00,0,
725086,常珵群益48購01,0,0,0,---,---,---, ---,,,0.25,25,0.26,10,
725087,雙鴻群益4A購01,0,0,0,---,---,---, ---,,,0.04,74,0.00,0,
725088,華星光第一47購01,"36,000",2,"15,120",0.42,0.42,0.42,0.42,-,0.0,0.37,10,0.38,10,
725092,台特化永豐46購01,0,0,0,---,---,---, ---,,,0.78,94,0.86,10,
725095,百德永豐46購01,0,0,0,---,---,---, ---,,,0.00,0,0.06,10,
725096,百德永豐46購02,0,0,0,---,---,---, ---,,,0.00,0,0.06,10,
725100,閎康永豐46購01,0,0,0,---,---,---, ---,,,0.00,0,0.10,10,
725101,群翊永豐46購01,0,0,0,---,---,---, ---,,,0.01,499,0.11,10,
725102,叡揚永豐46購01,0,0,0,---,---,---, ---,,,0.78,499,0.87,62,
725103,瀧澤科永豐47購01,0,0,0,---,---,---, ---,,,0.02,499,0.03,10,
725106,正基元大4A購01,0,0,0,---,---,---, ---,,,0.00,0,0.10,10,
725113,奇鈦科元大46購01,0,0,0,---,---,---, ---,,,0.00,0,0.01,78,
725114,原相元大4A購02,0,0,0,---,---,---, ---,,,0.13,499,0.14,10,
725117,華星光元大49購01,"263,000",8,"137,130",0.53,0.53,0.48,0.48,-,0.03,0.47,499,0.48,10,
725120,精測元大47購01,"4,000",1,"10,880",2.72,2.72,2.72,2.72,-,0.12,2.74,250,2.84,10,
725122,台特化統一54購01,"1,052,000",9,"745,020",0.71,0.74,0.69,0.69,-,0.01,0.67,10,0.68,10,
725123,正基統一4A購02,0,0,0,---,---,---, ---,,,0.00,0,0.01,10,
725124,百德統一4C購01,0,0,0,---,---,---, ---,,,0.05,10,0.06,10,
725125,百德統一53購01,0,0,0,---,---,---, ---,,,0.10,10,0.11,10,
725126,百德統一54購01,0,0,0,---,---,---, ---,,,0.10,10,0.11,10,
725127,百德統一54購02,0,0,0,---,---,---, ---,,,0.08,10,0.10,10,
725128,竹陞統一54購01,"202,000",3,"208,060",1.03,1.03,1.03,1.03,-,0.09,1.02,10,1.03,10,
725129,竹陞統一56購01,"40,000",2,"40,800",1.04,1.04,1.00,1.00,-,0.06,0.98,10,0.99,10,
725130,宜特統一54購01,0,0,0,---,---,---, ---,,,0.12,10,0.17,10,
725131,原相統一48購07,0,0,0,---,---,---, ---,,,0.04,10,0.05,10,
725132,泰茂統一51購02,0,0,0,---,---,---, ---,,,0.15,10,0.16,10,
725133,華星光統一48購05,"220,000",5,"72,100",0.35,0.35,0.32,0.32,-,0.02,0.31,10,0.32,10,
725134,瀧澤科統一54購01,0,0,0,---,---,---, ---,,,0.18,10,0.19,10,
725135,瀧澤科統一56購01,0,0,0,---,---,---, ---,,,0.16,10,0.17,10,
725146,振曜國票46購01,0,0,0,---,---,---, ---,,,0.02,25,0.03,10,
725148,國債20國票46購02,0,0,0,---,---,---, ---,,,0.01,25,0.00,0,
725149,蜜望實國票46購02,0,0,0,---,---,---, ---,,,0.00,0,0.00,0,
725152,旺矽國泰46購01,0,0,0,---,---,---, ---,,,0.03,499,0.00,0,
725156,台特化元富47購01,0,0,0,---,---,---, ---,,,0.44,25,0.46,25,
725158,奇鈦科元富47購01,0,0,0,---,---,---, ---,,,0.00,0,0.10,25,
725159,奇鈦科元富47購02,0,0,0,---,---,---, ---,,,0.00,0,0.10,25,
725162,堡達元富47購01,0,0,0,---,---,---, ---,,,0.00,0,0.10,25,
725166,瀧澤科元富4A購01,0,0,0,---,---,---, ---,,,0.07,25,0.10,10,
725167,百德富邦46購01,0,0,0,---,---,---, ---,,,0.00,0,0.10,10,
725168,新潤富邦49購01,"29,000",1,"9,860",0.34,0.34,0.34,0.34,-,0.07,0.33,10,0.34,10,
725182,華星光凱基46購01,0,0,0,---,---,---, ---,,,0.00,0,0.01,64,
725191,元債20群益4A購01,0,0,0,---,---,---, ---,,,0.01,25,0.03,10,
725195,華星光群益48購01,"97,000",6,"121,480",1.28,1.28,1.16,1.19,-,0.09,1.16,25,1.17,10,
725197,正基元大4A購02,0,0,0,---,---,---, ---,,,0.03,499,0.13,10,
725199,百德元大46購01,0,0,0,---,---,---, ---,,,0.00,0,0.10,10,
725200,百德元大47購01,0,0,0,---,---,---, ---,,,0.00,0,0.10,10,
725203,原相元大49購01,0,0,0,---,---,---, ---,,,0.05,499,0.06,10,
725210,台特化第一46購01,"100,000",9,"83,260",0.84,0.91,0.76,0.79,+,0.11,0.64,10,0.74,10,
725211,百德統一4A購01,0,0,0,---,---,---, ---,,,0.01,10,0.02,10,
725212,家登統一4A購01,0,0,0,---,---,---, ---,,,0.03,10,0.04,10,
725213,力致永豐46購01,0,0,0,---,---,---, ---,,,0.01,499,0.11,10,
725216,泰茂永豐48購01,0,0,0,---,---,---, ---,,,0.06,62,0.07,10,
725217,華星光永豐46購01,0,0,0,---,---,---, ---,,,0.05,499,0.06,10,
725221,常珵凱基4A購01,0,0,0,---,---,---, ---,,,0.21,40,0.22,50,
725224,百德國票46購01,0,0,0,---,---,---, ---,,,0.01,25,0.00,0,
725225,百德國票47購01,0,0,0,---,---,---, ---,,,0.01,25,0.02,10,
725228,先進光富邦46購01,0,0,0,---,---,---, ---,,,0.00,0,0.10,10,
725229,新潤富邦48購01,"235,000",2,"56,400",0.24,0.24,0.24,0.24,-,0.07,0.23,10,0.24,10,
725235,百德群益48購01,0,0,0,---,---,---, ---,,,0.00,0,0.00,0,
725236,波若威群益47購03,"108,000",2,"11,880",0.11,0.11,0.11,0.11,-,0.03,0.10,25,0.11,10,
725241,東浦統一52購01,0,0,0,---,---,---, ---,,,0.33,10,0.34,10,
725244,元太元大4A購01,0,0,0,---,---,---, ---,,,0.06,499,0.16,10,
725245,正基元大46購03,0,0,0,---,---,---, ---,,,0.00,0,0.10,10,
725250,泰茂元大4A購01,0,0,0,---,---,---, ---,,,0.06,499,0.07,10,
725251,常珵元大4A購01,0,0,0,---,---,---, ---,,,0.26,499,0.30,10,
725257,台燿國泰46購01,"2,000",1,280,0.14,0.14,0.14,0.14,-,0.08,0.14,497,0.00,0,
725258,台燿國泰46購02,0,0,0,---,---,---, ---,,,0.03,499,0.09,10,
725261,泰茂元富4A購01,0,0,0,---,---,---, ---,,,0.07,25,0.10,10,
725264,雙鴻中信48購01,0,0,0,---,---,---, ---,,,0.04,10,0.05,10,
725268,原相群益46購01,0,0,0,---,---,---, ---,,,0.00,0,0.00,0,
725269,振曜群益46購02,0,0,0,---,---,---, ---,,,0.00,0,0.00,0,
725275,正基元大46購04,0,0,0,---,---,---, ---,,,0.00,0,0.10,10,
725280,家登元大46購02,0,0,0,---,---,---, ---,,,0.00,0,0.10,10,
725281,家登元大49購02,0,0,0,---,---,---, ---,,,0.01,998,0.11,10,
725286,正基統一53購01,0,0,0,---,---,---, ---,,,0.04,10,0.05,10,
725287,健椿統一54購01,0,0,0,---,---,---, ---,,,0.25,10,0.26,10,
725288,健椿統一56購01,0,0,0,---,---,---, ---,,,0.23,10,0.24,10,
725289,常珵統一52購01,0,0,0,---,---,---, ---,,,0.36,10,0.37,10,
725290,鈊象永豐46購02,0,0,0,---,---,---, ---,,,0.02,499,0.12,10,
725291,元太凱基4A購01,0,0,0,---,---,---, ---,,,0.03,100,0.13,10,
725296,原相凱基47購04,0,0,0,---,---,---, ---,,,0.05,100,0.15,10,
725297,家登凱基46購01,0,0,0,---,---,---, ---,,,0.00,0,0.00,0,
725298,家登凱基49購01,"295,000",1,"14,750",0.05,0.05,0.05,0.05,-,0.07,0.04,100,0.14,10,
725307,陽程國票46購01,0,0,0,---,---,---, ---,,,0.00,0,0.00,0,
725308,胡連元富4A購01,0,0,0,---,---,---, ---,,,0.14,25,0.15,25,
725310,富喬元富4A購01,"36,000",3,"120,350",3.44,3.44,3.24,3.24,+,0.13,3.16,25,3.20,25,
725313,原相群益46購02,0,0,0,---,---,---, ---,,,0.03,25,0.04,10,
725317,先進光永豐48購01,"10,000",1,500,0.05,0.05,0.05,0.05,-,0.01,0.05,499,0.06,10,
725319,鈦昇永豐46購01,0,0,0,---,---,---, ---,,,0.00,0,0.10,10,
725324,佳邦凱基47購01,0,0,0,---,---,---, ---,,,0.04,20,0.05,50,
725329,家登凱基49購02,0,0,0,---,---,---, ---,,,0.01,599,0.09,50,
725333,方土霖統一54購01,0,0,0,---,---,---, ---,,,0.43,10,0.44,10,
725334,家登統一4A購02,0,0,0,---,---,---, ---,,,0.04,10,0.05,10,
725335,雷科統一4C購01,0,0,0,---,---,---, ---,,,0.02,10,0.03,10,
725336,良維元富47購01,0,0,0,---,---,---, ---,,,1.51,25,1.55,25,
725339,中美晶兆豐4A購01,0,0,0,---,---,---, ---,,,0.21,10,0.22,10,
725340,系統電兆豐46購01,0,0,0,---,---,---, ---,,,0.10,10,0.11,10,
725341,精材兆豐46購01,0,0,0,---,---,---, ---,,,0.00,0,0.01,10,
725342,緯軟兆豐4A購01,0,0,0,---,---,---, ---,,,0.43,10,0.44,10,
725353,鈊象國泰46購01,0,0,0,---,---,---, ---,,,0.01,499,0.00,0,
725360,胡連元大4A購01,0,0,0,---,---,---, ---,,,0.07,499,0.08,10,
725363,家登元大49購03,0,0,0,---,---,---, ---,,,0.07,499,0.08,10,
725373,竹陞群益48購01,"87,000",10,"141,620",1.68,1.68,1.56,1.59,-,0.24,1.55,25,1.59,10,
725375,原相群益46購03,0,0,0,---,---,---, ---,,,0.03,25,0.04,10,
725382,家登元大47購04,0,0,0,---,---,---, ---,,,0.00,0,0.10,10,
725388,雷科元大46購01,0,0,0,---,---,---, ---,,,0.00,0,0.10,10,
725393,台燿國泰46購03,0,0,0,---,---,---, ---,,,0.03,10,0.00,0,
725394,精材國泰46購01,0,0,0,---,---,---, ---,,,0.00,0,0.00,0,
725401,鈊象國票46購02,0,0,0,---,---,---, ---,,,0.00,0,0.00,0,
725404,大世科永豐46購01,0,0,0,---,---,---, ---,,,0.08,499,0.18,10,
725405,竹陞永豐46購01,0,0,0,---,---,---, ---,,,0.25,499,0.35,10,
725406,前鼎永豐47購01,0,0,0,---,---,---, ---,,,0.01,499,0.03,10,
725407,原相永豐47購03,0,0,0,---,---,---, ---,,,0.03,62,0.04,10,
725410,凡甲統一4A購01,"40,000",1,"9,600",0.24,0.24,0.24,0.24,-,0.02,0.23,10,0.24,10,
725411,常珵統一56購01,0,0,0,---,---,---, ---,,,0.36,10,0.37,10,
725414,華景電元富4A購01,0,0,0,---,---,---, ---,,,0.40,25,0.41,25,
725417,營邦元富4A購01,"25,000",1,"21,250",0.85,0.85,0.85,0.85,-,0.09,0.82,25,0.83,25,
725418,鈊象兆豐46購02,0,0,0,---,---,---, ---,,,0.00,0,0.01,10,
725419,凡甲富邦46購01,0,0,0,---,---,---, ---,,,0.01,100,0.10,10,
725420,家登富邦47購01,0,0,0,---,---,---, ---,,,0.20,10,0.21,10,
725421,廣明富邦46購01,0,0,0,---,---,---, ---,,,0.01,100,0.12,10,
725422,廣運富邦46購01,0,0,0,---,---,---, ---,,,0.00,0,0.10,10,
725424,旺矽凱基49購01,0,0,0,---,---,---, ---,,,0.34,100,0.35,50,
725427,原相凱基46購01,0,0,0,---,---,---, ---,,,0.00,0,0.12,190,
725433,鈊象中信46購01,0,0,0,---,---,---, ---,,,0.00,0,0.00,0,
725434,鈊象中信47購01,0,0,0,---,---,---, ---,,,0.00,0,0.02,10,
725436,台燿群益46購01,0,0,0,---,---,---, ---,,,0.03,499,0.13,10,
725439,耀勝群益4A購01,0,0,0,---,---,---, ---,,,0.00,0,0.00,0,
725440,常珵統一56購02,0,0,0,---,---,---, ---,,,0.48,10,0.49,10,
725441,鈊象統一4A購01,0,0,0,---,---,---, ---,,,0.08,10,0.09,10,
725442,鈺太統一47購01,0,0,0,---,---,---, ---,,,0.00,0,0.00,0,
725443,先進光永豐46購02,0,0,0,---,---,---, ---,,,0.00,0,0.03,10,
725445,譜瑞永豐46購01,0,0,0,---,---,---, ---,,,0.03,499,0.13,10,
725450,旺矽元大47購01,0,0,0,---,---,---, ---,,,0.31,499,0.32,10,
725462,瀧澤科元大48購01,0,0,0,---,---,---, ---,,,0.00,0,0.10,10,
725463,原相富邦47購01,0,0,0,---,---,---, ---,,,0.08,30,0.10,10,
725464,神盾富邦46購01,0,0,0,---,---,---, ---,,,0.00,0,0.01,500,
725465,鈊象富邦46購02,0,0,0,---,---,---, ---,,,0.00,0,0.10,20,
725466,鈊象富邦47購02,0,0,0,---,---,---, ---,,,0.01,100,0.10,10,
725467,濱川富邦46購01,0,0,0,---,---,---, ---,,,0.82,10,1.43,5,
725468,譜瑞富邦46購01,0,0,0,---,---,---, ---,,,0.00,0,0.10,10,
725472,家登凱基47購02,0,0,0,---,---,---, ---,,,0.02,100,0.03,50,
725473,鈊象凱基46購03,0,0,0,---,---,---, ---,,,0.00,0,0.00,0,
725477,精測元富47購01,0,0,0,---,---,---, ---,,,4.31,25,4.40,25,
725478,精測元富47購02,0,0,0,---,---,---, ---,,,3.89,25,3.96,25,
725492,濱川國票46購01,0,0,0,---,---,---, ---,,,0.79,25,0.80,10,
725494,凡甲群益46購01,0,0,0,---,---,---, ---,,,0.00,0,0.11,10,
725498,鈊象群益49購01,0,0,0,---,---,---, ---,,,0.09,100,0.10,100,
725499,勤凱群益46購01,0,0,0,---,---,---, ---,,,0.00,0,0.00,0,
725501,群聯群益46購02,0,0,0,---,---,---, ---,,,0.50,25,0.51,10,
725508,前鼎國票47購01,0,0,0,---,---,---, ---,,,0.01,25,0.02,10,
725509,陽程國票47購01,0,0,0,---,---,---, ---,,,0.00,0,0.00,0,
725512,華景電元大47購01,"100,000",3,"15,000",0.16,0.16,0.14,0.14,-,0.03,0.13,499,0.14,10,
725517,鈊象元大4A購01,0,0,0,---,---,---, ---,,,0.10,499,0.11,10,
725519,力致元富47購02,0,0,0,---,---,---, ---,,,0.01,25,0.10,10,
725520,大學光元富4A購01,"8,000",1,"4,320",0.54,0.54,0.54,0.54,-,0.05,0.54,25,0.55,25,
725524,陽程元富4A購01,0,0,0,---,---,---, ---,,,0.15,25,0.25,25,
725527,鈊象元富47購01,0,0,0,---,---,---, ---,,,0.07,25,0.10,10,
725528,鈊象元富4A購01,0,0,0,---,---,---, ---,,,0.36,25,0.37,25,
725529,瀧澤科元富4A購02,0,0,0,---,---,---, ---,,,0.02,25,0.10,10,
725532,兆利富邦48購01,0,0,0,---,---,---, ---,,,0.06,10,0.10,10,
725533,翔名富邦47購01,0,0,0,---,---,---, ---,,,0.00,0,0.10,10,
725536,旺矽永豐46購01,0,0,0,---,---,---, ---,,,0.03,499,0.13,10,
725538,濱川永豐46購01,0,0,0,---,---,---, ---,,,1.24,499,1.30,10,
725539,旺矽統一48購06,"100,000",1,"12,000",0.12,0.12,0.12,0.12,-,0.0,0.11,10,0.12,60,
725540,鈊象統一4C購01,0,0,0,---,---,---, ---,,,0.21,10,0.22,10,
725541,濱川統一54購01,"5,000",1,"4,400",0.88,0.88,0.88,0.88,-,0.02,0.83,10,0.84,10,
725542,濱川統一56購01,"31,000",4,"21,660",0.71,0.71,0.68,0.68,-,0.02,0.67,10,0.68,10,
725543,先進光國泰46購01,0,0,0,---,---,---, ---,,,0.00,0,0.00,0,
725544,鈊象國泰46購02,0,0,0,---,---,---, ---,,,0.00,0,0.00,0,
725549,鈊象凱基46購04,0,0,0,---,---,---, ---,,,0.00,0,0.00,0,
725550,精測凱基46購01,0,0,0,---,---,---, ---,,,2.63,30,0.00,0,
725555,前鼎群益46購01,0,0,0,---,---,---, ---,,,0.00,0,0.00,0,
725559,陽程群益46購01,0,0,0,---,---,---, ---,,,0.00,0,0.02,25,
725560,鈊象群益47購03,0,0,0,---,---,---, ---,,,0.06,100,0.07,100,
725569,常珵元大4A購02,0,0,0,---,---,---, ---,,,0.14,499,0.17,10,
725573,鈊象元大4A購02,0,0,0,---,---,---, ---,,,0.09,499,0.10,10,
725575,百德統一52購01,0,0,0,---,---,---, ---,,,0.18,10,0.19,10,
725576,旺矽統一4A購01,0,0,0,---,---,---, ---,,,0.23,10,0.24,10,
725577,力致永豐47購01,0,0,0,---,---,---, ---,,,0.05,499,0.06,10,
725584,鈊象國票48購01,0,0,0,---,---,---, ---,,,0.16,25,0.17,10,
725588,信立元富47購02,0,0,0,---,---,---, ---,,,3.20,25,3.30,10,
725591,家登元富4A購01,"1,000",1,270,0.27,0.27,0.27,0.27,+,0.01,0.08,100,0.17,10,
725592,振曜元富4A購01,"48,000",5,"46,800",0.96,1.05,0.96,1.05,-,0.03,1.04,25,1.05,25,
725595,松上群益46購01,0,0,0,---,---,---, ---,,,0.00,0,0.00,0,
725596,胡連群益46購01,0,0,0,---,---,---, ---,,,0.00,0,0.00,0,
725598,鈊象群益47購04,0,0,0,---,---,---, ---,,,0.10,100,0.11,100,
725599,綠界*群益46購01,0,0,0,---,---,---, ---,,,0.00,0,0.12,10,
725601,原相兆豐46購01,0,0,0,---,---,---, ---,,,0.02,10,0.03,10,
725602,雙鴻國泰46購01,0,0,0,---,---,---, ---,,,0.00,0,0.02,15,
725604,元債20凱基46購01,0,0,0,---,---,---, ---,,,0.00,0,0.00,0,
725606,百德凱基46購01,0,0,0,---,---,---, ---,,,0.00,0,0.10,10,
725610,原相凱基4A購01,0,0,0,---,---,---, ---,,,0.20,100,0.21,50,
725612,華景電凱基4A購01,"1,000",1,220,0.22,0.22,0.22,0.22,-,0.0,0.21,100,0.31,10,
725616,百德富邦46購02,0,0,0,---,---,---, ---,,,0.17,10,0.18,10,
725619,力旺永豐46購01,0,0,0,---,---,---, ---,,,0.02,499,0.03,10,
725622,弘塑永豐46購01,0,0,0,---,---,---, ---,,,0.00,0,0.00,0,
725623,博智永豐46購01,"200,000",1,"14,000",0.07,0.07,0.07,0.07,+,0.01,0.05,62,0.06,10,
725625,華義永豐46購01,0,0,0,---,---,---, ---,,,0.02,62,0.03,10,
725627,聰泰永豐46購01,0,0,0,---,---,---, ---,,,0.03,499,0.04,10,
725628,瀧澤科永豐46購01,0,0,0,---,---,---, ---,,,0.01,499,0.03,10,
725629,力旺統一4A購01,"1,000",1,180,0.18,0.18,0.18,0.18,-,0.0,0.17,10,0.18,10,
725630,旺矽統一4A購02,0,0,0,---,---,---, ---,,,0.14,10,0.15,10,
725631,訊聯統一56購01,0,0,0,---,---,---, ---,,,0.45,10,0.46,10,
725632,訊聯統一58購01,0,0,0,---,---,---, ---,,,0.37,10,0.38,10,
725633,綠界*統一52購01,0,0,0,---,---,---, ---,,,0.44,10,0.45,10,
725634,綠界*統一54購01,0,0,0,---,---,---, ---,,,0.43,10,0.44,10,
725636,力旺元大46購01,0,0,0,---,---,---, ---,,,0.00,0,0.06,60,
725639,元太元大48購01,0,0,0,---,---,---, ---,,,0.06,499,0.16,10,
725640,元太元大49購01,0,0,0,---,---,---, ---,,,0.01,499,0.10,50,
725642,胡連元大46購02,0,0,0,---,---,---, ---,,,0.03,499,0.13,10,
725644,泰茂元大48購01,0,0,0,---,---,---, ---,,,0.01,499,0.05,39,
725647,精測元大4A購01,0,0,0,---,---,---, ---,,,2.77,250,0.00,0,
725651,力旺中信46購01,0,0,0,---,---,---, ---,,,0.00,0,0.01,20,
725652,力旺中信47購01,0,0,0,---,---,---, ---,,,0.01,10,0.02,10,
725663,鈊象凱基48購01,0,0,0,---,---,---, ---,,,0.03,100,0.13,10,
725665,綠界*凱基46購01,0,0,0,---,---,---, ---,,,0.01,50,0.02,10,
725668,弘塑元富47購01,0,0,0,---,---,---, ---,,,0.08,10,0.00,0,
725669,弘塑元富47購02,0,0,0,---,---,---, ---,,,0.00,0,0.00,0,
725679,宜特富邦46購02,0,0,0,---,---,---, ---,,,0.00,0,0.10,10,
725680,茂達富邦46購01,"77,000",1,"18,480",0.24,0.24,0.24,0.24,-,0.03,0.23,10,0.24,10,
725681,雙鴻富邦48購01,0,0,0,---,---,---, ---,,,0.07,10,0.10,10,
725682,瀧澤科富邦46購01,0,0,0,---,---,---, ---,,,0.00,0,0.10,10,
725683,廣運國泰46購01,0,0,0,---,---,---, ---,,,0.00,0,0.10,15,
725684,雙鴻國泰46購02,0,0,0,---,---,---, ---,,,0.00,0,0.01,15,
725688,力旺國票46購01,0,0,0,---,---,---, ---,,,0.01,25,0.11,10,
725690,先進光國票46購03,0,0,0,---,---,---, ---,,,0.01,25,0.02,10,
725692,佶優國票46購01,0,0,0,---,---,---, ---,,,0.01,25,0.11,10,
725697,瀧澤科國票46購01,0,0,0,---,---,---, ---,,,0.00,0,0.00,0,
725704,鈊象群益47購05,"99,000",1,"1,980",0.02,0.02,0.02,0.02,-,0.01,0.02,100,0.03,100,
725707,環球晶群益47購01,"15,000",1,300,0.02,0.02,0.02,0.02,-,0.01,0.02,949,0.12,10,
725708,宏碩統一4C購01,0,0,0,---,---,---, ---,,,0.16,10,0.17,10,
725709,宜特統一53購01,0,0,0,---,---,---, ---,,,0.08,10,0.09,10,
725710,泰茂統一4A購01,0,0,0,---,---,---, ---,,,0.16,10,0.17,10,
725711,健椿統一54購02,0,0,0,---,---,---, ---,,,0.13,10,0.16,10,
725712,健椿永豐46購01,0,0,0,---,---,---, ---,,,0.00,0,0.10,10,
725713,鈊象永豐46購03,0,0,0,---,---,---, ---,,,0.01,499,0.06,10,
725726,世禾國票46購01,0,0,0,---,---,---, ---,,,0.02,25,0.03,10,
725727,佶優國票47購01,0,0,0,---,---,---, ---,,,0.01,25,0.02,10,
725733,神準富邦46購01,"190,000",8,"69,570",0.39,0.39,0.30,0.30,-,0.09,0.29,32,0.30,10,
725734,晶宏富邦47購01,0,0,0,---,---,---, ---,,,0.01,100,0.10,10,
725740,精材元富47購01,0,0,0,---,---,---, ---,,,0.00,0,0.10,25,
725742,佶優群益46購01,0,0,0,---,---,---, ---,,,0.00,0,0.00,0,
725744,新復興統一5A購01,0,0,0,---,---,---, ---,,,0.09,10,0.11,10,
725745,東浦永豐46購01,0,0,0,---,---,---, ---,,,0.01,499,0.03,10,
725746,信驊永豐46購02,0,0,0,---,---,---, ---,,,0.03,499,0.10,10,
725747,精測永豐46購01,0,0,0,---,---,---, ---,,,3.23,10,3.33,10,
725754,鈊象元大46購05,0,0,0,---,---,---, ---,,,0.00,0,0.10,10,
725755,新復興兆豐46購01,0,0,0,---,---,---, ---,,,0.00,0,0.01,10,
725756,群聯兆豐4A購01,0,0,0,---,---,---, ---,,,0.95,10,0.96,10,
725757,世界富邦46購02,0,0,0,---,---,---, ---,,,0.10,30,0.12,10,
725759,廣運富邦47購01,"55,000",1,"13,750",0.25,0.25,0.25,0.25,-,0.03,0.23,10,0.24,10,
725761,東捷元富4A購01,0,0,0,---,---,---, ---,,,0.03,15,0.00,0,
725763,信驊元富47購01,0,0,0,---,---,---, ---,,,0.04,25,0.10,10,
725768,元債20凱基4A購01,0,0,0,---,---,---, ---,,,0.01,100,0.10,10,
725769,世禾凱基46購01,0,0,0,---,---,---, ---,,,0.01,100,0.02,10,
725773,信驊凱基47購01,0,0,0,---,---,---, ---,,,0.09,100,0.19,10,
725785,國債20國票46購03,0,0,0,---,---,---, ---,,,0.01,25,0.00,0,
725786,國債20國票47購02,0,0,0,---,---,---, ---,,,0.02,25,0.03,10,
725788,博磊國票46購01,0,0,0,---,---,---, ---,,,0.00,0,0.00,0,
725789,博磊國票47購01,0,0,0,---,---,---, ---,,,0.00,0,0.00,0,
725800,鈊象群益48購01,0,0,0,---,---,---, ---,,,0.24,100,0.25,100,
725802,世禾統一4A購01,0,0,0,---,---,---, ---,,,0.25,10,0.26,10,
725803,東浦統一54購01,0,0,0,---,---,---, ---,,,0.22,10,0.23,10,
725804,晶宏統一54購01,0,0,0,---,---,---, ---,,,0.13,10,0.14,10,
725806,先進光永豐46購03,0,0,0,---,---,---, ---,,,0.01,499,0.03,10,
725807,振曜永豐46購02,0,0,0,---,---,---, ---,,,0.05,499,0.11,62,
725808,泰茂永豐47購01,0,0,0,---,---,---, ---,,,0.05,62,0.06,10,
725809,欣銓兆豐46購01,0,0,0,---,---,---, ---,,,0.77,10,0.78,10,
725810,波若威兆豐46購01,0,0,0,---,---,---, ---,,,0.06,10,0.07,10,
725811,茂達兆豐46購01,0,0,0,---,---,---, ---,,,0.00,0,0.01,10,
725813,波若威元富47購01,0,0,0,---,---,---, ---,,,0.26,25,0.36,10,
725822,群ESG元大46購01,0,0,0,---,---,---, ---,,,0.00,0,0.00,0,
725826,鈊象凱基46購05,0,0,0,---,---,---, ---,,,0.00,0,0.10,10,
725835,世禾群益46購01,0,0,0,---,---,---, ---,,,0.02,25,0.03,10,
725838,鈊象群益4A購01,0,0,0,---,---,---, ---,,,0.10,100,0.11,100,
725840,優群群益46購01,0,0,0,---,---,---, ---,,,0.41,25,0.42,10,
725841,台半統一52購01,0,0,0,---,---,---, ---,,,0.14,10,0.15,10,
725842,華景電統一4C購01,0,0,0,---,---,---, ---,,,0.21,10,0.22,10,
725845,世禾永豐46購01,0,0,0,---,---,---, ---,,,0.04,499,0.05,10,
725846,昱展永豐4A購01,"20,000",2,"3,200",0.17,0.17,0.15,0.15,-,0.01,0.06,64,0.20,1,
725847,振曜永豐46購03,0,0,0,---,---,---, ---,,,0.28,62,0.32,62,
725849,訊聯永豐46購01,0,0,0,---,---,---, ---,,,0.00,0,0.03,10,
725850,勤凱永豐46購01,0,0,0,---,---,---, ---,,,0.00,0,0.03,10,
725860,旺矽國泰46購02,0,0,0,---,---,---, ---,,,0.06,499,0.07,15,
725861,雙鴻國泰46購03,0,0,0,---,---,---, ---,,,0.00,0,0.01,15,
725864,世禾凱基46購02,0,0,0,---,---,---, ---,,,0.01,100,0.02,10,
725866,國金10凱基48購01,0,0,0,---,---,---, ---,,,0.10,20,0.20,10,
725867,良維富邦46購01,0,0,0,---,---,---, ---,,,0.75,10,0.85,10,
725868,旺矽富邦46購01,"200,000",2,"6,000",0.03,0.03,0.03,0.03,-,0.07,0.03,10,0.10,110,
725869,朋程富邦46購01,0,0,0,---,---,---, ---,,,0.00,0,0.01,10,
725870,晟德富邦47購01,0,0,0,---,---,---, ---,,,0.02,10,0.10,10,
725871,鈊象富邦47購03,0,0,0,---,---,---, ---,,,0.26,10,0.27,10,
725873,台半元富46購01,0,0,0,---,---,---, ---,,,0.00,0,0.10,25,
725874,台半元富46購02,0,0,0,---,---,---, ---,,,0.00,0,0.10,25,
725877,先進光元富4A購01,0,0,0,---,---,---, ---,,,0.14,25,0.15,25,
725880,鈊象元富4A購02,0,0,0,---,---,---, ---,,,0.19,25,0.20,25,
725881,鈊象元富5A購01,"5,000",1,"4,000",0.80,0.80,0.80,0.80,-,0.02,0.80,25,0.81,25,
725882,群聯元富46購01,0,0,0,---,---,---, ---,,,0.32,25,0.33,25,
725883,臺慶科元富4A購01,0,0,0,---,---,---, ---,,,0.22,25,0.32,25,
725884,蜜望實元富4A購01,0,0,0,---,---,---, ---,,,0.00,0,0.00,0,
725893,旺矽中信47購01,0,0,0,---,---,---, ---,,,0.01,10,0.11,10,
725894,友威科群益4A購01,0,0,0,---,---,---, ---,,,0.17,25,0.18,10,
725896,世禾群益48購01,0,0,0,---,---,---, ---,,,0.22,25,0.23,10,
725900,友威科元大46購03,0,0,0,---,---,---, ---,,,0.00,0,0.10,10,
725905,昇達科元大49購01,0,0,0,---,---,---, ---,,,1.15,499,1.25,10,
725910,華星光元大47購02,"248,000",7,"114,180",0.45,0.47,0.45,0.46,+,0.02,0.40,499,0.41,10,
725912,鈊象元大47購03,0,0,0,---,---,---, ---,,,0.02,499,0.10,200,
725914,德微元大47購01,0,0,0,---,---,---, ---,,,0.00,0,0.10,10,
725915,昇達科統一4C購01,0,0,0,---,---,---, ---,,,0.60,10,0.61,10,
725916,華星光統一4A購02,"178,000",6,"80,600",0.47,0.47,0.45,0.45,-,0.03,0.44,10,0.45,10,
725920,智擎永豐48購01,0,0,0,---,---,---, ---,,,0.24,62,0.25,62,
725922,華景電兆豐46購01,0,0,0,---,---,---, ---,,,0.03,10,0.04,10,
725923,台特化元富47購02,"105,000",3,"77,010",0.82,0.82,0.73,0.73,+,0.06,0.67,25,0.68,25,
725924,宜特元富54購01,0,0,0,---,---,---, ---,,,0.17,25,0.18,25,
725927,松上元富46購01,0,0,0,---,---,---, ---,,,0.01,25,0.11,10,
725928,前鼎元富4A購01,"2,000",1,340,0.17,0.17,0.17,0.17,-,0.02,0.16,25,0.17,25,
725931,智擎元富4A購01,"4,000",1,"4,520",1.13,1.13,1.13,1.13,-,0.0,1.12,25,1.13,25,
725932,華星光元富4A購01,"200,000",1,"284,000",1.42,1.42,1.42,1.42,-,0.16,1.39,25,1.40,25,
725933,昇達科富邦48購01,0,0,0,---,---,---, ---,,,0.48,30,0.58,10,
725934,智擎富邦46購01,0,0,0,---,---,---, ---,,,0.08,10,0.10,10,
725935,華星光富邦46購02,"100,000",1,"18,000",0.18,0.18,0.18,0.18,-,0.01,0.16,30,0.17,10,
725936,華星光中信46購01,"112,000",4,"66,080",0.62,0.62,0.56,0.56,-,0.05,0.54,499,0.56,10,
725937,合晶群益4A購01,0,0,0,---,---,---, ---,,,0.00,0,0.00,0,
725938,宏碩群益46購01,0,0,0,---,---,---, ---,,,0.00,0,0.00,0,
725943,南俊群益46購01,0,0,0,---,---,---, ---,,,0.00,0,0.00,0,
725945,泰金群益46購01,0,0,0,---,---,---, ---,,,0.01,25,0.03,10,
725950,新漢群益46購01,0,0,0,---,---,---, ---,,,1.76,499,1.86,10,
725953,碩禾群益46購01,0,0,0,---,---,---, ---,,,0.00,0,0.00,0,
725956,雙鴻群益46購01,0,0,0,---,---,---, ---,,,0.01,50,0.00,0,
725964,群聯凱基46購01,0,0,0,---,---,---, ---,,,0.29,100,0.39,10,
725969,元債20國票46購01,"100,000",1,"6,000",0.06,0.06,0.06,0.06,+,0.01,0.06,25,0.07,10,
725971,先進光國票47購04,0,0,0,---,---,---, ---,,,0.00,0,0.00,0,
725972,東捷國票46購02,0,0,0,---,---,---, ---,,,0.01,25,0.11,10,
725976,鈦昇國票46購01,0,0,0,---,---,---, ---,,,0.02,25,0.03,10,
725983,昇達科元大45購03,0,0,0,---,---,---, ---,,,0.00,0,0.10,10,
725988,鈊象元大47購04,0,0,0,---,---,---, ---,,,0.01,499,0.11,10,
725994,昇達科統一4C購02,0,0,0,---,---,---, ---,,,0.71,10,0.72,10,
725998,健椿群益48購01,0,0,0,---,---,---, ---,,,0.03,25,0.04,10,
726000,漢科群益46購01,0,0,0,---,---,---, ---,,,0.00,0,0.00,0,
726001,鑫科群益45購01,0,0,0,---,---,---, ---,,,0.00,0,0.00,0,
726002,鑫科群益47購01,0,0,0,---,---,---, ---,,,0.00,0,0.00,0,
726004,華景電永豐45購01,0,0,0,---,---,---, ---,,,0.00,0,0.09,10,
726005,鑫科永豐4A購01,0,0,0,---,---,---, ---,,,0.06,62,0.07,10,
726006,元債20凱基45購03,0,0,0,---,---,---, ---,,,0.00,0,0.00,0,
726007,元債20凱基48購01,0,0,0,---,---,---, ---,,,0.10,100,0.11,50,
726010,晟德凱基45購01,0,0,0,---,---,---, ---,,,0.00,0,0.93,5,
726011,湧德凱基46購01,0,0,0,---,---,---, ---,,,0.01,100,0.11,10,
726012,德微凱基45購01,0,0,0,---,---,---, ---,,,0.00,0,0.00,0,
726013,波若威國泰46購01,0,0,0,---,---,---, ---,,,0.25,499,0.31,10,
726014,雙鴻國泰46購04,0,0,0,---,---,---, ---,,,0.04,10,0.05,10,
726015,台燿國票45購03,0,0,0,---,---,---, ---,,,0.03,25,0.04,10,
726016,伯特光國票45購01,0,0,0,---,---,---, ---,,,0.00,0,0.00,0,
726018,良維國票45購03,0,0,0,---,---,---, ---,,,0.75,25,0.84,10,
726019,宜特國票45購04,0,0,0,---,---,---, ---,,,0.00,0,0.00,0,
726020,信立國票46購01,"2,000",2,"7,670",3.78,3.89,3.78,3.89,-,0.48,3.80,25,3.90,10,
726021,振曜國票45購03,0,0,0,---,---,---, ---,,,0.00,0,0.00,0,
726022,華景電國票45購03,0,0,0,---,---,---, ---,,,0.00,0,0.32,20,
726023,華景電國票45購04,0,0,0,---,---,---, ---,,,0.00,0,0.00,0,
726024,鈊象國票45購02,0,0,0,---,---,---, ---,,,0.00,0,0.00,0,
726025,雷科國票45購02,0,0,0,---,---,---, ---,,,0.00,0,0.00,0,
726026,精星國票45購01,0,0,0,---,---,---, ---,,,0.00,0,0.00,0,
726028,鑫科國票47購01,0,0,0,---,---,---, ---,,,0.00,0,0.00,0,
726030,旺矽富邦46購02,0,0,0,---,---,---, ---,,,0.01,100,0.08,100,
726031,旺矽富邦47購01,0,0,0,---,---,---, ---,,,0.06,10,0.10,10,
726032,新復興富邦46購02,0,0,0,---,---,---, ---,,,0.00,0,0.10,10,
726033,德微富邦47購01,0,0,0,---,---,---, ---,,,0.01,100,0.03,28,
726034,耀勝富邦45購02,0,0,0,---,---,---, ---,,,0.00,0,0.10,10,
726036,元債20元富4A購01,0,0,0,---,---,---, ---,,,0.06,25,0.16,25,
726037,元債20元富5A購01,"89,000",5,"100,820",1.13,1.15,1.12,1.15,+,0.08,1.20,25,1.21,25,
726041,聖暉*元富4A購01,"34,000",1,"64,940",1.91,1.91,1.91,1.91,-,0.06,1.85,25,1.89,25,
726042,智通*永豐46購01,"31,000",1,"1,240",0.04,0.04,0.04,0.04,-,0.03,0.05,499,0.15,10,
726043,鈊象永豐46購04,0,0,0,---,---,---, ---,,,0.00,0,0.10,10,
726044,同致統一4C購01,0,0,0,---,---,---, ---,,,0.16,10,0.17,10,
726045,智通*統一4A購01,0,0,0,---,---,---, ---,,,0.47,10,0.48,10,
726046,叡揚統一4A購01,"6,000",2,"3,930",0.68,0.68,0.65,0.65,-,0.0,0.64,10,0.65,10,
726050,鈊象元大49購01,0,0,0,---,---,---, ---,,,0.04,499,0.14,10,
726061,凌陽創群益46購01,0,0,0,---,---,---, ---,,,0.00,0,0.00,0,
726062,晟德群益46購01,0,0,0,---,---,---, ---,,,0.00,0,0.00,0,
726064,精材群益46購02,0,0,0,---,---,---, ---,,,0.02,25,0.03,10,
726065,精測群益46購01,0,0,0,---,---,---, ---,,,0.00,0,0.00,0,
726066,優群群益46購02,0,0,0,---,---,---, ---,,,0.05,499,0.15,10,
726067,雙鴻群益46購02,0,0,0,---,---,---, ---,,,0.00,0,0.00,0,
726068,晶呈富邦46購01,0,0,0,---,---,---, ---,,,0.24,10,0.25,10,
726069,智通*富邦47購01,"86,000",3,"27,520",0.32,0.32,0.32,0.32,-,0.0,0.30,10,0.31,10,
726070,元債20元富5A購02,0,0,0,---,---,---, ---,,,0.41,25,0.42,45,
726071,同致元富4A購01,0,0,0,---,---,---, ---,,,0.11,25,0.12,25,
726073,晶呈元富47購01,0,0,0,---,---,---, ---,,,0.00,0,0.10,10,
726075,智通*元富4A購01,0,0,0,---,---,---, ---,,,0.95,25,1.05,25,
726077,元債20凱基4A購02,0,0,0,---,---,---, ---,,,0.06,100,0.10,10,
726078,元債20凱基56購01,0,0,0,---,---,---, ---,,,0.19,100,0.20,50,
726080,昇達科凱基49購01,"40,000",5,"29,760",0.76,0.79,0.74,0.74,-,0.01,0.72,50,0.73,10,
726084,智通*凱基47購01,"4,000",1,"1,320",0.33,0.33,0.33,0.33,-,0.0,0.32,20,0.33,10,
726085,鈊象凱基49購01,0,0,0,---,---,---, ---,,,0.18,100,0.19,50,
726088,胡連國泰46購02,0,0,0,---,---,---, ---,,,0.03,499,0.04,15,
726089,原相國泰46購01,0,0,0,---,---,---, ---,,,0.01,499,0.11,75,
726090,鈊象國泰46購03,0,0,0,---,---,---, ---,,,0.01,499,0.02,15,
726091,力致國票46購01,0,0,0,---,---,---, ---,,,0.01,25,0.02,10,
726092,旺矽國票46購01,0,0,0,---,---,---, ---,,,0.01,25,0.02,10,
726093,松瑞藥國票46購01,0,0,0,---,---,---, ---,,,0.00,0,0.00,0,
726094,晶呈國票46購01,0,0,0,---,---,---, ---,,,0.00,0,0.00,0,
726095,智擎國票47購01,0,0,0,---,---,---, ---,,,0.06,25,0.07,10,
726097,聖暉*國票46購01,0,0,0,---,---,---, ---,,,0.00,0,0.00,0,
726105,鈊象元大49購02,0,0,0,---,---,---, ---,,,0.06,499,0.07,10,
726112,茂迪群益46購01,0,0,0,---,---,---, ---,,,0.00,0,0.00,0,
726113,捷波群益46購01,0,0,0,---,---,---, ---,,,0.00,0,0.00,0,
726114,智通*群益47購02,0,0,0,---,---,---, ---,,,0.28,25,0.29,10,
726116,雙鴻群益46購03,0,0,0,---,---,---, ---,,,0.04,10,0.00,0,
726117,旺矽第一46購01,0,0,0,---,---,---, ---,,,0.20,10,0.21,10,
726118,百德統一4C購02,0,0,0,---,---,---, ---,,,0.13,10,0.14,10,
726119,華星光統一5B購01,"998,000",3,"499,000",0.50,0.50,0.50,0.50,-,0.02,0.50,2,0.52,10,
726123,佶優元富4A購01,0,0,0,---,---,---, ---,,,0.30,25,0.31,25,
726124,信立元富47購03,0,0,0,---,---,---, ---,,,4.67,25,4.77,10,
726125,雙鴻富邦46購01,0,0,0,---,---,---, ---,,,0.22,10,0.23,10,
726126,雙鴻富邦4A購01,0,0,0,---,---,---, ---,,,0.16,10,0.17,10,
726129,大宇資國票46購01,0,0,0,---,---,---, ---,,,0.00,0,0.00,0,
726130,元太國票46購01,0,0,0,---,---,---, ---,,,0.00,0,0.00,0,
726133,佳邦國票46購01,0,0,0,---,---,---, ---,,,0.00,0,0.00,0,
726135,華星光國票46購01,0,0,0,---,---,---, ---,,,0.00,0,0.00,0,
726136,華景電國票46購01,0,0,0,---,---,---, ---,,,0.00,0,0.00,0,
726137,華義國票46購01,0,0,0,---,---,---, ---,,,0.00,0,0.01,250,
726138,德微國票46購01,0,0,0,---,---,---, ---,,,0.00,0,0.00,0,
726139,撼訊國票46購01,0,0,0,---,---,---, ---,,,0.00,0,0.00,0,
726140,優群國票46購01,0,0,0,---,---,---, ---,,,0.10,25,0.11,10,
726141,優群國票46購02,0,0,0,---,---,---, ---,,,0.00,0,0.00,0,
726142,台燿凱基46購01,0,0,0,---,---,---, ---,,,0.00,0,0.00,0,
726143,伯特光凱基46購01,"1,000",1,320,0.32,0.32,0.32,0.32,+,0.22,0.00,0,0.09,8,
726145,松瑞藥凱基46購01,0,0,0,---,---,---, ---,,,0.00,0,0.00,0,
726148,智擎凱基46購01,0,0,0,---,---,---, ---,,,0.03,30,0.13,10,
726151,精星凱基46購01,0,0,0,---,---,---, ---,,,0.00,0,0.48,20,
726154,優群凱基46購01,0,0,0,---,---,---, ---,,,0.03,10,0.04,10,
726156,元債20元大46購03,0,0,0,---,---,---, ---,,,0.00,0,0.10,50,
726157,元債20元大49購01,0,0,0,---,---,---, ---,,,0.00,0,0.05,50,
726165,國債20元大46購02,0,0,0,---,---,---, ---,,,0.00,0,0.00,0,
726166,國債20元大47購01,0,0,0,---,---,---, ---,,,0.00,0,0.10,200,
726167,國債20元大48購01,0,0,0,---,---,---, ---,,,0.00,0,0.04,130,
726170,鈊象元大46購06,0,0,0,---,---,---, ---,,,0.00,0,0.10,10,
726171,廣運元大47購01,0,0,0,---,---,---, ---,,,0.09,499,0.10,10,
726173,波若威統一51購01,"325,000",9,"294,540",0.90,0.92,0.85,0.85,-,0.06,0.85,10,0.86,10,
726174,同致永豐46購01,0,0,0,---,---,---, ---,,,0.00,0,0.10,10,
726175,信驊永豐46購03,0,0,0,---,---,---, ---,,,0.00,0,0.10,10,
726176,常珵永豐48購01,0,0,0,---,---,---, ---,,,0.23,62,0.24,10,
726177,大宇資凱基46購01,0,0,0,---,---,---, ---,,,0.00,0,0.00,0,
726183,鈊象凱基49購02,0,0,0,---,---,---, ---,,,0.04,499,0.10,400,
726184,德微凱基46購01,0,0,0,---,---,---, ---,,,0.00,0,0.00,0,
726186,伯特光國票46購01,0,0,0,---,---,---, ---,,,0.00,0,0.00,0,
726188,信驊國票46購01,0,0,0,---,---,---, ---,,,0.00,0,0.00,0,
726189,振曜國票46購02,0,0,0,---,---,---, ---,,,0.20,25,0.21,10,
726190,信驊富邦46購01,0,0,0,---,---,---, ---,,,0.27,10,0.28,10,
726191,家登富邦47購02,0,0,0,---,---,---, ---,,,0.00,0,0.10,10,
726192,廣運富邦46購02,0,0,0,---,---,---, ---,,,0.00,0,0.10,10,
726193,穩懋富邦47購01,0,0,0,---,---,---, ---,,,0.00,0,0.10,10,
726194,元債20元富5B購01,"409,000",6,"291,630",0.71,0.76,0.71,0.76,+,0.1,0.77,25,0.78,25,
726197,信驊元富48購03,0,0,0,---,---,---, ---,,,0.22,25,0.23,25,
726201,台燿群益47購01,"3,000",1,"3,150",1.05,1.05,1.05,1.05,+,0.01,0.98,25,0.99,10,
726202,宏捷科群益47購01,0,0,0,---,---,---, ---,,,0.00,0,0.00,0,
726205,精材群益47購01,0,0,0,---,---,---, ---,,,0.07,25,0.08,10,
726208,雙鴻群益47購03,0,0,0,---,---,---, ---,,,0.00,0,0.00,0,
726209,智通*國泰47購01,0,0,0,---,---,---, ---,,,0.18,499,0.00,0,
726210,華星光國泰47購01,"45,000",2,"28,350",0.62,0.65,0.62,0.65,+,0.05,0.56,499,0.57,15,
726211,順達國泰47購01,0,0,0,---,---,---, ---,,,5.50,10,5.80,10,
726212,雙鴻國泰47購01,0,0,0,---,---,---, ---,,,0.10,10,0.11,10,
726213,同致統一4B購01,0,0,0,---,---,---, ---,,,0.07,10,0.08,10,
726214,宜特統一4B購01,0,0,0,---,---,---, ---,,,0.04,10,0.05,10,
726215,昇達科統一4A購01,"4,000",1,"1,960",0.49,0.49,0.49,0.49,+,0.01,0.46,10,0.47,10,
726216,泰茂統一52購01,0,0,0,---,---,---, ---,,,0.13,10,0.14,10,
726217,智擎統一53購01,0,0,0,---,---,---, ---,,,0.25,10,0.26,10,
726218,精剛統一4C購01,0,0,0,---,---,---, ---,,,0.20,10,0.21,10,
726219,德微統一4A購01,0,0,0,---,---,---, ---,,,0.02,10,0.03,10,
726220,元債20永豐47購01,0,0,0,---,---,---, ---,,,0.00,0,0.00,0,
726221,順達永豐46購01,0,0,0,---,---,---, ---,,,3.64,499,0.00,0,
726222,雙鴻永豐46購01,0,0,0,---,---,---, ---,,,0.00,0,0.10,10,
726223,力致兆豐47購01,0,0,0,---,---,---, ---,,,0.00,0,0.01,10,
726224,胡連兆豐47購01,0,0,0,---,---,---, ---,,,0.08,10,0.09,10,
726225,力致元富47購03,0,0,0,---,---,---, ---,,,0.02,25,0.10,10,
726226,智擎元富4B購01,0,0,0,---,---,---, ---,,,0.50,25,0.51,25,
726229,良維國票46購01,0,0,0,---,---,---, ---,,,0.95,25,1.02,10,
726231,智通*國票47購01,0,0,0,---,---,---, ---,,,0.46,25,0.47,10,
726232,智通*國票48購01,0,0,0,---,---,---, ---,,,0.28,25,0.29,10,
726234,勤凱國票46購01,0,0,0,---,---,---, ---,,,0.01,25,0.02,10,
726237,家登國泰47購01,0,0,0,---,---,---, ---,,,0.01,499,0.05,15,
726238,鈊象國泰47購01,0,0,0,---,---,---, ---,,,0.05,499,0.06,50,
726254,智擎凱基48購01,0,0,0,---,---,---, ---,,,0.05,30,0.06,50,
726255,廣運凱基47購01,0,0,0,---,---,---, ---,,,0.12,100,0.13,10,
726256,優群凱基46購02,0,0,0,---,---,---, ---,,,0.00,0,0.00,0,
726258,大宇資國票46購02,0,0,0,---,---,---, ---,,,0.00,0,0.01,20,
726259,金益鼎國票46購01,0,0,0,---,---,---, ---,,,0.00,0,0.00,0,
726260,振發國票46購01,0,0,0,---,---,---, ---,,,0.01,25,0.02,10,
726261,華宏國票46購01,0,0,0,---,---,---, ---,,,0.00,0,0.00,0,
726262,鈊象國票46購03,0,0,0,---,---,---, ---,,,0.02,25,0.03,10,
726263,精材國票46購01,0,0,0,---,---,---, ---,,,0.00,0,0.00,0,
726264,精測國票46購01,"10,000",1,"5,400",0.54,0.54,0.54,0.54,-,0.35,0.53,25,0.63,10,
726266,宜特統一54購02,0,0,0,---,---,---, ---,,,0.09,10,0.10,10,
726267,智擎統一4B購01,0,0,0,---,---,---, ---,,,0.29,10,0.30,10,
726268,優群統一4A購01,0,0,0,---,---,---, ---,,,0.32,10,0.33,10,
726269,穩懋統一4B購01,0,0,0,---,---,---, ---,,,0.05,20,0.06,10,
726270,旺矽凱基46購01,0,0,0,---,---,---, ---,,,0.04,100,0.00,0,
726272,鈊象凱基48購02,0,0,0,---,---,---, ---,,,0.01,100,0.11,10,
726278,華景電元大4B購01,"50,000",1,"14,000",0.28,0.28,0.28,0.28,-,0.01,0.27,499,0.28,10,
726280,德微元大4B購01,0,0,0,---,---,---, ---,,,0.09,499,0.10,10,
726284,精測元富48購01,"10,000",1,"24,000",2.40,2.40,2.40,2.40,-,0.22,2.40,25,2.41,25,
726285,譜瑞元富4B購01,0,0,0,---,---,---, ---,,,0.59,25,0.67,5,
726286,同致群益47購01,0,0,0,---,---,---, ---,,,0.01,25,0.03,10,
726290,國債20群益47購01,0,0,0,---,---,---, ---,,,0.00,0,0.25,10,
726291,鈊象群益46購03,0,0,0,---,---,---, ---,,,0.00,0,0.00,0,
726293,優群群益47購01,0,0,0,---,---,---, ---,,,0.07,10,0.00,0,
726299,華景電元大4B購02,0,0,0,---,---,---, ---,,,0.46,25,0.47,10,
726304,精測凱基46購03,0,0,0,---,---,---, ---,,,0.76,20,0.00,0,
726305,優群凱基47購01,0,0,0,---,---,---, ---,,,0.47,20,0.48,10,
726309,世界國票46購01,0,0,0,---,---,---, ---,,,0.01,25,0.02,10,
726310,台特化國票46購01,0,0,0,---,---,---, ---,,,0.84,25,0.93,10,
726311,同致國票46購01,0,0,0,---,---,---, ---,,,0.01,25,0.00,0,
726312,神盾國票46購01,0,0,0,---,---,---, ---,,,0.00,0,0.00,0,
726313,順達國票47購02,0,0,0,---,---,---, ---,,,3.87,25,3.97,10,
726314,精華國票46購01,0,0,0,---,---,---, ---,,,0.00,0,0.00,0,
726316,力致國泰47購01,0,0,0,---,---,---, ---,,,0.00,0,0.01,15,
726317,波若威統一4C購01,"109,000",3,"73,320",0.68,0.68,0.63,0.63,-,0.07,0.64,10,0.65,10,
726318,前鼎統一4B購01,0,0,0,---,---,---, ---,,,0.16,10,0.17,10,
726319,精測統一4B購01,"112,000",8,"90,780",0.79,0.86,0.77,0.80,-,0.0,0.76,10,0.77,10,
726320,譜瑞統一4B購01,0,0,0,---,---,---, ---,,,0.20,10,0.21,10,
726322,精材永豐46購01,0,0,0,---,---,---, ---,,,0.00,0,0.10,10,
726323,優群永豐46購01,0,0,0,---,---,---, ---,,,0.06,499,0.16,10,
726328,國債20群益47購02,0,0,0,---,---,---, ---,,,0.00,0,0.11,10,
726329,晶宏群益47購01,0,0,0,---,---,---, ---,,,0.00,0,0.12,10,
726331,陽程群益47購01,0,0,0,---,---,---, ---,,,0.01,25,0.03,10,
726332,鈊象群益47購06,0,0,0,---,---,---, ---,,,0.00,0,0.00,0,
726333,雙鴻群益47購04,0,0,0,---,---,---, ---,,,0.01,499,0.00,0,
726334,威剛兆豐4B購01,"11,000",3,"13,590",1.23,1.26,1.22,1.26,-,0.03,1.26,10,1.27,10,
726335,優群兆豐47購01,0,0,0,---,---,---, ---,,,0.38,10,0.39,10,
726338,元債20富邦4B購01,0,0,0,---,---,---, ---,,,0.12,30,0.13,10,
726344,鈊象元大4A購03,0,0,0,---,---,---, ---,,,0.09,499,0.10,10,
726345,朋億*永豐46購01,0,0,0,---,---,---, ---,,,0.00,0,0.10,10,
726346,威剛永豐46購01,0,0,0,---,---,---, ---,,,0.13,499,0.16,10,
726348,振發永豐46購01,0,0,0,---,---,---, ---,,,0.00,0,0.10,10,
726349,神準永豐47購01,0,0,0,---,---,---, ---,,,0.46,499,0.47,62,
726352,百德國票46購03,0,0,0,---,---,---, ---,,,0.01,25,0.00,0,
726353,百德國票47購02,0,0,0,---,---,---, ---,,,0.01,25,0.11,10,
726354,是方國票46購01,0,0,0,---,---,---, ---,,,0.00,0,0.01,55,
726355,胡連國票46購01,0,0,0,---,---,---, ---,,,0.01,25,0.02,10,
726356,茂綸國票46購01,"2,000",2,590,0.33,0.33,0.26,0.26,+,0.05,0.26,25,0.28,1,
726357,富喬國票46購01,0,0,0,---,---,---, ---,,,1.84,25,1.90,10,
726358,撼訊國票46購02,0,0,0,---,---,---, ---,,,0.00,0,0.00,0,
726359,雙鴻國票46購01,0,0,0,---,---,---, ---,,,0.02,25,0.03,10,
726360,同致統一55購01,0,0,0,---,---,---, ---,,,0.12,10,0.13,10,
726361,茂綸統一4C購01,"391,000",32,"298,990",0.73,0.84,0.71,0.77,+,0.06,0.76,10,0.78,10,
726362,環球晶統一4B購01,"1,035,000",12,"72,400",0.06,0.07,0.06,0.07,+,0.01,0.06,20,0.07,45,
726367,神盾凱基46購01,0,0,0,---,---,---, ---,,,0.00,0,0.00,0,
726369,鈊象凱基46購06,0,0,0,---,---,---, ---,,,0.00,0,0.00,0,
726370,精華凱基46購01,0,0,0,---,---,---, ---,,,0.00,0,0.00,0,
726371,瀧澤科凱基47購02,0,0,0,---,---,---, ---,,,0.00,0,0.02,50,
726372,千附精富邦49購01,0,0,0,---,---,---, ---,,,0.46,30,0.48,10,
726373,力致元富48購01,0,0,0,---,---,---, ---,,,0.10,25,0.11,25,
726378,良維群益47購01,0,0,0,---,---,---, ---,,,0.24,10,0.00,0,
726383,神盾群益47購01,0,0,0,---,---,---, ---,,,0.00,0,0.04,161,
726386,鈊象群益46購04,0,0,0,---,---,---, ---,,,0.00,0,0.01,160,
726387,福裕群益47購01,0,0,0,---,---,---, ---,,,0.00,0,0.00,0,
726394,瀧澤科群益49購01,0,0,0,---,---,---, ---,,,0.01,25,0.03,10,
726404,鈊象元大4A購04,0,0,0,---,---,---, ---,,,0.07,499,0.08,10,
726405,中美晶統一4B購01,0,0,0,---,---,---, ---,,,0.08,10,0.09,10,
726406,世禾統一4B購01,0,0,0,---,---,---, ---,,,0.23,10,0.24,10,
726407,世禾統一53購01,"52,000",1,"16,640",0.32,0.32,0.32,0.32,-,0.0,0.30,10,0.31,10,
726408,福裕統一55購01,0,0,0,---,---,---, ---,,,0.14,10,0.15,10,
726412,精測元富48購02,"6,000",1,"9,120",1.52,1.52,1.52,1.52,-,0.23,1.56,25,1.57,25,
726413,精測元富4B購01,"20,000",1,"18,600",0.93,0.93,0.93,0.93,-,0.02,0.93,25,0.94,25,
726415,前鼎兆豐47購01,0,0,0,---,---,---, ---,,,0.03,10,0.04,10,
726416,漢磊兆豐47購01,0,0,0,---,---,---, ---,,,0.02,10,0.03,10,
726417,譜瑞兆豐4B購01,"42,000",4,"15,240",0.36,0.37,0.36,0.37,-,0.0,0.37,10,0.38,10,
726420,友威科永豐4B購01,0,0,0,---,---,---, ---,,,0.12,62,0.13,62,
726422,智擎永豐4B購01,0,0,0,---,---,---, ---,,,0.17,62,0.18,62,
726425,雙鴻永豐46購02,0,0,0,---,---,---, ---,,,0.03,499,0.13,10,
726427,力旺凱基47購01,0,0,0,---,---,---, ---,,,0.00,0,0.10,10,
726428,振發凱基46購01,0,0,0,---,---,---, ---,,,0.00,0,0.00,0,
726432,金益鼎國票46購02,0,0,0,---,---,---, ---,,,0.00,0,0.14,1,
726433,神準國票46購01,0,0,0,---,---,---, ---,,,0.01,25,0.02,10,
726435,湧德國票46購01,0,0,0,---,---,---, ---,,,0.03,25,0.04,10,
726436,新普國票46購01,0,0,0,---,---,---, ---,,,0.04,25,0.05,10,
726437,精材國票46購02,0,0,0,---,---,---, ---,,,0.00,0,0.00,0,
726438,精測國票46購02,"156,000",10,"58,480",0.31,0.42,0.25,0.28,-,0.03,0.25,25,0.27,10,
726439,力旺中信46購02,0,0,0,---,---,---, ---,,,0.00,0,0.01,1125,
726440,力旺中信47購02,0,0,0,---,---,---, ---,,,0.00,0,0.05,10,
726444,力旺群益47購02,0,0,0,---,---,---, ---,,,0.01,100,0.03,100,
726446,同致群益47購02,0,0,0,---,---,---, ---,,,0.00,0,0.00,0,
726447,良維群益49購01,"40,000",5,"43,200",1.08,1.08,1.08,1.08,+,0.06,1.05,25,1.08,10,
726448,泰茂群益47購01,0,0,0,---,---,---, ---,,,0.00,0,0.00,0,
726449,富喬群益47購01,"169,000",16,"281,620",1.58,1.96,1.36,1.36,+,0.07,1.29,100,1.32,100,
726451,鈊象群益46購05,0,0,0,---,---,---, ---,,,0.00,0,0.00,0,
726452,鈊象群益47購07,0,0,0,---,---,---, ---,,,0.05,100,0.06,100,
726453,精測群益48購01,"10,000",1,"7,000",0.70,0.70,0.70,0.70,+,0.33,0.57,100,0.61,100,
726469,瀧澤科元大47購01,0,0,0,---,---,---, ---,,,0.00,0,0.10,10,
726470,大江國票46購01,0,0,0,---,---,---, ---,,,0.00,0,0.00,0,
726471,中美晶國票46購01,0,0,0,---,---,---, ---,,,0.01,25,0.02,10,
726472,先進光國票46購04,0,0,0,---,---,---, ---,,,0.00,0,0.00,0,
726473,宣德國票46購01,0,0,0,---,---,---, ---,,,0.00,0,0.00,0,
726474,湧德國票48購01,0,0,0,---,---,---, ---,,,0.28,25,0.29,10,
726475,華宏國票46購02,0,0,0,---,---,---, ---,,,0.00,0,0.00,0,
726476,華景電國票46購02,0,0,0,---,---,---, ---,,,0.00,0,0.00,0,
726477,閎康國票46購01,0,0,0,---,---,---, ---,,,0.01,25,0.02,10,
726478,順達國票46購01,0,0,0,---,---,---, ---,,,2.21,25,2.31,10,
726479,新復興國票46購03,0,0,0,---,---,---, ---,,,0.00,0,0.00,0,
726480,雍智國票46購01,0,0,0,---,---,---, ---,,,0.00,0,1.98,22,
726481,福裕國票46購01,0,0,0,---,---,---, ---,,,0.00,0,0.00,0,
726482,撼訊國票46購03,0,0,0,---,---,---, ---,,,0.01,25,0.02,10,
726483,雙鴻兆豐47購01,0,0,0,---,---,---, ---,,,0.06,10,0.07,10,
726486,鈦昇凱基46購02,0,0,0,---,---,---, ---,,,0.00,0,0.00,0,
726487,精測凱基48購01,0,0,0,---,---,---, ---,,,0.84,30,0.94,10,
726490,台特化元富47購03,"37,000",1,"79,180",2.14,2.14,2.14,2.14,+,0.08,1.75,25,1.77,25,
726491,台特化元富48購01,0,0,0,---,---,---, ---,,,1.81,25,1.91,25,
726495,陽程元富4B購01,0,0,0,---,---,---, ---,,,0.09,25,0.19,25,
726497,新復興元富47購01,0,0,0,---,---,---, ---,,,0.00,0,0.10,25,
726498,群聯元富46購02,0,0,0,---,---,---, ---,,,0.15,66,0.00,0,
726500,中美晶統一53購01,0,0,0,---,---,---, ---,,,0.16,10,0.21,10,
726501,世禾統一4C購01,0,0,0,---,---,---, ---,,,0.27,10,0.28,10,
726502,康全電統一53購01,"10,000",1,900,0.09,0.09,0.09,0.09,-,0.01,0.09,10,0.10,10,
726503,鈦昇統一49購03,0,0,0,---,---,---, ---,,,0.13,10,0.14,10,
726504,環球晶統一53購01,0,0,0,---,---,---, ---,,,0.19,10,0.29,10,
726505,神準富邦48購01,0,0,0,---,---,---, ---,,,0.17,30,0.18,10,
726507,瀧澤科富邦46購02,0,0,0,---,---,---, ---,,,0.00,0,0.01,210,
726511,中美晶中信47購01,0,0,0,---,---,---, ---,,,0.20,499,0.21,10,
726512,鈊象中信46購02,0,0,0,---,---,---, ---,,,0.00,0,0.00,0,
726514,康全電群益47購01,0,0,0,---,---,---, ---,,,0.00,0,0.00,0,
726515,康全電群益49購01,0,0,0,---,---,---, ---,,,0.02,25,0.03,10,
726520,環球晶群益47購02,0,0,0,---,---,---, ---,,,0.00,0,0.00,0,
726522,元債20元大47購02,0,0,0,---,---,---, ---,,,0.00,0,0.00,0,
726523,元債20元大48購01,0,0,0,---,---,---, ---,,,0.00,0,0.01,1,
726524,元債20元大48購02,"1,763,000",29,"284,690",0.16,0.20,0.16,0.20,+,0.05,0.19,105,0.20,89,
726525,旺矽元大4B購01,"7,000",3,"5,720",0.82,0.84,0.81,0.81,-,0.04,0.81,499,0.91,10,
726526,信立元大4B購01,0,0,0,---,---,---, ---,,,1.34,7,0.00,0,
726536,系統電國票46購01,0,0,0,---,---,---, ---,,,0.00,0,0.00,0,
726537,良維國票46購02,0,0,0,---,---,---, ---,,,1.66,25,1.76,10,
726539,創惟國票46購02,"301,000",2,"27,110",0.09,0.10,0.09,0.10,-,0.03,0.09,25,0.10,10,
726540,群聯國票46購01,0,0,0,---,---,---, ---,,,0.90,25,0.95,10,
726543,伯特光凱基46購02,0,0,0,---,---,---, ---,,,0.00,0,0.01,200,
726544,波若威凱基48購01,"243,000",14,"225,920",0.96,0.98,0.84,0.84,-,0.11,0.86,100,0.87,10,
726545,宣德凱基46購01,0,0,0,---,---,---, ---,,,0.00,0,0.00,0,
726546,泰茂凱基4A購01,0,0,0,---,---,---, ---,,,0.09,100,0.10,50,
726547,創惟凱基47購02,0,0,0,---,---,---, ---,,,0.23,40,1.18,57,
726548,順達凱基46購01,0,0,0,---,---,---, ---,,,1.22,100,0.00,0,
726550,精材凱基47購01,0,0,0,---,---,---, ---,,,0.00,0,0.10,10,
726552,環球晶凱基47購01,0,0,0,---,---,---, ---,,,0.00,0,0.10,10,
726553,中美晶統一4B購02,0,0,0,---,---,---, ---,,,0.10,10,0.11,10,
726554,伯特光統一53購01,0,0,0,---,---,---, ---,,,0.33,10,0.34,10,
726555,伯特光統一55購01,0,0,0,---,---,---, ---,,,0.43,10,0.44,10,
726556,宣德統一53購01,"20,000",1,"6,400",0.32,0.32,0.32,0.32,-,0.0,0.32,10,0.33,10,
726557,創惟統一4B購04,"279,000",8,"135,640",0.50,0.52,0.48,0.50,-,0.03,0.49,13,0.50,10,
726558,創惟統一4C購02,"289,000",8,"258,830",0.90,0.94,0.87,0.94,-,0.06,0.91,10,0.92,10,
726559,創惟統一51購01,"169,000",5,"117,360",0.71,0.71,0.68,0.68,-,0.05,0.70,10,0.71,10,
726560,創惟統一55購01,"132,000",2,"71,940",0.53,0.56,0.53,0.56,-,0.04,0.53,10,0.54,10,
726561,創惟統一57購01,"90,000",5,"55,500",0.61,0.63,0.61,0.61,-,0.0,0.60,10,0.61,10,
726562,順達統一53購01,0,0,0,---,---,---, ---,,,0.99,20,1.00,10,
726563,中美晶永豐46購01,0,0,0,---,---,---, ---,,,0.00,0,0.05,10,
726564,宣德永豐46購01,0,0,0,---,---,---, ---,,,0.00,0,0.10,10,
726566,康全電永豐47購01,0,0,0,---,---,---, ---,,,0.00,0,0.05,10,
726569,中光電兆豐4B購01,"22,000",4,"12,760",0.59,0.59,0.56,0.56,-,0.04,0.55,10,0.56,10,
726571,創惟富邦48購01,"91,000",8,"71,680",0.78,0.82,0.77,0.78,-,0.12,0.77,30,0.78,10,
726572,創惟元富4B購01,"164,000",11,"393,640",2.43,2.46,2.37,2.37,-,0.08,2.39,25,2.41,25,
726577,元債20群益47購02,0,0,0,---,---,---, ---,,,0.02,300,0.00,0,
726578,伯特光群益46購01,0,0,0,---,---,---, ---,,,0.01,499,0.11,10,
726580,旺矽群益46購01,0,0,0,---,---,---, ---,,,0.01,25,0.03,10,
726582,康全電群益49購02,0,0,0,---,---,---, ---,,,0.01,25,0.03,10,
726585,智擎群益47購01,0,0,0,---,---,---, ---,,,0.02,499,0.12,10,
726586,湧德群益46購02,0,0,0,---,---,---, ---,,,0.04,25,0.05,10,
726589,新普群益47購01,0,0,0,---,---,---, ---,,,0.01,60,0.00,0,
726590,廣運群益47購01,0,0,0,---,---,---, ---,,,0.02,499,0.12,10,
726591,營邦群益47購01,0,0,0,---,---,---, ---,,,0.10,25,0.11,10,
726592,友威科元大48購01,0,0,0,---,---,---, ---,,,0.02,499,0.12,10,
726593,泰茂元大4B購01,0,0,0,---,---,---, ---,,,0.04,499,0.14,10,
726595,華星光元大4B購01,"408,000",9,"227,530",0.58,0.59,0.52,0.54,-,0.03,0.53,499,0.54,10,
726597,廣運元大47購02,0,0,0,---,---,---, ---,,,0.06,499,0.07,10,
726598,廣明兆豐4B購01,"40,000",3,"28,000",0.70,0.70,0.70,0.70,-,0.05,0.70,10,0.71,10,
726599,元太富邦47購01,0,0,0,---,---,---, ---,,,0.00,0,0.10,10,
726600,家登富邦46購01,0,0,0,---,---,---, ---,,,0.00,0,0.05,25,
726601,元太元富4B購01,"300,000",3,"53,000",0.18,0.18,0.17,0.18,-,0.01,0.17,25,0.18,25,
726605,友威科永豐46購01,0,0,0,---,---,---, ---,,,0.00,0,0.06,10,
726606,世界永豐46購01,0,0,0,---,---,---, ---,,,0.07,499,0.17,10,
726608,順達永豐47購01,"150,000",3,"126,380",0.87,0.87,0.82,0.86,-,0.02,0.83,62,0.85,10,
726609,福華永豐47購01,0,0,0,---,---,---, ---,,,0.01,499,0.03,70,
726610,雙鴻永豐47購01,0,0,0,---,---,---, ---,,,0.04,200,0.14,10,
726612,康全電統一55購01,0,0,0,---,---,---, ---,,,0.05,10,0.10,10,
726613,順達統一4C購01,0,0,0,---,---,---, ---,,,0.69,10,0.70,10,
726614,順達統一53購02,0,0,0,---,---,---, ---,,,0.59,10,0.60,10,
726615,順達第一47購01,0,0,0,---,---,---, ---,,,1.85,10,1.95,10,
726616,元債20凱基48購02,0,0,0,---,---,---, ---,,,0.03,100,0.13,10,
726617,康全電凱基49購01,0,0,0,---,---,---, ---,,,0.00,0,0.02,50,
726619,鈊象凱基48購03,0,0,0,---,---,---, ---,,,0.19,100,0.20,50,
726623,中美晶群益47購01,0,0,0,---,---,---, ---,,,0.00,0,0.00,0,
726624,元債20群益47購03,0,0,0,---,---,---, ---,,,0.00,0,0.04,499,
726626,泰茂群益46購01,0,0,0,---,---,---, ---,,,0.00,0,0.00,0,
726628,元太國票46購02,0,0,0,---,---,---, ---,,,0.01,25,0.02,10,
726630,元債20國票46購02,0,0,0,---,---,---, ---,,,0.01,25,0.02,10,
726631,元債20國票48購02,0,0,0,---,---,---, ---,,,0.01,25,0.02,10,
726632,宜特國票46購02,0,0,0,---,---,---, ---,,,0.00,0,0.00,0,
726633,旺矽國票46購02,0,0,0,---,---,---, ---,,,0.03,25,0.04,10,
726635,神準國票46購02,0,0,0,---,---,---, ---,,,0.00,0,0.00,0,
726636,國債20國票49購02,0,0,0,---,---,---, ---,,,0.04,25,0.05,10,
726637,康全電國票46購01,0,0,0,---,---,---, ---,,,0.00,0,0.42,1,
726638,順達國票46購02,0,0,0,---,---,---, ---,,,1.23,25,1.27,10,
726639,鈦昇國票46購02,0,0,0,---,---,---, ---,,,0.01,25,0.00,0,
726640,福裕國票46購02,0,0,0,---,---,---, ---,,,0.00,0,0.00,0,
726641,精材國票46購03,0,0,0,---,---,---, ---,,,0.00,0,0.00,0,
726642,廣運國票46購03,0,0,0,---,---,---, ---,,,0.00,0,0.00,0,
726644,擎亞國票46購01,0,0,0,---,---,---, ---,,,1.53,25,1.57,10,
726645,雙鴻國票46購02,0,0,0,---,---,---, ---,,,0.00,0,0.00,0,
726647,旺矽元大47購02,0,0,0,---,---,---, ---,,,0.34,499,0.35,10,
726649,華星光元大4B購02,"20,000",2,"14,150",0.73,0.73,0.70,0.70,-,0.03,0.69,499,0.70,10,
726656,順達元大48購01,"74,000",3,"61,680",0.84,0.84,0.82,0.82,-,0.03,0.82,25,0.84,10,
726657,友威科國票46購01,0,0,0,---,---,---, ---,,,0.01,25,0.02,10,
726658,伯特光國票46購02,0,0,0,---,---,---, ---,,,0.00,0,0.00,0,
726659,常珵國票46購01,0,0,0,---,---,---, ---,,,0.02,25,0.03,10,
726660,順達國票46購03,0,0,0,---,---,---, ---,,,0.70,25,0.71,10,
726662,福華國票46購01,0,0,0,---,---,---, ---,,,0.01,25,0.02,10,
726663,福華國票47購01,0,0,0,---,---,---, ---,,,0.01,25,0.11,10,
726665,環球晶國票46購01,0,0,0,---,---,---, ---,,,0.01,25,0.00,0,
726671,順達富邦47購01,"80,000",6,"82,200",1.06,1.06,1.00,1.02,-,0.0,0.99,30,1.00,10,
726672,鈊象富邦46購03,0,0,0,---,---,---, ---,,,0.19,10,0.20,10,
726673,康全電統一4B購01,0,0,0,---,---,---, ---,,,0.03,10,0.04,10,
726674,康全電統一4C購01,0,0,0,---,---,---, ---,,,0.02,10,0.03,10,
726675,順達統一4B購01,"53,000",1,"50,880",0.96,0.96,0.96,0.96,+,0.02,0.93,10,0.94,10,
726676,順達統一55購01,0,0,0,---,---,---, ---,,,0.86,10,0.87,10,
726677,泰茂永豐47購02,0,0,0,---,---,---, ---,,,0.05,62,0.06,10,
726678,神準永豐48購01,0,0,0,---,---,---, ---,,,0.17,499,0.19,12,
726680,順達永豐46購02,"19,000",2,"6,560",0.35,0.35,0.34,0.34,-,0.01,0.33,499,0.40,1,
726682,先進光兆豐46購01,0,0,0,---,---,---, ---,,,0.00,0,0.01,10,
726683,昇達科兆豐46購01,0,0,0,---,---,---, ---,,,0.82,10,0.83,10,
726684,穩懋兆豐46購01,0,0,0,---,---,---, ---,,,0.00,0,0.01,10,
726686,中美晶凱基46購04,0,0,0,---,---,---, ---,,,0.00,0,0.00,0,
726687,元債20凱基48購03,0,0,0,---,---,---, ---,,,0.00,0,0.00,0,
726688,百德凱基46購02,0,0,0,---,---,---, ---,,,0.00,0,0.00,0,
726690,宏捷科凱基46購02,0,0,0,---,---,---, ---,,,0.00,0,0.00,0,
726691,良維凱基46購03,0,0,0,---,---,---, ---,,,2.41,100,0.00,0,
726693,神準凱基46購01,0,0,0,---,---,---, ---,,,0.00,0,0.00,0,
726695,順達凱基47購01,"25,000",3,"15,250",0.61,0.61,0.61,0.61,+,0.02,0.58,100,0.59,10,
726697,營邦凱基47購02,0,0,0,---,---,---, ---,,,0.10,30,0.11,50,
726699,順達中信46購01,"190,000",13,"81,200",0.45,0.45,0.41,0.41,-,0.02,0.41,10,0.43,10,
726700,精測中信47購01,0,0,0,---,---,---, ---,,,0.50,499,0.51,10,
726704,湧德群益47購01,0,0,0,---,---,---, ---,,,0.20,25,0.21,10,
726705,順達群益47購01,"70,000",4,"120,760",1.71,1.79,1.69,1.69,-,0.03,1.71,100,1.72,100,
726706,鈊象群益46購06,0,0,0,---,---,---, ---,,,0.01,25,0.03,10,
726707,鈊象群益47購08,0,0,0,---,---,---, ---,,,0.07,100,0.08,100,
726710,營邦群益46購01,0,0,0,---,---,---, ---,,,0.01,499,0.11,10,
726716,撼訊元大48購01,0,0,0,---,---,---, ---,,,0.14,499,0.15,10,
726717,雙鴻中信46購01,0,0,0,---,---,---, ---,,,0.03,499,0.04,10,
726718,雙鴻中信48購02,0,0,0,---,---,---, ---,,,0.04,499,0.05,10,
726719,華星光統一4B購01,"41,000",2,"22,690",0.59,0.59,0.54,0.54,-,0.04,0.54,10,0.55,10,
726720,環球晶統一4B購02,"1,358,000",10,"70,800",0.05,0.06,0.05,0.05,-,0.0,0.05,10,0.06,10,
726722,雙鴻永豐47購02,0,0,0,---,---,---, ---,,,0.02,200,0.12,10,
726723,驊訊富邦47購01,"69,000",7,"8,670",0.13,0.13,0.11,0.11,-,0.04,0.08,10,0.10,10,
726724,世界元富4B購01,"361,000",5,"320,450",0.91,0.91,0.85,0.86,-,0.03,0.84,25,0.85,25,
726725,茂達元富4B購01,0,0,0,---,---,---, ---,,,1.21,25,1.23,25,
726726,鈊象元富48購02,0,0,0,---,---,---, ---,,,0.07,25,0.10,10,
726727,中美晶群益48購01,"120,000",2,"6,000",0.05,0.05,0.05,0.05,-,0.02,0.04,25,0.05,5,
726728,元債20群益47購04,0,0,0,---,---,---, ---,,,0.00,0,0.00,0,
726730,弘塑群益47購01,0,0,0,---,---,---, ---,,,0.00,0,0.03,40,
726731,百德群益47購01,0,0,0,---,---,---, ---,,,0.01,25,0.03,10,
726734,昇達科群益47購01,"102,000",2,"94,860",0.96,0.96,0.90,0.90,-,0.04,0.89,100,0.90,100,
726737,營邦群益47購02,0,0,0,---,---,---, ---,,,0.22,25,0.23,10,
726738,弘塑國票47購03,0,0,0,---,---,---, ---,,,0.08,25,0.09,10,
726739,振曜國票47購01,0,0,0,---,---,---, ---,,,0.37,25,0.38,10,
726740,聖暉*國票46購02,0,0,0,---,---,---, ---,,,0.79,25,0.83,10,
726742,環球晶國票46購02,0,0,0,---,---,---, ---,,,0.00,0,0.03,30,
726745,弘塑凱基46購01,0,0,0,---,---,---, ---,,,0.00,0,0.00,0,
726746,兆利凱基47購01,0,0,0,---,---,---, ---,,,0.03,40,0.04,50,
726747,鈊象凱基47購02,0,0,0,---,---,---, ---,,,0.02,100,0.12,10,
726753,力旺元大48購01,0,0,0,---,---,---, ---,,,0.00,0,0.00,0,
726761,華星光群益47購02,"44,000",6,"45,120",1.06,1.06,0.97,0.97,-,0.09,0.97,100,0.98,100,
726763,精剛群益47購01,0,0,0,---,---,---, ---,,,0.05,25,0.15,10,
726766,世德永豐47購01,0,0,0,---,---,---, ---,,,0.03,25,0.04,10,
726767,艾訊永豐46購01,0,0,0,---,---,---, ---,,,0.02,62,0.00,0,
726768,宏捷科永豐47購01,0,0,0,---,---,---, ---,,,0.15,62,0.16,10,
726769,鈦昇永豐48購01,"15,000",1,"1,200",0.08,0.08,0.08,0.08,-,0.03,0.08,62,0.09,10,
726770,力旺統一4B購02,"80,000",2,"14,400",0.18,0.18,0.18,0.18,-,0.0,0.18,10,0.19,10,
726771,友威科統一53購01,0,0,0,---,---,---, ---,,,0.13,10,0.14,10,
726772,台燿統一4B購01,"75,000",1,"44,250",0.59,0.59,0.59,0.59,-,0.01,0.54,10,0.55,10,
726773,雙鴻統一49購02,0,0,0,---,---,---, ---,,,0.17,10,0.18,10,
726775,旺矽國票46購03,0,0,0,---,---,---, ---,,,0.01,25,0.02,10,
726776,新普國票46購02,0,0,0,---,---,---, ---,,,0.33,25,0.34,10,
726777,群聯國票46購02,"18,000",1,"2,880",0.16,0.16,0.16,0.16,-,0.08,0.15,25,0.16,10,
726778,精材國票46購04,0,0,0,---,---,---, ---,,,0.01,25,0.02,10,
726779,撼訊國票46購05,0,0,0,---,---,---, ---,,,0.17,25,0.18,10,
726784,環球晶元富48購01,0,0,0,---,---,---, ---,,,0.05,25,0.15,10,
726785,元太富邦46購01,0,0,0,---,---,---, ---,,,0.00,0,0.04,50,
726786,茂達富邦47購01,"27,000",4,"4,890",0.19,0.19,0.17,0.17,-,0.02,0.16,10,0.17,10,
726787,神盾富邦47購01,0,0,0,---,---,---, ---,,,0.00,0,0.06,10,
726788,智通*富邦46購01,"10,000",1,"5,500",0.55,0.55,0.55,0.55,-,0.03,0.56,10,0.65,10,
726789,翔名富邦47購02,0,0,0,---,---,---, ---,,,0.09,30,0.10,10,
726790,鈊象富邦47購04,0,0,0,---,---,---, ---,,,0.02,10,0.10,10,
726791,群聯富邦46購02,0,0,0,---,---,---, ---,,,1.07,10,1.17,10,
726793,艾訊凱基46購01,0,0,0,---,---,---, ---,,,0.01,40,0.02,10,
726795,富喬凱基47購01,0,0,0,---,---,---, ---,,,1.33,10,1.43,10,
726796,鈊象凱基47購03,0,0,0,---,---,---, ---,,,0.03,100,0.13,10,
726804,雙鴻元大48購03,0,0,0,---,---,---, ---,,,0.00,0,0.00,0,
726805,良維富邦48購01,0,0,0,---,---,---, ---,,,2.32,10,2.42,10,
726806,環球晶富邦48購01,0,0,0,---,---,---, ---,,,0.00,0,0.06,10,
726807,雙鴻富邦48購02,0,0,0,---,---,---, ---,,,0.23,10,0.24,10,
726808,友威科永豐4B購02,0,0,0,---,---,---, ---,,,0.08,499,0.09,10,
726810,鈦昇永豐47購01,0,0,0,---,---,---, ---,,,0.14,499,0.15,10,
726811,精測永豐46購02,"121,000",10,"67,330",0.47,0.65,0.47,0.52,-,0.02,0.49,62,0.50,10,
726812,富驊統一53購01,0,0,0,---,---,---, ---,,,0.52,10,0.53,10,
726813,台燿國票46購01,0,0,0,---,---,---, ---,,,0.66,25,0.68,10,
726814,艾訊國票46購01,0,0,0,---,---,---, ---,,,0.04,25,0.05,10,
726815,東浦國票46購01,0,0,0,---,---,---, ---,,,0.01,25,0.02,10,
726816,長科*國票46購01,0,0,0,---,---,---, ---,,,0.39,25,0.40,10,
726818,泰金國票46購01,0,0,0,---,---,---, ---,,,0.03,25,0.04,10,
726819,晟德國票46購01,0,0,0,---,---,---, ---,,,0.00,0,0.00,0,
726820,雍智國票46購02,0,0,0,---,---,---, ---,,,0.04,25,0.05,10,
726821,廣運國票46購04,"20,000",1,"1,000",0.05,0.05,0.05,0.05,-,0.08,0.05,25,0.06,10,
726822,雙鴻國票46購03,0,0,0,---,---,---, ---,,,0.00,0,0.00,0,
726826,泰茂凱基46購01,0,0,0,---,---,---, ---,,,0.00,0,0.02,10,
726827,精材凱基46購02,0,0,0,---,---,---, ---,,,0.01,100,0.11,10,
726828,巨有群益46購01,0,0,0,---,---,---, ---,,,0.00,0,0.11,10,
726829,智通*群益4B購01,"5,000",1,"3,550",0.71,0.71,0.71,0.71,-,0.01,0.70,25,0.71,10,
726833,信驊元大48購01,"34,000",7,"28,100",0.84,0.84,0.78,0.78,-,0.09,0.78,499,0.81,10,
726834,信驊元大4A購01,0,0,0,---,---,---, ---,,,0.57,499,0.60,10,
726838,雙鴻元大48購04,"14,000",1,"6,860",0.49,0.49,0.49,0.49,-,0.03,0.00,0,0.00,0,
726839,精材富邦47購02,"218,000",2,"17,840",0.10,0.10,0.08,0.08,-,0.04,0.09,30,0.10,10,
726841,信驊元富48購04,0,0,0,---,---,---, ---,,,0.32,25,0.34,25,
726843,振發統一53購01,"73,000",1,"13,870",0.19,0.19,0.19,0.19,+,0.01,0.17,10,0.18,10,
726844,華星光統一4A購03,"1,167,000",16,"604,730",0.52,0.53,0.47,0.48,-,0.02,0.48,20,0.00,0,
726845,凡甲國票46購01,0,0,0,---,---,---, ---,,,0.07,25,0.08,10,
726846,信驊國票46購04,0,0,0,---,---,---, ---,,,0.15,25,0.16,10,
726847,振發國票46購02,0,0,0,---,---,---, ---,,,0.01,25,0.02,10,
726848,神準國票46購03,0,0,0,---,---,---, ---,,,0.01,25,0.02,10,
726849,廣運國票46購05,0,0,0,---,---,---, ---,,,0.01,25,0.02,10,
726850,良維永豐46購01,0,0,0,---,---,---, ---,,,1.86,499,1.94,10,
726852,泰茂永豐47購03,0,0,0,---,---,---, ---,,,0.10,499,0.11,10,
726860,鈊象凱基46購07,0,0,0,---,---,---, ---,,,0.00,0,0.10,10,
726862,雙鴻凱基46購05,0,0,0,---,---,---, ---,,,0.06,60,0.16,10,
726864,信驊群益47購02,0,0,0,---,---,---, ---,,,0.00,0,0.00,0,
726866,振發群益47購01,0,0,0,---,---,---, ---,,,0.00,0,0.00,0,
726871,精材兆豐47購01,0,0,0,---,---,---, ---,,,0.00,0,0.01,10,
726872,振曜富邦46購01,0,0,0,---,---,---, ---,,,0.52,10,0.62,10,
726873,新普元富46購01,0,0,0,---,---,---, ---,,,0.00,0,0.00,0,
726876,世禾永豐48購01,"30,000",1,"9,000",0.30,0.30,0.30,0.30,-,0.0,0.27,499,0.28,10,
726878,合晶永豐46購01,0,0,0,---,---,---, ---,,,0.03,499,0.04,10,
726880,晟德永豐46購02,"46,000",6,"2,250",0.05,0.05,0.04,0.05,-,0.02,0.04,499,0.05,10,
726882,濱川永豐48購01,"25,000",4,"5,100",0.22,0.22,0.19,0.19,-,0.03,0.17,18,0.20,62,
726883,雙鴻永豐46購03,0,0,0,---,---,---, ---,,,0.01,499,0.11,10,
726884,振發統一53購02,0,0,0,---,---,---, ---,,,0.13,10,0.15,10,
726885,旺矽國票46購04,"16,000",3,"5,850",0.36,0.38,0.36,0.38,-,0.05,0.33,25,0.34,10,
726886,胡連國票46購02,0,0,0,---,---,---, ---,,,0.11,25,0.12,10,
726887,華景電國票46購03,0,0,0,---,---,---, ---,,,0.02,25,0.03,10,
726888,磐儀國票46購01,0,0,0,---,---,---, ---,,,0.03,25,0.04,10,
726892,鈊象凱基4A購01,0,0,0,---,---,---, ---,,,0.32,100,0.33,50,
726894,艾訊群益47購01,0,0,0,---,---,---, ---,,,0.05,25,0.06,10,
726902,雙鴻元大49購01,0,0,0,---,---,---, ---,,,0.01,499,0.00,0,
726907,華星光元大47購03,"336,000",11,"176,540",0.53,0.55,0.47,0.48,-,0.05,0.48,499,0.49,10,
726909,環球晶元大49購01,"15,000",2,"3,650",0.24,0.25,0.24,0.25,+,0.11,0.18,5,0.23,10,
726912,群聯元富47購01,0,0,0,---,---,---, ---,,,0.00,0,0.00,0,
726914,力致永豐47購02,0,0,0,---,---,---, ---,,,0.16,499,0.17,10,
726915,元債20永豐48購01,0,0,0,---,---,---, ---,,,0.08,182,0.00,0,
726916,元債20永豐48購02,0,0,0,---,---,---, ---,,,0.14,499,0.16,62,
726920,家登永豐46購01,0,0,0,---,---,---, ---,,,0.01,499,0.03,10,
726922,新普永豐46購01,0,0,0,---,---,---, ---,,,0.00,0,0.00,0,
726923,台燿統一4C購01,"48,000",1,"25,920",0.54,0.54,0.54,0.54,-,0.01,0.51,10,0.52,10,
726924,金麗科統一5B購01,0,0,0,---,---,---, ---,,,0.58,10,0.59,10,
726925,金麗科統一5B購02,0,0,0,---,---,---, ---,,,0.63,10,0.64,10,
726926,金麗科統一5B購03,0,0,0,---,---,---, ---,,,0.57,10,0.58,10,
726927,金麗科統一5B購04,"321,000",5,"177,750",0.56,0.56,0.54,0.54,-,0.0,0.54,10,0.55,30,
726928,常珵統一4C購01,0,0,0,---,---,---, ---,,,0.33,10,0.34,10,
726929,富喬統一53購01,"8,000",2,"6,790",0.86,0.86,0.83,0.83,+,0.02,0.83,10,0.84,10,
726930,雙鴻統一4B購01,0,0,0,---,---,---, ---,,,0.17,10,0.18,10,
726931,金麗科國票46購01,0,0,0,---,---,---, ---,,,0.00,0,0.00,0,
726932,金麗科國票46購03,"92,000",3,"4,600",0.05,0.05,0.05,0.05,-,0.0,0.05,25,0.06,10,
726933,華星光國票46購05,"120,000",2,"15,100",0.13,0.13,0.12,0.12,-,0.02,0.11,25,0.12,10,
726934,新普國票46購03,0,0,0,---,---,---, ---,,,0.10,25,0.11,10,
726935,福裕國票46購03,0,0,0,---,---,---, ---,,,0.01,25,0.02,10,
726937,台燿凱基47購01,0,0,0,---,---,---, ---,,,0.11,100,0.12,30,
726938,艾訊凱基47購01,0,0,0,---,---,---, ---,,,0.02,30,0.12,10,
726941,金麗科凱基46購01,0,0,0,---,---,---, ---,,,0.02,40,0.12,10,
726942,金麗科凱基47購01,"50,000",1,"3,500",0.07,0.07,0.07,0.07,-,0.03,0.06,30,0.16,10,
726945,福華凱基47購01,0,0,0,---,---,---, ---,,,0.00,0,0.10,10,
726946,雙鴻凱基49購01,0,0,0,---,---,---, ---,,,0.20,70,0.30,10,
726951,金麗科群益46購01,0,0,0,---,---,---, ---,,,0.04,499,0.14,10,
726952,金麗科群益47購01,"925,000",10,"120,900",0.13,0.15,0.11,0.14,+,0.02,0.06,2,0.25,30,
726954,神準群益4B購01,0,0,0,---,---,---, ---,,,0.37,25,0.38,10,
726955,國債20群益4C購01,"1,000",1,80,0.08,0.08,0.08,0.08,+,0.01,0.07,25,0.08,10,
726956,富喬群益46購01,"100,000",5,"162,390",1.57,1.86,1.54,1.75,+,0.46,1.28,25,1.31,10,
726958,群聯群益46購04,"38,000",1,"55,100",1.45,1.45,1.45,1.45,+,0.15,1.22,25,1.24,10,
726963,泰茂凱基4B購01,0,0,0,---,---,---, ---,,,0.15,499,0.16,450,
726965,富喬凱基46購01,"655,000",16,"208,320",0.24,0.45,0.24,0.26,+,0.02,0.23,10,0.24,10,
726966,華星光凱基46購03,"31,000",2,"16,680",0.54,0.54,0.53,0.53,-,0.02,0.46,100,0.47,10,
726967,鈊象凱基46購08,0,0,0,---,---,---, ---,,,0.00,0,0.10,10,
726968,新普凱基46購01,0,0,0,---,---,---, ---,,,0.06,30,0.16,10,
726969,環球晶凱基49購01,"53,000",6,"5,900",0.10,0.12,0.10,0.12,+,0.02,0.10,100,0.11,10,
726970,兆利元富46購01,0,0,0,---,---,---, ---,,,0.00,0,0.10,25,
726971,東浦元富46購01,0,0,0,---,---,---, ---,,,0.01,25,0.10,10,
726973,新普元富48購01,0,0,0,---,---,---, ---,,,0.15,10,0.00,0,
726974,台燿兆豐47購01,0,0,0,---,---,---, ---,,,0.25,10,0.26,10,
726975,家登兆豐47購01,0,0,0,---,---,---, ---,,,0.01,10,0.02,10,
726976,鈊象兆豐47購01,0,0,0,---,---,---, ---,,,0.13,10,0.14,10,
726977,中美晶富邦47購01,0,0,0,---,---,---, ---,,,0.00,0,0.10,10,
726978,台燿富邦47購01,0,0,0,---,---,---, ---,,,0.18,30,0.19,10,
726979,宏捷科富邦47購01,0,0,0,---,---,---, ---,,,0.05,10,0.10,10,
726980,群聯富邦46購03,0,0,0,---,---,---, ---,,,0.53,10,0.63,10,
726981,營邦富邦47購01,0,0,0,---,---,---, ---,,,0.06,10,0.16,10,
726983,建榮永豐47購01,0,0,0,---,---,---, ---,,,0.02,2,0.00,0,
726984,崧騰永豐46購01,0,0,0,---,---,---, ---,,,0.12,62,0.13,10,
726985,常珵永豐47購01,0,0,0,---,---,---, ---,,,0.13,499,0.14,10,
726986,富喬永豐47購01,"15,000",1,"21,000",1.40,1.40,1.40,1.40,+,0.28,1.20,499,1.24,10,
726987,智通*永豐47購01,"20,000",1,"22,200",1.11,1.11,1.11,1.11,-,0.02,1.10,499,1.13,10,
726988,榮剛永豐46購01,"10,000",1,"1,100",0.11,0.11,0.11,0.11,-,0.05,0.10,62,0.11,10,
726989,兆利統一4B購02,0,0,0,---,---,---, ---,,,0.10,10,0.11,10,
726990,富驊統一4B購01,0,0,0,---,---,---, ---,,,0.24,10,0.25,10,
726991,富驊統一55購01,0,0,0,---,---,---, ---,,,0.42,10,0.43,10,
726992,精材統一4B購05,"1,186,000",6,"150,190",0.14,0.14,0.12,0.13,-,0.02,0.12,10,0.13,10,
726993,晟德國泰47購01,0,0,0,---,---,---, ---,,,0.04,499,0.14,100,
726995,艾訊國票46購02,0,0,0,---,---,---, ---,,,0.03,25,0.04,10,
726996,神準國票46購04,0,0,0,---,---,---, ---,,,0.01,25,0.02,10,
726997,富驊國票46購01,0,0,0,---,---,---, ---,,,0.03,25,0.04,10,
726998,僑威國票46購01,0,0,0,---,---,---, ---,,,0.62,25,0.64,10,
726999,精材國票46購05,0,0,0,---,---,---, ---,,,0.02,25,0.03,10,
727000,濱川國票48購01,"428,000",9,"152,460",0.41,0.41,0.35,0.37,-,0.03,0.36,25,0.37,10,
727003,鈊象中信46購03,0,0,0,---,---,---, ---,,,0.01,499,0.02,10,
727006,富喬群益46購02,"22,000",2,"10,920",0.50,0.50,0.46,0.46,+,0.06,0.39,25,0.40,10,
727008,福華群益46購01,0,0,0,---,---,---, ---,,,0.00,0,0.00,0,
727016,濱川元大48購01,0,0,0,---,---,---, ---,,,0.14,499,0.24,10,
727022,環球晶元大4A購01,0,0,0,---,---,---, ---,,,0.22,499,0.31,65,
727023,兆利富邦49購01,0,0,0,---,---,---, ---,,,0.04,10,0.10,10,
727025,建榮統一53購01,0,0,0,---,---,---, ---,,,0.34,10,0.35,10,
727026,波若威國票46購02,"663,000",9,"596,780",1.02,1.05,0.87,0.89,-,0.19,0.87,25,0.89,9,
727027,家登國泰47購02,0,0,0,---,---,---, ---,,,0.02,499,0.03,100,
727028,宏捷科永豐46購01,0,0,0,---,---,---, ---,,,0.03,499,0.04,10,
727029,佶優永豐46購01,0,0,0,---,---,---, ---,,,0.08,499,0.09,10,
727030,富驊永豐46購01,0,0,0,---,---,---, ---,,,0.15,499,0.16,10,
727031,華星光永豐46購02,0,0,0,---,---,---, ---,,,0.03,499,0.08,10,
727032,營邦永豐46購01,0,0,0,---,---,---, ---,,,0.03,100,0.13,10,
727034,譜瑞永豐46購02,0,0,0,---,---,---, ---,,,0.05,499,0.06,10,
727036,振發凱基46購02,0,0,0,---,---,---, ---,,,0.00,0,0.02,50,
727039,鈊象凱基46購09,0,0,0,---,---,---, ---,,,0.02,100,0.12,10,
727040,群ESG凱基47購01,0,0,0,---,---,---, ---,,,0.07,100,0.08,50,
727043,威剛群益46購01,0,0,0,---,---,---, ---,,,0.27,25,0.28,10,
727044,新普群益46購01,0,0,0,---,---,---, ---,,,0.09,499,0.19,10,
727045,營邦群益46購02,0,0,0,---,---,---, ---,,,0.00,0,0.00,0,
727049,富喬元大48購01,"480,000",13,"376,330",0.81,0.82,0.74,0.74,+,0.03,0.72,48,0.73,10,
727050,富喬元大4B購01,"5,000",1,"6,400",1.28,1.28,1.28,1.28,+,0.23,1.07,30,1.08,10,
727053,兆利永豐46購01,0,0,0,---,---,---, ---,,,0.00,0,0.03,10,
727057,頎邦永豐47購01,0,0,0,---,---,---, ---,,,0.39,499,0.40,10,
727059,臺慶科永豐47購01,0,0,0,---,---,---, ---,,,0.14,62,0.15,12,
727060,世禾國票46購03,0,0,0,---,---,---, ---,,,0.15,25,0.16,10,
727061,高鋒國票46購01,0,0,0,---,---,---, ---,,,0.22,25,0.23,10,
727062,高鋒國票46購03,"500,000",2,"165,000",0.33,0.33,0.33,0.33,-,0.09,0.34,25,0.35,10,
727063,家登國泰47購03,0,0,0,---,---,---, ---,,,0.01,499,0.02,100,
727065,台星科群益4B購01,0,0,0,---,---,---, ---,,,0.30,25,0.31,10,
727071,宣德富邦47購01,0,0,0,---,---,---, ---,,,0.03,30,0.09,10,
727072,營邦兆豐47購01,0,0,0,---,---,---, ---,,,0.02,10,0.03,10,
727075,神準元富4B購01,"28,000",12,"14,720",0.58,0.58,0.51,0.51,-,0.08,0.50,27,0.51,25,
727079,新普凱基46購02,0,0,0,---,---,---, ---,,,0.10,50,0.20,10,
727081,創惟元大46購03,0,0,0,---,---,---, ---,,,0.73,499,0.83,10,
727082,富喬元大49購01,"129,000",20,"143,060",1.04,1.22,1.01,1.01,+,0.03,0.99,25,1.00,10,
727083,營邦元大46購01,0,0,0,---,---,---, ---,,,0.00,0,0.10,10,
727084,中美晶國票47購01,0,0,0,---,---,---, ---,,,0.00,0,0.00,0,
727085,旺矽國票47購01,0,0,0,---,---,---, ---,,,0.20,25,0.21,10,
727086,松上國票47購01,"220,000",1,"19,800",0.09,0.09,0.09,0.09,-,0.07,0.10,25,0.11,10,
727087,佶優國票47購02,0,0,0,---,---,---, ---,,,0.09,25,0.10,10,
727088,高鋒國票47購01,"102,000",5,"15,270",0.15,0.15,0.12,0.12,-,0.04,0.12,24,0.13,10,
727089,智通*國票46購02,0,0,0,---,---,---, ---,,,1.13,25,1.23,10,
727090,華宏國票47購01,0,0,0,---,---,---, ---,,,0.00,0,0.00,0,
727091,中光電凱基46購01,0,0,0,---,---,---, ---,,,0.00,0,0.00,0,
727092,旺矽凱基4C購01,"10,000",1,"9,200",0.92,0.92,0.92,0.92,-,0.03,0.90,100,0.91,30,
727093,富喬凱基4C購01,"25,000",4,"29,300",1.17,1.18,1.17,1.17,+,0.15,1.05,10,1.06,10,
727094,營邦凱基47購03,0,0,0,---,---,---, ---,,,0.11,40,0.12,10,
727095,高鋒統一5A購01,0,0,0,---,---,---, ---,,,0.48,10,0.49,10,
727096,創惟統一4C購03,"433,000",5,"233,390",0.54,0.56,0.52,0.54,-,0.03,0.53,10,0.54,10,
727097,新潤元富46購02,0,0,0,---,---,---, ---,,,0.01,25,0.10,10,
727098,新潤元富46購03,0,0,0,---,---,---, ---,,,0.00,0,0.10,25,
727099,旺矽富邦47購02,0,0,0,---,---,---, ---,,,0.33,10,0.34,10,
727100,創惟富邦48購02,"727,000",12,"311,310",0.41,0.46,0.40,0.43,-,0.03,0.42,30,0.43,10,
727101,華星光富邦48購01,0,0,0,---,---,---, ---,,,0.12,30,0.13,10,
727102,中美晶永豐47購01,0,0,0,---,---,---, ---,,,0.00,0,0.02,20,
727103,旺矽永豐47購01,"41,000",5,"15,280",0.37,0.38,0.37,0.38,-,0.04,0.34,499,0.35,10,
727104,旺矽永豐47購02,0,0,0,---,---,---, ---,,,0.05,62,0.06,10,
727105,高鋒永豐49購01,"154,000",6,"66,310",0.45,0.45,0.41,0.42,-,0.04,0.41,62,0.42,62,
727106,騰雲台新46購01,0,0,0,---,---,---, ---,,,0.00,0,0.33,25,
727107,建榮中信46購01,0,0,0,---,---,---, ---,,,0.00,0,0.00,0,
727108,高鋒中信47購01,"31,000",4,"1,340",0.04,0.05,0.04,0.05,-,0.0,0.03,60,0.04,10,
727109,兆利群益48購01,0,0,0,---,---,---, ---,,,0.03,25,0.04,10,
727110,艾訊群益46購02,0,0,0,---,---,---, ---,,,0.00,0,0.00,0,
727111,泰茂群益46購02,0,0,0,---,---,---, ---,,,0.00,0,0.00,0,
727112,神準群益4B購02,"2,000",2,940,0.48,0.48,0.46,0.46,-,0.05,0.44,26,0.45,10,
727113,高鋒群益48購01,0,0,0,---,---,---, ---,,,0.00,0,0.00,0,
727114,環球晶群益46購01,0,0,0,---,---,---, ---,,,0.00,0,0.00,0,
727115,雙鴻群益46購04,0,0,0,---,---,---, ---,,,0.00,0,0.00,0,
727116,元債20元大4A購01,0,0,0,---,---,---, ---,,,0.16,100,0.00,0,
727117,元債20元大4C購01,"50,000",1,"3,000",0.06,0.06,0.06,0.06,+,0.01,0.05,100,0.07,50,
727118,高鋒元大46購01,0,0,0,---,---,---, ---,,,0.00,0,0.10,10,
727119,高鋒元大46購02,0,0,0,---,---,---, ---,,,0.01,499,0.11,10,
727120,富喬元大48購02,"158,000",9,"181,570",1.11,1.21,1.06,1.06,+,0.05,1.03,25,1.04,10,
727121,環球晶元大46購01,0,0,0,---,---,---, ---,,,0.00,0,0.10,10,
727122,高鋒統一54購01,0,0,0,---,---,---, ---,,,0.60,10,0.61,10,
727123,旺矽元富47購01,"378,000",12,"302,610",0.79,0.84,0.79,0.84,+,0.01,0.78,25,0.79,25,
727124,先進光富邦48購01,0,0,0,---,---,---, ---,,,0.01,100,0.10,10,
727125,高鋒永豐49購02,"197,000",15,"138,980",0.74,0.74,0.66,0.69,-,0.04,0.66,62,0.76,10,
727126,雙鴻永豐48購01,0,0,0,---,---,---, ---,,,0.18,499,0.19,10,
727127,中光電國票46購01,0,0,0,---,---,---, ---,,,0.00,0,0.00,0,
727128,中光電國票47購01,0,0,0,---,---,---, ---,,,0.02,25,0.03,10,
727129,天品國票47購01,"15,000",2,"20,900",1.43,1.43,1.32,1.32,-,0.83,1.25,25,1.29,10,
727130,富喬國票48購02,"139,000",10,"127,350",0.83,0.98,0.75,0.75,+,0.05,0.73,25,0.74,10,
727131,鈊象國票47購02,0,0,0,---,---,---, ---,,,0.00,0,0.00,0,
727132,精材國票47購01,0,0,0,---,---,---, ---,,,0.01,25,0.02,10,
727133,聚和國票47購01,"100,000",1,"3,000",0.03,0.03,0.03,0.03,-,0.0,0.02,25,0.03,10,
727134,驊訊國票46購01,0,0,0,---,---,---, ---,,,0.00,0,0.00,0,
727135,神準凱基46購02,0,0,0,---,---,---, ---,,,0.00,0,0.00,0,
727136,高鋒凱基46購01,0,0,0,---,---,---, ---,,,0.00,0,0.31,45,
727137,璟德凱基46購01,0,0,0,---,---,---, ---,,,0.00,0,0.00,0,
727138,雙鴻凱基4A購01,0,0,0,---,---,---, ---,,,0.43,100,0.53,10,
727139,中光電群益46購01,0,0,0,---,---,---, ---,,,0.00,0,0.00,0,
727140,天品群益46購01,0,0,0,---,---,---, ---,,,0.42,499,0.52,10,
727141,旺矽群益47購03,"431,000",5,"302,700",0.71,0.71,0.68,0.68,-,0.07,0.68,25,0.69,10,
727142,神準群益4C購01,0,0,0,---,---,---, ---,,,0.58,25,0.59,10,
727143,兆利台新46購01,0,0,0,---,---,---, ---,,,0.00,0,0.00,0,
727144,旺矽台新46購01,0,0,0,---,---,---, ---,,,0.32,10,0.00,0,
727145,中光電元富46購01,0,0,0,---,---,---, ---,,,0.00,0,0.10,10,
727146,中美晶元富54購01,"19,000",7,"7,590",0.39,0.40,0.39,0.40,+,0.03,0.39,45,0.40,25,
727147,群聯元富47購02,0,0,0,---,---,---, ---,,,0.59,25,0.61,25,
727148,力旺永豐47購01,"60,000",1,"6,600",0.11,0.11,0.11,0.11,+,0.01,0.10,62,0.11,10,
727149,中光電永豐47購01,0,0,0,---,---,---, ---,,,0.02,62,0.03,10,
727150,台燿永豐47購01,"410,000",2,"111,800",0.28,0.28,0.27,0.27,-,0.03,0.26,62,0.27,10,
727151,旺矽永豐49購01,0,0,0,---,---,---, ---,,,0.48,62,0.49,10,
727152,神準永豐46購01,0,0,0,---,---,---, ---,,,0.00,0,0.06,10,
727153,力旺元大46購02,0,0,0,---,---,---, ---,,,0.00,0,0.10,10,
727154,力旺元大46購03,0,0,0,---,---,---, ---,,,0.00,0,0.10,10,
727155,旺矽元大46購03,0,0,0,---,---,---, ---,,,0.14,499,0.24,10,
727156,旺矽元大46購04,"97,000",1,"26,190",0.27,0.27,0.27,0.27,-,0.18,0.25,499,0.35,10,
727157,旺矽元大46購05,0,0,0,---,---,---, ---,,,0.00,0,0.01,499,
727158,神準元大46購01,0,0,0,---,---,---, ---,,,0.00,0,0.10,10,
727159,鈊象元大46購07,0,0,0,---,---,---, ---,,,0.00,0,0.10,10,
727160,營邦元大46購02,0,0,0,---,---,---, ---,,,0.00,0,0.10,10,
727161,環球晶元大46購02,0,0,0,---,---,---, ---,,,0.00,0,0.10,10,
727162,力旺凱基46購01,0,0,0,---,---,---, ---,,,0.00,0,0.00,0,
727163,力旺凱基47購02,"50,000",1,"1,500",0.03,0.03,0.03,0.03,-,0.01,0.03,100,0.13,10,
727164,中光電凱基47購01,0,0,0,---,---,---, ---,,,0.00,0,0.10,10,
727165,艾訊凱基46購02,0,0,0,---,---,---, ---,,,0.00,0,0.00,0,
727166,岱稜凱基46購01,0,0,0,---,---,---, ---,,,0.00,0,0.00,0,
727167,旺矽凱基46購03,0,0,0,---,---,---, ---,,,0.00,0,0.00,0,
727168,泰茂凱基4A購02,0,0,0,---,---,---, ---,,,0.13,100,0.14,30,
727169,鈊象凱基46購10,0,0,0,---,---,---, ---,,,0.01,100,0.00,0,
727170,雍智凱基47購01,"24,000",1,"6,480",0.27,0.27,0.27,0.27,-,0.07,0.26,50,0.27,10,
727171,凡甲國票47購01,0,0,0,---,---,---, ---,,,0.11,25,0.12,10,
727172,中光電國票48購01,0,0,0,---,---,---, ---,,,0.18,25,0.19,10,
727173,世界國票47購01,0,0,0,---,---,---, ---,,,0.14,25,0.15,10,
727174,波若威國票47購01,0,0,0,---,---,---, ---,,,1.23,25,1.33,10,
727175,神盾國票47購01,0,0,0,---,---,---, ---,,,0.00,0,0.00,0,
727176,湧德國票46購02,0,0,0,---,---,---, ---,,,0.67,25,0.69,10,
727177,閎康國票47購01,0,0,0,---,---,---, ---,,,0.01,25,0.02,10,
727178,營邦國票46購01,0,0,0,---,---,---, ---,,,0.00,0,0.00,0,
727179,營邦國票47購01,0,0,0,---,---,---, ---,,,0.00,0,0.00,0,
727180,旺矽台新46購02,0,0,0,---,---,---, ---,,,0.05,20,0.00,0,
727181,中美晶國泰48購01,0,0,0,---,---,---, ---,,,0.03,499,0.04,100,
727182,世界國泰48購01,"17,000",3,"5,660",0.34,0.34,0.33,0.33,-,0.01,0.32,504,0.33,100,
727183,先進光國泰48購01,0,0,0,---,---,---, ---,,,0.01,499,0.11,100,
727184,力旺中信46購03,0,0,0,---,---,---, ---,,,0.00,0,0.02,10,
727185,旺矽中信47購02,0,0,0,---,---,---, ---,,,0.06,10,0.16,10,
727186,力旺群益48購01,0,0,0,---,---,---, ---,,,0.05,100,0.06,100,
727187,中光電群益46購02,0,0,0,---,---,---, ---,,,0.00,0,0.00,0,
727188,兆利群益46購01,0,0,0,---,---,---, ---,,,0.00,0,0.00,0,
727189,岱稜群益46購01,0,0,0,---,---,---, ---,,,0.00,0,0.00,0,
727190,振發群益46購01,0,0,0,---,---,---, ---,,,0.00,0,0.00,0,
727191,鈊象群益46購07,0,0,0,---,---,---, ---,,,0.00,0,0.00,0,
727192,鈊象群益46購08,0,0,0,---,---,---, ---,,,0.00,0,0.05,10,
727193,精測富邦48購01,"485,000",22,"342,600",0.65,0.79,0.63,0.65,-,0.03,0.65,10,0.66,10,
727194,環球晶富邦48購02,0,0,0,---,---,---, ---,,,0.09,30,0.14,10,
727195,中光電元富46購02,0,0,0,---,---,---, ---,,,0.00,0,0.10,10,
727196,中光電元富46購03,0,0,0,---,---,---, ---,,,0.00,0,0.10,10,
727197,中光電元富4C購01,"2,000",1,920,0.46,0.46,0.46,0.46,-,0.0,0.43,25,0.44,25,
727198,神準元富47購01,0,0,0,---,---,---, ---,,,0.00,0,0.10,25,
727199,旺矽元大46購06,0,0,0,---,---,---, ---,,,0.00,0,0.10,10,
727200,神準元大46購02,0,0,0,---,---,---, ---,,,0.00,0,0.10,10,
727201,環球晶元大46購03,0,0,0,---,---,---, ---,,,0.00,0,0.10,10,
727202,神準統一54購01,0,0,0,---,---,---, ---,,,0.31,10,0.32,10,
727203,正淩永豐48購01,"48,000",3,"15,640",0.31,0.33,0.31,0.33,+,0.01,0.29,499,0.30,10,
727204,百德永豐46購03,0,0,0,---,---,---, ---,,,0.00,0,0.06,10,
727205,新普永豐46購02,0,0,0,---,---,---, ---,,,0.00,0,0.00,0,
727206,中光電凱基48購01,0,0,0,---,---,---, ---,,,0.00,0,0.10,10,
727207,台燿凱基46購02,0,0,0,---,---,---, ---,,,0.00,0,0.00,0,
727208,神準凱基46購03,0,0,0,---,---,---, ---,,,0.00,0,0.00,0,
727209,營邦凱基46購01,0,0,0,---,---,---, ---,,,0.00,0,0.00,0,
727210,環球晶凱基46購01,0,0,0,---,---,---, ---,,,0.00,0,0.00,0,
727211,岱稜國票46購01,0,0,0,---,---,---, ---,,,0.01,25,0.02,10,
727212,神準國票47購02,0,0,0,---,---,---, ---,,,0.00,0,0.00,0,
727213,璟德國票47購01,0,0,0,---,---,---, ---,,,0.00,0,0.00,0,
727214,旺矽國泰48購01,"299,000",1,"131,560",0.44,0.44,0.44,0.44,-,0.02,0.42,499,0.43,100,
727215,鈊象國泰48購01,"100,000",4,"29,900",0.31,0.31,0.28,0.28,-,0.02,0.27,499,0.28,100,
727216,振曜台新46購01,0,0,0,---,---,---, ---,,,0.16,20,0.00,0,
727217,神準台新46購01,0,0,0,---,---,---, ---,,,0.00,0,0.00,0,
727218,譜瑞中信48購01,0,0,0,---,---,---, ---,,,0.05,10,0.15,10,
727219,旺矽群益47購04,0,0,0,---,---,---, ---,,,0.00,0,0.00,0,
727220,神準群益48購02,0,0,0,---,---,---, ---,,,0.08,25,0.09,10,
727221,富驊群益46購01,0,0,0,---,---,---, ---,,,0.00,0,0.03,5,
727222,營邦群益48購01,0,0,0,---,---,---, ---,,,0.17,25,0.18,10,
727223,神準元大46購03,0,0,0,---,---,---, ---,,,0.00,0,0.01,499,
727224,聖暉*元大46購01,0,0,0,---,---,---, ---,,,0.32,499,0.36,10,
727225,營邦元大46購03,0,0,0,---,---,---, ---,,,0.00,0,0.10,10,
727226,環球晶元大46購04,0,0,0,---,---,---, ---,,,0.00,0,0.10,10,
727227,雙鴻元大46購02,0,0,0,---,---,---, ---,,,0.00,0,0.10,10,
727228,力致兆豐48購01,0,0,0,---,---,---, ---,,,0.02,10,0.03,10,
727229,台燿富邦48購01,"83,000",3,"27,380",0.33,0.33,0.32,0.32,-,0.02,0.30,30,0.31,10,
727230,旺矽富邦48購01,"3,209,000",11,"985,610",0.32,0.32,0.30,0.31,-,0.03,0.30,10,0.31,10,
727231,鈊象富邦47購05,0,0,0,---,---,---, ---,,,0.12,10,0.13,10,
727232,群聯富邦48購01,"80,000",1,"44,800",0.56,0.56,0.56,0.56,-,0.04,0.56,10,0.57,10,
727233,正淩元富4C購01,"1,000",1,"1,140",1.14,1.14,1.14,1.14,+,0.14,0.98,25,1.01,25,
727234,鈊象元富46購03,0,0,0,---,---,---, ---,,,0.01,25,0.11,10,
727235,鈊象元富46購04,0,0,0,---,---,---, ---,,,0.04,25,0.10,10,
727236,鈊象元富46購05,0,0,0,---,---,---, ---,,,0.00,0,0.10,25,
727237,鈊象元富46購06,0,0,0,---,---,---, ---,,,0.27,25,0.29,25,
727238,鈊象元富46購07,0,0,0,---,---,---, ---,,,0.00,0,0.10,10,
727239,營邦元富46購01,0,0,0,---,---,---, ---,,,0.00,0,0.10,10,
727240,中光電統一4A購01,0,0,0,---,---,---, ---,,,0.06,10,0.07,10,
727241,昇佳電統一51購01,0,0,0,---,---,---, ---,,,0.12,10,0.13,10,
727242,神準統一54購02,"17,000",1,"4,760",0.28,0.28,0.28,0.28,-,0.02,0.27,10,0.28,10,
727243,力致永豐49購01,"11,000",2,"1,970",0.18,0.18,0.17,0.17,-,0.03,0.17,91,0.18,10,
727244,世界永豐46購02,0,0,0,---,---,---, ---,,,0.10,499,0.20,10,
727245,長聖永豐46購01,0,0,0,---,---,---, ---,,,0.02,499,0.12,10,
727246,茂迪永豐46購01,0,0,0,---,---,---, ---,,,0.00,0,0.09,5,
727247,泰茂永豐49購01,0,0,0,---,---,---, ---,,,0.15,62,0.16,10,
727248,博智永豐46購02,0,0,0,---,---,---, ---,,,0.29,499,0.39,10,
727249,台燿國票48購01,0,0,0,---,---,---, ---,,,0.29,25,0.30,10,
727250,昇佳電國票47購01,0,0,0,---,---,---, ---,,,0.01,25,0.02,10,
727251,神準國票47購03,0,0,0,---,---,---, ---,,,0.07,25,0.08,10,
727252,群聯國票47購01,"300,000",8,"81,650",0.31,0.31,0.24,0.24,-,0.05,0.24,25,0.25,10,
727253,旺矽國泰48購02,"50,000",1,"18,000",0.36,0.36,0.36,0.36,-,0.02,0.33,499,0.34,100,
727254,兆利中信48購01,0,0,0,---,---,---, ---,,,0.00,0,0.08,10,
727255,協易機中信47購01,0,0,0,---,---,---, ---,,,0.00,0,0.02,10,
727256,岱稜中信47購01,0,0,0,---,---,---, ---,,,0.02,499,0.04,10,
727257,昇佳電中信47購01,0,0,0,---,---,---, ---,,,0.00,0,0.02,10,
727258,中光電群益48購01,0,0,0,---,---,---, ---,,,0.01,25,0.02,40,
727259,良維群益46購01,"3,000",3,"13,020",4.33,4.35,4.33,4.35,+,0.18,0.00,0,4.36,1,
727260,信立群益48購01,0,0,0,---,---,---, ---,,,0.00,0,0.00,0,
727261,神準群益48購03,0,0,0,---,---,---, ---,,,0.08,25,0.09,10,
727262,常珵群益49購01,0,0,0,---,---,---, ---,,,0.22,25,0.23,10,
727263,凡甲凱基47購01,0,0,0,---,---,---, ---,,,0.08,30,0.09,10,
727264,宏捷科凱基46購03,0,0,0,---,---,---, ---,,,0.00,0,0.00,0,
727265,富驊凱基46購01,0,0,0,---,---,---, ---,,,0.00,0,0.00,0,
727266,環球晶凱基48購01,0,0,0,---,---,---, ---,,,0.13,100,0.14,50,
727267,艾訊元大46購01,0,0,0,---,---,---, ---,,,0.02,499,0.12,10,
727268,系統電元大48購01,0,0,0,---,---,---, ---,,,0.10,499,0.11,10,
727269,系統電元大4C購01,0,0,0,---,---,---, ---,,,0.20,499,0.21,10,
727270,神準元大46購04,0,0,0,---,---,---, ---,,,0.00,0,0.10,10,
727271,鈊象元大48購02,"10,000",1,"2,900",0.29,0.29,0.29,0.29,-,0.0,0.28,499,0.29,10,
727272,雍智元大46購03,0,0,0,---,---,---, ---,,,0.03,499,0.13,10,
727273,營邦元大46購04,0,0,0,---,---,---, ---,,,0.00,0,0.10,10,
727274,環球晶元大46購05,0,0,0,---,---,---, ---,,,0.00,0,0.10,10,
727275,茂達統一54購01,0,0,0,---,---,---, ---,,,0.34,10,0.35,10,
727276,尼克森永豐46購01,0,0,0,---,---,---, ---,,,0.00,0,0.06,10,
727277,宏捷科永豐47購02,0,0,0,---,---,---, ---,,,0.06,499,0.07,10,
727278,系統電永豐49購01,0,0,0,---,---,---, ---,,,0.20,62,0.21,10,
727279,信昌電永豐46購01,0,0,0,---,---,---, ---,,,0.00,0,0.03,10,
727280,茂達永豐46購01,0,0,0,---,---,---, ---,,,0.00,0,0.05,10,
727281,神準永豐4C購01,"40,000",1,"7,600",0.19,0.19,0.19,0.19,-,0.01,0.17,62,0.18,62,
727282,新門永豐46購01,0,0,0,---,---,---, ---,,,0.00,0,0.10,10,
727283,僑威永豐46購01,0,0,0,---,---,---, ---,,,0.07,499,0.12,62,
727284,中光電元富4C購02,0,0,0,---,---,---, ---,,,0.19,25,0.20,25,
727285,宏捷科元富46購01,0,0,0,---,---,---, ---,,,0.00,0,0.10,25,
727286,東捷元富46購01,0,0,0,---,---,---, ---,,,0.00,0,0.00,0,
727287,昱展元富46購02,0,0,0,---,---,---, ---,,,0.01,5,0.00,0,
727288,鈦昇元富46購02,0,0,0,---,---,---, ---,,,0.01,25,0.11,10,
727289,擎亞元富4C購01,"44,000",7,"173,670",3.99,3.99,3.74,3.90,-,0.06,3.89,25,3.91,25,
727290,營邦元富46購02,0,0,0,---,---,---, ---,,,0.05,25,0.15,10,
727291,營邦元富46購03,0,0,0,---,---,---, ---,,,0.00,0,0.10,10,
727292,中光電國票46購02,0,0,0,---,---,---, ---,,,0.00,0,0.00,0,
727293,信立國票48購01,"3,000",1,"9,540",3.18,3.18,3.18,3.18,-,0.43,3.13,25,3.23,10,
727294,信昌電國票46購01,0,0,0,---,---,---, ---,,,0.01,25,0.00,0,
727295,訊聯國票49購01,0,0,0,---,---,---, ---,,,0.05,25,0.06,10,
727296,越峰國票46購01,0,0,0,---,---,---, ---,,,0.00,0,0.00,0,
727297,新普國票47購01,0,0,0,---,---,---, ---,,,0.17,25,0.18,10,
727298,元太凱基46購01,0,0,0,---,---,---, ---,,,0.00,0,0.00,0,
727299,元債20凱基46購02,0,0,0,---,---,---, ---,,,0.00,0,0.00,0,
727300,宏捷科凱基46購04,0,0,0,---,---,---, ---,,,0.00,0,0.00,0,
727301,昇佳電凱基47購01,0,0,0,---,---,---, ---,,,0.00,0,0.02,50,
727302,前鼎凱基48購01,0,0,0,---,---,---, ---,,,0.02,70,0.12,10,
727303,擎亞凱基47購01,"47,000",3,"28,130",0.61,0.61,0.59,0.59,-,0.04,0.57,100,0.58,30,
727304,譜瑞凱基48購01,0,0,0,---,---,---, ---,,,0.03,100,0.13,10,
727305,系統電台新46購01,0,0,0,---,---,---, ---,,,0.00,0,0.00,0,
727306,鈊象中信48購01,0,0,0,---,---,---, ---,,,0.08,499,0.09,10,
727307,台燿群益46購02,0,0,0,---,---,---, ---,,,0.00,0,0.26,2,
727308,兆利群益47購01,0,0,0,---,---,---, ---,,,0.00,0,0.00,0,
727309,宏捷科群益49購01,0,0,0,---,---,---, ---,,,0.04,499,0.14,10,
727310,系統電群益47購01,0,0,0,---,---,---, ---,,,0.03,25,0.04,10,
727311,系統電群益49購01,0,0,0,---,---,---, ---,,,0.15,25,0.16,10,
727312,波若威群益47購04,0,0,0,---,---,---, ---,,,0.00,0,0.00,0,
727313,信昌電群益46購01,0,0,0,---,---,---, ---,,,0.00,0,0.00,0,
727314,神準群益46購01,0,0,0,---,---,---, ---,,,0.00,0,0.00,0,
727315,環球晶群益46購02,0,0,0,---,---,---, ---,,,0.00,0,0.00,0,
727316,譜瑞群益47購01,0,0,0,---,---,---, ---,,,0.00,0,0.11,10,
727317,立敦元大46購01,0,0,0,---,---,---, ---,,,0.00,0,0.09,1,
727318,兆利元大46購02,0,0,0,---,---,---, ---,,,0.00,0,0.10,10,
727319,兆利元大46購03,0,0,0,---,---,---, ---,,,0.00,0,0.10,10,
727320,兆利元大46購04,0,0,0,---,---,---, ---,,,0.00,0,0.10,10,
727321,凡甲元大46購01,0,0,0,---,---,---, ---,,,0.00,0,0.10,10,
727322,旺矽元大46購12,0,0,0,---,---,---, ---,,,0.00,0,0.10,10,
727323,神準元大46購05,0,0,0,---,---,---, ---,,,0.00,0,0.10,10,
727324,新普元大46購01,0,0,0,---,---,---, ---,,,0.00,0,0.10,10,
727325,精測元大46購03,0,0,0,---,---,---, ---,,,0.00,0,0.10,10,
727326,精測元大48購01,0,0,0,---,---,---, ---,,,0.11,499,0.21,10,
727327,精測元大49購01,0,0,0,---,---,---, ---,,,0.15,499,0.25,10,
727328,環球晶元大46購06,0,0,0,---,---,---, ---,,,0.00,0,0.01,50,
727329,雙鴻元大46購03,0,0,0,---,---,---, ---,,,0.00,0,0.10,10,
727330,宏捷科國票49購01,0,0,0,---,---,---, ---,,,0.15,25,0.16,10,
727331,旺矽國票47購03,0,0,0,---,---,---, ---,,,0.11,25,0.12,10,
727332,波若威國票47購02,"36,000",1,"28,800",0.80,0.80,0.80,0.80,-,0.05,0.75,25,0.77,10,
727333,信昌電國票47購01,0,0,0,---,---,---, ---,,,0.02,25,0.03,10,
727334,宣德國票47購01,0,0,0,---,---,---, ---,,,0.04,25,0.05,10,
727335,茂達國票47購01,0,0,0,---,---,---, ---,,,0.01,25,0.02,10,
727336,智通*國票47購02,0,0,0,---,---,---, ---,,,0.64,25,0.65,10,
727337,陽程國票46購02,0,0,0,---,---,---, ---,,,0.00,0,0.07,80,
727338,雍智國票47購01,0,0,0,---,---,---, ---,,,0.07,25,0.08,10,
727339,僑威國票47購01,"275,000",3,"59,450",0.24,0.24,0.21,0.21,-,0.06,0.21,25,0.22,10,
727340,精測國票47購01,"300,000",1,"30,000",0.10,0.10,0.10,0.10,-,0.01,0.10,25,0.11,10,
727341,精測國票47購02,"160,000",1,"44,800",0.28,0.28,0.28,0.28,-,0.08,0.26,25,0.27,10,
727342,精測國票47購05,"100,000",1,"23,000",0.23,0.23,0.23,0.23,-,0.08,0.22,25,0.24,10,
727343,譜瑞富邦48購01,0,0,0,---,---,---, ---,,,0.02,10,0.10,10,
727344,立敦元富46購01,0,0,0,---,---,---, ---,,,0.00,0,0.10,10,
727345,神準元富46購01,0,0,0,---,---,---, ---,,,0.00,0,0.10,25,
727346,雙鴻元富4A購02,0,0,0,---,---,---, ---,,,0.50,25,0.51,25,
727347,雙鴻元富4A購03,"101,000",3,"17,160",0.17,0.17,0.16,0.16,-,0.01,0.16,25,0.17,25,
727348,系統電第一47購01,0,0,0,---,---,---, ---,,,0.55,10,0.00,0,
727349,緯軟統一54購01,0,0,0,---,---,---, ---,,,0.30,10,0.31,10,
727350,立敦永豐47購01,0,0,0,---,---,---, ---,,,0.04,499,0.05,10,
727351,宏碁資永豐47購01,0,0,0,---,---,---, ---,,,0.12,499,0.13,10,
727352,宜特永豐47購01,0,0,0,---,---,---, ---,,,0.02,499,0.05,10,
727353,旺矽永豐46購03,0,0,0,---,---,---, ---,,,0.00,0,0.05,180,
727354,旺矽永豐48購01,0,0,0,---,---,---, ---,,,0.31,499,0.32,10,
727355,旺矽永豐48購02,"31,000",4,"9,710",0.31,0.32,0.31,0.31,-,0.04,0.29,499,0.30,10,
727356,長科*永豐46購01,0,0,0,---,---,---, ---,,,0.13,499,0.23,10,
727357,前鼎永豐4A購01,0,0,0,---,---,---, ---,,,0.09,499,0.10,10,
727358,宣德永豐47購01,0,0,0,---,---,---, ---,,,0.00,0,0.10,10,
727359,胡連永豐46購01,0,0,0,---,---,---, ---,,,0.00,0,0.03,10,
727360,桓達永豐46購01,0,0,0,---,---,---, ---,,,0.00,0,0.06,10,
727361,精材國泰48購01,0,0,0,---,---,---, ---,,,0.03,499,0.04,100,
727362,良維凱基46購04,"6,000",4,"12,030",1.99,2.02,1.99,2.02,-,0.78,2.11,30,0.00,0,
727363,旺矽凱基46購04,0,0,0,---,---,---, ---,,,0.00,0,0.00,0,
727364,欣銓凱基46購01,0,0,0,---,---,---, ---,,,2.32,100,0.00,0,
727365,信昌電凱基46購01,0,0,0,---,---,---, ---,,,0.00,0,0.00,0,
727366,胡連凱基47購01,"19,000",1,380,0.02,0.02,0.02,0.02,-,0.02,0.02,27,0.11,30,
727367,桓達凱基46購01,0,0,0,---,---,---, ---,,,0.00,0,0.00,0,
727368,新普凱基47購01,0,0,0,---,---,---, ---,,,0.05,30,0.15,10,
727369,緯軟凱基46購01,0,0,0,---,---,---, ---,,,0.00,0,0.00,0,
727370,環球晶凱基47購02,0,0,0,---,---,---, ---,,,0.00,0,0.10,10,
727371,宏捷科中信47購01,0,0,0,---,---,---, ---,,,0.00,0,0.02,10,
727372,前鼎中信47購01,0,0,0,---,---,---, ---,,,0.00,0,0.05,10,
727373,前鼎中信48購01,0,0,0,---,---,---, ---,,,0.01,499,0.02,10,
727374,前鼎中信49購01,0,0,0,---,---,---, ---,,,0.02,499,0.03,10,
727375,湧德中信47購01,0,0,0,---,---,---, ---,,,0.10,10,0.11,10,
727376,環球晶中信47購01,0,0,0,---,---,---, ---,,,0.13,499,0.14,10,
727377,力致群益46購02,0,0,0,---,---,---, ---,,,0.00,0,0.00,0,
727378,元債20群益46購02,0,0,0,---,---,---, ---,,,0.00,0,0.00,0,
727379,岱稜群益46購02,0,0,0,---,---,---, ---,,,0.00,0,0.00,0,
727380,旺矽群益47購05,0,0,0,---,---,---, ---,,,0.04,100,0.05,100,
727381,鈊象群益46購09,0,0,0,---,---,---, ---,,,0.00,0,0.00,0,
727382,新普群益48購01,"80,000",1,"16,000",0.20,0.20,0.20,0.20,+,0.01,0.03,10,0.00,0,
727383,優群群益49購01,"24,000",2,"13,440",0.56,0.56,0.56,0.56,-,0.05,0.56,25,0.57,10,
727384,譜瑞群益47購02,0,0,0,---,---,---, ---,,,0.00,0,0.11,10,
727385,譜瑞群益48購01,0,0,0,---,---,---, ---,,,0.06,100,0.07,100,
727386,弘塑元大46購02,0,0,0,---,---,---, ---,,,0.00,0,0.10,10,
727387,弘塑元大46購03,0,0,0,---,---,---, ---,,,0.00,0,0.10,10,
727388,合晶元大46購01,0,0,0,---,---,---, ---,,,0.00,0,0.06,150,
727389,竹陞元大46購01,"20,000",1,"11,200",0.56,0.56,0.56,0.56,-,0.16,0.54,499,0.56,10,
727390,伯特光元大46購01,0,0,0,---,---,---, ---,,,0.00,0,0.10,10,
727391,伯特光元大46購02,0,0,0,---,---,---, ---,,,0.00,0,0.10,10,
727392,伯特光元大46購03,0,0,0,---,---,---, ---,,,0.00,0,0.10,10,
727393,旺矽元大46購13,0,0,0,---,---,---, ---,,,0.00,0,0.10,10,
727394,前鼎元大46購01,0,0,0,---,---,---, ---,,,0.00,0,0.10,10,
727395,宣德元大46購01,0,0,0,---,---,---, ---,,,0.00,0,0.10,10,
727396,宣德元大46購02,0,0,0,---,---,---, ---,,,0.00,0,0.10,10,
727397,湧德元大46購01,0,0,0,---,---,---, ---,,,0.00,0,0.10,10,
727398,華宏元大46購01,0,0,0,---,---,---, ---,,,0.00,0,0.10,10,
727399,璟德元大46購01,0,0,0,---,---,---, ---,,,0.00,0,0.10,10,
727400,環球晶元大46購07,0,0,0,---,---,---, ---,,,0.00,0,0.10,110,
727401,雙鴻元大46購04,0,0,0,---,---,---, ---,,,0.00,0,0.10,10,
727402,兆利統一54購01,0,0,0,---,---,---, ---,,,0.15,10,0.16,10,
727403,宏碁資統一54購01,0,0,0,---,---,---, ---,,,0.44,10,0.45,10,
727404,聖暉*統一54購01,"10,000",1,"5,100",0.51,0.51,0.51,0.51,-,0.0,0.50,30,0.51,10,
727405,雍智統一54購01,0,0,0,---,---,---, ---,,,0.56,10,0.57,10,
727406,力致永豐49購02,0,0,0,---,---,---, ---,,,0.10,499,0.11,10,
727407,台星科永豐46購01,0,0,0,---,---,---, ---,,,0.00,0,0.10,10,
727408,弘塑永豐47購01,0,0,0,---,---,---, ---,,,0.00,0,0.00,0,
727409,波若威永豐48購01,"252,000",4,"293,690",1.24,1.24,1.11,1.11,-,0.15,1.12,62,1.13,12,
727410,常珵永豐49購01,0,0,0,---,---,---, ---,,,0.07,499,0.08,10,
727411,雍智永豐46購01,0,0,0,---,---,---, ---,,,0.02,499,0.03,10,
727412,僑威永豐46購02,0,0,0,---,---,---, ---,,,0.21,499,0.25,62,
727413,精材富邦48購01,0,0,0,---,---,---, ---,,,0.03,30,0.07,10,
727414,雙鴻富邦4C購01,"20,000",1,"2,800",0.14,0.14,0.14,0.14,-,0.02,0.14,10,0.15,10,
727415,弘塑元富47購03,0,0,0,---,---,---, ---,,,0.00,0,0.00,0,
727416,兆利元富47購03,0,0,0,---,---,---, ---,,,0.00,0,0.10,25,
727417,兆利元富47購04,0,0,0,---,---,---, ---,,,0.00,0,0.10,25,
727418,前鼎元富4C購01,0,0,0,---,---,---, ---,,,0.17,25,0.18,25,
727419,湧德元富46購01,0,0,0,---,---,---, ---,,,0.06,25,0.16,10,
727420,大樹國票47購01,0,0,0,---,---,---, ---,,,0.07,25,0.08,10,
727421,中光電國票48購02,0,0,0,---,---,---, ---,,,0.16,25,0.17,10,
727422,元太國票47購02,0,0,0,---,---,---, ---,,,0.00,0,0.00,0,
727423,台星科國票47購01,0,0,0,---,---,---, ---,,,0.15,25,0.16,10,
727424,弘塑國票49購01,0,0,0,---,---,---, ---,,,0.10,25,0.11,10,
727425,朋億*國票47購01,0,0,0,---,---,---, ---,,,0.03,25,0.04,10,
727426,美琪瑪國票47購01,"20,000",11,"1,000",0.05,0.05,0.05,0.05,-,0.01,0.04,25,0.05,10,
727427,桓達國票46購01,0,0,0,---,---,---, ---,,,0.01,25,0.00,0,
727428,緯軟國票47購01,0,0,0,---,---,---, ---,,,0.01,25,0.02,10,
727429,擎亞國票47購01,"11,000",2,"16,670",1.49,1.53,1.49,1.53,-,0.0,1.47,25,1.48,10,
727430,騰雲國票47購01,0,0,0,---,---,---, ---,,,0.00,0,0.02,13,
727431,尼克森台新46購01,0,0,0,---,---,---, ---,,,0.00,0,0.00,0,
727432,力致凱基46購02,0,0,0,---,---,---, ---,,,0.00,0,0.00,0,
727433,台星科凱基46購01,0,0,0,---,---,---, ---,,,0.00,0,0.00,0,
727434,弘塑凱基46購02,0,0,0,---,---,---, ---,,,0.00,0,0.00,0,
727435,兆利凱基46購01,0,0,0,---,---,---, ---,,,0.00,0,0.00,0,
727436,伯特光凱基46購03,0,0,0,---,---,---, ---,,,0.00,0,0.00,0,
727437,岱稜凱基46購02,0,0,0,---,---,---, ---,,,0.00,0,0.00,0,
727438,金居凱基46購01,0,0,0,---,---,---, ---,,,0.00,0,0.00,0,
727439,雍智凱基46購01,0,0,0,---,---,---, ---,,,0.00,0,0.00,0,
727440,譜瑞凱基46購04,0,0,0,---,---,---, ---,,,0.00,0,0.00,0,
727441,台星科中信46購01,0,0,0,---,---,---, ---,,,0.00,0,0.05,10,
727442,尼克森中信46購01,0,0,0,---,---,---, ---,,,0.00,0,0.02,10,
727443,信昌電中信46購01,0,0,0,---,---,---, ---,,,0.00,0,0.00,0,
727444,宣德中信47購01,0,0,0,---,---,---, ---,,,0.00,0,0.10,10,
727445,雍智中信46購01,0,0,0,---,---,---, ---,,,0.00,0,0.00,0,
727446,廣明中信47購01,0,0,0,---,---,---, ---,,,0.03,10,0.13,10,
727447,千附精群益46購01,0,0,0,---,---,---, ---,,,0.00,0,0.00,0,
727448,台星科群益48購01,"24,000",1,960,0.04,0.04,0.04,0.04,-,0.01,0.04,25,0.05,10,
727449,弘塑群益46購01,0,0,0,---,---,---, ---,,,0.00,0,0.00,0,
727450,旺矽群益4C購01,"50,000",1,"38,500",0.77,0.77,0.77,0.77,+,0.21,0.76,100,0.77,100,
727451,前鼎群益46購02,0,0,0,---,---,---, ---,,,0.00,0,0.00,0,
727452,宣德群益46購01,0,0,0,---,---,---, ---,,,0.00,0,0.00,0,
727453,聖暉*群益46購01,0,0,0,---,---,---, ---,,,0.12,25,0.13,10,
727454,雍智群益52購01,"50,000",1,"19,500",0.39,0.39,0.39,0.39,-,0.04,0.39,25,0.40,10,
727455,環球晶群益46購03,0,0,0,---,---,---, ---,,,0.00,0,0.00,0,
727456,環球晶群益46購04,0,0,0,---,---,---, ---,,,0.00,0,0.00,0,
727457,友威科統一54購01,"1,000",1,310,0.31,0.31,0.31,0.31,-,0.03,0.31,10,0.32,10,
727458,崧騰統一54購01,"6,000",1,"3,300",0.55,0.55,0.55,0.55,+,0.02,0.53,10,0.54,10,
727459,崧騰統一56購01,0,0,0,---,---,---, ---,,,0.30,10,0.31,10,
727460,緯軟統一54購02,0,0,0,---,---,---, ---,,,0.18,10,0.19,10,
727461,巨有永豐46購01,0,0,0,---,---,---, ---,,,0.00,0,0.06,10,
727462,伯特光永豐46購01,0,0,0,---,---,---, ---,,,0.03,499,0.11,10,
727463,朋程永豐46購01,0,0,0,---,---,---, ---,,,0.00,0,0.06,10,
727464,振曜永豐46購04,0,0,0,---,---,---, ---,,,0.05,62,0.00,0,
727465,桓達永豐46購02,0,0,0,---,---,---, ---,,,0.00,0,0.06,10,
727466,湧德永豐49購01,0,0,0,---,---,---, ---,,,0.28,499,0.29,10,
727467,聖暉*永豐46購01,0,0,0,---,---,---, ---,,,0.06,499,0.11,62,
727468,緯軟永豐46購01,0,0,0,---,---,---, ---,,,0.01,499,0.11,10,
727469,擎亞永豐48購01,0,0,0,---,---,---, ---,,,0.72,499,0.76,10,
727470,天品元大46購01,"2,000",2,110,0.06,0.06,0.05,0.05,-,0.03,0.04,20,0.13,10,
727471,艾訊元大46購02,0,0,0,---,---,---, ---,,,0.00,0,0.09,1,
727472,伯特光元大46購04,0,0,0,---,---,---, ---,,,0.01,499,0.11,10,
727473,均華元大46購01,0,0,0,---,---,---, ---,,,0.00,0,0.10,10,
727474,桓達元大46購01,0,0,0,---,---,---, ---,,,0.00,0,0.10,10,
727475,湧德元大46購02,0,0,0,---,---,---, ---,,,0.03,499,0.13,10,
727476,鈊象元大48購03,"50,000",1,"6,500",0.13,0.13,0.13,0.13,-,0.01,0.12,499,0.13,10,
727477,精湛元大46購01,0,0,0,---,---,---, ---,,,0.00,0,0.10,10,
727478,廣明元大46購01,0,0,0,---,---,---, ---,,,0.00,0,0.10,10,
727479,元太兆豐46購01,0,0,0,---,---,---, ---,,,0.00,0,0.01,10,
727480,兆利富邦48購02,0,0,0,---,---,---, ---,,,0.00,0,0.10,10,
727481,穩懋富邦47購02,0,0,0,---,---,---, ---,,,0.04,10,0.10,10,
727482,巨有元富46購01,0,0,0,---,---,---, ---,,,0.00,0,0.10,25,
727483,巨有元富46購02,0,0,0,---,---,---, ---,,,0.00,0,0.10,25,
727484,巨有元富49購01,0,0,0,---,---,---, ---,,,0.17,25,0.18,25,
727485,合晶元富46購01,0,0,0,---,---,---, ---,,,0.00,0,0.10,10,
727486,宜鼎元富46購01,0,0,0,---,---,---, ---,,,0.08,25,0.18,10,
727487,建榮元富46購01,0,0,0,---,---,---, ---,,,0.00,0,0.00,0,
727488,桓達元富46購01,0,0,0,---,---,---, ---,,,0.00,0,0.10,10,
727489,神盾元富46購01,0,0,0,---,---,---, ---,,,0.00,0,0.10,25,
727490,神盾元富47購02,0,0,0,---,---,---, ---,,,0.00,0,0.10,25,
727491,常珵元富46購01,0,0,0,---,---,---, ---,,,0.00,0,0.10,10,
727492,雍智元富46購01,0,0,0,---,---,---, ---,,,0.01,25,0.11,10,
727493,榮剛元富46購01,0,0,0,---,---,---, ---,,,0.00,0,0.07,52,
727494,緯軟元富46購01,0,0,0,---,---,---, ---,,,0.00,0,0.10,10,
727495,緯軟元富46購02,0,0,0,---,---,---, ---,,,0.00,0,0.10,10,
727496,擎邦元富46購01,0,0,0,---,---,---, ---,,,0.09,25,0.19,10,
727497,營邦元富4C購01,0,0,0,---,---,---, ---,,,0.41,25,0.42,25,
727498,力致國票47購01,0,0,0,---,---,---, ---,,,0.02,25,0.03,10,
727499,天品國票48購01,"136,000",6,"55,170",0.42,0.42,0.36,0.36,-,0.1,0.34,40,0.35,10,
727500,天品國票4A購01,"56,000",3,"27,860",0.54,0.56,0.44,0.44,-,0.1,0.43,25,0.44,10,
727501,尼克森國票46購01,0,0,0,---,---,---, ---,,,0.01,25,0.02,10,
727502,艾訊國票47購01,"100,000",1,"3,000",0.03,0.03,0.03,0.03,-,0.01,0.02,25,0.03,10,
727503,均華國票47購01,0,0,0,---,---,---, ---,,,0.00,0,0.00,0,
727504,桓達國票46購02,0,0,0,---,---,---, ---,,,0.01,25,0.06,20,
727505,神盾國票47購02,0,0,0,---,---,---, ---,,,0.00,0,0.00,0,
727506,崧騰國票47購01,0,0,0,---,---,---, ---,,,0.02,25,0.03,10,
727507,越峰國票47購01,0,0,0,---,---,---, ---,,,0.02,25,0.12,10,
727508,精湛國票47購01,0,0,0,---,---,---, ---,,,0.01,25,0.02,10,
727509,鈊象國泰48購02,0,0,0,---,---,---, ---,,,0.09,499,0.10,100,
727510,千附精凱基46購01,0,0,0,---,---,---, ---,,,0.22,100,0.00,0,
727511,均華凱基46購01,0,0,0,---,---,---, ---,,,0.00,0,0.00,0,
727512,均華凱基46購02,0,0,0,---,---,---, ---,,,0.00,0,0.00,0,
727513,朋億*凱基47購01,0,0,0,---,---,---, ---,,,0.06,100,0.07,50,
727514,神盾凱基47購01,0,0,0,---,---,---, ---,,,0.00,0,0.02,50,
727515,僑威凱基47購01,"3,000",1,"1,590",0.53,0.53,0.53,0.53,-,0.12,0.51,80,0.52,30,
727516,緯軟凱基46購02,0,0,0,---,---,---, ---,,,0.00,0,0.00,0,
727517,環球晶凱基46購02,0,0,0,---,---,---, ---,,,0.00,0,0.00,0,
727518,中探針中信46購01,0,0,0,---,---,---, ---,,,0.00,0,0.00,0,
727519,僑威中信46購01,0,0,0,---,---,---, ---,,,0.05,10,0.00,0,
727520,聖暉*群益46購02,0,0,0,---,---,---, ---,,,0.00,0,0.00,0,
727521,僑威群益46購01,0,0,0,---,---,---, ---,,,0.53,25,0.54,10,
727522,精湛群益46購01,0,0,0,---,---,---, ---,,,0.00,0,0.00,0,
727523,環球晶群益46購05,0,0,0,---,---,---, ---,,,0.00,0,0.00,0,
727524,雙鴻群益48購03,0,0,0,---,---,---, ---,,,0.06,10,0.00,0,
727525,中光電台新46購01,0,0,0,---,---,---, ---,,,0.00,0,0.30,1,
727526,力旺元大46購05,0,0,0,---,---,---, ---,,,0.00,0,0.10,10,
727527,力旺元大46購06,0,0,0,---,---,---, ---,,,0.00,0,0.10,10,
727528,力旺元大46購07,0,0,0,---,---,---, ---,,,0.00,0,0.10,10,
727529,元債20元大49購02,0,0,0,---,---,---, ---,,,0.09,100,0.00,0,
727530,元債20元大4B購01,"10,000",1,700,0.07,0.07,0.07,0.07,+,0.01,0.07,100,0.08,50,
727531,艾訊元大46購03,0,0,0,---,---,---, ---,,,0.03,499,0.13,10,
727532,宏碁資元大46購01,0,0,0,---,---,---, ---,,,0.00,0,0.10,10,
727533,宏碁資元大46購02,0,0,0,---,---,---, ---,,,0.00,0,0.10,10,
727534,宏碁資元大46購03,0,0,0,---,---,---, ---,,,0.00,0,0.10,10,
727535,湧德元大46購03,0,0,0,---,---,---, ---,,,0.11,499,0.12,10,
727536,力旺統一56購01,"1,000",1,440,0.44,0.44,0.44,0.44,+,0.02,0.41,10,0.42,10,
727537,凡甲永豐46購01,0,0,0,---,---,---, ---,,,0.03,499,0.09,10,
727538,台燿永豐46購01,0,0,0,---,---,---, ---,,,0.09,499,0.19,10,
727539,先進光永豐47購01,0,0,0,---,---,---, ---,,,0.03,499,0.04,10,
727540,美琪瑪永豐47購01,0,0,0,---,---,---, ---,,,0.13,499,0.14,10,
727541,群聯永豐47購01,0,0,0,---,---,---, ---,,,0.15,10,0.00,0,
727542,精材永豐47購01,0,0,0,---,---,---, ---,,,0.00,0,0.09,10,
727543,叡揚永豐48購01,"19,000",1,"11,970",0.63,0.63,0.63,0.63,-,0.0,0.60,499,0.62,12,
727544,台燿群益47購02,0,0,0,---,---,---, ---,,,0.00,0,0.00,0,
727545,巨有群益49購01,0,0,0,---,---,---, ---,,,0.27,25,0.28,10,
727546,均華群益46購01,0,0,0,---,---,---, ---,,,0.00,0,0.00,0,
727547,宏碁資群益46購01,0,0,0,---,---,---, ---,,,0.00,0,0.00,0,
727548,宏碁資群益48購01,0,0,0,---,---,---, ---,,,0.06,25,0.07,10,
727549,神盾群益48購01,0,0,0,---,---,---, ---,,,0.00,0,0.00,0,
727550,精湛群益46購02,0,0,0,---,---,---, ---,,,0.00,0,0.00,0,
727551,緯軟群益46購01,0,0,0,---,---,---, ---,,,0.00,0,0.00,0,
727552,環球晶群益46購06,0,0,0,---,---,---, ---,,,0.00,0,0.00,0,
727553,台燿兆豐48購01,0,0,0,---,---,---, ---,,,0.16,10,0.17,10,
727554,智通兆豐4C購01,"61,000",2,"78,460",1.29,1.29,1.28,1.28,-,0.0,1.27,10,1.28,10,
727555,力旺富邦49購01,0,0,0,---,---,---, ---,,,0.04,10,0.10,10,
727556,神盾富邦48購01,0,0,0,---,---,---, ---,,,0.01,100,0.05,10,
727557,力旺元富47購01,0,0,0,---,---,---, ---,,,0.04,25,0.10,10,
727558,力旺元富47購02,0,0,0,---,---,---, ---,,,0.03,25,0.10,10,
727559,力旺元富4A購01,0,0,0,---,---,---, ---,,,0.31,25,0.32,25,
727560,力旺元富51購01,0,0,0,---,---,---, ---,,,0.20,25,0.21,25,
727561,宏碁資元富46購01,0,0,0,---,---,---, ---,,,0.00,0,0.10,25,
727562,宏碁資元富46購02,0,0,0,---,---,---, ---,,,0.00,0,0.10,25,
727563,力旺國票47購01,"25,000",2,"2,120",0.08,0.09,0.08,0.09,+,0.01,0.06,25,0.07,10,
727564,力旺國票48購01,0,0,0,---,---,---, ---,,,0.08,25,0.09,10,
727565,力旺國票49購01,0,0,0,---,---,---, ---,,,0.13,25,0.14,10,
727566,台燿國票47購01,0,0,0,---,---,---, ---,,,0.58,25,0.59,10,
727567,巨有國票46購02,0,0,0,---,---,---, ---,,,0.01,25,0.02,10,
727568,巨有國票47購01,0,0,0,---,---,---, ---,,,0.02,25,0.03,10,
727569,兆利國票46購01,0,0,0,---,---,---, ---,,,0.00,0,0.00,0,
727570,宏碁資國票46購01,0,0,0,---,---,---, ---,,,0.01,25,0.02,40,
727571,原相國票46購02,0,0,0,---,---,---, ---,,,0.04,25,0.05,10,
727572,振曜國票47購02,"80,000",4,"24,950",0.30,0.32,0.30,0.31,+,0.03,0.30,25,0.31,10,
727573,鈊象國票47購03,0,0,0,---,---,---, ---,,,0.02,25,0.03,10,
727574,力旺凱基48購01,0,0,0,---,---,---, ---,,,0.12,100,0.22,10,
727575,巨有凱基46購01,0,0,0,---,---,---, ---,,,0.00,0,0.00,0,
727576,艾訊凱基46購03,0,0,0,---,---,---, ---,,,0.00,0,0.00,0,
727577,系統電凱基4A購01,0,0,0,---,---,---, ---,,,0.27,70,0.28,50,
727578,崧騰凱基47購01,0,0,0,---,---,---, ---,,,0.08,100,0.09,50,
727579,鈊象凱基46購11,0,0,0,---,---,---, ---,,,0.00,0,0.00,0,
727580,聖暉*凱基46購01,0,0,0,---,---,---, ---,,,0.19,50,0.00,0,
727581,中美晶元大46購02,0,0,0,---,---,---, ---,,,0.00,0,0.08,20,
727582,中美晶元大46購03,0,0,0,---,---,---, ---,,,0.00,0,0.10,10,
727583,中美晶元大46購04,0,0,0,---,---,---, ---,,,0.00,0,0.10,10,
727584,台燿元大46購03,0,0,0,---,---,---, ---,,,0.00,0,0.10,10,
727585,台燿元大46購04,0,0,0,---,---,---, ---,,,0.00,0,0.10,10,
727586,宏捷科元大46購02,0,0,0,---,---,---, ---,,,0.00,0,0.10,10,
727587,宏捷科元大46購03,0,0,0,---,---,---, ---,,,0.00,0,0.10,10,
727588,宏捷科元大46購04,0,0,0,---,---,---, ---,,,0.00,0,0.10,20,
727589,神盾元大46購02,0,0,0,---,---,---, ---,,,0.00,0,0.10,10,
727590,國金10元大49購01,0,0,0,---,---,---, ---,,,0.10,499,0.11,50,
727591,湧德元大46購04,0,0,0,---,---,---, ---,,,0.00,0,0.03,4,
727592,群ESG元大4A購01,0,0,0,---,---,---, ---,,,0.02,100,0.00,0,
727593,雙鴻元大46購05,0,0,0,---,---,---, ---,,,0.01,499,0.11,10,
727594,雙鴻元大46購06,0,0,0,---,---,---, ---,,,0.00,0,0.10,10,
727595,雙鴻元大46購07,0,0,0,---,---,---, ---,,,0.00,0,0.10,10,
727596,千附精凱基47購01,"180,000",1,"16,200",0.09,0.09,0.09,0.09,-,0.03,0.08,100,0.09,30,
727597,台燿凱基46購03,0,0,0,---,---,---, ---,,,0.00,0,0.00,0,
727598,兆利凱基48購01,0,0,0,---,---,---, ---,,,0.01,70,0.02,50,
727599,昇達科凱基46購01,0,0,0,---,---,---, ---,,,0.00,0,0.00,0,
727600,神盾凱基47購02,0,0,0,---,---,---, ---,,,0.00,0,0.02,51,
727601,緯軟凱基47購01,0,0,0,---,---,---, ---,,,0.01,100,0.02,50,
727602,緯軟凱基4C購01,"2,000",1,300,0.15,0.15,0.15,0.15,-,0.01,0.15,100,0.16,50,
727603,湧德富邦48購01,0,0,0,---,---,---, ---,,,0.27,10,0.28,10,
727604,友輝元富46購01,0,0,0,---,---,---, ---,,,1.35,25,1.45,10,
727605,友輝元富46購02,0,0,0,---,---,---, ---,,,0.29,25,0.30,25,
727606,茂綸元富46購01,0,0,0,---,---,---, ---,,,2.42,25,2.52,25,
727607,茂綸元富46購02,0,0,0,---,---,---, ---,,,2.30,25,2.36,25,
727608,神盾元富49購01,0,0,0,---,---,---, ---,,,0.01,25,0.10,10,
727609,神盾元富49購02,0,0,0,---,---,---, ---,,,0.00,0,0.10,25,
727610,神盾元富4C購01,"3,000",3,360,0.11,0.13,0.11,0.13,+,0.03,0.04,25,0.09,250,
727611,雙鴻元富46購03,0,0,0,---,---,---, ---,,,0.03,25,0.10,10,
727612,穩懋第一48購01,0,0,0,---,---,---, ---,,,0.10,10,0.11,10,
727613,系統電統一56購01,0,0,0,---,---,---, ---,,,0.42,10,0.43,10,
727614,凡甲永豐46購02,0,0,0,---,---,---, ---,,,0.02,499,0.08,10,
727615,大綜永豐47購01,0,0,0,---,---,---, ---,,,0.00,0,2.31,10,
727616,元太永豐46購01,"60,000",1,"1,200",0.02,0.02,0.02,0.02,-,0.01,0.02,62,0.12,10,
727617,友輝永豐46購01,0,0,0,---,---,---, ---,,,0.57,499,0.67,10,
727618,台燿永豐47購02,0,0,0,---,---,---, ---,,,0.28,499,0.29,10,
727619,台燿永豐48購01,"1,000",1,420,0.42,0.42,0.42,0.42,-,0.03,0.42,499,0.43,10,
727620,巨有永豐48購01,0,0,0,---,---,---, ---,,,0.05,499,0.08,10,
727621,宏碩永豐48購01,0,0,0,---,---,---, ---,,,0.04,499,0.05,10,
727622,良維永豐48購01,"29,000",3,"85,180",2.93,2.96,2.92,2.96,+,0.12,2.93,499,2.96,10,
727623,昇達科永豐46購01,0,0,0,---,---,---, ---,,,0.06,499,0.16,10,
727624,家登永豐47購01,0,0,0,---,---,---, ---,,,0.08,62,0.09,10,
727625,振曜永豐46購05,0,0,0,---,---,---, ---,,,0.38,499,0.45,62,
727626,神盾永豐46購01,0,0,0,---,---,---, ---,,,0.00,0,0.10,10,
727627,鈊象永豐46購05,0,0,0,---,---,---, ---,,,0.06,499,0.09,10,
727628,僑威永豐46購03,0,0,0,---,---,---, ---,,,0.43,499,0.48,62,
727629,緯軟永豐48購01,0,0,0,---,---,---, ---,,,0.08,499,0.09,10,
727630,叡揚永豐46購02,0,0,0,---,---,---, ---,,,0.05,499,0.10,10,
727631,聰泰永豐47購01,0,0,0,---,---,---, ---,,,0.24,62,0.25,10,
727632,騰雲永豐47購01,0,0,0,---,---,---, ---,,,0.01,75,0.03,10,
727633,元太國票46購05,0,0,0,---,---,---, ---,,,0.00,0,0.00,0,
727634,友威科國票47購02,0,0,0,---,---,---, ---,,,0.16,25,0.17,10,
727635,台燿國票47購02,0,0,0,---,---,---, ---,,,0.22,25,0.23,10,
727636,昱展國票46購01,0,0,0,---,---,---, ---,,,0.08,25,0.10,10,
727637,雍智國票47購02,0,0,0,---,---,---, ---,,,0.32,25,0.33,10,
727638,緯軟國票47購02,0,0,0,---,---,---, ---,,,0.07,25,0.08,10,
727639,環球晶國票46購03,0,0,0,---,---,---, ---,,,0.01,25,0.00,0,
727640,精材國泰48購02,0,0,0,---,---,---, ---,,,0.01,998,0.11,100,
727641,環球晶國泰48購01,0,0,0,---,---,---, ---,,,0.06,499,0.16,100,
727642,大綜中信47購01,0,0,0,---,---,---, ---,,,0.00,0,0.00,0,
727643,友威科中信47購01,0,0,0,---,---,---, ---,,,0.02,10,0.03,10,
727644,台燿中信47購01,0,0,0,---,---,---, ---,,,0.09,499,0.10,10,
727645,均華中信48購01,"120,000",1,"1,200",0.01,0.01,0.01,0.01,-,0.01,0.00,0,0.02,223,
727646,茂綸中信47購01,"10,000",1,"14,000",1.40,1.40,1.40,1.40,+,0.24,1.27,10,1.37,10,
727647,神準中信48購01,0,0,0,---,---,---, ---,,,0.03,10,0.12,140,
727648,智通*中信48購01,"20,000",3,"9,300",0.47,0.47,0.46,0.46,-,0.0,0.45,499,0.47,10,
727649,精材中信48購01,0,0,0,---,---,---, ---,,,0.09,499,0.10,10,
727650,台燿群益48購01,0,0,0,---,---,---, ---,,,0.18,100,0.19,100,
727651,神盾群益46購01,0,0,0,---,---,---, ---,,,0.00,0,0.00,0,
727652,雙鴻群益48購04,0,0,0,---,---,---, ---,,,0.00,0,0.00,0,
727653,艾訊元大46購04,0,0,0,---,---,---, ---,,,0.00,0,0.10,10,
727654,新普元大46購02,0,0,0,---,---,---, ---,,,0.11,499,0.13,10,
727655,新普元大46購03,0,0,0,---,---,---, ---,,,0.13,25,0.14,10,
727656,磐儀元大46購01,0,0,0,---,---,---, ---,,,0.03,499,0.13,10,
727657,緯軟元大46購01,0,0,0,---,---,---, ---,,,0.00,0,0.10,10,
727658,昇達科富邦4A購01,"30,000",3,"8,200",0.29,0.29,0.25,0.25,-,0.06,0.26,30,0.27,10,
727659,新普富邦47購01,0,0,0,---,---,---, ---,,,0.10,30,0.11,10,
727660,環球晶富邦49購01,0,0,0,---,---,---, ---,,,0.06,30,0.08,1,
727661,中光電第一46購01,0,0,0,---,---,---, ---,,,0.00,0,0.05,10,
727662,均華第一46購01,0,0,0,---,---,---, ---,,,0.28,10,0.29,10,
727663,千附精統一4C購02,0,0,0,---,---,---, ---,,,0.45,10,0.46,10,
727664,亞信統一54購01,0,0,0,---,---,---, ---,,,0.26,10,0.27,10,
727665,福裕統一54購01,0,0,0,---,---,---, ---,,,0.18,10,0.19,10,
727666,美琪瑪中信46購01,0,0,0,---,---,---, ---,,,0.05,499,0.00,0,
727667,友威科元富46購01,0,0,0,---,---,---, ---,,,0.01,25,0.10,10,
727668,亞信元富46購01,0,0,0,---,---,---, ---,,,0.03,25,0.10,10,
727669,亞信元富46購02,0,0,0,---,---,---, ---,,,0.00,0,0.10,25,
727670,亞信元富49購01,0,0,0,---,---,---, ---,,,0.26,25,0.27,25,
727671,昇達科元富46購02,0,0,0,---,---,---, ---,,,0.33,25,0.43,10,
727672,美琪瑪元富46購01,0,0,0,---,---,---, ---,,,0.00,0,0.10,25,
727673,智通*元富46購01,0,0,0,---,---,---, ---,,,0.20,25,0.21,25,
727674,湧德元富46購02,0,0,0,---,---,---, ---,,,0.03,25,0.13,10,
727675,大綜群益46購01,0,0,0,---,---,---, ---,,,2.58,499,0.00,0,
727676,台燿群益46購03,0,0,0,---,---,---, ---,,,0.00,0,0.12,10,
727677,陽程群益46購02,0,0,0,---,---,---, ---,,,0.00,0,0.00,0,
727678,璟德群益47購01,0,0,0,---,---,---, ---,,,0.00,0,0.00,0,
727679,叡揚群益4A購01,"47,000",1,"52,640",1.12,1.12,1.12,1.12,-,0.24,1.08,25,1.14,10,
727680,雙鴻群益46購06,0,0,0,---,---,---, ---,,,0.05,499,0.00,0,
727681,兆利永豐47購01,0,0,0,---,---,---, ---,,,0.00,0,0.05,10,
727682,其陽永豐46購01,0,0,0,---,---,---, ---,,,0.00,0,0.00,0,
727683,昇達科永豐47購01,"10,000",1,"2,300",0.23,0.23,0.23,0.23,-,0.05,0.20,62,0.21,62,
727684,茂綸永豐48購01,"31,000",2,"47,520",1.49,1.56,1.49,1.56,+,0.12,1.54,499,1.58,10,
727685,神盾永豐47購01,0,0,0,---,---,---, ---,,,0.00,0,0.03,10,
727686,華景電永豐47購01,"30,000",1,"10,200",0.34,0.34,0.34,0.34,-,0.01,0.32,499,0.33,10,
727687,緯軟永豐47購01,0,0,0,---,---,---, ---,,,0.21,499,0.22,10,
727688,璟德永豐46購01,0,0,0,---,---,---, ---,,,0.00,0,0.10,10,
727689,雙鴻永豐47購04,0,0,0,---,---,---, ---,,,0.16,499,0.26,10,
727690,大綜國票46購01,0,0,0,---,---,---, ---,,,0.00,0,0.00,0,
727691,大綜國票47購01,0,0,0,---,---,---, ---,,,2.26,25,2.33,10,
727692,世禾國票48購01,0,0,0,---,---,---, ---,,,0.45,25,0.47,10,
727693,竹陞國票48購01,0,0,0,---,---,---, ---,,,0.74,25,0.84,10,
727694,系統電國票47購01,0,0,0,---,---,---, ---,,,0.15,25,0.16,10,
727695,神盾國票46購02,0,0,0,---,---,---, ---,,,0.00,0,0.00,0,
727696,常珵國票46購02,0,0,0,---,---,---, ---,,,0.01,25,0.00,0,
727697,群聯國票47購02,"30,000",1,"33,300",1.11,1.11,1.11,1.11,-,0.13,1.09,25,1.11,10,
727698,雍智國票47購03,0,0,0,---,---,---, ---,,,0.36,25,0.37,10,
727699,磐儀國票47購01,0,0,0,---,---,---, ---,,,0.14,25,0.15,10,
727700,璟德國票47購02,0,0,0,---,---,---, ---,,,0.00,0,0.05,1,
727701,叡揚國票46購01,"255,000",2,"115,000",0.45,0.50,0.45,0.50,+,0.01,0.46,25,0.48,10,
727702,叡揚國票47購01,0,0,0,---,---,---, ---,,,1.21,25,1.25,10,
727703,叡揚國票48購01,0,0,0,---,---,---, ---,,,0.91,25,0.93,10,
727704,擎亞國票48購01,"18,000",2,"25,560",1.42,1.42,1.42,1.42,-,0.04,1.42,25,1.43,10,
727705,穩懋國票47購01,0,0,0,---,---,---, ---,,,0.01,25,0.04,10,
727706,群聯國泰48購01,"1,000",1,"2,000",2.00,2.00,2.00,2.00,-,0.0,1.92,499,1.93,100,
727707,元太凱基46購02,0,0,0,---,---,---, ---,,,0.00,0,0.00,0,
727708,健椿凱基46購01,0,0,0,---,---,---, ---,,,0.00,0,0.00,0,
727709,華景電凱基46購01,0,0,0,---,---,---, ---,,,0.01,100,0.00,0,
727710,璟德凱基46購02,0,0,0,---,---,---, ---,,,0.00,0,0.00,0,
727711,叡揚凱基47購01,"77,000",2,"48,510",0.63,0.63,0.63,0.63,-,0.06,0.60,100,0.62,10,
727712,叡揚凱基48購01,"138,000",4,"76,380",0.52,0.57,0.52,0.54,-,0.0,0.52,100,0.53,10,
727713,兆利元大46購05,0,0,0,---,---,---, ---,,,0.00,0,0.10,90,
727714,信驊元大46購01,0,0,0,---,---,---, ---,,,0.29,499,0.32,10,
727715,信驊元大46購02,"1,183,000",8,"375,350",0.34,0.34,0.29,0.29,-,0.07,0.29,499,0.32,10,
727716,信驊元大48購02,"10,000",1,"3,800",0.38,0.38,0.38,0.38,-,0.06,0.37,499,0.39,10,
727717,泰茂元大47購01,0,0,0,---,---,---, ---,,,0.06,499,0.07,10,
727718,僑威元大46購01,0,0,0,---,---,---, ---,,,0.89,499,0.90,10,
727719,廣明元大46購02,0,0,0,---,---,---, ---,,,0.03,499,0.13,10,
727720,磐儀元大46購02,0,0,0,---,---,---, ---,,,0.00,0,0.10,10,
727721,緯軟元大46購02,0,0,0,---,---,---, ---,,,0.00,0,0.10,10,
727722,元太永豐47購01,"40,000",4,"2,100",0.05,0.06,0.05,0.06,-,0.0,0.05,62,0.06,10,
727723,亞信永豐48購01,0,0,0,---,---,---, ---,,,0.08,499,0.09,10,
727724,亞泰永豐46購02,0,0,0,---,---,---, ---,,,0.08,499,0.18,10,
727725,信驊永豐47購01,"50,000",1,"15,500",0.31,0.31,0.31,0.31,-,0.07,0.31,200,0.33,10,
727726,磐儀永豐46購01,0,0,0,---,---,---, ---,,,0.01,499,0.11,10,
727727,磐儀永豐47購01,0,0,0,---,---,---, ---,,,0.04,499,0.05,10,
727728,信立國票47購01,"172,000",13,"760,590",4.57,4.57,4.29,4.48,-,1.12,4.48,25,4.58,10,
727729,信驊國票47購01,0,0,0,---,---,---, ---,,,0.19,25,0.20,10,
727730,信驊國票47購02,0,0,0,---,---,---, ---,,,0.75,25,0.76,10,
727731,振曜國票47購03,0,0,0,---,---,---, ---,,,0.53,25,0.57,10,
727732,環球晶國票47購01,"155,000",8,"24,500",0.16,0.16,0.15,0.16,-,0.0,0.16,10,0.17,10,
727733,大綜凱基46購01,0,0,0,---,---,---, ---,,,2.21,100,0.00,0,
727734,大綜凱基46購02,0,0,0,---,---,---, ---,,,1.08,100,0.00,0,
727735,信驊凱基46購02,0,0,0,---,---,---, ---,,,0.02,100,0.00,0,
727736,群聯凱基46購03,0,0,0,---,---,---, ---,,,0.01,40,0.00,0,
727737,磐儀凱基46購01,0,0,0,---,---,---, ---,,,0.00,0,0.00,0,
727738,雙鴻凱基46購06,0,0,0,---,---,---, ---,,,0.02,100,0.00,0,
727739,優群兆豐48購01,0,0,0,---,---,---, ---,,,0.22,10,0.23,10,
727740,信驊富邦48購01,"7,000",1,"1,680",0.24,0.24,0.24,0.24,-,0.01,0.24,10,0.25,10,
727741,信驊元富47購03,"3,000",1,"3,210",1.07,1.07,1.07,1.07,-,0.09,1.02,25,1.12,10,
727742,信驊元富4A購02,0,0,0,---,---,---, ---,,,1.13,25,1.23,10,
727743,信驊元富51購01,"70,000",3,"50,320",0.72,0.72,0.68,0.68,-,0.05,0.68,25,0.70,25,
727744,雙鴻元富46購04,0,0,0,---,---,---, ---,,,0.00,0,0.10,25,
727745,中美晶中信47購02,0,0,0,---,---,---, ---,,,0.24,499,0.25,10,
727746,擎亞中信46購01,"28,000",3,"5,560",0.26,0.26,0.18,0.18,-,0.13,0.23,10,0.24,10,
727747,亞信群益48購01,0,0,0,---,---,---, ---,,,0.00,0,0.00,0,
727748,信驊群益48購02,0,0,0,---,---,---, ---,,,0.00,0,0.00,0,
727749,龍巖群益46購01,"10,000",1,"3,300",0.33,0.33,0.33,0.33,-,0.13,0.03,333,0.38,10,
727750,新普元大46購04,0,0,0,---,---,---, ---,,,0.00,0,0.10,10,
727751,精測元大46購04,0,0,0,---,---,---, ---,,,0.09,499,0.19,10,
727752,中美晶凱基46購05,0,0,0,---,---,---, ---,,,0.01,100,0.00,0,
727753,亞信凱基48購01,0,0,0,---,---,---, ---,,,0.12,30,0.22,10,
727754,昇達科凱基46購02,0,0,0,---,---,---, ---,,,0.59,50,0.00,0,
727755,湧德凱基46購02,0,0,0,---,---,---, ---,,,0.05,100,0.00,0,
727756,精測凱基48購02,0,0,0,---,---,---, ---,,,0.40,30,0.41,30,
727757,廣運凱基46購01,0,0,0,---,---,---, ---,,,0.04,100,0.00,0,
727758,龍巖凱基46購01,0,0,0,---,---,---, ---,,,0.39,50,0.00,0,
727759,環球晶凱基46購04,0,0,0,---,---,---, ---,,,0.02,90,0.00,0,
727760,精測統一54購01,0,0,0,---,---,---, ---,,,0.50,10,0.51,10,
727761,雍智元富46購02,0,0,0,---,---,---, ---,,,0.34,25,0.44,10,
727762,威剛富邦48購01,"5,000",1,"3,500",0.70,0.70,0.70,0.70,-,0.1,0.71,30,0.75,2,
727763,譜瑞富邦49購01,0,0,0,---,---,---, ---,,,0.25,10,0.26,10,
727764,中美晶永豐48購01,0,0,0,---,---,---, ---,,,0.25,499,0.26,10,
727765,精測永豐47購01,0,0,0,---,---,---, ---,,,0.42,499,0.43,10,
727766,泰茂國票47購01,0,0,0,---,---,---, ---,,,0.23,25,0.24,10,
727767,常珵國票49購01,"11,000",2,"3,080",0.28,0.28,0.28,0.28,-,0.01,0.27,26,0.28,10,
727768,雙鴻國票47購04,"50,000",1,"1,500",0.03,0.03,0.03,0.03,-,0.01,0.03,25,0.04,10,
727769,譜瑞國泰48購01,0,0,0,---,---,---, ---,,,0.08,499,0.15,10,
727770,千附精中信48購01,"20,000",2,"12,200",0.62,0.62,0.60,0.60,-,0.05,0.56,10,0.58,10,
727771,元太中信46購01,0,0,0,---,---,---, ---,,,0.00,0,0.10,10,
727772,中美晶群益46購01,0,0,0,---,---,---, ---,,,0.01,499,0.11,10,
727773,尼克森群益4A購01,0,0,0,---,---,---, ---,,,0.38,25,0.39,10,
727774,亞信群益48購02,0,0,0,---,---,---, ---,,,0.00,0,0.00,0,
727775,美琪瑪群益46購01,0,0,0,---,---,---, ---,,,0.15,25,0.16,10,
727776,越峰群益46購01,0,0,0,---,---,---, ---,,,0.00,0,0.00,0,
727777,鈊象群益4C購01,0,0,0,---,---,---, ---,,,0.30,100,0.31,100,
727778,群聯群益46購05,0,0,0,---,---,---, ---,,,0.05,499,0.15,10,
727779,廣運群益47購02,0,0,0,---,---,---, ---,,,0.23,25,0.24,10,
727780,寶雅群益46購01,0,0,0,---,---,---, ---,,,0.07,25,0.08,10,
727781,立碁元大46購01,0,0,0,---,---,---, ---,,,0.12,499,0.22,10,
727782,立碁元大46購02,"2,000",1,920,0.46,0.46,0.46,0.46,-,0.05,0.32,499,0.42,10,
727783,安碁元大46購01,0,0,0,---,---,---, ---,,,0.04,499,0.14,10,
727784,崧騰元大46購01,0,0,0,---,---,---, ---,,,0.03,499,0.13,10,
727785,崧騰元大46購02,0,0,0,---,---,---, ---,,,0.04,499,0.14,10,
727786,富喬元大47購01,"42,000",4,"46,810",1.12,1.12,0.98,0.98,+,0.14,0.91,25,0.00,0,
727787,富喬元大4A購01,"159,000",10,"233,330",1.47,1.60,1.33,1.33,+,0.05,1.31,25,1.32,10,
727788,晶宏元大46購01,0,0,0,---,---,---, ---,,,0.00,0,0.10,10,
727789,精測元大46購05,0,0,0,---,---,---, ---,,,0.46,499,0.56,10,
727790,世界凱基46購02,0,0,0,---,---,---, ---,,,0.01,100,0.02,10,
727791,前鼎凱基46購01,0,0,0,---,---,---, ---,,,0.01,60,0.11,10,
727792,富喬凱基48購01,"13,000",4,"20,900",1.60,1.64,1.60,1.63,+,0.25,1.32,10,1.42,10,
727793,鈊象凱基47購04,0,0,0,---,---,---, ---,,,0.03,100,0.13,10,
727794,精華第一46購01,0,0,0,---,---,---, ---,,,0.02,10,0.08,10,
727795,雙鴻第一46購01,0,0,0,---,---,---, ---,,,2.33,10,2.34,10,
727796,富喬統一4C購02,"431,000",18,"347,930",0.79,0.85,0.73,0.73,-,0.0,0.73,10,0.74,10,
727797,精測統一4C購01,0,0,0,---,---,---, ---,,,0.53,10,0.54,10,
727798,系統電永豐48購01,0,0,0,---,---,---, ---,,,0.24,499,0.25,10,
727799,亞泰永豐48購01,0,0,0,---,---,---, ---,,,0.16,499,0.17,10,
727800,協易機永豐46購01,0,0,0,---,---,---, ---,,,0.00,0,0.10,10,
727801,旺矽永豐49購02,0,0,0,---,---,---, ---,,,0.19,499,0.20,10,
727802,富喬永豐46購01,"700,000",13,"209,290",0.25,0.45,0.24,0.24,+,0.01,0.22,62,0.32,10,
727803,群聯永豐46購01,0,0,0,---,---,---, ---,,,0.00,0,0.00,0,
727804,友威科國票47購03,0,0,0,---,---,---, ---,,,0.06,25,0.07,10,
727805,立碁國票47購01,"92,000",10,"107,860",1.21,1.33,0.90,0.90,-,0.24,0.89,25,0.90,5,
727806,立碁國票47購02,"109,000",3,"203,230",1.97,1.97,1.82,1.82,+,0.06,1.50,25,1.51,10,
727807,立碁國票47購03,"24,000",3,"47,920",2.07,2.20,1.79,1.79,-,0.25,1.73,25,1.75,10,
727808,亞泰國票47購01,0,0,0,---,---,---, ---,,,0.11,25,0.12,10,
727809,旺矽國票47購05,0,0,0,---,---,---, ---,,,0.41,25,0.42,10,
727810,健椿國票47購01,0,0,0,---,---,---, ---,,,0.05,25,0.06,10,
727811,廣明國票48購01,0,0,0,---,---,---, ---,,,0.09,25,0.10,10,
727812,聰泰國票47購01,0,0,0,---,---,---, ---,,,0.19,25,0.20,10,
727813,瀧澤科國票47購01,0,0,0,---,---,---, ---,,,0.01,25,0.02,10,
727814,倉和國泰48購01,0,0,0,---,---,---, ---,,,0.50,499,0.00,0,
727815,中美晶富邦48購01,0,0,0,---,---,---, ---,,,0.12,30,0.13,10,
727816,富喬富邦47購01,"393,000",8,"171,250",0.41,0.48,0.41,0.41,+,0.1,0.32,30,0.33,10,
727817,立碁元富46購01,"1,000",1,"1,460",1.46,1.46,1.46,1.46,+,0.06,1.17,25,1.19,25,
727818,立碁元富46購02,"69,000",9,"41,780",0.69,0.71,0.49,0.52,-,0.12,0.47,25,0.48,25,
727819,立碁元富49購01,0,0,0,---,---,---, ---,,,0.97,25,1.07,10,
727820,先進光元富46購01,0,0,0,---,---,---, ---,,,0.00,0,0.10,10,
727821,鈊象元富4C購01,0,0,0,---,---,---, ---,,,0.64,25,0.65,25,
727822,精測元富4A購01,"105,000",8,"89,460",0.79,0.91,0.78,0.79,-,0.03,0.79,25,0.80,25,
727823,世界中信47購01,0,0,0,---,---,---, ---,,,0.14,499,0.15,10,
727824,聰泰中信46購01,0,0,0,---,---,---, ---,,,0.02,10,0.12,10,
727825,中美晶群益48購03,0,0,0,---,---,---, ---,,,0.21,100,0.22,100,
727826,兆利群益46購03,0,0,0,---,---,---, ---,,,0.00,0,0.00,0,
727827,湧德群益4C購01,0,0,0,---,---,---, ---,,,0.00,0,0.00,0,
727828,廣運群益46購01,0,0,0,---,---,---, ---,,,0.05,25,0.06,10,
727829,環球晶群益46購07,0,0,0,---,---,---, ---,,,0.02,499,0.11,10,
727830,力旺凱基46購03,0,0,0,---,---,---, ---,,,0.00,0,0.10,10,
727831,兆利凱基46購02,0,0,0,---,---,---, ---,,,0.00,0,0.02,10,
727832,亞泰凱基46購01,0,0,0,---,---,---, ---,,,0.07,40,0.08,10,
727833,雍智凱基46購02,"19,000",1,"3,610",0.19,0.19,0.19,0.19,-,0.13,0.18,50,0.19,10,
727834,聰泰凱基46購01,0,0,0,---,---,---, ---,,,0.11,80,0.12,10,
727835,譜瑞凱基48購02,0,0,0,---,---,---, ---,,,0.03,100,0.13,10,
727836,力旺統一54購01,"9,000",3,"2,530",0.29,0.29,0.28,0.28,-,0.0,0.27,10,0.28,10,
727837,宏碁資統一4C購01,0,0,0,---,---,---, ---,,,0.24,10,0.25,10,
727838,力旺永豐47購02,0,0,0,---,---,---, ---,,,0.04,499,0.05,10,
727839,力旺永豐48購01,0,0,0,---,---,---, ---,,,0.08,62,0.09,10,
727840,欣銓永豐46購01,0,0,0,---,---,---, ---,,,2.93,499,3.03,10,
727841,精材永豐48購01,0,0,0,---,---,---, ---,,,0.04,499,0.09,10,
727842,聰泰永豐48購01,0,0,0,---,---,---, ---,,,0.15,499,0.16,10,
727843,力旺元大46購08,0,0,0,---,---,---, ---,,,0.00,0,0.10,10,
727844,力旺元大46購09,0,0,0,---,---,---, ---,,,0.00,0,0.10,10,
727845,台燿元大48購03,"40,000",1,"22,000",0.55,0.55,0.55,0.55,-,0.01,0.50,499,0.51,10,
727846,旺矽元大46購14,0,0,0,---,---,---, ---,,,0.00,0,0.04,200,
727847,中光電富邦47購01,0,0,0,---,---,---, ---,,,0.01,100,0.04,10,
727848,力旺元富46購01,0,0,0,---,---,---, ---,,,0.00,0,0.10,25,
727849,宏碁資元富46購03,0,0,0,---,---,---, ---,,,0.10,25,0.11,25,
727850,巨有中信46購01,0,0,0,---,---,---, ---,,,0.00,0,0.02,10,
727851,巨有中信47購01,0,0,0,---,---,---, ---,,,0.01,499,0.02,10,
727852,鈊象中信47購02,0,0,0,---,---,---, ---,,,0.07,499,0.08,10,
727853,立碁群益48購01,"48,000",7,"77,420",1.64,1.64,1.39,1.39,-,0.18,1.36,25,1.41,10,
727854,立碁群益48購02,"104,000",7,"87,510",0.88,0.89,0.72,0.72,-,0.14,0.70,25,0.74,10,
727855,富喬群益47購03,"62,000",14,"78,590",1.14,1.48,1.11,1.11,+,0.05,1.03,100,1.05,100,
727856,智通*群益46購01,0,0,0,---,---,---, ---,,,0.55,25,0.57,10,
727857,湧德群益4B購01,0,0,0,---,---,---, ---,,,0.09,10,0.00,0,
727858,磐儀群益46購01,0,0,0,---,---,---, ---,,,0.00,0,0.13,10,
727859,緯軟群益46購02,0,0,0,---,---,---, ---,,,0.03,25,0.13,10,
727860,聰泰群益46購01,0,0,0,---,---,---, ---,,,0.10,499,0.20,10,
727861,聰泰群益47購01,0,0,0,---,---,---, ---,,,0.08,25,0.09,10,
727862,聰泰群益48購01,"66,000",1,"25,080",0.38,0.38,0.38,0.38,-,0.01,0.33,25,0.34,10,
727863,中光電國泰48購01,0,0,0,---,---,---, ---,,,0.08,499,0.18,100,
727864,山富國票47購01,"215,000",5,"199,740",0.92,0.96,0.88,0.90,-,0.17,0.89,25,0.91,10,
727865,系統電國票47購02,0,0,0,---,---,---, ---,,,0.20,25,0.21,10,
727866,欣銓國票47購01,0,0,0,---,---,---, ---,,,2.41,25,2.44,10,
727867,富喬國票49購01,"123,000",11,"214,240",1.71,1.94,1.65,1.65,+,0.2,1.52,25,1.54,10,
727868,世禾第一48購01,"198,000",3,"112,060",0.57,0.57,0.53,0.53,-,0.06,0.51,10,0.53,10,
727869,泰茂統一54購01,"3,000",1,"1,560",0.52,0.52,0.52,0.52,-,0.02,0.52,10,0.53,10,
727870,鑫科統一56購01,0,0,0,---,---,---, ---,,,0.35,10,0.36,10,
727871,伯特光永豐47購01,0,0,0,---,---,---, ---,,,0.18,499,0.19,10,
727872,耕興永豐46購01,"10,000",1,500,0.05,0.05,0.05,0.05,-,0.02,0.05,499,0.06,10,
727873,能率永豐46購01,0,0,0,---,---,---, ---,,,0.12,62,0.17,62,
727874,瑞穎永豐47購01,0,0,0,---,---,---, ---,,,0.23,499,0.24,10,
727875,寬魚永豐46購01,0,0,0,---,---,---, ---,,,0.33,499,0.34,10,
727876,廣明永豐47購01,0,0,0,---,---,---, ---,,,0.12,499,0.13,10,
727877,聰泰永豐48購02,0,0,0,---,---,---, ---,,,0.29,499,0.30,10,
727878,台星科元大46購01,0,0,0,---,---,---, ---,,,0.02,499,0.12,10,
727879,宏捷科元大46購05,0,0,0,---,---,---, ---,,,0.00,0,0.10,10,
727880,宏捷科元大46購06,0,0,0,---,---,---, ---,,,0.00,0,0.10,10,
727881,宏捷科元大46購07,0,0,0,---,---,---, ---,,,0.00,0,0.10,10,
727882,振曜元大4A購01,0,0,0,---,---,---, ---,,,0.67,499,0.68,10,
727883,神盾元大46購04,0,0,0,---,---,---, ---,,,0.00,0,0.10,10,
727884,神盾元大46購05,0,0,0,---,---,---, ---,,,0.00,0,0.10,10,
727885,神盾元大48購01,"2,000",1,40,0.02,0.02,0.02,0.02,-,0.01,0.02,499,0.12,10,
727886,國債20元大49購01,"189,000",4,"45,360",0.24,0.24,0.24,0.24,+,0.02,0.00,0,0.24,30,
727887,國債20元大4A購01,0,0,0,---,---,---, ---,,,0.03,100,0.08,75,
727888,國債20元大4C購01,0,0,0,---,---,---, ---,,,0.05,100,0.06,60,
727889,堡達元大46購01,0,0,0,---,---,---, ---,,,0.01,499,0.11,10,
727890,鈦昇元大46購01,0,0,0,---,---,---, ---,,,0.00,0,0.10,10,
727891,僑威元大46購02,0,0,0,---,---,---, ---,,,0.25,499,0.26,10,
727892,僑威元大46購03,0,0,0,---,---,---, ---,,,1.03,499,1.04,10,
727893,廣運元大47購03,0,0,0,---,---,---, ---,,,0.39,499,0.41,10,
727894,擎亞元大46購01,0,0,0,---,---,---, ---,,,1.49,499,1.59,10,
727895,精材中信47購01,0,0,0,---,---,---, ---,,,0.02,499,0.03,10,
727896,山富群益46購01,0,0,0,---,---,---, ---,,,0.00,0,1.37,10,
727897,元債20群益48購01,0,0,0,---,---,---, ---,,,0.00,0,0.00,0,
727898,亞泰群益46購01,0,0,0,---,---,---, ---,,,0.05,25,0.06,10,
727899,亞泰群益48購01,0,0,0,---,---,---, ---,,,0.37,25,0.38,10,
727900,金益鼎群益46購01,0,0,0,---,---,---, ---,,,0.06,499,0.16,10,
727901,神盾群益46購02,0,0,0,---,---,---, ---,,,0.00,0,0.00,0,
727902,神盾群益48購02,0,0,0,---,---,---, ---,,,0.00,0,0.00,0,
727903,神盾群益4A購01,0,0,0,---,---,---, ---,,,0.00,0,0.00,0,
727904,廣明群益47購01,0,0,0,---,---,---, ---,,,0.10,25,0.11,10,
727905,廣明群益47購02,0,0,0,---,---,---, ---,,,0.08,25,0.09,10,
727906,廣明群益48購01,0,0,0,---,---,---, ---,,,0.15,25,0.16,10,
727907,譜瑞群益46購01,0,0,0,---,---,---, ---,,,0.00,0,0.00,0,
727908,友威科凱基4A購01,0,0,0,---,---,---, ---,,,0.32,100,0.33,50,
727909,先進光凱基46購01,0,0,0,---,---,---, ---,,,0.00,0,0.10,10,
727910,竹陞凱基4C購01,0,0,0,---,---,---, ---,,,0.79,100,0.89,10,
727911,宏捷科凱基46購05,0,0,0,---,---,---, ---,,,0.03,10,0.04,10,
727912,富喬凱基4B購01,"94,000",5,"124,360",1.31,1.51,1.28,1.51,+,0.31,1.23,10,1.24,10,
727913,廣明凱基46購03,0,0,0,---,---,---, ---,,,0.00,0,0.10,10,
727914,聰泰凱基48購01,0,0,0,---,---,---, ---,,,0.26,70,0.27,10,
727915,鑫科凱基46購01,0,0,0,---,---,---, ---,,,0.03,90,0.04,10,
727916,元太國票47購03,"30,000",1,"5,100",0.17,0.17,0.17,0.17,-,0.03,0.16,25,0.17,10,
727917,立碁國票47購05,"2,000",1,"1,060",0.53,0.53,0.53,0.53,-,0.14,0.50,25,0.51,10,
727918,振曜國票47購04,0,0,0,---,---,---, ---,,,0.68,50,0.72,10,
727919,湧德國票49購02,0,0,0,---,---,---, ---,,,0.15,25,0.16,10,
727920,磐儀國票47購02,0,0,0,---,---,---, ---,,,0.04,25,0.05,10,
727921,雙鴻國票47購05,0,0,0,---,---,---, ---,,,0.41,25,0.42,10,
727922,譜瑞國票47購01,0,0,0,---,---,---, ---,,,0.14,25,0.15,10,
727923,台燿國泰48購01,0,0,0,---,---,---, ---,,,0.78,499,0.81,100,
727924,中光電兆豐4C購01,"455,000",3,"110,750",0.25,0.25,0.24,0.24,-,0.02,0.23,10,0.24,10,
727925,家登元富46購01,0,0,0,---,---,---, ---,,,0.08,25,0.10,10,
727926,神盾元富47購03,0,0,0,---,---,---, ---,,,0.01,25,0.10,10,
727927,富喬元富4C購01,"317,000",19,"616,870",2.09,2.33,1.88,1.95,+,0.12,1.87,25,1.88,25,
727928,神盾台新46購01,0,0,0,---,---,---, ---,,,0.00,0,0.10,10,
727929,元太統一4C購02,"1,276,000",9,"128,600",0.11,0.11,0.10,0.10,-,0.01,0.10,55,0.11,62,
727930,富喬統一56購01,"21,000",3,"11,690",0.56,0.59,0.55,0.55,+,0.02,0.54,10,0.55,10,
727931,元太凱基46購03,0,0,0,---,---,---, ---,,,0.00,0,0.10,20,
727932,伯特光凱基46購04,0,0,0,---,---,---, ---,,,0.03,30,0.04,10,
727933,宏碁資凱基46購01,0,0,0,---,---,---, ---,,,0.00,0,0.02,10,
727934,欣銓凱基46購02,0,0,0,---,---,---, ---,,,2.06,100,2.08,10,
727935,胡連凱基46購01,0,0,0,---,---,---, ---,,,0.00,0,0.10,10,
727936,神盾凱基46購02,0,0,0,---,---,---, ---,,,0.00,0,0.02,10,
727937,僑威凱基46購01,0,0,0,---,---,---, ---,,,1.00,60,1.01,10,
727938,廣明凱基47購02,0,0,0,---,---,---, ---,,,0.11,20,0.12,50,
727939,廣運凱基46購02,0,0,0,---,---,---, ---,,,0.01,100,0.02,10,
727940,大綜永豐48購01,0,0,0,---,---,---, ---,,,1.88,499,1.89,10,
727941,宏碁資永豐46購01,0,0,0,---,---,---, ---,,,0.04,499,0.05,10,
727942,亞泰永豐49購01,0,0,0,---,---,---, ---,,,0.11,499,0.12,10,
727943,波若威永豐4C購01,"30,000",1,"31,200",1.04,1.04,1.04,1.04,-,0.06,1.04,62,1.06,62,
727944,廣運永豐46購02,0,0,0,---,---,---, ---,,,0.04,499,0.10,10,
727945,廣運永豐47購01,"10,000",1,"1,800",0.18,0.18,0.18,0.18,-,0.08,0.17,499,0.18,62,
727946,世界元大46購02,0,0,0,---,---,---, ---,,,0.00,0,0.10,10,
727947,台燿元大46購05,0,0,0,---,---,---, ---,,,0.15,499,0.25,10,
727948,昇達科元大46購02,0,0,0,---,---,---, ---,,,0.22,499,0.32,10,
727949,昇達科元大49購02,0,0,0,---,---,---, ---,,,0.80,499,0.81,10,
727950,群聯元大48購02,0,0,0,---,---,---, ---,,,0.47,499,0.57,10,
727951,雍智元大46購05,0,0,0,---,---,---, ---,,,0.01,499,0.00,0,
727952,雍智元大47購01,"7,000",2,820,0.12,0.12,0.11,0.11,-,0.02,0.10,499,0.11,8,
727953,精材元大4B購01,0,0,0,---,---,---, ---,,,0.15,499,0.16,10,
727954,廣明元大46購03,0,0,0,---,---,---, ---,,,0.00,0,0.10,10,
727955,聰泰元大46購01,0,0,0,---,---,---, ---,,,0.03,499,0.13,10,
727956,譜瑞元大4C購01,"56,000",6,"41,120",0.73,0.74,0.72,0.73,-,0.01,0.72,499,0.74,10,
727957,伯特光國票47購01,"22,000",5,"4,670",0.22,0.22,0.19,0.21,-,0.03,0.20,25,0.21,10,
727958,茂綸國票47購01,"637,000",15,"1,073,310",1.35,1.81,1.35,1.57,+,0.28,1.49,25,1.57,10,
727959,泰茂國票47購02,0,0,0,---,---,---, ---,,,0.35,25,0.36,10,
727960,能率國票47購01,0,0,0,---,---,---, ---,,,0.09,25,0.10,10,
727961,鈊象國票47購04,0,0,0,---,---,---, ---,,,0.12,25,0.13,10,
727962,頎邦國票47購01,"150,000",2,"28,500",0.19,0.19,0.19,0.19,-,0.04,0.18,25,0.19,10,
727963,廣明國票47購01,0,0,0,---,---,---, ---,,,0.14,25,0.15,10,
727964,廣運國票47購01,0,0,0,---,---,---, ---,,,0.21,25,0.22,10,
727965,鑫科國票47購02,"30,000",1,"4,200",0.14,0.14,0.14,0.14,-,0.06,0.13,25,0.14,10,
727966,胡連台新46購01,0,0,0,---,---,---, ---,,,0.00,0,0.00,0,
727967,譜瑞國泰48購02,0,0,0,---,---,---, ---,,,0.18,499,0.20,100,
727968,緯軟中信46購01,0,0,0,---,---,---, ---,,,0.00,0,0.10,10,
727969,元債20群益48購02,"40,000",1,"12,000",0.30,0.30,0.30,0.30,+,0.03,0.33,25,0.34,10,
727970,先進光群益46購01,0,0,0,---,---,---, ---,,,0.00,0,0.00,0,
727971,健椿群益47購01,0,0,0,---,---,---, ---,,,0.02,25,0.03,10,
727972,譜瑞群益47購03,0,0,0,---,---,---, ---,,,0.05,100,0.06,100,
727973,先進光富邦48購02,0,0,0,---,---,---, ---,,,0.02,30,0.10,10,
727974,昇達科元富4C購01,0,0,0,---,---,---, ---,,,1.86,25,1.87,25,
727975,波若威元富46購01,0,0,0,---,---,---, ---,,,0.85,25,0.95,10,
727976,能率元富46購01,0,0,0,---,---,---, ---,,,0.07,25,0.10,10,
727977,能率元富49購01,0,0,0,---,---,---, ---,,,0.33,25,0.35,25,
727978,元太元大46購02,0,0,0,---,---,---, ---,,,0.00,0,0.10,10,
727979,百德元大46購02,0,0,0,---,---,---, ---,,,0.00,0,0.10,10,
727980,群聯元大46購01,0,0,0,---,---,---, ---,,,0.77,499,0.87,10,
727981,雙鴻元大46購08,0,0,0,---,---,---, ---,,,0.00,0,0.10,10,
727982,雙鴻元大46購09,0,0,0,---,---,---, ---,,,0.02,499,0.12,10,
727983,譜瑞元大46購07,0,0,0,---,---,---, ---,,,0.00,0,0.10,10,
727984,世界凱基46購03,0,0,0,---,---,---, ---,,,0.04,100,0.14,10,
727985,金麗科凱基46購02,"5,000",1,"1,000",0.20,0.20,0.20,0.20,+,0.03,0.19,40,0.28,1,
727986,茂綸凱基47購01,"255,000",21,"128,270",0.41,0.61,0.41,0.50,+,0.1,0.48,100,0.50,50,
727987,振曜凱基47購02,"469,000",7,"360,460",0.74,0.79,0.69,0.75,-,0.07,0.78,100,0.79,10,
727988,桓達凱基46購02,0,0,0,---,---,---, ---,,,0.00,0,0.02,50,
727989,晶宏凱基46購02,0,0,0,---,---,---, ---,,,0.01,10,0.02,10,
727990,鈊象凱基46購12,0,0,0,---,---,---, ---,,,0.09,100,0.10,10,
727991,群聯凱基46購04,"10,000",1,"7,400",0.74,0.74,0.74,0.74,-,0.22,0.78,100,0.88,10,
727992,頎邦凱基47購01,0,0,0,---,---,---, ---,,,0.32,10,0.42,10,
727993,精材凱基4B購01,0,0,0,---,---,---, ---,,,0.11,100,0.21,10,
727994,廣運凱基47購02,0,0,0,---,---,---, ---,,,0.20,100,0.21,50,
727995,寶雅凱基46購01,0,0,0,---,---,---, ---,,,0.26,60,0.36,20,
727996,台特化國票47購01,"21,000",1,"30,030",1.43,1.43,1.43,1.43,+,0.05,1.32,25,1.34,10,
727997,昇達科國票46購02,0,0,0,---,---,---, ---,,,1.14,25,1.15,10,
727998,胡連國票47購01,0,0,0,---,---,---, ---,,,0.12,25,0.13,10,
727999,聖暉*國票47購02,0,0,0,---,---,---, ---,,,1.01,25,1.04,10,
728000,廣運國泰48購01,0,0,0,---,---,---, ---,,,0.31,1,0.35,10,
728001,金麗科統一4C購01,"16,000",2,"9,520",0.58,0.62,0.58,0.62,+,0.02,0.61,10,0.62,10,
728002,金麗科統一56購01,0,0,0,---,---,---, ---,,,0.39,10,0.40,10,
728003,金麗科統一5C購01,"15,000",1,"6,750",0.45,0.45,0.45,0.45,+,0.01,0.44,10,0.45,10,
728004,茂綸統一54購01,"166,000",9,"113,280",0.66,0.72,0.66,0.71,+,0.07,0.68,10,0.70,10,
728005,聰泰統一54購01,0,0,0,---,---,---, ---,,,0.28,10,0.29,10,
728006,中光電永豐4C購01,0,0,0,---,---,---, ---,,,0.54,62,0.55,10,
728007,巨有永豐47購01,0,0,0,---,---,---, ---,,,0.05,499,0.08,10,
728008,金麗科永豐4C購01,"3,000",2,"2,030",0.69,0.69,0.65,0.65,+,0.01,0.62,62,0.66,10,
728009,茂綸永豐46購01,0,0,0,---,---,---, ---,,,0.39,62,0.00,0,
728010,新門永豐49購01,0,0,0,---,---,---, ---,,,0.19,62,0.20,10,
728011,鑫科永豐48購01,0,0,0,---,---,---, ---,,,0.14,499,0.15,62,
728012,穩懋台新46購01,0,0,0,---,---,---, ---,,,0.01,10,0.11,10,
728013,中光電群益47購01,0,0,0,---,---,---, ---,,,0.01,25,0.03,10,
728014,巨有群益48購01,0,0,0,---,---,---, ---,,,0.02,25,0.03,10,
728015,伯特光群益47購01,0,0,0,---,---,---, ---,,,0.07,25,0.09,10,
728016,旺矽群益46購03,"15,000",2,"4,800",0.33,0.33,0.30,0.30,-,0.06,0.30,25,0.31,10,
728017,金麗科群益46購02,0,0,0,---,---,---, ---,,,0.17,499,0.27,10,
728018,鈊象群益46購10,0,0,0,---,---,---, ---,,,0.06,25,0.07,10,
728019,廣明群益46購01,0,0,0,---,---,---, ---,,,0.00,0,0.00,0,
728020,廣運群益46購02,0,0,0,---,---,---, ---,,,0.02,25,0.03,10,
728021,廣運群益47購03,0,0,0,---,---,---, ---,,,0.19,25,0.20,10,
728022,雙鴻群益46購07,0,0,0,---,---,---, ---,,,0.05,15,0.30,20,
728023,鑫科群益47購02,0,0,0,---,---,---, ---,,,0.04,25,0.05,10,
728024,台燿元富4C購01,0,0,0,---,---,---, ---,,,1.19,25,1.29,25,
728025,百德元富46購01,0,0,0,---,---,---, ---,,,0.00,0,0.10,25,
728026,百德元富49購01,0,0,0,---,---,---, ---,,,0.06,25,0.16,25,
728027,昇達科元富46購03,0,0,0,---,---,---, ---,,,0.62,25,0.72,10,
728028,台燿元大46購06,0,0,0,---,---,---, ---,,,0.10,499,0.20,10,
728029,巨有元大46購01,0,0,0,---,---,---, ---,,,0.00,0,0.10,10,
728030,宜特元大46購02,0,0,0,---,---,---, ---,,,0.00,0,0.10,10,
728031,富喬元大4A購02,"911,000",23,"677,040",0.74,0.85,0.67,0.68,+,0.01,0.68,10,0.00,0,
728032,群聯元大46購02,0,0,0,---,---,---, ---,,,0.02,499,0.11,2,
728033,群聯元大4B購01,0,0,0,---,---,---, ---,,,1.37,499,1.39,10,
728034,中光電永豐49購01,0,0,0,---,---,---, ---,,,0.11,499,0.12,10,
728035,世界永豐48購01,0,0,0,---,---,---, ---,,,0.15,62,0.16,10,
728036,東捷永豐46購01,0,0,0,---,---,---, ---,,,0.00,0,0.00,0,
728037,英濟永豐47購01,"71,000",4,"91,460",1.46,1.46,1.15,1.15,-,0.03,0.47,10,0.00,0,
728038,國債20永豐4C購01,"960,000",22,"611,150",0.59,0.68,0.59,0.68,+,0.12,0.66,50,0.67,10,
728039,漢磊永豐47購01,0,0,0,---,---,---, ---,,,0.04,499,0.05,10,
728040,廣明永豐4C購01,0,0,0,---,---,---, ---,,,0.37,499,0.38,10,
728041,廣運永豐4C購01,"2,000",1,980,0.49,0.49,0.49,0.49,-,0.06,0.46,499,0.47,62,
728042,德微永豐46購01,0,0,0,---,---,---, ---,,,0.00,0,0.10,10,
728043,龍巖永豐47購01,"7,000",5,"7,760",1.16,1.16,1.06,1.06,-,0.26,0.99,499,1.04,10,
728044,中美晶國泰47購01,0,0,0,---,---,---, ---,,,0.15,499,0.21,10,
728045,胡連國泰47購01,0,0,0,---,---,---, ---,,,0.07,499,0.08,100,
728046,廣明國泰47購01,0,0,0,---,---,---, ---,,,0.05,499,0.16,100,
728047,中光電統一54購01,"20,000",2,"3,900",0.20,0.20,0.19,0.19,-,0.01,0.18,10,0.19,10,
728048,中美晶統一4C購01,"48,000",1,"21,600",0.45,0.45,0.45,0.45,-,0.0,0.46,10,0.47,10,
728049,金麗科統一4C購02,"66,000",4,"28,380",0.43,0.43,0.43,0.43,+,0.02,0.42,10,0.43,10,
728050,金麗科統一53購01,0,0,0,---,---,---, ---,,,0.50,10,0.51,10,
728051,漢磊統一54購01,"10,000",1,"2,300",0.23,0.23,0.23,0.23,-,0.03,0.23,10,0.24,10,
728052,穩懋統一4C購02,"210,000",2,"31,600",0.15,0.16,0.15,0.16,-,0.0,0.11,40,0.12,10,
728053,中光電凱基46購02,0,0,0,---,---,---, ---,,,0.00,0,0.10,10,
728054,世界凱基46購04,0,0,0,---,---,---, ---,,,0.01,100,0.02,10,
728055,台特化凱基46購01,"48,000",4,"85,650",1.94,1.94,1.66,1.67,+,0.07,1.64,100,1.65,10,
728056,巨有凱基46購02,0,0,0,---,---,---, ---,,,0.02,50,0.03,10,
728057,伯特光凱基46購05,0,0,0,---,---,---, ---,,,0.01,30,0.02,10,
728058,聰泰凱基46購02,0,0,0,---,---,---, ---,,,0.01,60,0.02,10,
728059,環球晶兆豐48購01,"50,000",1,"9,000",0.18,0.18,0.18,0.18,+,0.02,0.17,10,0.18,10,
728060,巨有富邦48購01,0,0,0,---,---,---, ---,,,0.20,10,0.21,10,
728061,中光電元富46購04,0,0,0,---,---,---, ---,,,0.00,0,0.10,160,
728062,中光電元富46購05,0,0,0,---,---,---, ---,,,0.00,0,0.10,10,
728063,胡連元富46購01,0,0,0,---,---,---, ---,,,0.05,25,0.15,10,
728064,世界國票48購02,0,0,0,---,---,---, ---,,,0.19,25,0.20,10,
728065,系統電國票47購03,"25,000",1,"2,000",0.08,0.08,0.08,0.08,-,0.03,0.08,25,0.09,10,
728066,健椿國票48購01,0,0,0,---,---,---, ---,,,0.11,25,0.12,10,
728067,聰泰國票47購02,0,0,0,---,---,---, ---,,,0.15,25,0.16,10,
728068,雙鴻國票47購06,0,0,0,---,---,---, ---,,,0.09,25,0.10,10,
728069,中光電中信46購01,0,0,0,---,---,---, ---,,,0.01,499,0.02,10,
728070,世界中信49購01,0,0,0,---,---,---, ---,,,1.06,499,1.07,10,
728071,合晶中信46購01,0,0,0,---,---,---, ---,,,0.00,0,0.10,10,
728072,聖暉*中信46購01,0,0,0,---,---,---, ---,,,0.10,499,0.11,10,
728073,中光電群益47購02,0,0,0,---,---,---, ---,,,0.00,0,0.10,135,
728074,元太群益46購01,0,0,0,---,---,---, ---,,,0.00,0,0.00,0,
728075,世界群益49購01,"200,000",1,"50,000",0.25,0.25,0.25,0.25,-,0.01,0.24,100,0.25,100,
728076,合晶群益48購01,0,0,0,---,---,---, ---,,,0.02,40,0.00,0,
728077,百德群益46購02,0,0,0,---,---,---, ---,,,0.00,0,0.00,0,
728078,群聯群益47購01,0,0,0,---,---,---, ---,,,0.25,100,0.26,100,
728079,漢磊群益47購01,0,0,0,---,---,---, ---,,,0.02,499,0.12,10,
728080,精材群益46購03,0,0,0,---,---,---, ---,,,0.02,25,0.03,10,
728081,精測群益46購03,0,0,0,---,---,---, ---,,,0.13,25,0.16,10,
728082,廣明群益46購02,0,0,0,---,---,---, ---,,,0.00,0,0.00,0,
728083,廣運群益46購03,0,0,0,---,---,---, ---,,,0.02,499,0.12,10,
728084,廣運群益47購04,0,0,0,---,---,---, ---,,,0.04,25,0.05,10,
728085,合晶統一4C購01,0,0,0,---,---,---, ---,,,0.13,10,0.14,10,
728086,能率統一58購01,0,0,0,---,---,---, ---,,,0.39,10,0.40,10,
728087,譜瑞統一4C購01,0,0,0,---,---,---, ---,,,0.11,10,0.12,10,
728088,鑫科統一56購02,0,0,0,---,---,---, ---,,,0.26,20,0.27,10,
728089,三聯永豐4C購01,0,0,0,---,---,---, ---,,,0.24,62,0.25,62,
728090,兆利永豐48購01,0,0,0,---,---,---, ---,,,0.10,499,0.11,10,
728091,宏捷科永豐48購01,0,0,0,---,---,---, ---,,,0.10,499,0.11,10,
728092,信紘科永豐46購01,"91,000",3,"40,010",0.44,0.44,0.43,0.43,-,0.08,0.43,59,0.44,10,
728093,桓達永豐4C購01,0,0,0,---,---,---, ---,,,0.10,499,0.11,62,
728094,能率永豐4C購01,0,0,0,---,---,---, ---,,,0.37,499,0.38,62,
728095,鼎翰永豐48購01,0,0,0,---,---,---, ---,,,0.47,499,0.48,10,
728096,驊訊永豐47購01,"185,000",6,"22,750",0.15,0.15,0.11,0.11,-,0.1,0.10,499,0.11,10,
728097,泰茂富邦48購01,0,0,0,---,---,---, ---,,,0.44,10,0.54,10,
728098,頎邦富邦48購01,"90,000",4,"32,500",0.36,0.37,0.36,0.37,-,0.02,0.37,10,0.00,0,
728099,廣明富邦48購01,0,0,0,---,---,---, ---,,,0.09,10,0.10,10,
728100,能率中信46購01,0,0,0,---,---,---, ---,,,0.00,0,0.02,10,
728101,中光電群益49購01,"5,000",1,250,0.05,0.05,0.05,0.05,-,0.01,0.04,25,0.05,10,
728102,伯特光群益47購02,0,0,0,---,---,---, ---,,,0.06,25,0.08,10,
728103,宏捷科群益48購02,0,0,0,---,---,---, ---,,,0.10,25,0.11,10,
728104,亞泰群益47購01,0,0,0,---,---,---, ---,,,0.02,25,0.03,10,
728105,昇達科群益46購01,0,0,0,---,---,---, ---,,,0.12,25,0.13,10,
728106,桓達群益46購01,0,0,0,---,---,---, ---,,,0.00,0,0.00,0,
728107,桓達群益48購01,0,0,0,---,---,---, ---,,,0.02,25,0.03,10,
728108,群聯群益46購06,0,0,0,---,---,---, ---,,,0.57,499,0.67,10,
728109,雍智群益48購01,0,0,0,---,---,---, ---,,,0.11,25,0.12,10,
728110,僑威群益46購02,0,0,0,---,---,---, ---,,,0.18,499,0.28,10,
728111,精材群益46購04,0,0,0,---,---,---, ---,,,0.01,25,0.03,10,
728112,擎亞群益47購01,0,0,0,---,---,---, ---,,,0.00,0,0.00,0,
728113,巨有元大46購02,0,0,0,---,---,---, ---,,,0.01,499,0.11,10,
728114,安碁元大46購02,0,0,0,---,---,---, ---,,,0.22,499,0.23,10,
728115,亞泰元大48購01,"47,000",2,"10,570",0.23,0.23,0.22,0.22,-,0.0,0.20,499,0.21,10,
728116,亞泰元大48購02,0,0,0,---,---,---, ---,,,0.22,499,0.23,10,
728117,金麗科元大46購01,0,0,0,---,---,---, ---,,,0.05,499,0.15,10,
728118,宸曜元大46購01,0,0,0,---,---,---, ---,,,0.08,499,0.09,10,
728119,能率元大46購01,0,0,0,---,---,---, ---,,,0.00,0,0.10,10,
728120,能率元大46購02,"25,000",2,"2,650",0.11,0.11,0.10,0.10,-,0.02,0.09,499,0.10,10,
728121,能率元大46購03,0,0,0,---,---,---, ---,,,0.03,499,0.13,10,
728122,湧德元大4C購01,0,0,0,---,---,---, ---,,,0.24,499,0.25,10,
728123,新漢元大46購01,"2,000",1,"5,040",2.52,2.52,2.52,2.52,-,0.14,1.62,6,0.00,0,
728124,新漢元大46購02,0,0,0,---,---,---, ---,,,0.00,0,0.00,0,
728125,廣明元大46購04,0,0,0,---,---,---, ---,,,0.00,0,0.10,10,
728126,廣明元大48購01,0,0,0,---,---,---, ---,,,0.03,499,0.13,10,
728127,廣明元大4C購01,0,0,0,---,---,---, ---,,,0.16,499,0.17,10,
728128,廣運元大46購01,0,0,0,---,---,---, ---,,,0.00,0,0.10,10,
728129,廣運元大46購02,0,0,0,---,---,---, ---,,,0.02,499,0.12,10,
728130,安碁凱基46購01,0,0,0,---,---,---, ---,,,0.07,100,0.08,10,
728131,宏捷科凱基46購06,0,0,0,---,---,---, ---,,,0.01,10,0.02,10,
728132,宏碁資凱基47購01,0,0,0,---,---,---, ---,,,0.15,30,0.16,50,
728133,昇達科凱基46購04,0,0,0,---,---,---, ---,,,0.06,30,0.07,10,
728134,胡連凱基46購02,0,0,0,---,---,---, ---,,,0.01,50,0.02,10,
728135,能率凱基48購01,0,0,0,---,---,---, ---,,,0.18,20,0.28,10,
728136,國債20凱基47購01,0,0,0,---,---,---, ---,,,0.01,100,0.00,0,
728137,國債20凱基49購01,0,0,0,---,---,---, ---,,,0.03,100,0.00,0,
728138,國債20凱基4C購01,0,0,0,---,---,---, ---,,,0.03,100,0.00,0,
728139,群聯凱基48購02,0,0,0,---,---,---, ---,,,1.32,60,1.33,10,
728140,雍智凱基4A購01,0,0,0,---,---,---, ---,,,0.18,100,0.19,50,
728141,漢磊凱基46購01,0,0,0,---,---,---, ---,,,0.00,0,0.02,10,
728142,廣明凱基46購04,0,0,0,---,---,---, ---,,,0.01,20,0.02,10,
728143,世禾國票48購02,"51,000",5,"39,330",0.79,0.79,0.76,0.77,-,0.08,0.75,25,0.77,10,
728144,宏捷科國票48購01,0,0,0,---,---,---, ---,,,0.23,25,0.24,10,
728145,能率國票47購02,0,0,0,---,---,---, ---,,,0.06,25,0.07,10,
728146,能率國票47購05,0,0,0,---,---,---, ---,,,0.17,25,0.18,10,
728147,常珵國票47購01,0,0,0,---,---,---, ---,,,0.12,25,0.13,10,
728148,鑫科國票48購01,0,0,0,---,---,---, ---,,,0.26,25,0.27,10,
728149,中光電國泰47購01,0,0,0,---,---,---, ---,,,0.01,499,0.02,100,
728150,中美晶國泰47購02,0,0,0,---,---,---, ---,,,0.55,499,0.56,100,
728151,世界國泰47購01,0,0,0,---,---,---, ---,,,0.49,499,0.51,100,
728152,宏捷科國泰47購01,0,0,0,---,---,---, ---,,,0.20,499,0.22,100,
728153,中美晶元大46購05,0,0,0,---,---,---, ---,,,0.00,0,0.10,10,
728154,中美晶元大46購06,0,0,0,---,---,---, ---,,,0.05,499,0.10,80,
728155,茂綸元大46購01,0,0,0,---,---,---, ---,,,1.27,25,1.30,10,
728156,茂綸元大46購02,"17,000",4,"28,750",1.55,1.76,1.52,1.76,+,0.27,1.73,499,1.76,10,
728157,桓達元大46購02,0,0,0,---,---,---, ---,,,0.00,0,0.10,10,
728158,群債25元大46購01,0,0,0,---,---,---, ---,,,0.04,499,0.00,0,
728159,群債25元大49購01,0,0,0,---,---,---, ---,,,0.06,499,0.00,0,
728160,僑威元大46購04,0,0,0,---,---,---, ---,,,0.17,499,0.18,10,
728161,僑威元大46購05,0,0,0,---,---,---, ---,,,0.65,499,0.66,10,
728162,廣明元大46購05,0,0,0,---,---,---, ---,,,0.00,0,0.10,10,
728163,廣明元大49購01,0,0,0,---,---,---, ---,,,0.06,499,0.07,10,
728164,廣明元大4C購02,0,0,0,---,---,---, ---,,,0.19,499,0.20,10,
728165,璟德元大46購02,0,0,0,---,---,---, ---,,,0.00,0,0.10,10,
728166,立端永豐46購01,0,0,0,---,---,---, ---,,,0.05,62,0.06,10,
728167,振曜永豐4C購01,"38,000",3,"24,600",0.64,0.65,0.64,0.65,+,0.01,0.65,499,0.66,62,
728168,鈊象永豐47購01,0,0,0,---,---,---, ---,,,0.16,499,0.17,10,
728169,新漢永豐49購01,0,0,0,---,---,---, ---,,,0.00,0,0.00,0,
728170,百德第一46購01,0,0,0,---,---,---, ---,,,1.36,10,1.37,10,
728171,正淩統一54購01,"46,000",1,"27,600",0.60,0.60,0.60,0.60,+,0.03,0.57,10,0.58,10,
728172,伯特光統一56購01,0,0,0,---,---,---, ---,,,0.35,10,0.36,10,
728173,茂綸統一4C購02,"204,000",11,"107,070",0.51,0.58,0.51,0.54,+,0.05,0.53,10,0.54,10,
728174,茂綸統一53購01,"116,000",5,"95,470",0.78,0.85,0.78,0.85,+,0.09,0.81,10,0.82,10,
728175,智擎統一4C購02,0,0,0,---,---,---, ---,,,0.49,10,0.50,10,
728176,湧德統一56購01,0,0,0,---,---,---, ---,,,0.33,10,0.34,10,
728177,鑫科統一53購01,0,0,0,---,---,---, ---,,,0.22,10,0.23,10,
728178,僑威富邦47購01,"4,000",1,"2,600",0.65,0.65,0.65,0.65,-,0.01,0.60,30,0.61,10,
728179,中光電元富46購07,0,0,0,---,---,---, ---,,,0.00,0,0.10,25,
728180,先進光元富46購02,0,0,0,---,---,---, ---,,,0.00,0,0.10,25,
728181,先進光元富46購03,0,0,0,---,---,---, ---,,,0.00,0,0.10,25,
728182,先進光元富46購04,0,0,0,---,---,---, ---,,,0.00,0,0.10,25,
728183,桓達元富46購02,0,0,0,---,---,---, ---,,,0.00,0,0.10,25,
728184,湧德元富4C購01,0,0,0,---,---,---, ---,,,1.09,25,1.10,25,
728185,安碁國票46購01,0,0,0,---,---,---, ---,,,0.09,25,0.10,10,
728186,宏碁資國票47購01,0,0,0,---,---,---, ---,,,0.26,25,0.27,10,
728187,茂綸國票47購02,0,0,0,---,---,---, ---,,,1.70,25,1.77,10,
728188,桓達國票46購03,0,0,0,---,---,---, ---,,,0.01,25,0.11,10,
728189,桓達國票47購01,0,0,0,---,---,---, ---,,,0.01,25,0.02,10,
728190,神準國票47購05,0,0,0,---,---,---, ---,,,0.15,25,0.16,10,
728191,健喬國票47購01,"1,058,000",4,"364,710",0.35,0.35,0.34,0.34,-,0.02,0.34,25,0.35,10,
728192,鈊象國票47購05,0,0,0,---,---,---, ---,,,0.62,25,0.63,10,
728193,廣明國票47購02,0,0,0,---,---,---, ---,,,0.18,25,0.19,10,
728194,昇達科國泰47購01,0,0,0,---,---,---, ---,,,0.65,499,0.75,100,
728195,聖暉*國泰47購01,0,0,0,---,---,---, ---,,,0.83,499,0.85,100,
728196,中光電凱基46購03,0,0,0,---,---,---, ---,,,0.00,0,0.02,40,
728197,正淩凱基46購01,0,0,0,---,---,---, ---,,,0.03,50,0.04,10,
728198,宏捷科凱基46購07,0,0,0,---,---,---, ---,,,0.04,10,0.05,10,
728199,茂綸凱基46購01,"64,000",3,"74,580",1.14,1.35,1.14,1.16,+,0.18,1.14,100,1.16,10,
728200,原相凱基47購05,0,0,0,---,---,---, ---,,,0.06,100,0.16,10,
728201,新漢凱基46購01,0,0,0,---,---,---, ---,,,2.02,30,2.12,10,
728202,僑威凱基46購02,0,0,0,---,---,---, ---,,,0.22,50,0.23,10,
728203,廣明凱基46購05,0,0,0,---,---,---, ---,,,0.02,20,0.03,10,
728204,廣運凱基46購03,0,0,0,---,---,---, ---,,,0.00,0,0.10,10,
728205,雙鴻凱基49購02,0,0,0,---,---,---, ---,,,0.36,80,0.46,10,
728206,大綜中信47購02,"251,000",7,"104,090",0.44,0.45,0.33,0.33,-,0.09,0.34,10,0.35,10,
728207,大綜中信49購01,"341,000",7,"134,860",0.44,0.44,0.38,0.38,-,0.07,0.37,10,0.38,10,
728208,大綜中信49購02,"165,000",10,"74,290",0.48,0.48,0.41,0.42,-,0.07,0.41,10,0.42,10,
728209,台特化中信47購01,"57,000",9,"65,830",1.12,1.21,1.08,1.08,-,0.02,0.99,10,1.01,10,
728210,先進光中信47購01,0,0,0,---,---,---, ---,,,0.00,0,0.02,10,
728211,艾訊中信46購01,0,0,0,---,---,---, ---,,,0.00,0,0.02,10,
728212,伯特光中信47購01,"134,000",1,"4,020",0.03,0.03,0.03,0.03,-,0.02,0.03,10,0.04,10,
728213,旺矽中信49購01,0,0,0,---,---,---, ---,,,0.10,10,0.11,10,
728214,東捷中信47購01,0,0,0,---,---,---, ---,,,0.01,10,0.02,10,
728215,原相中信47購01,0,0,0,---,---,---, ---,,,0.15,499,0.16,10,
728216,桓達中信47購01,0,0,0,---,---,---, ---,,,0.00,0,0.02,10,
728217,瑞穎中信46購01,0,0,0,---,---,---, ---,,,0.07,499,0.08,10,
728218,廣明中信47購02,0,0,0,---,---,---, ---,,,0.01,10,0.02,10,
728219,大綜群益49購01,"2,000",1,"3,400",1.70,1.70,1.70,1.70,-,0.17,0.64,15,0.00,0,
728220,亞泰群益49購01,0,0,0,---,---,---, ---,,,0.04,25,0.05,10,
728221,茂綸群益46購01,"20,000",2,"40,400",2.00,2.04,2.00,2.04,+,0.09,2.21,25,2.31,10,
728222,神準群益49購01,0,0,0,---,---,---, ---,,,0.41,25,0.42,10,
728223,新漢群益49購01,"17,000",1,"35,700",2.10,2.10,2.10,2.10,-,0.16,1.09,9,0.00,0,
728224,聖暉*群益46購03,0,0,0,---,---,---, ---,,,0.33,25,0.34,10,
728225,蜜望實群益47購01,0,0,0,---,---,---, ---,,,0.00,0,0.00,0,
728226,雙鴻群益46購08,0,0,0,---,---,---, ---,,,0.00,0,0.00,0,
728227,力致元大47購01,0,0,0,---,---,---, ---,,,0.01,499,0.11,10,
728228,兆利元大47購01,0,0,0,---,---,---, ---,,,0.00,0,0.10,10,
728229,昇達科元大47購02,0,0,0,---,---,---, ---,,,0.15,549,0.25,10,
728230,信驊元大47購03,"200,000",6,"198,300",1.02,1.03,0.96,1.03,-,0.0,0.91,499,0.96,10,
728231,信驊元大47購04,"13,000",3,"12,280",0.98,0.98,0.91,0.91,-,0.1,0.90,499,0.95,10,
728232,富喬元大4C購01,"180,000",14,"343,120",1.89,2.05,1.77,2.01,+,0.29,1.75,25,2.34,10,
728233,新漢元大47購01,0,0,0,---,---,---, ---,,,0.00,0,0.00,0,
728234,群聯元大47購02,"15,000",1,"1,350",0.09,0.09,0.09,0.09,-,0.11,0.08,499,0.18,10,
728235,群聯元大49購01,"151,000",3,"124,800",0.90,0.90,0.76,0.79,-,0.07,0.78,499,0.79,10,
728236,聖暉*元大47購01,0,0,0,---,---,---, ---,,,0.09,499,0.10,10,
728237,聖暉*元大47購02,0,0,0,---,---,---, ---,,,0.41,499,0.43,10,
728238,廣明元大47購02,0,0,0,---,---,---, ---,,,0.00,0,0.10,10,
728239,廣明元大47購03,0,0,0,---,---,---, ---,,,0.02,499,0.12,10,
728240,磐儀元大47購01,0,0,0,---,---,---, ---,,,0.02,499,0.12,10,
728241,擎亞元大47購03,0,0,0,---,---,---, ---,,,1.89,400,1.99,10,
728242,譜瑞元大47購01,0,0,0,---,---,---, ---,,,0.01,499,0.11,10,
728243,千附精國票48購01,0,0,0,---,---,---, ---,,,0.33,25,0.34,10,
728244,中光電國票47購02,0,0,0,---,---,---, ---,,,0.00,0,0.00,0,
728245,中光電國票49購01,0,0,0,---,---,---, ---,,,0.06,25,0.07,10,
728246,台星科國票4A購01,0,0,0,---,---,---, ---,,,0.18,25,0.19,10,
728247,系統電國票4B購01,"24,000",2,"9,630",0.42,0.42,0.39,0.39,-,0.08,0.38,25,0.40,10,
728248,信驊國票48購01,0,0,0,---,---,---, ---,,,0.82,25,0.83,10,
728249,原相國票48購01,"60,000",1,"6,000",0.10,0.10,0.10,0.10,-,0.03,0.09,25,0.10,10,
728250,陽程國票48購01,0,0,0,---,---,---, ---,,,0.09,25,0.10,10,
728251,先進光國泰48購02,0,0,0,---,---,---, ---,,,0.00,0,0.10,100,
728252,旺矽國泰48購03,0,0,0,---,---,---, ---,,,0.19,499,0.21,100,
728253,原相國泰48購01,0,0,0,---,---,---, ---,,,0.20,499,0.26,10,
728254,信驊台新47購01,0,0,0,---,---,---, ---,,,1.09,20,1.10,10,
728255,聖暉*台新47購01,0,0,0,---,---,---, ---,,,0.37,10,0.40,10,
728256,大綜富邦48購01,0,0,0,---,---,---, ---,,,0.80,30,0.87,10,
728257,世界富邦49購01,0,0,0,---,---,---, ---,,,0.19,30,0.20,10,
728258,信驊富邦48購02,0,0,0,---,---,---, ---,,,0.63,10,0.64,10,
728259,桓達富邦49購01,0,0,0,---,---,---, ---,,,0.01,599,0.10,10,
728260,亞泰元富47購01,0,0,0,---,---,---, ---,,,0.00,0,0.10,25,
728261,亞泰元富51購01,0,0,0,---,---,---, ---,,,0.26,25,0.27,25,
728262,波若威元富47購02,0,0,0,---,---,---, ---,,,0.41,1,0.45,10,
728263,信驊第一47購01,0,0,0,---,---,---, ---,,,0.68,10,0.78,10,
728264,元債20永豐61購01,"400,000",5,"160,000",0.40,0.40,0.40,0.40,+,0.02,0.43,62,0.44,62,
728265,信驊永豐47購02,0,0,0,---,---,---, ---,,,0.65,499,0.75,10,
728266,茂綸永豐47購01,"251,000",17,"725,100",2.51,3.12,2.51,2.89,+,0.53,2.68,499,2.72,10,
728267,倉和永豐48購01,0,0,0,---,---,---, ---,,,0.28,200,0.30,10,
728268,健喬永豐48購01,0,0,0,---,---,---, ---,,,0.52,125,0.53,10,
728269,博智永豐4B購01,"30,000",1,"34,500",1.15,1.15,1.15,1.15,+,0.07,1.07,499,1.17,10,
728270,百德統一51購01,0,0,0,---,---,---, ---,,,0.20,10,0.21,10,
728271,朋程統一55購01,0,0,0,---,---,---, ---,,,0.28,10,0.29,10,
728272,信驊統一51購01,"147,000",3,"116,610",0.83,0.83,0.78,0.78,-,0.05,0.79,10,0.80,10,
728273,大綜凱基49購01,"49,000",9,"81,090",1.93,1.93,1.59,1.60,-,0.32,1.57,100,1.58,10,
728274,中美晶凱基47購02,0,0,0,---,---,---, ---,,,0.05,100,0.06,10,
728275,信驊凱基47購02,0,0,0,---,---,---, ---,,,0.80,100,0.90,10,
728276,信驊凱基47購03,0,0,0,---,---,---, ---,,,0.52,100,0.62,10,
728277,博智凱基47購01,0,0,0,---,---,---, ---,,,0.22,100,0.32,10,
728278,鈊象凱基48購04,0,0,0,---,---,---, ---,,,0.34,100,0.35,30,
728279,聖暉*凱基47購01,0,0,0,---,---,---, ---,,,0.15,20,0.16,10,
728280,雙鴻凱基49購03,0,0,0,---,---,---, ---,,,0.18,90,0.28,10,
728281,信驊中信48購01,"18,000",2,"6,740",0.38,0.38,0.37,0.37,-,0.05,0.33,10,0.36,10,
728282,博智中信47購01,0,0,0,---,---,---, ---,,,0.08,10,0.09,10,
728283,中光電群益48購02,0,0,0,---,---,---, ---,,,0.00,0,0.00,0,
728284,台燿群益47購04,0,0,0,---,---,---, ---,,,0.08,10,0.81,5,
728285,宏捷科群益47購02,0,0,0,---,---,---, ---,,,0.00,0,0.13,10,
728286,信驊群益47購03,"19,000",2,"20,850",1.08,1.11,1.08,1.11,-,0.04,1.00,25,1.01,10,
728287,信驊群益47購04,0,0,0,---,---,---, ---,,,0.60,25,0.61,10,
728288,原相群益47購02,0,0,0,---,---,---, ---,,,0.24,25,0.25,10,
728289,富喬群益49購01,"47,000",11,"177,100",3.81,4.22,3.54,3.54,+,0.31,3.39,100,3.44,100,
728290,僑威群益48購01,0,0,0,---,---,---, ---,,,0.75,25,0.76,10,
728291,廣運群益49購01,0,0,0,---,---,---, ---,,,0.10,25,0.11,10,
728292,力致元大48購01,"48,000",2,"11,360",0.25,0.25,0.23,0.23,-,0.03,0.23,499,0.24,10,
728293,大綜元大47購01,"380,000",8,"221,980",0.57,0.61,0.46,0.53,-,0.14,0.26,38,0.55,1,
728294,中美晶元大47購01,0,0,0,---,---,---, ---,,,0.00,0,0.10,10,
728295,台星科元大47購01,0,0,0,---,---,---, ---,,,0.01,499,0.11,10,
728296,台燿元大47購01,0,0,0,---,---,---, ---,,,0.74,499,0.84,10,
728297,桓達元大47購01,0,0,0,---,---,---, ---,,,0.00,0,0.10,10,
728298,桓達元大47購02,0,0,0,---,---,---, ---,,,0.00,0,0.10,10,
728299,桓達元大47購03,0,0,0,---,---,---, ---,,,0.00,0,0.10,10,
728300,神盾元大4A購01,"299,000",1,"11,960",0.04,0.04,0.04,0.04,-,0.05,0.03,499,0.13,10,
728301,湧德元大49購01,0,0,0,---,---,---, ---,,,0.11,499,0.12,10,
728302,群聯元大47購03,0,0,0,---,---,---, ---,,,0.87,499,0.89,10,
728303,廣明元大47購04,0,0,0,---,---,---, ---,,,0.00,0,0.10,10,
728304,廣明元大47購05,0,0,0,---,---,---, ---,,,0.01,499,0.11,10,
728305,擎亞元大47購04,0,0,0,---,---,---, ---,,,1.64,450,1.74,10,
728306,台星科凱基47購01,0,0,0,---,---,---, ---,,,0.05,10,0.15,10,
728307,台燿凱基47購02,"35,000",1,"21,000",0.60,0.60,0.60,0.60,-,0.06,0.59,100,0.60,10,
728308,波若威凱基47購01,"35,000",4,"43,450",1.33,1.33,1.13,1.13,-,0.09,1.16,100,1.17,10,
728309,桓達凱基49購01,0,0,0,---,---,---, ---,,,0.01,100,0.02,50,
728310,湧德凱基4C購01,0,0,0,---,---,---, ---,,,0.53,100,0.54,50,
728311,聖暉*凱基47購02,0,0,0,---,---,---, ---,,,0.31,30,0.32,10,
728312,廣明凱基47購03,0,0,0,---,---,---, ---,,,0.05,30,0.15,10,
728313,友威科國票48購01,0,0,0,---,---,---, ---,,,0.12,25,0.13,10,
728314,永信建國票49購01,0,0,0,---,---,---, ---,,,0.13,25,0.14,10,
728315,先進光國票48購02,0,0,0,---,---,---, ---,,,0.01,25,0.11,10,
728316,亞泰國票4A購01,0,0,0,---,---,---, ---,,,0.20,25,0.21,10,
728317,亞泰國票4A購02,0,0,0,---,---,---, ---,,,0.18,25,0.19,10,
728318,昇達科國票48購01,0,0,0,---,---,---, ---,,,1.18,25,1.19,10,
728319,桓達國票4A購01,0,0,0,---,---,---, ---,,,0.02,25,0.03,10,
728320,湧德國票49購03,"3,000",1,"1,920",0.64,0.64,0.64,0.64,-,0.07,0.61,25,0.62,10,
728321,群聯國票48購01,0,0,0,---,---,---, ---,,,0.11,25,0.12,10,
728322,精剛國票48購01,0,0,0,---,---,---, ---,,,0.19,25,0.20,10,
728323,大綜統一55購01,"10,000",1,"6,800",0.68,0.68,0.68,0.68,-,0.03,0.65,10,0.68,10,
728324,桓達統一55購01,0,0,0,---,---,---, ---,,,0.11,10,0.12,10,
728325,健喬統一57購01,0,0,0,---,---,---, ---,,,0.63,10,0.64,10,
728326,擎亞統一51購01,"57,000",2,"60,420",1.06,1.06,1.06,1.06,-,0.02,1.06,10,1.07,10,
728327,昇達科永豐49購01,"52,000",2,"36,920",0.71,0.71,0.71,0.71,-,0.07,0.68,62,0.69,25,
728328,長科*永豐4A購01,"54,000",5,"58,760",1.01,1.14,1.01,1.14,+,0.13,1.14,499,1.15,10,
728329,富宇永豐4A購01,0,0,0,---,---,---, ---,,,0.00,0,0.00,0,
728330,華義永豐4A購01,"10,000",1,"7,100",0.71,0.71,0.71,0.71,-,0.1,0.65,62,0.66,10,
728331,鈊象永豐48購01,0,0,0,---,---,---, ---,,,0.30,499,0.31,10,
728332,群聯永豐48購01,"166,000",1,"48,140",0.29,0.29,0.29,0.29,-,0.06,0.32,499,0.33,10,
728333,達爾膚永豐4A購01,0,0,0,---,---,---, ---,,,0.38,499,0.39,10,
728334,碩禾永豐48購01,"15,000",3,"3,100",0.22,0.22,0.20,0.20,-,0.02,0.22,50,0.23,10,
728335,精剛永豐47購01,0,0,0,---,---,---, ---,,,0.03,62,0.05,10,
728336,磐亞永豐48購01,"300,000",1,"36,000",0.12,0.12,0.12,0.12,-,0.0,0.11,499,0.12,10,
728337,衛司特永豐4A購01,0,0,0,---,---,---, ---,,,0.52,62,0.55,10,
728338,雙鴻永豐49購01,0,0,0,---,---,---, ---,,,0.12,499,0.22,10,
728339,桓達中信49購01,0,0,0,---,---,---, ---,,,0.04,499,0.05,10,
728340,桓達中信4A購01,0,0,0,---,---,---, ---,,,0.01,699,0.02,10,
728341,雙鴻中信49購01,"4,000",1,320,0.08,0.08,0.08,0.08,-,0.01,0.07,10,0.08,10,
728342,大江群益49購01,0,0,0,---,---,---, ---,,,0.56,25,0.57,10,
728343,大綜群益49購02,"203,000",17,"405,760",2.10,2.30,1.83,1.87,-,0.47,0.77,25,5.20,7,
728344,中美晶群益51購01,0,0,0,---,---,---, ---,,,0.29,25,0.30,10,
728345,元債20群益49購02,"431,000",11,"259,360",0.58,0.68,0.58,0.68,+,0.15,0.67,25,0.70,10,
728346,旺矽群益47購06,0,0,0,---,---,---, ---,,,0.01,499,0.11,10,
728347,桓達群益49購01,0,0,0,---,---,---, ---,,,0.01,25,0.03,10,
728348,泰茂富邦4B購01,"602,000",3,"323,110",0.54,0.54,0.53,0.53,-,0.01,0.53,10,0.54,10,
728349,精測富邦4A購01,"1,000",1,640,0.64,0.64,0.64,0.64,+,0.07,0.53,10,0.54,10,
728350,中光電元富48購01,0,0,0,---,---,---, ---,,,0.01,25,0.10,10,
728351,正淩元富47購01,0,0,0,---,---,---, ---,,,0.15,25,0.17,25,
728352,奇鈦科元富4A購01,"25,000",2,"9,900",0.40,0.40,0.38,0.38,+,0.03,0.38,25,0.39,25,
728353,信立元富4A購01,0,0,0,---,---,---, ---,,,2.32,25,2.42,10,
728354,堡達元富4A購01,0,0,0,---,---,---, ---,,,0.26,25,0.27,25,
728355,聚積元富4A購01,0,0,0,---,---,---, ---,,,0.52,25,0.62,25,
728356,艾訊台新47購01,0,0,0,---,---,---, ---,,,0.08,10,0.18,10,
728357,茂綸國泰48購01,0,0,0,---,---,---, ---,,,2.47,499,0.00,0,
728358,群聯國泰48購02,0,0,0,---,---,---, ---,,,0.45,10,0.55,10,
728359,大綜元大47購02,0,0,0,---,---,---, ---,,,0.00,0,0.00,0,
728360,中美晶元大47購02,0,0,0,---,---,---, ---,,,0.03,499,0.13,10,
728361,天品元大47購01,0,0,0,---,---,---, ---,,,0.04,499,0.14,10,
728362,天品元大47購02,"1,009,000",4,"160,930",0.16,0.16,0.11,0.11,-,0.06,0.10,509,0.11,10,
728363,天品元大47購03,"1,202,000",4,"240,310",0.20,0.20,0.17,0.17,-,0.03,0.13,499,0.14,10,
728364,台星科元大47購02,0,0,0,---,---,---, ---,,,0.06,499,0.07,10,
728365,艾訊元大47購01,0,0,0,---,---,---, ---,,,0.02,499,0.12,10,
728366,湧德元大4B購01,0,0,0,---,---,---, ---,,,0.41,499,0.42,10,
728367,新漢元大47購02,0,0,0,---,---,---, ---,,,0.00,0,0.61,1,
728368,廣明元大47購06,0,0,0,---,---,---, ---,,,0.00,0,0.10,10,
728369,廣明元大47購07,0,0,0,---,---,---, ---,,,0.00,0,0.10,10,
728370,廣明元大47購08,0,0,0,---,---,---, ---,,,0.01,499,0.11,10,
728371,中美晶兆豐51購01,0,0,0,---,---,---, ---,,,0.59,10,0.60,10,
728372,宜鼎兆豐51購01,"10,000",1,"17,700",1.77,1.77,1.77,1.77,-,0.07,1.62,10,1.63,10,
728373,昇達科兆豐48購01,"1,000",1,640,0.64,0.64,0.64,0.64,+,0.04,0.54,10,0.55,10,
728374,新漢兆豐49購01,0,0,0,---,---,---, ---,,,1.43,10,1.44,10,
728375,大學光元富51購01,"5,000",1,"9,000",1.80,1.80,1.80,1.80,-,0.05,1.79,25,1.81,25,
728376,百德元富4A購01,0,0,0,---,---,---, ---,,,0.08,25,0.18,25,
728377,系微元富47購01,0,0,0,---,---,---, ---,,,0.01,25,0.10,10,
728378,系微元富47購02,0,0,0,---,---,---, ---,,,0.00,0,0.10,25,
728379,系微元富47購03,0,0,0,---,---,---, ---,,,0.00,0,0.10,25,
728380,系微元富51購01,0,0,0,---,---,---, ---,,,0.23,25,0.24,25,
728381,陽程元富51購01,0,0,0,---,---,---, ---,,,0.41,25,0.51,25,
728382,群聯元富4A購01,0,0,0,---,---,---, ---,,,0.00,0,0.00,0,
728383,群聯元富4A購02,0,0,0,---,---,---, ---,,,0.00,0,0.00,0,
728384,雙鴻元富4A購04,0,0,0,---,---,---, ---,,,0.00,0,0.00,0,
728385,中美晶第一49購01,0,0,0,---,---,---, ---,,,0.19,10,0.20,10,
728386,系微第一47購01,0,0,0,---,---,---, ---,,,0.00,0,0.05,10,
728387,千附精統一51購01,0,0,0,---,---,---, ---,,,0.46,10,0.47,10,
728388,大綜統一51購01,"44,000",5,"39,680",0.92,0.92,0.86,0.86,-,0.06,0.79,10,0.80,10,
728389,中光電統一51購01,0,0,0,---,---,---, ---,,,0.09,10,0.10,10,
728390,中光電統一51購02,0,0,0,---,---,---, ---,,,0.09,10,0.10,10,
728391,中光電統一53購01,0,0,0,---,---,---, ---,,,0.15,10,0.16,10,
728392,中光電統一57購01,0,0,0,---,---,---, ---,,,0.19,10,0.20,10,
728393,系微統一51購01,"100,000",1,"7,000",0.07,0.07,0.07,0.07,-,0.0,0.06,10,0.07,10,
728394,系微統一55購01,0,0,0,---,---,---, ---,,,0.23,10,0.24,10,
728395,系微統一57購01,0,0,0,---,---,---, ---,,,0.24,10,0.25,10,
728396,東洋統一55購01,"5,000",1,"3,850",0.77,0.77,0.77,0.77,+,0.02,0.75,10,0.76,10,
728397,波若威統一4C購02,"381,000",9,"374,030",0.99,1.02,0.94,0.94,-,0.06,0.94,10,0.95,10,
728398,金麗科統一51購01,0,0,0,---,---,---, ---,,,0.43,10,0.44,10,
728399,金麗科統一53購02,0,0,0,---,---,---, ---,,,0.48,10,0.49,10,
728400,長科*統一51購01,0,0,0,---,---,---, ---,,,0.69,10,0.70,10,
728401,前鼎統一51購02,0,0,0,---,---,---, ---,,,0.25,10,0.26,10,
728402,英濟統一55購01,"92,000",11,"57,220",0.64,0.65,0.58,0.59,-,0.01,0.60,10,0.61,10,
728403,英濟統一55購02,"281,000",5,"262,130",0.94,0.95,0.85,0.85,-,0.03,0.90,10,0.91,10,
728404,泰茂統一55購01,0,0,0,---,---,---, ---,,,0.51,10,0.52,10,
728405,新漢統一51購01,"33,000",2,"29,820",0.91,0.91,0.84,0.84,-,0.06,0.88,10,0.89,10,
728406,群聯統一4C購01,"5,000",1,"2,700",0.54,0.54,0.54,0.54,-,0.02,0.54,10,0.55,10,
728407,廣明統一51購02,0,0,0,---,---,---, ---,,,0.31,10,0.32,10,
728408,廣明統一51購03,0,0,0,---,---,---, ---,,,0.29,10,0.30,10,
728409,環球晶統一51購01,"20,000",2,"5,300",0.26,0.27,0.26,0.27,+,0.03,0.26,10,0.27,10,
728410,驊訊統一51購02,"8,000",1,"2,080",0.26,0.26,0.26,0.26,-,0.02,0.21,10,0.22,10,
728411,驊訊統一55購01,0,0,0,---,---,---, ---,,,0.34,10,0.35,10,
728412,大江永豐4A購01,"53,000",1,"45,580",0.86,0.86,0.86,0.86,-,0.01,0.83,499,0.84,10,
728413,太景*永豐4A購01,"1,000",1,470,0.47,0.47,0.47,0.47,+,0.03,0.43,62,0.44,10,
728414,方土霖永豐4A購01,"11,000",2,"14,460",1.32,1.32,1.26,1.26,-,0.05,1.25,499,1.26,10,
728415,系微永豐48購01,0,0,0,---,---,---, ---,,,0.03,62,0.04,10,
728416,亞昕永豐4A購01,0,0,0,---,---,---, ---,,,1.01,62,1.02,10,
728417,波若威永豐51購01,"438,000",26,"1,270,840",2.94,2.97,2.76,2.77,-,0.15,2.76,62,2.77,9,
728418,英濟永豐49購01,"80,000",4,"64,480",0.90,0.90,0.72,0.74,-,0.12,0.30,166,0.90,5,
728419,家碩永豐4A購01,0,0,0,---,---,---, ---,,,0.19,19,0.20,10,
728420,國債20永豐57購01,"665,000",10,"364,050",0.53,0.59,0.53,0.59,+,0.09,0.58,62,0.59,10,
728421,捷流永豐4A購01,0,0,0,---,---,---, ---,,,0.29,62,0.30,62,
728422,新漢永豐48購01,0,0,0,---,---,---, ---,,,0.74,21,0.00,0,
728423,瑞穎永豐4A購01,0,0,0,---,---,---, ---,,,0.38,499,0.40,10,
728424,廣明永豐4A購01,0,0,0,---,---,---, ---,,,0.18,499,0.19,10,
728425,大江凱基49購01,0,0,0,---,---,---, ---,,,0.48,100,0.49,10,
728426,中探針凱基49購01,"40,000",2,"8,200",0.21,0.21,0.20,0.20,-,0.0,0.17,50,0.27,10,
728427,元債20凱基48購04,0,0,0,---,---,---, ---,,,0.18,100,0.19,50,
728428,永信建凱基49購01,0,0,0,---,---,---, ---,,,0.43,100,0.44,10,
728429,先進光凱基47購02,0,0,0,---,---,---, ---,,,0.00,0,0.10,10,
728430,系微凱基47購01,0,0,0,---,---,---, ---,,,0.00,0,0.10,10,
728431,系微凱基47購02,0,0,0,---,---,---, ---,,,0.00,0,0.10,10,
728432,系微凱基47購03,0,0,0,---,---,---, ---,,,0.00,0,0.01,57,
728433,昇達科凱基47購01,0,0,0,---,---,---, ---,,,0.53,30,0.54,10,
728434,長科*凱基49購01,"274,000",7,"235,260",0.85,0.92,0.85,0.91,+,0.04,0.98,100,0.99,10,
728435,英濟凱基49購01,"673,000",20,"867,310",1.31,1.33,1.08,1.08,-,0.01,1.29,10,1.39,10,
728436,新漢凱基49購01,"219,000",15,"365,300",1.73,1.75,1.58,1.59,-,0.17,1.60,30,1.70,10,
728437,群聯凱基48購03,0,0,0,---,---,---, ---,,,0.10,50,0.20,10,
728438,精剛凱基48購01,0,0,0,---,---,---, ---,,,0.14,60,0.15,30,
728439,常珵國泰48購01,0,0,0,---,---,---, ---,,,0.14,350,0.15,100,
728440,天品群益47購01,0,0,0,---,---,---, ---,,,0.04,260,0.22,10,
728441,永捷群益49購01,"5,000",2,"6,800",1.36,1.36,1.36,1.36,-,0.17,0.43,10,0.00,0,
728442,系微群益47購01,0,0,0,---,---,---, ---,,,0.00,0,0.00,0,
728443,系微群益48購01,0,0,0,---,---,---, ---,,,0.01,25,0.03,10,
728444,系微群益48購02,0,0,0,---,---,---, ---,,,0.00,0,0.11,10,
728445,系微群益49購01,0,0,0,---,---,---, ---,,,0.01,998,0.11,10,
728446,松上群益47購01,"390,000",12,"225,260",0.70,0.70,0.52,0.52,-,0.24,0.53,25,0.54,10,
728447,波若威群益47購05,0,0,0,---,---,---, ---,,,0.00,0,1.51,10,
728448,前鼎群益47購01,0,0,0,---,---,---, ---,,,0.00,0,0.00,0,
728449,英濟群益47購01,"351,000",3,"298,360",0.86,0.86,0.79,0.79,+,0.08,0.74,499,0.84,10,
728450,智通*群益47購03,0,0,0,---,---,---, ---,,,0.48,25,0.00,0,
728451,新漢群益48購01,0,0,0,---,---,---, ---,,,0.00,0,0.00,0,
728452,群聯群益49購01,0,0,0,---,---,---, ---,,,0.18,25,0.19,10,
728453,磐亞群益49購01,0,0,0,---,---,---, ---,,,0.46,25,0.47,10,
728454,天品國票49購01,"8,000",1,"4,800",0.60,0.60,0.60,0.60,-,0.07,0.51,25,0.52,10,
728455,天品國票4B購01,"5,000",5,"2,750",0.55,0.55,0.55,0.55,-,0.11,0.52,25,0.53,10,
728456,永捷國票48購01,"175,000",4,"140,350",0.92,0.92,0.77,0.77,-,0.1,0.78,25,0.79,10,
728457,永捷國票4A購01,"20,000",1,"14,800",0.74,0.74,0.74,0.74,-,0.01,0.74,25,0.75,10,
728458,兆利國票48購01,"20,000",1,"1,600",0.08,0.08,0.08,0.08,+,0.01,0.05,25,0.06,10,
728459,系微國票48購01,0,0,0,---,---,---, ---,,,0.01,195,0.00,0,
728460,東洋國票48購01,"360,000",5,"230,500",0.65,0.65,0.64,0.64,+,0.01,0.63,25,0.64,10,
728461,英濟國票48購01,"316,000",15,"300,310",0.93,1.06,0.76,0.82,-,0.11,0.87,25,0.89,10,
728462,泰茂國票4A購01,0,0,0,---,---,---, ---,,,0.94,25,0.95,10,
728463,博智國票47購01,"49,000",5,"25,150",0.55,0.55,0.49,0.49,+,0.02,0.48,25,0.49,10,
728464,博磊國票48購01,0,0,0,---,---,---, ---,,,0.07,25,0.08,10,
728465,博磊國票4A購01,0,0,0,---,---,---, ---,,,0.13,25,0.14,10,
728466,富喬國票48購03,"115,000",15,"303,010",2.41,2.95,2.32,2.32,+,0.07,2.30,25,2.34,10,
728467,鈊象國票48購02,0,0,0,---,---,---, ---,,,0.25,25,0.26,10,
728468,雍智國票48購01,0,0,0,---,---,---, ---,,,0.02,25,0.03,10,
728469,精湛國票48購01,0,0,0,---,---,---, ---,,,0.04,25,0.05,10,
728470,精湛國票4A購01,0,0,0,---,---,---, ---,,,0.11,25,0.12,10,
728471,廣運國票48購01,0,0,0,---,---,---, ---,,,0.03,25,0.00,0,
728472,環球晶國票48購01,"50,000",1,"18,500",0.37,0.37,0.37,0.37,+,0.03,0.37,25,0.38,10,
728473,力致元大47購02,0,0,0,---,---,---, ---,,,0.02,499,0.12,10,
728474,大井元大47購01,0,0,0,---,---,---, ---,,,0.01,499,0.11,10,
728475,光菱元大47購01,0,0,0,---,---,---, ---,,,0.01,499,0.11,10,
728476,艾訊元大47購02,0,0,0,---,---,---, ---,,,0.08,499,0.09,10,
728477,易發元大47購01,0,0,0,---,---,---, ---,,,0.00,0,0.10,10,
728478,信立元大49購01,0,0,0,---,---,---, ---,,,0.00,0,0.00,0,
728479,富喬元大47購02,"101,000",10,"124,880",1.26,1.38,1.16,1.38,+,0.28,1.13,25,0.00,0,
728480,新漢元大47購03,"2,000",1,"3,920",1.96,1.96,1.96,1.96,-,0.15,0.28,35,0.00,0,
728481,新漢元大47購04,0,0,0,---,---,---, ---,,,0.41,24,3.00,2,
728482,新漢元大47購05,"15,000",1,"34,650",2.31,2.31,2.31,2.31,-,0.12,1.16,8,0.00,0,
728483,聖暉*元大4A購01,0,0,0,---,---,---, ---,,,1.15,499,1.25,10,
728484,雍智元大49購01,0,0,0,---,---,---, ---,,,0.12,499,0.13,10,
728485,寬宏元大47購01,0,0,0,---,---,---, ---,,,3.57,25,0.00,0,
728486,廣明元大47購09,0,0,0,---,---,---, ---,,,0.00,0,0.10,10,
728487,廣明元大47購10,0,0,0,---,---,---, ---,,,0.00,0,0.10,10,
728488,廣明元大47購11,0,0,0,---,---,---, ---,,,0.02,499,0.12,10,
728489,叡揚元大47購01,0,0,0,---,---,---, ---,,,0.71,499,0.75,10,
728490,IET國票48購01,"210,000",6,"165,100",0.85,0.85,0.63,0.63,-,0.21,0.65,25,0.66,10,
728491,久昌國票48購01,"2,000",2,440,0.22,0.22,0.22,0.22,-,0.01,0.20,25,0.21,10,
728492,大井國票48購01,0,0,0,---,---,---, ---,,,0.17,25,0.18,10,
728493,大井國票49購01,0,0,0,---,---,---, ---,,,0.14,25,0.15,10,
728494,大井國票4A購01,0,0,0,---,---,---, ---,,,0.23,25,0.24,10,
728495,五福國票48購01,0,0,0,---,---,---, ---,,,0.46,25,0.53,10,
728496,世豐國票48購01,0,0,0,---,---,---, ---,,,0.06,25,0.07,10,
728497,立端國票48購01,0,0,0,---,---,---, ---,,,0.01,25,0.02,10,
728498,光菱國票48購01,0,0,0,---,---,---, ---,,,0.04,25,0.05,10,
728499,宏碁資國票49購01,0,0,0,---,---,---, ---,,,0.26,25,0.27,10,
728500,邦特國票48購01,0,0,0,---,---,---, ---,,,0.19,25,0.21,10,
728501,易發國票48購01,0,0,0,---,---,---, ---,,,0.00,0,0.00,0,
728502,森鉅國票48購01,0,0,0,---,---,---, ---,,,0.22,25,0.23,10,
728503,寬宏國票48購01,0,0,0,---,---,---, ---,,,6.40,25,0.00,0,
728504,鴻呈國票48購01,"3,000",1,270,0.09,0.09,0.09,0.09,-,0.02,0.09,25,0.10,10,
728505,譜瑞國票48購01,0,0,0,---,---,---, ---,,,0.23,25,0.24,10,
728506,茂綸國泰48購02,0,0,0,---,---,---, ---,,,3.63,499,0.00,0,
728507,原相國泰48購02,0,0,0,---,---,---, ---,,,0.43,499,0.53,100,
728508,新漢國泰48購01,0,0,0,---,---,---, ---,,,0.00,0,0.00,0,
728509,雍智國泰48購01,"23,000",1,"2,070",0.09,0.09,0.09,0.09,-,0.01,0.08,499,0.09,100,
728510,雙鴻國泰48購01,0,0,0,---,---,---, ---,,,0.32,10,0.33,10,
728511,千附精統一54購01,"121,000",2,"91,360",0.76,0.76,0.73,0.73,-,0.02,0.72,10,0.73,10,
728512,中光電統一54購02,0,0,0,---,---,---, ---,,,0.15,10,0.16,10,
728513,立端統一51購01,0,0,0,---,---,---, ---,,,0.26,10,0.27,10,
728514,伯特光統一54購01,0,0,0,---,---,---, ---,,,0.38,10,0.39,10,
728515,系微統一53購01,0,0,0,---,---,---, ---,,,0.09,10,0.10,10,
728516,系微統一5C購01,0,0,0,---,---,---, ---,,,0.20,10,0.21,10,
728517,波若威統一51購02,"84,000",3,"77,260",0.90,0.92,0.90,0.92,+,0.01,0.86,10,0.87,10,
728518,金山電統一51購01,0,0,0,---,---,---, ---,,,0.17,10,0.18,10,
728519,金山電統一55購01,0,0,0,---,---,---, ---,,,0.36,10,0.37,10,
728520,金麗科統一5C購02,0,0,0,---,---,---, ---,,,0.62,10,0.63,10,
728521,英濟統一51購01,"51,000",1,"33,150",0.65,0.65,0.65,0.65,+,0.03,0.65,10,0.66,10,
728522,常珵統一51購01,0,0,0,---,---,---, ---,,,0.26,10,0.27,10,
728523,意德士統一55購01,"3,000",1,"1,470",0.49,0.49,0.49,0.49,-,0.0,0.48,10,0.49,10,
728524,群聯統一51購01,"120,000",2,"40,400",0.33,0.35,0.33,0.35,-,0.01,0.34,10,0.35,10,
728525,精材統一51購01,0,0,0,---,---,---, ---,,,0.16,10,0.17,10,
728526,台特化永豐47購01,0,0,0,---,---,---, ---,,,1.86,499,1.89,10,
728527,巨虹永豐48購01,0,0,0,---,---,---, ---,,,0.02,125,0.03,10,
728528,全心永豐47購01,0,0,0,---,---,---, ---,,,0.01,62,0.03,10,
728529,系微永豐4A購01,0,0,0,---,---,---, ---,,,0.08,499,0.09,10,
728530,金山電永豐4A購01,"56,000",1,"10,640",0.19,0.19,0.19,0.19,-,0.02,0.18,62,0.19,62,
728531,智崴永豐47購01,0,0,0,---,---,---, ---,,,0.04,499,0.06,10,
728532,智崴永豐48購01,0,0,0,---,---,---, ---,,,0.07,499,0.09,10,
728533,森鉅永豐4A購01,0,0,0,---,---,---, ---,,,0.30,499,0.31,10,
728534,華宏永豐4A購01,0,0,0,---,---,---, ---,,,0.19,499,0.20,62,
728535,銳澤永豐4A購01,0,0,0,---,---,---, ---,,,0.21,64,0.85,20,
728536,鴻呈永豐47購01,"10,000",1,"1,100",0.11,0.11,0.11,0.11,-,0.03,0.02,10,0.00,0,
728537,大井元富47購01,0,0,0,---,---,---, ---,,,0.03,25,0.10,10,
728538,大井元富4A購01,0,0,0,---,---,---, ---,,,0.14,25,0.16,25,
728539,五福元富47購01,"133,000",8,"126,940",0.99,0.99,0.93,0.95,-,0.13,0.95,25,0.98,25,
728540,五福元富47購02,"70,000",3,"38,100",0.58,0.58,0.53,0.53,-,0.09,0.55,25,0.56,25,
728541,昇達科元富47購01,0,0,0,---,---,---, ---,,,0.72,25,0.73,25,
728542,鈊象元富47購02,0,0,0,---,---,---, ---,,,0.21,25,0.22,25,
728543,意德士元富47購01,0,0,0,---,---,---, ---,,,0.09,11,0.92,3,
728544,新漢元富47購01,0,0,0,---,---,---, ---,,,0.91,10,0.00,0,
728545,雍智元富47購01,0,0,0,---,---,---, ---,,,0.02,25,0.10,10,
728546,鼎天元富47購01,0,0,0,---,---,---, ---,,,0.02,25,0.10,10,
728547,鼎天元富4A購01,0,0,0,---,---,---, ---,,,0.05,25,0.10,10,
728548,久昌富邦48購01,"2,000",2,540,0.27,0.27,0.27,0.27,-,0.01,0.24,30,0.25,10,
728549,中光電富邦49購01,"2,000",1,120,0.06,0.06,0.06,0.06,-,0.01,0.05,30,0.06,10,
728550,智崴富邦49購01,0,0,0,---,---,---, ---,,,0.11,10,0.12,10,
728551,鈊象富邦49購01,0,0,0,---,---,---, ---,,,0.16,10,0.17,10,
728552,群聯富邦49購01,0,0,0,---,---,---, ---,,,0.30,10,0.31,10,
728553,群聯富邦49購02,0,0,0,---,---,---, ---,,,0.20,10,0.21,10,
728554,昇達科中信48購01,"60,000",1,"23,400",0.39,0.39,0.39,0.39,-,0.07,0.37,10,0.38,10,
728555,台特化群益47購01,0,0,0,---,---,---, ---,,,0.01,10,0.00,0,
728556,永信建群益47購02,0,0,0,---,---,---, ---,,,0.11,25,0.12,10,
728557,先進光群益47購01,0,0,0,---,---,---, ---,,,0.00,0,0.00,0,
728558,易發群益47購01,0,0,0,---,---,---, ---,,,0.00,0,0.00,0,
728559,振曜群益49購02,"1,345,000",12,"890,800",0.66,0.68,0.62,0.67,-,0.03,0.67,25,0.68,10,
728560,智崴群益47購01,0,0,0,---,---,---, ---,,,0.01,499,0.11,10,
728561,新漢群益4B購01,"1,000",1,"3,910",3.91,3.91,3.91,3.91,+,0.03,2.30,4,0.00,0,
728562,群聯群益47購02,0,0,0,---,---,---, ---,,,0.01,64,0.44,10,
728563,精剛群益49購01,"25,000",3,"11,850",0.48,0.48,0.46,0.46,-,0.05,0.45,25,0.46,5,
728564,寬宏群益48購01,"3,000",3,"9,180",2.58,3.37,2.58,3.23,+,0.65,3.14,10,3.24,10,
728565,廣明群益47購04,0,0,0,---,---,---, ---,,,0.00,0,0.12,10,
728566,兆利凱基48購02,0,0,0,---,---,---, ---,,,0.16,40,0.17,30,
728567,凌陽創凱基47購01,0,0,0,---,---,---, ---,,,0.08,40,0.09,10,
728568,神盾凱基4A購01,0,0,0,---,---,---, ---,,,0.07,100,0.08,50,
728569,華宏凱基47購01,0,0,0,---,---,---, ---,,,0.03,30,0.13,10,
728570,意德士凱基47購01,0,0,0,---,---,---, ---,,,0.31,20,0.00,0,
728571,意德士凱基49購01,0,0,0,---,---,---, ---,,,1.23,20,1.24,10,
728572,雙鴻凱基47購05,0,0,0,---,---,---, ---,,,0.23,70,0.33,10,
728573,系微台新47購01,0,0,0,---,---,---, ---,,,0.00,0,0.01,10,
728574,中美晶元大47購03,0,0,0,---,---,---, ---,,,0.02,499,0.12,10,
728575,台燿元大47購02,0,0,0,---,---,---, ---,,,0.04,499,0.14,10,
728576,台燿元大47購03,"200,000",1,"50,000",0.25,0.25,0.25,0.25,-,0.11,0.23,499,0.33,10,
728577,先進光元大47購04,0,0,0,---,---,---, ---,,,0.00,0,0.10,10,
728578,艾訊元大47購03,0,0,0,---,---,---, ---,,,0.00,0,0.10,10,
728579,東捷元大47購01,0,0,0,---,---,---, ---,,,0.00,0,0.10,10,
728580,前鼎元大47購01,0,0,0,---,---,---, ---,,,0.02,499,0.12,10,
728581,雍智元大4B購01,0,0,0,---,---,---, ---,,,0.12,499,0.22,10,
728582,精材元大4B購02,0,0,0,---,---,---, ---,,,0.09,499,0.17,2,
728583,緯軟元大47購01,"200,000",4,"18,000",0.09,0.09,0.09,0.09,-,0.0,0.08,499,0.09,10,
728584,穩懋元大47購02,0,0,0,---,---,---, ---,,,0.01,499,0.11,10,
728585,欣銓第一48購01,0,0,0,---,---,---, ---,,,2.61,10,2.71,10,
728586,力旺統一51購01,0,0,0,---,---,---, ---,,,0.39,10,0.40,10,
728587,艾訊統一51購01,0,0,0,---,---,---, ---,,,0.22,10,0.23,10,
728588,均華統一51購01,"120,000",6,"28,840",0.24,0.26,0.24,0.24,-,0.02,0.23,10,0.24,10,
728589,系微統一51購02,"3,000",1,420,0.14,0.14,0.14,0.14,-,0.01,0.13,10,0.14,10,
728590,昇達科統一51購01,0,0,0,---,---,---, ---,,,0.45,10,0.46,10,
728591,金山電統一51購02,0,0,0,---,---,---, ---,,,0.26,10,0.27,10,
728592,英濟統一51購02,"57,000",4,"34,590",0.63,0.66,0.57,0.57,-,0.02,0.64,10,0.65,10,
728593,意德士統一51購01,0,0,0,---,---,---, ---,,,0.47,10,0.48,10,
728594,新漢統一51購02,0,0,0,---,---,---, ---,,,1.08,10,1.09,10,
728595,新漢統一55購01,"210,000",3,"235,400",1.15,1.15,1.12,1.13,-,0.05,1.12,15,1.13,5,
728596,營邦統一51購01,"78,000",2,"30,960",0.42,0.42,0.39,0.39,-,0.05,0.38,20,0.39,10,
728597,立端永豐49購01,0,0,0,---,---,---, ---,,,0.10,62,0.11,10,
728598,艾訊永豐47購01,0,0,0,---,---,---, ---,,,0.01,499,0.03,10,
728599,昇達科永豐4A購01,"7,000",1,"7,210",1.03,1.03,1.03,1.03,-,0.08,0.96,499,0.97,62,
728600,智擎永豐47購01,0,0,0,---,---,---, ---,,,0.15,499,0.16,12,
728601,鈦昇永豐49購01,0,0,0,---,---,---, ---,,,0.57,499,0.58,10,
728602,金山電國票48購01,0,0,0,---,---,---, ---,,,0.10,25,0.11,10,
728603,高端國票48購01,"8,000",1,"12,880",1.61,1.61,1.61,1.61,-,0.28,1.60,25,1.63,10,
728604,智擎國票48購01,0,0,0,---,---,---, ---,,,0.25,25,0.26,10,
728605,新漢國票47購01,0,0,0,---,---,---, ---,,,2.57,25,2.66,10,
728606,新漢國票48購01,"40,000",2,"101,800",2.56,2.56,2.53,2.53,-,0.21,2.33,25,2.35,10,
728607,聖暉*國票48購01,0,0,0,---,---,---, ---,,,0.48,25,0.50,10,
728608,鈊象國泰48購03,0,0,0,---,---,---, ---,,,0.37,10,0.38,10,
728609,力旺凱基47購04,0,0,0,---,---,---, ---,,,0.06,90,0.16,10,
728610,台特化凱基47購01,"475,000",15,"493,070",1.02,1.16,0.90,1.10,+,0.32,0.76,100,1.00,10,
728611,立端凱基48購01,0,0,0,---,---,---, ---,,,0.04,70,0.05,50,
728612,艾訊凱基47購02,0,0,0,---,---,---, ---,,,0.02,20,0.03,10,
728613,新漢凱基47購01,0,0,0,---,---,---, ---,,,2.27,20,2.37,10,
728614,聖暉*凱基47購03,0,0,0,---,---,---, ---,,,0.16,20,0.17,10,
728615,雍智凱基4B購01,0,0,0,---,---,---, ---,,,0.15,80,0.16,50,
728616,廣明凱基47購04,0,0,0,---,---,---, ---,,,0.01,20,0.11,10,
728617,鴻呈凱基48購01,"100,000",2,"10,500",0.12,0.12,0.09,0.09,-,0.02,0.07,20,0.20,20,
728618,力旺台新47購01,0,0,0,---,---,---, ---,,,0.10,20,0.11,10,
728619,立端中信47購01,0,0,0,---,---,---, ---,,,0.00,0,0.10,10,
728620,新漢中信47購01,"1,000",1,"1,110",1.11,1.11,1.11,1.11,-,0.14,1.04,10,1.08,10,
728621,力旺群益47購03,0,0,0,---,---,---, ---,,,0.07,25,0.08,10,
728622,中光電群益49購02,0,0,0,---,---,---, ---,,,0.03,25,0.04,10,
728623,世界群益47購02,0,0,0,---,---,---, ---,,,0.18,25,0.19,10,
728624,立端群益47購01,0,0,0,---,---,---, ---,,,0.01,499,0.11,10,
728625,安碁群益47購01,0,0,0,---,---,---, ---,,,0.13,25,0.16,10,
728626,原相群益47購03,0,0,0,---,---,---, ---,,,0.06,25,0.07,10,
728627,振曜群益49購03,"396,000",9,"326,380",0.82,0.85,0.81,0.85,-,0.01,0.85,25,0.86,10,
728628,神盾群益49購02,0,0,0,---,---,---, ---,,,0.01,499,0.00,0,
728629,鈊象群益47購11,0,0,0,---,---,---, ---,,,0.07,25,0.08,10,
728630,新漢群益4B購02,0,0,0,---,---,---, ---,,,5.25,10,0.00,0,
728631,廣明群益47購05,0,0,0,---,---,---, ---,,,0.07,499,0.17,10,
728632,撼訊群益47購01,0,0,0,---,---,---, ---,,,0.08,10,0.00,0,
728633,聰泰群益49購01,0,0,0,---,---,---, ---,,,0.24,25,0.25,10,
728634,雙鴻群益47購05,0,0,0,---,---,---, ---,,,0.00,0,0.00,0,
728635,新普兆豐48購01,0,0,0,---,---,---, ---,,,0.26,10,0.27,10,
728636,力旺富邦49購02,0,0,0,---,---,---, ---,,,0.05,10,0.10,10,
728637,金麗科富邦49購01,"814,000",21,"284,410",0.33,0.36,0.30,0.33,+,0.02,0.33,45,0.34,10,
728638,力旺元富47購03,"20,000",2,"5,600",0.28,0.28,0.28,0.28,-,0.02,0.28,15,0.29,25,
728639,光菱元富51購01,"6,000",2,"4,690",0.79,0.79,0.74,0.74,-,0.07,0.74,25,0.75,25,
728640,佳邦元富47購01,0,0,0,---,---,---, ---,,,0.01,25,0.10,10,
728641,宜特元富47購01,0,0,0,---,---,---, ---,,,0.12,25,0.20,10,
728642,家登元富48購01,0,0,0,---,---,---, ---,,,0.05,25,0.15,10,
728643,湧德元富47購01,0,0,0,---,---,---, ---,,,0.10,25,0.11,25,
728644,鈊象元富47購03,0,0,0,---,---,---, ---,,,0.24,25,0.27,25,
728645,鈊象元富51購01,0,0,0,---,---,---, ---,,,0.98,25,1.00,25,
728646,璟德元富51購01,"107,000",1,"14,980",0.14,0.14,0.14,0.14,-,0.09,0.13,25,0.14,25,
728647,大綜富邦4A購01,"64,000",4,"55,020",0.88,0.88,0.79,0.79,-,0.15,0.79,30,0.82,10,
728648,弘塑富邦49購01,0,0,0,---,---,---, ---,,,0.15,10,0.16,10,
728649,中美晶元富47購01,0,0,0,---,---,---, ---,,,0.08,25,0.18,10,
728650,台燿元富47購01,"11,000",3,"8,910",0.81,0.81,0.81,0.81,-,0.05,0.73,25,0.75,25,
728651,弘塑元富47購04,0,0,0,---,---,---, ---,,,0.02,10,0.00,0,
728652,波若威元富51購01,"5,000",1,"6,700",1.34,1.34,1.34,1.34,-,0.09,1.31,25,1.32,25,
728653,振曜元富51購01,"92,000",8,"196,910",2.15,2.20,2.13,2.20,+,0.02,2.17,25,2.20,25,
728654,聖暉*元富51購01,"43,000",4,"130,140",3.03,3.05,3.02,3.05,-,0.06,2.97,25,3.02,25,
728655,弘塑統一4C購01,"427,000",17,"123,270",0.28,0.31,0.26,0.26,-,0.02,0.23,10,0.24,10,
728656,艾訊統一51購02,0,0,0,---,---,---, ---,,,0.31,10,0.32,10,
728657,均華統一55購01,"50,000",2,"20,000",0.40,0.40,0.40,0.40,+,0.02,0.40,10,0.41,15,
728658,均華統一55購02,0,0,0,---,---,---, ---,,,0.39,10,0.40,10,
728659,佳邦統一51購01,0,0,0,---,---,---, ---,,,0.35,10,0.36,10,
728660,佳邦統一55購01,0,0,0,---,---,---, ---,,,0.42,10,0.43,10,
728661,昇達科統一51購02,0,0,0,---,---,---, ---,,,0.41,10,0.42,10,
728662,英濟統一54購01,"58,000",5,"33,990",0.58,0.59,0.56,0.56,+,0.01,0.57,10,0.58,10,
728663,神盾統一57購01,0,0,0,---,---,---, ---,,,0.23,10,0.24,10,
728664,僑威統一51購01,0,0,0,---,---,---, ---,,,0.65,10,0.66,10,
728665,僑威統一53購01,0,0,0,---,---,---, ---,,,0.70,10,0.71,10,
728666,僑威統一55購01,"1,000",1,640,0.64,0.64,0.64,0.64,-,0.01,0.64,10,0.65,10,
728667,僑威統一55購02,0,0,0,---,---,---, ---,,,0.54,10,0.55,10,
728668,驊訊統一51購03,0,0,0,---,---,---, ---,,,0.27,10,0.28,10,
728669,弘塑永豐49購01,"80,000",3,"20,100",0.27,0.27,0.24,0.24,-,0.06,0.24,60,0.00,0,
728670,立端永豐48購01,0,0,0,---,---,---, ---,,,0.01,499,0.03,10,
728671,艾訊永豐48購01,0,0,0,---,---,---, ---,,,0.02,499,0.03,10,
728672,泰茂永豐51購01,"3,000",1,"1,710",0.57,0.57,0.57,0.57,-,0.02,0.57,62,0.58,10,
728673,智擎永豐47購02,0,0,0,---,---,---, ---,,,0.03,499,0.06,10,
728674,雍智永豐48購01,0,0,0,---,---,---, ---,,,0.04,50,0.05,10,
728675,驊訊永豐47購02,0,0,0,---,---,---, ---,,,0.00,0,0.03,10,
728676,中光電凱基49購01,0,0,0,---,---,---, ---,,,0.04,100,0.14,10,
728677,中美晶凱基47購03,0,0,0,---,---,---, ---,,,0.21,100,0.22,10,
728678,弘塑凱基47購02,0,0,0,---,---,---, ---,,,0.00,0,0.00,0,
728679,立端凱基48購02,0,0,0,---,---,---, ---,,,0.03,70,0.04,50,
728680,艾訊凱基47購03,0,0,0,---,---,---, ---,,,0.01,20,0.02,50,
728681,金山電凱基47購01,0,0,0,---,---,---, ---,,,0.07,10,0.17,10,
728682,前鼎凱基47購01,0,0,0,---,---,---, ---,,,0.09,70,0.19,10,
728683,廣明凱基47購05,0,0,0,---,---,---, ---,,,0.02,20,0.03,50,
728684,均華中信47購01,"130,000",2,"2,600",0.02,0.02,0.02,0.02,+,0.01,0.02,60,0.05,30,
728685,健椿中信47購01,0,0,0,---,---,---, ---,,,0.00,0,0.02,10,
728686,IET群益49購01,"124,000",9,"149,510",1.19,1.24,1.05,1.05,-,0.1,0.62,16,0.00,0,
728687,力致群益48購01,0,0,0,---,---,---, ---,,,0.05,25,0.06,10,
728688,弘塑群益47購02,0,0,0,---,---,---, ---,,,0.12,499,0.21,2,
728689,光菱群益47購01,0,0,0,---,---,---, ---,,,0.03,25,0.05,10,
728690,光菱群益47購02,0,0,0,---,---,---, ---,,,0.02,25,0.04,10,
728691,艾訊群益4B購01,0,0,0,---,---,---, ---,,,0.16,25,0.17,10,
728692,欣銓群益48購01,"4,000",3,"7,080",1.93,1.93,1.71,1.71,-,0.23,1.69,100,1.70,100,
728693,英濟群益49購01,"172,000",5,"109,540",0.64,0.64,0.60,0.62,+,0.06,0.27,37,0.60,10,
728694,能率群益51購01,0,0,0,---,---,---, ---,,,0.72,25,0.73,10,
728695,高鋒群益48購02,"29,000",1,"24,650",0.85,0.85,0.85,0.85,-,0.01,0.37,27,0.00,0,
728696,聖暉*群益47購01,0,0,0,---,---,---, ---,,,0.45,25,0.46,10,
728697,廣明群益47購06,0,0,0,---,---,---, ---,,,0.05,499,0.15,10,
728698,鴻呈群益48購01,"14,000",2,"3,460",0.25,0.25,0.24,0.24,-,0.02,0.08,10,0.00,0,
728699,弘塑國票48購02,0,0,0,---,---,---, ---,,,0.17,25,0.18,10,
728700,艾訊國票48購02,0,0,0,---,---,---, ---,,,0.15,25,0.16,10,
728701,宏捷科國票49購02,0,0,0,---,---,---, ---,,,0.23,25,0.24,10,
728702,旺矽國票48購02,"454,000",7,"222,510",0.49,0.51,0.47,0.49,-,0.05,0.47,25,0.48,10,
728703,大綜元大47購03,"36,000",5,"28,640",0.90,0.90,0.74,0.77,-,0.24,0.02,499,0.00,0,
728704,台特化元大47購01,"94,000",4,"127,080",1.48,1.48,1.32,1.32,+,0.15,1.26,499,1.29,10,
728705,台燿元大47購04,0,0,0,---,---,---, ---,,,0.11,499,0.21,10,
728706,台燿元大49購03,0,0,0,---,---,---, ---,,,0.22,499,0.23,10,
728707,弘塑元大47購02,0,0,0,---,---,---, ---,,,0.00,0,0.00,0,
728708,弘塑元大47購03,0,0,0,---,---,---, ---,,,0.00,0,0.00,0,
728709,弘塑元大4A購01,0,0,0,---,---,---, ---,,,0.00,0,0.00,0,
728710,英濟元大4A購01,"202,000",8,"107,680",0.59,0.59,0.48,0.48,-,0.22,0.33,30,0.85,2,
728711,泰茂元大47購02,"100,000",2,"27,000",0.27,0.27,0.27,0.27,-,0.03,0.27,499,0.29,10,
728712,高鋒元大47購01,"1,000",1,400,0.40,0.40,0.40,0.40,-,0.03,0.03,333,0.83,2,
728713,富喬元大47購03,"50,000",3,"49,600",1.03,1.03,0.95,0.95,+,0.26,0.73,25,0.83,10,
728714,聰泰元大4A購01,"1,000",1,220,0.22,0.22,0.22,0.22,-,0.03,0.22,499,0.23,10,
728715,能率台新47購01,0,0,0,---,---,---, ---,,,0.29,20,0.30,10,
728716,世禾富邦48購01,"35,000",2,"9,260",0.26,0.28,0.26,0.28,-,0.01,0.23,30,0.24,10,
728717,立端富邦48購01,0,0,0,---,---,---, ---,,,0.05,30,0.06,10,
728718,驊訊富邦49購01,0,0,0,---,---,---, ---,,,0.34,10,0.35,10,
728719,立端元富47購01,0,0,0,---,---,---, ---,,,0.01,25,0.11,10,
728720,立端元富51購01,0,0,0,---,---,---, ---,,,0.50,25,0.51,25,
728721,佳邦元富47購02,0,0,0,---,---,---, ---,,,0.04,25,0.10,10,
728722,佳邦元富47購03,0,0,0,---,---,---, ---,,,0.01,25,0.10,10,
728723,昇達科元富47購02,0,0,0,---,---,---, ---,,,0.08,25,0.10,10,
728724,元債20元大4A購02,0,0,0,---,---,---, ---,,,0.14,100,0.00,0,
728725,元債20元大4B購02,0,0,0,---,---,---, ---,,,0.36,100,1.00,50,
728726,元債20元大4C購02,"20,000",1,"5,400",0.27,0.27,0.27,0.27,+,0.05,0.28,100,0.29,50,
728727,台燿元大47購05,0,0,0,---,---,---, ---,,,0.07,499,0.17,10,
728728,台燿元大49購04,"487,000",6,"202,900",0.41,0.43,0.40,0.40,-,0.04,0.38,499,0.39,10,
728729,弘塑元大47購04,0,0,0,---,---,---, ---,,,0.01,499,0.11,10,
728730,弘塑元大47購05,0,0,0,---,---,---, ---,,,0.00,0,0.00,0,
728731,弘塑元大4A購02,0,0,0,---,---,---, ---,,,0.00,0,0.00,0,
728732,立端元大47購01,0,0,0,---,---,---, ---,,,0.02,499,0.12,10,
728733,立端元大47購02,0,0,0,---,---,---, ---,,,0.04,499,0.14,10,
728734,艾訊元大47購04,0,0,0,---,---,---, ---,,,0.00,0,0.10,10,
728735,艾訊元大47購05,0,0,0,---,---,---, ---,,,0.00,0,0.10,10,
728736,艾訊元大47購06,0,0,0,---,---,---, ---,,,0.00,0,0.10,10,
728737,系微元大47購01,0,0,0,---,---,---, ---,,,0.00,0,0.10,10,
728738,英濟元大47購01,"447,000",13,"60,510",0.19,0.20,0.12,0.14,-,0.0,0.00,0,0.00,0,
728739,振曜元大47購01,"72,000",1,"24,480",0.34,0.34,0.34,0.34,-,0.0,0.33,499,0.35,10,
728740,智擎元大47購01,0,0,0,---,---,---, ---,,,0.18,499,0.19,10,
728741,廣運元大47購04,0,0,0,---,---,---, ---,,,0.00,0,0.10,10,
728742,穩懋元大47購03,0,0,0,---,---,---, ---,,,0.00,0,0.10,10,
728743,驊訊元大47購01,0,0,0,---,---,---, ---,,,0.00,0,0.10,10,
728744,大綜凱基47購01,0,0,0,---,---,---, ---,,,1.57,100,1.58,10,
728745,台燿凱基47購03,0,0,0,---,---,---, ---,,,0.32,100,0.33,10,
728746,弘塑凱基48購01,"320,000",1,"41,600",0.13,0.13,0.13,0.13,-,0.04,0.03,10,0.00,0,
728747,弘塑凱基4B購01,0,0,0,---,---,---, ---,,,0.04,74,0.00,0,
728748,均豪凱基47購01,0,0,0,---,---,---, ---,,,0.04,100,0.05,50,
728749,宏捷科凱基49購01,0,0,0,---,---,---, ---,,,0.05,10,0.06,50,
728750,宏碁資凱基48購01,0,0,0,---,---,---, ---,,,0.29,40,0.30,30,
728751,旺矽凱基47購04,0,0,0,---,---,---, ---,,,0.03,100,0.04,50,
728752,台特化統一51購01,"900,000",19,"690,750",0.76,0.80,0.73,0.73,+,0.01,0.70,10,0.71,10,
728753,台特化統一55購01,"81,000",6,"63,490",0.78,0.81,0.77,0.77,+,0.02,0.74,10,0.75,10,
728754,弘塑統一51購01,"1,000",1,280,0.28,0.28,0.28,0.28,-,0.0,0.22,10,0.23,10,
728755,立端統一57購01,0,0,0,---,---,---, ---,,,0.28,10,0.29,10,
728756,艾訊統一51購03,0,0,0,---,---,---, ---,,,0.17,10,0.18,10,
728757,艾訊統一51購04,0,0,0,---,---,---, ---,,,0.17,10,0.18,10,
728758,艾訊統一55購01,0,0,0,---,---,---, ---,,,0.25,10,0.26,10,
728759,均華統一51購02,"10,000",1,"2,500",0.25,0.25,0.25,0.25,+,0.04,0.24,10,0.25,10,
728760,均豪統一4C購01,"82,000",4,"18,960",0.23,0.25,0.22,0.22,-,0.0,0.22,10,0.23,10,
728761,均豪統一51購01,0,0,0,---,---,---, ---,,,0.16,10,0.17,10,
728762,均豪統一51購02,0,0,0,---,---,---, ---,,,0.19,10,0.20,10,
728763,均豪統一51購03,0,0,0,---,---,---, ---,,,0.16,10,0.17,10,
728764,均豪統一55購01,0,0,0,---,---,---, ---,,,0.18,10,0.19,10,
728765,均豪統一55購02,"15,000",2,"7,570",0.51,0.51,0.47,0.47,-,0.0,0.48,10,0.49,10,
728766,均豪統一57購01,0,0,0,---,---,---, ---,,,0.32,10,0.33,10,
728767,均豪統一59購01,0,0,0,---,---,---, ---,,,0.29,10,0.30,10,
728768,均豪統一59購02,"10,000",2,"2,550",0.26,0.26,0.25,0.25,+,0.01,0.24,10,0.25,10,
728769,佳邦統一51購02,0,0,0,---,---,---, ---,,,0.27,10,0.28,10,
728770,湧德統一51購01,0,0,0,---,---,---, ---,,,0.48,10,0.49,10,
728771,群翊統一53購02,0,0,0,---,---,---, ---,,,0.38,10,0.39,10,
728772,僑威統一51購02,0,0,0,---,---,---, ---,,,0.66,10,0.67,10,
728773,僑威統一51購03,0,0,0,---,---,---, ---,,,0.54,10,0.55,10,
728774,僑威統一57購01,0,0,0,---,---,---, ---,,,0.61,10,0.62,10,
728775,漢科統一51購01,0,0,0,---,---,---, ---,,,0.34,10,0.35,10,
728776,精材統一51購02,0,0,0,---,---,---, ---,,,0.13,10,0.14,10,
728777,精測統一51購01,"19,000",4,"9,360",0.54,0.54,0.49,0.49,-,0.01,0.48,10,0.49,10,
728778,磐儀統一51購01,0,0,0,---,---,---, ---,,,0.25,10,0.26,10,
728779,雙鴻統一4C購03,0,0,0,---,---,---, ---,,,0.36,10,0.37,10,
728780,驊訊統一51購04,0,0,0,---,---,---, ---,,,0.19,10,0.20,10,
728781,驊訊統一53購01,0,0,0,---,---,---, ---,,,0.26,10,0.27,10,
728782,大綜永豐48購02,0,0,0,---,---,---, ---,,,0.89,499,0.91,10,
728783,佳邦永豐47購01,"50,000",1,"4,500",0.09,0.09,0.09,0.09,-,0.07,0.10,499,0.15,10,
728784,旺矽永豐47購03,0,0,0,---,---,---, ---,,,0.05,499,0.06,10,
728785,昇達科永豐51購01,0,0,0,---,---,---, ---,,,0.38,499,0.39,62,
728786,長聖永豐47購01,0,0,0,---,---,---, ---,,,0.08,499,0.11,10,
728787,前鼎永豐4A購02,0,0,0,---,---,---, ---,,,0.37,499,0.38,12,
728788,凌陽創永豐47購01,0,0,0,---,---,---, ---,,,0.07,499,0.08,10,
728789,聖暉*永豐47購01,"78,000",7,"78,630",0.95,1.03,0.95,1.02,-,0.14,0.95,499,0.99,12,
728790,元債20國票48購03,0,0,0,---,---,---, ---,,,0.62,25,0.63,10,
728791,弘塑國票48購04,0,0,0,---,---,---, ---,,,0.06,25,0.07,10,
728792,良維國票48購01,"2,000",2,"4,160",2.11,2.11,2.05,2.05,-,0.01,2.16,25,2.25,10,
728793,旺矽國票48購03,"80,000",2,"12,500",0.16,0.16,0.15,0.15,-,0.06,0.15,25,0.16,10,
728794,泰茂國票49購01,"16,000",1,"9,120",0.57,0.57,0.57,0.57,-,0.07,0.58,25,0.59,10,
728795,神準國票48購01,"20,000",2,"10,200",0.53,0.53,0.49,0.49,-,0.1,0.48,25,0.49,10,
728796,國債20國票48購02,"150,000",6,"58,020",0.37,0.43,0.37,0.43,+,0.11,0.43,25,0.44,10,
728797,國債20國票49購03,0,0,0,---,---,---, ---,,,0.22,25,0.23,10,
728798,廣運國票48購02,0,0,0,---,---,---, ---,,,0.09,25,0.10,10,
728799,艾訊國泰48購01,0,0,0,---,---,---, ---,,,0.26,499,0.28,100,
728800,艾訊國泰48購02,0,0,0,---,---,---, ---,,,0.19,499,0.20,100,
728801,佳邦國泰48購01,0,0,0,---,---,---, ---,,,0.52,499,0.53,100,
728802,系統電中信49購01,"11,000",1,"2,090",0.19,0.19,0.19,0.19,-,0.04,0.19,499,0.20,10,
728803,旺矽中信47購03,0,0,0,---,---,---, ---,,,0.00,0,0.05,53,
728804,大井群益49購01,0,0,0,---,---,---, ---,,,0.11,25,0.12,10,
728805,大宇資群益47購01,0,0,0,---,---,---, ---,,,0.15,25,0.16,10,
728806,中美晶群益48購04,0,0,0,---,---,---, ---,,,0.20,100,0.21,100,
728807,元太群益47購03,0,0,0,---,---,---, ---,,,0.03,499,0.13,10,
728808,元債20群益49購03,"21,000",1,"6,930",0.33,0.33,0.33,0.33,+,0.03,0.36,25,0.37,10,
728809,弘塑群益47購03,0,0,0,---,---,---, ---,,,0.00,0,0.00,0,
728810,均華群益47購01,0,0,0,---,---,---, ---,,,0.03,499,0.13,10,
728811,旺矽群益49購01,0,0,0,---,---,---, ---,,,0.00,0,0.00,0,
728812,昇達科群益4A購01,0,0,0,---,---,---, ---,,,0.48,100,0.49,100,
728813,茂達群益48購01,0,0,0,---,---,---, ---,,,0.20,25,0.21,10,
728814,國債20群益4B購02,"21,000",4,"24,040",1.10,1.19,1.10,1.19,+,0.2,1.17,25,1.18,10,
728815,聖暉*群益47購02,0,0,0,---,---,---, ---,,,0.12,25,0.13,10,
728816,雍智群益4B購01,0,0,0,---,---,---, ---,,,0.16,25,0.17,10,
728817,廣明群益47購07,0,0,0,---,---,---, ---,,,0.03,25,0.04,10,
728818,廣積群益48購01,0,0,0,---,---,---, ---,,,0.14,25,0.15,10,
728819,雙鴻群益47購06,0,0,0,---,---,---, ---,,,0.01,30,0.00,0,
728820,弘塑台新47購01,0,0,0,---,---,---, ---,,,0.05,20,0.06,10,
728821,艾訊台新47購02,0,0,0,---,---,---, ---,,,0.01,20,0.02,10,
728822,旺矽台新47購01,0,0,0,---,---,---, ---,,,0.03,10,0.13,10,
728823,中美晶元大47購04,0,0,0,---,---,---, ---,,,0.00,0,0.10,10,
728824,加百裕元大47購01,0,0,0,---,---,---, ---,,,0.11,499,0.12,10,
728825,加百裕元大47購02,0,0,0,---,---,---, ---,,,0.16,499,0.17,10,
728826,加百裕元大47購03,0,0,0,---,---,---, ---,,,0.26,499,0.27,10,
728827,佳邦元大47購01,0,0,0,---,---,---, ---,,,0.00,0,0.10,10,
728828,胡連元大47購02,0,0,0,---,---,---, ---,,,0.00,0,0.10,10,
728829,英濟元大47購02,"425,000",16,"446,370",1.16,1.16,0.88,0.88,-,0.17,1.15,1,0.00,0,
728830,健椿元大47購01,0,0,0,---,---,---, ---,,,0.02,499,0.12,10,
728831,群聯元大4B購02,0,0,0,---,---,---, ---,,,0.76,499,0.86,10,
728832,聖暉*元大48購01,0,0,0,---,---,---, ---,,,0.58,499,0.61,10,
728833,聖暉*元大49購01,0,0,0,---,---,---, ---,,,0.85,499,0.88,10,
728834,聖暉*元大51購01,"72,000",2,"68,460",0.96,0.96,0.93,0.93,-,0.06,0.95,5,0.96,10,
728835,僑威元大47購01,"6,000",1,"1,080",0.18,0.18,0.18,0.18,-,0.02,0.16,499,0.17,10,
728836,廣運元大47購05,0,0,0,---,---,---, ---,,,0.00,0,0.10,10,
728837,廣運元大47購06,0,0,0,---,---,---, ---,,,0.01,499,0.11,10,
728838,廣運元大47購07,0,0,0,---,---,---, ---,,,0.02,499,0.12,10,
728839,友威科國票49購01,0,0,0,---,---,---, ---,,,0.22,25,0.23,10,
728840,加百裕國票47購01,0,0,0,---,---,---, ---,,,0.37,25,0.38,10,
728841,加百裕國票48購01,"155,000",2,"49,100",0.32,0.32,0.31,0.31,-,0.08,0.37,25,0.38,10,
728842,加百裕國票49購01,"37,000",3,"16,710",0.42,0.47,0.42,0.47,-,0.04,0.49,25,0.50,10,
728843,良維國票48購02,"247,000",6,"874,040",3.48,3.59,3.48,3.59,+,0.13,3.59,25,3.69,10,
728844,僑威國票48購01,"122,000",5,"67,380",0.57,0.57,0.54,0.55,-,0.05,0.54,25,0.55,10,
728845,廣明國票49購01,0,0,0,---,---,---, ---,,,0.25,25,0.26,10,
728846,雙鴻國票48購01,0,0,0,---,---,---, ---,,,0.41,25,0.43,10,
728847,瀧澤科國票48購01,0,0,0,---,---,---, ---,,,0.10,25,0.11,10,
728848,台特化統一51購02,"1,000",1,620,0.62,0.62,0.62,0.62,-,0.01,0.60,10,0.61,10,
728849,弘塑統一51購02,"107,000",3,"33,580",0.33,0.33,0.30,0.30,-,0.03,0.27,10,0.28,10,
728850,旺矽統一51購01,"12,000",1,"3,000",0.25,0.25,0.25,0.25,-,0.03,0.25,10,0.26,10,
728851,健椿統一51購01,0,0,0,---,---,---, ---,,,0.25,10,0.26,10,
728852,健椿統一53購01,0,0,0,---,---,---, ---,,,0.22,10,0.23,10,
728853,湧德統一57購01,0,0,0,---,---,---, ---,,,0.48,10,0.49,10,
728854,閎康統一51購01,"10,000",1,600,0.06,0.06,0.06,0.06,-,0.01,0.06,20,0.17,13,
728855,僑威統一51購04,0,0,0,---,---,---, ---,,,0.54,10,0.55,10,
728856,漢科統一51購02,0,0,0,---,---,---, ---,,,0.25,10,0.26,10,
728857,廣運統一4C購01,0,0,0,---,---,---, ---,,,0.11,10,0.12,10,
728858,台燿永豐47購03,"29,000",1,"25,810",0.89,0.89,0.89,0.89,-,0.07,0.76,499,0.86,10,
728859,亞泰永豐47購01,0,0,0,---,---,---, ---,,,0.03,499,0.04,10,
728860,泰茂永豐54購01,0,0,0,---,---,---, ---,,,1.55,62,1.56,10,
728861,僑威永豐51購01,"20,000",2,"26,500",1.33,1.33,1.32,1.32,-,0.09,1.30,62,1.31,62,
728862,廣運永豐4A購01,0,0,0,---,---,---, ---,,,0.21,499,0.22,62,
728863,加百裕元富47購01,0,0,0,---,---,---, ---,,,0.26,25,0.27,25,
728864,加百裕元富47購02,0,0,0,---,---,---, ---,,,0.14,25,0.15,25,
728865,旺矽元富51購01,0,0,0,---,---,---, ---,,,0.27,25,0.28,25,
728866,旺矽元富51購02,0,0,0,---,---,---, ---,,,0.25,25,0.26,25,
728867,廣運元富47購01,0,0,0,---,---,---, ---,,,0.12,25,0.13,25,
728868,光頡兆豐51購01,0,0,0,---,---,---, ---,,,0.59,10,0.60,10,
728869,系微兆豐51購01,"8,000",2,"1,800",0.23,0.23,0.22,0.22,-,0.02,0.22,10,0.23,10,
728870,旺矽兆豐47購01,0,0,0,---,---,---, ---,,,0.05,10,0.06,10,
728871,神準兆豐51購01,"170,000",3,"146,400",0.88,0.88,0.86,0.86,-,0.12,0.84,10,0.85,10,
728872,佳邦富邦48購01,0,0,0,---,---,---, ---,,,0.08,30,0.09,10,
728873,廣明富邦4A購01,0,0,0,---,---,---, ---,,,0.30,10,0.31,10,
728874,雙鴻富邦49購01,"20,000",2,"5,300",0.27,0.27,0.26,0.26,-,0.02,0.26,10,0.27,10,
728875,元債20國泰48購01,0,0,0,---,---,---, ---,,,0.04,499,0.00,0,
728876,智擎國泰48購01,0,0,0,---,---,---, ---,,,0.54,499,0.64,100,
728877,聰泰國泰48購01,0,0,0,---,---,---, ---,,,0.21,499,0.22,100,
728878,台特化中信47購02,"371,000",17,"125,840",0.35,0.38,0.30,0.30,-,0.0,0.28,10,0.29,10,
728879,弘塑群益47購05,0,0,0,---,---,---, ---,,,0.00,0,0.00,0,
728880,旺矽群益48購02,0,0,0,---,---,---, ---,,,0.00,0,0.00,0,
728881,元太凱基47購02,0,0,0,---,---,---, ---,,,0.01,40,0.11,10,
728882,元債20凱基4B購01,"24,000",3,"21,100",0.87,0.88,0.87,0.88,+,0.05,0.96,100,0.97,50,
728883,艾訊凱基47購04,0,0,0,---,---,---, ---,,,0.04,30,0.14,10,
728884,均華凱基47購01,0,0,0,---,---,---, ---,,,0.06,100,0.16,10,
728885,茂達凱基48購01,0,0,0,---,---,---, ---,,,0.22,100,0.32,10,
728886,國債20凱基4A購01,"172,000",5,"58,270",0.33,0.36,0.33,0.36,+,0.1,0.35,100,0.36,50,
728887,聖暉*凱基4A購01,"14,000",4,"14,590",1.06,1.06,1.03,1.04,-,0.03,1.03,80,1.04,10,
728888,雍智凱基4B購02,0,0,0,---,---,---, ---,,,0.13,60,0.14,50,
728889,僑威凱基47購02,0,0,0,---,---,---, ---,,,0.13,40,0.14,37,
728890,精測凱基47購01,"850,000",2,"505,000",0.58,0.61,0.58,0.61,+,0.1,0.47,30,0.48,30,
728891,廣運凱基48購01,0,0,0,---,---,---, ---,,,0.06,100,0.07,50,
728892,廣積凱基48購01,0,0,0,---,---,---, ---,,,0.20,10,0.30,10,
728893,穩懋凱基47購02,0,0,0,---,---,---, ---,,,0.04,100,0.14,10,
728894,旺矽台新47購02,0,0,0,---,---,---, ---,,,0.14,20,0.15,10,
728895,IET元大47購01,0,0,0,---,---,---, ---,,,0.00,0,1.69,1,
728896,大宇資元大47購01,0,0,0,---,---,---, ---,,,0.20,499,0.30,10,
728897,世界元大47購02,0,0,0,---,---,---, ---,,,0.01,499,0.11,10,
728898,加百裕元大47購04,0,0,0,---,---,---, ---,,,0.05,499,0.06,10,
728899,加百裕元大47購05,0,0,0,---,---,---, ---,,,0.10,499,0.11,10,
728900,加百裕元大47購06,"580,000",7,"111,000",0.19,0.20,0.19,0.20,-,0.02,0.21,499,0.22,10,
728901,立端元大47購03,0,0,0,---,---,---, ---,,,0.03,499,0.13,10,
728902,立端元大47購04,0,0,0,---,---,---, ---,,,0.11,499,0.12,10,
728903,系微元大47購02,0,0,0,---,---,---, ---,,,0.00,0,0.10,10,
728904,系微元大47購03,0,0,0,---,---,---, ---,,,0.00,0,0.10,10,
728905,系微元大47購04,0,0,0,---,---,---, ---,,,0.00,0,0.10,10,
728906,欣銓元大47購01,"78,000",6,"159,900",2.05,2.05,2.05,2.05,-,0.04,1.79,350,1.80,10,
728907,金居元大47購01,0,0,0,---,---,---, ---,,,0.43,499,0.53,10,
728908,胡連元大47購03,0,0,0,---,---,---, ---,,,0.00,0,0.10,10,
728909,振曜元大47購02,0,0,0,---,---,---, ---,,,0.20,499,0.30,10,
728910,智擎元大47購02,"200,000",1,"54,000",0.27,0.27,0.27,0.27,-,0.01,0.27,499,0.28,10,
728911,湧德元大4A購01,"10,000",1,"5,200",0.52,0.52,0.52,0.52,-,0.03,0.51,499,0.52,10,
728912,群聯元大4B購03,0,0,0,---,---,---, ---,,,1.02,499,1.12,10,
728913,廣運元大47購08,0,0,0,---,---,---, ---,,,0.00,0,0.10,10,
728914,廣運元大47購09,0,0,0,---,---,---, ---,,,0.02,499,0.12,10,
728915,廣運元大47購10,0,0,0,---,---,---, ---,,,0.03,499,0.13,10,
728916,錦明元大47購01,0,0,0,---,---,---, ---,,,0.05,499,0.08,10,
728917,艾訊富邦49購01,0,0,0,---,---,---, ---,,,0.13,30,0.14,10,
728918,艾訊富邦4B購01,0,0,0,---,---,---, ---,,,0.16,30,0.17,10,
728919,神準富邦4A購01,"143,000",3,"60,360",0.43,0.43,0.42,0.42,-,0.06,0.40,30,0.41,10,
728920,元債20元富61購01,"617,000",21,"969,000",1.51,1.62,1.51,1.60,+,0.19,1.61,25,1.62,25,
728921,台特化元富4A購01,"20,000",1,"20,600",1.03,1.03,1.03,1.03,+,0.08,0.94,25,1.04,25,
728922,伯特光元富51購01,0,0,0,---,---,---, ---,,,0.38,25,0.39,25,
728923,精材元富47購02,0,0,0,---,---,---, ---,,,0.01,25,0.10,10,
728924,聰泰元富48購01,0,0,0,---,---,---, ---,,,0.11,25,0.21,10,
728925,元債20群益47購05,0,0,0,---,---,---, ---,,,0.00,0,0.00,0,
728926,加百裕群益51購01,"200,000",2,"72,000",0.36,0.36,0.36,0.36,+,0.03,0.16,1,0.00,0,
728927,台特化群益48購01,"75,000",5,"92,750",1.27,1.27,1.21,1.21,+,0.01,1.17,25,1.19,10,
728928,台燿群益47購05,"98,000",2,"41,940",0.42,0.43,0.42,0.43,-,0.04,0.42,100,0.43,100,
728929,弘塑群益47購06,0,0,0,---,---,---, ---,,,0.00,0,0.00,0,
728930,宏觀群益49購01,0,0,0,---,---,---, ---,,,0.13,499,0.23,10,
728931,系統電群益47購02,0,0,0,---,---,---, ---,,,0.22,499,0.33,10,
728932,旺矽群益4A購01,0,0,0,---,---,---, ---,,,0.18,100,0.19,100,
728933,東捷群益47購01,0,0,0,---,---,---, ---,,,0.01,499,0.11,10,
728934,長聖群益48購01,0,0,0,---,---,---, ---,,,0.30,25,0.31,10,
728935,博智群益47購01,0,0,0,---,---,---, ---,,,0.00,0,0.00,0,
728936,智擎群益47購02,0,0,0,---,---,---, ---,,,0.53,25,0.54,10,
728937,閎康群益47購01,0,0,0,---,---,---, ---,,,0.00,0,0.00,0,
728938,雍智群益51購01,"80,000",2,"17,900",0.23,0.23,0.22,0.22,-,0.01,0.21,25,0.22,10,
728939,僑威群益47購01,0,0,0,---,---,---, ---,,,0.70,499,0.80,10,
728940,僑威群益48購02,0,0,0,---,---,---, ---,,,0.00,0,0.00,0,
728941,僑威群益4B購01,"2,000",1,"1,520",0.76,0.76,0.76,0.76,-,0.03,0.73,25,0.74,10,
728942,廣運群益47購05,0,0,0,---,---,---, ---,,,0.05,25,0.06,10,
728943,廣運群益48購01,0,0,0,---,---,---, ---,,,0.22,25,0.23,10,
728944,錦明群益47購01,0,0,0,---,---,---, ---,,,0.00,0,0.12,10,
728945,驊訊群益47購01,0,0,0,---,---,---, ---,,,0.00,0,0.00,0,
728946,驊訊群益47購02,"16,000",2,420,0.03,0.03,0.02,0.02,-,0.04,0.01,16,0.00,0,
728947,加百裕國票4B購01,"12,000",3,"9,080",0.73,0.78,0.73,0.78,-,0.02,0.77,25,0.78,10,
728948,加百裕國票51購01,"16,000",3,"13,260",0.83,0.84,0.82,0.82,-,0.08,0.89,25,0.90,10,
728949,台特化國票48購01,"62,000",5,"54,720",0.98,0.98,0.79,0.84,+,0.05,0.77,25,0.78,10,
728950,系微國票48購03,0,0,0,---,---,---, ---,,,0.01,25,0.02,10,
728951,東友國票48購01,0,0,0,---,---,---, ---,,,0.17,25,0.18,10,
728952,欣銓國票48購01,0,0,0,---,---,---, ---,,,4.44,25,4.51,10,
728953,高端國票48購02,"392,000",16,"380,450",1.03,1.03,0.93,0.95,-,0.2,0.95,25,0.96,10,
728954,康全電國票48購01,0,0,0,---,---,---, ---,,,0.02,25,0.03,10,
728955,新復興國票47購04,0,0,0,---,---,---, ---,,,0.01,25,0.02,10,
728956,錦明國票47購01,"9,000",1,270,0.03,0.03,0.03,0.03,-,0.0,0.01,25,0.02,10,
728957,友輝永豐4A購01,0,0,0,---,---,---, ---,,,0.64,62,0.65,62,
728958,系微永豐51購01,"33,000",6,"2,700",0.10,0.11,0.08,0.09,-,0.0,0.07,62,0.08,10,
728959,驊訊永豐48購01,"17,000",2,"5,060",0.30,0.30,0.28,0.28,-,0.16,0.27,499,0.28,10,
728960,良維統一51購01,"71,000",3,"66,020",0.93,0.93,0.92,0.92,+,0.02,0.91,10,0.92,10,
728961,旺矽統一51購02,0,0,0,---,---,---, ---,,,0.24,10,0.25,10,
728962,桓達統一51購02,0,0,0,---,---,---, ---,,,0.13,10,0.14,10,
728963,雍智統一57購01,"6,000",2,"1,500",0.25,0.25,0.25,0.25,-,0.0,0.24,10,0.25,10,
728964,僑威統一53購02,0,0,0,---,---,---, ---,,,0.43,10,0.44,10,
728965,磐儀統一55購01,0,0,0,---,---,---, ---,,,0.35,10,0.36,10,
728966,瀧澤科統一57購01,0,0,0,---,---,---, ---,,,0.26,10,0.27,10,
728967,驊訊統一61購01,0,0,0,---,---,---, ---,,,0.29,10,0.30,10,
728968,錦明第一47購01,0,0,0,---,---,---, ---,,,0.04,10,0.05,10,
728969,力致凱基47購01,0,0,0,---,---,---, ---,,,0.09,20,0.10,30,
728970,台燿凱基49購02,"11,000",2,"10,940",1.00,1.00,0.94,0.94,-,0.05,0.93,100,0.94,10,
728971,系微凱基49購02,0,0,0,---,---,---, ---,,,0.02,50,0.03,50,
728972,旺矽凱基48購02,0,0,0,---,---,---, ---,,,0.17,100,0.18,50,
728973,高端凱基48購01,0,0,0,---,---,---, ---,,,1.47,100,1.48,10,
728974,廣明凱基49購01,0,0,0,---,---,---, ---,,,0.22,20,0.23,50,
728975,錦明凱基47購01,0,0,0,---,---,---, ---,,,0.01,20,0.02,50,
728976,錦明凱基47購02,0,0,0,---,---,---, ---,,,0.00,0,0.02,50,
728977,雙鴻凱基47購06,0,0,0,---,---,---, ---,,,0.41,40,0.51,10,
728978,瀧澤科凱基48購01,0,0,0,---,---,---, ---,,,0.07,20,0.08,50,
728979,聖暉*國泰48購01,0,0,0,---,---,---, ---,,,0.94,499,0.98,100,
728980,僑威台新47購01,0,0,0,---,---,---, ---,,,0.54,20,0.55,10,
728981,廣運台新47購01,0,0,0,---,---,---, ---,,,0.11,20,0.12,10,
728982,中美晶元大47購05,0,0,0,---,---,---, ---,,,0.09,499,0.19,10,
728983,世界元大47購03,0,0,0,---,---,---, ---,,,0.08,499,0.09,10,
728984,台特化元大47購02,"145,000",3,"119,450",0.83,0.88,0.73,0.73,+,0.02,0.70,499,0.71,10,
728985,台特化元大47購03,"138,000",7,"140,010",1.05,1.10,1.00,1.01,+,0.13,0.87,499,0.88,10,
728986,台特化元大47購04,"99,000",6,"115,140",1.22,1.26,1.12,1.12,+,0.03,1.07,499,1.08,10,
728987,先進光元大47購05,0,0,0,---,---,---, ---,,,0.00,0,0.10,10,
728988,百德元大47購02,0,0,0,---,---,---, ---,,,0.07,499,0.10,10,
728989,艾訊元大51購01,0,0,0,---,---,---, ---,,,0.16,499,0.17,10,
728990,系統電元大47購01,0,0,0,---,---,---, ---,,,0.31,499,0.32,10,
728991,佳邦元大47購02,0,0,0,---,---,---, ---,,,0.11,25,0.12,10,
728992,昇達科元大47購03,0,0,0,---,---,---, ---,,,0.02,499,0.12,10,
728993,群聯元大47購04,0,0,0,---,---,---, ---,,,0.62,499,0.63,10,
728994,雍智元大51購01,"200,000",1,"40,000",0.20,0.20,0.20,0.20,-,0.01,0.20,539,0.21,10,
728995,僑威元大47購02,"15,000",1,"10,050",0.67,0.67,0.67,0.67,-,0.07,0.65,499,0.66,10,
728996,廣明元大47購12,0,0,0,---,---,---, ---,,,0.09,499,0.10,10,
728997,廣運元大47購11,0,0,0,---,---,---, ---,,,0.00,0,0.10,10,
728998,廣運元大47購12,0,0,0,---,---,---, ---,,,0.00,0,0.10,10,
728999,廣運元大47購13,0,0,0,---,---,---, ---,,,0.01,499,0.11,10,
729000,環球晶元大47購02,0,0,0,---,---,---, ---,,,0.24,499,0.34,10,
729001,驊訊元大47購02,0,0,0,---,---,---, ---,,,0.08,499,0.09,10,
729002,廣運兆豐49購01,0,0,0,---,---,---, ---,,,0.13,10,0.14,10,
729003,系統電富邦48購01,0,0,0,---,---,---, ---,,,0.11,30,0.12,10,
729004,台特化元富47購04,"51,000",3,"68,600",1.32,1.40,1.16,1.16,+,0.04,1.09,25,1.10,25,
729005,台特化元富47購05,"66,000",7,"195,480",2.87,3.04,2.39,2.39,-,0.09,2.32,25,2.36,25,
729006,台特化元富4A購02,"64,000",9,"169,450",2.81,2.92,2.58,2.58,+,0.16,2.44,25,2.47,25,
729007,高鋒元富51購01,"32,000",5,"69,990",2.19,2.19,2.12,2.12,-,0.1,2.08,25,2.18,10,
729008,雷科元富47購01,0,0,0,---,---,---, ---,,,0.06,25,0.16,10,
729009,僑威元富47購01,0,0,0,---,---,---, ---,,,0.80,25,0.81,25,
729010,僑威元富57購01,0,0,0,---,---,---, ---,,,1.33,25,1.34,25,
729011,聚和中信47購01,0,0,0,---,---,---, ---,,,0.06,10,0.16,10,
729012,台特化國泰48購01,"99,000",4,"262,030",2.95,2.95,2.57,2.57,+,0.04,2.50,499,2.51,100,
729013,台特化國泰48購02,"167,000",6,"301,230",1.90,1.90,1.62,1.62,-,0.14,1.51,499,1.52,100,
729014,台特化群益48購02,"239,000",5,"220,890",1.01,1.01,0.88,0.91,+,0.04,0.84,25,0.85,10,
729015,台特化群益49購01,"248,000",10,"415,130",1.65,1.74,1.55,1.56,+,0.09,1.44,25,1.45,10,
729016,系微群益49購03,0,0,0,---,---,---, ---,,,0.01,499,0.11,10,
729017,佳邦群益47購02,"20,000",2,"3,500",0.19,0.19,0.16,0.16,-,0.02,0.16,25,0.19,10,
729018,旺矽群益47購07,0,0,0,---,---,---, ---,,,0.00,0,0.00,0,
729019,欣銓群益49購01,"120,000",2,"207,600",1.74,1.74,1.72,1.72,-,0.17,1.71,100,1.73,100,
729020,錦明群益49購01,0,0,0,---,---,---, ---,,,0.29,25,0.30,10,
729021,瀧澤科群益49購03,0,0,0,---,---,---, ---,,,0.14,25,0.16,10,
729022,旺矽國票49購01,"190,000",2,"80,900",0.43,0.43,0.41,0.41,-,0.04,0.41,25,0.42,10,
729023,易發國票48購02,0,0,0,---,---,---, ---,,,0.03,25,0.04,10,
729024,欣銓國票48購02,0,0,0,---,---,---, ---,,,2.49,25,2.51,10,
729025,精材國票49購01,0,0,0,---,---,---, ---,,,0.06,25,0.07,10,
729026,驊訊國票49購01,0,0,0,---,---,---, ---,,,0.24,25,0.25,10,
729027,中光電第一47購01,0,0,0,---,---,---, ---,,,0.01,10,0.05,10,
729028,力致統一57購01,"3,000",1,"1,170",0.39,0.39,0.39,0.39,-,0.02,0.39,10,0.40,10,
729029,先進光統一4C購04,0,0,0,---,---,---, ---,,,0.07,10,0.17,10,
729030,昇達科統一51購03,"60,000",2,"16,800",0.28,0.28,0.28,0.28,-,0.03,0.27,10,0.28,10,
729031,欣銓統一55購01,"4,000",2,"3,980",1.01,1.01,0.98,0.98,-,0.04,0.96,10,0.97,10,
729032,神盾統一51購02,0,0,0,---,---,---, ---,,,0.12,10,0.13,10,
729033,神準統一51購01,0,0,0,---,---,---, ---,,,0.44,10,0.45,10,
729034,大宇資凱基47購01,0,0,0,---,---,---, ---,,,0.34,10,0.35,10,
729035,元債20凱基47購02,0,0,0,---,---,---, ---,,,0.01,100,0.00,0,
729036,台特化凱基47購02,"162,000",8,"223,600",1.37,1.43,1.23,1.34,+,0.26,1.10,10,1.12,10,
729037,其陽凱基47購01,"1,000",1,120,0.12,0.12,0.12,0.12,+,0.06,0.10,40,0.20,10,
729038,東捷凱基47購02,0,0,0,---,---,---, ---,,,0.02,20,0.12,10,
729039,欣銓凱基47購01,0,0,0,---,---,---, ---,,,0.75,100,0.85,10,
729040,長聖凱基47購01,0,0,0,---,---,---, ---,,,0.37,100,0.38,10,
729041,僑威凱基47購03,0,0,0,---,---,---, ---,,,0.58,100,0.59,30,
729042,精材凱基48購02,0,0,0,---,---,---, ---,,,0.04,50,0.14,10,
729043,精測凱基47購02,"31,000",2,"16,040",0.52,0.52,0.44,0.44,-,0.02,0.44,100,0.45,10,
729044,廣運凱基47購03,0,0,0,---,---,---, ---,,,0.06,100,0.07,50,
729045,台特化永豐48購01,"232,000",8,"103,640",0.54,0.58,0.43,0.45,+,0.02,0.43,104,0.44,10,
729046,欣銓永豐48購01,"77,000",5,"166,810",2.22,2.22,1.98,1.98,-,0.3,1.96,62,1.97,10,
729047,精材永豐49購01,0,0,0,---,---,---, ---,,,0.08,499,0.10,10,
729048,錦明永豐47購01,0,0,0,---,---,---, ---,,,0.01,62,0.03,10,
729049,錦明永豐4A購01,0,0,0,---,---,---, ---,,,0.11,62,0.12,62,
729050,擎亞永豐47購01,0,0,0,---,---,---, ---,,,2.88,499,2.91,10,
729051,中美晶元大47購06,0,0,0,---,---,---, ---,,,0.42,499,0.43,10,
729052,世界元大47購04,0,0,0,---,---,---, ---,,,0.06,499,0.07,10,
729053,台星科元大47購03,0,0,0,---,---,---, ---,,,0.01,499,0.11,10,
729054,台特化元大4A購01,"431,000",16,"661,700",1.59,1.61,1.50,1.50,+,0.04,1.46,499,1.47,10,
729055,台特化元大51購01,"114,000",6,"221,040",1.93,1.96,1.89,1.96,+,0.17,1.76,400,1.77,10,
729056,良維元大4A購01,"1,000",1,"3,770",3.77,3.77,3.77,3.77,+,0.05,3.82,200,3.92,10,
729057,欣銓元大47購02,"809,000",5,"664,300",0.98,0.98,0.81,0.81,-,0.22,0.79,499,0.80,10,
729058,欣銓元大47購03,0,0,0,---,---,---, ---,,,2.05,350,2.09,10,
729059,胡連元大47購04,0,0,0,---,---,---, ---,,,0.04,499,0.14,10,
729060,聖暉*元大4B購01,"204,000",5,"154,920",0.76,0.77,0.74,0.74,-,0.08,0.73,499,0.76,10,
729061,僑威元大47購03,"1,673,000",7,"1,962,790",1.23,1.23,1.13,1.13,-,0.08,1.11,499,1.12,10,
729062,譜瑞元大47購02,0,0,0,---,---,---, ---,,,0.11,499,0.21,10,
729063,精材富邦49購01,0,0,0,---,---,---, ---,,,0.02,30,0.10,10,
729064,新復興元富4A購01,0,0,0,---,---,---, ---,,,0.26,25,0.27,25,
729065,新漢元富47購02,0,0,0,---,---,---, ---,,,0.00,0,0.00,0,
729066,精材元富48購03,0,0,0,---,---,---, ---,,,0.01,25,0.10,10,
729067,精材元富4A購01,0,0,0,---,---,---, ---,,,0.14,25,0.15,25,
729068,系統電統一53購01,0,0,0,---,---,---, ---,,,0.51,10,0.52,10,
729069,高鋒統一55購01,"31,000",2,"21,190",0.67,0.69,0.67,0.69,-,0.01,0.68,10,0.69,10,
729070,新漢統一51購03,0,0,0,---,---,---, ---,,,1.37,10,1.38,10,
729071,伍豐永豐48購01,"10,000",1,"2,800",0.28,0.28,0.28,0.28,-,0.03,0.28,499,0.29,10,
729072,高端永豐48購01,"601,000",16,"233,400",0.42,0.42,0.37,0.37,-,0.09,0.37,62,0.38,62,
729073,高端永豐4A購01,"31,000",3,"15,200",0.50,0.50,0.47,0.47,-,0.09,0.47,62,0.48,62,
729074,富喬永豐4A購01,"3,000",1,"7,530",2.51,2.51,2.51,2.51,+,0.45,2.17,499,2.20,10,
729075,雙鴻永豐48購03,0,0,0,---,---,---, ---,,,0.17,58,0.00,0,
729076,中美晶凱基47購04,0,0,0,---,---,---, ---,,,0.14,100,0.24,10,
729077,世界凱基47購01,0,0,0,---,---,---, ---,,,0.10,100,0.11,50,
729078,先進光凱基47購03,0,0,0,---,---,---, ---,,,0.01,10,0.11,10,
729079,百德凱基47購02,0,0,0,---,---,---, ---,,,0.12,40,0.13,50,
729080,良維凱基47購01,"8,000",2,"29,520",3.68,3.70,3.68,3.70,+,0.09,3.67,100,3.77,10,
729081,旺矽凱基48購03,0,0,0,---,---,---, ---,,,0.23,100,0.24,50,
729082,泰茂凱基47購01,0,0,0,---,---,---, ---,,,0.78,80,0.88,10,
729083,神準凱基48購01,0,0,0,---,---,---, ---,,,0.70,100,0.71,10,
729084,湧德凱基47購02,"2,000",1,"2,180",1.09,1.09,1.09,1.09,-,0.0,0.97,100,0.98,10,
729085,精材凱基47購02,0,0,0,---,---,---, ---,,,0.03,100,0.13,10,
729086,環球晶凱基47購03,"68,000",4,"32,920",0.45,0.49,0.45,0.49,+,0.05,0.48,80,0.49,12,
729087,立端群益47購02,0,0,0,---,---,---, ---,,,0.05,10,0.51,10,
729088,漢磊群益48購01,0,0,0,---,---,---, ---,,,0.14,10,0.00,0,
729089,精測群益47購01,"10,000",2,"20,300",2.06,2.06,2.00,2.00,-,0.31,1.92,100,2.00,100,
729090,巨虹國票47購01,0,0,0,---,---,---, ---,,,0.01,25,0.02,10,
729091,艾訊國票49購01,0,0,0,---,---,---, ---,,,0.14,25,0.15,10,
729092,伯特光國票48購01,0,0,0,---,---,---, ---,,,0.25,25,0.26,10,
729093,前鼎國票48購02,0,0,0,---,---,---, ---,,,0.25,25,0.26,10,
729094,神盾國票47購05,0,0,0,---,---,---, ---,,,0.01,25,0.02,10,
729095,高端國票48購03,"20,000",3,"12,600",0.64,0.64,0.61,0.61,-,0.21,0.62,25,0.64,10,
729096,廣明國泰48購01,0,0,0,---,---,---, ---,,,0.37,499,0.38,100,
729097,台特化台新47購01,"4,000",1,"7,800",1.95,1.95,1.95,1.95,+,0.44,1.49,20,1.50,10,
729098,原相台新47購01,0,0,0,---,---,---, ---,,,0.23,10,0.25,10,
729099,新漢台新47購01,0,0,0,---,---,---, ---,,,5.15,20,5.20,10,
729100,M31元大47購01,0,0,0,---,---,---, ---,,,0.10,499,0.11,10,
729101,M31元大47購02,0,0,0,---,---,---, ---,,,0.04,499,0.14,10,
729102,M31元大47購03,"196,000",2,"62,570",0.32,0.32,0.29,0.29,-,0.03,0.27,499,0.28,10,
729103,世禾元大47購01,"50,000",2,"7,000",0.14,0.14,0.14,0.14,-,0.02,0.13,499,0.14,10,
729104,世界元大47購05,0,0,0,---,---,---, ---,,,0.16,499,0.17,10,
729105,台特化元大49購01,"677,000",25,"744,530",1.14,1.21,1.04,1.05,+,0.02,1.04,499,1.06,10,
729106,台特化元大4A購02,"485,000",15,"482,370",1.03,1.11,0.96,0.96,+,0.02,0.93,499,0.94,10,
729107,台特化元大51購02,"80,000",4,"126,260",1.60,1.60,1.57,1.57,+,0.05,1.42,499,1.43,10,
729108,昇達科元大47購05,0,0,0,---,---,---, ---,,,0.04,499,0.12,2,
729109,欣銓元大47購04,0,0,0,---,---,---, ---,,,1.41,450,1.43,10,
729110,欣銓元大47購05,"105,000",6,"175,050",1.71,1.71,1.49,1.49,-,0.24,1.45,450,1.46,10,
729111,欣銓元大47購06,"2,000",1,"3,560",1.78,1.78,1.78,1.78,-,0.06,1.57,400,1.58,10,
729112,神準元大47購01,"192,000",4,"85,880",0.46,0.46,0.44,0.44,-,0.04,0.36,25,0.37,10,
729113,富喬元大47購04,0,0,0,---,---,---, ---,,,0.79,25,0.89,10,
729114,湧德元大47購01,0,0,0,---,---,---, ---,,,0.21,499,0.22,10,
729115,華星光元大47購04,0,0,0,---,---,---, ---,,,0.09,499,0.10,10,
729116,華星光元大47購05,"35,000",2,"1,750",0.05,0.05,0.05,0.05,-,0.02,0.05,499,0.06,10,
729117,華星光元大48購01,"287,000",5,"87,500",0.32,0.32,0.28,0.28,-,0.03,0.27,499,0.28,10,
729118,精材元大47購02,0,0,0,---,---,---, ---,,,0.00,0,0.10,10,
729119,精材元大47購03,0,0,0,---,---,---, ---,,,0.01,499,0.11,10,
729120,精材元大4C購01,0,0,0,---,---,---, ---,,,0.09,499,0.10,10,
729121,廣明元大47購13,0,0,0,---,---,---, ---,,,0.07,499,0.08,10,
729122,穩懋元大47購04,"10,000",1,"2,800",0.28,0.28,0.28,0.28,-,0.01,0.00,0,0.00,0,
729123,華星光兆豐51購01,"7,000",2,"5,110",0.73,0.73,0.73,0.73,+,0.01,0.67,10,0.68,10,
729124,M31富邦49購01,"73,000",4,"15,760",0.22,0.22,0.21,0.21,-,0.03,0.20,35,0.21,10,
729125,朋程富邦49購01,"60,000",1,"10,200",0.17,0.17,0.17,0.17,-,0.01,0.16,10,0.17,10,
729126,信立富邦49購01,0,0,0,---,---,---, ---,,,1.72,10,1.82,10,
729127,華星光富邦49購01,"20,000",3,"8,000",0.41,0.41,0.39,0.40,-,0.01,0.39,30,0.40,10,
729128,鈊象富邦49購02,0,0,0,---,---,---, ---,,,0.37,10,0.38,10,
729129,M31元富47購01,"105,000",6,"38,840",0.39,0.43,0.34,0.34,-,0.09,0.32,25,0.34,25,
729130,M31元富47購02,"30,000",1,"2,400",0.08,0.08,0.08,0.08,-,0.02,0.07,25,0.10,10,
729131,台特化元富47購06,"400,000",2,"52,000",0.14,0.14,0.12,0.12,+,0.01,0.10,25,0.11,25,
729132,系微元富47購04,0,0,0,---,---,---, ---,,,0.00,0,0.10,25,
729133,旺矽元富47購03,"299,000",2,"117,110",0.40,0.40,0.39,0.39,-,0.03,0.38,25,0.39,25,
729134,高端元富47購01,"5,000",4,"3,900",0.80,0.80,0.74,0.74,-,0.14,0.73,25,0.74,25,
729135,高端元富47購02,0,0,0,---,---,---, ---,,,0.66,25,0.67,25,
729136,高端元富49購01,0,0,0,---,---,---, ---,,,1.30,25,1.31,25,
729137,高端元富4A購01,"257,000",4,"274,890",1.09,1.09,1.02,1.03,-,0.15,1.02,25,1.03,25,
729138,高端元富51購01,"1,428,000",26,"1,689,530",1.22,1.22,1.14,1.14,-,0.14,1.14,25,1.15,26,
729139,華星光元富47購02,0,0,0,---,---,---, ---,,,0.27,25,0.28,25,
729140,華星光元富51購01,"5,000",1,"4,250",0.85,0.85,0.85,0.85,-,0.04,0.85,25,0.86,25,
729141,M31凱基47購01,0,0,0,---,---,---, ---,,,0.09,100,0.10,50,
729142,M31凱基47購02,0,0,0,---,---,---, ---,,,0.15,100,0.16,50,
729143,M31凱基47購03,0,0,0,---,---,---, ---,,,0.04,100,0.14,10,
729144,台特化凱基48購01,"475,000",11,"478,420",0.94,1.06,0.92,0.96,+,0.1,0.85,100,0.86,10,
729145,台特化凱基49購01,"35,000",1,"34,650",0.99,0.99,0.99,0.99,+,0.02,0.97,100,0.98,10,
729146,欣銓凱基47購02,0,0,0,---,---,---, ---,,,1.50,100,1.51,10,
729147,高端凱基48購02,"260,000",2,"103,600",0.40,0.40,0.38,0.38,-,0.09,0.37,80,0.38,30,
729148,華星光凱基47購01,0,0,0,---,---,---, ---,,,0.12,100,0.13,30,
729149,華星光凱基47購02,0,0,0,---,---,---, ---,,,0.20,100,0.21,30,
729150,華星光凱基49購01,0,0,0,---,---,---, ---,,,0.19,100,0.20,30,
729151,僑威凱基47購04,0,0,0,---,---,---, ---,,,0.56,60,0.57,10,
729152,榮剛凱基47購01,0,0,0,---,---,---, ---,,,0.29,60,0.30,30,
729153,漢磊凱基48購01,"15,000",5,"5,410",0.41,0.41,0.33,0.33,-,0.08,0.32,40,0.33,30,
729154,譜瑞凱基47購01,0,0,0,---,---,---, ---,,,0.42,100,0.43,30,
729155,M31國票48購01,0,0,0,---,---,---, ---,,,0.21,25,0.22,10,
729156,M31國票48購03,0,0,0,---,---,---, ---,,,0.32,25,0.34,10,
729157,M31國票48購04,"5,000",1,"2,300",0.46,0.46,0.46,0.46,-,0.01,0.41,25,0.42,15,
729158,台特化國票48購02,"43,000",3,"27,830",0.73,0.73,0.59,0.62,-,0.03,0.54,25,0.55,10,
729159,系微國票48購04,0,0,0,---,---,---, ---,,,0.01,25,0.02,10,
729160,昇達科國票48購02,"21,000",1,"10,290",0.49,0.49,0.49,0.49,-,0.0,0.46,25,0.47,10,
729161,欣銓國票48購03,"5,000",1,"18,250",3.65,3.65,3.65,3.65,-,0.16,3.26,25,3.27,10,
729162,威剛國票48購01,0,0,0,---,---,---, ---,,,2.34,25,2.39,10,
729163,高端國票48購05,"137,000",5,"83,110",0.63,0.65,0.58,0.58,-,0.19,0.58,25,0.59,10,
729164,華星光國票48購01,"265,000",2,"71,100",0.27,0.27,0.24,0.24,-,0.03,0.24,25,0.25,10,
729165,雍智國票48購02,0,0,0,---,---,---, ---,,,0.20,25,0.21,10,
729166,寬宏國票47購01,0,0,0,---,---,---, ---,,,6.40,25,6.90,10,
729167,雙鴻國票48購02,0,0,0,---,---,---, ---,,,0.39,25,0.40,10,
729168,M31第一47購01,0,0,0,---,---,---, ---,,,0.18,10,0.19,10,
729169,M31統一51購01,0,0,0,---,---,---, ---,,,0.28,10,0.29,10,
729170,M31統一59購01,"579,000",10,"483,290",0.87,0.87,0.83,0.83,-,0.03,0.82,10,0.83,10,
729171,M31統一61購01,"40,000",2,"22,200",0.56,0.56,0.55,0.55,-,0.01,0.54,10,0.55,10,
729172,M31統一61購02,"25,000",1,"15,250",0.61,0.61,0.61,0.61,-,0.0,0.58,10,0.59,10,
729173,大綜統一51購02,"3,000",1,"3,210",1.07,1.07,1.07,1.07,-,0.05,1.03,10,1.04,10,
729174,世禾統一55購01,0,0,0,---,---,---, ---,,,0.37,10,0.38,10,
729175,台特化統一51購03,"17,000",1,"7,990",0.47,0.47,0.47,0.47,+,0.01,0.44,10,0.45,10,
729176,台特化統一53購01,"8,000",1,"4,720",0.59,0.59,0.59,0.59,-,0.0,0.59,10,0.60,10,
729177,台特化統一55購02,"22,000",4,"13,540",0.62,0.62,0.60,0.60,-,0.0,0.58,10,0.59,10,
729178,台特化統一57購01,"55,000",3,"37,360",0.66,0.69,0.66,0.69,+,0.01,0.64,10,0.65,10,
729179,系統電統一53購02,"111,000",4,"62,430",0.57,0.57,0.53,0.53,-,0.01,0.50,10,0.51,10,
729180,系微統一51購03,0,0,0,---,---,---, ---,,,0.12,10,0.13,10,
729181,系微統一55購02,0,0,0,---,---,---, ---,,,0.15,10,0.16,10,
729182,前鼎統一51購03,0,0,0,---,---,---, ---,,,0.35,10,0.36,10,
729183,華星光統一51購02,"20,000",1,"5,800",0.29,0.29,0.29,0.29,+,0.01,0.26,10,0.27,10,
729184,華星光統一51購03,"34,000",8,"9,420",0.29,0.29,0.26,0.26,-,0.03,0.26,5,0.27,10,
729185,華星光統一59購03,0,0,0,---,---,---, ---,,,0.68,10,0.69,10,
729186,華星光統一61購01,0,0,0,---,---,---, ---,,,0.47,10,0.48,10,
729187,華星光統一61購02,"225,000",6,"129,450",0.59,0.59,0.57,0.57,-,0.0,0.56,60,0.57,10,
729188,新漢統一4C購01,0,0,0,---,---,---, ---,,,1.33,10,1.35,10,
729189,德微統一51購01,0,0,0,---,---,---, ---,,,0.19,10,0.20,10,
729190,M31永豐48購01,"2,000",1,280,0.14,0.14,0.14,0.14,-,0.03,0.13,499,0.14,8,
729191,M31永豐49購01,"15,000",1,"6,450",0.43,0.43,0.43,0.43,+,0.01,0.37,499,0.38,10,
729192,M31永豐49購02,0,0,0,---,---,---, ---,,,0.22,200,0.23,10,
729193,台特化永豐47購02,0,0,0,---,---,---, ---,,,0.31,499,0.32,10,
729194,系微永豐47購01,0,0,0,---,---,---, ---,,,0.00,0,0.03,10,
729195,欣銓永豐47購01,0,0,0,---,---,---, ---,,,0.42,499,0.43,10,
729196,桓達永豐49購01,0,0,0,---,---,---, ---,,,0.09,499,0.10,10,
729197,華星光永豐48購02,"75,000",6,"22,310",0.35,0.35,0.29,0.30,-,0.03,0.29,200,0.30,10,
729198,華星光永豐4A購01,"223,000",6,"83,110",0.43,0.43,0.36,0.36,-,0.05,0.36,125,0.37,10,
729199,華星光永豐4B購01,"15,000",1,"7,350",0.49,0.49,0.49,0.49,-,0.0,0.45,499,0.46,10,
729200,M31台新47購01,0,0,0,---,---,---, ---,,,0.17,20,0.18,10,
729201,華星光台新47購01,"10,000",1,"5,100",0.51,0.51,0.51,0.51,-,0.0,0.47,20,0.48,10,
729202,M31中信47購01,"58,000",1,"4,060",0.07,0.07,0.07,0.07,-,0.01,0.04,10,0.05,10,
729203,M31中信48購01,0,0,0,---,---,---, ---,,,0.08,10,0.09,10,
729204,欣銓中信47購01,0,0,0,---,---,---, ---,,,0.33,499,0.34,10,
729205,華星光中信47購01,0,0,0,---,---,---, ---,,,0.00,0,0.00,0,
729206,華星光中信48購01,"40,000",2,"4,200",0.11,0.11,0.09,0.09,-,0.02,0.08,110,0.09,10,
729207,M31群益47購01,0,0,0,---,---,---, ---,,,0.18,100,0.19,100,
729208,M31群益49購01,0,0,0,---,---,---, ---,,,0.38,100,0.39,100,
729209,中美晶群益49購01,"5,000",1,"3,050",0.61,0.61,0.61,0.61,+,0.02,0.61,100,0.62,100,
729210,元太群益48購02,0,0,0,---,---,---, ---,,,0.04,10,0.00,0,
729211,台特化群益51購01,"31,000",2,"33,080",1.07,1.07,0.98,0.98,-,0.01,0.93,25,0.94,10,
729212,立端群益49購01,0,0,0,---,---,---, ---,,,0.19,25,0.20,10,
729213,良維群益49購02,"11,000",2,"20,450",1.85,1.86,1.85,1.86,+,0.04,1.84,25,1.85,10,
729214,旺矽群益4B購01,"30,000",1,"9,600",0.32,0.32,0.32,0.32,-,0.03,0.31,100,0.32,100,
729215,威剛群益49購01,0,0,0,---,---,---, ---,,,2.34,100,2.35,100,
729216,高端群益47購01,"25,000",2,"5,600",0.22,0.23,0.22,0.23,-,0.06,0.20,25,0.21,10,
729217,高端群益48購01,0,0,0,---,---,---, ---,,,1.40,25,1.41,10,
729218,華星光群益48購02,"219,000",6,"189,460",0.94,0.99,0.85,0.85,-,0.1,0.85,100,0.86,100,
729219,華星光群益48購03,0,0,0,---,---,---, ---,,,0.73,100,0.74,100,
729220,僑威群益47購02,0,0,0,---,---,---, ---,,,0.82,25,0.83,10,
729221,精材群益47購02,0,0,0,---,---,---, ---,,,0.00,0,0.00,0,
729222,環球晶群益48購01,"72,000",14,"92,430",1.24,1.34,1.24,1.28,+,0.07,1.30,100,1.32,100,
729223,櫃200群益47購01,"2,000",1,580,0.29,0.29,0.29,0.29,-,0.05,0.29,497,0.30,100,
729224,台特化統一51購04,"210,000",2,"92,300",0.44,0.44,0.43,0.43,+,0.01,0.41,10,0.42,10,
729225,弘塑統一51購03,"267,000",7,"96,710",0.35,0.37,0.29,0.29,-,0.07,0.28,10,0.29,3,
729226,系微統一53購02,0,0,0,---,---,---, ---,,,0.13,10,0.14,10,
729227,桓達統一51購03,0,0,0,---,---,---, ---,,,0.12,10,0.13,10,
729228,神盾統一51購03,"301,000",3,"48,950",0.17,0.17,0.15,0.15,-,0.02,0.14,10,0.15,10,
729229,高鋒統一51購01,"9,000",7,"6,130",0.69,0.69,0.67,0.67,-,0.02,0.66,11,0.67,8,
729230,亞泰元富4A購01,0,0,0,---,---,---, ---,,,0.41,25,0.42,25,
729231,欣銓元富47購01,0,0,0,---,---,---, ---,,,1.04,25,1.05,25,
729232,欣銓元富47購02,0,0,0,---,---,---, ---,,,0.58,25,0.59,25,
729233,晶呈元富47購02,0,0,0,---,---,---, ---,,,0.00,0,0.10,10,
729234,晶呈元富47購03,0,0,0,---,---,---, ---,,,0.01,25,0.11,10,
729235,廣明元富4A購01,0,0,0,---,---,---, ---,,,0.50,25,0.51,25,
729236,廣明元富51購01,0,0,0,---,---,---, ---,,,0.63,25,0.64,25,
729237,環球晶元富47購01,0,0,0,---,---,---, ---,,,0.43,25,0.53,10,
729238,信立兆豐49購01,0,0,0,---,---,---, ---,,,2.68,10,2.69,10,
729239,元太永豐49購01,0,0,0,---,---,---, ---,,,0.13,86,0.00,0,
729240,華星光永豐47購01,"35,000",2,"11,900",0.34,0.34,0.34,0.34,-,0.03,0.32,499,0.33,10,
729241,雍智永豐49購01,0,0,0,---,---,---, ---,,,0.04,499,0.07,10,
729242,欣銓富邦48購01,"430,000",19,"345,850",0.85,0.85,0.75,0.75,-,0.1,0.75,30,0.76,10,
729243,台特化國票48購04,"57,000",3,"31,420",0.66,0.66,0.50,0.51,-,0.03,0.48,25,0.49,10,
729244,能率國票48購01,"172,000",12,"154,440",0.92,0.95,0.83,0.85,-,0.04,0.84,25,0.85,10,
729245,聖暉*國票48購02,0,0,0,---,---,---, ---,,,0.99,25,1.02,10,
729246,精測國票48購01,"150,000",1,"343,500",2.29,2.29,2.29,2.29,-,0.48,2.28,25,2.30,10,
729247,元太元大47購01,0,0,0,---,---,---, ---,,,0.02,499,0.11,2,
729248,元太元大47購02,0,0,0,---,---,---, ---,,,0.05,499,0.15,10,
729249,元太元大47購03,0,0,0,---,---,---, ---,,,0.08,499,0.18,10,
729250,台特化元大49購02,"123,000",11,"52,520",0.45,0.45,0.41,0.41,+,0.01,0.38,499,0.39,10,
729251,台特化元大4B購01,"110,000",7,"106,210",0.97,0.99,0.90,0.90,-,0.02,0.85,499,0.86,10,
729252,先進光元大47購06,0,0,0,---,---,---, ---,,,0.00,0,0.10,10,
729253,欣銓元大47購07,0,0,0,---,---,---, ---,,,0.81,499,0.82,10,
729254,欣銓元大47購08,"2,000",1,"3,580",1.79,1.79,1.79,1.79,-,0.03,1.55,400,1.57,10,
729255,欣銓元大47購09,"50,000",2,"99,000",1.98,1.98,1.98,1.98,-,0.06,1.74,400,1.76,10,
729256,華星光元大48購02,"80,000",1,"9,600",0.12,0.12,0.12,0.12,-,0.02,0.12,499,0.13,10,
729257,聖暉*元大4C購01,"14,000",2,"16,100",1.15,1.15,1.15,1.15,-,0.06,1.11,499,1.14,10,
729258,僑威元大47購04,"77,000",4,"64,050",0.85,0.85,0.82,0.83,-,0.07,0.81,499,0.82,10,
729259,精測元大47購02,0,0,0,---,---,---, ---,,,0.36,499,0.46,10,
729260,台特化中信48購01,"142,000",5,"25,340",0.18,0.19,0.17,0.17,+,0.01,0.15,10,0.16,10,
729261,元太凱基48購01,0,0,0,---,---,---, ---,,,0.12,70,0.22,10,
729262,台特化凱基51購01,"220,000",11,"306,940",1.45,1.52,1.34,1.34,-,0.07,1.31,77,1.32,10,
729263,系微凱基48購01,0,0,0,---,---,---, ---,,,0.01,60,0.11,10,
729264,良維凱基47購02,0,0,0,---,---,---, ---,,,3.92,30,4.02,10,
729265,亞泰凱基49購01,0,0,0,---,---,---, ---,,,0.19,50,0.20,50,
729266,旺矽凱基47購05,"3,000",1,"1,170",0.39,0.39,0.39,0.39,-,0.0,0.36,100,0.37,30,
729267,欣銓凱基48購01,0,0,0,---,---,---, ---,,,1.16,100,1.26,10,
729268,威剛凱基48購01,0,0,0,---,---,---, ---,,,2.12,100,2.13,10,
729269,華星光凱基48購01,"100,000",1,"25,000",0.25,0.25,0.25,0.25,-,0.03,0.25,100,0.26,30,
729270,精材凱基47購03,0,0,0,---,---,---, ---,,,0.06,100,0.16,10,
729271,雙鴻凱基48購01,0,0,0,---,---,---, ---,,,0.57,80,0.67,10,
729272,穩懋凱基47購03,0,0,0,---,---,---, ---,,,0.01,100,0.11,10,
729273,元太群益49購02,"100,000",1,"15,000",0.15,0.15,0.15,0.15,-,0.01,0.02,74,0.00,0,
729274,台特化群益48購03,0,0,0,---,---,---, ---,,,0.00,0,0.00,0,
729275,欣銓群益48購03,0,0,0,---,---,---, ---,,,1.45,100,1.46,100,
729276,華星光群益49購01,"75,000",1,"44,250",0.59,0.59,0.59,0.59,+,0.02,0.53,100,0.54,100,
729277,弘塑國泰48購01,"184,000",6,"140,290",0.81,0.91,0.70,0.70,-,0.15,0.66,10,0.76,10,
729278,欣銓國泰48購01,0,0,0,---,---,---, ---,,,3.25,499,3.29,100,
729279,英濟台新47購01,"87,000",7,"81,900",0.93,1.10,0.76,0.77,-,0.07,1.00,20,1.01,10,
729280,精材台新47購01,0,0,0,---,---,---, ---,,,0.05,20,0.06,10,
729281,旺矽兆豐47購02,"13,000",1,"3,250",0.25,0.25,0.25,0.25,-,0.03,0.24,10,0.25,10,
729282,原相富邦49購01,"240,000",3,"107,920",0.45,0.45,0.41,0.41,-,0.05,0.41,30,0.42,10,
729283,台特化元富47購08,"71,000",3,"40,510",0.57,0.61,0.57,0.61,+,0.12,0.47,25,0.48,25,
729284,台特化元富47購09,"70,000",2,"25,000",0.36,0.36,0.35,0.35,+,0.05,0.28,25,0.29,25,
729285,台特化元富4A購03,"160,000",5,"134,400",0.88,0.88,0.81,0.81,+,0.04,0.75,25,0.76,25,
729286,華星光元富47購04,"50,000",1,"5,000",0.10,0.10,0.10,0.10,-,0.02,0.09,25,0.10,25,
729287,精材元富47購03,0,0,0,---,---,---, ---,,,0.01,25,0.10,10,
729288,世界元大47購06,0,0,0,---,---,---, ---,,,0.27,499,0.28,10,
729289,台特化元大47購05,"704,000",12,"333,300",0.52,0.54,0.46,0.46,+,0.04,0.43,499,0.44,10,
729290,台特化元大4A購03,"333,000",12,"285,340",0.90,0.93,0.81,0.81,-,0.03,0.80,499,0.81,10,
729291,台特化元大4B購02,"699,000",9,"509,730",0.77,0.79,0.70,0.71,+,0.05,0.67,499,0.68,10,
729292,弘塑元大47購06,0,0,0,---,---,---, ---,,,0.00,0,0.00,0,
729293,弘塑元大47購07,0,0,0,---,---,---, ---,,,0.00,0,0.19,1,
729294,伯特光元大47購01,0,0,0,---,---,---, ---,,,0.04,499,0.14,10,
729295,宏觀元大47購01,0,0,0,---,---,---, ---,,,0.04,499,0.14,10,
729296,系微元大47購05,0,0,0,---,---,---, ---,,,0.01,499,0.03,180,
729297,良維元大47購03,"31,000",7,"124,470",3.77,4.04,3.77,4.03,-,0.21,3.98,200,4.04,10,
729298,欣銓元大47購10,"50,000",3,"51,500",1.09,1.10,0.93,0.93,-,0.18,0.91,499,0.92,10,
729299,欣銓元大47購11,0,0,0,---,---,---, ---,,,0.63,499,0.64,10,
729300,欣銓元大47購12,"60,000",4,"131,120",2.21,2.22,2.03,2.03,-,0.19,1.98,350,1.99,10,
729301,信立元大47購01,0,0,0,---,---,---, ---,,,0.00,0,4.90,3,
729302,富喬元大47購05,"2,000",2,"1,060",0.53,0.53,0.53,0.53,+,0.17,0.39,25,0.49,10,
729303,鈊象元大47購05,0,0,0,---,---,---, ---,,,0.10,499,0.11,10,
729304,群聯元大47購05,0,0,0,---,---,---, ---,,,0.56,499,0.58,10,
729305,聖暉*元大4C購02,"131,000",5,"193,020",1.48,1.48,1.46,1.46,-,0.04,1.45,499,1.49,10,
729306,僑威元大47購05,0,0,0,---,---,---, ---,,,0.39,499,0.40,10,
729307,廣明元大47購14,0,0,0,---,---,---, ---,,,0.01,499,0.11,10,
729308,環球晶元大47購03,0,0,0,---,---,---, ---,,,0.22,499,0.32,10,
729309,前鼎國票48購03,0,0,0,---,---,---, ---,,,0.26,25,0.27,10,
729310,群聯國票48購02,0,0,0,---,---,---, ---,,,0.99,25,1.01,10,
729311,聖暉*國票48購03,"70,000",1,"31,500",0.45,0.45,0.45,0.45,-,0.02,0.45,25,0.46,10,
729312,精材國票48購01,0,0,0,---,---,---, ---,,,0.09,25,0.10,10,
729313,旺矽統一59購01,0,0,0,---,---,---, ---,,,0.38,10,0.39,10,
729314,神盾統一57購02,0,0,0,---,---,---, ---,,,0.19,10,0.20,10,
729315,鈊象統一51購01,0,0,0,---,---,---, ---,,,0.33,10,0.34,10,
729316,台星科永豐48購01,0,0,0,---,---,---, ---,,,0.22,499,0.23,10,
729317,弘塑永豐48購02,"132,000",5,"79,790",0.63,0.64,0.55,0.55,-,0.0,0.17,58,0.65,10,
729318,信立永豐51購01,"1,000",1,"4,490",4.49,4.49,4.49,4.49,-,0.66,4.44,12,4.54,10,
729319,晶呈永豐48購01,0,0,0,---,---,---, ---,,,0.04,499,0.05,10,
729320,鈊象永豐51購01,"3,000",1,"4,800",1.60,1.60,1.60,1.60,+,0.05,1.53,499,1.54,10,
729321,璟德永豐48購01,0,0,0,---,---,---, ---,,,0.04,499,0.05,10,
729322,瀧澤科永豐49購01,0,0,0,---,---,---, ---,,,0.15,499,0.16,10,
729323,大樹群益48購01,"55,000",2,"29,400",0.54,0.54,0.53,0.53,-,0.01,0.55,25,0.56,10,
729324,世禾群益47購01,0,0,0,---,---,---, ---,,,0.27,25,0.28,10,
729325,台特化群益47購02,"80,000",1,"31,200",0.39,0.39,0.39,0.39,+,0.08,0.31,25,0.32,10,
729326,台燿群益4A購01,"21,000",5,"13,000",0.62,0.62,0.61,0.62,-,0.02,0.58,100,0.59,100,
729327,欣銓群益49購02,0,0,0,---,---,---, ---,,,1.67,100,1.68,100,
729328,威剛群益47購01,0,0,0,---,---,---, ---,,,1.61,100,1.62,100,
729329,富喬群益47購04,"166,000",9,"153,770",0.83,1.08,0.83,0.84,+,0.06,0.77,100,0.79,100,
729330,華星光群益4B購01,0,0,0,---,---,---, ---,,,0.34,100,0.35,100,
729331,精材群益47購03,0,0,0,---,---,---, ---,,,0.25,100,0.26,100,
729332,精材群益47購04,0,0,0,---,---,---, ---,,,0.15,100,0.16,100,
729333,系微國泰48購01,0,0,0,---,---,---, ---,,,0.01,499,0.02,100,
729334,泰茂國泰48購01,"10,000",1,"8,400",0.84,0.84,0.84,0.84,-,0.01,0.84,499,0.86,100,
729335,元太台新47購01,0,0,0,---,---,---, ---,,,0.11,20,0.12,10,
729336,欣銓台新47購01,0,0,0,---,---,---, ---,,,1.89,20,1.90,10,
729337,弘塑凱基47購03,0,0,0,---,---,---, ---,,,0.01,64,0.00,0,
729338,欣銓凱基48購02,0,0,0,---,---,---, ---,,,1.24,100,1.34,10,
729339,振曜凱基47購03,0,0,0,---,---,---, ---,,,0.16,100,0.17,10,
729340,群聯凱基48購04,0,0,0,---,---,---, ---,,,0.34,40,0.44,10,
729341,聖暉*凱基4C購01,"39,000",4,"39,610",1.03,1.03,1.01,1.01,-,0.09,1.00,50,1.01,10,
729342,僑威凱基48購01,0,0,0,---,---,---, ---,,,0.53,50,0.54,30,
729343,精材凱基48購03,0,0,0,---,---,---, ---,,,0.02,60,0.12,10,
729344,精測凱基48購03,"147,000",6,"223,380",1.60,1.65,1.39,1.39,-,0.08,1.40,40,1.41,10,
729345,CT債20元大49購01,0,0,0,---,---,---, ---,,,0.29,100,0.00,0,
729346,宏捷科元大47購01,0,0,0,---,---,---, ---,,,0.02,499,0.12,10,
729347,宏捷科元大47購02,0,0,0,---,---,---, ---,,,0.03,499,0.13,10,
729348,系微元大47購06,0,0,0,---,---,---, ---,,,0.00,0,0.10,10,
729349,系微元大47購07,0,0,0,---,---,---, ---,,,0.00,0,0.10,10,
729350,系微元大47購08,0,0,0,---,---,---, ---,,,0.00,0,0.10,10,
729351,良維元大47購04,0,0,0,---,---,---, ---,,,2.56,300,2.60,10,
729352,華星光元大47購08,0,0,0,---,---,---, ---,,,0.10,499,0.11,10,
729353,聖暉*元大47購03,0,0,0,---,---,---, ---,,,0.13,499,0.14,10,
729354,環球晶元大47購04,0,0,0,---,---,---, ---,,,0.58,499,0.59,10,
729355,華星光第一48購01,"10,000",1,"2,500",0.25,0.25,0.25,0.25,-,0.02,0.24,10,0.00,0,
729356,欣銓統一51購01,"19,000",2,"18,020",0.94,0.95,0.94,0.95,+,0.01,0.88,10,0.89,10,
729357,振曜統一51購01,"97,000",2,"43,650",0.45,0.45,0.45,0.45,-,0.02,0.46,10,0.47,10,
729358,神盾統一51購04,0,0,0,---,---,---, ---,,,0.08,10,0.09,10,
729359,華星光統一51購04,0,0,0,---,---,---, ---,,,0.30,10,0.31,10,
729360,群聯統一51購02,0,0,0,---,---,---, ---,,,0.56,10,0.57,10,
729361,精材統一51購03,0,0,0,---,---,---, ---,,,0.13,10,0.14,10,
729362,精材統一51購04,0,0,0,---,---,---, ---,,,0.08,10,0.09,10,
729363,德微統一51購02,"2,950,000",16,"466,910",0.14,0.17,0.14,0.16,+,0.03,0.13,30,0.14,10,
729364,大宇資永豐47購01,"130,000",2,"53,300",0.41,0.41,0.41,0.41,-,0.13,0.36,12,0.37,10,
729365,旺矽永豐47購04,0,0,0,---,---,---, ---,,,0.01,62,0.05,10,
729366,欣銓永豐48購02,"57,000",1,"285,000",5.00,5.00,5.00,5.00,-,0.65,4.96,499,5.30,10,
729367,欣銓永豐49購01,"4,000",1,"21,800",5.45,5.45,5.45,5.45,-,0.55,5.40,499,5.45,10,
729368,信立永豐4A購01,0,0,0,---,---,---, ---,,,3.70,14,0.00,0,
729369,精材永豐4A購01,0,0,0,---,---,---, ---,,,0.15,499,0.16,10,
729370,僑威國泰48購01,0,0,0,---,---,---, ---,,,1.34,499,1.35,100,
729371,精材國泰48購03,0,0,0,---,---,---, ---,,,0.01,998,0.11,100,
729372,前鼎國票48購04,0,0,0,---,---,---, ---,,,0.26,25,0.27,10,
729373,華星光國票48購03,"8,000",2,"6,160",0.77,0.77,0.77,0.77,-,0.07,0.77,25,0.78,10,
729374,桓達兆豐49購01,0,0,0,---,---,---, ---,,,0.03,10,0.04,10,
729375,旺矽富邦49購01,0,0,0,---,---,---, ---,,,0.13,10,0.14,10,
729376,威剛富邦4A購01,"205,000",2,"186,500",0.91,0.91,0.90,0.90,-,0.03,0.91,30,0.92,10,
729377,晟德富邦49購01,"83,000",3,"26,060",0.32,0.32,0.30,0.30,-,0.03,0.30,10,0.31,10,
729378,精材富邦4A購01,0,0,0,---,---,---, ---,,,0.07,30,0.10,10,
729379,弘塑元富47購05,0,0,0,---,---,---, ---,,,0.00,0,0.00,0,
729380,昇達科元富47購03,0,0,0,---,---,---, ---,,,0.23,25,0.24,25,
729381,昇達科元富4A購01,0,0,0,---,---,---, ---,,,0.33,25,0.34,25,
729382,昇達科元富51購01,0,0,0,---,---,---, ---,,,1.04,25,1.05,25,
729383,富喬元富47購01,"337,000",29,"563,260",1.85,2.11,1.59,1.59,+,0.08,1.57,25,1.58,25,
729384,僑威元富48購01,0,0,0,---,---,---, ---,,,1.08,25,1.09,25,
729385,榮剛元富47購01,0,0,0,---,---,---, ---,,,0.07,25,0.10,10,
729386,榮剛元富4A購01,0,0,0,---,---,---, ---,,,0.90,25,0.92,25,
729387,精材元富47購04,0,0,0,---,---,---, ---,,,0.00,0,0.10,25,
729388,台燿凱基47購04,0,0,0,---,---,---, ---,,,0.58,100,0.59,10,
729389,立端凱基47購01,0,0,0,---,---,---, ---,,,0.05,100,0.15,10,
729390,系微凱基48購02,0,0,0,---,---,---, ---,,,0.02,30,0.03,50,
729391,欣銓凱基47購03,"7,000",2,"16,380",2.52,2.52,2.31,2.31,-,0.25,2.28,100,2.29,10,
729392,華星光凱基47購03,0,0,0,---,---,---, ---,,,0.05,100,0.15,10,
729393,越峰凱基47購01,"8,000",1,400,0.05,0.05,0.05,0.05,-,0.01,0.05,80,0.15,110,
729394,鈊象凱基48購05,0,0,0,---,---,---, ---,,,0.62,100,0.63,10,
729395,精材凱基47購04,0,0,0,---,---,---, ---,,,0.03,80,0.13,10,
729396,廣明凱基47購06,0,0,0,---,---,---, ---,,,0.13,30,0.14,50,
729397,譜瑞凱基47購02,0,0,0,---,---,---, ---,,,0.17,100,0.18,50,
729398,英濟中信47購01,"410,000",41,"24,800",0.08,0.08,0.06,0.06,-,0.0,0.07,10,0.08,10,
729399,弘塑群益47購07,0,0,0,---,---,---, ---,,,0.00,0,0.00,0,
729400,伍豐群益48購01,0,0,0,---,---,---, ---,,,0.27,25,0.28,10,
729401,伯特光群益51購01,0,0,0,---,---,---, ---,,,0.50,25,0.51,10,
729402,宏觀群益48購01,0,0,0,---,---,---, ---,,,0.17,25,0.20,10,
729403,昇達科群益49購01,0,0,0,---,---,---, ---,,,0.48,100,0.49,100,
729404,英濟群益4B購01,"2,000",1,"1,040",0.52,0.52,0.52,0.52,+,0.08,0.24,41,0.00,0,
729405,振曜群益49購04,"30,000",4,"33,320",1.10,1.12,1.10,1.11,+,0.03,1.12,25,1.22,10,
729406,華星光群益4B購02,"27,000",2,"38,880",1.44,1.44,1.44,1.44,+,0.01,1.35,100,1.36,100,
729407,群聯群益47購03,"33,000",1,"34,980",1.06,1.06,1.06,1.06,+,0.15,0.83,100,0.84,100,
729408,精材群益47購05,0,0,0,---,---,---, ---,,,0.05,100,0.06,100,
729409,精材群益47購06,"3,204,000",11,"463,230",0.15,0.16,0.13,0.13,-,0.05,0.13,100,0.14,100,
729410,桓達第一48購01,0,0,0,---,---,---, ---,,,0.13,10,0.14,10,
729411,朋億*統一55購01,0,0,0,---,---,---, ---,,,0.37,10,0.38,10,
729412,精材統一51購05,0,0,0,---,---,---, ---,,,0.11,10,0.12,10,
729413,銳澤統一55購01,0,0,0,---,---,---, ---,,,0.37,10,0.39,10,
729414,合晶永豐48購01,"20,000",2,"4,600",0.24,0.24,0.22,0.22,-,0.03,0.18,62,0.19,10,
729415,朋億*永豐49購01,"155,000",2,"13,950",0.09,0.09,0.09,0.09,-,0.01,0.09,499,0.10,10,
729416,欣銓永豐48購03,0,0,0,---,---,---, ---,,,1.47,499,1.49,10,
729417,威剛永豐4A購01,0,0,0,---,---,---, ---,,,0.97,40,3.23,2,
729418,常珵永豐4B購01,"29,000",1,"10,440",0.36,0.36,0.36,0.36,-,0.01,0.35,509,0.36,10,
729419,聖暉*永豐49購01,0,0,0,---,---,---, ---,,,0.11,499,0.12,12,
729420,雙鴻永豐4A購01,0,0,0,---,---,---, ---,,,0.19,7,0.00,0,
729421,世界元大48購01,0,0,0,---,---,---, ---,,,0.25,499,0.26,10,
729422,良維元大4B購01,"270,000",3,"469,300",1.68,1.76,1.68,1.76,+,0.08,1.76,450,1.77,10,
729423,原相元大4A購03,"90,000",1,"61,200",0.68,0.68,0.68,0.68,-,0.08,0.67,499,0.68,10,
729424,華星光元大48購03,0,0,0,---,---,---, ---,,,0.12,499,0.13,10,
729425,群ESG元大52購01,0,0,0,---,---,---, ---,,,0.22,100,0.00,0,
729426,群ESG元大58購01,0,0,0,---,---,---, ---,,,0.34,100,0.00,0,
729427,聖暉*元大4B購02,"228,000",7,"114,980",0.50,0.51,0.48,0.48,-,0.05,0.48,499,0.50,10,
729428,僑威元大48購01,"10,000",1,"2,700",0.27,0.27,0.27,0.27,+,0.01,0.22,499,0.23,10,
729429,精材元大48購03,0,0,0,---,---,---, ---,,,0.00,0,0.10,10,
729430,精測元大48購02,"71,000",3,"75,580",0.99,1.08,0.99,1.08,+,0.05,0.93,499,1.03,10,
729431,CT債20凱基4A購01,0,0,0,---,---,---, ---,,,0.38,100,0.00,0,
729432,元太凱基48購02,0,0,0,---,---,---, ---,,,0.19,50,0.29,10,
729433,弘塑凱基48購03,"4,000",1,400,0.10,0.10,0.10,0.10,+,0.03,0.01,64,0.00,0,
729434,伍豐凱基49購01,0,0,0,---,---,---, ---,,,0.46,30,0.47,30,
729435,系統電凱基48購01,"541,000",10,"380,950",0.83,0.83,0.64,0.64,-,0.16,0.63,20,0.64,10,
729436,系微凱基48購03,0,0,0,---,---,---, ---,,,0.01,50,0.02,50,
729437,欣銓凱基48購04,0,0,0,---,---,---, ---,,,2.47,100,2.50,10,
729438,桓達凱基48購01,0,0,0,---,---,---, ---,,,0.06,100,0.07,50,
729439,聖暉*凱基49購01,0,0,0,---,---,---, ---,,,0.16,30,0.17,50,
729440,元太富邦49購01,"271,000",7,"27,150",0.10,0.11,0.10,0.11,-,0.0,0.11,22,0.12,106,
729441,欣銓元富48購01,0,0,0,---,---,---, ---,,,0.92,25,0.93,25,
729442,大宇資國票49購01,0,0,0,---,---,---, ---,,,0.29,25,0.30,10,
729443,弘塑國票49購02,"4,000",1,800,0.20,0.20,0.20,0.20,-,0.04,0.19,25,0.20,10,
729444,系微國票49購01,0,0,0,---,---,---, ---,,,0.01,25,0.02,10,
729445,朋億*國票49購01,0,0,0,---,---,---, ---,,,0.18,25,0.19,10,
729446,神盾國票49購01,0,0,0,---,---,---, ---,,,0.01,25,0.02,10,
729447,聖暉*國票49購01,0,0,0,---,---,---, ---,,,0.43,25,0.44,10,
729448,台燿群益48購02,"27,000",4,"28,900",1.06,1.08,0.98,0.98,-,0.21,0.97,100,0.98,100,
729449,系微群益48購04,"17,000",1,170,0.01,0.01,0.01,0.01,-,0.02,0.01,25,0.03,10,
729450,欣銓群益48購04,0,0,0,---,---,---, ---,,,0.00,0,1.55,10,
729451,信立群益48購02,"3,000",1,"10,920",3.64,3.64,3.64,3.64,-,0.27,0.00,0,0.00,0,
729452,聖暉*群益49購01,0,0,0,---,---,---, ---,,,0.13,25,0.14,10,
729453,精材群益48購02,0,0,0,---,---,---, ---,,,0.23,100,0.24,100,
729454,譜瑞群益48購03,"90,000",1,"16,200",0.18,0.18,0.18,0.18,-,0.01,0.18,100,0.19,100,
729455,振曜國泰49購01,0,0,0,---,---,---, ---,,,0.75,499,0.79,100,
729456,原相台新48購01,0,0,0,---,---,---, ---,,,0.48,20,0.49,10,
729457,伯特光第一48購01,0,0,0,---,---,---, ---,,,0.14,10,0.15,10,
729458,欣銓第一48購02,0,0,0,---,---,---, ---,,,0.96,10,1.01,10,
729459,中美晶富邦4B購01,"165,000",5,"85,200",0.50,0.52,0.50,0.52,+,0.04,0.51,30,0.53,10,
729460,信驊富邦4B購01,"10,000",1,"5,800",0.58,0.58,0.58,0.58,-,0.06,0.59,10,0.60,10,
729461,振曜富邦4A購01,"766,000",12,"325,370",0.41,0.44,0.41,0.42,-,0.0,0.41,10,0.42,10,
729462,艾訊元大48購01,0,0,0,---,---,---, ---,,,0.08,499,0.09,10,
729463,伯特光元大4B購01,0,0,0,---,---,---, ---,,,0.18,499,0.19,10,
729464,欣銓元大4B購01,"279,000",13,"727,210",2.64,2.64,2.45,2.45,-,0.17,2.43,300,2.44,10,
729465,信驊元大48購03,0,0,0,---,---,---, ---,,,0.83,499,0.87,10,
729466,信驊元大48購04,"121,000",4,"107,030",0.92,0.93,0.88,0.93,-,0.01,0.84,499,0.88,10,
729467,信驊元大48購05,"148,000",5,"165,410",1.10,1.16,1.06,1.06,-,0.1,1.06,499,1.10,10,
729468,原相元大4A購04,"138,000",5,"108,100",0.79,0.79,0.72,0.72,-,0.1,0.72,499,0.73,10,
729469,富喬元大48購03,"325,000",22,"363,390",0.97,1.33,0.97,0.99,+,0.05,0.95,25,0.99,10,
729470,華星光元大48購04,0,0,0,---,---,---, ---,,,0.05,499,0.06,10,
729471,精材元大48購04,0,0,0,---,---,---, ---,,,0.00,0,0.10,10,
729472,精材元大48購05,0,0,0,---,---,---, ---,,,0.02,499,0.12,10,
729473,聖暉*元富48購01,0,0,0,---,---,---, ---,,,0.39,25,0.40,25,
729474,中美晶國票4A購01,0,0,0,---,---,---, ---,,,0.42,25,0.44,10,
729475,朋億*國票49購02,0,0,0,---,---,---, ---,,,0.29,25,0.31,10,
729476,信驊國票49購01,0,0,0,---,---,---, ---,,,0.79,25,0.80,10,
729477,家登國票48購01,"100,000",2,"32,000",0.32,0.32,0.32,0.32,-,0.07,0.28,25,0.29,10,
729478,擎亞國票49購01,0,0,0,---,---,---, ---,,,3.52,25,3.62,10,
729479,穩懋國票4A購01,0,0,0,---,---,---, ---,,,0.34,25,0.35,10,
729480,雍智台新48購01,0,0,0,---,---,---, ---,,,0.07,20,0.08,10,
729481,力旺國泰49購01,0,0,0,---,---,---, ---,,,0.22,10,0.24,10,
729482,信驊國泰49購01,0,0,0,---,---,---, ---,,,1.56,499,1.67,100,
729483,精測國泰49購01,"25,000",3,"48,740",1.88,2.06,1.88,2.06,-,0.08,1.83,10,1.85,10,
729484,力旺統一52購01,"25,000",5,"2,510",0.10,0.11,0.10,0.11,-,0.0,0.10,10,0.11,10,
729485,力旺統一52購02,0,0,0,---,---,---, ---,,,0.16,10,0.17,10,
729486,力旺統一54購02,"15,000",2,"5,650",0.39,0.39,0.37,0.37,-,0.0,0.37,10,0.38,10,
729487,朋億*統一54購01,0,0,0,---,---,---, ---,,,0.26,10,0.27,10,
729488,信驊統一52購01,"20,000",1,"12,800",0.64,0.64,0.64,0.64,-,0.01,0.62,10,0.63,10,
729489,信驊統一56購01,0,0,0,---,---,---, ---,,,1.09,10,1.10,10,
729490,原相統一51購01,0,0,0,---,---,---, ---,,,0.38,10,0.39,10,
729491,原相統一52購02,0,0,0,---,---,---, ---,,,0.34,10,0.35,10,
729492,泰茂統一52購02,0,0,0,---,---,---, ---,,,0.56,10,0.57,10,
729493,華星光統一52購01,"5,000",1,"1,250",0.25,0.25,0.25,0.25,-,0.01,0.24,10,0.25,10,
729494,聖暉*統一52購01,0,0,0,---,---,---, ---,,,0.27,10,0.28,10,
729495,銳澤統一52購01,0,0,0,---,---,---, ---,,,0.45,10,0.46,10,
729496,聰泰統一52購01,0,0,0,---,---,---, ---,,,0.47,10,0.48,10,
729497,昇達科永豐4B購01,0,0,0,---,---,---, ---,,,0.27,62,0.28,62,
729498,信驊永豐49購01,0,0,0,---,---,---, ---,,,1.63,499,1.73,10,
729499,國債20永豐55購01,"20,000",2,"34,200",1.67,1.75,1.67,1.75,+,0.19,1.74,62,1.75,10,
729500,力旺凱基48購03,0,0,0,---,---,---, ---,,,0.04,90,0.14,10,
729501,世界凱基48購01,0,0,0,---,---,---, ---,,,0.49,100,0.50,30,
729502,立敦凱基48購01,0,0,0,---,---,---, ---,,,0.48,10,0.49,30,
729503,系微凱基48購04,0,0,0,---,---,---, ---,,,0.02,50,0.12,10,
729504,朋億*凱基49購01,0,0,0,---,---,---, ---,,,0.11,70,0.12,50,
729505,信立凱基4A購01,0,0,0,---,---,---, ---,,,1.92,100,2.02,10,
729506,信驊凱基48購02,0,0,0,---,---,---, ---,,,0.62,80,0.72,10,
729507,信驊凱基49購01,0,0,0,---,---,---, ---,,,1.52,100,1.62,10,
729508,譜瑞凱基48購03,0,0,0,---,---,---, ---,,,0.55,100,0.56,10,
729509,譜瑞凱基48購04,0,0,0,---,---,---, ---,,,0.30,100,0.31,30,
729510,力旺群益48購03,0,0,0,---,---,---, ---,,,0.36,100,0.37,100,
729511,弘塑群益4A購01,"103,000",2,"49,440",0.48,0.48,0.48,0.48,-,0.04,0.22,45,0.00,0,
729512,系微群益4A購01,0,0,0,---,---,---, ---,,,0.05,25,0.06,10,
729513,朋億*群益4A購01,0,0,0,---,---,---, ---,,,0.07,10,0.30,10,
729514,信驊群益48購03,"11,000",2,"25,650",2.25,2.40,2.25,2.40,-,0.0,2.21,100,2.22,100,
729515,華星光群益48購04,0,0,0,---,---,---, ---,,,0.09,100,0.10,100,
729516,華星光群益4C購01,0,0,0,---,---,---, ---,,,0.52,100,0.53,100,
729517,聖暉*群益4A購01,0,0,0,---,---,---, ---,,,0.41,25,0.42,10,
729518,台星科元大48購01,0,0,0,---,---,---, ---,,,0.04,499,0.14,10,
729519,良維元大48購01,0,0,0,---,---,---, ---,,,1.88,400,1.98,10,
729520,昇達科元大4A購01,"33,000",1,"3,630",0.11,0.11,0.11,0.11,-,0.01,0.11,499,0.12,10,
729521,朋億*元大48購01,0,0,0,---,---,---, ---,,,0.04,499,0.14,10,
729522,欣銓元大48購01,"30,000",3,"19,600",0.70,0.70,0.58,0.58,-,0.13,0.56,499,0.57,10,
729523,原相元大4B購01,"236,000",6,"234,010",1.00,1.00,0.95,0.95,-,0.08,0.93,499,0.94,10,
729524,華星光元大4B購03,"25,000",3,"4,650",0.19,0.19,0.18,0.19,-,0.0,0.17,509,0.18,10,
729525,聖暉*元大48購02,0,0,0,---,---,---, ---,,,0.07,499,0.08,10,
729526,雍智元大48購01,0,0,0,---,---,---, ---,,,0.01,499,0.11,10,
729527,元太統一52購01,"200,000",2,"24,000",0.12,0.12,0.12,0.12,-,0.0,0.11,15,0.12,10,
729528,立敦統一58購01,0,0,0,---,---,---, ---,,,0.40,10,0.41,10,
729529,朋億*統一52購01,0,0,0,---,---,---, ---,,,0.20,10,0.21,10,
729530,朋億*統一55購02,0,0,0,---,---,---, ---,,,0.15,10,0.16,10,
729531,朋億*統一56購01,0,0,0,---,---,---, ---,,,0.25,10,0.26,10,
729532,欣銓統一58購01,0,0,0,---,---,---, ---,,,0.58,10,0.59,10,
729533,神準統一52購01,"2,000",2,900,0.46,0.46,0.44,0.44,-,0.04,0.42,11,0.43,10,
729534,高鋒統一56購01,"142,000",4,"127,770",0.90,0.90,0.89,0.89,-,0.01,0.86,10,0.87,10,
729535,智擎統一58購01,0,0,0,---,---,---, ---,,,0.50,10,0.51,10,
729536,聖暉*統一58購01,0,0,0,---,---,---, ---,,,0.38,10,0.39,10,
729537,僑威統一4C購01,0,0,0,---,---,---, ---,,,0.67,10,0.68,10,
729538,大樹永豐48購01,0,0,0,---,---,---, ---,,,0.44,62,0.45,10,
729539,朋億*永豐4A購01,0,0,0,---,---,---, ---,,,0.04,499,0.11,10,
729540,欣銓永豐49購02,0,0,0,---,---,---, ---,,,0.74,62,0.75,10,
729541,康全電永豐4A購01,0,0,0,---,---,---, ---,,,0.16,499,0.17,10,
729542,華星光永豐4B購02,"20,000",1,"2,400",0.12,0.12,0.12,0.12,-,0.01,0.11,200,0.12,10,
729543,銳澤永豐48購01,0,0,0,---,---,---, ---,,,0.00,0,0.00,0,
729544,銳澤永豐52購01,0,0,0,---,---,---, ---,,,0.00,0,0.00,0,
729545,耀勝永豐48購01,0,0,0,---,---,---, ---,,,0.10,62,0.11,10,
729546,中美晶凱基48購01,0,0,0,---,---,---, ---,,,0.42,100,0.52,10,
729547,朋億*凱基48購01,0,0,0,---,---,---, ---,,,0.01,50,0.02,50,
729548,欣銓凱基4A購01,"2,000",1,"1,940",0.97,0.97,0.97,0.97,-,0.09,0.93,100,0.94,10,
729549,家登凱基48購01,0,0,0,---,---,---, ---,,,0.14,100,0.20,10,
729550,精材凱基48購04,0,0,0,---,---,---, ---,,,0.07,60,0.17,10,
729551,精測凱基48購04,"30,000",2,"21,400",0.71,0.73,0.71,0.73,+,0.13,0.55,20,0.56,30,
729552,穩懋凱基4A購01,"106,000",7,"13,780",0.13,0.13,0.13,0.13,-,0.0,0.08,100,0.13,14,
729553,久昌國票49購01,0,0,0,---,---,---, ---,,,0.28,25,0.29,10,
729554,欣銓國票49購01,0,0,0,---,---,---, ---,,,2.20,25,2.22,10,
729555,胡連國票4A購01,"50,000",5,"10,600",0.23,0.23,0.19,0.19,-,0.04,0.19,25,0.20,10,
729556,神盾國票49購02,0,0,0,---,---,---, ---,,,0.03,25,0.04,10,
729557,雙鴻國票49購01,0,0,0,---,---,---, ---,,,0.48,25,0.49,10,
729558,騰雲國票49購01,0,0,0,---,---,---, ---,,,0.10,25,0.11,10,
729559,華星光台新48購01,0,0,0,---,---,---, ---,,,0.17,20,0.18,10,
729560,艾訊兆豐52購01,0,0,0,---,---,---, ---,,,0.46,10,0.47,10,
729561,欣銓兆豐4A購01,"3,000",1,"3,900",1.30,1.30,1.30,1.30,-,0.04,1.19,10,1.20,10,
729562,台燿富邦4A購01,"197,000",5,"111,510",0.59,0.59,0.55,0.55,-,0.06,0.56,30,0.57,10,
729563,系微富邦4A購01,0,0,0,---,---,---, ---,,,0.02,30,0.10,10,
729564,華星光富邦4A購01,0,0,0,---,---,---, ---,,,0.06,80,0.10,10,
729565,兆利元富48購01,0,0,0,---,---,---, ---,,,0.07,25,0.10,10,
729566,兆利元富48購02,0,0,0,---,---,---, ---,,,0.03,25,0.10,10,
729567,華星光元富48購02,"80,000",3,"3,800",0.10,0.10,0.03,0.03,-,0.09,0.02,25,0.10,10,
729568,大中群益4B購01,"10,000",2,"7,600",0.77,0.77,0.75,0.75,-,0.05,0.73,25,0.75,10,
729569,欣銓群益4A購01,0,0,0,---,---,---, ---,,,1.28,100,1.29,100,
729570,原相群益48購01,"510,000",4,"265,200",0.52,0.52,0.52,0.52,-,0.09,0.50,100,0.51,100,
729571,華星光群益4C購02,0,0,0,---,---,---, ---,,,0.29,100,0.30,100,
729572,萬潤第一48購01,"25,000",2,"4,950",0.20,0.20,0.19,0.19,-,0.03,0.18,10,0.19,10,
729573,萬潤第一48購02,"1,000",1,190,0.19,0.19,0.19,0.19,-,0.04,0.19,9,0.20,10,
729574,元太國票49購01,0,0,0,---,---,---, ---,,,0.03,25,0.05,10,
729575,良維國票49購01,0,0,0,---,---,---, ---,,,2.49,25,2.58,10,
729576,旺矽國票49購03,"222,000",3,"194,800",0.89,0.89,0.87,0.87,-,0.08,0.85,25,0.86,10,
729577,神盾國票49購03,0,0,0,---,---,---, ---,,,0.05,25,0.06,10,
729578,神準國票49購01,0,0,0,---,---,---, ---,,,0.82,25,0.84,10,
729579,鈊象國票49購02,0,0,0,---,---,---, ---,,,1.63,25,1.65,10,
729580,萬潤國票49購01,"355,000",6,"95,330",0.27,0.29,0.26,0.26,+,0.01,0.22,25,0.23,10,
729581,宏捷科群益48購03,0,0,0,---,---,---, ---,,,0.50,25,0.51,10,
729582,朋程群益4A購01,0,0,0,---,---,---, ---,,,0.19,25,0.20,10,
729583,欣銓群益4C購01,"3,000",2,"5,880",1.96,1.96,1.96,1.96,-,0.12,1.94,100,1.95,100,
729584,家登群益48購01,0,0,0,---,---,---, ---,,,0.03,10,0.28,10,
729585,鈦昇群益48購01,0,0,0,---,---,---, ---,,,1.00,25,1.01,10,
729586,萬潤群益48購01,0,0,0,---,---,---, ---,,,0.01,499,0.00,0,
729587,驊訊群益48購01,"110,000",3,"40,700",0.37,0.37,0.37,0.37,-,0.05,0.17,58,1.07,12,
729588,台星科凱基48購01,0,0,0,---,---,---, ---,,,0.05,10,0.07,2,
729589,胡連凱基4A購01,0,0,0,---,---,---, ---,,,0.08,50,0.09,50,
729590,原相凱基4A購02,0,0,0,---,---,---, ---,,,0.63,100,0.64,10,
729591,泰茂凱基48購01,0,0,0,---,---,---, ---,,,0.51,499,0.52,350,
729592,萬潤凱基48購01,"100,000",8,"11,400",0.12,0.12,0.10,0.10,-,0.0,0.08,100,0.18,10,
729593,萬潤凱基48購02,"58,000",3,"15,110",0.29,0.29,0.22,0.22,-,0.02,0.22,100,0.32,10,
729594,萬潤凱基48購03,"1,000",1,200,0.20,0.20,0.20,0.20,-,0.02,0.19,100,0.29,10,
729595,雍智凱基4A購02,0,0,0,---,---,---, ---,,,0.20,80,0.21,50,
729596,精測凱基48購05,"106,000",3,"289,160",2.88,3.10,2.71,2.71,-,0.08,2.73,30,2.74,10,
729597,騰雲凱基48購01,0,0,0,---,---,---, ---,,,0.02,30,0.03,50,
729598,驊訊凱基48購01,"15,000",2,"4,400",0.30,0.30,0.28,0.28,-,0.15,0.25,40,0.35,10,
729599,宏捷科元大48購01,0,0,0,---,---,---, ---,,,0.61,499,0.62,10,
729600,宏觀元大48購01,"70,000",3,"7,200",0.10,0.11,0.10,0.11,-,0.0,0.09,499,0.10,10,
729601,前鼎元大48購01,0,0,0,---,---,---, ---,,,0.14,499,0.18,10,
729602,原相元大48購02,0,0,0,---,---,---, ---,,,0.17,499,0.25,10,
729603,原相元大48購03,0,0,0,---,---,---, ---,,,0.40,499,0.50,10,
729604,原相元大4B購02,0,0,0,---,---,---, ---,,,0.47,499,0.57,10,
729605,富喬元大48購04,"86,000",6,"105,570",1.25,1.28,1.10,1.13,+,0.07,1.07,25,0.00,0,
729606,華星光元大4B購04,"486,000",7,"268,980",0.57,0.57,0.53,0.53,-,0.03,0.52,499,0.53,10,
729607,萬潤元大48購01,0,0,0,---,---,---, ---,,,0.15,499,0.16,10,
729608,精測元大48購03,"122,000",8,"161,880",1.21,1.39,1.11,1.11,-,0.31,1.13,499,1.14,10,
729609,均華中信48購02,"308,000",10,"97,530",0.29,0.36,0.29,0.30,+,0.06,0.28,10,0.29,10,
729610,驊訊元富48購01,0,0,0,---,---,---, ---,,,0.08,25,0.10,10,
729611,台燿永豐48購02,"79,000",4,"81,070",1.00,1.03,1.00,1.03,+,0.01,0.96,499,0.97,10,
729612,艾訊永豐49購01,0,0,0,---,---,---, ---,,,0.16,499,0.17,10,
729613,智通*永豐48購01,"1,000",1,740,0.74,0.74,0.74,0.74,-,0.01,0.74,499,0.76,10,
729614,萬潤永豐4A購01,"166,000",3,"82,480",0.53,0.53,0.46,0.46,-,0.04,0.43,62,0.44,62,
729615,萬潤永豐4B購01,"69,000",6,"44,880",0.68,0.72,0.60,0.60,-,0.05,0.57,62,0.67,10,
729616,譜瑞永豐49購01,"40,000",2,"20,800",0.52,0.52,0.52,0.52,-,0.02,0.51,62,0.53,10,
729617,中美晶國泰49購01,0,0,0,---,---,---, ---,,,1.41,499,0.00,0,
729618,立敦統一52購01,0,0,0,---,---,---, ---,,,0.51,10,0.52,10,
729619,亞泰統一52購01,0,0,0,---,---,---, ---,,,0.34,10,0.35,10,
729620,朋億*統一52購02,0,0,0,---,---,---, ---,,,0.14,10,0.15,10,
729621,朋億*統一52購03,0,0,0,---,---,---, ---,,,0.23,10,0.24,10,
729622,欣銓統一51購02,"158,000",4,"125,790",0.80,0.81,0.74,0.74,-,0.05,0.74,10,0.75,10,
729623,欣銓統一52購01,0,0,0,---,---,---, ---,,,0.50,10,0.51,10,
729624,能率統一52購01,"110,000",1,"52,800",0.48,0.48,0.48,0.48,-,0.01,0.47,10,0.48,10,
729625,華星光統一56購01,0,0,0,---,---,---, ---,,,0.28,10,0.29,10,
729626,萬潤統一52購01,"106,000",3,"26,510",0.25,0.26,0.25,0.26,+,0.01,0.22,10,0.23,10,
729627,萬潤統一54購01,"165,000",6,"89,100",0.56,0.56,0.52,0.52,-,0.01,0.51,20,0.52,10,
729628,萬潤統一54購02,"41,000",3,"14,170",0.37,0.37,0.33,0.33,-,0.02,0.33,15,0.36,1,
729629,萬潤統一56購01,0,0,0,---,---,---, ---,,,0.48,10,0.49,10,
729630,僑威統一52購01,0,0,0,---,---,---, ---,,,0.61,10,0.62,10,
729631,擎亞統一52購01,"57,000",5,"41,700",0.73,0.74,0.70,0.74,-,0.01,0.74,10,0.75,10,
729632,立敦富邦4A購01,0,0,0,---,---,---, ---,,,0.33,10,0.34,10,
729633,鈊象富邦49購03,"121,000",9,"44,770",0.37,0.37,0.37,0.37,+,0.01,0.35,10,0.36,10,
729634,擎亞富邦4A購01,"34,000",3,"30,360",0.89,0.92,0.88,0.88,-,0.01,0.88,10,0.89,10,
729635,僑威兆豐49購01,"10,000",1,"4,600",0.46,0.46,0.46,0.46,-,0.03,0.45,10,0.00,0,
729636,正基群益49購01,0,0,0,---,---,---, ---,,,0.06,499,0.16,10,
729637,立端群益49購02,0,0,0,---,---,---, ---,,,0.13,25,0.14,10,
729638,宏觀群益4A購01,0,0,0,---,---,---, ---,,,0.10,25,0.13,10,
729639,原相群益48購02,0,0,0,---,---,---, ---,,,0.28,100,0.29,100,
729640,原相群益48購03,"61,000",7,"57,700",0.97,0.97,0.87,0.87,-,0.13,0.85,100,0.86,100,
729641,雍智群益4A購01,0,0,0,---,---,---, ---,,,0.30,25,0.31,10,
729642,精材群益4A購01,"100,000",1,"86,000",0.86,0.86,0.86,0.86,-,0.12,0.87,100,0.88,100,
729643,擎亞群益48購01,0,0,0,---,---,---, ---,,,0.00,0,0.00,0,
729644,耀勝群益4C購01,0,0,0,---,---,---, ---,,,0.18,25,0.19,10,
729645,中美晶第一49購02,0,0,0,---,---,---, ---,,,1.01,10,1.05,10,
729646,僑威第一48購01,0,0,0,---,---,---, ---,,,0.81,10,0.84,10,
729647,環球晶第一48購01,"4,000",1,"11,440",2.86,2.86,2.86,2.86,+,0.1,2.82,10,2.83,10,
729648,正基國票4A購01,"25,000",1,"2,750",0.11,0.11,0.11,0.11,-,0.0,0.09,25,0.10,10,
729649,宏觀國票49購01,0,0,0,---,---,---, ---,,,0.04,25,0.05,10,
729650,富喬國票49購02,0,0,0,---,---,---, ---,,,2.22,25,2.24,10,
729651,僑威國票49購01,"214,000",5,"129,540",0.61,0.61,0.60,0.60,-,1.21,0.54,25,0.55,10,
729652,萬潤台新48購01,0,0,0,---,---,---, ---,,,0.30,20,0.31,10,
729653,元太凱基49購01,"8,000",2,"2,040",0.26,0.26,0.24,0.24,-,0.02,0.24,20,0.34,10,
729654,台燿凱基4A購01,"5,000",2,"8,610",1.75,1.75,1.68,1.68,-,0.07,1.67,100,1.68,10,
729655,正基凱基48購01,0,0,0,---,---,---, ---,,,0.02,100,0.03,50,
729656,宏捷科凱基48購01,0,0,0,---,---,---, ---,,,0.68,10,0.69,30,
729657,欣銓凱基4A購02,"86,000",5,"142,020",1.74,1.74,1.60,1.60,-,0.18,1.58,64,1.59,10,
729658,胡連凱基48購01,0,0,0,---,---,---, ---,,,0.15,60,0.16,30,
729659,聖暉*凱基48購01,0,0,0,---,---,---, ---,,,0.17,30,0.18,50,
729660,僑威凱基48購02,0,0,0,---,---,---, ---,,,0.10,70,0.11,50,
729661,緯軟凱基48購01,"55,000",1,"9,900",0.18,0.18,0.18,0.18,-,0.0,0.16,70,0.17,50,
729662,擎亞凱基48購01,"210,000",7,"230,900",1.22,1.22,1.07,1.07,-,0.15,1.18,40,1.19,10,
729663,大綜中信48購01,0,0,0,---,---,---, ---,,,0.00,0,0.00,0,
729664,正基永豐49購01,0,0,0,---,---,---, ---,,,0.13,499,0.14,10,
729665,正基永豐4A購01,0,0,0,---,---,---, ---,,,0.09,499,0.10,10,
729666,竹陞永豐49購01,"20,000",1,"21,400",1.07,1.07,1.07,1.07,-,0.16,1.05,50,1.06,10,
729667,原相永豐4A購01,0,0,0,---,---,---, ---,,,0.66,499,0.67,10,
729668,泰茂永豐4B購01,"47,000",2,"29,610",0.63,0.63,0.63,0.63,-,0.06,0.62,499,0.64,10,
729669,神準永豐4A購01,"29,000",1,"16,820",0.58,0.58,0.58,0.58,-,0.01,0.48,62,0.49,62,
729670,磐儀永豐48購01,0,0,0,---,---,---, ---,,,0.23,62,0.24,10,
729671,耀勝永豐49購01,0,0,0,---,---,---, ---,,,0.04,499,0.05,10,
729672,朋億*元富48購01,"8,000",1,"3,440",0.43,0.43,0.43,0.43,-,0.04,0.42,25,0.43,25,
729673,朋億*元富48購02,0,0,0,---,---,---, ---,,,0.45,25,0.46,25,
729674,朋億*元富4B購01,0,0,0,---,---,---, ---,,,0.38,10,0.48,25,
729675,欣銓元富48購02,0,0,0,---,---,---, ---,,,0.95,25,0.96,25,
729676,欣銓元富52購01,0,0,0,---,---,---, ---,,,2.04,25,2.05,25,
729677,胡連元富48購01,0,0,0,---,---,---, ---,,,0.20,25,0.21,25,
729678,泰茂元富48購02,0,0,0,---,---,---, ---,,,0.89,25,0.91,25,
729679,驊訊元富48購02,"430,000",4,"86,000",0.20,0.20,0.20,0.20,-,0.07,0.16,25,0.17,25,
729680,大綜元大48購01,"107,000",9,"169,810",1.58,1.62,1.42,1.42,-,0.4,1.32,6,0.00,0,
729681,旺矽元大4B購02,"12,000",2,"12,220",1.02,1.02,1.01,1.01,-,0.04,1.00,499,1.01,10,
729682,欣銓元大48購02,0,0,0,---,---,---, ---,,,0.96,499,0.97,10,
729683,信立元大49購02,0,0,0,---,---,---, ---,,,0.00,0,0.00,0,
729684,原相元大48購04,0,0,0,---,---,---, ---,,,0.20,499,0.21,10,
729685,原相元大48購05,0,0,0,---,---,---, ---,,,0.34,499,0.35,10,
729686,原相元大48購06,"87,000",2,"45,240",0.52,0.52,0.52,0.52,-,0.02,0.46,499,0.47,10,
729687,智擎元大48購02,0,0,0,---,---,---, ---,,,0.18,499,0.19,10,
729688,鈊象元大48購04,"31,000",4,"2,280",0.07,0.08,0.07,0.08,-,0.0,0.06,499,0.08,9,
729689,鈊象元大48購05,0,0,0,---,---,---, ---,,,0.10,499,0.11,10,
729690,鈊象元大48購06,0,0,0,---,---,---, ---,,,0.13,499,0.14,10,
729691,僑威元大48購02,0,0,0,---,---,---, ---,,,0.25,499,0.26,10,
729692,僑威元大48購03,0,0,0,---,---,---, ---,,,0.71,499,0.72,10,
729693,雙鴻元大48購07,0,0,0,---,---,---, ---,,,0.03,99,0.00,0,
729694,旺矽國泰49購01,"68,000",4,"109,740",1.59,1.64,1.59,1.63,+,0.01,1.58,499,1.59,100,
729695,旺矽國泰49購02,0,0,0,---,---,---, ---,,,1.60,499,1.61,100,
729696,正基富邦4A購01,0,0,0,---,---,---, ---,,,0.18,30,0.19,10,
729697,神盾富邦4A購01,0,0,0,---,---,---, ---,,,0.09,30,0.10,10,
729698,中美晶統一52購01,"233,000",7,"122,170",0.52,0.54,0.52,0.54,+,0.05,0.53,10,0.54,90,
729699,元太統一52購02,"100,000",1,"28,000",0.28,0.28,0.28,0.28,-,0.01,0.28,10,0.29,10,
729700,正基統一52購01,0,0,0,---,---,---, ---,,,0.26,10,0.27,10,
729701,正基統一55購01,0,0,0,---,---,---, ---,,,0.20,10,0.21,10,
729702,宏碁資統一52購01,0,0,0,---,---,---, ---,,,0.43,10,0.44,10,
729703,亞泰統一52購02,0,0,0,---,---,---, ---,,,0.38,10,0.39,10,
729704,胡連統一52購01,0,0,0,---,---,---, ---,,,0.25,10,0.26,10,
729705,胡連統一52購02,0,0,0,---,---,---, ---,,,0.21,10,0.22,10,
729706,原相統一52購03,0,0,0,---,---,---, ---,,,0.37,10,0.38,10,
729707,振曜統一52購01,"221,000",8,"134,840",0.61,0.62,0.61,0.61,-,0.02,0.61,10,0.62,10,
729708,萬潤統一52購02,0,0,0,---,---,---, ---,,,0.34,10,0.35,10,
729709,萬潤統一52購03,0,0,0,---,---,---, ---,,,0.36,10,0.38,10,
729710,萬潤統一52購04,0,0,0,---,---,---, ---,,,0.30,10,0.31,10,
729711,萬潤統一58購01,0,0,0,---,---,---, ---,,,0.39,10,0.40,10,
729712,騰雲統一52購01,"100,000",1,"29,000",0.29,0.29,0.29,0.29,-,0.01,0.28,10,0.29,10,
729713,騰雲統一52購02,0,0,0,---,---,---, ---,,,0.24,10,0.25,10,
729714,騰雲統一58購01,0,0,0,---,---,---, ---,,,0.28,10,0.29,10,
729715,均華兆豐52購01,"118,000",26,"145,910",1.19,1.30,1.17,1.22,+,0.09,1.21,10,1.35,1,
729716,旺矽兆豐48購01,"262,000",7,"181,530",0.67,0.72,0.67,0.71,-,0.12,0.69,10,0.70,10,
729717,僑威兆豐4A購01,0,0,0,---,---,---, ---,,,0.64,10,0.65,10,
729718,耀勝兆豐49購01,0,0,0,---,---,---, ---,,,0.04,10,0.05,10,
729719,台燿群益48購03,0,0,0,---,---,---, ---,,,0.60,20,1.30,10,
729720,弘塑群益48購01,"3,798,000",16,"2,429,140",0.66,0.73,0.58,0.58,-,0.06,0.21,10,0.00,0,
729721,先進光群益48購01,0,0,0,---,---,---, ---,,,0.00,0,0.11,10,
729722,艾訊群益4B購02,0,0,0,---,---,---, ---,,,0.14,25,0.15,10,
729723,宏捷科群益48購04,0,0,0,---,---,---, ---,,,0.12,499,0.22,10,
729724,原相群益48購04,"36,000",2,"28,960",0.84,0.84,0.76,0.76,-,0.12,0.75,100,0.76,100,
729725,原相群益48購05,0,0,0,---,---,---, ---,,,0.68,100,0.69,100,
729726,智擎群益4A購01,0,0,0,---,---,---, ---,,,0.24,25,0.25,10,
729727,鈊象群益48購02,0,0,0,---,---,---, ---,,,0.80,100,0.81,100,
729728,僑威群益48購03,0,0,0,---,---,---, ---,,,0.35,25,0.36,10,
729729,精材群益4A購02,0,0,0,---,---,---, ---,,,0.72,100,0.73,100,
729730,廣積群益49購01,0,0,0,---,---,---, ---,,,0.38,25,0.39,10,
729731,中美晶元大48購01,0,0,0,---,---,---, ---,,,0.62,499,0.64,10,
729732,弘塑元大48購02,"708,000",16,"328,190",0.46,0.51,0.41,0.41,-,0.05,0.36,3,0.00,0,
729733,弘塑元大48購03,"591,000",9,"227,880",0.36,0.40,0.36,0.39,+,0.02,0.01,499,0.00,0,
729734,亞泰元大4B購01,0,0,0,---,---,---, ---,,,0.24,499,0.25,10,
729735,欣銓元大48購03,0,0,0,---,---,---, ---,,,1.18,499,1.19,10,
729736,原相元大48購08,0,0,0,---,---,---, ---,,,0.07,499,0.08,10,
729737,原相元大48購09,0,0,0,---,---,---, ---,,,0.30,499,0.31,10,
729738,富喬元大48購05,"3,000",2,"4,210",1.37,1.42,1.37,1.42,+,0.29,1.21,25,1.31,10,
729739,智擎元大48購03,0,0,0,---,---,---, ---,,,0.07,499,0.08,10,
729740,智擎元大48購04,0,0,0,---,---,---, ---,,,0.16,499,0.17,10,
729741,智擎元大4B購01,"10,000",1,"1,800",0.18,0.18,0.18,0.18,-,0.01,0.18,499,0.19,10,
729742,雍智元大48購02,0,0,0,---,---,---, ---,,,0.02,499,0.12,10,
729743,僑威元大48購04,0,0,0,---,---,---, ---,,,0.15,499,0.16,10,
729744,立端凱基48購03,0,0,0,---,---,---, ---,,,0.03,70,0.13,10,
729745,立端凱基49購01,0,0,0,---,---,---, ---,,,0.05,50,0.15,10,
729746,宏碁資凱基49購01,"30,000",1,"5,700",0.19,0.19,0.19,0.19,-,0.0,0.17,20,0.18,50,
729747,亞泰凱基48購01,0,0,0,---,---,---, ---,,,0.07,30,0.08,50,
729748,旺矽凱基4B購01,0,0,0,---,---,---, ---,,,0.91,100,0.92,30,
729749,原相凱基48購01,"3,000",2,"1,170",0.39,0.39,0.39,0.39,-,0.08,0.38,100,0.39,10,
729750,智擎凱基48購02,0,0,0,---,---,---, ---,,,0.04,20,0.14,10,
729751,鈊象凱基48購06,0,0,0,---,---,---, ---,,,0.21,100,0.22,50,
729752,鈊象凱基51購01,0,0,0,---,---,---, ---,,,1.14,100,1.15,10,
729753,精測凱基4C購01,"156,000",8,"394,660",2.70,2.78,2.45,2.48,-,0.07,2.49,40,2.50,10,
729754,雙鴻凱基49購04,0,0,0,---,---,---, ---,,,1.26,30,1.36,10,
729755,正基元富48購01,0,0,0,---,---,---, ---,,,0.04,25,0.10,10,
729756,正基元富48購02,0,0,0,---,---,---, ---,,,0.05,25,0.10,10,
729757,良維元富48購01,0,0,0,---,---,---, ---,,,1.62,25,1.69,25,
729758,宜特元富48購02,0,0,0,---,---,---, ---,,,0.46,31,0.47,25,
729759,欣銓元富48購03,"40,000",2,"46,800",1.17,1.17,1.17,1.17,-,0.09,1.15,25,1.16,25,
729760,金山電元富48購01,0,0,0,---,---,---, ---,,,0.61,25,0.64,25,
729761,胡連元富48購02,0,0,0,---,---,---, ---,,,0.21,25,0.22,25,
729762,朋億*中信48購01,0,0,0,---,---,---, ---,,,0.07,499,0.08,10,
729763,立端永豐4A購01,0,0,0,---,---,---, ---,,,0.05,499,0.06,10,
729764,兆利永豐48購02,0,0,0,---,---,---, ---,,,0.01,62,0.03,10,
729765,胡連永豐48購01,0,0,0,---,---,---, ---,,,0.11,499,0.12,10,
729766,原相永豐4B購01,0,0,0,---,---,---, ---,,,0.73,62,0.74,10,
729767,神盾永豐4A購01,0,0,0,---,---,---, ---,,,0.14,499,0.15,10,
729768,博智永豐49購01,"184,000",7,"220,900",1.27,1.27,1.19,1.21,+,0.03,1.15,499,1.25,10,
729769,智擎永豐52購01,0,0,0,---,---,---, ---,,,0.29,499,0.30,62,
729770,僑威永豐4A購01,0,0,0,---,---,---, ---,,,0.70,499,0.71,62,
729771,擎亞永豐49購01,"46,000",6,"51,610",1.18,1.19,1.10,1.11,-,0.1,1.18,50,1.20,10,
729772,大綜國票49購01,"46,000",2,"99,600",2.20,2.20,2.16,2.16,-,0.35,1.97,25,1.98,10,
729773,大樹國票4B購01,"4,000",1,"2,040",0.51,0.51,0.51,0.51,-,0.01,0.50,25,0.52,10,
729774,友輝國票49購01,0,0,0,---,---,---, ---,,,0.66,25,0.67,10,
729775,台燿國票4A購01,"20,000",3,"36,520",1.84,1.84,1.78,1.79,-,0.13,1.80,25,1.81,10,
729776,弘塑國票4B購01,0,0,0,---,---,---, ---,,,1.28,25,1.30,10,
729777,立端國票4C購01,0,0,0,---,---,---, ---,,,0.29,25,0.30,10,
729778,系統電國票49購01,0,0,0,---,---,---, ---,,,0.61,25,0.62,10,
729779,金益鼎國票49購01,"73,000",2,"28,480",0.40,0.40,0.39,0.39,-,0.05,0.39,25,0.40,10,
729780,原相國票49購01,0,0,0,---,---,---, ---,,,0.41,25,0.42,10,
729781,原相國票4A購01,"40,000",3,"32,600",0.85,0.85,0.78,0.78,-,0.13,0.76,25,0.77,10,
729782,能率國票49購01,0,0,0,---,---,---, ---,,,0.44,25,0.45,10,
729783,博智國票48購01,"110,000",5,"161,700",1.47,1.47,1.47,1.47,+,0.09,1.41,25,1.42,10,
729784,智擎國票4B購01,0,0,0,---,---,---, ---,,,0.36,25,0.37,10,
729785,鈦昇國票48購01,0,0,0,---,---,---, ---,,,0.77,25,0.80,10,
729786,銳澤國票49購01,0,0,0,---,---,---, ---,,,0.35,25,0.39,10,
729787,譜瑞國票49購01,"10,000",1,"4,400",0.44,0.44,0.44,0.44,-,0.01,0.43,25,0.44,10,
729788,弘塑國泰49購01,"182,000",6,"251,890",1.42,1.47,1.28,1.28,-,0.2,1.23,10,1.33,10,
729789,宏碁資富邦48購01,0,0,0,---,---,---, ---,,,0.14,30,0.15,10,
729790,欣銓富邦49購01,"108,000",3,"69,190",0.68,0.68,0.63,0.63,-,0.08,0.62,30,0.63,10,
729791,台燿統一58購01,"17,000",2,"11,880",0.69,0.70,0.69,0.70,-,0.0,0.68,10,0.69,10,
729792,正基統一52購02,0,0,0,---,---,---, ---,,,0.16,10,0.17,10,
729793,正基統一52購03,0,0,0,---,---,---, ---,,,0.23,10,0.24,10,
729794,正基統一58購01,0,0,0,---,---,---, ---,,,0.24,10,0.25,10,
729795,永信建統一52購03,"30,000",1,"16,500",0.55,0.55,0.55,0.55,-,0.0,0.51,24,0.52,10,
729796,艾訊統一52購01,0,0,0,---,---,---, ---,,,0.18,10,0.19,10,
729797,宏碁資統一52購02,0,0,0,---,---,---, ---,,,0.33,10,0.34,10,
729798,朋億*統一52購04,"46,000",1,"16,560",0.36,0.36,0.36,0.36,-,0.0,0.35,10,0.36,10,
729799,金益鼎統一58購01,0,0,0,---,---,---, ---,,,0.42,10,0.43,10,
729800,胡連統一52購03,"5,000",1,"1,550",0.31,0.31,0.31,0.31,-,0.03,0.31,10,0.32,10,
729801,博智統一52購01,"3,043,000",28,"2,213,450",0.78,0.78,0.72,0.75,+,0.02,0.73,10,0.74,10,
729802,智擎統一52購01,0,0,0,---,---,---, ---,,,0.31,10,0.32,10,
729803,智擎統一58購02,0,0,0,---,---,---, ---,,,0.30,10,0.31,10,
729804,僑威統一5A購01,0,0,0,---,---,---, ---,,,0.51,10,0.52,10,
729805,緯軟統一52購01,0,0,0,---,---,---, ---,,,0.28,10,0.29,10,
729806,擎亞統一52購02,"63,000",5,"26,690",0.42,0.43,0.41,0.42,-,0.01,0.36,2,0.42,10,
729807,瀧澤科統一56購02,0,0,0,---,---,---, ---,,,0.32,10,0.33,10,
729808,騰雲統一5A購01,0,0,0,---,---,---, ---,,,0.39,10,0.40,10,
729809,友輝元富4B購01,0,0,0,---,---,---, ---,,,0.80,25,0.81,25,
729810,宏碁資元富4B購01,0,0,0,---,---,---, ---,,,0.42,25,0.43,25,
729811,系微元富48購01,0,0,0,---,---,---, ---,,,0.01,25,0.10,10,
729812,系微元富48購02,0,0,0,---,---,---, ---,,,0.00,0,0.10,25,
729813,系微元富48購03,0,0,0,---,---,---, ---,,,0.00,0,0.10,25,
729814,欣銓元富48購04,0,0,0,---,---,---, ---,,,0.33,25,0.34,25,
729815,神盾元富49購03,0,0,0,---,---,---, ---,,,0.04,25,0.10,10,
729816,鈦昇元富48購01,0,0,0,---,---,---, ---,,,0.51,25,0.52,25,
729817,亞泰中信48購01,0,0,0,---,---,---, ---,,,0.12,499,0.13,10,
729818,世禾永豐49購01,"30,000",1,"16,500",0.55,0.55,0.55,0.55,-,0.01,0.51,62,0.52,10,
729819,原相永豐49購01,"353,000",6,"1,468,660",4.56,4.56,4.15,4.15,-,0.57,4.00,499,4.10,10,
729820,泰金永豐48購01,"30,000",1,"3,600",0.12,0.12,0.12,0.12,-,0.01,0.12,62,0.13,10,
729821,神準永豐4B購01,0,0,0,---,---,---, ---,,,1.01,499,1.02,12,
729822,雙鴻永豐48購04,"8,000",1,"7,840",0.98,0.98,0.98,0.98,-,0.0,0.00,0,0.00,0,
729823,艾訊群益4B購03,0,0,0,---,---,---, ---,,,0.10,25,0.11,10,
729824,系微群益4B購01,0,0,0,---,---,---, ---,,,0.04,25,0.05,10,
729825,欣銓群益4C購02,"120,000",1,"98,400",0.82,0.82,0.82,0.82,-,0.04,0.76,100,0.77,100,
729826,佶優群益49購01,"34,000",1,"30,260",0.89,0.89,0.89,0.89,-,0.09,0.88,25,0.89,10,
729827,原相群益48購06,0,0,0,---,---,---, ---,,,0.60,100,0.61,100,
729828,富喬群益4B購01,"42,000",4,"56,180",1.34,1.34,1.33,1.33,+,0.5,1.15,100,1.16,100,
729829,智擎群益51購01,0,0,0,---,---,---, ---,,,0.32,25,0.33,10,
729830,華研群益4A購01,0,0,0,---,---,---, ---,,,0.53,25,0.54,10,
729831,鈊象群益48購03,0,0,0,---,---,---, ---,,,1.17,100,1.18,100,
729832,僑威群益49購01,0,0,0,---,---,---, ---,,,0.08,10,0.00,0,
729833,欣銓兆豐4A購02,0,0,0,---,---,---, ---,,,1.04,10,1.05,10,
729834,英濟兆豐52購01,"290,000",11,"285,540",0.98,1.03,0.87,0.88,-,0.03,1.00,10,1.01,10,
729835,聰泰兆豐52購01,"54,000",2,"28,620",0.53,0.53,0.53,0.53,-,0.03,0.53,10,0.54,10,
729836,弘塑凱基48購04,"228,000",2,"66,120",0.29,0.29,0.29,0.29,-,0.05,0.08,135,0.00,0,
729837,先進光凱基48購01,0,0,0,---,---,---, ---,,,0.08,10,0.09,50,
729838,金益鼎凱基48購01,0,0,0,---,---,---, ---,,,0.31,20,0.32,30,
729839,胡連凱基48購02,0,0,0,---,---,---, ---,,,0.26,80,0.27,10,
729840,智擎凱基48購03,0,0,0,---,---,---, ---,,,0.15,20,0.16,50,
729841,鈊象凱基48購07,"121,000",9,"46,350",0.42,0.42,0.38,0.38,-,0.03,0.38,40,0.39,30,
729842,鈦昇凱基48購01,0,0,0,---,---,---, ---,,,1.06,100,1.07,10,
729843,譜瑞凱基4C購01,0,0,0,---,---,---, ---,,,0.75,100,0.76,10,
729844,耀勝凱基49購01,0,0,0,---,---,---, ---,,,0.04,100,0.05,50,
729845,弘塑元大48購04,"436,000",8,"145,420",0.36,0.37,0.31,0.31,-,0.04,0.01,499,0.40,5,
729846,立端元大48購01,0,0,0,---,---,---, ---,,,0.00,0,0.10,10,
729847,立端元大48購02,0,0,0,---,---,---, ---,,,0.01,998,0.11,10,
729848,立端元大48購03,0,0,0,---,---,---, ---,,,0.03,499,0.13,10,
729849,艾訊元大48購02,0,0,0,---,---,---, ---,,,0.00,0,0.10,10,
729850,良維元大49購01,0,0,0,---,---,---, ---,,,2.28,350,2.38,10,
729851,信立元大48購01,"55,000",5,"147,350",2.70,2.70,2.66,2.66,-,0.44,1.69,5,0.00,0,
729852,原相元大48購10,"248,000",3,"72,740",0.31,0.31,0.28,0.28,-,0.04,0.26,499,0.27,10,
729853,智擎元大48購05,0,0,0,---,---,---, ---,,,0.04,499,0.14,10,
729854,智擎元大48購06,0,0,0,---,---,---, ---,,,0.04,499,0.14,10,
729855,智擎元大48購07,"30,000",1,"1,800",0.06,0.06,0.06,0.06,-,0.02,0.07,499,0.08,10,
729856,鈊象元大48購07,0,0,0,---,---,---, ---,,,0.32,499,0.33,10,
729857,擎亞元大4B購01,0,0,0,---,---,---, ---,,,0.56,499,0.66,10,
729858,中光電第一48購01,0,0,0,---,---,---, ---,,,0.11,10,0.12,10,
729859,IET國票4A購01,"109,000",2,"102,360",0.93,0.94,0.93,0.94,+,0.04,0.77,25,0.79,10,
729860,正基國票49購01,0,0,0,---,---,---, ---,,,0.01,524,0.02,10,
729861,系統電國票49購02,0,0,0,---,---,---, ---,,,0.50,25,0.52,10,
729862,宜鼎國票49購01,0,0,0,---,---,---, ---,,,0.71,25,0.72,10,
729863,雍智國票49購01,0,0,0,---,---,---, ---,,,0.22,25,0.23,10,
729864,擎亞國票4A購01,"74,000",7,"85,120",1.16,1.18,1.07,1.16,-,0.01,1.14,25,1.15,10,
729865,耀勝國票4A購01,0,0,0,---,---,---, ---,,,0.06,25,0.07,10,
729866,宜鼎台新48購01,"24,000",3,"10,740",0.50,0.50,0.41,0.41,-,0.18,0.40,10,0.41,10,
729867,智擎台新48購01,0,0,0,---,---,---, ---,,,0.16,20,0.17,10,
729868,富喬國泰49購01,"891,000",22,"534,760",0.62,0.67,0.55,0.55,+,0.01,0.55,599,0.56,100,
729869,譜瑞國泰49購01,0,0,0,---,---,---, ---,,,0.69,499,0.71,100,
729870,大綜統一52購01,0,0,0,---,---,---, ---,,,0.79,10,0.80,10,
729871,中美晶統一52購02,0,0,0,---,---,---, ---,,,0.47,10,0.48,10,
729872,友輝統一58購01,"1,000",1,700,0.70,0.70,0.70,0.70,-,0.01,0.69,10,0.70,10,
729873,台燿統一52購01,0,0,0,---,---,---, ---,,,0.53,10,0.54,10,
729874,弘塑統一52購01,"612,000",12,"278,220",0.47,0.49,0.41,0.41,-,0.05,0.41,10,0.50,70,
729875,正基統一52購04,0,0,0,---,---,---, ---,,,0.12,10,0.13,10,
729876,正基統一52購05,0,0,0,---,---,---, ---,,,0.12,10,0.13,10,
729877,立端統一53購01,0,0,0,---,---,---, ---,,,0.25,10,0.26,10,
729878,百德統一52購02,0,0,0,---,---,---, ---,,,0.29,10,0.30,10,
729879,艾訊統一58購01,0,0,0,---,---,---, ---,,,0.23,10,0.24,10,
729880,均華統一52購01,"174,000",4,"78,740",0.45,0.46,0.45,0.46,+,0.05,0.44,10,0.45,10,
729881,金益鼎統一52購01,0,0,0,---,---,---, ---,,,0.47,10,0.48,10,
729882,智擎統一52購02,0,0,0,---,---,---, ---,,,0.31,10,0.32,10,
729883,智擎統一52購03,0,0,0,---,---,---, ---,,,0.35,10,0.36,10,
729884,新復興統一58購03,0,0,0,---,---,---, ---,,,0.31,10,0.32,10,
729885,精材統一52購02,"50,000",3,"10,500",0.21,0.21,0.21,0.21,-,0.02,0.20,10,0.21,10,
729886,廣明統一52購01,0,0,0,---,---,---, ---,,,0.46,10,0.47,10,
729887,廣明統一58購01,"20,000",1,"9,400",0.47,0.47,0.47,0.47,-,0.0,0.46,10,0.47,10,
729888,廣積統一52購01,0,0,0,---,---,---, ---,,,0.29,10,0.30,10,
729889,廣積統一52購02,0,0,0,---,---,---, ---,,,0.29,10,0.30,10,
729890,廣積統一59購01,0,0,0,---,---,---, ---,,,0.42,10,0.43,10,
729891,緯軟統一52購02,0,0,0,---,---,---, ---,,,0.47,10,0.48,10,
729892,瀧澤科統一52購01,0,0,0,---,---,---, ---,,,0.16,10,0.17,10,
729893,耀勝統一51購01,0,0,0,---,---,---, ---,,,0.08,10,0.09,10,
729894,耀勝統一52購01,0,0,0,---,---,---, ---,,,0.16,10,0.17,10,
729895,耀勝統一58購01,0,0,0,---,---,---, ---,,,0.20,10,0.21,10,
729896,元太富邦4A購01,"169,000",5,"21,240",0.13,0.13,0.12,0.12,-,0.0,0.11,26,0.12,10,
729897,元太富邦4B購01,0,0,0,---,---,---, ---,,,0.07,10,0.10,10,
729898,良維富邦4A購01,"40,000",4,"46,000",1.15,1.15,1.15,1.15,+,0.03,1.16,10,1.18,10,
729899,雙鴻兆豐49購01,0,0,0,---,---,---, ---,,,0.42,10,0.43,10,
729900,弘塑群益52購01,0,0,0,---,---,---, ---,,,0.34,38,0.00,0,
729901,立敦群益48購01,0,0,0,---,---,---, ---,,,0.26,25,0.27,10,
729902,先進光群益48購02,0,0,0,---,---,---, ---,,,0.01,499,0.12,10,
729903,原相群益48購07,0,0,0,---,---,---, ---,,,0.53,100,0.54,100,
729904,富喬群益4A購01,0,0,0,---,---,---, ---,,,0.30,10,0.00,0,
729905,富喬群益4C購01,"478,000",18,"506,660",1.09,1.21,0.98,0.98,+,0.06,0.97,100,1.00,100,
729906,鈊象群益48購04,0,0,0,---,---,---, ---,,,0.51,100,0.52,100,
729907,精測群益48購02,"80,000",9,"327,330",3.97,4.26,3.64,3.64,-,0.5,3.58,100,3.68,100,
729908,雙鴻群益48購05,"33,000",1,"51,150",1.55,1.55,1.55,1.55,-,0.02,0.52,10,2.40,2,
729909,譜瑞群益48購04,0,0,0,---,---,---, ---,,,0.34,100,0.35,100,
729910,耀勝群益49購01,0,0,0,---,---,---, ---,,,0.05,25,0.06,10,
729911,IET元大48購01,"191,000",1,"61,120",0.32,0.32,0.32,0.32,-,0.09,0.00,0,0.00,0,
729912,立端元大48購04,0,0,0,---,---,---, ---,,,0.01,499,0.11,10,
729913,立端元大48購05,0,0,0,---,---,---, ---,,,0.00,0,0.10,10,
729914,立端元大48購06,0,0,0,---,---,---, ---,,,0.01,998,0.11,10,
729915,系微元大4B購01,0,0,0,---,---,---, ---,,,0.02,499,0.12,10,
729916,良維元大49購02,"126,000",6,"195,440",1.54,1.59,1.51,1.56,+,0.06,1.56,499,1.57,10,
729917,欣銓元大48購05,"250,000",5,"66,300",0.29,0.29,0.24,0.25,-,0.03,0.23,499,0.24,10,
729918,原相元大48購11,0,0,0,---,---,---, ---,,,0.36,499,0.37,10,
729919,鈊象元大4B購01,0,0,0,---,---,---, ---,,,0.25,499,0.26,10,
729920,新復興元大48購03,0,0,0,---,---,---, ---,,,0.06,499,0.16,10,
729921,精材元大48購06,0,0,0,---,---,---, ---,,,0.06,499,0.07,10,
729922,精材元大48購07,0,0,0,---,---,---, ---,,,0.11,499,0.12,10,
729923,精材元大48購08,0,0,0,---,---,---, ---,,,0.15,499,0.16,10,
729924,環球晶元大48購01,"754,000",10,"733,140",0.93,1.02,0.93,0.99,+,0.07,0.97,499,0.98,10,
729925,譜瑞元大48購03,0,0,0,---,---,---, ---,,,0.37,499,0.38,10,
729926,力致凱基48購01,0,0,0,---,---,---, ---,,,0.08,10,0.09,30,
729927,台燿凱基48購01,"39,000",2,"44,850",1.15,1.15,1.15,1.15,-,0.06,1.13,100,1.23,10,
729928,立端凱基48購04,0,0,0,---,---,---, ---,,,0.07,90,0.08,50,
729929,宜鼎凱基49購01,0,0,0,---,---,---, ---,,,0.75,30,0.76,10,
729930,英濟凱基48購01,"878,000",35,"394,710",0.48,0.52,0.37,0.43,-,0.03,0.55,1,0.60,10,
729931,原相凱基48購02,"33,000",1,"18,150",0.55,0.55,0.55,0.55,-,0.02,0.47,100,0.48,10,
729932,神盾凱基49購01,0,0,0,---,---,---, ---,,,0.08,50,0.09,50,
729933,新漢凱基48購01,"36,000",5,"66,000",1.95,1.95,1.76,1.76,-,0.15,1.67,20,1.77,10,
729934,精材凱基4A購01,"111,000",3,"58,700",0.53,0.53,0.50,0.50,-,0.07,0.51,100,0.61,10,
729935,叡揚凱基48購02,0,0,0,---,---,---, ---,,,0.48,100,0.49,10,
729936,艾訊元富4A購01,0,0,0,---,---,---, ---,,,0.08,25,0.10,10,
729937,僑威元富48購02,0,0,0,---,---,---, ---,,,0.65,25,0.66,25,
729938,太景*中信48購01,"61,000",2,"4,900",0.10,0.10,0.08,0.08,-,0.02,0.08,10,0.09,10,
729939,欣銓永豐4C購01,0,0,0,---,---,---, ---,,,0.91,62,0.92,10,
729940,建榮永豐49購01,"249,000",18,"128,010",0.60,0.60,0.47,0.50,+,0.05,0.47,499,0.57,10,
729941,叡揚永豐4C購01,"351,000",15,"529,360",1.57,1.60,1.50,1.54,-,0.02,1.51,62,1.55,12,
729942,聰泰永豐49購01,0,0,0,---,---,---, ---,,,0.12,499,0.13,10,
729943,騰雲永豐49購01,0,0,0,---,---,---, ---,,,0.10,499,0.11,10,
729944,弘塑富邦49購02,"376,000",25,"225,780",0.59,0.63,0.51,0.51,-,0.08,0.51,9,0.52,10,
729945,胡連富邦48購01,0,0,0,---,---,---, ---,,,0.04,30,0.05,10,
729946,驊訊台新48購01,0,0,0,---,---,---, ---,,,0.14,20,0.15,10,
729947,榮剛第一48購01,0,0,0,---,---,---, ---,,,0.52,10,0.54,10,
729948,IET國票4A購02,0,0,0,---,---,---, ---,,,0.44,25,0.45,10,
729949,太景*國票48購01,"1,000",1,220,0.22,0.22,0.22,0.22,+,0.02,0.19,25,0.20,10,
729950,是方國票49購01,"100,000",1,"23,000",0.23,0.23,0.23,0.23,-,0.01,0.22,25,0.23,10,
729951,茂訊國票49購01,0,0,0,---,---,---, ---,,,0.97,25,0.98,10,
729952,凌陽創國票48購01,0,0,0,---,---,---, ---,,,0.25,25,0.27,10,
729953,智崴國票49購01,0,0,0,---,---,---, ---,,,0.10,25,0.13,10,
729954,智擎國票4A購01,0,0,0,---,---,---, ---,,,0.27,25,0.28,10,
729955,精材國票4A購01,0,0,0,---,---,---, ---,,,0.15,25,0.16,10,
729956,緯軟國票49購01,0,0,0,---,---,---, ---,,,0.31,25,0.32,10,
729957,雙鴻國票49購02,0,0,0,---,---,---, ---,,,1.81,25,1.82,10,
729958,友輝統一52購01,0,0,0,---,---,---, ---,,,0.69,10,0.70,10,
729959,友輝統一52購02,0,0,0,---,---,---, ---,,,0.76,10,0.77,10,
729960,友輝統一58購02,0,0,0,---,---,---, ---,,,0.61,10,0.62,10,
729961,亞泰統一58購01,0,0,0,---,---,---, ---,,,0.29,10,0.30,10,
729962,其陽統一52購01,"543,000",13,"203,370",0.44,0.44,0.36,0.40,+,0.05,0.37,10,0.38,10,
729963,宜鼎統一55購01,0,0,0,---,---,---, ---,,,0.46,10,0.47,10,
729964,欣銓統一58購02,0,0,0,---,---,---, ---,,,0.46,10,0.47,10,
729965,昱展統一52購02,0,0,0,---,---,---, ---,,,0.47,10,0.48,10,
729966,昱展統一58購02,0,0,0,---,---,---, ---,,,0.61,10,0.63,10,
729967,昱展統一58購03,0,0,0,---,---,---, ---,,,0.58,10,0.59,10,
729968,胡連統一51購02,0,0,0,---,---,---, ---,,,0.49,10,0.50,10,
729969,胡連統一52購04,0,0,0,---,---,---, ---,,,0.25,10,0.26,10,
729970,原相統一52購04,"30,000",3,"9,200",0.32,0.32,0.30,0.30,-,0.03,0.29,10,0.30,10,
729971,振曜統一58購01,"142,000",3,"72,420",0.51,0.51,0.51,0.51,-,0.01,0.50,10,0.51,10,
729972,湧德統一52購02,0,0,0,---,---,---, ---,,,0.43,10,0.44,10,
729973,新漢統一58購01,"3,000",2,"2,150",0.72,0.72,0.71,0.71,-,0.04,0.71,13,0.72,10,
729974,雍智統一54購02,"100,000",1,"19,000",0.19,0.19,0.19,0.19,-,0.0,0.18,10,0.19,10,
729975,廣明統一52購02,0,0,0,---,---,---, ---,,,0.30,10,0.31,10,
729976,元太國泰49購01,0,0,0,---,---,---, ---,,,0.17,10,0.21,10,
729977,精材國泰49購01,"10,000",1,"4,100",0.41,0.41,0.41,0.41,-,0.08,0.13,10,0.00,0,
729978,元太國泰49購02,0,0,0,---,---,---, ---,,,0.27,10,0.31,10,
729979,波若威國泰49購01,0,0,0,---,---,---, ---,,,1.46,499,1.51,100,
729980,廣運國泰49購01,0,0,0,---,---,---, ---,,,0.68,499,0.78,100,
729981,大中群益49購01,0,0,0,---,---,---, ---,,,0.41,25,0.42,10,
729982,安勤群益49購01,0,0,0,---,---,---, ---,,,0.43,25,0.44,10,
729983,良維群益49購03,"45,000",6,"49,350",1.10,1.10,1.08,1.10,+,0.06,1.07,25,1.10,10,
729984,旺矽群益4A購02,"1,000",1,"1,800",1.80,1.80,1.80,1.80,-,0.15,1.75,100,1.76,100,
729985,智通*群益4B購02,"187,000",9,"120,320",0.65,0.65,0.61,0.63,-,0.0,0.62,25,0.63,10,
729986,智崴群益48購01,0,0,0,---,---,---, ---,,,0.15,25,0.16,10,
729987,智擎群益48購01,0,0,0,---,---,---, ---,,,0.12,25,0.13,10,
729988,綠界*群益49購01,0,0,0,---,---,---, ---,,,0.20,25,0.21,10,
729989,綠界*群益4A購01,0,0,0,---,---,---, ---,,,0.16,25,0.17,10,
729990,營邦群益49購01,"140,000",3,"89,120",0.67,0.67,0.61,0.61,-,0.09,0.56,25,0.62,10,
729991,雙鴻群益48購06,0,0,0,---,---,---, ---,,,0.00,0,0.00,0,
729992,91APP*元大48購01,0,0,0,---,---,---, ---,,,0.11,499,0.14,10,
729993,世禾元大48購01,"18,000",2,"8,580",0.49,0.49,0.46,0.46,-,0.04,0.44,499,0.46,10,
729994,立端元大48購07,0,0,0,---,---,---, ---,,,0.03,499,0.13,10,
729995,良維元大48購02,"80,000",3,"83,300",1.05,1.05,1.04,1.04,+,0.04,1.05,499,1.06,10,
729996,欣銓元大48購06,0,0,0,---,---,---, ---,,,0.29,499,0.30,10,
729997,胡連元大48購01,0,0,0,---,---,---, ---,,,0.15,499,0.16,10,
729998,原相元大48購12,0,0,0,---,---,---, ---,,,0.07,499,0.08,10,
729999,鈊象元大4B購02,"14,000",1,"6,300",0.45,0.45,0.45,0.45,-,0.0,0.44,499,0.45,10,
730000,鈊象元大51購01,"50,000",2,"21,500",0.43,0.43,0.43,0.43,-,0.0,0.42,539,0.43,10,
730001,綠界*元大48購01,0,0,0,---,---,---, ---,,,0.06,499,0.09,10,
730002,綠界*元大48購02,0,0,0,---,---,---, ---,,,0.07,499,0.11,10,
730003,綠界*元大48購03,0,0,0,---,---,---, ---,,,0.06,499,0.09,10,
730004,綠界*元大48購04,0,0,0,---,---,---, ---,,,0.09,499,0.13,10,
730005,艾訊元富48購01,0,0,0,---,---,---, ---,,,0.02,25,0.10,10,
730006,旺矽元富49購03,"5,000",1,"4,750",0.95,0.95,0.95,0.95,-,0.05,0.92,25,0.93,25,
730007,旺矽元富4B購01,0,0,0,---,---,---, ---,,,0.84,25,0.85,25,
730008,富喬元富48購01,"366,000",15,"188,980",0.50,0.67,0.46,0.46,+,0.01,0.45,25,0.46,25,
730009,綠界*元富48購01,0,0,0,---,---,---, ---,,,0.22,25,0.23,25,
730010,廣明元富48購01,0,0,0,---,---,---, ---,,,0.58,28,0.59,25,
730011,廣運元富48購01,0,0,0,---,---,---, ---,,,0.68,100,0.78,25,
730012,磐儀元富48購01,0,0,0,---,---,---, ---,,,0.28,25,0.29,25,
730013,胡連中信48購01,0,0,0,---,---,---, ---,,,0.13,499,0.14,10,
730014,欣銓永豐4A購01,"550,000",4,"311,500",0.57,0.57,0.55,0.57,-,0.07,0.55,50,0.56,10,
730015,金益鼎永豐49購01,0,0,0,---,---,---, ---,,,0.49,200,0.50,10,
730016,昱展永豐48購01,0,0,0,---,---,---, ---,,,0.10,100,0.00,0,
730017,原相永豐48購01,"15,000",1,"4,800",0.32,0.32,0.32,0.32,-,0.04,0.31,499,0.32,10,
730018,鈊象永豐49購02,0,0,0,---,---,---, ---,,,0.48,200,0.49,10,
730019,雍智永豐4A購01,"5,000",2,"1,000",0.20,0.20,0.20,0.20,-,0.0,0.18,549,0.19,10,
730020,綠界*永豐48購01,0,0,0,---,---,---, ---,,,0.11,499,0.12,10,
730021,綠界*永豐49購01,0,0,0,---,---,---, ---,,,0.08,499,0.09,10,
730022,廣運永豐48購01,"207,000",8,"136,660",0.75,0.75,0.58,0.58,-,0.26,0.54,62,0.56,62,
730023,廣運永豐48購02,0,0,0,---,---,---, ---,,,0.36,499,0.38,62,
730024,廣運永豐4B購01,"1,000",1,850,0.85,0.85,0.85,0.85,-,0.26,0.85,499,0.86,12,
730025,弘塑凱基48購05,"162,000",10,"105,640",0.68,0.72,0.59,0.60,-,0.11,0.23,43,0.00,0,
730026,先進光凱基48購02,0,0,0,---,---,---, ---,,,0.04,10,0.05,50,
730027,茂訊凱基49購01,"9,000",1,"6,570",0.73,0.73,0.73,0.73,-,0.01,0.73,10,0.74,10,
730028,智崴凱基48購01,0,0,0,---,---,---, ---,,,0.12,40,0.13,30,
730029,綠界*凱基48購01,0,0,0,---,---,---, ---,,,0.05,20,0.06,50,
730030,綠界*凱基48購02,0,0,0,---,---,---, ---,,,0.08,40,0.09,50,
730031,廣運凱基48購02,0,0,0,---,---,---, ---,,,0.38,100,0.39,30,
730032,環球晶凱基48購02,"14,000",6,"12,130",0.79,0.90,0.79,0.83,+,0.09,0.82,30,0.83,10,
730033,智崴台新48購01,0,0,0,---,---,---, ---,,,0.15,10,0.17,10,
730034,新復興台新48購01,0,0,0,---,---,---, ---,,,0.18,20,0.19,10,
730035,綠界*台新48購01,0,0,0,---,---,---, ---,,,0.15,20,0.16,10,
730036,力致統一52購01,"20,000",1,"4,200",0.21,0.21,0.21,0.21,-,0.03,0.21,10,0.22,10,
730037,台半統一52購02,0,0,0,---,---,---, ---,,,0.30,10,0.31,10,
730038,亞泰統一52購03,0,0,0,---,---,---, ---,,,0.34,10,0.35,10,
730039,其陽統一52購02,"114,000",4,"43,230",0.39,0.39,0.37,0.37,-,0.08,0.38,10,0.39,10,
730040,宜鼎統一52購01,0,0,0,---,---,---, ---,,,0.45,10,0.46,10,
730041,金益鼎統一56購01,0,0,0,---,---,---, ---,,,0.41,10,0.42,10,
730042,建榮統一52購01,0,0,0,---,---,---, ---,,,0.68,10,0.69,10,
730043,建榮統一52購02,"5,000",1,"3,400",0.68,0.68,0.68,0.68,+,0.08,0.66,10,0.67,10,
730044,胡連統一52購05,0,0,0,---,---,---, ---,,,0.24,10,0.25,10,
730045,茂訊統一52購01,"143,000",3,"94,780",0.67,0.67,0.66,0.66,-,0.0,0.65,10,0.66,10,
730046,富喬統一58購01,"111,000",12,"62,140",0.56,0.60,0.52,0.52,-,0.01,0.52,25,0.53,10,
730047,新漢統一52購01,"15,000",1,"17,400",1.16,1.16,1.16,1.16,-,0.0,1.16,10,1.17,10,
730048,新漢統一58購02,"6,000",1,"5,160",0.86,0.86,0.86,0.86,-,0.04,0.86,10,0.87,10,
730049,綠界*統一52購02,0,0,0,---,---,---, ---,,,0.32,10,0.33,10,
730050,綠界*統一52購03,0,0,0,---,---,---, ---,,,0.23,10,0.24,10,
730051,綠界*統一58購01,0,0,0,---,---,---, ---,,,0.34,10,0.35,10,
730052,綠界*統一58購02,0,0,0,---,---,---, ---,,,0.33,10,0.34,10,
730053,叡揚統一52購01,0,0,0,---,---,---, ---,,,0.71,10,0.72,10,
730054,優群統一52購01,"55,000",1,"31,900",0.58,0.58,0.58,0.58,-,0.0,0.57,10,0.58,10,
730055,營邦統一52購02,0,0,0,---,---,---, ---,,,0.53,10,0.54,10,
730056,環球晶統一52購01,"148,000",14,"62,050",0.42,0.44,0.41,0.42,+,0.04,0.41,20,0.42,10,
730057,聰泰統一56購01,0,0,0,---,---,---, ---,,,0.27,10,0.28,10,
730058,雙鴻統一52購03,0,0,0,---,---,---, ---,,,0.52,10,0.53,10,
730059,譜瑞統一52購01,"8,000",1,"2,160",0.27,0.27,0.27,0.27,-,0.0,0.26,10,0.27,10,
730060,IET國票4A購03,"380,000",10,"155,900",0.45,0.45,0.39,0.39,-,0.06,0.37,25,0.38,10,
730061,大綜國票49購02,0,0,0,---,---,---, ---,,,2.56,25,2.66,10,
730062,陽程國票49購01,0,0,0,---,---,---, ---,,,0.26,25,0.27,10,
730063,綠界*國票49購02,0,0,0,---,---,---, ---,,,0.34,25,0.35,10,
730064,聚和國票49購01,0,0,0,---,---,---, ---,,,0.37,25,0.38,10,
730065,宏碁資第一48購01,0,0,0,---,---,---, ---,,,0.81,10,0.82,10,
730066,叡揚第一48購01,"156,000",2,"135,720",0.87,0.87,0.87,0.87,-,0.01,0.85,10,0.88,10,
730067,立端富邦48購02,0,0,0,---,---,---, ---,,,0.02,30,0.05,10,
730068,兆利富邦4A購01,0,0,0,---,---,---, ---,,,0.12,10,0.13,10,
730069,富喬富邦48購01,"1,980,000",49,"1,113,630",0.55,0.68,0.50,0.51,+,0.03,0.50,30,0.51,8,
730070,智擎富邦4A購01,0,0,0,---,---,---, ---,,,0.15,10,0.16,10,
730071,廣明富邦4A購02,0,0,0,---,---,---, ---,,,0.25,10,0.26,10,
730072,廣運富邦4A購01,"60,000",1,"18,600",0.31,0.31,0.31,0.31,-,0.08,0.27,10,0.28,10,
730073,雙鴻富邦4A購02,0,0,0,---,---,---, ---,,,0.48,10,0.49,10,
730074,譜瑞富邦4A購01,0,0,0,---,---,---, ---,,,0.15,10,0.16,10,
730075,耀勝富邦4A購01,0,0,0,---,---,---, ---,,,0.02,10,0.10,10,
730076,先進光群益48購03,0,0,0,---,---,---, ---,,,0.01,499,0.11,10,
730077,旺矽群益4C購02,"38,000",1,"50,920",1.34,1.34,1.34,1.34,-,0.01,1.30,100,1.31,100,
730078,前鼎群益48購01,0,0,0,---,---,---, ---,,,0.00,0,0.00,0,
730079,智崴群益4C購01,0,0,0,---,---,---, ---,,,0.34,25,0.35,10,
730080,廣運群益48購02,0,0,0,---,---,---, ---,,,0.00,0,0.00,0,
730081,環球晶群益48購02,"29,000",5,"40,090",1.35,1.43,1.35,1.43,+,0.06,1.37,100,1.40,100,
730082,IET國票4A購04,0,0,0,---,---,---, ---,,,0.21,25,0.22,10,
730083,亞泰國票49購01,0,0,0,---,---,---, ---,,,0.26,25,0.27,10,
730084,倉和國票4A購01,0,0,0,---,---,---, ---,,,0.30,25,0.31,10,
730085,原相國票48購02,0,0,0,---,---,---, ---,,,0.20,25,0.21,10,
730086,富喬國票4A購01,"630,000",8,"558,900",0.88,0.98,0.80,0.80,+,0.07,0.77,25,0.79,10,
730087,智通*國票49購01,"5,000",1,"2,950",0.59,0.59,0.59,0.59,-,0.03,0.59,25,0.60,10,
730088,意德士國票49購01,0,0,0,---,---,---, ---,,,0.43,25,0.53,10,
730089,綠界*國票49購03,0,0,0,---,---,---, ---,,,0.25,25,0.26,10,
730090,雙鴻國票49購03,0,0,0,---,---,---, ---,,,1.17,25,1.18,10,
730091,新漢第一48購01,0,0,0,---,---,---, ---,,,1.81,10,1.84,10,
730092,竹陞元大4B購01,"65,000",3,"39,000",0.60,0.60,0.60,0.60,-,0.09,0.56,499,0.66,10,
730093,艾訊元大48購03,0,0,0,---,---,---, ---,,,0.00,0,0.10,10,
730094,欣銓元大48購07,"35,000",2,"11,400",0.36,0.36,0.32,0.32,-,0.04,0.31,499,0.32,10,
730095,胡連元大48購02,0,0,0,---,---,---, ---,,,0.04,499,0.14,10,
730096,原相元大48購13,0,0,0,---,---,---, ---,,,0.09,499,0.19,10,
730097,富喬元大4B購02,"7,000",1,"3,430",0.49,0.49,0.49,0.49,+,0.06,0.44,25,0.45,10,
730098,鈊象元大48購08,"48,000",3,"17,230",0.37,0.37,0.35,0.35,-,0.01,0.34,499,0.35,10,
730099,鈊象元大4C購01,0,0,0,---,---,---, ---,,,0.28,499,0.29,10,
730100,鈊象元大51購02,0,0,0,---,---,---, ---,,,0.30,499,0.31,10,
730101,聖暉*元大48購03,0,0,0,---,---,---, ---,,,0.20,499,0.21,10,
730102,綠界*元大48購05,0,0,0,---,---,---, ---,,,0.18,499,0.21,10,
730103,譜瑞元大48購04,0,0,0,---,---,---, ---,,,0.23,499,0.33,10,
730104,大綜凱基48購01,"20,000",1,"33,000",1.65,1.65,1.65,1.65,-,0.4,1.62,100,1.63,10,
730105,大樹凱基48購01,"3,000",1,"1,380",0.46,0.46,0.46,0.46,-,0.04,0.49,10,0.50,10,
730106,世禾凱基48購01,"20,000",1,"14,400",0.72,0.72,0.72,0.72,-,0.07,0.65,100,0.66,10,
730107,前鼎凱基48購02,0,0,0,---,---,---, ---,,,0.06,50,0.16,10,
730108,神準凱基49購01,"364,000",29,"36,400",0.10,0.10,0.10,0.10,-,0.01,0.08,100,0.12,1050,
730109,博智凱基48購01,0,0,0,---,---,---, ---,,,0.29,100,0.39,10,
730110,智通*凱基4B購01,"197,000",3,"131,990",0.67,0.67,0.67,0.67,-,0.02,0.66,40,0.67,10,
730111,智擎凱基4C購01,0,0,0,---,---,---, ---,,,0.49,20,0.50,50,
730112,鈊象凱基48購08,0,0,0,---,---,---, ---,,,0.39,100,0.40,30,
730113,新漢凱基49購02,"10,000",5,"15,040",1.50,1.54,1.48,1.53,-,0.14,1.35,20,1.45,10,
730114,綠界*凱基4A購01,0,0,0,---,---,---, ---,,,0.19,30,0.20,50,
730115,瀧澤科凱基48購02,0,0,0,---,---,---, ---,,,0.03,10,0.04,50,
730116,美琪瑪元富48購01,"5,000",1,"5,300",1.06,1.06,1.06,1.06,-,0.08,1.05,25,1.06,25,
730117,神準元富48購01,"6,000",2,"1,100",0.19,0.19,0.18,0.18,-,0.16,0.18,25,0.28,10,
730118,榮剛元富48購01,0,0,0,---,---,---, ---,,,0.14,25,0.15,25,
730119,綠界*元富48購02,0,0,0,---,---,---, ---,,,0.09,25,0.10,25,
730120,廣積元富48購01,0,0,0,---,---,---, ---,,,0.25,25,0.26,25,
730121,宜鼎中信49購01,0,0,0,---,---,---, ---,,,0.22,10,0.23,10,
730122,是方中信48購01,0,0,0,---,---,---, ---,,,0.10,499,0.11,10,
730123,永信建永豐48購01,"62,000",5,"23,400",0.42,0.42,0.36,0.36,-,0.05,0.35,499,0.36,10,
730124,前鼎永豐52購01,"40,000",1,"15,200",0.38,0.38,0.38,0.38,-,0.02,0.37,499,0.38,62,
730125,智崴永豐49購01,"4,000",2,"1,150",0.29,0.29,0.28,0.28,-,0.01,0.08,64,0.00,0,
730126,綠界*永豐4C購01,0,0,0,---,---,---, ---,,,0.21,499,0.22,10,
730127,綠界*永豐52購01,0,0,0,---,---,---, ---,,,0.30,499,0.31,10,
730128,廣運永豐52購01,0,0,0,---,---,---, ---,,,0.36,499,0.37,62,
730129,鴻呈永豐48購01,"5,000",1,400,0.08,0.08,0.08,0.08,-,0.01,0.01,74,0.00,0,
730130,瀧澤科永豐48購01,0,0,0,---,---,---, ---,,,0.03,499,0.04,10,
730131,元太統一52購03,"570,000",20,"110,300",0.20,0.20,0.19,0.20,-,0.0,0.19,10,0.20,24,
730132,立端統一53購02,0,0,0,---,---,---, ---,,,0.21,10,0.22,10,
730133,安勤統一51購01,0,0,0,---,---,---, ---,,,0.47,10,0.48,10,
730134,安勤統一52購01,0,0,0,---,---,---, ---,,,0.51,10,0.52,10,
730135,安勤統一58購01,0,0,0,---,---,---, ---,,,0.43,10,0.44,10,
730136,亞泰統一52購04,0,0,0,---,---,---, ---,,,0.34,10,0.35,10,
730137,宜鼎統一52購02,"1,000",1,450,0.45,0.45,0.45,0.45,-,0.05,0.45,10,0.46,10,
730138,宜鼎統一52購03,"32,000",5,"15,280",0.48,0.48,0.45,0.45,-,0.03,0.43,10,0.44,10,
730139,宜鼎統一54購01,0,0,0,---,---,---, ---,,,0.63,10,0.64,10,
730140,信紘科統一52購01,0,0,0,---,---,---, ---,,,0.66,10,0.67,10,
730141,建榮統一52購03,"5,000",1,"2,800",0.56,0.56,0.56,0.56,+,0.03,0.53,10,0.54,10,
730142,昱展統一52購03,"50,000",1,"23,500",0.47,0.47,0.47,0.47,-,0.03,0.47,10,0.48,10,
730143,茂訊統一52購02,0,0,0,---,---,---, ---,,,0.61,10,0.62,10,
730144,茂綸統一52購01,"75,000",2,"55,740",0.70,0.76,0.70,0.76,+,0.11,0.70,10,0.71,10,
730145,能率統一52購02,0,0,0,---,---,---, ---,,,0.42,10,0.43,10,
730146,訊聯統一58購02,0,0,0,---,---,---, ---,,,0.48,10,0.49,10,
730147,高鋒統一53購01,"34,000",4,"27,070",0.81,0.81,0.79,0.80,-,0.02,0.75,10,0.76,10,
730148,康全電統一52購01,0,0,0,---,---,---, ---,,,0.25,10,0.26,10,
730149,博智統一52購02,0,0,0,---,---,---, ---,,,0.65,10,0.66,10,
730150,智通*統一52購01,0,0,0,---,---,---, ---,,,0.48,10,0.49,10,
730151,智通*統一52購02,0,0,0,---,---,---, ---,,,0.43,10,0.44,10,
730152,智通*統一58購01,0,0,0,---,---,---, ---,,,0.43,10,0.44,10,
730153,智崴統一54購01,0,0,0,---,---,---, ---,,,0.36,10,0.38,10,
730154,新漢統一57購01,0,0,0,---,---,---, ---,,,0.58,10,0.59,10,
730155,精剛統一54購01,"10,000",1,"6,100",0.61,0.61,0.61,0.61,-,0.0,0.58,10,0.59,10,
730156,綠界*統一52購04,0,0,0,---,---,---, ---,,,0.17,10,0.18,10,
730157,綠界*統一5A購01,0,0,0,---,---,---, ---,,,0.46,10,0.47,10,
730158,叡揚統一52購02,"107,000",2,"71,150",0.66,0.67,0.66,0.67,-,0.0,0.66,10,0.67,10,
730159,優群統一52購02,0,0,0,---,---,---, ---,,,0.61,10,0.62,10,
730160,耀勝統一58購02,0,0,0,---,---,---, ---,,,0.15,10,0.16,10,
730161,鑫科統一58購01,"32,000",2,"15,040",0.47,0.47,0.47,0.47,-,0.01,0.47,10,0.48,10,
730162,博智國泰49購01,"11,000",2,"13,780",1.28,1.28,1.25,1.25,+,0.05,1.23,10,1.25,10,
730163,鈊象國泰49購01,0,0,0,---,---,---, ---,,,0.92,10,0.97,10,
730164,綠界*國泰49購01,0,0,0,---,---,---, ---,,,0.25,499,0.27,100,
730165,欣銓富邦49購02,0,0,0,---,---,---, ---,,,0.24,30,0.25,10,
730166,前鼎富邦4A購01,0,0,0,---,---,---, ---,,,0.21,10,0.22,10,
730167,原相富邦48購02,0,0,0,---,---,---, ---,,,0.09,30,0.10,10,
730168,綠界*富邦4A購01,0,0,0,---,---,---, ---,,,0.12,10,0.13,10,
730169,良維元富48購02,"1,000",1,"1,200",1.20,1.20,1.20,1.20,+,0.03,1.20,25,1.23,25,
730170,神盾元富49購04,0,0,0,---,---,---, ---,,,0.16,25,0.17,25,
730171,波若威台新48購01,"1,000",1,"1,720",1.72,1.72,1.72,1.72,-,0.1,1.70,20,1.71,10,
730172,群聯台新48購01,0,0,0,---,---,---, ---,,,0.54,20,0.55,10,
730173,天品凱基49購01,"707,000",19,"328,630",0.53,0.54,0.39,0.40,-,0.13,0.39,100,0.40,10,
730174,欣銓凱基48購05,0,0,0,---,---,---, ---,,,0.26,100,0.27,50,
730175,波若威凱基48購02,"322,000",8,"157,100",0.51,0.51,0.43,0.43,-,0.07,0.44,100,0.45,10,
730176,信立凱基49購01,0,0,0,---,---,---, ---,,,1.74,100,1.84,10,
730177,振曜凱基48購01,"90,000",5,"54,470",0.62,0.63,0.60,0.63,-,0.04,0.63,100,0.64,10,
730178,群聯凱基4B購01,"6,000",1,"10,020",1.67,1.67,1.67,1.67,-,0.04,1.63,100,1.64,10,
730179,營邦凱基48購01,0,0,0,---,---,---, ---,,,0.10,20,0.20,10,
730180,鴻呈凱基48購02,"40,000",1,"2,000",0.05,0.05,0.05,0.05,-,0.0,0.01,140,0.60,15,
730181,雙鴻凱基49購05,0,0,0,---,---,---, ---,,,0.83,30,0.93,10,
730182,系統電兆豐4A購01,"3,000",1,"1,770",0.59,0.59,0.59,0.59,-,0.06,0.58,10,0.59,10,
730183,鈊象兆豐4A購01,0,0,0,---,---,---, ---,,,0.35,10,0.36,10,
730184,綠界*中信48購01,0,0,0,---,---,---, ---,,,0.02,10,0.03,10,
730185,營邦中信48購01,"110,000",2,"10,900",0.10,0.10,0.09,0.09,-,0.03,0.08,10,0.09,10,
730186,IET群益48購01,"50,000",1,"5,000",0.10,0.10,0.10,0.10,-,0.03,0.04,64,0.00,0,
730187,正基群益49購02,0,0,0,---,---,---, ---,,,0.02,499,0.12,10,
730188,良維群益4B購01,"82,000",8,"71,490",0.88,0.89,0.85,0.89,+,0.05,0.87,25,0.90,10,
730189,波若威群益49購01,"329,000",8,"254,160",0.82,0.82,0.74,0.74,-,0.08,0.75,25,0.76,10,
730190,鈊象群益48購05,0,0,0,---,---,---, ---,,,0.29,10,0.00,0,
730191,萬泰科群益49購01,"6,000",1,"12,840",2.14,2.14,2.14,2.14,-,0.12,0.92,10,0.00,0,
730192,精測群益4A購02,0,0,0,---,---,---, ---,,,0.01,499,0.00,0,
730193,營邦群益4B購01,"10,000",1,"3,200",0.32,0.32,0.32,0.32,-,0.11,0.08,10,0.38,10,
730194,瀧澤科群益52購01,0,0,0,---,---,---, ---,,,0.26,25,0.27,10,
730195,天品永豐4B購01,"328,000",10,"203,460",0.63,0.67,0.54,0.54,-,0.16,0.52,50,0.54,29,
730196,耀勝永豐48購02,0,0,0,---,---,---, ---,,,0.01,499,0.03,10,
730197,湧德國泰49購01,0,0,0,---,---,---, ---,,,1.69,499,1.72,100,
730198,精測國泰49購02,"209,000",3,"309,230",1.47,1.51,1.47,1.51,-,0.22,1.49,10,1.51,10,
730199,環球晶國泰49購01,"30,000",3,"42,300",1.41,1.41,1.41,1.41,+,0.12,1.31,400,1.41,100,
730200,宜鼎富邦49購01,0,0,0,---,---,---, ---,,,0.28,30,0.29,10,
730201,波若威富邦4A購01,"259,000",9,"160,150",0.65,0.65,0.60,0.60,-,0.04,0.60,20,0.61,10,
730202,IET國票4A購05,0,0,0,---,---,---, ---,,,0.30,25,0.31,10,
730203,光菱國票49購01,"1,000",1,250,0.25,0.25,0.25,0.25,-,0.04,0.25,25,0.26,10,
730204,新復興國票4A購01,"110,000",3,"36,200",0.32,0.33,0.32,0.33,+,0.02,0.31,25,0.32,10,
730205,新漢國票4A購01,"90,000",2,"126,500",1.41,1.41,1.37,1.37,-,0.23,1.36,25,1.38,10,
730206,綠界*國票49購04,0,0,0,---,---,---, ---,,,0.26,25,0.27,10,
730207,耀勝國票4A購02,0,0,0,---,---,---, ---,,,0.11,25,0.12,10,
730208,宜鼎第一48購01,0,0,0,---,---,---, ---,,,0.29,10,0.31,10,
730209,金益鼎第一48購01,0,0,0,---,---,---, ---,,,0.67,10,0.68,10,
730210,緯軟第一48購01,0,0,0,---,---,---, ---,,,0.68,10,0.72,10,
730211,IET元大48購02,"204,000",3,"13,200",0.07,0.07,0.05,0.05,-,0.02,0.05,499,0.06,10,
730212,IET元大4A購01,"89,000",4,"16,590",0.21,0.21,0.18,0.18,-,0.06,0.00,0,0.00,0,
730213,IET元大51購01,"882,000",12,"294,170",0.36,0.36,0.30,0.30,-,0.04,0.20,100,0.50,100,
730214,中美晶元大48購02,0,0,0,---,---,---, ---,,,0.46,499,0.49,10,
730215,元太元大48購04,0,0,0,---,---,---, ---,,,0.31,25,0.32,10,
730216,元太元大4A購02,"25,000",2,"12,150",0.49,0.49,0.47,0.47,-,0.03,0.48,25,0.49,10,
730217,元太元大4B購01,"20,000",1,"10,000",0.50,0.50,0.50,0.50,-,0.02,0.51,25,0.52,10,
730218,世禾元大48購02,"100,000",4,"47,800",0.49,0.49,0.47,0.47,-,0.03,0.44,499,0.45,10,
730219,正基元大48購01,0,0,0,---,---,---, ---,,,0.01,499,0.11,10,
730220,立端元大48購08,0,0,0,---,---,---, ---,,,0.01,499,0.11,10,
730221,原相元大51購01,0,0,0,---,---,---, ---,,,0.50,509,0.51,10,
730222,振曜元大48購01,0,0,0,---,---,---, ---,,,0.42,499,0.52,10,
730223,桓達元大48購01,0,0,0,---,---,---, ---,,,0.08,499,0.09,10,
730224,鈊象元大51購03,0,0,0,---,---,---, ---,,,0.47,499,0.48,10,
730225,新漢元大4A購01,0,0,0,---,---,---, ---,,,0.82,12,0.00,0,
730226,新漢元大4B購01,"100,000",1,"143,000",1.43,1.43,1.43,1.43,+,0.04,0.37,27,0.00,0,
730227,譜瑞元大48購05,0,0,0,---,---,---, ---,,,0.34,499,0.35,10,
730228,元太統一51購01,0,0,0,---,---,---, ---,,,0.28,60,0.32,10,
730229,立端統一52購01,0,0,0,---,---,---, ---,,,0.22,10,0.23,10,
730230,安勤統一52購02,0,0,0,---,---,---, ---,,,0.42,10,0.43,10,
730231,竹陞統一52購01,"2,593,000",13,"928,270",0.37,0.37,0.35,0.35,-,0.05,0.35,40,0.62,4,
730232,系統電統一52購01,0,0,0,---,---,---, ---,,,0.42,10,0.43,10,
730233,宜鼎統一52購04,0,0,0,---,---,---, ---,,,0.39,10,0.40,10,
730234,信紘科統一52購02,0,0,0,---,---,---, ---,,,0.84,10,0.85,10,
730235,神準統一58購01,0,0,0,---,---,---, ---,,,0.31,10,0.32,10,
730236,訊聯統一52購01,0,0,0,---,---,---, ---,,,0.38,10,0.39,10,
730237,智崴統一52購03,0,0,0,---,---,---, ---,,,0.36,10,0.37,10,
730238,群聯統一58購01,"10,000",1,"6,000",0.60,0.60,0.60,0.60,-,0.01,0.58,10,0.59,10,
730239,雍智統一52購01,0,0,0,---,---,---, ---,,,0.22,10,0.23,10,
730240,精測統一58購01,0,0,0,---,---,---, ---,,,0.55,10,0.56,10,
730241,綠界*統一52購05,0,0,0,---,---,---, ---,,,0.34,10,0.35,10,
730242,廣明統一55購01,0,0,0,---,---,---, ---,,,0.36,10,0.37,10,
730243,廣運統一52購02,0,0,0,---,---,---, ---,,,0.52,10,0.53,10,
730244,廣運統一55購01,0,0,0,---,---,---, ---,,,0.33,10,0.34,10,
730245,磐儀統一52購01,0,0,0,---,---,---, ---,,,0.24,10,0.25,10,
730246,營邦統一4C購01,0,0,0,---,---,---, ---,,,0.32,10,0.33,10,
730247,營邦統一52購03,0,0,0,---,---,---, ---,,,0.48,10,0.49,10,
730248,艾訊永豐4A購01,0,0,0,---,---,---, ---,,,0.06,499,0.07,10,
730249,訊聯永豐4B購01,0,0,0,---,---,---, ---,,,0.31,10,0.32,10,
730250,新復興永豐4C購01,0,0,0,---,---,---, ---,,,0.31,62,0.32,10,
730251,群聯永豐49購01,0,0,0,---,---,---, ---,,,0.48,499,0.49,10,
730252,環球晶永豐48購01,"89,000",8,"86,690",0.96,1.01,0.96,1.01,+,0.04,0.93,499,1.03,10,
730253,耀勝永豐49購02,0,0,0,---,---,---, ---,,,0.03,499,0.04,10,
730254,中美晶中信48購01,0,0,0,---,---,---, ---,,,0.79,499,0.81,10,
730255,安勤中信48購01,0,0,0,---,---,---, ---,,,0.13,499,0.14,10,
730256,宜鼎中信48購01,0,0,0,---,---,---, ---,,,0.10,499,0.11,10,
730257,群聯中信48購01,0,0,0,---,---,---, ---,,,0.21,10,0.22,10,
730258,弘塑兆豐4A購01,"79,000",3,"39,880",0.54,0.54,0.46,0.46,-,0.07,0.39,10,0.40,10,
730259,正基兆豐51購01,0,0,0,---,---,---, ---,,,0.20,10,0.21,10,
730260,宏觀群益4A購02,0,0,0,---,---,---, ---,,,0.12,25,0.13,10,
730261,鈊象群益48購06,0,0,0,---,---,---, ---,,,0.11,100,0.12,100,
730262,群聯群益48購01,0,0,0,---,---,---, ---,,,0.00,0,0.00,0,
730263,漢磊群益49購01,0,0,0,---,---,---, ---,,,0.00,0,0.00,0,
730264,綠界*群益51購01,0,0,0,---,---,---, ---,,,0.22,25,0.23,10,
730265,環球晶群益4A購01,"53,000",7,"40,850",0.77,0.79,0.73,0.77,+,0.08,0.78,25,0.79,10,
730266,意德士台新48購01,"22,000",4,"13,630",0.61,0.89,0.59,0.74,-,0.16,0.55,10,0.74,15,
730267,大綜第一48購01,"78,000",1,"131,820",1.69,1.69,1.69,1.69,-,0.57,1.66,10,1.76,10,
730268,高鋒第一49購01,"30,000",2,"19,500",0.66,0.66,0.63,0.63,-,0.05,0.64,10,0.65,10,
730269,中美晶國票4A購02,"13,000",1,"9,230",0.71,0.71,0.71,0.71,+,0.03,0.70,25,0.72,10,
730270,宏觀國票49購02,0,0,0,---,---,---, ---,,,0.07,25,0.08,10,
730271,良維國票49購02,"4,000",1,"11,480",2.87,2.87,2.87,2.87,+,0.14,2.82,25,2.87,10,
730272,宜鼎國票49購02,0,0,0,---,---,---, ---,,,0.40,25,0.41,10,
730273,金麗科國票49購01,"40,000",5,"31,250",0.78,0.80,0.77,0.77,+,0.05,0.76,25,0.77,10,
730274,能率國票49購02,"10,000",1,"5,000",0.50,0.50,0.50,0.50,-,0.01,0.48,25,0.49,10,
730275,雍智國票49購03,"8,000",4,"4,900",0.63,0.63,0.59,0.59,-,0.05,0.58,27,0.59,10,
730276,聰泰國票49購01,0,0,0,---,---,---, ---,,,0.36,25,0.37,10,
730277,立敦凱基48購02,0,0,0,---,---,---, ---,,,0.21,10,0.22,50,
730278,亞泰凱基48購02,0,0,0,---,---,---, ---,,,0.23,50,0.24,50,
730279,群聯凱基4C購01,0,0,0,---,---,---, ---,,,1.79,50,1.80,10,
730280,耀勝凱基4A購01,0,0,0,---,---,---, ---,,,0.04,100,0.05,50,
730281,立敦元富48購01,0,0,0,---,---,---, ---,,,0.19,25,0.20,25,
730282,光菱元富48購01,0,0,0,---,---,---, ---,,,0.18,25,0.19,25,
730283,兆利元富49購01,0,0,0,---,---,---, ---,,,0.10,25,0.11,25,
730284,百德元富49購02,0,0,0,---,---,---, ---,,,0.36,25,0.46,25,
730285,亞泰元富48購02,0,0,0,---,---,---, ---,,,0.17,25,0.18,25,
730286,宜鼎元富48購01,0,0,0,---,---,---, ---,,,0.37,25,0.38,25,
730287,欣銓元富4B購01,"3,000",1,"2,070",0.69,0.69,0.69,0.69,-,0.02,0.63,25,0.64,25,
730288,威剛元富48購01,0,0,0,---,---,---, ---,,,0.00,0,0.00,0,
730289,倉和元富48購01,0,0,0,---,---,---, ---,,,0.30,25,0.40,25,
730290,倉和元富4B購01,0,0,0,---,---,---, ---,,,0.53,25,0.55,25,
730291,群聯元富49購06,0,0,0,---,---,---, ---,,,0.76,25,0.77,25,
730292,漢磊元富48購01,0,0,0,---,---,---, ---,,,0.22,25,0.23,25,
730293,雙鴻元富48購01,0,0,0,---,---,---, ---,,,0.00,0,0.00,0,
730294,驊訊元富52購01,0,0,0,---,---,---, ---,,,0.48,25,0.58,10,
730295,湧德國泰49購02,0,0,0,---,---,---, ---,,,1.29,499,1.32,100,
730296,僑威國泰49購01,0,0,0,---,---,---, ---,,,0.46,499,0.47,100,
730297,旺矽富邦4A購01,"3,000",1,930,0.31,0.31,0.31,0.31,-,0.01,0.30,10,0.31,10,
730298,群聯富邦4B購01,"17,000",5,"5,920",0.36,0.36,0.33,0.33,-,0.02,0.32,15,0.33,10,
730299,營邦富邦4B購01,0,0,0,---,---,---, ---,,,0.23,10,0.24,10,
730300,環球晶富邦49購02,0,0,0,---,---,---, ---,,,0.43,30,0.50,10,
730301,世界統一52購01,"280,000",3,"118,100",0.43,0.43,0.42,0.42,-,0.02,0.41,10,0.42,10,
730302,正基統一52購06,0,0,0,---,---,---, ---,,,0.14,10,0.15,10,
730303,合晶統一52購01,"25,000",1,"7,750",0.31,0.31,0.31,0.31,-,0.03,0.28,10,0.29,10,
730304,合晶統一52購02,0,0,0,---,---,---, ---,,,0.40,10,0.41,10,
730305,安勤統一52購03,0,0,0,---,---,---, ---,,,0.45,10,0.46,10,
730306,百德統一52購03,0,0,0,---,---,---, ---,,,0.22,10,0.23,10,
730307,欣銓統一54購01,0,0,0,---,---,---, ---,,,0.58,10,0.59,10,
730308,前鼎統一52購01,0,0,0,---,---,---, ---,,,0.19,10,0.20,10,
730309,威剛統一52購01,"4,000",1,"2,840",0.71,0.71,0.71,0.71,-,0.01,0.70,10,0.71,10,
730310,威剛統一54購01,0,0,0,---,---,---, ---,,,0.61,10,0.62,10,
730311,群聯統一4C購02,"11,000",1,"6,270",0.57,0.57,0.57,0.57,-,0.03,0.57,10,0.58,10,
730312,群聯統一52購01,0,0,0,---,---,---, ---,,,0.46,10,0.47,10,
730313,精測統一52購01,"51,000",3,"37,120",0.73,0.73,0.67,0.67,-,0.03,0.65,10,0.66,10,
730314,營邦統一52購04,0,0,0,---,---,---, ---,,,0.41,10,0.42,10,
730315,鴻呈統一52購01,"5,000",1,"1,100",0.22,0.22,0.22,0.22,-,0.02,0.24,10,0.25,10,
730316,鴻呈統一54購01,"47,000",2,"14,540",0.31,0.31,0.28,0.28,-,0.02,0.28,10,0.29,10,
730317,鴻呈統一58購01,"94,000",2,"28,200",0.30,0.30,0.30,0.30,+,0.01,0.27,10,0.28,10,
730318,中美晶元大48購03,0,0,0,---,---,---, ---,,,0.38,499,0.40,10,
730319,艾訊元大48購04,0,0,0,---,---,---, ---,,,0.00,0,0.10,10,
730320,博智元大48購01,"10,000",1,"7,000",0.70,0.70,0.70,0.70,+,0.05,0.16,62,0.00,0,
730321,僑威元大48購05,"10,000",1,"5,500",0.55,0.55,0.55,0.55,-,0.04,0.55,499,0.56,10,
730322,綠界*元大48購06,0,0,0,---,---,---, ---,,,0.19,499,0.22,10,
730323,磐儀元大48購01,0,0,0,---,---,---, ---,,,0.04,499,0.14,10,
730324,譜瑞元大48購06,0,0,0,---,---,---, ---,,,0.30,499,0.32,10,
730325,艾訊台新48購01,0,0,0,---,---,---, ---,,,0.04,10,0.14,10,
730326,M31凱基48購01,0,0,0,---,---,---, ---,,,0.03,100,0.13,10,
730327,M31凱基48購02,0,0,0,---,---,---, ---,,,0.09,100,0.10,50,
730328,中美晶凱基48購02,0,0,0,---,---,---, ---,,,0.55,100,0.56,10,
730329,旺矽凱基4A購01,0,0,0,---,---,---, ---,,,0.38,100,0.39,50,
730330,信驊凱基4A購01,0,0,0,---,---,---, ---,,,0.91,100,1.01,10,
730331,鈊象凱基4A購02,0,0,0,---,---,---, ---,,,1.23,100,1.24,10,
730332,新復興凱基48購03,0,0,0,---,---,---, ---,,,0.31,60,0.32,50,
730333,群聯凱基4B購02,0,0,0,---,---,---, ---,,,1.17,100,1.18,10,
730334,雙鴻凱基48購02,0,0,0,---,---,---, ---,,,0.46,20,0.56,10,
730335,M31元大48購01,0,0,0,---,---,---, ---,,,0.02,499,0.12,10,
730336,M31元大48購02,0,0,0,---,---,---, ---,,,0.04,499,0.14,10,
730337,兆利元大48購01,0,0,0,---,---,---, ---,,,0.01,499,0.11,10,
730338,信驊元大49購01,"10,000",1,"8,400",0.84,0.84,0.84,0.84,-,0.04,0.79,499,0.82,10,
730339,信驊元大4A購02,0,0,0,---,---,---, ---,,,0.65,499,0.67,10,
730340,信驊元大51購01,"215,000",7,"196,940",0.95,0.96,0.90,0.90,-,0.05,0.89,499,0.92,10,
730341,原相元大51購02,0,0,0,---,---,---, ---,,,0.32,499,0.33,10,
730342,精測元大48購05,"73,000",5,"105,370",1.45,1.47,1.43,1.45,-,0.05,1.23,499,1.24,10,
730343,鴻呈元大48購01,0,0,0,---,---,---, ---,,,0.00,0,0.00,0,
730344,譜瑞元大48購07,0,0,0,---,---,---, ---,,,0.35,499,0.37,10,
730345,驊訊元大48購01,0,0,0,---,---,---, ---,,,0.08,499,0.09,10,
730346,M31群益4A購01,0,0,0,---,---,---, ---,,,0.26,100,0.27,100,
730347,正德群益49購01,0,0,0,---,---,---, ---,,,0.64,25,0.65,10,
730348,亞泰群益48購03,0,0,0,---,---,---, ---,,,0.33,25,0.34,10,
730349,信驊群益4A購01,"8,000",2,"13,210",1.67,1.67,1.62,1.62,-,0.06,1.64,100,1.65,100,
730350,鈊象群益48購07,0,0,0,---,---,---, ---,,,0.63,100,0.64,100,
730351,群聯群益48購02,0,0,0,---,---,---, ---,,,0.91,100,0.92,100,
730352,擎邦群益4A購01,0,0,0,---,---,---, ---,,,0.82,25,0.83,10,
730353,耀勝群益48購01,"30,000",1,600,0.02,0.02,0.02,0.02,-,0.02,0.02,25,0.03,10,
730354,91APP*第一48購01,0,0,0,---,---,---, ---,,,0.52,10,0.53,10,
730355,M31第一48購01,0,0,0,---,---,---, ---,,,0.22,10,0.23,10,
730356,永信建第一48購01,0,0,0,---,---,---, ---,,,0.71,10,0.73,10,
730357,M31國票49購02,0,0,0,---,---,---, ---,,,0.15,25,0.16,10,
730358,旺矽國票49購04,0,0,0,---,---,---, ---,,,0.86,25,0.87,10,
730359,信驊國票4A購01,0,0,0,---,---,---, ---,,,0.59,25,0.60,10,
730360,威剛國票49購01,0,0,0,---,---,---, ---,,,2.34,25,2.37,10,
730361,泰茂國票49購03,0,0,0,---,---,---, ---,,,0.62,25,0.63,10,
730362,萬潤國票49購02,"26,000",5,"14,920",0.61,0.62,0.56,0.57,-,0.01,0.53,25,0.54,10,
730363,榮剛國票49購01,"4,000",1,"1,400",0.35,0.35,0.35,0.35,-,0.09,0.34,25,0.36,10,
730364,漢磊國票48購01,0,0,0,---,---,---, ---,,,0.23,25,0.24,10,
730365,營邦國票48購01,0,0,0,---,---,---, ---,,,0.40,25,0.50,10,
730366,譜瑞國票49購02,0,0,0,---,---,---, ---,,,0.64,25,0.66,10,
730367,瀧澤科國票49購02,0,0,0,---,---,---, ---,,,0.11,25,0.12,10,
730368,M31元富48購01,0,0,0,---,---,---, ---,,,0.21,25,0.22,25,
730369,M31元富48購02,0,0,0,---,---,---, ---,,,0.03,25,0.10,10,
730370,M31元富4B購01,0,0,0,---,---,---, ---,,,0.18,25,0.19,25,
730371,M31元富4B購02,0,0,0,---,---,---, ---,,,0.20,25,0.21,25,
730372,兆利元富52購01,0,0,0,---,---,---, ---,,,0.18,25,0.19,25,
730373,信驊元富49購01,0,0,0,---,---,---, ---,,,1.00,25,1.10,10,
730374,信驊元富49購02,"5,000",1,"6,150",1.23,1.23,1.23,1.23,-,0.04,1.16,25,1.26,10,
730375,信驊元富52購01,0,0,0,---,---,---, ---,,,0.87,25,0.89,25,
730376,廣運元富48購02,0,0,0,---,---,---, ---,,,0.25,25,0.26,25,
730377,M31中信49購01,0,0,0,---,---,---, ---,,,0.16,499,0.17,10,
730378,M31中信4A購01,"550,000",2,"32,100",0.06,0.06,0.05,0.05,-,0.01,0.05,10,0.06,10,
730379,M31中信4B購01,"62,000",3,"5,700",0.10,0.10,0.09,0.09,-,0.01,0.08,60,0.09,10,
730380,鈦昇中信48購01,0,0,0,---,---,---, ---,,,0.21,499,0.22,10,
730381,M31永豐4A購01,0,0,0,---,---,---, ---,,,0.19,499,0.20,10,
730382,南俊永豐48購01,"641,000",4,"118,380",0.19,0.19,0.18,0.18,-,0.05,0.18,61,0.19,62,
730383,是方永豐48購01,"50,000",1,"19,500",0.39,0.39,0.39,0.39,-,0.01,0.38,62,0.40,10,
730384,原相永豐49購02,0,0,0,---,---,---, ---,,,0.24,499,0.25,10,
730385,萬泰科永豐48購01,"62,000",6,"45,500",0.75,0.75,0.72,0.72,-,0.09,0.69,62,0.70,10,
730386,M31國泰49購01,"20,000",1,"7,800",0.39,0.39,0.39,0.39,-,0.01,0.35,499,0.37,100,
730387,大綜國泰49購01,0,0,0,---,---,---, ---,,,2.23,499,2.26,100,
730388,良維國泰49購01,"240,000",5,"446,400",1.85,1.91,1.80,1.86,-,0.04,1.90,10,1.95,10,
730389,信驊國泰49購02,0,0,0,---,---,---, ---,,,1.38,499,1.39,100,
730390,M31富邦4B購01,0,0,0,---,---,---, ---,,,0.08,10,0.10,10,
730391,安勤富邦48購01,0,0,0,---,---,---, ---,,,0.28,30,0.29,10,
730392,信驊富邦4A購01,"19,000",2,"12,350",0.65,0.65,0.65,0.65,-,0.0,0.61,10,0.62,10,
730393,威剛富邦48購02,"165,000",5,"128,900",0.82,0.82,0.76,0.80,-,0.03,0.79,30,0.80,10,
730394,神盾富邦49購01,0,0,0,---,---,---, ---,,,0.05,30,0.06,10,
730395,萬潤富邦4A購01,"20,000",1,"6,400",0.32,0.32,0.32,0.32,-,0.02,0.32,10,0.33,10,
730396,M31統一52購01,0,0,0,---,---,---, ---,,,0.31,10,0.32,10,
730397,M31統一52購02,"10,000",1,"2,000",0.20,0.20,0.20,0.20,-,0.0,0.18,30,0.19,10,
730398,M31統一54購01,0,0,0,---,---,---, ---,,,0.28,10,0.29,10,
730399,M31統一58購01,0,0,0,---,---,---, ---,,,0.37,10,0.38,10,
730400,M31統一58購02,"25,000",1,"15,250",0.61,0.61,0.61,0.61,-,0.0,0.57,10,0.58,10,
730401,M31統一62購01,0,0,0,---,---,---, ---,,,0.34,10,0.35,10,
730402,M31統一62購02,0,0,0,---,---,---, ---,,,0.44,10,0.45,10,
730403,M31統一62購03,0,0,0,---,---,---, ---,,,0.30,10,0.31,10,
730404,大樹統一52購01,"5,000",1,"2,500",0.50,0.50,0.50,0.50,+,0.02,0.49,10,0.50,10,
730405,中美晶統一4C購02,"46,000",1,"22,080",0.48,0.48,0.48,0.48,+,0.02,0.50,10,0.51,10,
730406,中美晶統一52購03,0,0,0,---,---,---, ---,,,0.43,10,0.44,10,
730407,永信建統一55購01,0,0,0,---,---,---, ---,,,0.43,10,0.44,10,
730408,艾訊統一52購02,0,0,0,---,---,---, ---,,,0.17,10,0.18,10,
730409,旺矽統一4C購06,"32,000",2,"11,400",0.36,0.36,0.35,0.35,-,0.03,0.34,10,0.35,10,
730410,東捷統一53購02,"129,000",7,"35,570",0.30,0.30,0.25,0.25,-,0.03,0.25,10,0.35,100,
730411,信驊統一52購02,0,0,0,---,---,---, ---,,,0.97,10,0.98,10,
730412,信驊統一52購03,"30,000",2,"19,500",0.65,0.65,0.65,0.65,-,0.03,0.64,10,0.65,10,
730413,威剛統一51購01,"14,000",2,"11,240",0.80,0.81,0.80,0.81,-,0.01,0.80,10,0.81,10,
730414,威剛統一52購02,"150,000",1,"121,500",0.81,0.81,0.81,0.81,-,0.02,0.82,10,0.83,10,
730415,胡連統一52購06,0,0,0,---,---,---, ---,,,0.41,10,0.42,10,
730416,群翊統一53購03,"115,000",3,"43,700",0.38,0.38,0.38,0.38,-,0.02,0.38,20,0.39,10,
730417,環球晶統一4C購01,"5,000",1,"2,050",0.41,0.41,0.41,0.41,+,0.03,0.41,10,0.42,10,
730418,聰泰統一52購02,0,0,0,---,---,---, ---,,,0.25,10,0.26,10,
730419,鴻呈統一52購02,"20,000",1,"3,000",0.15,0.15,0.15,0.15,-,0.02,0.17,10,0.18,10,
730420,鴻呈統一52購03,"3,000",1,750,0.25,0.25,0.25,0.25,-,0.02,0.27,10,0.28,10,
730421,穩懋統一51購01,0,0,0,---,---,---, ---,,,0.22,10,0.23,10,
730422,綠界*第一48購01,0,0,0,---,---,---, ---,,,0.35,10,0.37,10,
730423,兆利國票4A購01,0,0,0,---,---,---, ---,,,0.11,25,0.12,10,
730424,群聯國票49購02,0,0,0,---,---,---, ---,,,0.34,25,0.36,10,
730425,精材國票49購02,0,0,0,---,---,---, ---,,,0.26,25,0.27,10,
730426,原相台新48購02,0,0,0,---,---,---, ---,,,0.10,10,0.20,10,
730427,力旺凱基48購06,"475,000",4,"145,500",0.31,0.31,0.28,0.31,+,0.01,0.29,80,0.39,10,
730428,中美晶凱基48購03,"21,000",1,"15,120",0.72,0.72,0.72,0.72,-,0.01,0.74,100,0.75,10,
730429,昇達科凱基48購02,"132,000",6,"43,340",0.34,0.34,0.30,0.30,-,0.03,0.30,30,0.31,30,
730430,昇達科凱基4A購01,0,0,0,---,---,---, ---,,,0.49,40,0.50,30,
730431,原相凱基48購03,0,0,0,---,---,---, ---,,,0.10,100,0.11,50,
730432,漢磊凱基49購01,"17,000",3,"5,560",0.38,0.38,0.32,0.32,-,0.05,0.30,40,0.31,50,
730433,精材凱基48購05,0,0,0,---,---,---, ---,,,0.22,90,0.32,10,
730434,精材凱基4A購02,0,0,0,---,---,---, ---,,,0.24,60,0.34,10,
730435,營邦凱基48購02,0,0,0,---,---,---, ---,,,0.44,30,0.54,10,
730436,環球晶凱基4A購01,"8,000",1,"12,320",1.54,1.54,1.54,1.54,-,0.01,1.53,40,1.54,10,
730437,鴻呈凱基48購03,0,0,0,---,---,---, ---,,,0.04,20,0.00,0,
730438,譜瑞凱基48購05,0,0,0,---,---,---, ---,,,0.44,100,0.45,10,
730439,力旺元富49購01,0,0,0,---,---,---, ---,,,0.76,25,0.79,25,
730440,力旺元富51購02,"120,000",4,"32,200",0.27,0.27,0.26,0.26,+,0.01,0.26,25,0.27,25,
730441,僑威元富52購01,0,0,0,---,---,---, ---,,,1.01,25,1.02,25,
730442,榮剛元富48購02,"21,000",1,"9,030",0.43,0.43,0.43,0.43,-,0.1,0.43,25,0.44,25,
730443,精材元富49購01,0,0,0,---,---,---, ---,,,0.16,25,0.17,25,
730444,聰泰元富4B購01,0,0,0,---,---,---, ---,,,0.24,25,0.25,25,
730445,昇達科中信49購01,0,0,0,---,---,---, ---,,,0.22,10,0.23,10,
730446,茂迪中信48購01,0,0,0,---,---,---, ---,,,0.37,10,0.39,10,
730447,榮剛中信48購01,0,0,0,---,---,---, ---,,,0.02,10,0.12,10,
730448,力旺永豐48購03,"35,000",3,"40,650",1.17,1.17,1.07,1.07,+,0.09,1.07,62,1.14,10,
730449,中美晶永豐49購01,"189,000",6,"213,060",1.14,1.14,1.12,1.14,+,0.09,1.13,499,1.14,10,
730450,健椿永豐49購01,0,0,0,---,---,---, ---,,,0.15,499,0.16,10,
730451,萬潤永豐48購01,0,0,0,---,---,---, ---,,,0.10,62,0.13,62,
730452,雷科永豐49購01,"3,000",1,600,0.20,0.20,0.20,0.20,-,0.03,0.20,200,0.21,10,
730453,精材永豐48購02,0,0,0,---,---,---, ---,,,0.26,499,0.27,10,
730454,精材永豐49購02,0,0,0,---,---,---, ---,,,0.22,499,0.23,10,
730455,鴻呈永豐4B購01,0,0,0,---,---,---, ---,,,0.00,0,0.00,0,
730456,力旺群益48購05,"33,000",1,"24,750",0.75,0.75,0.75,0.75,+,0.05,0.70,100,0.73,100,
730457,中美晶群益48購05,"20,000",1,"15,400",0.77,0.77,0.77,0.77,+,0.01,0.78,100,0.79,100,
730458,百德群益48購02,0,0,0,---,---,---, ---,,,0.11,25,0.12,10,
730459,昇達科群益48購02,0,0,0,---,---,---, ---,,,0.26,100,0.27,100,
730460,昇達科群益49購02,0,0,0,---,---,---, ---,,,0.36,100,0.37,100,
730461,漢磊群益49購02,0,0,0,---,---,---, ---,,,0.00,0,0.00,0,
730462,精材群益4A購03,0,0,0,---,---,---, ---,,,0.32,100,0.33,100,
730463,力旺元大48購04,0,0,0,---,---,---, ---,,,0.00,0,0.00,0,
730464,力旺元大48購05,0,0,0,---,---,---, ---,,,0.00,0,0.00,0,
730465,昇達科元大48購01,"10,000",1,"4,300",0.43,0.43,0.43,0.43,+,0.01,0.40,499,0.41,10,
730466,昇達科元大48購02,"191,000",1,"74,490",0.39,0.39,0.39,0.39,+,0.03,0.34,499,0.35,10,
730467,昇達科元大51購01,"49,000",3,"36,890",0.76,0.76,0.73,0.73,-,0.02,0.73,499,0.74,10,
730468,欣銓元大4B購02,0,0,0,---,---,---, ---,,,0.47,499,0.48,10,
730469,威剛元大48購01,0,0,0,---,---,---, ---,,,1.98,350,2.00,10,
730470,威剛元大48購02,0,0,0,---,---,---, ---,,,1.58,450,1.68,10,
730471,原相元大51購03,"131,000",3,"106,210",0.82,0.82,0.81,0.81,-,0.03,0.75,499,0.76,10,
730472,神準元大4B購01,0,0,0,---,---,---, ---,,,0.31,499,0.32,10,
730473,精材元大48購09,0,0,0,---,---,---, ---,,,0.05,499,0.06,10,
730474,精材元大48購10,0,0,0,---,---,---, ---,,,0.06,499,0.07,10,
730475,精材元大48購11,0,0,0,---,---,---, ---,,,0.11,499,0.12,10,
730476,環球晶元大48購02,0,0,0,---,---,---, ---,,,0.67,499,0.68,10,
730477,譜瑞元大48購08,0,0,0,---,---,---, ---,,,0.34,499,0.35,10,
730478,瀧澤科元大48購03,0,0,0,---,---,---, ---,,,0.02,499,0.12,10,
730479,力旺國泰49購02,0,0,0,---,---,---, ---,,,0.65,10,0.66,10,
730480,旺矽國泰49購03,0,0,0,---,---,---, ---,,,0.74,499,0.84,100,
730481,昇達科國泰49購01,0,0,0,---,---,---, ---,,,0.47,499,0.53,10,
730482,力旺富邦49購03,"69,000",8,"23,660",0.38,0.38,0.34,0.34,-,0.01,0.34,24,0.35,10,
730483,永信建富邦48購01,0,0,0,---,---,---, ---,,,0.28,30,0.29,10,
730484,昇達科富邦48購02,0,0,0,---,---,---, ---,,,0.13,30,0.14,10,
730485,鈦昇富邦48購01,0,0,0,---,---,---, ---,,,0.21,30,0.22,10,
730486,精材富邦49購02,0,0,0,---,---,---, ---,,,0.11,30,0.12,10,
730487,力旺統一52購03,0,0,0,---,---,---, ---,,,0.39,10,0.40,10,
730488,中美晶統一52購04,"48,000",1,"27,360",0.57,0.57,0.57,0.57,-,0.0,0.58,10,0.60,10,
730489,昇達科統一52購01,0,0,0,---,---,---, ---,,,0.33,10,0.34,10,
730490,昇達科統一52購02,0,0,0,---,---,---, ---,,,0.34,10,0.35,10,
730491,昇達科統一52購03,0,0,0,---,---,---, ---,,,0.29,10,0.30,10,
730492,昇達科統一55購01,0,0,0,---,---,---, ---,,,0.47,10,0.48,10,
730493,昇達科統一5C購01,0,0,0,---,---,---, ---,,,0.43,10,0.44,10,
730494,威剛統一51購02,0,0,0,---,---,---, ---,,,0.73,10,0.74,10,
730495,晶呈統一52購02,"211,000",6,"54,740",0.28,0.28,0.25,0.25,-,0.02,0.25,10,0.26,10,
730496,鈦昇統一52購02,0,0,0,---,---,---, ---,,,0.36,10,0.37,10,
730497,漢磊統一52購01,0,0,0,---,---,---, ---,,,0.31,10,0.32,10,
730498,精材統一52購03,0,0,0,---,---,---, ---,,,0.21,10,0.22,10,
730499,精材統一52購04,0,0,0,---,---,---, ---,,,0.44,10,0.45,10,
730500,精材統一52購05,0,0,0,---,---,---, ---,,,0.16,10,0.17,10,
730501,磐儀統一52購02,0,0,0,---,---,---, ---,,,0.29,10,0.30,10,
730502,磐儀統一52購03,0,0,0,---,---,---, ---,,,0.37,10,0.38,10,
730503,聰泰統一52購03,0,0,0,---,---,---, ---,,,0.22,10,0.23,10,
730504,立端第一48購01,0,0,0,---,---,---, ---,,,0.54,10,0.00,0,
730505,威剛第一48購01,"5,000",1,"4,800",0.96,0.96,0.96,0.96,-,0.05,0.97,10,1.00,10,
730506,金山電國票49購01,0,0,0,---,---,---, ---,,,0.20,25,0.21,10,
730507,金麗科國票49購02,"15,000",5,"15,840",1.01,1.07,1.01,1.06,+,0.07,1.01,25,1.02,10,
730508,美琪瑪國票49購01,0,0,0,---,---,---, ---,,,0.71,25,0.72,10,
730509,茂訊國票4A購01,"10,000",1,"6,000",0.60,0.60,0.60,0.60,-,0.01,0.59,25,0.60,10,
730510,陽程國票49購02,0,0,0,---,---,---, ---,,,0.17,25,0.18,10,
730511,撼訊國票49購01,0,0,0,---,---,---, ---,,,0.36,25,0.37,10,
730512,昇達科凱基51購01,0,0,0,---,---,---, ---,,,0.85,50,0.86,30,
730513,威剛凱基48購02,"2,000",1,"5,500",2.75,2.75,2.75,2.75,-,0.08,2.78,100,2.79,10,
730514,原相凱基51購01,0,0,0,---,---,---, ---,,,0.67,100,0.68,10,
730515,鈊象凱基51購02,0,0,0,---,---,---, ---,,,1.27,100,1.28,10,
730516,群聯凱基49購01,0,0,0,---,---,---, ---,,,1.27,100,1.28,10,
730517,環球晶凱基48購03,"22,000",2,"21,130",0.96,0.97,0.96,0.97,+,0.05,0.92,80,0.93,10,
730518,昇達科兆豐48購02,0,0,0,---,---,---, ---,,,0.32,10,0.33,10,
730519,原相兆豐4A購01,0,0,0,---,---,---, ---,,,0.17,10,0.18,10,
730520,榮剛兆豐48購01,0,0,0,---,---,---, ---,,,0.28,10,0.29,10,
730521,群聯富邦4A購01,0,0,0,---,---,---, ---,,,0.57,10,0.58,10,
730522,原相台新48購03,0,0,0,---,---,---, ---,,,0.12,10,0.13,10,
730523,湧德台新48購01,0,0,0,---,---,---, ---,,,0.28,10,0.29,10,
730524,原相元富4A購02,0,0,0,---,---,---, ---,,,0.46,25,0.47,25,
730525,中光電永豐48購01,0,0,0,---,---,---, ---,,,0.13,499,0.14,10,
730526,百德永豐4B購01,0,0,0,---,---,---, ---,,,0.18,499,0.19,62,
730527,威剛永豐48購01,0,0,0,---,---,---, ---,,,1.13,499,1.15,10,
730528,原相永豐49購03,0,0,0,---,---,---, ---,,,0.29,499,0.30,10,
730529,振曜永豐56購01,0,0,0,---,---,---, ---,,,0.74,499,0.75,62,
730530,群聯永豐48購02,0,0,0,---,---,---, ---,,,0.36,499,0.37,10,
730531,群聯永豐4A購01,"50,000",1,"18,500",0.37,0.37,0.37,0.37,-,0.05,0.51,499,0.52,10,
730532,雍智永豐48購02,0,0,0,---,---,---, ---,,,0.11,499,0.12,10,
730533,榮剛永豐49購01,0,0,0,---,---,---, ---,,,1.19,62,1.20,10,
730534,信立群益4A購01,"12,000",3,"22,240",1.86,1.86,1.83,1.85,-,0.27,1.02,9,0.00,0,
730535,胡連群益48購01,0,0,0,---,---,---, ---,,,0.07,25,0.08,10,
730536,原相群益48購08,0,0,0,---,---,---, ---,,,0.65,100,0.66,100,
730537,精材群益4C購01,0,0,0,---,---,---, ---,,,0.58,100,0.59,100,
730538,優群群益4A購01,0,0,0,---,---,---, ---,,,0.70,25,0.71,10,
730539,中美晶統一52購05,"99,000",2,"49,530",0.49,0.51,0.49,0.51,+,0.04,0.51,10,0.52,10,
730540,台半統一52購03,"10,000",1,"4,300",0.43,0.43,0.43,0.43,-,0.0,0.42,10,0.43,10,
730541,宜特統一53購02,"19,000",1,"5,510",0.29,0.29,0.29,0.29,-,0.0,0.28,10,0.29,10,
730542,美琪瑪統一54購01,"7,000",1,"4,130",0.59,0.59,0.59,0.59,-,0.01,0.59,10,0.60,10,
730543,美琪瑪統一58購01,"10,000",1,"3,900",0.39,0.39,0.39,0.39,-,0.01,0.38,10,0.39,10,
730544,原相統一52購05,0,0,0,---,---,---, ---,,,0.24,10,0.25,10,
730545,原相統一52購06,0,0,0,---,---,---, ---,,,0.30,10,0.31,10,
730546,健椿統一52購01,0,0,0,---,---,---, ---,,,0.25,10,0.26,10,
730547,晶呈統一52購03,"4,000",1,920,0.23,0.23,0.23,0.23,-,0.02,0.22,10,0.23,10,
730548,鈦昇統一52購03,0,0,0,---,---,---, ---,,,0.42,10,0.43,10,
730549,新復興統一52購03,0,0,0,---,---,---, ---,,,0.22,10,0.23,10,
730550,群聯統一51購03,"3,000",1,"2,400",0.80,0.80,0.80,0.80,+,0.05,0.72,10,0.73,10,
730551,雷科統一52購01,0,0,0,---,---,---, ---,,,0.25,10,0.26,10,
730552,漢磊統一51購02,0,0,0,---,---,---, ---,,,0.20,10,0.21,10,
730553,漢磊統一52購02,"5,000",1,"1,050",0.21,0.21,0.21,0.21,-,0.02,0.20,10,0.21,10,
730554,精材統一51購06,0,0,0,---,---,---, ---,,,0.22,10,0.23,10,
730555,精材統一52購06,0,0,0,---,---,---, ---,,,0.34,10,0.35,10,
730556,環球晶統一4C購02,"24,000",3,"8,850",0.35,0.37,0.35,0.37,+,0.03,0.36,10,0.37,10,
730557,環球晶統一52購02,"30,000",1,"10,800",0.36,0.36,0.36,0.36,+,0.02,0.36,10,0.37,10,
730558,穩懋統一52購01,"333,000",8,"98,480",0.31,0.31,0.28,0.28,-,0.05,0.28,90,0.00,0,
730559,穩懋統一52購02,"130,000",4,"21,200",0.17,0.17,0.15,0.15,-,0.03,0.13,10,0.14,10,
730560,中美晶元大48購04,0,0,0,---,---,---, ---,,,0.40,499,0.42,10,
730561,原相元大48購14,0,0,0,---,---,---, ---,,,0.03,499,0.13,10,
730562,鈊象元大48購09,0,0,0,---,---,---, ---,,,0.11,499,0.12,10,
730563,鈊象元大48購10,0,0,0,---,---,---, ---,,,0.23,499,0.24,10,
730564,鈊象元大51購04,0,0,0,---,---,---, ---,,,0.28,499,0.29,10,
730565,萬潤元大48購03,"1,000",1,190,0.19,0.19,0.19,0.19,-,0.01,0.16,499,0.17,10,
730566,萬潤元大48購04,0,0,0,---,---,---, ---,,,0.06,499,0.07,10,
730567,群聯元大48購04,0,0,0,---,---,---, ---,,,0.37,499,0.38,10,
730568,精材元大51購01,0,0,0,---,---,---, ---,,,0.37,499,0.38,10,
730569,譜瑞元大48購09,"1,000",1,650,0.65,0.65,0.65,0.65,-,0.03,0.65,499,0.67,10,
730570,瀧澤科元大48購04,0,0,0,---,---,---, ---,,,0.05,499,0.08,10,
730571,世德群益4A購01,0,0,0,---,---,---, ---,,,0.41,25,0.45,10,
730572,先進光群益4A購01,"5,000",1,650,0.13,0.13,0.13,0.13,-,0.03,0.13,25,0.14,10,
730573,安勤群益49購02,0,0,0,---,---,---, ---,,,0.31,25,0.32,10,
730574,威剛群益4A購01,0,0,0,---,---,---, ---,,,0.83,100,0.84,100,
730575,原相群益48購09,0,0,0,---,---,---, ---,,,0.13,100,0.14,100,
730576,神準群益48購04,0,0,0,---,---,---, ---,,,0.23,25,0.24,10,
730577,鈦昇群益49購01,"10,000",1,"2,400",0.24,0.24,0.24,0.24,-,0.1,0.24,25,0.25,10,
730578,群聯群益49購02,0,0,0,---,---,---, ---,,,0.22,100,0.23,100,
730579,精材群益4A購04,0,0,0,---,---,---, ---,,,0.36,100,0.37,100,
730580,大宇資凱基48購01,0,0,0,---,---,---, ---,,,0.51,10,0.52,10,
730581,中光電凱基4A購01,0,0,0,---,---,---, ---,,,0.24,100,0.25,50,
730582,立端凱基48購05,0,0,0,---,---,---, ---,,,0.03,50,0.04,50,
730583,均華凱基48購01,"384,000",8,"223,740",0.56,0.66,0.56,0.57,-,0.01,0.58,100,0.68,10,
730584,均豪凱基48購01,"291,000",3,"58,590",0.21,0.21,0.19,0.19,-,0.01,0.19,99,0.20,50,
730585,鈦昇凱基48購02,0,0,0,---,---,---, ---,,,0.34,100,0.35,50,
730586,群聯凱基48購06,0,0,0,---,---,---, ---,,,0.18,30,0.28,10,
730587,雍智凱基4A購03,"100,000",2,"17,000",0.17,0.17,0.17,0.17,-,0.03,0.17,50,0.18,50,
730588,聚和凱基48購01,0,0,0,---,---,---, ---,,,0.33,10,0.34,50,
730589,優群凱基49購01,0,0,0,---,---,---, ---,,,1.14,20,1.15,10,
730590,聰泰凱基49購01,0,0,0,---,---,---, ---,,,0.07,100,0.08,50,
730591,鑫科凱基48購01,"130,000",3,"39,900",0.35,0.35,0.28,0.28,-,0.02,0.27,100,0.28,30,
730592,中光電國泰49購01,0,0,0,---,---,---, ---,,,0.20,499,0.21,100,
730593,群聯國泰49購01,0,0,0,---,---,---, ---,,,0.57,499,0.67,100,
730594,僑威國泰49購02,0,0,0,---,---,---, ---,,,0.84,499,0.94,100,
730595,中美晶元大48購05,0,0,0,---,---,---, ---,,,0.43,499,0.45,10,
730596,立端元大48購09,0,0,0,---,---,---, ---,,,0.00,0,0.10,10,
730597,立端元大48購10,0,0,0,---,---,---, ---,,,0.01,998,0.11,10,
730598,立端元大48購11,0,0,0,---,---,---, ---,,,0.05,499,0.06,10,
730599,均豪元大48購01,"245,000",14,"37,000",0.16,0.16,0.14,0.14,+,0.01,0.14,509,0.15,10,
730600,宏觀元大48購02,0,0,0,---,---,---, ---,,,0.01,998,0.11,10,
730601,原相元大48購15,0,0,0,---,---,---, ---,,,0.02,499,0.12,10,
730602,閎康元大48購01,"30,000",2,900,0.03,0.03,0.03,0.03,-,0.01,0.03,170,0.12,10,
730603,群聯元大48購05,0,0,0,---,---,---, ---,,,0.44,499,0.45,10,
730604,群聯元大48購06,"4,000",1,"1,480",0.37,0.37,0.37,0.37,-,0.05,0.38,499,0.39,10,
730605,群聯元大51購01,0,0,0,---,---,---, ---,,,0.38,499,0.48,10,
730606,精材元大48購12,"100,000",1,"17,000",0.17,0.17,0.17,0.17,-,0.02,0.16,499,0.17,10,
730607,精材元大48購13,"500,000",2,"90,000",0.18,0.18,0.18,0.18,-,0.01,0.16,499,0.17,10,
730608,精材元大51購02,"5,000",1,"1,900",0.38,0.38,0.38,0.38,-,0.04,0.38,499,0.39,10,
730609,譜瑞元大48購10,0,0,0,---,---,---, ---,,,0.42,499,0.43,10,
730610,萬潤第一49購01,0,0,0,---,---,---, ---,,,0.20,10,0.21,10,
730611,大宇資國票49購02,0,0,0,---,---,---, ---,,,0.86,25,0.88,10,
730612,台半國票49購01,0,0,0,---,---,---, ---,,,0.65,25,0.66,10,
730613,正基國票49購03,0,0,0,---,---,---, ---,,,0.21,25,0.22,10,
730614,亞泰國票49購02,0,0,0,---,---,---, ---,,,0.23,25,0.24,10,
730615,旺矽國票49購05,0,0,0,---,---,---, ---,,,0.74,25,0.75,10,
730616,信立國票4A購01,"7,000",1,"21,000",3.00,3.00,3.00,3.00,-,0.13,2.80,25,2.81,10,
730617,南俊國票49購01,0,0,0,---,---,---, ---,,,0.17,25,0.18,30,
730618,鈦昇國票49購01,0,0,0,---,---,---, ---,,,0.67,25,0.69,10,
730619,福華國票48購01,"25,000",1,"3,750",0.15,0.15,0.15,0.15,-,0.01,0.13,25,0.14,10,
730620,綠界*國票49購06,0,0,0,---,---,---, ---,,,0.37,25,0.38,10,
730621,聚和國票49購02,0,0,0,---,---,---, ---,,,0.48,25,0.49,10,
730622,穩懋國票4A購02,0,0,0,---,---,---, ---,,,0.38,25,0.39,10,
730623,天品統一52購01,"255,000",3,"168,570",0.66,0.69,0.63,0.63,-,0.05,0.58,10,0.59,10,
730624,立端統一52購02,0,0,0,---,---,---, ---,,,0.26,10,0.27,10,
730625,均豪統一52購01,0,0,0,---,---,---, ---,,,0.43,10,0.44,10,
730626,金山電統一51購03,"37,000",1,"14,430",0.39,0.39,0.39,0.39,-,0.01,0.37,10,0.38,10,
730627,金山電統一52購01,0,0,0,---,---,---, ---,,,0.37,10,0.38,10,
730628,美琪瑪統一51購01,0,0,0,---,---,---, ---,,,0.48,10,0.49,10,
730629,美琪瑪統一52購01,0,0,0,---,---,---, ---,,,0.49,10,0.50,10,
730630,神準統一52購02,0,0,0,---,---,---, ---,,,0.29,10,0.30,10,
730631,康全電統一52購02,0,0,0,---,---,---, ---,,,0.37,10,0.38,10,
730632,晶宏統一52購01,"40,000",2,"14,400",0.36,0.36,0.36,0.36,-,0.02,0.36,10,0.37,10,
730633,湧德統一52購03,0,0,0,---,---,---, ---,,,0.43,10,0.44,10,
730634,湧德統一52購04,0,0,0,---,---,---, ---,,,0.35,10,0.36,10,
730635,鈦昇統一58購01,0,0,0,---,---,---, ---,,,0.35,10,0.36,10,
730636,萬潤統一58購02,"30,000",1,"7,800",0.26,0.26,0.26,0.26,-,0.01,0.25,10,0.26,10,
730637,雍智統一52購02,0,0,0,---,---,---, ---,,,0.19,10,0.20,10,
730638,雷科統一52購02,0,0,0,---,---,---, ---,,,0.34,10,0.35,10,
730639,中光電富邦48購01,0,0,0,---,---,---, ---,,,0.03,30,0.06,28,
730640,兆利富邦4A購02,"10,000",2,"2,020",0.22,0.22,0.19,0.19,-,0.02,0.18,10,0.19,10,
730641,原相富邦48購03,0,0,0,---,---,---, ---,,,0.11,30,0.12,10,
730642,榮剛富邦4A購01,0,0,0,---,---,---, ---,,,0.25,10,0.26,10,
730643,優群富邦4A購01,0,0,0,---,---,---, ---,,,0.53,10,0.54,10,
730644,環球晶富邦48購03,0,0,0,---,---,---, ---,,,0.21,40,0.25,28,
730645,雙鴻富邦4A購03,0,0,0,---,---,---, ---,,,0.32,10,0.33,10,
730646,均豪元富49購01,"60,000",2,"14,900",0.25,0.25,0.24,0.24,-,0.01,0.23,25,0.24,25,
730647,欣銓元富48購05,0,0,0,---,---,---, ---,,,0.64,25,0.65,25,
730648,群聯元富4A購03,0,0,0,---,---,---, ---,,,0.60,25,0.61,25,
730649,精測元富4B購02,"150,000",1,"229,500",1.53,1.53,1.53,1.53,-,0.08,1.56,25,1.57,25,
730650,百德中信48購01,0,0,0,---,---,---, ---,,,0.10,499,0.11,10,
730651,威剛中信48購01,0,0,0,---,---,---, ---,,,0.40,499,0.41,10,
730652,湧德中信48購01,"2,000",1,220,0.11,0.11,0.11,0.11,-,0.0,0.09,10,0.10,10,
730653,碩禾中信48購01,0,0,0,---,---,---, ---,,,0.23,10,0.24,10,
730654,德微中信48購01,"255,000",3,"33,150",0.13,0.13,0.13,0.13,+,0.02,0.10,10,0.11,10,
730655,鑫科中信48購01,"50,000",1,"2,000",0.04,0.04,0.04,0.04,-,0.01,0.03,10,0.04,10,
730656,昇達科台新48購01,0,0,0,---,---,---, ---,,,0.39,20,0.40,10,
730657,鈊象台新48購01,0,0,0,---,---,---, ---,,,0.89,20,0.90,10,
730658,91APP*凱基48購01,0,0,0,---,---,---, ---,,,0.15,30,0.25,10,
730659,台星科凱基48購02,0,0,0,---,---,---, ---,,,0.29,10,0.30,50,
730660,弘塑凱基49購01,"90,000",4,"32,050",0.37,0.37,0.34,0.34,-,0.04,0.10,110,0.00,0,
730661,正基凱基49購01,0,0,0,---,---,---, ---,,,0.20,100,0.21,50,
730662,伍豐凱基48購01,0,0,0,---,---,---, ---,,,0.16,20,0.17,50,
730663,安勤凱基49購01,0,0,0,---,---,---, ---,,,0.33,50,0.34,50,
730664,百德凱基48購01,0,0,0,---,---,---, ---,,,0.07,50,0.08,50,
730665,艾訊凱基48購01,0,0,0,---,---,---, ---,,,0.02,20,0.03,50,
730666,良維凱基48購01,0,0,0,---,---,---, ---,,,2.81,20,2.91,10,
730667,是方凱基48購01,"205,000",5,"104,550",0.51,0.51,0.51,0.51,-,0.01,0.50,20,0.51,30,
730668,神準凱基4B購01,"100,000",1,"22,000",0.22,0.22,0.22,0.22,-,0.04,0.20,100,0.21,30,
730669,鈊象凱基4C購01,0,0,0,---,---,---, ---,,,0.78,100,0.79,30,
730670,新復興凱基48購04,0,0,0,---,---,---, ---,,,0.10,90,0.11,50,
730671,德微凱基48購01,"60,000",2,"7,800",0.15,0.15,0.12,0.12,-,0.01,0.11,100,0.12,10,
730672,穩懋凱基48購01,0,0,0,---,---,---, ---,,,0.25,100,0.35,10,
730673,立端元富48購01,0,0,0,---,---,---, ---,,,0.20,25,0.21,25,
730674,昇達科元富48購01,"10,000",1,"1,900",0.19,0.19,0.19,0.19,-,0.0,0.17,25,0.18,25,
730675,美琪瑪元富49購01,"7,000",2,"3,290",0.47,0.47,0.47,0.47,-,0.04,0.47,25,0.48,25,
730676,原相元富4B購01,0,0,0,---,---,---, ---,,,0.33,25,0.34,25,
730677,神盾元富4B購01,0,0,0,---,---,---, ---,,,0.10,25,0.11,25,
730678,雍智元富48購01,0,0,0,---,---,---, ---,,,0.11,25,0.12,25,
730679,廣明元富48購02,0,0,0,---,---,---, ---,,,0.30,25,0.31,25,
730680,大宇資永豐48購01,0,0,0,---,---,---, ---,,,0.28,499,0.29,10,
730681,百德永豐54購01,"100,000",3,"25,500",0.26,0.26,0.25,0.25,-,0.01,0.24,499,0.25,62,
730682,原相永豐48購02,0,0,0,---,---,---, ---,,,0.13,499,0.14,10,
730683,振曜永豐4A購01,"106,000",9,"131,240",1.25,1.27,1.23,1.27,+,0.01,1.26,499,1.27,12,
730684,新復興永豐48購02,"1,000",1,30,0.03,0.03,0.03,0.03,-,0.01,0.03,62,0.04,10,
730685,磐儀永豐48購02,0,0,0,---,---,---, ---,,,0.06,499,0.07,10,
730686,優群永豐49購01,"31,000",1,"19,220",0.62,0.62,0.62,0.62,-,0.01,0.60,499,0.61,10,
730687,穩懋永豐49購01,0,0,0,---,---,---, ---,,,0.00,0,0.00,0,
730688,驊訊永豐49購01,0,0,0,---,---,---, ---,,,0.31,499,0.41,10,
730689,元太元大48購06,0,0,0,---,---,---, ---,,,0.20,499,0.21,10,
730690,元太元大4C購01,0,0,0,---,---,---, ---,,,0.52,25,0.53,10,
730691,元太元大51購01,"33,000",7,"21,210",0.65,0.65,0.62,0.62,-,0.04,0.63,25,0.64,10,
730692,友輝元大48購01,"8,000",2,"8,320",1.04,1.04,1.04,1.04,-,0.09,1.03,25,1.04,10,
730693,艾訊元大48購05,0,0,0,---,---,---, ---,,,0.00,0,0.10,10,
730694,艾訊元大48購06,0,0,0,---,---,---, ---,,,0.01,499,0.11,10,
730695,均華元大48購01,"92,000",8,"32,870",0.38,0.40,0.34,0.36,+,0.07,0.36,5,0.45,1,
730696,均豪元大48購02,0,0,0,---,---,---, ---,,,0.05,499,0.06,10,
730697,昇達科元大4A購02,0,0,0,---,---,---, ---,,,0.51,499,0.52,10,
730698,原相元大48購16,0,0,0,---,---,---, ---,,,0.04,499,0.14,10,
730699,振曜元大48購02,0,0,0,---,---,---, ---,,,0.30,499,0.40,10,
730700,鈦昇元大48購01,0,0,0,---,---,---, ---,,,0.17,499,0.27,10,
730701,雍智元大48購03,0,0,0,---,---,---, ---,,,0.02,499,0.12,10,
730702,僑威元大48購06,0,0,0,---,---,---, ---,,,0.35,499,0.36,10,
730703,精材元大48購14,0,0,0,---,---,---, ---,,,0.12,499,0.13,10,
730704,精材元大48購15,0,0,0,---,---,---, ---,,,0.17,499,0.18,10,
730705,精材元大51購03,"110,000",2,"27,300",0.25,0.25,0.23,0.23,-,0.03,0.23,499,0.24,10,
730706,綠界*元大48購07,0,0,0,---,---,---, ---,,,0.11,499,0.14,10,
730707,綠界*元大48購08,0,0,0,---,---,---, ---,,,0.16,499,0.19,10,
730708,綠界*元大48購09,0,0,0,---,---,---, ---,,,0.07,499,0.10,10,
730709,聰泰元大48購01,0,0,0,---,---,---, ---,,,0.06,499,0.07,10,
730710,譜瑞元大48購11,0,0,0,---,---,---, ---,,,0.56,499,0.58,10,
730711,譜瑞元大48購12,0,0,0,---,---,---, ---,,,0.58,499,0.60,10,
730712,大宇資富邦48購01,"10,000",1,"2,300",0.23,0.23,0.23,0.23,-,0.04,0.22,30,0.23,28,
730713,先進光富邦48購03,0,0,0,---,---,---, ---,,,0.03,30,0.10,10,
730714,艾訊富邦48購01,0,0,0,---,---,---, ---,,,0.02,30,0.10,10,
730715,均華富邦4B購01,"2,000",1,"1,200",0.60,0.60,0.60,0.60,+,0.02,0.57,10,0.58,10,
730716,家登富邦4B購01,"36,000",2,"3,540",0.12,0.12,0.09,0.09,-,0.03,0.09,10,0.10,10,
730717,湧德富邦4B購01,0,0,0,---,---,---, ---,,,0.27,10,0.28,10,
730718,雍智富邦48購01,0,0,0,---,---,---, ---,,,0.07,30,0.10,10,
730719,穩懋富邦4B購01,0,0,0,---,---,---, ---,,,0.08,10,0.10,10,
730720,大宇資統一52購01,0,0,0,---,---,---, ---,,,0.43,10,0.44,10,
730721,元太統一52購04,0,0,0,---,---,---, ---,,,0.22,10,0.23,10,
730722,元太統一58購01,0,0,0,---,---,---, ---,,,0.31,11,0.32,10,
730723,正基統一52購07,"150,000",2,"18,000",0.12,0.12,0.12,0.12,-,0.01,0.12,10,0.13,10,
730724,兆利統一51購01,0,0,0,---,---,---, ---,,,0.18,10,0.19,10,
730725,兆利統一52購01,0,0,0,---,---,---, ---,,,0.17,10,0.18,10,
730726,兆利統一52購02,0,0,0,---,---,---, ---,,,0.23,10,0.24,10,
730727,兆利統一52購03,0,0,0,---,---,---, ---,,,0.15,10,0.16,10,
730728,百德統一52購04,0,0,0,---,---,---, ---,,,0.28,10,0.29,10,
730729,艾訊統一53購01,0,0,0,---,---,---, ---,,,0.19,10,0.20,10,
730730,均豪統一53購01,0,0,0,---,---,---, ---,,,0.29,10,0.30,10,
730731,昇達科統一52購04,"20,000",1,"8,400",0.42,0.42,0.42,0.42,-,0.01,0.42,10,0.43,10,
730732,威剛統一58購01,"10,000",1,"6,000",0.60,0.60,0.60,0.60,-,0.01,0.59,10,0.60,10,
730733,原相統一5B購01,0,0,0,---,---,---, ---,,,0.27,15,0.28,10,
730734,家登統一52購01,"32,000",5,"8,870",0.30,0.30,0.26,0.26,-,0.05,0.26,10,0.27,10,
730735,泰茂統一58購01,0,0,0,---,---,---, ---,,,0.42,10,0.43,10,
730736,晶宏統一52購02,"19,000",1,"7,220",0.38,0.38,0.38,0.38,-,0.02,0.38,10,0.39,10,
730737,磐儀統一58購01,0,0,0,---,---,---, ---,,,0.23,10,0.24,10,
730738,雙鴻統一52購04,0,0,0,---,---,---, ---,,,0.43,10,0.44,10,
730739,瀧澤科統一52購02,0,0,0,---,---,---, ---,,,0.09,10,0.10,10,
730740,瀧澤科統一52購03,0,0,0,---,---,---, ---,,,0.16,10,0.17,10,
730741,鑫科統一52購01,0,0,0,---,---,---, ---,,,0.23,10,0.24,10,
730742,91APP*國票48購01,0,0,0,---,---,---, ---,,,0.17,25,0.18,10,
730743,立端國票4B購01,0,0,0,---,---,---, ---,,,0.19,25,0.20,10,
730744,伍豐國票49購01,"30,000",1,"8,700",0.29,0.29,0.29,0.29,-,0.0,0.27,25,0.28,10,
730745,兆利國票49購01,0,0,0,---,---,---, ---,,,0.15,25,0.16,10,
730746,安勤國票48購01,0,0,0,---,---,---, ---,,,0.25,25,0.26,10,
730747,安勤國票49購01,0,0,0,---,---,---, ---,,,0.21,25,0.22,10,
730748,系統電國票49購03,"246,000",4,"110,160",0.45,0.45,0.44,0.44,-,0.0,0.35,26,0.36,10,
730749,佳邦國票49購01,"16,000",1,"17,280",1.08,1.08,1.08,1.08,-,0.02,1.04,25,1.05,10,
730750,昇達科國票49購01,0,0,0,---,---,---, ---,,,0.31,25,0.32,10,
730751,東浦國票49購01,0,0,0,---,---,---, ---,,,0.27,25,0.28,10,
730752,欣銓國票49購03,"3,000",1,"2,820",0.94,0.94,0.94,0.94,-,0.2,0.95,25,0.97,10,
730753,原相國票49購02,0,0,0,---,---,---, ---,,,0.16,25,0.17,10,
730754,鈊象國票49購03,0,0,0,---,---,---, ---,,,0.62,25,0.63,10,
730755,群聯國票49購03,0,0,0,---,---,---, ---,,,1.77,25,1.79,10,
730756,雍智國票49購04,0,0,0,---,---,---, ---,,,0.73,25,0.74,10,
730757,德微國票49購01,0,0,0,---,---,---, ---,,,0.27,25,0.28,10,
730758,優群國票48購01,0,0,0,---,---,---, ---,,,0.93,25,0.94,10,
730759,聰泰國票49購02,0,0,0,---,---,---, ---,,,0.35,25,0.36,10,
730760,昇達科兆豐49購01,"28,000",1,"8,400",0.30,0.30,0.30,0.30,-,0.02,0.26,10,0.27,10,
730761,神準兆豐52購01,"1,000",1,400,0.40,0.40,0.40,0.40,-,0.03,0.36,10,0.37,10,
730762,群聯兆豐52購01,0,0,0,---,---,---, ---,,,0.67,10,0.68,10,
730763,雍智兆豐49購01,0,0,0,---,---,---, ---,,,0.19,10,0.20,10,
730764,中光電群益48購03,0,0,0,---,---,---, ---,,,0.12,25,0.13,10,
730765,伍豐群益49購01,0,0,0,---,---,---, ---,,,0.20,25,0.21,10,
730766,兆利群益48購02,0,0,0,---,---,---, ---,,,0.12,25,0.13,10,
730767,安勤群益49購03,"120,000",1,"34,800",0.29,0.29,0.29,0.29,-,0.04,0.29,25,0.30,10,
730768,茂訊群益4A購01,"10,000",1,"9,200",0.92,0.92,0.92,0.92,-,0.03,0.90,25,0.91,10,
730769,振曜群益4C購01,"43,000",2,"35,740",0.84,0.84,0.83,0.83,-,0.05,0.85,25,0.86,10,
730770,崧騰群益49購01,0,0,0,---,---,---, ---,,,0.35,25,0.38,10,
730771,鈊象群益48購08,0,0,0,---,---,---, ---,,,0.60,100,0.61,100,
730772,新復興群益48購02,0,0,0,---,---,---, ---,,,0.07,25,0.08,10,
730773,群聯群益48購03,0,0,0,---,---,---, ---,,,0.00,0,0.00,0,
730774,僑威群益48購04,"5,000",1,"7,450",1.49,1.49,1.49,1.49,-,0.09,1.49,25,1.50,10,
730775,磐儀群益48購01,0,0,0,---,---,---, ---,,,0.00,0,0.19,10,
730776,力致凱基48購02,0,0,0,---,---,---, ---,,,0.21,20,0.22,10,
730777,昇達科凱基4A購02,"284,000",12,"146,470",0.55,0.56,0.51,0.52,-,0.05,0.52,30,0.53,30,
730778,茂訊凱基4A購01,0,0,0,---,---,---, ---,,,0.48,10,0.49,10,
730779,原相凱基51購02,"7,000",1,"4,620",0.66,0.66,0.66,0.66,-,0.06,0.65,100,0.66,3,
730780,家登凱基48購02,0,0,0,---,---,---, ---,,,0.43,100,0.44,30,
730781,群聯凱基49購02,0,0,0,---,---,---, ---,,,1.00,40,1.01,10,
730782,磐儀凱基48購01,0,0,0,---,---,---, ---,,,0.07,20,0.17,10,
730783,力致群益4A購01,0,0,0,---,---,---, ---,,,0.25,25,0.26,10,
730784,中美晶群益48購06,"36,000",3,"26,850",0.75,0.75,0.74,0.74,+,0.02,0.75,100,0.76,100,
730785,中美晶群益49購02,"783,000",4,"581,440",0.74,0.75,0.74,0.75,+,0.04,0.75,100,0.77,100,
730786,元太群益48購03,0,0,0,---,---,---, ---,,,0.02,74,0.00,0,
730787,世界群益48購01,0,0,0,---,---,---, ---,,,0.39,100,0.40,100,
730788,弘塑群益48購03,"75,000",1,"30,750",0.41,0.41,0.41,0.41,-,0.02,0.16,62,0.00,0,
730789,永信建群益48購02,0,0,0,---,---,---, ---,,,0.27,25,0.28,10,
730790,昇達科群益48購03,0,0,0,---,---,---, ---,,,0.15,100,0.16,100,
730791,萬泰科群益4A購01,0,0,0,---,---,---, ---,,,0.35,10,0.96,10,
730792,精材群益4C購02,0,0,0,---,---,---, ---,,,0.75,100,0.76,100,
730793,德微群益48購01,0,0,0,---,---,---, ---,,,0.00,0,0.00,0,
730794,元太第一48購01,"4,000",1,"4,280",1.07,1.07,1.07,1.07,-,0.0,1.03,10,1.04,10,
730795,智通*第一48購01,0,0,0,---,---,---, ---,,,0.66,10,0.69,10,
730796,大井國票48購02,0,0,0,---,---,---, ---,,,0.39,25,0.40,10,
730797,元太國票49購02,"39,000",3,"13,410",0.35,0.35,0.31,0.33,-,0.52,0.31,25,0.32,10,
730798,世界國票49購02,0,0,0,---,---,---, ---,,,1.43,25,1.44,10,
730799,永信建國票49購02,0,0,0,---,---,---, ---,,,0.63,25,0.65,10,
730800,立敦國票48購01,0,0,0,---,---,---, ---,,,0.38,25,0.39,10,
730801,伯特光國票49購01,0,0,0,---,---,---, ---,,,0.63,25,0.65,10,
730802,均豪國票48購01,"80,000",1,"19,200",0.24,0.24,0.24,0.24,-,0.02,0.25,25,0.26,10,
730803,昇達科國票4C購01,0,0,0,---,---,---, ---,,,0.49,25,0.50,10,
730804,昇達科國票55購01,"3,000",1,"3,360",1.12,1.12,1.12,1.12,-,0.01,1.10,25,1.11,10,
730805,朋程國票48購01,0,0,0,---,---,---, ---,,,0.11,25,0.12,10,
730806,長聖國票49購01,0,0,0,---,---,---, ---,,,0.77,25,0.79,10,
730807,茂訊國票4A購02,0,0,0,---,---,---, ---,,,0.43,25,0.45,10,
730808,家登國票48購02,"4,000",1,600,0.15,0.15,0.15,0.15,-,0.17,0.13,25,0.14,10,
730809,家登國票49購01,0,0,0,---,---,---, ---,,,0.31,25,0.32,10,
730810,康全電國票49購01,"50,000",1,"8,500",0.17,0.17,0.17,0.17,-,0.01,0.14,25,0.15,10,
730811,陽程國票4A購01,0,0,0,---,---,---, ---,,,0.22,25,0.23,10,
730812,雍智國票49購05,"461,000",7,"133,040",0.30,0.31,0.28,0.28,-,0.4,0.27,26,0.28,10,
730813,僑威國票49購02,0,0,0,---,---,---, ---,,,0.77,25,0.78,10,
730814,榮剛國票49購02,0,0,0,---,---,---, ---,,,0.32,25,0.33,10,
730815,廣積國票49購01,0,0,0,---,---,---, ---,,,0.42,25,0.43,10,
730816,擎邦國票48購01,"60,000",4,"51,500",0.88,0.88,0.82,0.82,-,0.03,0.83,25,0.85,10,
730817,環球晶國票48購02,0,0,0,---,---,---, ---,,,0.50,25,0.52,10,
730818,原相台新48購04,0,0,0,---,---,---, ---,,,0.22,20,0.23,10,
730819,力致統一4C購02,"63,000",1,"12,600",0.20,0.20,0.20,0.20,-,0.02,0.20,10,0.21,10,
730820,伍豐統一52購01,"4,000",1,"1,080",0.27,0.27,0.27,0.27,-,0.02,0.27,10,0.28,10,
730821,伯特光統一52購01,0,0,0,---,---,---, ---,,,0.30,10,0.31,10,
730822,均華統一51購03,0,0,0,---,---,---, ---,,,0.46,10,0.47,10,
730823,均豪統一51購04,0,0,0,---,---,---, ---,,,0.26,10,0.27,10,
730824,長聖統一52購01,0,0,0,---,---,---, ---,,,0.41,10,0.42,10,
730825,茂訊統一52購03,0,0,0,---,---,---, ---,,,0.49,10,0.50,10,
730826,原相統一52購07,0,0,0,---,---,---, ---,,,0.21,10,0.22,10,
730827,德微統一51購03,0,0,0,---,---,---, ---,,,0.24,10,0.25,10,
730828,雙鴻統一52購05,0,0,0,---,---,---, ---,,,0.43,10,0.44,10,
730829,鑫科統一52購02,0,0,0,---,---,---, ---,,,0.39,10,0.40,10,
730830,兆利國泰49購01,0,0,0,---,---,---, ---,,,0.19,499,0.21,100,
730831,原相國泰49購01,0,0,0,---,---,---, ---,,,0.49,499,0.50,200,
730832,綠界*國泰49購02,0,0,0,---,---,---, ---,,,0.36,499,0.37,200,
730833,永信建元大48購01,0,0,0,---,---,---, ---,,,0.13,499,0.14,10,
730834,永信建元大48購02,"105,000",1,"21,000",0.20,0.20,0.20,0.20,-,0.03,0.19,499,0.20,10,
730835,立碁元大49購01,0,0,0,---,---,---, ---,,,1.01,499,1.11,10,
730836,立端元大48購12,0,0,0,---,---,---, ---,,,0.03,499,0.13,10,
730837,艾訊元大48購07,0,0,0,---,---,---, ---,,,0.00,0,0.10,10,
730838,均華元大48購02,"241,000",6,"44,160",0.16,0.20,0.16,0.18,+,0.05,0.16,549,0.17,10,
730839,昇達科元大4A購03,0,0,0,---,---,---, ---,,,0.30,499,0.31,10,
730840,威剛元大48購03,0,0,0,---,---,---, ---,,,1.03,499,1.04,10,
730841,原相元大4B購03,"67,000",1,"45,560",0.68,0.68,0.68,0.68,-,0.02,0.62,499,0.63,10,
730842,群聯元大4B購04,0,0,0,---,---,---, ---,,,1.10,499,1.11,10,
730843,群聯元大51購02,0,0,0,---,---,---, ---,,,0.31,499,0.41,10,
730844,僑威元大48購07,"15,000",2,"15,400",1.03,1.03,1.02,1.02,-,0.06,1.02,499,1.03,10,
730845,精材元大48購16,0,0,0,---,---,---, ---,,,0.06,499,0.07,10,
730846,驊訊元大48購02,0,0,0,---,---,---, ---,,,0.08,499,0.09,10,
730847,友威科元富48購01,0,0,0,---,---,---, ---,,,0.39,25,0.40,25,
730848,伯特光元富48購01,0,0,0,---,---,---, ---,,,0.29,25,0.30,25,
730849,良維元富48購03,0,0,0,---,---,---, ---,,,2.43,25,2.49,25,
730850,欣銓元富49購01,0,0,0,---,---,---, ---,,,0.86,25,0.87,25,
730851,欣銓元富49購02,0,0,0,---,---,---, ---,,,0.22,25,0.23,25,
730852,長聖元富48購01,"10,000",1,"7,600",0.76,0.76,0.76,0.76,-,0.01,0.75,25,0.76,25,
730853,長聖元富49購01,"1,012,000",8,"535,950",0.52,0.53,0.52,0.52,+,0.01,0.50,25,0.52,25,
730854,原相元富4C購01,0,0,0,---,---,---, ---,,,0.45,25,0.46,25,
730855,群聯元富49購07,0,0,0,---,---,---, ---,,,0.72,25,0.73,25,
730856,環球晶元富49購01,0,0,0,---,---,---, ---,,,1.02,25,1.12,10,
730857,世界中信48購01,0,0,0,---,---,---, ---,,,0.43,499,0.44,10,
730858,協易機中信48購01,0,0,0,---,---,---, ---,,,0.03,10,0.04,10,
730859,神準中信4A購01,0,0,0,---,---,---, ---,,,0.10,499,0.11,10,
730860,大宇資永豐4A購01,0,0,0,---,---,---, ---,,,0.40,499,0.41,10,
730861,大樹永豐49購01,0,0,0,---,---,---, ---,,,0.71,62,0.72,10,
730862,均華永豐48購01,0,0,0,---,---,---, ---,,,0.81,499,0.91,10,
730863,宜鼎永豐49購01,0,0,0,---,---,---, ---,,,0.61,499,0.62,10,
730864,茂訊永豐48購01,0,0,0,---,---,---, ---,,,0.35,499,0.36,10,
730865,湧德永豐4A購01,"50,000",4,"187,800",3.83,3.83,3.68,3.68,-,0.3,3.68,499,3.70,10,
730866,環球晶永豐49購01,0,0,0,---,---,---, ---,,,0.36,499,0.37,10,
730867,雙鴻永豐4C購01,0,0,0,---,---,---, ---,,,0.74,499,0.75,10,
730868,元太凱基48購04,0,0,0,---,---,---, ---,,,0.05,30,0.15,18,
730869,世界凱基48購02,0,0,0,---,---,---, ---,,,0.42,100,0.43,30,
730870,正德凱基48購01,"298,000",5,"126,120",0.44,0.44,0.39,0.39,-,0.04,0.39,60,0.49,10,
730871,永信建凱基49購02,0,0,0,---,---,---, ---,,,0.27,100,0.28,10,
730872,艾訊凱基48購02,0,0,0,---,---,---, ---,,,0.04,20,0.05,50,
730873,伯特光凱基48購01,0,0,0,---,---,---, ---,,,0.59,30,0.60,10,
730874,均華凱基48購02,"61,000",8,"23,120",0.40,0.43,0.35,0.36,+,0.06,0.36,70,0.46,10,
730875,長聖凱基49購01,"1,000",1,940,0.94,0.94,0.94,0.94,-,0.0,0.92,70,0.93,10,
730876,信紘科凱基48購01,"4,000",1,"4,160",1.04,1.04,1.04,1.04,-,0.1,1.05,20,1.06,10,
730877,威剛凱基4A購01,0,0,0,---,---,---, ---,,,1.89,100,1.90,10,
730878,茂訊凱基4A購02,0,0,0,---,---,---, ---,,,0.26,20,0.27,10,
730879,晶呈凱基48購01,0,0,0,---,---,---, ---,,,0.15,60,0.25,10,
730880,群聯凱基48購07,0,0,0,---,---,---, ---,,,0.72,70,0.73,30,
730881,優群凱基4A購01,"24,000",5,"24,980",1.07,1.07,1.03,1.04,-,0.08,1.04,10,1.05,10,
730882,營邦凱基48購03,"60,000",2,"43,600",0.72,0.73,0.72,0.73,-,0.11,0.63,20,0.64,10,
730883,雙鴻第一48購01,0,0,0,---,---,---, ---,,,1.50,10,1.51,10,
730884,大樹國票4A購01,0,0,0,---,---,---, ---,,,0.38,25,0.39,10,
730885,艾訊國票4A購01,0,0,0,---,---,---, ---,,,0.24,25,0.25,10,
730886,茂訊國票4A購03,0,0,0,---,---,---, ---,,,0.33,25,0.34,10,
730887,昇達科元富48購02,0,0,0,---,---,---, ---,,,0.08,25,0.10,10,
730888,世界中信49購02,0,0,0,---,---,---, ---,,,0.47,499,0.48,10,
730889,正德永豐49購01,0,0,0,---,---,---, ---,,,0.56,499,0.57,10,
730890,金麗科永豐48購01,"30,000",1,"16,200",0.54,0.54,0.54,0.54,+,0.03,0.54,499,0.55,10,
730891,金麗科永豐4A購01,0,0,0,---,---,---, ---,,,0.77,62,0.87,10,
730892,信紘科永豐48購01,"21,000",2,"17,840",0.85,0.85,0.84,0.84,-,0.05,0.83,499,0.84,9,
730893,茂訊永豐48購02,0,0,0,---,---,---, ---,,,0.29,62,0.30,10,
730894,智擎永豐4A購01,0,0,0,---,---,---, ---,,,0.28,499,0.29,62,
730895,雙鴻永豐4C購02,"54,000",1,"46,980",0.87,0.87,0.87,0.87,-,0.05,0.86,499,0.87,10,
730896,大樹元大48購01,0,0,0,---,---,---, ---,,,0.19,499,0.20,10,
730897,中美晶元大48購06,"10,000",1,"3,400",0.34,0.34,0.34,0.34,+,0.04,0.33,499,0.34,10,
730898,友威科元大48購02,0,0,0,---,---,---, ---,,,0.22,499,0.23,10,
730899,茂訊元大48購01,0,0,0,---,---,---, ---,,,0.10,499,0.20,10,
730900,茂訊元大48購02,0,0,0,---,---,---, ---,,,0.13,499,0.23,10,
730901,原相元大48購17,0,0,0,---,---,---, ---,,,0.08,499,0.18,10,
730902,華義元大48購01,"2,000",1,900,0.45,0.45,0.45,0.45,-,0.06,0.41,499,0.42,10,
730903,群聯元大48購07,0,0,0,---,---,---, ---,,,0.50,499,0.51,10,
730904,群聯元大4B購05,"31,000",1,"29,140",0.94,0.94,0.94,0.94,-,0.05,0.94,499,0.96,10,
730905,群聯元大51購03,0,0,0,---,---,---, ---,,,0.32,499,0.42,10,
730906,精材元大48購17,0,0,0,---,---,---, ---,,,0.16,499,0.17,10,
730907,譜瑞元大48購13,0,0,0,---,---,---, ---,,,0.07,499,0.17,10,
730908,世界兆豐4A購01,0,0,0,---,---,---, ---,,,0.25,10,0.26,10,
730909,世界富邦48購01,0,0,0,---,---,---, ---,,,0.12,30,0.13,28,
730910,昇達科國泰49購02,0,0,0,---,---,---, ---,,,0.31,499,0.32,100,
730911,威剛國泰49購01,0,0,0,---,---,---, ---,,,2.21,499,2.22,200,
730912,力致統一51購01,0,0,0,---,---,---, ---,,,0.20,10,0.21,10,
730913,大宇資統一54購01,0,0,0,---,---,---, ---,,,0.45,10,0.46,10,
730914,世禾統一52購01,"7,000",2,"3,570",0.51,0.51,0.51,0.51,-,0.01,0.49,10,0.50,10,
730915,世界統一51購01,0,0,0,---,---,---, ---,,,0.41,10,0.42,10,
730916,世界統一52購02,0,0,0,---,---,---, ---,,,0.44,10,0.45,10,
730917,世界統一52購03,"6,000",5,"3,830",0.64,0.64,0.63,0.63,-,0.05,0.62,10,0.63,10,
730918,永信建統一51購01,0,0,0,---,---,---, ---,,,0.37,10,0.38,10,
730919,永信建統一52購04,0,0,0,---,---,---, ---,,,0.34,10,0.35,10,
730920,伍豐統一52購02,0,0,0,---,---,---, ---,,,0.34,10,0.35,10,
730921,協易機統一52購01,0,0,0,---,---,---, ---,,,0.23,10,0.24,10,
730922,昇達科統一56購01,0,0,0,---,---,---, ---,,,0.29,10,0.30,10,
730923,長聖統一52購02,"289,000",4,"109,820",0.38,0.38,0.38,0.38,-,0.0,0.37,10,0.38,10,
730924,信紘科統一4C購01,"252,000",4,"151,160",0.61,0.62,0.59,0.59,-,0.03,0.59,10,0.60,10,
730925,信紘科統一52購03,"100,000",1,"52,000",0.52,0.52,0.52,0.52,+,0.01,0.50,10,0.51,10,
730926,信紘科統一54購01,0,0,0,---,---,---, ---,,,0.74,10,0.75,10,
730927,茂訊統一52購04,0,0,0,---,---,---, ---,,,0.35,10,0.36,10,
730928,茂達統一52購02,0,0,0,---,---,---, ---,,,0.41,10,0.42,10,
730929,海韻電統一52購01,0,0,0,---,---,---, ---,,,0.54,10,0.55,10,
730930,軒郁統一52購01,"100,000",2,"22,500",0.23,0.23,0.22,0.22,-,0.0,0.21,60,0.22,10,
730931,新復興統一51購01,0,0,0,---,---,---, ---,,,0.18,10,0.19,10,
730932,廣運統一52購03,"4,000",2,"1,040",0.26,0.26,0.26,0.26,-,0.04,0.23,10,0.24,10,
730933,優群統一4C購01,"259,000",1,"139,860",0.54,0.54,0.54,0.54,-,0.03,0.53,10,0.54,10,
730934,優群統一52購03,0,0,0,---,---,---, ---,,,0.50,10,0.51,10,
730935,聰泰統一52購04,0,0,0,---,---,---, ---,,,0.34,10,0.35,10,
730936,穩懋統一52購03,"50,000",1,"11,500",0.23,0.23,0.23,0.23,-,0.0,0.18,10,0.19,10,
730937,驊訊統一52購01,0,0,0,---,---,---, ---,,,0.35,10,0.36,10,
730938,力致群益49購01,"6,000",1,780,0.13,0.13,0.13,0.13,-,0.02,0.13,499,0.23,10,
730939,元太群益48購04,"155,000",3,"59,410",0.41,0.41,0.37,0.39,-,0.02,0.41,1,0.00,0,
730940,正德群益4A購01,0,0,0,---,---,---, ---,,,0.00,0,0.00,0,
730941,金麗科群益49購01,0,0,0,---,---,---, ---,,,0.15,10,0.00,0,
730942,信紘科群益49購01,"2,000",1,"2,000",1.00,1.00,1.00,1.00,-,0.08,0.99,25,1.01,10,
730943,茂訊群益48購01,"2,000",1,740,0.37,0.37,0.37,0.37,-,0.02,0.36,25,0.37,10,
730944,原相群益48購10,0,0,0,---,---,---, ---,,,0.34,25,0.35,10,
730945,家登群益48購02,0,0,0,---,---,---, ---,,,0.06,499,0.16,10,
730946,群聯群益48購04,0,0,0,---,---,---, ---,,,0.52,100,0.53,100,
730947,僑威群益48購05,0,0,0,---,---,---, ---,,,0.79,25,0.80,10,
730948,精材群益4C購03,0,0,0,---,---,---, ---,,,0.42,100,0.43,100,
730949,大樹元大49購01,"260,000",1,"93,600",0.36,0.36,0.36,0.36,-,0.01,0.36,25,0.37,10,
730950,中美晶元大49購01,0,0,0,---,---,---, ---,,,0.26,499,0.27,10,
730951,元太元大49購03,"14,000",4,"3,860",0.28,0.28,0.27,0.27,-,0.01,0.27,25,0.28,10,
730952,元太元大52購01,"15,000",3,"11,250",0.75,0.75,0.75,0.75,-,0.02,0.77,25,0.78,10,
730953,永信建元大49購01,0,0,0,---,---,---, ---,,,0.10,499,0.11,10,
730954,良維元大49購03,"20,000",2,"32,700",1.63,1.64,1.63,1.64,+,0.06,1.63,499,1.64,10,
730955,金麗科元大49購01,0,0,0,---,---,---, ---,,,0.00,0,0.00,0,
730956,威剛元大49購01,0,0,0,---,---,---, ---,,,0.56,499,0.66,10,
730957,原相元大49購02,"247,000",2,"101,670",0.45,0.45,0.41,0.41,-,0.05,0.39,499,0.40,10,
730958,神準元大49購01,0,0,0,---,---,---, ---,,,0.13,499,0.14,10,
730959,精測元大49購02,"125,000",13,"183,430",1.35,1.52,1.34,1.34,-,0.05,1.35,499,1.36,10,
730960,譜瑞元大4A購01,0,0,0,---,---,---, ---,,,0.40,499,0.41,10,
730961,耀勝元大49購01,0,0,0,---,---,---, ---,,,0.00,0,0.10,10,
730962,耀勝元大49購02,0,0,0,---,---,---, ---,,,0.00,0,0.10,10,
730963,驊訊元大49購01,0,0,0,---,---,---, ---,,,0.08,499,0.09,10,
730964,均豪永豐49購01,"84,000",7,"46,280",0.50,0.60,0.50,0.54,-,0.04,0.52,504,0.53,10,
730965,系統電永豐4A購01,0,0,0,---,---,---, ---,,,0.10,499,0.11,10,
730966,鈊象永豐4A購01,0,0,0,---,---,---, ---,,,0.45,499,0.46,10,
730967,群聯永豐4B購01,0,0,0,---,---,---, ---,,,0.50,499,0.51,10,
730968,元太元富49購01,"46,000",4,"12,580",0.28,0.28,0.27,0.27,-,0.01,0.27,25,0.28,25,
730969,正淩元富49購02,0,0,0,---,---,---, ---,,,0.20,25,0.21,25,
730970,鈊象元富49購03,0,0,0,---,---,---, ---,,,0.41,25,0.42,25,
730971,廣明元富49購01,"4,000",1,"2,280",0.57,0.57,0.57,0.57,-,0.03,0.53,25,0.54,25,
730972,雙鴻元富4A購05,0,0,0,---,---,---, ---,,,0.00,0,0.00,0,
730973,金麗科中信49購01,"11,000",5,"2,430",0.22,0.24,0.20,0.20,-,0.06,0.20,10,0.28,10,
730974,鈊象中信49購01,0,0,0,---,---,---, ---,,,0.12,499,0.13,10,
730975,鈊象中信4A購01,0,0,0,---,---,---, ---,,,0.08,499,0.09,10,
730976,大世科國票49購01,0,0,0,---,---,---, ---,,,0.60,25,0.61,10,
730977,大宇資國票4A購01,"202,000",2,"96,900",0.48,0.48,0.45,0.45,-,0.06,0.42,25,0.43,10,
730978,正德國票49購01,"10,000",1,"8,200",0.82,0.82,0.82,0.82,+,0.02,0.76,25,0.77,10,
730979,正德國票4A購01,0,0,0,---,---,---, ---,,,0.76,25,0.77,10,
730980,茂迪國票4A購01,0,0,0,---,---,---, ---,,,0.71,25,0.72,10,
730981,崧騰國票4A購01,0,0,0,---,---,---, ---,,,0.62,25,0.63,10,
730982,鈊象國票4A購01,0,0,0,---,---,---, ---,,,0.49,25,0.50,10,
730983,群聯國票4A購01,0,0,0,---,---,---, ---,,,0.39,25,0.41,10,
730984,碩禾國票4A購01,0,0,0,---,---,---, ---,,,1.05,25,1.15,10,
730985,元太兆豐49購01,0,0,0,---,---,---, ---,,,0.03,10,0.04,10,
730986,台燿群益4A購02,"3,000",2,"2,790",0.95,0.95,0.89,0.89,-,0.12,0.88,25,0.89,10,
730987,威剛群益4A購02,0,0,0,---,---,---, ---,,,1.35,100,1.36,100,
730988,茂迪群益4A購01,"20,000",2,"8,400",0.43,0.43,0.41,0.41,-,0.0,0.38,25,0.48,10,
730989,群聯群益4C購01,"150,000",2,"60,000",0.44,0.44,0.38,0.38,-,0.04,0.39,100,0.40,100,
730990,僑威群益4B購02,0,0,0,---,---,---, ---,,,0.00,0,0.00,0,
730991,營邦群益49購02,"90,000",7,"65,790",0.75,0.77,0.69,0.69,-,0.14,0.64,25,0.68,10,
730992,台燿國泰4A購01,"40,000",4,"101,060",2.58,2.58,2.49,2.53,-,0.11,2.54,10,2.56,10,
730993,兆利國泰4A購01,0,0,0,---,---,---, ---,,,0.12,499,0.14,100,
730994,力致富邦4C購01,0,0,0,---,---,---, ---,,,0.11,10,0.12,10,
730995,永信建富邦49購01,0,0,0,---,---,---, ---,,,0.12,30,0.13,28,
730996,金麗科富邦49購02,"3,000",1,660,0.22,0.22,0.22,0.22,+,0.03,0.18,30,0.21,28,
730997,大樹統一53購01,0,0,0,---,---,---, ---,,,0.38,10,0.39,10,
730998,世界統一53購01,"10,000",1,"4,100",0.41,0.41,0.41,0.41,-,0.01,0.40,10,0.41,10,
730999,正淩統一52購01,0,0,0,---,---,---, ---,,,0.38,10,0.39,10,
731000,正德統一53購01,0,0,0,---,---,---, ---,,,0.42,10,0.43,10,
731001,永信建統一53購01,0,0,0,---,---,---, ---,,,0.32,10,0.33,10,
731002,長聖統一53購01,0,0,0,---,---,---, ---,,,0.58,10,0.59,10,
731003,信紘科統一52購04,0,0,0,---,---,---, ---,,,0.55,10,0.56,10,
731004,海韻電統一53購01,0,0,0,---,---,---, ---,,,0.44,10,0.45,10,
731005,鈺太統一53購01,0,0,0,---,---,---, ---,,,0.15,10,0.16,10,
731006,優群統一53購01,0,0,0,---,---,---, ---,,,0.52,10,0.53,10,
731007,優群統一56購01,0,0,0,---,---,---, ---,,,0.51,10,0.52,10,
731008,環球晶統一53購02,"10,000",1,"4,400",0.44,0.44,0.44,0.44,+,0.02,0.44,10,0.45,10,
731009,耀勝統一53購01,0,0,0,---,---,---, ---,,,0.10,10,0.11,10,
731010,大樹凱基49購01,0,0,0,---,---,---, ---,,,0.46,10,0.47,10,
731011,艾訊凱基52購01,"10,000",1,"3,900",0.39,0.39,0.39,0.39,-,0.03,0.37,40,0.38,50,
731012,金麗科凱基4A購01,"79,000",6,"76,970",1.01,1.01,0.92,0.95,+,0.04,0.95,30,1.05,10,
731013,鈊象凱基49購03,0,0,0,---,---,---, ---,,,0.34,100,0.35,50,
731014,鈺太凱基49購01,0,0,0,---,---,---, ---,,,0.11,50,0.12,50,
731015,精材凱基49購02,"15,000",1,"6,450",0.43,0.43,0.43,0.43,-,0.07,0.39,90,0.49,10,
731016,環球晶凱基49購02,0,0,0,---,---,---, ---,,,0.72,20,0.73,10,
731017,環球晶台新49購01,0,0,0,---,---,---, ---,,,0.54,20,0.55,10,
731018,中美晶凱基4B購03,0,0,0,---,---,---, ---,,,0.74,100,0.75,10,
731019,元太凱基51購01,0,0,0,---,---,---, ---,,,1.03,40,1.13,10,
731020,台燿凱基4A購02,"2,000",2,"2,140",1.10,1.10,1.04,1.04,-,0.07,1.03,100,1.04,10,
731021,永信建凱基49購03,0,0,0,---,---,---, ---,,,0.24,100,0.25,10,
731022,波若威凱基49購01,"260,000",11,"192,590",0.79,0.79,0.71,0.73,-,0.11,0.72,100,0.73,10,
731023,威剛凱基4A購02,0,0,0,---,---,---, ---,,,1.83,100,1.84,10,
731024,家登凱基49購03,0,0,0,---,---,---, ---,,,0.08,100,0.18,10,
731025,振曜凱基4B購01,"72,000",3,"38,680",0.54,0.54,0.52,0.54,-,0.01,0.55,100,0.56,10,
731026,崧騰凱基49購01,0,0,0,---,---,---, ---,,,0.29,50,0.30,30,
731027,康全電凱基4A購01,0,0,0,---,---,---, ---,,,0.17,20,0.18,50,
731028,富喬凱基4B購02,"14,000",1,"16,800",1.20,1.20,1.20,1.20,+,0.09,1.12,10,1.13,10,
731029,群聯凱基4A購01,0,0,0,---,---,---, ---,,,1.04,40,1.05,10,
731030,雍智凱基4A購04,"1,246,000",6,"462,850",0.40,0.40,0.37,0.37,-,0.05,0.37,90,0.38,50,
731031,榮剛凱基49購01,0,0,0,---,---,---, ---,,,0.61,40,0.62,10,
731032,正德元富53購01,0,0,0,---,---,---, ---,,,1.93,25,1.94,25,
731033,立碁元富4A購01,"22,000",4,"50,920",2.35,2.35,2.14,2.14,-,0.17,2.05,25,2.08,25,
731034,艾訊元富49購01,0,0,0,---,---,---, ---,,,0.11,25,0.12,25,
731035,東浦元富4A購01,0,0,0,---,---,---, ---,,,0.34,25,0.35,25,
731036,威剛元富53購01,0,0,0,---,---,---, ---,,,0.93,25,0.94,25,
731037,神盾元富4A購01,"582,000",10,"143,460",0.27,0.27,0.23,0.23,-,0.07,0.23,25,0.24,25,
731038,富喬元富49購01,"15,000",1,"22,200",1.48,1.48,1.48,1.48,+,0.17,1.34,25,1.35,25,
731039,鈊象元富49購05,0,0,0,---,---,---, ---,,,0.41,25,0.42,25,
731040,僑威元富4B購01,0,0,0,---,---,---, ---,,,0.66,25,0.67,25,
731041,碩禾元富4A購01,0,0,0,---,---,---, ---,,,0.60,25,0.70,10,
731042,碩禾元富4A購02,0,0,0,---,---,---, ---,,,0.47,25,0.48,25,
731043,台燿永豐49購01,"81,000",4,"99,370",1.21,1.25,1.21,1.25,-,0.03,1.14,499,1.15,10,
731044,系統電永豐4B購01,"10,000",1,"2,700",0.27,0.27,0.27,0.27,-,0.03,0.25,499,0.26,10,
731045,波若威永豐4B購01,"145,000",7,"213,900",1.46,1.48,1.46,1.48,-,0.02,1.38,499,1.39,62,
731046,英濟永豐4A購01,"50,000",2,"49,050",1.00,1.00,0.95,0.95,+,0.11,0.41,24,0.00,0,
731047,崧騰永豐49購01,0,0,0,---,---,---, ---,,,0.26,499,0.27,10,
731048,富喬第一49購01,"14,000",2,"23,480",1.66,1.72,1.66,1.72,+,0.28,1.47,10,1.48,10,
731049,弘塑國票4A購03,"10,000",3,"13,060",1.25,1.33,1.25,1.33,+,0.04,1.13,25,1.15,10,
731050,岱稜國票49購01,0,0,0,---,---,---, ---,,,0.61,25,0.63,10,
731051,旺矽國票4A購01,0,0,0,---,---,---, ---,,,1.51,25,1.52,10,
731052,波若威國票4A購01,"250,000",4,"203,000",0.81,0.82,0.80,0.80,-,0.09,0.79,25,0.80,10,
731053,威剛國票4A購01,0,0,0,---,---,---, ---,,,2.62,25,2.65,10,
731054,崧騰國票4A購02,0,0,0,---,---,---, ---,,,0.28,25,0.29,10,
731055,富喬國票4C購01,"87,000",16,"143,240",1.52,1.71,1.49,1.49,+,0.04,1.48,25,1.49,10,
731056,新復興國票4C購02,0,0,0,---,---,---, ---,,,0.33,25,0.34,10,
731057,榮剛國票4A購01,0,0,0,---,---,---, ---,,,1.18,25,1.19,10,
731058,福華國票4A購01,0,0,0,---,---,---, ---,,,0.16,25,0.17,10,
731059,廣明國票4B購01,0,0,0,---,---,---, ---,,,0.34,25,0.35,10,
731060,中美晶元大49購02,"302,000",2,"90,600",0.30,0.30,0.30,0.30,+,0.02,0.29,499,0.30,10,
731061,元債20元大52購01,0,0,0,---,---,---, ---,,,0.20,499,0.21,50,
731062,元債20元大54購01,"24,000",1,"3,600",0.15,0.15,0.15,0.15,+,0.03,0.15,100,0.16,50,
731063,元債20元大59購01,"399,000",2,"78,800",0.19,0.20,0.19,0.20,+,0.02,0.21,100,0.22,50,
731064,正德元大49購01,"61,000",1,"23,180",0.38,0.38,0.38,0.38,-,0.01,0.35,499,0.36,10,
731065,正德元大49購02,0,0,0,---,---,---, ---,,,0.25,499,0.35,10,
731066,正德元大49購03,0,0,0,---,---,---, ---,,,0.45,499,0.46,10,
731067,均華元大49購01,"901,000",6,"474,480",0.48,0.59,0.48,0.54,-,0.0,0.53,25,0.55,10,
731068,良維元大49購04,"13,000",2,"28,530",2.25,2.25,2.19,2.19,+,0.05,2.24,350,2.25,10,
731069,威剛元大49購02,0,0,0,---,---,---, ---,,,0.52,499,0.62,10,
731070,英濟元大49購01,"63,000",3,"36,900",0.58,0.60,0.56,0.56,+,0.08,0.45,3,0.00,0,
731071,原相元大49購03,0,0,0,---,---,---, ---,,,0.19,499,0.20,10,
731072,神準元大49購02,0,0,0,---,---,---, ---,,,0.11,499,0.12,10,
731073,富喬元大4B購03,"111,000",3,"115,260",1.02,1.05,1.02,1.05,+,0.18,0.89,25,0.90,10,
731074,鈊象元大49購03,0,0,0,---,---,---, ---,,,0.05,499,0.06,10,
731075,鈊象元大49購04,0,0,0,---,---,---, ---,,,0.11,499,0.12,10,
731076,鈊象元大49購05,0,0,0,---,---,---, ---,,,0.15,499,0.16,10,
731077,僑威元大49購01,0,0,0,---,---,---, ---,,,0.17,499,0.18,10,
731078,綠界*元大49購01,0,0,0,---,---,---, ---,,,0.27,499,0.31,10,
731079,磐儀元大49購01,0,0,0,---,---,---, ---,,,0.02,499,0.12,10,
731080,鴻呈元大49購01,"559,000",3,"173,700",0.32,0.32,0.30,0.30,-,0.0,0.02,499,0.00,0,
731081,旺矽國泰4A購01,"21,000",2,"27,200",1.25,1.30,1.25,1.30,-,0.09,1.23,499,1.24,100,
731082,大綜統一55購02,0,0,0,---,---,---, ---,,,0.86,10,0.89,10,
731083,正淩統一53購01,"261,000",6,"96,650",0.38,0.38,0.36,0.36,-,0.0,0.35,10,0.36,10,
731084,正德統一53購02,0,0,0,---,---,---, ---,,,0.38,10,0.39,10,
731085,立端統一51購02,0,0,0,---,---,---, ---,,,0.16,10,0.17,10,
731086,良維統一53購01,"100,000",5,"99,900",1.02,1.02,0.98,0.98,-,0.06,1.00,10,1.01,10,
731087,宜鼎統一53購01,0,0,0,---,---,---, ---,,,0.31,10,0.32,10,
731088,波若威統一53購01,"56,000",4,"38,980",0.70,0.70,0.66,0.66,-,0.02,0.66,10,0.67,10,
731089,茂迪統一52購01,"10,000",1,"4,300",0.43,0.43,0.43,0.43,-,0.01,0.42,10,0.43,10,
731090,神準統一53購01,0,0,0,---,---,---, ---,,,0.39,10,0.40,10,
731091,富喬統一53購02,"90,000",4,"49,050",0.56,0.57,0.53,0.53,+,0.05,0.49,10,0.50,10,
731092,群聯統一53購01,0,0,0,---,---,---, ---,,,0.34,10,0.35,10,
731093,僑威統一59購01,0,0,0,---,---,---, ---,,,0.48,10,0.49,10,
731094,碩禾統一52購02,0,0,0,---,---,---, ---,,,0.44,10,0.45,10,
731095,磐儀統一57購01,0,0,0,---,---,---, ---,,,0.18,10,0.19,10,
731096,欣銓兆豐4A購03,0,0,0,---,---,---, ---,,,1.00,10,1.01,10,
731097,波若威兆豐4B購01,"50,000",3,"69,720",1.38,1.41,1.38,1.41,-,0.02,1.31,10,1.32,10,
731098,良維富邦4C購01,"117,000",2,"171,500",1.48,1.48,1.46,1.46,-,0.05,1.45,10,1.48,10,
731099,波若威富邦4A購02,"211,000",9,"103,410",0.53,0.53,0.48,0.48,-,0.04,0.48,30,0.49,28,
731100,神準富邦4A購02,"300,000",3,"53,000",0.18,0.18,0.17,0.17,-,0.04,0.16,30,0.17,10,
731101,能率富邦4B購01,0,0,0,---,---,---, ---,,,0.31,10,0.32,10,
731102,富喬富邦4A購01,"379,000",21,"262,620",0.68,0.77,0.61,0.77,+,0.19,0.59,30,0.60,28,
731103,欣銓群益52購01,0,0,0,---,---,---, ---,,,0.84,100,0.85,100,
731104,波若威群益49購02,"75,000",1,"42,750",0.57,0.57,0.57,0.57,-,0.02,0.51,25,0.52,10,
731105,原相群益49購01,"50,000",1,"26,500",0.53,0.53,0.53,0.53,-,0.05,0.48,100,0.49,100,
731106,崧騰群益4A購01,0,0,0,---,---,---, ---,,,0.20,25,0.21,10,
731107,富喬群益49購02,"83,000",24,"52,530",0.65,0.73,0.56,0.56,+,0.03,0.54,100,0.55,100,
731108,精材群益4C購04,0,0,0,---,---,---, ---,,,0.27,100,0.28,100,
731109,聰泰群益49購02,0,0,0,---,---,---, ---,,,0.17,25,0.18,10,
731110,譜瑞群益49購01,"4,000",1,"1,760",0.44,0.44,0.44,0.44,+,0.01,0.42,100,0.43,100,
731111,新復興台新49購01,0,0,0,---,---,---, ---,,,0.11,20,0.12,10,
731112,元太凱基4C購01,0,0,0,---,---,---, ---,,,0.89,30,0.99,10,
731113,元債20凱基52購01,0,0,0,---,---,---, ---,,,0.37,100,0.38,50,
731114,均華凱基49購01,"150,000",10,"118,310",0.68,0.83,0.68,0.77,+,0.03,0.75,100,0.85,10,
731115,旺矽凱基51購01,0,0,0,---,---,---, ---,,,1.49,100,1.50,10,
731116,鈊象凱基4B購02,"15,000",3,"4,000",0.27,0.27,0.26,0.26,-,0.0,0.25,77,0.26,50,
731117,僑威凱基49購01,0,0,0,---,---,---, ---,,,1.10,50,1.11,10,
731118,廣明凱基4B購01,0,0,0,---,---,---, ---,,,0.39,20,0.40,50,
731119,波若威兆豐4B購02,"114,000",4,"99,040",0.88,0.90,0.84,0.84,-,0.05,0.83,10,0.84,10,
731120,力致國票4A購01,0,0,0,---,---,---, ---,,,0.33,25,0.34,10,
731121,中探針國票4A購01,"30,000",1,"21,300",0.71,0.71,0.71,0.71,+,0.05,0.70,25,0.71,10,
731122,元太國票4A購01,0,0,0,---,---,---, ---,,,0.47,25,0.48,10,
731123,台燿國票4A購02,"2,000",2,"2,550",1.28,1.28,1.27,1.27,-,0.07,1.28,25,1.29,10,
731124,正淩國票4A購01,"15,000",1,"6,600",0.44,0.44,0.44,0.44,+,0.01,0.41,25,0.43,10,
731125,能率國票4A購01,0,0,0,---,---,---, ---,,,0.45,25,0.46,10,
731126,晶呈國票4A購01,0,0,0,---,---,---, ---,,,0.23,25,0.24,10,
731127,精測國票4A購01,0,0,0,---,---,---, ---,,,3.54,25,3.55,10,
731128,營邦國票49購01,0,0,0,---,---,---, ---,,,0.31,25,0.41,10,
731129,生泰永豐4A購01,0,0,0,---,---,---, ---,,,0.39,499,0.40,10,
731130,旺矽元富4A購01,0,0,0,---,---,---, ---,,,0.83,25,0.84,25,
731131,旺矽元富4A購02,"595,000",7,"390,510",0.69,0.69,0.64,0.64,-,0.1,0.64,25,0.65,25,
731132,欣銓元富49購03,0,0,0,---,---,---, ---,,,0.41,25,0.42,25,
731133,欣銓元富4A購01,"10,000",1,"13,100",1.31,1.31,1.31,1.31,-,0.06,1.24,25,1.25,25,
731134,營邦元富49購01,0,0,0,---,---,---, ---,,,0.50,25,0.51,25,
731135,雙鴻元富4A購06,0,0,0,---,---,---, ---,,,0.00,0,0.00,0,
731136,鈊象國泰4A購01,0,0,0,---,---,---, ---,,,0.64,10,0.65,10,
731137,磐儀國泰4A購01,0,0,0,---,---,---, ---,,,0.24,10,0.26,10,
731138,營邦國泰4A購01,0,0,0,---,---,---, ---,,,0.65,499,0.75,100,
731139,雙鴻國泰4A購01,0,0,0,---,---,---, ---,,,0.78,10,0.79,10,
731140,元太元大49購04,0,0,0,---,---,---, ---,,,0.31,499,0.32,10,
731141,元太元大49購05,"30,000",1,"9,900",0.33,0.33,0.33,0.33,-,0.0,0.33,25,0.34,10,
731142,元太元大49購06,0,0,0,---,---,---, ---,,,0.34,25,0.35,10,
731143,艾訊元大49購01,0,0,0,---,---,---, ---,,,0.04,499,0.14,10,
731144,宜鼎元大49購01,0,0,0,---,---,---, ---,,,0.34,499,0.36,10,
731145,欣銓元大4B購03,"147,000",5,"232,650",1.58,1.59,1.45,1.45,-,0.16,1.44,450,1.45,10,
731146,原相元大49購04,0,0,0,---,---,---, ---,,,0.35,499,0.36,10,
731147,神準元大49購03,0,0,0,---,---,---, ---,,,0.30,499,0.31,10,
731148,智擎元大49購01,0,0,0,---,---,---, ---,,,0.15,499,0.16,10,
731149,鈊象元大49購06,0,0,0,---,---,---, ---,,,0.30,499,0.31,10,
731150,鈊象元大49購07,0,0,0,---,---,---, ---,,,0.17,499,0.18,10,
731151,鈊象元大49購08,0,0,0,---,---,---, ---,,,0.31,499,0.32,10,
731152,精測元大49購03,"188,000",20,"354,950",1.95,2.15,1.85,1.85,-,0.33,1.85,400,1.86,10,
731153,綠界*元大49購02,0,0,0,---,---,---, ---,,,0.31,499,0.35,10,
731154,聰泰元大49購01,0,0,0,---,---,---, ---,,,0.12,499,0.13,10,
731155,鏵友益元大49購01,0,0,0,---,---,---, ---,,,0.32,499,0.42,10,
731156,系統電富邦4A購01,"5,000",1,"1,250",0.25,0.25,0.25,0.25,+,0.02,0.19,30,0.20,28,
731157,欣銓富邦4B購01,"445,000",3,"267,210",0.67,0.67,0.60,0.60,-,0.09,0.60,30,0.61,28,
731158,鈊象富邦4C購01,0,0,0,---,---,---, ---,,,0.31,10,0.32,10,
731159,大綜統一53購02,0,0,0,---,---,---, ---,,,0.83,10,0.84,10,
731160,大綜統一53購03,"728,000",15,"581,130",0.83,0.88,0.76,0.77,-,0.1,0.75,10,0.76,10,
731161,立碁統一53購01,"455,000",25,"367,850",0.80,0.85,0.77,0.78,-,0.03,0.75,15,0.76,10,
731162,兆利統一59購01,"243,000",2,"89,310",0.37,0.37,0.35,0.35,-,0.01,0.34,10,0.35,10,
731163,旺矽統一53購01,0,0,0,---,---,---, ---,,,0.73,10,0.74,10,
731164,欣銓統一53購01,"10,000",2,"6,010",0.61,0.61,0.60,0.60,-,0.04,0.60,10,0.61,10,
731165,波若威統一53購02,"35,000",3,"18,100",0.52,0.52,0.50,0.50,-,0.02,0.49,10,0.50,10,
731166,茂迪統一53購01,0,0,0,---,---,---, ---,,,0.53,10,0.54,10,
731167,神準統一53購02,0,0,0,---,---,---, ---,,,0.28,10,0.29,10,
731168,崧騰統一56購02,0,0,0,---,---,---, ---,,,0.33,10,0.34,10,
731169,富喬統一53購03,0,0,0,---,---,---, ---,,,0.81,10,0.82,10,
731170,富驊統一53購02,"123,000",2,"97,660",0.82,0.82,0.78,0.78,+,0.05,0.76,10,0.77,10,
731171,群聯統一53購02,0,0,0,---,---,---, ---,,,0.40,10,0.41,10,
731172,精測統一53購01,"41,000",2,"33,130",0.81,0.81,0.79,0.79,-,0.08,0.79,10,0.80,10,
731173,聰泰統一53購01,0,0,0,---,---,---, ---,,,0.24,10,0.25,10,
731174,世德群益4A購02,0,0,0,---,---,---, ---,,,0.27,25,0.28,10,
731175,台燿群益49購01,"6,000",3,"6,880",1.16,1.16,1.08,1.08,-,0.16,1.07,25,1.08,10,
731176,正德群益4A購02,0,0,0,---,---,---, ---,,,0.31,25,0.32,10,
731177,百德群益49購01,0,0,0,---,---,---, ---,,,0.00,0,0.24,10,
731178,欣銓群益4A購02,0,0,0,---,---,---, ---,,,0.51,100,0.52,100,
731179,波若威群益4A購01,"89,000",3,"60,350",0.70,0.71,0.66,0.66,-,0.09,0.64,25,0.65,10,
731180,威剛群益4A購03,"8,000",1,"11,760",1.47,1.47,1.47,1.47,-,0.1,1.54,100,1.55,100,
731181,英濟群益49購02,"15,000",4,"11,600",0.77,0.79,0.73,0.73,+,0.1,0.25,40,0.00,0,
731182,家登群益49購01,"100,000",1,"8,000",0.08,0.08,0.08,0.08,-,0.12,0.07,25,0.09,10,
731183,振曜群益4C購02,"48,000",1,"46,080",0.96,0.96,0.96,0.96,-,0.04,0.97,25,0.98,10,
731184,富驊群益49購01,"282,000",8,"163,240",0.55,0.63,0.54,0.54,+,0.05,0.53,25,0.54,10,
731185,鈊象群益49購02,0,0,0,---,---,---, ---,,,0.15,100,0.16,100,
731186,群聯群益4B購01,0,0,0,---,---,---, ---,,,0.00,0,0.00,0,
731187,精材群益49購01,0,0,0,---,---,---, ---,,,0.08,100,0.09,100,
731188,聰泰群益49購03,0,0,0,---,---,---, ---,,,0.11,25,0.12,10,
731189,鴻呈群益51購01,0,0,0,---,---,---, ---,,,0.23,20,0.00,0,
731190,大塚國票49購01,0,0,0,---,---,---, ---,,,2.45,7,0.00,0,
731191,生泰國票4A購01,0,0,0,---,---,---, ---,,,0.57,25,0.58,10,
731192,均華國票49購01,"281,000",13,"289,830",0.95,1.17,0.95,1.04,+,0.14,1.03,25,1.04,10,
731193,均華國票4A購01,"46,000",4,"65,380",1.38,1.48,1.29,1.29,+,0.13,1.31,25,1.32,10,
731194,信驊國票4A購02,0,0,0,---,---,---, ---,,,1.31,25,1.32,10,
731195,英濟國票4A購01,"11,000",4,"21,420",2.15,2.15,1.86,1.86,-,0.24,2.00,25,2.02,10,
731196,崧騰國票4A購03,0,0,0,---,---,---, ---,,,0.54,25,0.55,10,
731197,順達國票4B購01,"2,000",2,"3,700",1.85,1.85,1.85,1.85,-,0.03,1.83,25,1.85,10,
731198,營邦國票4A購01,0,0,0,---,---,---, ---,,,0.81,25,0.91,10,
731199,營邦國票4B購01,0,0,0,---,---,---, ---,,,1.44,25,1.45,10,
731200,千附精元大49購01,0,0,0,---,---,---, ---,,,0.58,499,0.68,10,
731201,大宇資元大49購01,0,0,0,---,---,---, ---,,,0.43,499,0.44,10,
731202,友威科元大49購01,"35,000",4,"15,450",0.48,0.48,0.42,0.42,-,0.07,0.42,499,0.43,10,
731203,宜鼎元大49購02,0,0,0,---,---,---, ---,,,0.16,499,0.17,10,
731204,金益鼎元大49購01,"50,000",1,"37,000",0.74,0.74,0.74,0.74,-,0.01,0.67,499,0.68,10,
731205,金麗科元大49購02,0,0,0,---,---,---, ---,,,0.15,66,0.00,0,
731206,信驊元大49購02,"101,000",5,"150,140",1.53,1.54,1.47,1.54,-,0.01,1.41,499,1.47,10,
731207,信驊元大49購03,0,0,0,---,---,---, ---,,,1.50,450,1.57,10,
731208,信驊元大49購04,0,0,0,---,---,---, ---,,,1.47,450,1.53,10,
731209,原相元大49購05,"80,000",4,"35,900",0.48,0.48,0.43,0.43,-,0.05,0.42,499,0.43,10,
731210,振曜元大4C購01,0,0,0,---,---,---, ---,,,0.59,499,0.69,10,
731211,湧德元大49購02,0,0,0,---,---,---, ---,,,0.45,499,0.46,10,
731212,順達元大49購01,"10,000",2,"9,950",1.00,1.00,0.99,0.99,-,0.01,0.97,25,0.99,10,
731213,順達元大4B購01,"191,000",1,"192,910",1.01,1.01,1.01,1.01,-,0.01,1.01,25,1.03,10,
731214,順達元大51購01,"191,000",2,"198,640",1.04,1.04,1.04,1.04,-,0.01,1.04,499,1.06,10,
731215,鈊象元大49購09,0,0,0,---,---,---, ---,,,0.10,499,0.11,10,
731216,鈊象元大49購10,0,0,0,---,---,---, ---,,,0.34,499,0.35,10,
731217,鈊象元大49購11,"247,000",1,"74,100",0.30,0.30,0.30,0.30,+,0.01,0.28,499,0.29,10,
731218,大綜凱基49購02,"1,166,000",35,"2,188,070",2.05,2.20,1.70,1.77,-,0.43,1.76,100,1.77,4,
731219,元債20凱基54購01,0,0,0,---,---,---, ---,,,0.14,100,0.15,50,
731220,台半凱基49購01,0,0,0,---,---,---, ---,,,0.64,10,0.65,30,
731221,正淩凱基4A購01,0,0,0,---,---,---, ---,,,0.49,60,0.50,10,
731222,正德凱基4A購01,"99,000",7,"26,130",0.26,0.27,0.26,0.27,+,0.11,0.15,50,0.24,10,
731223,信驊凱基49購02,"1,193,000",7,"2,292,190",1.97,2.00,1.89,2.00,-,0.15,1.90,100,2.00,8,
731224,順達凱基49購01,"3,000",2,"6,450",2.15,2.15,2.15,2.15,+,0.03,2.17,100,2.19,10,
731225,順達凱基49購02,"3,000",2,"5,100",1.70,1.70,1.70,1.70,-,0.12,1.71,100,1.73,10,
731226,群聯凱基4C購02,0,0,0,---,---,---, ---,,,1.16,100,1.17,30,
731227,碩禾凱基4A購01,"53,000",2,"43,720",0.84,0.84,0.82,0.82,-,0.06,0.87,20,0.88,30,
731228,精材凱基49購03,0,0,0,---,---,---, ---,,,0.29,50,0.39,10,
731229,聰泰凱基49購02,"141,000",6,"67,390",0.50,0.51,0.45,0.45,-,0.06,0.45,100,0.46,10,
731230,旺矽台新49購01,"2,000",1,"3,180",1.59,1.59,1.59,1.59,-,0.07,1.57,20,1.58,10,
731231,信驊台新49購01,0,0,0,---,---,---, ---,,,2.24,20,2.25,10,
731232,信驊台新49購02,0,0,0,---,---,---, ---,,,0.93,10,0.95,10,
731233,台半群益49購01,0,0,0,---,---,---, ---,,,0.61,25,0.62,10,
731234,良維群益4A購01,0,0,0,---,---,---, ---,,,0.00,0,1.27,10,
731235,綠界*群益51購02,0,0,0,---,---,---, ---,,,1.26,25,1.27,10,
731236,台半元富4A購01,0,0,0,---,---,---, ---,,,0.57,25,0.58,25,
731237,正德元富49購01,0,0,0,---,---,---, ---,,,0.57,25,0.58,25,
731238,正德元富53購02,"92,000",3,"51,400",0.55,0.57,0.55,0.55,-,0.01,0.54,45,0.55,25,
731239,金麗科元富49購01,"31,000",3,"33,820",1.06,1.10,1.02,1.10,+,0.09,0.48,20,0.00,0,
731240,金麗科元富61購01,"13,000",3,"12,190",0.94,0.94,0.93,0.93,+,0.04,0.54,82,1.08,1,
731241,信驊元富4A購03,0,0,0,---,---,---, ---,,,2.49,25,2.59,10,
731242,信驊元富4A購04,0,0,0,---,---,---, ---,,,1.87,25,1.97,10,
731243,順達元富49購01,0,0,0,---,---,---, ---,,,1.42,25,1.46,25,
731244,順達元富49購02,0,0,0,---,---,---, ---,,,1.08,25,1.10,25,
731245,順達元富49購03,0,0,0,---,---,---, ---,,,1.36,25,1.38,25,
731246,順達元富53購01,0,0,0,---,---,---, ---,,,2.18,25,2.21,25,
731247,萬潤元富49購01,"108,000",8,"49,490",0.50,0.51,0.43,0.43,-,0.02,0.41,25,0.42,10,
731248,萬潤元富59購01,"22,000",2,"16,740",0.77,0.77,0.75,0.75,-,0.02,0.71,25,0.72,25,
731249,雍智元富49購01,0,0,0,---,---,---, ---,,,0.19,25,0.20,25,
731250,廣明元富49購02,0,0,0,---,---,---, ---,,,0.77,25,0.78,25,
731251,台半永豐4A購01,0,0,0,---,---,---, ---,,,0.61,499,0.62,10,
731252,立碁永豐4B購01,"660,000",29,"648,380",1.01,1.04,0.90,0.90,-,0.09,0.89,125,0.90,200,
731253,順達永豐49購02,"200,000",2,"198,000",0.99,0.99,0.99,0.99,-,0.04,0.99,499,1.02,10,
731254,台半統一52購04,0,0,0,---,---,---, ---,,,0.49,10,0.50,10,
731255,波若威統一53購03,"57,000",2,"42,180",0.74,0.74,0.74,0.74,-,0.05,0.74,10,0.75,10,
731256,振曜統一53購01,"99,000",2,"49,500",0.50,0.50,0.50,0.50,-,0.01,0.50,10,0.51,10,
731257,神準統一55購01,0,0,0,---,---,---, ---,,,0.25,10,0.26,10,
731258,順達統一53購03,0,0,0,---,---,---, ---,,,0.83,10,0.84,10,
731259,順達統一53購04,"97,000",2,"73,220",0.76,0.76,0.75,0.75,-,0.0,0.72,11,0.73,10,
731260,順達統一53購05,"2,000",2,"1,890",0.93,0.96,0.93,0.96,+,0.01,0.93,10,0.94,10,
731261,順達統一56購01,0,0,0,---,---,---, ---,,,0.92,10,0.93,10,
731262,順達統一56購02,"2,000",2,"1,860",0.92,0.94,0.92,0.94,-,0.0,0.92,10,0.93,10,
731263,順達統一56購03,"1,000",1,920,0.92,0.92,0.92,0.92,-,0.02,0.92,10,0.93,10,
731264,順達統一59購01,0,0,0,---,---,---, ---,,,0.89,10,0.90,10,
731265,順達統一5B購01,0,0,0,---,---,---, ---,,,0.86,10,0.87,10,
731266,鴻呈統一53購01,0,0,0,---,---,---, ---,,,0.29,10,0.30,10,
731267,原相富邦4A購01,0,0,0,---,---,---, ---,,,0.30,30,0.31,10,
731268,泰茂富邦4C購01,0,0,0,---,---,---, ---,,,0.45,10,0.46,10,
731269,順達富邦4B購01,"161,000",6,"178,030",1.10,1.11,1.08,1.11,+,0.01,1.06,30,1.07,28,
731270,營邦富邦4B購02,0,0,0,---,---,---, ---,,,0.29,10,0.37,10,
731271,順達兆豐4B購01,"2,000",2,"2,670",1.32,1.35,1.32,1.35,+,0.01,1.32,10,1.33,10,
731272,弘塑國泰4A購01,"117,000",7,"189,990",1.61,1.71,1.49,1.49,-,0.21,1.39,10,1.49,10,
731273,胡連國泰4A購01,"5,000",5,"4,540",0.95,0.95,0.84,0.84,-,0.1,0.84,499,0.85,200,
731274,神準國泰4A購01,0,0,0,---,---,---, ---,,,0.35,499,0.37,100,
731275,群聯富邦4B購02,"50,000",5,"14,100",0.30,0.30,0.27,0.27,-,0.01,0.26,10,0.27,10,
731276,順達台新49購01,"8,000",4,"20,680",2.54,2.63,2.54,2.54,-,0.06,2.54,20,2.55,10,
731277,元債20凱基59購01,0,0,0,---,---,---, ---,,,0.51,100,0.52,50,
731278,友輝凱基49購01,"11,000",2,"16,120",1.52,1.52,1.46,1.46,-,0.08,1.43,30,1.53,10,
731279,弘塑凱基49購02,"5,000",1,"4,000",0.80,0.80,0.80,0.80,-,0.06,0.32,31,0.00,0,
731280,旺矽凱基4A購02,"273,000",7,"310,220",1.13,1.19,1.11,1.11,-,0.18,1.11,100,1.12,10,
731281,家登凱基49購04,0,0,0,---,---,---, ---,,,0.61,100,0.62,10,
731282,順達凱基49購04,"2,000",2,"5,240",2.62,2.62,2.62,2.62,-,0.12,2.62,100,2.66,10,
731283,鈊象凱基49購04,0,0,0,---,---,---, ---,,,0.46,100,0.47,30,
731284,營邦凱基49購01,0,0,0,---,---,---, ---,,,0.30,20,0.40,10,
731285,元太群益49購03,"800,000",3,"522,000",0.66,0.66,0.65,0.65,-,0.03,0.27,37,0.70,200,
731286,元債20群益51購01,0,0,0,---,---,---, ---,,,0.00,0,0.00,0,
731287,正淩群益4B購01,0,0,0,---,---,---, ---,,,0.31,25,0.32,10,
731288,利機群益4A購01,0,0,0,---,---,---, ---,,,0.10,48,0.00,0,
731289,信紘科群益4A購01,"2,000",1,"1,980",0.99,0.99,0.99,0.99,-,0.06,0.98,25,1.00,10,
731290,順達群益49購01,"105,000",5,"137,440",1.31,1.31,1.26,1.26,-,0.04,1.27,100,1.31,100,
731291,順達群益4A購01,"51,000",1,"63,240",1.24,1.24,1.24,1.24,+,0.02,1.20,100,1.21,100,
731292,順達群益4B購01,"2,000",2,"3,840",1.92,1.92,1.92,1.92,-,0.09,1.93,100,1.94,100,
731293,鈊象群益49購03,0,0,0,---,---,---, ---,,,0.20,100,0.21,100,
731294,漢科群益49購01,0,0,0,---,---,---, ---,,,0.35,25,0.38,10,
731295,旺矽元富4A購03,0,0,0,---,---,---, ---,,,2.00,25,2.10,10,
731296,旺矽元富4A購04,"9,000",2,"19,390",2.16,2.16,2.15,2.15,-,0.25,2.13,25,2.14,25,
731297,神盾元富4A購02,"261,000",10,"44,910",0.19,0.19,0.15,0.15,-,0.05,0.14,45,0.15,5,
731298,鈊象元富49購06,"5,000",1,"4,250",0.85,0.85,0.85,0.85,-,0.01,0.84,25,0.85,25,
731299,鈊象元富49購07,0,0,0,---,---,---, ---,,,0.61,25,0.63,25,
731300,新復興元富4B購01,0,0,0,---,---,---, ---,,,0.10,25,0.11,25,
731301,雙鴻元富51購01,0,0,0,---,---,---, ---,,,0.00,0,0.00,0,
731302,欣銓永豐4B購01,0,0,0,---,---,---, ---,,,0.97,499,0.98,10,
731303,鈊象永豐4B購01,"359,000",13,"1,257,320",3.59,3.59,3.36,3.36,-,0.07,3.33,499,3.38,10,
731304,萬潤永豐49購01,"23,000",6,"14,200",0.66,0.71,0.60,0.60,-,0.01,0.53,62,0.57,62,
731305,聖暉*永豐49購02,"58,000",3,"30,660",0.52,0.53,0.52,0.53,-,0.02,0.52,62,0.53,62,
731306,大樹元大49購02,0,0,0,---,---,---, ---,,,0.24,25,0.25,10,
731307,中美晶元大49購03,0,0,0,---,---,---, ---,,,0.55,499,0.57,10,
731308,兆利元大49購01,0,0,0,---,---,---, ---,,,0.12,499,0.13,10,
731309,兆利元大49購02,0,0,0,---,---,---, ---,,,0.09,499,0.10,10,
731310,均華元大49購02,"504,000",19,"516,650",0.93,1.13,0.93,1.02,+,0.16,0.99,25,1.01,10,
731311,良維元大4B購02,"20,000",2,"37,580",1.88,1.88,1.86,1.86,+,0.08,1.85,400,1.86,10,
731312,欣銓元大4A購01,"63,000",6,"57,150",0.92,0.92,0.84,0.84,-,0.09,0.82,499,0.83,10,
731313,英濟元大49購02,"202,000",12,"162,600",0.87,0.87,0.72,0.72,-,0.03,0.52,2,0.00,0,
731314,原相元大49購06,"169,000",2,"105,780",0.63,0.63,0.62,0.62,-,0.03,0.57,499,0.58,10,
731315,原相元大51購04,"259,000",4,"107,200",0.43,0.43,0.40,0.40,-,0.03,0.39,499,0.40,10,
731316,鈊象元大49購12,0,0,0,---,---,---, ---,,,0.36,499,0.37,10,
731317,鈊象元大49購13,"5,000",1,"2,200",0.44,0.44,0.44,0.44,-,0.01,0.42,499,0.43,10,
731318,群聯元大49購02,0,0,0,---,---,---, ---,,,1.20,499,1.30,10,
731319,雍智元大4C購01,"248,000",3,"84,720",0.36,0.36,0.34,0.34,-,0.04,0.34,499,0.35,10,
731320,僑威元大49購02,0,0,0,---,---,---, ---,,,0.46,499,0.47,10,
731321,僑威元大4A購01,0,0,0,---,---,---, ---,,,0.77,499,0.78,10,
731322,大宇資國票4A購02,0,0,0,---,---,---, ---,,,0.64,25,0.66,10,
731323,大綜國票4B購01,"37,000",4,"68,070",1.93,1.93,1.76,1.79,-,0.31,1.80,25,1.81,10,
731324,世德國票4B購01,0,0,0,---,---,---, ---,,,0.40,25,0.41,10,
731325,正淩國票4A購02,0,0,0,---,---,---, ---,,,0.37,25,0.39,10,
731326,艾訊國票4A購02,0,0,0,---,---,---, ---,,,0.22,25,0.23,10,
731327,旺矽國票4A購02,0,0,0,---,---,---, ---,,,1.92,25,1.93,10,
731328,營邦國票4C購01,0,0,0,---,---,---, ---,,,0.69,25,0.79,10,
731329,雙鴻國票4A購01,0,0,0,---,---,---, ---,,,1.72,25,1.74,10,
731330,環球晶第一49購01,"8,000",1,"10,480",1.31,1.31,1.31,1.31,+,0.06,1.28,10,1.29,10,
731331,大綜統一53購04,"18,000",1,"14,940",0.83,0.83,0.83,0.83,-,0.07,0.79,10,0.80,10,
731332,大綜統一59購01,0,0,0,---,---,---, ---,,,0.80,10,0.82,10,
731333,振曜統一53購02,"99,000",2,"48,510",0.49,0.49,0.49,0.49,-,0.01,0.49,10,0.50,10,
731334,順達統一52購01,"2,000",2,"1,820",0.90,0.92,0.90,0.92,+,0.01,0.90,10,0.91,10,
731335,順達統一53購06,"2,000",2,"1,680",0.83,0.85,0.83,0.85,-,0.0,0.83,10,0.84,10,
731336,順達統一55購02,"2,000",2,"1,600",0.79,0.81,0.79,0.81,+,0.01,0.79,10,0.80,10,
731337,精材統一51購07,0,0,0,---,---,---, ---,,,0.18,10,0.19,10,
731338,聰泰統一53購02,0,0,0,---,---,---, ---,,,0.39,10,0.40,10,
731339,大樹凱基4B購01,"2,000",1,"1,020",0.51,0.51,0.51,0.51,+,0.01,0.49,10,0.50,10,
731340,中美晶凱基49購01,0,0,0,---,---,---, ---,,,0.39,100,0.40,10,
731341,元太凱基49購02,0,0,0,---,---,---, ---,,,0.49,40,0.59,10,
731342,振曜凱基4A購01,"311,000",6,"256,410",0.85,0.85,0.81,0.82,-,0.03,0.87,100,0.88,10,
731343,湧德凱基4C購02,0,0,0,---,---,---, ---,,,0.44,100,0.45,50,
731344,閎康凱基49購01,"20,000",1,"2,000",0.10,0.10,0.10,0.10,-,0.01,0.09,100,0.10,50,
731345,萬潤凱基49購01,"53,000",6,"59,590",1.14,1.15,1.01,1.01,-,0.04,1.00,2,1.09,10,
731346,群聯凱基49購03,"3,000",1,"5,580",1.86,1.86,1.86,1.86,+,0.13,1.64,60,1.65,10,
731347,僑威凱基49購02,"50,000",2,"19,500",0.39,0.39,0.39,0.39,-,0.03,0.38,100,0.39,50,
731348,大樹元大49購03,0,0,0,---,---,---, ---,,,0.06,499,0.07,10,
731349,正淩元大49購01,0,0,0,---,---,---, ---,,,0.19,499,0.20,10,
731350,協易機元大49購01,0,0,0,---,---,---, ---,,,0.03,499,0.13,10,
731351,旺矽元大49購02,"134,000",6,"125,600",0.93,0.95,0.92,0.93,-,0.03,0.90,499,0.91,10,
731352,旺矽元大49購03,"50,000",3,"51,100",1.02,1.03,1.00,1.00,-,0.07,1.00,499,1.05,10,
731353,旺矽元大49購04,"147,000",7,"147,270",0.99,1.02,0.98,0.98,-,0.06,0.98,499,0.99,10,
731354,家登元大49購04,0,0,0,---,---,---, ---,,,0.42,499,0.43,10,
731355,湧德元大49購03,0,0,0,---,---,---, ---,,,0.27,499,0.28,10,
731356,鈊象元大49購14,"150,000",2,"74,500",0.50,0.50,0.49,0.49,-,0.01,0.48,499,0.49,10,
731357,鈊象元大49購15,0,0,0,---,---,---, ---,,,0.19,499,0.20,10,
731358,鈊象元大4B購03,0,0,0,---,---,---, ---,,,0.27,499,0.28,10,
731359,新復興元大49購01,0,0,0,---,---,---, ---,,,0.07,499,0.16,1,
731360,群聯元大49購03,0,0,0,---,---,---, ---,,,0.56,499,0.57,10,
731361,群聯元大49購04,"103,000",2,"75,450",0.75,0.75,0.69,0.69,-,0.03,0.66,499,0.67,10,
731362,群聯元大49購05,"2,000",1,"1,200",0.60,0.60,0.60,0.60,-,0.04,0.61,499,0.62,10,
731363,大綜第一49購01,0,0,0,---,---,---, ---,,,0.83,10,0.93,10,
731364,神準第一49購01,0,0,0,---,---,---, ---,,,0.13,10,0.14,10,
731365,凡甲國票4A購01,0,0,0,---,---,---, ---,,,0.46,25,0.47,10,
731366,中美晶國票4B購01,0,0,0,---,---,---, ---,,,0.48,25,0.49,10,
731367,富喬國票51購01,"6,000",1,"10,020",1.67,1.67,1.67,1.67,+,0.27,1.48,25,1.50,10,
731368,廣明國票4A購01,0,0,0,---,---,---, ---,,,0.36,25,0.37,10,
731369,營邦國票51購01,0,0,0,---,---,---, ---,,,1.59,25,1.60,10,
731370,中美晶元富49購01,0,0,0,---,---,---, ---,,,0.73,25,0.75,25,
731371,中美晶元富4A購01,0,0,0,---,---,---, ---,,,0.97,25,0.99,25,
731372,中美晶元富4C購01,0,0,0,---,---,---, ---,,,0.77,25,0.79,25,
731373,宜鼎元富4C購01,0,0,0,---,---,---, ---,,,1.10,25,1.11,25,
731374,博智元富51購01,0,0,0,---,---,---, ---,,,1.00,20,1.09,10,
731375,博智元富51購02,0,0,0,---,---,---, ---,,,0.74,25,0.84,10,
731376,碩禾元富51購01,"31,000",3,"21,600",0.70,0.74,0.69,0.74,+,0.02,0.74,25,0.75,25,
731377,營邦元富53購01,"35,000",2,"32,550",0.93,0.93,0.93,0.93,-,0.04,0.85,25,0.86,25,
731378,環球晶元富4A購01,0,0,0,---,---,---, ---,,,0.71,25,0.81,10,
731379,環球晶元富4A購02,0,0,0,---,---,---, ---,,,0.52,25,0.53,25,
731380,譜瑞元富49購01,"2,000",2,"2,220",1.10,1.12,1.10,1.12,-,0.0,1.10,25,1.13,25,
731381,中美晶中信49購01,"62,000",2,"65,100",1.05,1.05,1.05,1.05,+,0.04,1.04,499,1.06,10,
731382,環球晶永豐4B購01,0,0,0,---,---,---, ---,,,0.76,499,0.86,10,
731383,艾訊國泰4A購01,0,0,0,---,---,---, ---,,,0.16,499,0.18,100,
731384,萬潤國泰4A購01,"11,000",1,"13,970",1.27,1.27,1.27,1.27,-,0.09,1.22,10,1.23,10,
731385,雙鴻國泰4A購02,0,0,0,---,---,---, ---,,,0.94,10,0.96,10,
731386,大樹統一53購02,0,0,0,---,---,---, ---,,,0.28,10,0.29,10,
731387,正淩統一53購02,0,0,0,---,---,---, ---,,,0.43,10,0.44,10,
731388,正淩統一53購03,"46,000",1,"14,260",0.31,0.31,0.31,0.31,+,0.01,0.29,10,0.30,10,
731389,正淩統一55購01,"98,000",2,"35,240",0.37,0.37,0.35,0.35,-,0.0,0.34,10,0.35,10,
731390,良維統一53購02,"46,000",1,"38,640",0.84,0.84,0.84,0.84,+,0.02,0.82,10,0.83,10,
731391,東捷統一51購02,0,0,0,---,---,---, ---,,,0.20,10,0.21,10,
731392,信紘科統一53購01,0,0,0,---,---,---, ---,,,0.68,10,0.69,10,
731393,神準統一55購02,0,0,0,---,---,---, ---,,,0.29,10,0.30,10,
731394,崧騰統一53購01,0,0,0,---,---,---, ---,,,0.31,10,0.32,10,
731395,博智統一55購01,0,0,0,---,---,---, ---,,,0.46,10,0.47,10,
731396,華景電統一51購01,"25,000",3,"19,050",0.77,0.77,0.76,0.76,-,0.02,0.75,10,0.76,10,
731397,華景電統一53購02,"75,000",2,"47,500",0.64,0.64,0.62,0.62,+,0.01,0.59,10,0.60,10,
731398,新復興統一53購01,0,0,0,---,---,---, ---,,,0.17,10,0.18,10,
731399,頎邦統一53購01,0,0,0,---,---,---, ---,,,0.33,10,0.34,10,
731400,營邦統一53購02,"11,000",1,"7,370",0.67,0.67,0.67,0.67,-,0.03,0.63,10,0.64,10,
731401,元債20群益51購02,0,0,0,---,---,---, ---,,,0.00,0,0.00,0,
731402,台星科群益4A購01,0,0,0,---,---,---, ---,,,0.69,25,0.70,10,
731403,弘塑群益4B購01,"121,000",6,"154,200",1.20,1.30,1.20,1.30,-,0.03,0.55,36,0.00,0,
731404,正基群益49購03,0,0,0,---,---,---, ---,,,0.06,25,0.07,10,
731405,正淩群益4B購02,0,0,0,---,---,---, ---,,,0.39,25,0.40,10,
731406,欣銓群益49購04,0,0,0,---,---,---, ---,,,0.75,100,0.76,100,
731407,原相群益49購02,0,0,0,---,---,---, ---,,,0.72,100,0.73,100,
731408,家登群益49購02,0,0,0,---,---,---, ---,,,0.26,25,0.27,10,
731409,鈊象群益49購04,0,0,0,---,---,---, ---,,,0.23,100,0.24,100,
731410,鈦昇群益49購02,0,0,0,---,---,---, ---,,,0.83,25,0.84,10,
731411,新復興群益49購02,0,0,0,---,---,---, ---,,,0.12,25,0.13,10,
731412,萬潤群益51購01,"18,000",2,"48,320",2.68,2.69,2.68,2.69,+,0.19,1.29,7,0.00,0,
731413,環球晶群益49購01,0,0,0,---,---,---, ---,,,0.00,0,0.00,0,
731414,環球晶群益49購02,0,0,0,---,---,---, ---,,,0.00,0,0.00,0,
731415,環球晶群益4A購02,"50,000",1,"10,000",0.20,0.20,0.20,0.20,-,0.01,0.20,100,0.21,100,
731416,環球晶群益4B購01,0,0,0,---,---,---, ---,,,0.01,10,0.20,10,
731417,鏵友益群益4B購01,0,0,0,---,---,---, ---,,,0.61,25,0.64,10,
731418,萬潤富邦4B購01,"202,000",5,"99,000",0.50,0.50,0.49,0.49,-,0.0,0.48,10,0.49,10,
731419,雙鴻台新49購01,0,0,0,---,---,---, ---,,,0.75,20,0.76,10,
731420,凡甲凱基49購01,0,0,0,---,---,---, ---,,,0.43,10,0.44,10,
731421,元太凱基51購02,0,0,0,---,---,---, ---,,,0.32,40,0.42,10,
731422,弘塑凱基4A購02,"58,000",3,"65,860",1.13,1.17,1.13,1.17,+,0.09,0.50,20,0.00,0,
731423,正基凱基49購02,0,0,0,---,---,---, ---,,,0.09,100,0.10,50,
731424,良維凱基4B購01,"74,000",3,"149,320",2.01,2.03,1.99,2.03,+,0.07,2.03,100,2.04,10,
731425,協易機凱基49購01,0,0,0,---,---,---, ---,,,0.23,10,0.33,10,
731426,旺矽凱基49購02,"20,000",1,"31,800",1.59,1.59,1.59,1.59,-,0.04,1.51,100,1.52,10,
731427,原相凱基49購03,0,0,0,---,---,---, ---,,,0.37,100,0.38,10,
731428,順達凱基51購01,"41,000",5,"69,210",1.74,1.74,1.65,1.66,-,0.04,1.66,100,1.67,10,
731429,鈊象凱基49購05,0,0,0,---,---,---, ---,,,0.27,100,0.28,50,
731430,環球晶凱基4B購01,0,0,0,---,---,---, ---,,,0.82,40,0.83,10,
731431,譜瑞凱基49購01,"141,000",5,"98,180",0.70,0.70,0.68,0.70,-,0.03,0.69,100,0.70,10,
731432,精材兆豐4B購01,"25,000",1,"8,500",0.34,0.34,0.34,0.34,-,0.04,0.32,10,0.33,10,
731433,金麗科元富4A購01,0,0,0,---,---,---, ---,,,0.00,0,0.00,0,
731434,神準元富49購01,0,0,0,---,---,---, ---,,,0.39,25,0.40,25,
731435,智通*元富4A購02,"71,000",1,"68,870",0.97,0.97,0.97,0.97,-,0.01,0.95,25,1.05,25,
731436,廣運元富49購01,0,0,0,---,---,---, ---,,,0.54,25,0.55,25,
731437,環球晶元富53購01,"17,000",1,"10,030",0.59,0.59,0.59,0.59,+,0.01,0.57,25,0.58,25,
731438,雙鴻元富4A購07,0,0,0,---,---,---, ---,,,0.88,10,4.20,10,
731439,元太永豐49購02,0,0,0,---,---,---, ---,,,0.16,62,0.17,10,
731440,信紘科永豐49購01,"14,000",2,"13,860",0.99,0.99,0.99,0.99,-,0.05,0.95,499,0.96,10,
731441,雙鴻永豐4B購01,"2,000",1,"1,220",0.61,0.61,0.61,0.61,-,0.02,0.61,499,0.62,10,
731442,凡甲元大49購01,0,0,0,---,---,---, ---,,,0.41,499,0.42,10,
731443,大綜元大49購01,"321,000",6,"334,570",1.07,1.09,0.93,0.93,-,0.14,0.35,28,1.05,1,
731444,元太元大49購07,0,0,0,---,---,---, ---,,,0.17,499,0.18,10,
731445,元太元大49購08,"10,000",1,"2,000",0.20,0.20,0.20,0.20,-,0.01,0.20,499,0.21,10,
731446,元太元大4C購02,0,0,0,---,---,---, ---,,,0.24,499,0.25,10,
731447,信紘科元大49購01,"28,000",3,"24,020",0.89,0.89,0.85,0.85,-,0.07,0.85,499,0.87,10,
731448,能率元大49購01,0,0,0,---,---,---, ---,,,0.32,499,0.33,10,
731449,博智元大49購01,0,0,0,---,---,---, ---,,,0.00,0,0.00,0,
731450,順達元大49購04,"192,000",3,"112,460",0.59,0.59,0.58,0.58,-,0.0,0.56,499,0.58,10,
731451,順達元大49購05,"7,000",1,"3,990",0.57,0.57,0.57,0.57,-,0.02,0.57,25,0.58,10,
731452,順達元大49購06,"201,000",2,"138,990",0.72,0.72,0.69,0.69,-,0.01,0.69,25,0.70,10,
731453,鈊象元大49購16,0,0,0,---,---,---, ---,,,0.21,499,0.22,10,
731454,鈊象元大49購17,0,0,0,---,---,---, ---,,,0.30,499,0.31,10,
731455,鈊象元大4B購04,0,0,0,---,---,---, ---,,,0.15,499,0.16,10,
731456,漢磊元大49購01,0,0,0,---,---,---, ---,,,0.09,499,0.10,10,
731457,優群元大49購01,"400,000",1,"248,000",0.62,0.62,0.62,0.62,-,0.05,0.62,499,0.64,10,
731458,雙鴻元大49購02,0,0,0,---,---,---, ---,,,0.00,0,0.00,0,
731459,雙鴻元大49購03,0,0,0,---,---,---, ---,,,0.03,99,0.00,0,
731460,雙鴻元大49購04,"70,000",3,"36,150",0.52,0.52,0.51,0.51,-,0.04,0.04,250,0.00,0,
731461,譜瑞元大49購01,"20,000",2,"12,900",0.64,0.65,0.64,0.65,-,0.03,0.64,499,0.66,10,
731462,大樹第一49購01,0,0,0,---,---,---, ---,,,0.28,10,0.30,10,
731463,大中國票49購01,0,0,0,---,---,---, ---,,,0.43,25,0.46,10,
731464,元太國票4A購02,"54,000",15,"46,940",0.89,0.89,0.85,0.85,-,0.06,0.84,25,0.85,10,
731465,友輝國票4A購01,0,0,0,---,---,---, ---,,,1.78,25,1.81,10,
731466,智通*國票49購02,0,0,0,---,---,---, ---,,,0.73,25,0.74,10,
731467,智通*國票4A購01,0,0,0,---,---,---, ---,,,0.81,25,0.82,10,
731468,順達國票4A購02,"9,000",1,"23,940",2.66,2.66,2.66,2.66,+,0.08,2.56,25,2.57,10,
731469,鈊象國泰4A購02,0,0,0,---,---,---, ---,,,0.65,10,0.66,10,
731470,營邦國泰4A購02,0,0,0,---,---,---, ---,,,0.70,499,0.71,100,
731471,中美晶富邦49購01,"75,000",3,"28,750",0.36,0.39,0.36,0.39,+,0.06,0.39,30,0.40,10,
731472,精材富邦49購03,0,0,0,---,---,---, ---,,,0.16,30,0.17,10,
731473,精材富邦4B購01,"3,000",1,990,0.33,0.33,0.33,0.33,-,0.05,0.32,30,0.33,10,
731474,譜瑞富邦4A購02,"563,000",12,"180,370",0.32,0.33,0.32,0.33,-,0.0,0.32,24,0.50,30,
731475,凡甲群益4A購01,0,0,0,---,---,---, ---,,,0.70,25,0.71,10,
731476,中美晶群益4B購01,"107,000",2,"101,070",0.96,0.96,0.93,0.93,-,0.01,0.98,100,1.00,100,
731477,元太群益49購04,0,0,0,---,---,---, ---,,,0.00,0,0.00,0,
731478,元太群益4A購01,0,0,0,---,---,---, ---,,,0.07,100,0.00,0,
731479,友輝群益4A購01,0,0,0,---,---,---, ---,,,0.34,10,0.00,0,
731480,加百裕群益4B購01,"130,000",5,"100,050",0.77,0.82,0.76,0.82,-,0.05,0.40,25,0.00,0,
731481,弘塑群益4B購02,"11,000",3,"14,750",1.31,1.40,1.31,1.40,-,0.01,0.58,17,0.00,0,
731482,立端群益49購03,0,0,0,---,---,---, ---,,,0.16,25,0.17,10,
731483,立端群益4C購01,"130,000",2,"42,900",0.33,0.33,0.33,0.33,-,0.03,0.32,25,0.33,10,
731484,胡連群益4A購01,0,0,0,---,---,---, ---,,,0.59,25,0.60,10,
731485,群聯群益49購03,0,0,0,---,---,---, ---,,,0.00,0,0.00,0,
731486,碩禾群益4B購01,0,0,0,---,---,---, ---,,,0.10,20,0.45,10,
731487,譜瑞群益49購02,0,0,0,---,---,---, ---,,,0.00,0,0.00,0,
731488,中美晶統一53購02,"4,000",2,"1,890",0.47,0.48,0.47,0.48,+,0.02,0.47,15,0.48,10,
731489,元太統一53購01,0,0,0,---,---,---, ---,,,0.17,10,0.18,10,
731490,合晶統一52購03,0,0,0,---,---,---, ---,,,0.41,10,0.42,10,
731491,亞信統一53購01,0,0,0,---,---,---, ---,,,0.29,10,0.30,10,
731492,亞信統一56購01,0,0,0,---,---,---, ---,,,0.30,10,0.31,10,
731493,亞信統一59購01,0,0,0,---,---,---, ---,,,0.32,10,0.33,10,
731494,東捷統一52購02,0,0,0,---,---,---, ---,,,0.27,10,0.28,10,
731495,英濟統一5B購01,"245,000",13,"158,190",0.65,0.67,0.59,0.61,+,0.01,0.61,10,0.62,10,
731496,振曜統一57購01,0,0,0,---,---,---, ---,,,0.37,10,0.38,10,
731497,博智統一53購01,0,0,0,---,---,---, ---,,,0.56,10,0.57,10,
731498,順達統一53購07,0,0,0,---,---,---, ---,,,0.63,10,0.64,10,
731499,順達統一57購01,0,0,0,---,---,---, ---,,,0.57,10,0.58,10,
731500,環球晶統一53購03,"2,000",1,"1,080",0.54,0.54,0.54,0.54,+,0.03,0.54,10,0.55,10,
731501,環球晶統一53購04,0,0,0,---,---,---, ---,,,0.38,10,0.39,10,
731502,信立台新49購01,0,0,0,---,---,---, ---,,,3.16,20,3.17,10,
731503,中美晶凱基49購02,"35,000",4,"25,690",0.69,0.74,0.69,0.74,+,0.03,0.73,100,0.74,10,
731504,元太凱基4A購02,0,0,0,---,---,---, ---,,,0.22,30,0.32,10,
731505,鈊象凱基51購03,"1,000",1,"1,460",1.46,1.46,1.46,1.46,+,0.07,1.40,100,1.41,10,
731506,群聯凱基4A購02,0,0,0,---,---,---, ---,,,0.97,40,0.98,10,
731507,環球晶凱基49購04,"17,000",4,"18,380",1.08,1.11,1.07,1.07,+,0.01,1.06,60,1.07,10,
731508,雙鴻凱基4B購02,0,0,0,---,---,---, ---,,,1.14,40,1.24,10,
731509,信立兆豐4A購01,"571,000",15,"997,610",1.85,1.85,1.67,1.68,-,0.27,1.68,40,0.00,0,
731510,大綜群益49購03,0,0,0,---,---,---, ---,,,0.00,0,1.65,20,
731511,弘塑群益49購01,"555,000",26,"704,610",1.24,1.34,1.12,1.12,-,0.07,0.47,21,0.00,0,
731512,均華群益4A購01,"23,000",3,"15,710",0.69,0.71,0.66,0.66,+,0.02,0.23,53,0.00,0,
731513,亞信群益49購01,0,0,0,---,---,---, ---,,,0.04,1,0.00,0,
731514,旺矽群益49購02,"45,000",6,"80,760",1.82,1.85,1.78,1.78,-,0.17,1.78,25,1.79,10,
731515,原相群益49購03,"118,000",4,"105,250",0.90,0.90,0.85,0.85,-,0.09,0.82,100,0.83,100,
731516,順達群益4C購01,0,0,0,---,---,---, ---,,,1.52,100,1.53,100,
731517,鈊象群益49購05,0,0,0,---,---,---, ---,,,0.91,100,0.92,100,
731518,大樹元大49購04,"120,000",4,"26,700",0.22,0.23,0.22,0.22,-,0.0,0.22,469,0.23,10,
731519,元太元大49購09,"21,000",1,"8,820",0.42,0.42,0.42,0.42,-,0.03,0.43,25,0.44,10,
731520,元太元大4C購03,0,0,0,---,---,---, ---,,,0.20,499,0.21,10,
731521,信立元大49購03,"1,000",1,"1,780",1.78,1.78,1.78,1.78,-,0.48,0.85,11,0.00,0,
731522,信立元大53購01,0,0,0,---,---,---, ---,,,0.00,0,1.60,1,
731523,威剛元大49購03,"20,000",1,"46,400",2.32,2.32,2.32,2.32,-,0.15,2.42,300,2.44,10,
731524,原相元大49購07,0,0,0,---,---,---, ---,,,0.43,499,0.44,10,
731525,湧德元大49購04,0,0,0,---,---,---, ---,,,0.44,499,0.45,10,
731526,鈊象元大49購18,"5,000",1,"7,150",1.43,1.43,1.43,1.43,-,0.0,1.35,499,1.38,10,
731527,鈊象元大49購19,0,0,0,---,---,---, ---,,,0.37,499,0.38,10,
731528,鈊象元大4B購05,0,0,0,---,---,---, ---,,,0.45,499,0.46,10,
731529,萬潤元大49購01,"260,000",7,"349,880",1.44,1.52,1.30,1.30,-,0.09,1.29,25,1.32,10,
731530,萬潤元大49購02,"140,000",2,"217,600",1.67,1.67,1.55,1.55,-,0.0,1.42,25,1.46,10,
731531,群聯元大49購06,0,0,0,---,---,---, ---,,,0.50,499,0.51,10,
731532,群聯元大49購07,0,0,0,---,---,---, ---,,,0.44,499,0.45,10,
731533,群聯元大49購08,0,0,0,---,---,---, ---,,,0.80,499,0.82,10,
731534,營邦元大49購01,"35,000",1,"28,000",0.80,0.80,0.80,0.80,-,0.05,0.71,499,0.72,10,
731535,中美晶元富49購02,0,0,0,---,---,---, ---,,,0.52,25,0.54,25,
731536,倉和元富4C購01,0,0,0,---,---,---, ---,,,0.57,25,0.59,25,
731537,順達元富49購05,0,0,0,---,---,---, ---,,,0.57,25,0.58,25,
731538,鈊象元富49購08,0,0,0,---,---,---, ---,,,0.35,25,0.36,25,
731539,群聯元富4A購04,0,0,0,---,---,---, ---,,,0.68,25,0.69,25,
731540,群聯元富4A購05,0,0,0,---,---,---, ---,,,0.62,25,0.63,25,
731541,群聯元富4A購06,0,0,0,---,---,---, ---,,,0.52,25,0.53,25,
731542,元太國泰4A購01,0,0,0,---,---,---, ---,,,0.40,499,0.41,499,
731543,旺矽國泰4A購02,"28,000",2,"52,860",1.86,1.92,1.86,1.92,-,0.1,1.84,499,1.86,100,
731544,信立國泰4A購01,0,0,0,---,---,---, ---,,,4.40,10,4.43,10,
731545,精材國泰4A購01,"25,000",2,"23,500",0.94,0.94,0.94,0.94,-,0.06,0.84,499,0.85,100,
731546,海韻電中信49購01,"110,000",3,"145,500",1.39,1.39,1.26,1.30,-,0.2,1.29,499,1.30,10,
731547,元太永豐4A購01,0,0,0,---,---,---, ---,,,0.39,499,0.40,10,
731548,順達永豐49購03,"10,000",1,"8,100",0.81,0.81,0.81,0.81,-,0.01,0.80,499,0.81,10,
731549,鈊象永豐4A購02,0,0,0,---,---,---, ---,,,0.42,499,0.43,10,
731550,鈊象永豐4B購02,0,0,0,---,---,---, ---,,,0.56,499,0.57,10,
731551,萬潤永豐49購02,"50,000",1,"34,000",0.68,0.68,0.68,0.68,-,0.03,0.66,62,0.68,62,
731552,亞信統一52購01,0,0,0,---,---,---, ---,,,0.36,10,0.37,10,
731553,信立統一53購01,"420,000",20,"334,350",0.85,0.85,0.78,0.79,-,0.09,0.78,1,1.21,30,
731554,海韻電統一55購01,0,0,0,---,---,---, ---,,,0.58,10,0.59,10,
731555,順達統一59購02,0,0,0,---,---,---, ---,,,0.63,10,0.64,10,
731556,鈊象統一53購01,0,0,0,---,---,---, ---,,,0.39,10,0.40,10,
731557,弘塑國票4B購02,"45,000",4,"59,230",1.25,1.34,1.25,1.34,+,0.06,1.15,25,1.17,10,
731558,金麗科國票4A購01,0,0,0,---,---,---, ---,,,2.10,25,2.11,10,
731559,威剛國票4A購02,0,0,0,---,---,---, ---,,,2.97,25,3.01,10,
731560,海韻電國票49購01,"3,000",1,"3,180",1.06,1.06,1.06,1.06,-,0.19,1.09,25,1.10,10,
731561,博智國票49購01,0,0,0,---,---,---, ---,,,0.40,25,0.41,10,
731562,智通*國票4B購01,"5,000",1,"4,950",0.99,0.99,0.99,0.99,+,0.01,0.96,25,0.97,10,
731563,鈊象國票4A購02,0,0,0,---,---,---, ---,,,2.49,25,2.50,10,
731564,萬潤國票4A購01,0,0,0,---,---,---, ---,,,2.11,25,2.12,10,
731565,雍智國票4A購01,"20,000",1,"11,400",0.57,0.57,0.57,0.57,-,0.02,0.56,25,0.57,10,
731566,環球晶國票49購01,0,0,0,---,---,---, ---,,,0.26,25,0.27,10,
731567,環球晶國票4A購01,"10,000",1,"6,200",0.62,0.62,0.62,0.62,+,0.02,0.61,25,0.62,10,
731568,雙鴻國票4A購02,"1,000",1,"1,820",1.82,1.82,1.82,1.82,-,0.11,1.73,25,1.74,10,
731569,譜瑞國票4A購01,0,0,0,---,---,---, ---,,,1.16,25,1.18,10,
731570,順達富邦49購01,"198,000",8,"180,180",0.92,0.92,0.90,0.91,+,0.01,0.87,30,0.88,28,
731571,鈊象富邦4C購02,0,0,0,---,---,---, ---,,,0.21,10,0.22,10,
731572,昇達科台新49購01,"54,000",1,"20,520",0.38,0.38,0.38,0.38,-,0.09,0.40,20,0.41,10,
731573,波若威台新49購01,"5,000",1,"9,200",1.84,1.84,1.84,1.84,+,0.01,1.69,20,1.70,10,
731574,亞信凱基49購01,0,0,0,---,---,---, ---,,,0.30,30,0.40,10,
731575,旺矽凱基4B購02,"1,000",1,"1,700",1.70,1.70,1.70,1.70,-,0.03,1.66,100,1.67,10,
731576,昇達科凱基49購02,0,0,0,---,---,---, ---,,,0.40,50,0.41,30,
731577,威剛凱基49購01,0,0,0,---,---,---, ---,,,0.25,90,0.35,10,
731578,能率凱基49購01,0,0,0,---,---,---, ---,,,0.31,30,0.41,10,
731579,順達凱基4B購01,"2,000",2,"3,920",1.96,1.96,1.96,1.96,+,0.04,1.96,100,1.98,10,
731580,萬泰科凱基49購01,"34,000",3,"55,170",1.66,1.66,1.61,1.61,-,0.24,1.56,10,1.57,10,
731581,萬潤凱基49購02,"93,000",13,"123,340",1.33,1.41,1.17,1.17,-,0.07,1.14,100,1.24,10,
731582,營邦凱基49購02,0,0,0,---,---,---, ---,,,0.99,20,1.00,10,
731583,昇達科統一55購02,0,0,0,---,---,---, ---,,,0.42,10,0.43,10,
731584,群聯統一5B購01,"100,000",1,"50,000",0.50,0.50,0.50,0.50,-,0.01,0.49,10,0.50,10,
731585,營邦統一55購01,0,0,0,---,---,---, ---,,,0.38,10,0.39,10,
731586,振曜富邦4C購01,"102,000",8,"49,360",0.48,0.49,0.48,0.48,-,0.02,0.48,10,0.49,10,
731587,群聯富邦4C購01,0,0,0,---,---,---, ---,,,0.28,10,0.29,10,
731588,良維元富53購01,"28,000",2,"39,180",1.41,1.41,1.38,1.38,+,0.05,1.38,25,1.40,25,
731589,昇達科元富49購02,0,0,0,---,---,---, ---,,,0.28,25,0.29,25,
731590,波若威元富49購01,"38,000",2,"57,750",1.54,1.54,1.43,1.43,-,0.08,1.40,25,1.41,25,
731591,威剛元富49購02,0,0,0,---,---,---, ---,,,1.08,25,1.09,25,
731592,順達元富49購07,"32,000",1,"25,280",0.79,0.79,0.79,0.79,+,0.01,0.77,25,0.78,25,
731593,順達元富49購08,"20,000",1,"17,200",0.86,0.86,0.86,0.86,-,0.04,0.86,25,0.88,25,
731594,順達元富4C購01,0,0,0,---,---,---, ---,,,1.11,25,1.13,25,
731595,鈊象元富53購01,"5,000",1,"9,600",1.92,1.92,1.92,1.92,+,0.04,1.86,25,1.88,25,
731596,同致中信49購01,0,0,0,---,---,---, ---,,,0.10,10,0.11,10,
731597,昇達科中信4A購01,0,0,0,---,---,---, ---,,,0.13,499,0.14,10,
731598,大學光永豐4A購01,0,0,0,---,---,---, ---,,,1.26,499,1.27,10,
731599,神準永豐49購02,0,0,0,---,---,---, ---,,,0.10,499,0.11,62,
731600,群聯永豐4C購01,0,0,0,---,---,---, ---,,,0.75,499,0.76,10,
731601,大綜元大4B購01,"15,000",1,"13,950",0.93,0.93,0.93,0.93,-,0.15,0.38,52,1.15,10,
731602,友輝元大49購01,0,0,0,---,---,---, ---,,,0.49,499,0.50,10,
731603,弘塑元大49購01,0,0,0,---,---,---, ---,,,0.01,499,0.00,0,
731604,弘塑元大49購02,"1,112,000",15,"416,320",0.36,0.41,0.34,0.34,-,0.02,0.02,499,0.00,0,
731605,弘塑元大49購03,"244,000",9,"118,230",0.46,0.52,0.46,0.48,+,0.03,0.01,499,0.00,0,
731606,正德元大49購04,"499,000",31,"188,570",0.43,0.43,0.30,0.30,-,0.04,0.30,299,0.40,10,
731607,系統電元大49購01,"10,000",1,"2,500",0.25,0.25,0.25,0.25,-,0.06,0.25,499,0.26,10,
731608,昇達科元大49購03,0,0,0,---,---,---, ---,,,0.25,499,0.26,10,
731609,昇達科元大49購05,"8,000",1,"1,120",0.14,0.14,0.14,0.14,-,0.02,0.14,499,0.15,10,
731610,昇達科元大49購06,"212,000",4,"69,960",0.33,0.33,0.33,0.33,-,0.03,0.31,499,0.32,10,
731611,威剛元大49購04,0,0,0,---,---,---, ---,,,0.41,499,0.51,10,
731612,威剛元大49購05,0,0,0,---,---,---, ---,,,0.54,499,0.55,10,
731613,威剛元大49購06,0,0,0,---,---,---, ---,,,0.62,499,0.63,10,
731614,鈊象元大49購20,"41,000",1,"93,480",2.28,2.28,2.28,2.28,+,0.21,2.12,350,2.18,10,
731615,鈊象元大49購21,0,0,0,---,---,---, ---,,,0.34,499,0.35,10,
731616,鈊象元大4A購05,0,0,0,---,---,---, ---,,,0.34,499,0.35,10,
731617,群聯元大49購09,0,0,0,---,---,---, ---,,,0.71,499,0.72,10,
731618,群聯元大49購10,"7,000",3,"3,930",0.57,0.57,0.54,0.54,-,0.07,0.55,499,0.56,10,
731619,群聯元大49購11,0,0,0,---,---,---, ---,,,0.30,499,0.31,10,
731620,雙鴻元大49購05,0,0,0,---,---,---, ---,,,0.03,99,0.00,0,
731621,鏵友益元大49購02,"22,000",1,"5,500",0.25,0.25,0.25,0.25,-,0.05,0.23,499,0.24,10,
731622,中美晶群益49購03,"142,000",3,"80,460",0.56,0.57,0.56,0.57,+,0.03,0.58,100,0.59,100,
731623,弘塑群益49購02,"225,000",8,"305,310",1.35,1.44,1.33,1.40,+,0.08,0.54,18,0.00,0,
731624,系統電群益4B購01,0,0,0,---,---,---, ---,,,0.31,499,0.41,10,
731625,旺矽群益49購03,"70,000",4,"149,040",2.15,2.15,2.11,2.11,-,0.11,2.07,100,2.08,100,
731626,昇達科群益4B購01,"15,000",1,"3,000",0.20,0.20,0.20,0.20,-,0.0,0.19,100,0.20,100,
731627,昇達科群益4C購01,0,0,0,---,---,---, ---,,,0.52,100,0.53,100,
731628,欣銓群益4A購03,0,0,0,---,---,---, ---,,,0.96,100,0.97,100,
731629,威剛群益49購02,0,0,0,---,---,---, ---,,,0.00,0,0.00,0,
731630,原相群益49購04,"46,000",5,"52,420",1.18,1.18,1.07,1.07,-,0.15,1.03,100,1.04,100,
731631,海韻電群益55購01,0,0,0,---,---,---, ---,,,0.61,25,0.62,10,
731632,鈊象群益4B購01,0,0,0,---,---,---, ---,,,0.89,100,0.90,100,
731633,新復興群益49購03,0,0,0,---,---,---, ---,,,0.52,25,0.53,10,
731634,群聯群益49購04,0,0,0,---,---,---, ---,,,0.25,100,0.26,100,
731635,雍智群益49購01,0,0,0,---,---,---, ---,,,0.00,0,0.00,0,
731636,雙鴻群益49購03,0,0,0,---,---,---, ---,,,0.00,0,0.00,0,
731637,合晶國票49購01,"20,000",1,"14,000",0.70,0.70,0.70,0.70,-,0.11,0.70,25,0.72,10,
731638,旺矽國票4A購03,"5,000",1,"15,000",3.00,3.00,3.00,3.00,-,0.09,2.92,25,2.93,10,
731639,昇達科國票4C購02,0,0,0,---,---,---, ---,,,0.61,25,0.63,10,
731640,振曜國票4A購01,"16,000",1,"16,000",1.00,1.00,1.00,1.00,+,0.04,1.00,25,1.01,10,
731641,健椿國票49購01,0,0,0,---,---,---, ---,,,0.32,25,0.33,10,
731642,湧德國票4A購01,"217,000",8,"282,090",1.30,1.31,1.28,1.29,-,0.07,1.27,25,1.28,10,
731643,順達國票4A購03,"2,000",2,"2,940",1.47,1.47,1.47,1.47,-,0.04,1.46,25,1.47,10,
731644,群聯國票4A購03,0,0,0,---,---,---, ---,,,1.66,25,1.67,10,
731645,崧騰第一49購01,0,0,0,---,---,---, ---,,,1.70,10,1.71,10,
731646,中美晶凱基49購03,0,0,0,---,---,---, ---,,,0.68,100,0.69,10,
731647,弘塑凱基4B購02,0,0,0,---,---,---, ---,,,0.65,15,0.00,0,
731648,正德凱基49購01,0,0,0,---,---,---, ---,,,0.46,100,0.47,10,
731649,宜鼎凱基49購02,0,0,0,---,---,---, ---,,,0.79,50,0.80,10,
731650,威剛凱基49購02,0,0,0,---,---,---, ---,,,1.06,100,1.07,10,
731651,威剛凱基49購03,0,0,0,---,---,---, ---,,,0.96,90,1.06,10,
731652,威剛凱基49購04,"3,000",2,"2,070",0.69,0.69,0.69,0.69,-,0.0,0.68,100,0.69,30,
731653,原相凱基49購04,0,0,0,---,---,---, ---,,,0.74,100,0.75,10,
731654,泰茂凱基49購01,"757,000",6,"664,050",0.89,0.89,0.85,0.86,-,0.04,0.86,100,0.87,10,
731655,鈊象凱基49購06,0,0,0,---,---,---, ---,,,1.21,70,1.22,10,
731656,萬潤凱基4A購01,"18,000",2,"29,070",1.62,1.62,1.61,1.61,-,0.04,1.55,100,1.65,10,
731657,營邦凱基51購01,0,0,0,---,---,---, ---,,,2.34,20,2.35,10,
731658,元太群益4B購01,"150,000",2,"55,500",0.37,0.37,0.37,0.37,-,0.02,0.16,62,0.00,0,
731659,系統電群益49購02,"40,000",1,"14,800",0.37,0.37,0.37,0.37,-,0.04,0.38,25,0.39,10,
731660,旺矽群益49購04,"14,000",2,"26,480",1.90,1.90,1.86,1.86,-,0.29,1.84,25,1.85,10,
731661,金麗科群益49購02,0,0,0,---,---,---, ---,,,0.51,5,0.00,0,
731662,信紘科群益4B購01,"55,000",3,"45,570",0.83,0.83,0.81,0.81,-,0.04,0.80,25,0.81,10,
731663,威剛群益49購03,0,0,0,---,---,---, ---,,,2.99,100,3.00,100,
731664,鈊象群益49購06,"1,000",1,"2,310",2.31,2.31,2.31,2.31,+,0.2,2.13,100,2.14,100,
731665,群聯群益4A購01,0,0,0,---,---,---, ---,,,0.00,0,0.00,0,
731666,雙鴻群益49購04,0,0,0,---,---,---, ---,,,0.12,10,0.00,0,
731667,鏵友益群益4B購02,"10,000",1,"4,100",0.41,0.41,0.41,0.41,-,0.04,0.40,25,0.43,10,
731668,威剛國泰4A購01,0,0,0,---,---,---, ---,,,1.04,499,1.06,100,
731669,富喬國泰4A購01,"1,463,000",33,"1,880,210",1.12,1.40,1.12,1.14,+,0.04,1.11,499,1.12,100,
731670,信紘科統一59購01,0,0,0,---,---,---, ---,,,0.66,10,0.67,10,
731671,茂綸統一59購01,"118,000",4,"70,520",0.59,0.61,0.59,0.60,+,0.02,0.60,30,0.61,10,
731672,振曜統一53購03,0,0,0,---,---,---, ---,,,0.50,10,0.51,10,
731673,均豪第一49購01,"250,000",7,"254,580",1.04,1.04,0.93,0.96,-,0.0,0.96,10,0.97,10,
731674,大學光國票49購01,"8,000",1,"7,200",0.90,0.90,0.90,0.90,-,0.07,0.91,25,0.93,10,
731675,山富國票4A購01,"32,000",2,"68,120",2.13,2.13,2.11,2.11,-,0.24,2.09,25,2.12,10,
731676,加百裕國票49購02,"322,000",18,"342,760",1.06,1.17,1.02,1.17,+,0.03,1.16,25,1.18,10,
731677,立碁國票4A購01,"414,000",7,"561,270",1.48,1.48,1.30,1.32,-,0.16,1.29,25,1.30,10,
731678,伯特光國票4A購01,0,0,0,---,---,---, ---,,,0.67,25,0.69,10,
731679,東浦國票4A購01,0,0,0,---,---,---, ---,,,0.39,25,0.40,10,
731680,智通*國票4C購01,"6,000",1,"9,420",1.57,1.57,1.57,1.57,-,0.0,1.55,25,1.56,10,
731681,穩懋國票4A購03,"1,050,000",5,"481,500",0.49,0.50,0.43,0.43,-,0.06,0.42,25,0.43,10,
731682,鏵友益國票49購01,0,0,0,---,---,---, ---,,,0.22,25,0.23,10,
731683,中美晶元大49購04,"260,000",1,"88,400",0.34,0.34,0.34,0.34,-,0.01,0.33,499,0.34,10,
731684,中美晶元大49購05,"5,000",1,"2,750",0.55,0.55,0.55,0.55,+,0.01,0.55,499,0.56,10,
731685,均豪元大49購01,"234,000",19,"164,440",0.67,0.76,0.66,0.69,+,0.05,0.68,25,0.69,10,
731686,信紘科元大49購02,"2,000",1,"1,460",0.73,0.73,0.73,0.73,-,0.1,0.74,499,0.76,10,
731687,信紘科元大49購03,0,0,0,---,---,---, ---,,,0.73,499,0.83,10,
731688,信紘科元大49購04,"132,000",5,"124,140",0.95,0.95,0.92,0.92,-,0.04,0.91,499,0.93,10,
731689,威剛元大49購07,0,0,0,---,---,---, ---,,,0.91,499,1.01,10,
731690,威剛元大49購08,0,0,0,---,---,---, ---,,,1.72,450,1.73,10,
731691,威剛元大49購09,0,0,0,---,---,---, ---,,,2.26,350,2.28,10,
731692,富喬元大4C購02,"312,000",12,"201,520",0.68,0.76,0.61,0.63,+,0.03,0.61,25,0.62,10,
731693,鈊象元大49購22,"611,000",8,"567,510",0.94,0.94,0.90,0.90,-,0.02,0.89,499,0.91,10,
731694,鈊象元大4A購06,"69,000",1,"93,150",1.35,1.35,1.35,1.35,+,0.04,1.28,499,1.31,10,
731695,鈊象元大51購05,0,0,0,---,---,---, ---,,,1.45,499,1.47,10,
731696,雙鴻元大51購01,"248,000",4,"281,240",1.14,1.14,1.13,1.13,-,0.01,0.30,33,0.00,0,
731697,威剛元富4C購01,0,0,0,---,---,---, ---,,,0.80,25,0.81,25,
731698,鈊象元富53購02,0,0,0,---,---,---, ---,,,1.25,25,1.27,25,
731699,群聯元富4A購07,0,0,0,---,---,---, ---,,,1.20,10,0.00,0,
731700,凡甲中信49購01,0,0,0,---,---,---, ---,,,0.22,10,0.23,10,
731701,天品永豐49購01,"61,000",3,"82,620",1.36,1.36,1.34,1.34,-,0.04,1.03,10,1.04,16,
731702,弘塑永豐4A購01,"169,000",5,"230,840",1.37,1.41,1.33,1.33,-,0.14,0.58,17,0.00,0,
731703,威剛永豐49購01,0,0,0,---,---,---, ---,,,0.66,499,0.67,10,
731704,旺矽富邦4B購01,"175,000",10,"115,110",0.65,0.66,0.64,0.65,-,0.05,0.63,10,0.64,10,
731705,鈊象富邦4B購01,0,0,0,---,---,---, ---,,,0.46,10,0.47,10,
731706,元太兆豐4A購01,0,0,0,---,---,---, ---,,,0.22,10,0.23,10,
731707,順達兆豐4B購02,"55,000",5,"51,180",0.94,0.94,0.92,0.92,-,0.0,0.92,10,0.93,10,
731708,群聯富邦4B購03,0,0,0,---,---,---, ---,,,0.16,10,0.17,10,
731709,群聯富邦4C購02,0,0,0,---,---,---, ---,,,0.26,10,0.27,10,
731710,波若威國泰4A購01,0,0,0,---,---,---, ---,,,0.81,499,0.91,100,
731711,順達國泰4A購01,"24,000",1,"49,920",2.08,2.08,2.08,2.08,-,0.0,2.00,10,2.03,10,
731712,順達國泰4A購02,"29,000",3,"52,950",1.83,1.83,1.77,1.77,-,0.03,1.76,10,1.77,10,
731713,正基元大49購01,0,0,0,---,---,---, ---,,,0.09,499,0.10,10,
731714,系統電元大4C購02,0,0,0,---,---,---, ---,,,0.36,499,0.37,10,
731715,威剛元大49購10,0,0,0,---,---,---, ---,,,0.45,499,0.46,10,
731716,威剛元大49購11,"21,000",1,"9,240",0.44,0.44,0.44,0.44,-,0.04,0.47,499,0.48,10,
731717,博智元大49購02,0,0,0,---,---,---, ---,,,0.00,0,0.00,0,
731718,博智元大49購03,0,0,0,---,---,---, ---,,,0.00,0,0.00,0,
731719,博智元大49購04,0,0,0,---,---,---, ---,,,0.01,499,0.00,0,
731720,鈊象元大49購23,"310,000",2,"471,200",1.52,1.52,1.52,1.52,+,0.05,1.44,499,1.46,10,
731721,鈊象元大4A購07,"247,000",1,"395,200",1.60,1.60,1.60,1.60,+,0.04,1.52,499,1.54,10,
731722,鈊象元大51購06,0,0,0,---,---,---, ---,,,1.33,499,1.35,10,
731723,群聯元大49購12,0,0,0,---,---,---, ---,,,0.15,499,0.25,10,
731724,群聯元大49購13,0,0,0,---,---,---, ---,,,0.40,499,0.41,10,
731725,群聯元大51購04,0,0,0,---,---,---, ---,,,0.42,499,0.43,10,
731726,營邦元大49購02,"545,000",5,"413,090",0.77,0.77,0.73,0.73,-,0.09,0.67,499,0.68,10,
731727,雙鴻元大49購06,0,0,0,---,---,---, ---,,,0.03,99,0.00,0,
731728,雙鴻元大49購07,0,0,0,---,---,---, ---,,,0.00,0,0.00,0,
731729,友輝統一52購03,0,0,0,---,---,---, ---,,,0.62,10,0.63,10,
731730,順達統一59購03,0,0,0,---,---,---, ---,,,0.58,10,0.59,10,
731731,順達台新49購02,"2,000",1,"2,540",1.27,1.27,1.27,1.27,-,0.05,1.28,20,1.29,10,
731732,元太凱基4A購03,"384,000",5,"234,940",0.61,0.62,0.61,0.62,-,0.02,0.62,50,0.72,10,
731733,友輝凱基4A購01,0,0,0,---,---,---, ---,,,1.49,20,1.59,10,
731734,弘塑凱基4A購03,"38,000",4,"56,830",1.40,1.50,1.40,1.49,-,0.0,0.67,14,0.00,0,
731735,金麗科凱基49購01,"96,000",11,"107,270",1.09,1.17,1.09,1.11,+,0.03,1.10,50,1.20,10,
731736,威剛凱基49購05,"1,000",1,"3,260",3.26,3.26,3.26,3.26,-,0.03,3.26,100,3.27,10,
731737,博智凱基49購01,"52,000",1,"10,400",0.20,0.20,0.20,0.20,+,0.01,0.19,246,0.28,10,
731738,順達凱基49購05,"35,000",7,"35,590",1.03,1.04,0.98,0.98,-,0.04,0.98,100,0.99,10,
731739,群聯凱基49購04,0,0,0,---,---,---, ---,,,0.62,40,0.63,30,
731740,榮剛凱基49購02,0,0,0,---,---,---, ---,,,0.44,80,0.45,30,
731741,雙鴻凱基49購06,0,0,0,---,---,---, ---,,,0.94,40,1.04,10,
731742,中美晶群益4A購01,0,0,0,---,---,---, ---,,,0.51,100,0.52,100,
731743,元太群益49購05,0,0,0,---,---,---, ---,,,0.00,0,0.00,0,
731744,兆利群益49購01,0,0,0,---,---,---, ---,,,0.20,25,0.21,10,
731745,兆利群益4A購01,0,0,0,---,---,---, ---,,,0.23,25,0.24,10,
731746,湧德群益49購01,0,0,0,---,---,---, ---,,,1.06,25,1.07,10,
731747,順達群益4A購03,"53,000",1,"34,980",0.66,0.66,0.66,0.66,-,0.01,0.66,100,0.67,100,
731748,順達群益4B購02,0,0,0,---,---,---, ---,,,0.85,100,0.86,100,
731749,鈊象群益4B購02,0,0,0,---,---,---, ---,,,0.96,100,0.97,100,
731750,萬潤群益49購01,0,0,0,---,---,---, ---,,,0.32,31,0.00,0,
731751,群聯群益55購01,0,0,0,---,---,---, ---,,,0.51,100,0.52,100,
731752,榮剛群益49購01,0,0,0,---,---,---, ---,,,0.84,25,0.85,10,
731753,榮剛群益49購02,0,0,0,---,---,---, ---,,,0.00,0,0.00,0,
731754,雙鴻群益49購05,0,0,0,---,---,---, ---,,,0.00,0,0.00,0,
731755,鏵友益群益49購01,0,0,0,---,---,---, ---,,,0.21,25,0.22,10,
731756,正德第一49購01,0,0,0,---,---,---, ---,,,0.49,10,0.50,10,
731757,立端第一49購01,0,0,0,---,---,---, ---,,,0.19,10,0.20,10,
731758,統振第一49購01,"25,000",3,"14,750",0.59,0.59,0.59,0.59,-,0.02,0.55,10,0.56,10,
731759,太景*國票4A購01,"144,000",2,"93,600",0.65,0.65,0.65,0.65,-,0.01,0.62,25,0.63,10,
731760,正德國票4B購01,0,0,0,---,---,---, ---,,,0.91,25,0.92,10,
731761,宏碁資國票49購02,0,0,0,---,---,---, ---,,,1.04,25,1.05,10,
731762,信昌電國票49購01,"238,000",4,"90,260",0.38,0.38,0.37,0.37,-,0.01,0.38,25,0.39,10,
731763,富驊國票4A購01,"130,000",3,"124,000",0.96,0.96,0.90,0.90,+,0.1,0.88,25,0.90,10,
731764,順達國票4A購05,0,0,0,---,---,---, ---,,,1.34,25,1.35,10,
731765,驊訊國票4A購01,"222,000",9,"121,790",0.63,0.63,0.52,0.53,-,0.16,0.52,25,0.53,9,
731766,系統電元富51購01,"70,000",3,"28,700",0.42,0.42,0.35,0.35,-,0.05,0.34,25,0.35,25,
731767,湧德元富49購02,0,0,0,---,---,---, ---,,,0.58,25,0.59,25,
731768,湧德元富4C購02,0,0,0,---,---,---, ---,,,0.56,25,0.57,25,
731769,順達元富49購10,"1,000",1,880,0.88,0.88,0.88,0.88,-,0.03,0.88,25,0.89,25,
731770,順達元富49購11,0,0,0,---,---,---, ---,,,5.50,25,6.00,25,
731771,順達元富4C購02,0,0,0,---,---,---, ---,,,0.96,25,0.97,25,
731772,順達元富53購02,"2,000",2,"4,080",2.04,2.04,2.04,2.04,-,0.07,2.04,25,2.07,25,
731773,營邦元富49購02,0,0,0,---,---,---, ---,,,0.78,25,0.79,25,
731774,良維永豐4B購01,"10,000",2,"57,700",5.75,5.85,5.75,5.85,+,0.15,5.70,499,6.20,10,
731775,茂綸永豐49購01,"438,000",16,"439,340",0.89,1.09,0.89,0.94,+,0.06,0.94,62,0.95,10,
731776,振曜永豐49購01,0,0,0,---,---,---, ---,,,0.44,62,0.48,62,
731777,順達永豐49購04,0,0,0,---,---,---, ---,,,0.86,499,0.87,10,
731778,順達永豐4A購01,0,0,0,---,---,---, ---,,,0.72,499,0.73,10,
731779,群聯永豐4A購02,0,0,0,---,---,---, ---,,,0.32,499,0.33,10,
731780,力旺台新49購01,0,0,0,---,---,---, ---,,,0.87,20,0.88,10,
731781,系微台新49購01,0,0,0,---,---,---, ---,,,0.27,20,0.28,10,
731782,力旺凱基49購01,0,0,0,---,---,---, ---,,,0.95,90,1.05,10,
731783,力旺凱基49購02,0,0,0,---,---,---, ---,,,0.72,70,0.82,10,
731784,中美晶凱基4A購01,"30,000",2,"18,100",0.60,0.61,0.60,0.61,+,0.02,0.60,100,0.61,10,
731785,台燿凱基4A購03,"6,000",4,"9,860",1.65,1.67,1.60,1.60,-,0.14,1.59,100,1.60,10,
731786,兆利凱基49購01,"333,000",2,"139,520",0.41,0.42,0.41,0.42,+,0.01,0.36,30,0.37,10,
731787,宜鼎凱基49購03,"100,000",2,"29,500",0.30,0.30,0.29,0.29,-,0.08,0.28,30,0.29,30,
731788,鈊象凱基4A購03,0,0,0,---,---,---, ---,,,1.64,50,1.65,10,
731789,力旺第一49購01,0,0,0,---,---,---, ---,,,0.53,10,0.57,10,
731790,神準第一49購02,"36,000",1,"14,040",0.39,0.39,0.39,0.39,-,0.01,0.32,10,0.34,10,
731791,力旺國票49購02,0,0,0,---,---,---, ---,,,1.06,25,1.11,10,
731792,力旺國票4A購01,0,0,0,---,---,---, ---,,,1.29,25,1.33,10,
731793,力旺國票4B購01,0,0,0,---,---,---, ---,,,1.55,25,1.58,10,
731794,力旺國票4B購02,0,0,0,---,---,---, ---,,,1.50,25,1.54,10,
731795,台燿國票4A購03,0,0,0,---,---,---, ---,,,1.00,25,1.08,10,
731796,雙鴻國票4A購03,0,0,0,---,---,---, ---,,,0.97,25,0.99,10,
731797,鏵友益國票4B購01,0,0,0,---,---,---, ---,,,0.46,25,0.47,10,
731798,鏵友益國票51購01,0,0,0,---,---,---, ---,,,0.50,25,0.51,10,
731799,鏵友益國票53購01,0,0,0,---,---,---, ---,,,0.54,25,0.55,10,
731800,鑫聯國票4A購01,"26,000",12,"49,410",1.78,2.20,1.69,1.69,+,0.15,1.62,25,1.64,10,
731801,力旺群益49購01,"25,000",3,"14,160",0.56,0.57,0.53,0.53,-,0.0,0.53,100,0.55,116,
731802,力旺群益4A購01,0,0,0,---,---,---, ---,,,0.87,100,0.88,100,
731803,力旺群益4A購02,"17,000",1,"12,240",0.72,0.72,0.72,0.72,+,0.05,0.67,100,0.68,100,
731804,弘塑群益4A購02,"143,000",9,"109,280",0.74,0.82,0.70,0.70,-,0.04,0.40,25,0.00,0,
731805,系微群益49購04,0,0,0,---,---,---, ---,,,0.11,25,0.12,10,
731806,威剛群益4A購04,0,0,0,---,---,---, ---,,,0.83,100,0.84,100,
731807,鈊象群益49購07,0,0,0,---,---,---, ---,,,3.97,100,3.98,100,
731808,群聯群益49購05,0,0,0,---,---,---, ---,,,0.57,100,0.58,100,
731809,榮剛群益49購03,"20,000",2,"18,800",0.94,0.94,0.94,0.94,-,0.13,0.89,25,0.99,10,
731810,雙鴻群益49購06,"7,000",1,"8,050",1.15,1.15,1.15,1.15,-,0.04,0.49,64,0.00,0,
731811,力旺國泰4A購01,0,0,0,---,---,---, ---,,,1.14,10,1.17,10,
731812,天品國泰4A購01,0,0,0,---,---,---, ---,,,1.91,499,1.93,100,
731813,中美晶富邦49購02,"793,000",11,"556,450",0.69,0.71,0.69,0.71,+,0.02,0.70,30,0.72,10,
731814,中美晶富邦4B購02,"128,000",3,"50,550",0.38,0.40,0.38,0.40,+,0.03,0.39,30,0.40,10,
731815,台燿富邦49購01,"186,000",15,"169,960",0.89,0.92,0.86,0.86,-,0.05,0.86,10,0.87,10,
731816,旺矽富邦4A購02,"37,000",5,"33,020",0.90,0.92,0.88,0.88,-,0.05,0.88,10,0.89,10,
731817,原相富邦49購02,0,0,0,---,---,---, ---,,,0.36,30,0.37,10,
731818,鈊象富邦4A購01,"63,000",1,"49,770",0.79,0.79,0.79,0.79,+,0.01,0.76,10,0.77,10,
731819,大宇資統一52購02,0,0,0,---,---,---, ---,,,0.55,10,0.56,10,
731820,崧騰統一56購03,0,0,0,---,---,---, ---,,,0.37,10,0.38,10,
731821,富喬統一53購04,0,0,0,---,---,---, ---,,,0.81,10,0.82,10,
731822,新普統一53購01,0,0,0,---,---,---, ---,,,0.55,10,0.56,10,
731823,力旺元富4A購02,"5,000",3,"7,810",1.55,1.59,1.55,1.59,-,0.0,1.49,25,1.53,25,
731824,力旺元富4A購03,"100,000",2,"57,500",0.57,0.58,0.57,0.58,+,0.03,0.55,25,0.57,25,
731825,力旺元富4A購04,0,0,0,---,---,---, ---,,,0.59,25,0.62,25,
731826,力旺元富53購01,0,0,0,---,---,---, ---,,,0.77,25,0.79,25,
731827,力旺元富53購02,"135,000",3,"91,350",0.70,0.70,0.67,0.67,-,0.0,0.66,25,0.68,25,
731828,宏捷科元富49購01,"30,000",1,"19,500",0.65,0.65,0.65,0.65,-,0.04,0.64,25,0.65,25,
731829,鈊象元富49購09,0,0,0,---,---,---, ---,,,1.10,25,1.11,25,
731830,鈊象元富49購10,0,0,0,---,---,---, ---,,,0.90,25,0.92,25,
731831,鏵友益元富49購01,0,0,0,---,---,---, ---,,,0.25,25,0.26,25,
731832,鏵友益元富4C購01,0,0,0,---,---,---, ---,,,0.51,25,0.52,25,
731833,力旺中信49購01,"253,000",5,"77,490",0.33,0.33,0.30,0.30,-,0.0,0.30,10,0.33,10,
731834,茂綸中信49購01,0,0,0,---,---,---, ---,,,0.00,0,0.00,0,
731835,群聯中信49購01,0,0,0,---,---,---, ---,,,0.28,499,0.29,10,
731836,鈺太中信49購01,0,0,0,---,---,---, ---,,,0.05,10,0.06,10,
731837,台燿永豐49購02,"156,000",4,"161,040",1.04,1.04,1.00,1.00,-,0.08,0.99,499,1.00,10,
731838,台燿永豐49購03,"84,000",4,"92,760",1.09,1.13,1.09,1.13,-,0.04,1.02,499,1.03,10,
731839,系微永豐49購02,"150,000",4,"30,000",0.20,0.21,0.19,0.19,-,0.02,0.18,72,0.19,62,
731840,鈊象永豐4A購03,0,0,0,---,---,---, ---,,,2.07,499,2.10,10,
731841,力旺元大49購01,"102,000",1,"55,080",0.54,0.54,0.54,0.54,+,0.03,0.00,0,0.00,0,
731842,力旺元大49購02,0,0,0,---,---,---, ---,,,0.00,0,0.00,0,
731843,力旺元大49購03,0,0,0,---,---,---, ---,,,0.07,142,0.00,0,
731844,力旺元大4A購01,"72,000",1,"54,720",0.76,0.76,0.76,0.76,+,0.03,0.15,38,0.00,0,
731845,力旺元大4C購01,"61,000",2,"55,490",0.89,0.91,0.89,0.91,+,0.04,0.22,45,0.00,0,
731846,系微元大49購01,"90,000",1,"15,300",0.17,0.17,0.17,0.17,-,0.03,0.17,499,0.18,10,
731847,欣銓元大49購01,"182,000",4,"139,550",0.80,0.80,0.73,0.73,-,0.1,0.71,499,0.72,10,
731848,振曜元大4B購01,0,0,0,---,---,---, ---,,,0.60,499,0.70,10,
731849,鈊象元大49購24,"90,000",5,"199,400",2.25,2.25,2.15,2.15,-,0.0,2.14,350,2.17,10,
731850,鈊象元大4A購08,0,0,0,---,---,---, ---,,,1.33,499,1.35,10,
731851,鈊象元大51購07,0,0,0,---,---,---, ---,,,1.30,499,1.32,10,
731852,鈦昇元大49購01,0,0,0,---,---,---, ---,,,0.77,499,0.78,10,
731853,鈦昇元大49購02,0,0,0,---,---,---, ---,,,1.19,499,1.20,10,
731854,鈦昇元大49購03,0,0,0,---,---,---, ---,,,1.33,499,1.35,10,
731855,營邦元大49購03,"50,000",1,"28,500",0.57,0.57,0.57,0.57,-,0.07,0.56,499,0.57,10,
731856,雙鴻元大49購08,"38,000",3,"61,900",1.61,1.65,1.61,1.65,-,0.06,0.09,111,0.00,0,
731857,雙鴻元大4B購01,"4,000",2,"7,900",1.98,1.98,1.97,1.97,+,0.02,0.00,0,0.00,0,
731858,雙鴻元大51購02,0,0,0,---,---,---, ---,,,1.90,10,0.00,0,
731859,鏵友益元大49購03,"100,000",1,"9,000",0.09,0.09,0.09,0.09,-,0.01,0.08,499,0.09,10,
731860,茂訊台新49購01,0,0,0,---,---,---, ---,,,1.17,20,1.18,10,
731861,天品第一49購01,0,0,0,---,---,---, ---,,,1.74,10,1.77,10,
731862,茂訊第一49購01,0,0,0,---,---,---, ---,,,0.61,10,0.64,10,
731863,家登第一49購01,0,0,0,---,---,---, ---,,,1.43,10,1.44,10,
731864,天品國票49購03,0,0,0,---,---,---, ---,,,1.47,25,1.53,10,
731865,弘塑國票4A購04,"538,000",6,"956,900",1.72,1.82,1.72,1.78,+,0.06,1.55,25,1.58,10,
731866,旺矽國票4A購04,0,0,0,---,---,---, ---,,,2.45,25,2.47,10,
731867,茂迪國票4A購02,"36,000",2,"34,600",0.97,0.97,0.95,0.95,-,0.01,0.89,25,0.90,10,
731868,茂綸國票4A購01,"819,000",18,"882,890",0.92,1.12,0.92,0.99,+,0.11,0.98,25,1.01,10,
731869,泰茂國票4B購01,0,0,0,---,---,---, ---,,,0.58,25,0.59,10,
731870,弘塑富邦4A購01,0,0,0,---,---,---, ---,,,1.07,10,1.17,10,
731871,茂訊富邦49購01,0,0,0,---,---,---, ---,,,0.50,30,0.51,10,
731872,僑威富邦49購01,0,0,0,---,---,---, ---,,,0.49,10,0.50,10,
731873,茂訊統一55購01,0,0,0,---,---,---, ---,,,0.46,10,0.47,10,
731874,茂訊統一59購01,0,0,0,---,---,---, ---,,,0.48,10,0.49,10,
731875,富喬統一57購01,"23,000",2,"12,950",0.55,0.58,0.55,0.58,+,0.07,0.52,10,0.53,10,
731876,鈊象統一53購02,0,0,0,---,---,---, ---,,,0.81,10,0.82,10,
731877,鈊象統一59購01,0,0,0,---,---,---, ---,,,0.69,10,0.70,10,
731878,弘塑凱基49購03,"55,000",6,"83,240",1.57,1.66,1.40,1.40,-,0.21,0.77,12,0.00,0,
731879,波若威凱基4A購01,"1,840,000",10,"627,500",0.35,0.35,0.33,0.34,-,0.04,0.34,100,0.35,10,
731880,信紘科凱基4A購01,"4,000",1,"5,480",1.37,1.37,1.37,1.37,-,0.14,1.36,100,1.37,10,
731881,茂訊凱基4B購01,"56,000",2,"64,800",1.17,1.17,1.14,1.14,-,0.03,1.14,20,1.15,10,
731882,家登凱基49購05,"20,000",2,"32,000",1.60,1.60,1.60,1.60,-,0.16,1.28,100,1.38,10,
731883,鈊象凱基49購07,0,0,0,---,---,---, ---,,,2.53,100,2.54,10,
731884,群聯凱基49購05,0,0,0,---,---,---, ---,,,0.52,40,0.53,30,
731885,雍智凱基4A購05,"140,000",4,"57,400",0.41,0.41,0.41,0.41,-,0.05,0.40,100,0.41,30,
731886,雙鴻凱基49購07,0,0,0,---,---,---, ---,,,1.30,40,1.40,10,
731887,系微元富49購01,0,0,0,---,---,---, ---,,,0.24,25,0.25,25,
731888,茂訊元富49購01,0,0,0,---,---,---, ---,,,1.37,25,1.38,25,
731889,家登元富49購01,0,0,0,---,---,---, ---,,,0.72,25,0.82,10,
731890,群聯元富4A購08,0,0,0,---,---,---, ---,,,0.00,0,0.00,0,
731891,群聯元富53購01,0,0,0,---,---,---, ---,,,0.55,25,0.56,25,
731892,金山電中信49購01,0,0,0,---,---,---, ---,,,0.22,499,0.24,10,
731893,茂迪永豐49購01,0,0,0,---,---,---, ---,,,0.80,499,0.81,10,
731894,茂綸永豐4A購01,"151,000",6,"66,020",0.41,0.47,0.41,0.43,+,0.05,0.43,43,0.44,10,
731895,振曜永豐4B購02,"3,000",1,"2,010",0.67,0.67,0.67,0.67,-,0.0,0.68,499,0.69,62,
731896,台燿群益49購02,"36,000",5,"61,560",1.67,1.72,1.62,1.62,-,0.09,1.61,25,1.62,10,
731897,威剛群益49購04,0,0,0,---,---,---, ---,,,0.86,100,0.87,100,
731898,家登群益49購03,"6,000",2,"4,520",0.82,0.82,0.74,0.74,-,0.17,0.70,25,0.71,10,
731899,鈊象群益49購08,"20,000",2,"36,900",1.85,1.85,1.84,1.84,+,0.09,1.71,25,1.72,10,
731900,新復興群益49購04,0,0,0,---,---,---, ---,,,0.31,25,0.32,10,
731901,群聯群益49購07,0,0,0,---,---,---, ---,,,0.41,100,0.42,100,
731902,雙鴻群益49購07,0,0,0,---,---,---, ---,,,0.00,0,0.00,0,
731903,正德元大49購05,0,0,0,---,---,---, ---,,,0.77,499,0.78,10,
731904,系微元大49購02,"40,000",1,"8,400",0.21,0.21,0.21,0.21,-,0.02,0.21,499,0.22,10,
731905,威剛元大49購12,0,0,0,---,---,---, ---,,,0.78,499,0.79,10,
731906,茂訊元大49購01,0,0,0,---,---,---, ---,,,0.57,499,0.58,10,
731907,家登元大49購05,"36,000",4,"33,120",0.92,0.92,0.92,0.92,-,0.04,0.71,499,0.81,10,
731908,湧德元大49購05,"205,000",4,"115,550",0.57,0.57,0.56,0.56,-,0.04,0.55,499,0.56,10,
731909,鈊象元大49購25,"248,000",1,"319,920",1.29,1.29,1.29,1.29,+,0.04,1.23,499,1.25,10,
731910,營邦元大49購04,0,0,0,---,---,---, ---,,,0.75,499,0.85,10,
731911,雙鴻元大49購09,0,0,0,---,---,---, ---,,,0.00,0,0.00,0,
731912,茂綸第一49購01,"1,000",1,390,0.39,0.39,0.39,0.39,-,0.01,0.42,10,0.45,10,
731913,千附精國票4B購01,"10,000",1,"7,100",0.71,0.71,0.71,0.71,-,0.1,0.71,25,0.72,10,
731914,茂綸國票4A購02,"151,000",6,"125,400",0.88,0.88,0.76,0.76,+,0.08,0.76,25,0.78,10,
731915,茂綸國票4A購04,"126,000",3,"88,720",0.72,0.72,0.70,0.70,+,0.11,0.65,25,0.67,10,
731916,雍智國票4A購02,0,0,0,---,---,---, ---,,,0.84,25,0.85,10,
731917,廣運國票4A購01,"6,000",1,"3,000",0.50,0.50,0.50,0.50,-,0.08,0.47,25,0.48,10,
731918,旺矽國泰4A購03,"20,000",2,"45,400",2.31,2.31,2.23,2.23,-,0.09,2.23,499,2.24,100,
731919,欣銓國泰4A購01,"25,000",1,"48,250",1.93,1.93,1.93,1.93,-,0.21,1.93,499,1.94,100,
731920,茂綸國泰4A購01,"138,000",6,"254,680",1.75,1.97,1.75,1.86,+,0.15,1.86,494,1.91,100,
731921,原相國泰4A購01,0,0,0,---,---,---, ---,,,1.27,499,1.37,100,
731922,振曜國泰4A購01,0,0,0,---,---,---, ---,,,0.53,499,0.00,0,
731923,僑威富邦49購02,0,0,0,---,---,---, ---,,,0.49,10,0.50,10,
731924,弘塑元富4A購02,"50,000",1,"83,500",1.67,1.67,1.67,1.67,-,0.08,0.91,60,0.00,0,
731925,弘塑元富4A購03,"55,000",3,"90,400",1.74,1.74,1.54,1.61,-,0.0,0.75,13,1.74,25,
731926,正德元富49購02,0,0,0,---,---,---, ---,,,0.55,25,0.56,25,
731927,立碁元富4C購01,"521,000",20,"695,400",1.34,1.42,1.19,1.24,-,0.08,1.18,25,1.19,25,
731928,茂綸元富4A購01,"74,000",14,"126,720",1.59,1.79,1.59,1.69,+,0.21,1.61,25,1.63,25,
731929,茂綸元富4A購02,0,0,0,---,---,---, ---,,,0.82,25,0.84,25,
731930,茂綸元富4A購03,"30,000",2,"19,500",0.65,0.65,0.65,0.65,+,0.09,0.54,25,0.64,25,
731931,營邦元富49購03,"87,000",3,"117,310",1.35,1.38,1.34,1.34,-,0.1,1.25,25,1.26,10,
731932,千附精永豐4A購01,0,0,0,---,---,---, ---,,,0.72,499,0.74,10,
731933,威剛永豐4A購02,0,0,0,---,---,---, ---,,,0.75,499,0.76,10,
731934,茂綸永豐4C購01,"969,000",35,"299,310",0.28,0.36,0.28,0.32,+,0.05,0.30,50,0.31,10,
731935,富喬台新49購01,0,0,0,---,---,---, ---,,,1.52,20,1.53,10,
731936,千附精凱基49購01,0,0,0,---,---,---, ---,,,0.84,100,0.85,10,
731937,大綜凱基49購03,0,0,0,---,---,---, ---,,,3.20,100,3.23,10,
731938,台燿凱基49購03,"116,000",6,"227,050",1.99,1.99,1.89,1.89,-,0.19,1.88,54,1.89,10,
731939,旺矽凱基49購03,"8,000",3,"22,310",2.81,2.81,2.72,2.73,-,0.11,2.69,100,2.70,10,
731940,信紘科凱基49購01,"14,000",2,"20,820",1.51,1.51,1.43,1.43,-,0.15,1.44,100,1.45,10,
731941,茂迪凱基4A購01,"3,000",3,"3,180",1.10,1.10,1.03,1.03,-,0.0,1.01,80,1.02,10,
731942,茂綸凱基4A購01,"266,000",5,"356,620",1.35,1.41,1.25,1.25,+,0.13,1.25,100,1.27,30,
731943,神準凱基49購03,0,0,0,---,---,---, ---,,,0.21,100,0.22,30,
731944,群聯凱基49購07,0,0,0,---,---,---, ---,,,0.88,50,0.89,10,
731945,千附精統一59購02,0,0,0,---,---,---, ---,,,0.52,10,0.53,10,
731946,系微統一53購03,"30,000",1,"11,700",0.39,0.39,0.39,0.39,-,0.0,0.37,10,0.38,10,
731947,威剛統一53購01,0,0,0,---,---,---, ---,,,0.57,10,0.58,10,
731948,茂綸統一53購02,"40,000",1,"18,000",0.45,0.45,0.45,0.45,+,0.05,0.43,10,0.44,10,
731949,茂綸統一59購02,0,0,0,---,---,---, ---,,,0.46,10,0.47,10,
731950,精材統一53購02,"105,000",3,"35,100",0.34,0.34,0.32,0.32,-,0.04,0.33,10,0.34,10,
731951,磐儀統一53購01,0,0,0,---,---,---, ---,,,0.33,10,0.34,10,
731952,騰雲統一53購01,0,0,0,---,---,---, ---,,,0.43,10,0.44,10,
731953,中光電群益49購03,0,0,0,---,---,---, ---,,,0.15,25,0.16,10,
731954,良維群益49購04,"47,000",6,"75,660",1.66,1.66,1.57,1.60,+,0.01,1.62,25,1.66,10,
731955,協易機群益49購01,0,0,0,---,---,---, ---,,,0.10,25,0.20,10,
731956,波若威群益49購03,"25,000",1,"9,000",0.36,0.36,0.36,0.36,-,0.03,0.37,25,0.38,10,
731957,波若威群益4A購02,"51,000",1,"31,620",0.62,0.62,0.62,0.62,-,0.04,0.57,25,0.58,10,
731958,南俊群益4B購01,"3,000",1,990,0.33,0.33,0.33,0.33,-,0.05,0.15,66,0.00,0,
731959,威剛群益49購05,"1,000",1,"1,170",1.17,1.17,1.17,1.17,-,0.05,1.18,100,1.19,100,
731960,茂訊群益4B購01,0,0,0,---,---,---, ---,,,0.95,25,0.96,10,
731961,家登群益49購04,"344,000",11,"287,140",0.85,0.86,0.72,0.74,-,0.16,0.72,25,0.75,10,
731962,智擎群益49購01,0,0,0,---,---,---, ---,,,0.43,25,0.44,10,
731963,鈊象群益49購09,"5,000",1,"18,600",3.72,3.72,3.72,3.72,+,0.12,3.51,100,3.52,100,
731964,萬泰科群益49購02,"15,000",1,"16,500",1.10,1.10,1.10,1.10,-,0.03,0.52,19,0.00,0,
731965,萬泰科群益49購03,0,0,0,---,---,---, ---,,,0.00,0,0.00,0,
731966,雙鴻群益49購08,0,0,0,---,---,---, ---,,,0.00,0,0.00,0,
731967,良維元大49購05,"69,000",5,"105,320",1.56,1.56,1.49,1.54,+,0.07,1.53,499,1.54,10,
731968,威剛元大49購13,0,0,0,---,---,---, ---,,,0.75,499,0.76,10,
731969,茂訊元大49購02,0,0,0,---,---,---, ---,,,0.54,499,0.55,10,
731970,茂綸元大49購01,"235,000",3,"133,770",0.49,0.57,0.49,0.56,+,0.08,0.54,499,0.55,10,
731971,茂綸元大49購02,"18,000",4,"11,050",0.68,0.68,0.61,0.61,+,0.07,0.60,499,0.61,9,
731972,茂綸元大49購03,"505,000",8,"285,270",0.54,0.64,0.54,0.57,+,0.06,0.57,499,0.58,10,
731973,泰茂元大49購01,"247,000",1,"93,860",0.38,0.38,0.38,0.38,-,0.0,0.37,499,0.38,10,
731974,富喬元大49購02,"113,000",5,"128,070",1.12,1.16,1.05,1.05,+,0.1,0.96,499,0.97,10,
731975,鈊象元大49購28,"261,000",9,"444,640",1.75,1.75,1.69,1.69,-,0.01,1.68,470,1.71,10,
731976,鈊象元大4B購06,0,0,0,---,---,---, ---,,,1.76,400,1.78,10,
731977,鈊象元大51購08,"50,000",1,"111,500",2.23,2.23,2.23,2.23,+,0.05,2.14,350,2.17,10,
731978,群聯元大49購14,0,0,0,---,---,---, ---,,,0.36,499,0.37,10,
731979,聰泰元大49購02,"191,000",1,"84,040",0.44,0.44,0.44,0.44,+,0.01,0.39,499,0.40,10,
731980,雙鴻元大4B購02,"20,000",2,"20,200",1.01,1.01,1.01,1.01,-,0.03,0.00,0,0.00,0,
731981,雙鴻元大4C購01,"2,000",1,"3,900",1.95,1.95,1.95,1.95,+,0.02,0.00,0,0.00,0,
731982,雙鴻元大51購03,0,0,0,---,---,---, ---,,,0.17,38,0.00,0,
731983,正德第一49購02,0,0,0,---,---,---, ---,,,0.75,10,0.76,10,
731984,威剛國票4A購04,0,0,0,---,---,---, ---,,,1.74,25,1.77,10,
731985,崧騰國票4A購04,0,0,0,---,---,---, ---,,,0.21,25,0.22,10,
731986,聰泰國票4A購01,"6,000",1,"4,200",0.70,0.70,0.70,0.70,-,0.05,0.66,25,0.67,10,
731987,穩懋國票4A購04,0,0,0,---,---,---, ---,,,0.31,25,0.32,10,
731988,千附精凱基51購01,0,0,0,---,---,---, ---,,,0.53,100,0.54,10,
731989,中光電凱基49購02,0,0,0,---,---,---, ---,,,0.26,100,0.36,10,
731990,系微凱基49購03,0,0,0,---,---,---, ---,,,0.16,50,0.17,50,
731991,金山電凱基49購01,0,0,0,---,---,---, ---,,,0.25,10,0.35,10,
731992,信紘科凱基49購02,"4,000",1,"3,360",0.84,0.84,0.84,0.84,-,0.07,0.83,20,0.84,10,
731993,統振凱基49購01,"1,084,000",6,"864,240",0.80,0.80,0.74,0.76,-,0.05,0.74,70,0.75,30,
731994,博智凱基49購02,"306,000",2,"36,820",0.14,0.14,0.12,0.12,-,0.02,0.13,100,0.14,5,
731995,鈊象凱基4B購03,"97,000",3,"158,610",1.63,1.64,1.58,1.58,-,0.04,1.56,100,1.58,10,
731996,萬泰科凱基49購02,"140,000",1,"207,200",1.48,1.48,1.48,1.48,-,0.12,1.40,10,1.41,10,
731997,廣運凱基49購01,"9,000",2,"9,570",1.10,1.10,0.99,0.99,-,0.3,0.97,100,0.98,10,
731998,雙鴻凱基51購01,0,0,0,---,---,---, ---,,,1.94,40,2.04,10,
731999,加百裕群益4B購02,"5,000",1,"2,350",0.47,0.47,0.47,0.47,-,0.0,0.47,5,0.00,0,
732000,台燿群益49購03,"5,000",2,"12,100",2.48,2.48,2.33,2.33,-,0.14,2.32,100,2.33,100,
732001,立碁群益4B購01,"184,000",7,"173,240",0.94,0.96,0.93,0.96,+,0.05,0.79,25,0.82,10,
732002,旺矽群益49購05,"145,000",22,"340,580",2.39,2.40,2.30,2.30,-,0.11,2.30,100,2.31,100,
732003,欣銓群益49購05,0,0,0,---,---,---, ---,,,1.23,100,1.24,100,
732004,信紘科群益4A購02,"2,000",1,"1,340",0.67,0.67,0.67,0.67,-,0.04,0.66,25,0.67,10,
732005,高鋒群益4B購01,"1,000",1,"1,630",1.63,1.63,1.63,1.63,-,0.03,0.89,11,0.00,0,
732006,富喬群益49購03,"21,000",2,"24,520",1.16,1.32,1.16,1.32,+,0.25,1.10,100,1.11,100,
732007,鈊象群益49購10,"99,000",2,"248,490",2.51,2.51,2.51,2.51,+,0.02,2.38,100,2.39,100,
732008,雙鴻群益49購09,0,0,0,---,---,---, ---,,,0.06,998,0.00,0,
732009,鈊象台新49購01,0,0,0,---,---,---, ---,,,1.37,20,1.38,10,
732010,騰雲台新49購01,0,0,0,---,---,---, ---,,,0.43,10,0.45,10,
732011,千附精元富53購01,0,0,0,---,---,---, ---,,,0.87,25,0.00,0,
732012,加百裕元富53購01,0,0,0,---,---,---, ---,,,0.52,25,0.53,25,
732013,巨有元富4A購01,0,0,0,---,---,---, ---,,,0.76,25,0.77,25,
732014,巨有元富4A購02,0,0,0,---,---,---, ---,,,0.53,25,0.54,25,
732015,百德元富4C購01,0,0,0,---,---,---, ---,,,0.48,25,0.58,25,
732016,系統電元富49購01,"8,000",2,"2,550",0.33,0.33,0.30,0.30,-,0.03,0.27,25,0.28,25,
732017,金山電元富49購01,0,0,0,---,---,---, ---,,,0.76,25,0.80,25,
732018,信立元富4C購01,"1,718,000",15,"2,154,670",1.33,1.33,1.21,1.21,-,0.18,1.20,25,1.25,98,
732019,博智元富4A購01,0,0,0,---,---,---, ---,,,0.52,25,0.53,25,
732020,萬泰科元富53購01,"11,000",1,"10,230",0.93,0.93,0.93,0.93,-,0.02,0.89,25,0.90,25,
732021,雍智元富49購02,"70,000",2,"49,000",0.70,0.70,0.70,0.70,-,0.08,0.67,25,0.68,25,
732022,立敦永豐49購01,0,0,0,---,---,---, ---,,,0.24,499,0.25,10,
732023,信紘科永豐4A購01,"13,000",2,"6,990",0.54,0.54,0.53,0.53,-,0.04,0.51,499,0.52,10,
732024,原相永豐4B購02,"35,000",6,"66,570",2.00,2.00,1.83,1.84,-,0.21,1.84,62,1.85,10,
732025,家登永豐49購01,0,0,0,---,---,---, ---,,,1.58,499,1.68,10,
732026,振曜永豐4B購03,"71,000",6,"59,650",0.85,0.85,0.82,0.82,-,0.05,0.86,62,0.87,12,
732027,博智永豐49購02,0,0,0,---,---,---, ---,,,0.16,499,0.17,10,
732028,僑威永豐49購01,0,0,0,---,---,---, ---,,,1.24,499,1.25,62,
732029,驊訊永豐4B購01,"294,000",10,"225,890",0.79,0.80,0.69,0.70,-,0.16,0.66,499,0.76,10,
732030,立碁元大49購02,0,0,0,---,---,---, ---,,,0.32,499,0.42,10,
732031,信立元大4C購01,"421,000",1,"412,580",0.98,0.98,0.98,0.98,-,0.13,0.00,0,0.00,0,
732032,信紘科元大49購05,"385,000",6,"234,020",0.62,0.62,0.60,0.60,-,0.04,0.59,499,0.60,10,
732033,威剛元大49購14,0,0,0,---,---,---, ---,,,0.46,499,0.47,10,
732034,茂訊元大49購03,0,0,0,---,---,---, ---,,,0.48,499,0.49,10,
732035,高鋒元大49購01,0,0,0,---,---,---, ---,,,0.04,250,0.00,0,
732036,湧德元大49購06,0,0,0,---,---,---, ---,,,0.42,499,0.43,10,
732037,鈊象元大4B購07,"50,000",2,"143,500",2.87,2.87,2.87,2.87,+,0.11,2.74,250,2.78,10,
732038,鈊象元大51購09,0,0,0,---,---,---, ---,,,1.10,499,1.11,10,
732039,鈊象元大53購01,0,0,0,---,---,---, ---,,,1.22,499,1.24,10,
732040,萬泰科元大49購01,0,0,0,---,---,---, ---,,,0.93,499,0.95,10,
732041,萬泰科元大49購02,"60,000",3,"70,000",1.18,1.18,1.14,1.14,-,0.09,1.11,499,1.13,10,
732042,萬泰科元大49購03,"7,000",1,"7,630",1.09,1.09,1.09,1.09,-,0.07,1.02,25,1.03,10,
732043,群聯元大49購16,0,0,0,---,---,---, ---,,,0.36,499,0.37,10,
732044,雙鴻元大4C購02,"10,000",1,"15,000",1.50,1.50,1.50,1.50,+,0.01,1.49,2,0.00,0,
732045,萬泰科國泰4A購01,0,0,0,---,---,---, ---,,,1.73,10,1.83,10,
732046,大綜富邦49購01,"34,000",4,"40,660",1.23,1.23,1.12,1.12,-,0.22,1.12,10,1.16,10,
732047,元太富邦4B購02,"50,000",1,"6,500",0.13,0.13,0.13,0.13,-,0.0,0.12,10,0.13,10,
732048,信立富邦4B購01,"1,658,000",41,"845,320",0.60,0.60,0.49,0.51,-,0.11,0.51,10,0.52,10,
732049,系統電統一59購01,0,0,0,---,---,---, ---,,,0.38,10,0.39,10,
732050,信立統一59購01,"69,000",7,"43,840",0.65,0.65,0.62,0.63,-,0.06,0.63,10,0.64,10,
732051,高鋒統一59購01,0,0,0,---,---,---, ---,,,0.49,10,0.50,10,
732052,博智統一53購02,0,0,0,---,---,---, ---,,,0.34,10,0.35,10,
732053,博智統一56購01,0,0,0,---,---,---, ---,,,0.33,10,0.34,10,
732054,博智統一59購01,0,0,0,---,---,---, ---,,,0.38,10,0.39,10,
732055,鈊象統一57購01,0,0,0,---,---,---, ---,,,0.60,10,0.61,10,
732056,雙鴻統一53購01,0,0,0,---,---,---, ---,,,0.42,10,0.43,10,
732057,茂訊凱基49購02,0,0,0,---,---,---, ---,,,0.49,20,0.50,10,
732058,原相凱基49購05,"76,000",7,"126,130",1.79,1.79,1.61,1.61,-,0.25,1.63,100,1.64,10,
732059,神盾凱基49購02,"195,000",6,"75,680",0.42,0.42,0.34,0.36,-,0.08,0.34,60,0.35,50,
732060,康全電凱基49購02,"50,000",2,"15,300",0.33,0.33,0.29,0.29,-,0.08,0.29,20,0.30,30,
732061,富喬凱基49購01,"69,000",14,"98,330",1.40,1.63,1.31,1.39,+,0.12,1.29,10,1.30,10,
732062,鈊象凱基49購09,0,0,0,---,---,---, ---,,,1.68,100,1.69,10,
732063,鈊象凱基4C購02,0,0,0,---,---,---, ---,,,1.81,100,1.82,10,
732064,群聯凱基49購08,0,0,0,---,---,---, ---,,,0.78,100,0.79,30,
732065,立敦國泰4A購01,0,0,0,---,---,---, ---,,,0.68,499,0.69,100,
732066,環球晶國泰4A購01,"73,000",4,"67,910",0.91,0.95,0.91,0.95,-,0.03,0.95,499,0.96,100,
732067,穩懋國泰4A購01,"166,000",3,"154,900",0.97,0.97,0.85,0.85,-,0.11,0.85,10,0.95,10,
732068,金山電統一56購01,0,0,0,---,---,---, ---,,,0.28,10,0.29,10,
732069,金山電統一59購01,0,0,0,---,---,---, ---,,,0.30,10,0.31,10,
732070,新復興統一55購01,0,0,0,---,---,---, ---,,,0.20,10,0.21,10,
732071,立碁國票4A購02,"325,000",13,"154,540",0.52,0.54,0.44,0.44,-,0.08,0.43,55,0.45,10,
732072,全宇昕國票4A購01,0,0,0,---,---,---, ---,,,0.38,27,0.39,10,
732073,系微國票4A購02,"20,000",1,"3,000",0.15,0.15,0.15,0.15,-,0.01,0.14,25,0.15,10,
732074,金山電國票4A購01,0,0,0,---,---,---, ---,,,0.43,25,0.44,10,
732075,萬潤國票4A購02,"5,000",2,"12,930",2.65,2.65,2.49,2.49,-,0.06,2.43,25,2.44,10,
732076,群聯國票4B購01,0,0,0,---,---,---, ---,,,2.04,25,2.05,10,
732077,精剛國票4A購01,0,0,0,---,---,---, ---,,,0.53,25,0.54,10,
732078,雙鴻國票4A購04,"30,000",1,"76,500",2.55,2.55,2.55,2.55,-,0.15,2.52,25,2.54,10,
732079,東浦元富4C購01,0,0,0,---,---,---, ---,,,0.81,25,0.83,25,
732080,金山電元富4A購01,0,0,0,---,---,---, ---,,,0.41,25,0.43,25,
732081,聚和元富49購01,"10,000",1,"11,700",1.17,1.17,1.17,1.17,+,0.04,1.17,25,1.18,25,
732082,營邦元富49購04,0,0,0,---,---,---, ---,,,0.55,25,0.56,25,
732083,鈊象中信4A購02,0,0,0,---,---,---, ---,,,0.36,499,0.37,10,
732084,新普中信49購01,0,0,0,---,---,---, ---,,,0.54,499,0.58,10,
732085,廣運中信4A購01,"60,000",2,"17,200",0.29,0.29,0.27,0.27,-,0.06,0.26,499,0.27,10,
732086,穩懋中信4A購01,0,0,0,---,---,---, ---,,,0.90,499,1.00,10,
732087,金山電永豐49購01,0,0,0,---,---,---, ---,,,0.23,499,0.24,62,
732088,信紘科永豐4C購01,"44,000",1,"35,640",0.81,0.81,0.81,0.81,-,0.03,0.80,62,0.81,10,
732089,博智永豐49購03,0,0,0,---,---,---, ---,,,0.35,62,0.36,10,
732090,萬泰科永豐49購01,0,0,0,---,---,---, ---,,,1.19,499,1.20,10,
732091,精剛永豐49購01,0,0,0,---,---,---, ---,,,0.33,62,0.34,10,
732092,中光電群益49購04,0,0,0,---,---,---, ---,,,0.59,25,0.60,10,
732093,天品群益4B購01,"282,000",5,"357,240",1.27,1.27,1.09,1.09,-,0.19,1.06,25,1.07,10,
732094,系統電群益4B購02,0,0,0,---,---,---, ---,,,0.39,25,0.40,10,
732095,旺矽群益49購06,0,0,0,---,---,---, ---,,,0.00,0,0.00,0,
732096,信紘科群益49購02,"6,000",2,"6,500",1.13,1.13,1.06,1.06,-,0.1,1.08,25,1.10,10,
732097,威剛群益4B購01,0,0,0,---,---,---, ---,,,0.00,0,0.00,0,
732098,鈊象群益49購11,"75,000",1,"174,750",2.33,2.33,2.33,2.33,+,0.01,2.20,100,2.21,100,
732099,萬潤群益49購02,"10,000",1,"10,400",1.04,1.04,1.04,1.04,-,0.06,0.95,20,0.00,0,
732100,精剛群益4A購01,0,0,0,---,---,---, ---,,,0.88,25,0.89,10,
732101,廣運群益49購02,"20,000",2,"30,740",1.55,1.55,1.42,1.42,-,0.19,1.37,25,1.38,10,
732102,環球晶群益49購03,"80,000",1,"32,000",0.40,0.40,0.40,0.40,+,0.01,0.38,25,0.39,10,
732103,原相富邦4A購02,"152,000",2,"53,200",0.35,0.35,0.35,0.35,-,0.07,0.34,30,0.35,10,
732104,鈊象富邦4A購02,"258,000",3,"156,960",0.62,0.62,0.59,0.59,-,0.01,0.59,10,0.60,10,
732105,金山電元大49購01,0,0,0,---,---,---, ---,,,0.33,499,0.37,10,
732106,信紘科元大49購06,"193,000",2,"117,730",0.61,0.61,0.61,0.61,-,0.06,0.60,499,0.61,10,
732107,茂訊元大49購04,0,0,0,---,---,---, ---,,,0.44,499,0.45,10,
732108,原相元大49購08,"132,000",4,"120,260",0.92,0.92,0.85,0.85,-,0.1,0.85,499,0.86,10,
732109,崧騰元大49購01,0,0,0,---,---,---, ---,,,0.25,499,0.29,10,
732110,鈊象元大49購29,0,0,0,---,---,---, ---,,,1.46,499,1.48,10,
732111,鈊象元大49購30,0,0,0,---,---,---, ---,,,1.42,499,1.44,10,
732112,鈊象元大53購02,"172,000",8,"297,980",1.75,1.76,1.70,1.70,-,0.02,1.70,450,1.72,10,
732113,萬泰科元大49購04,"42,000",4,"35,670",0.85,0.85,0.82,0.82,-,0.11,0.80,25,0.81,10,
732114,環球晶元大49購02,0,0,0,---,---,---, ---,,,0.34,499,0.35,10,
732115,雙鴻元大49購10,"1,000",1,"1,170",1.17,1.17,1.17,1.17,-,0.02,0.00,0,0.00,0,
732116,弘塑國泰4A購02,"209,000",6,"577,470",2.75,2.79,2.73,2.79,-,0.02,2.41,10,2.51,10,
732117,鈊象國泰4A購03,0,0,0,---,---,---, ---,,,1.64,10,1.65,10,
732118,金山電凱基49購02,0,0,0,---,---,---, ---,,,0.22,10,0.32,10,
732119,博智凱基49購03,"20,000",1,"9,800",0.49,0.49,0.49,0.49,+,0.02,0.45,100,0.55,10,
732120,萬潤凱基49購03,"73,000",9,"86,780",1.38,1.38,1.07,1.10,-,0.05,1.07,80,1.17,10,
732121,榮剛凱基4A購01,0,0,0,---,---,---, ---,,,0.93,30,0.94,10,
732122,精剛凱基4A購01,0,0,0,---,---,---, ---,,,1.38,30,1.39,10,
732123,錦明凱基49購01,0,0,0,---,---,---, ---,,,0.17,20,0.18,50,
732124,環球晶凱基49購05,"24,000",2,"16,560",0.69,0.69,0.69,0.69,-,0.44,0.68,30,0.69,10,
732125,雙鴻凱基4B購03,0,0,0,---,---,---, ---,,,1.57,40,1.67,10,
732126,穩懋凱基4A購02,"10,000",1,"4,400",0.44,0.44,0.44,0.44,-,0.15,0.43,100,0.44,40,
732127,加百裕元富49購01,0,0,0,---,---,---, ---,,,0.35,25,0.36,25,
732128,加百裕元富49購02,"10,000",1,"2,300",0.23,0.23,0.23,0.23,-,0.05,0.26,25,0.27,25,
732129,亞信元富4A購01,0,0,0,---,---,---, ---,,,0.44,25,0.54,10,
732130,波若威元富4C購01,"799,000",5,"521,360",0.64,0.67,0.61,0.61,-,0.08,0.61,25,0.62,25,
732131,波若威元富53購01,0,0,0,---,---,---, ---,,,0.50,25,0.51,25,
732132,威剛元富49購03,0,0,0,---,---,---, ---,,,1.09,25,1.10,25,
732133,茂訊元富4A購01,"25,000",1,"19,000",0.76,0.76,0.76,0.76,+,0.03,0.72,25,0.73,25,
732134,千附精中信4B購01,"33,000",1,"9,240",0.28,0.28,0.28,0.28,-,0.02,0.27,10,0.28,10,
732135,安勤永豐4A購01,0,0,0,---,---,---, ---,,,1.12,499,1.14,10,
732136,亞信永豐4C購01,0,0,0,---,---,---, ---,,,0.39,499,0.40,62,
732137,精剛永豐4A購01,0,0,0,---,---,---, ---,,,1.01,499,1.02,10,
732138,台燿群益4A購03,0,0,0,---,---,---, ---,,,0.78,100,0.79,100,
732139,波若威群益53購01,"100,000",6,"85,170",0.86,0.86,0.79,0.79,-,0.08,0.80,100,0.81,100,
732140,金山電群益49購01,0,0,0,---,---,---, ---,,,0.29,25,0.30,10,
732141,茂達群益49購01,0,0,0,---,---,---, ---,,,0.57,25,0.58,10,
732142,原相群益49購05,0,0,0,---,---,---, ---,,,0.78,100,0.79,100,
732143,翔名群益49購01,0,0,0,---,---,---, ---,,,0.32,25,0.33,10,
732144,鈊象群益4C購02,0,0,0,---,---,---, ---,,,0.75,100,0.76,100,
732145,廣運群益49購03,"20,000",2,"5,900",0.32,0.32,0.27,0.27,-,0.14,0.26,25,0.27,10,
732146,優群群益49購02,0,0,0,---,---,---, ---,,,0.72,25,0.73,10,
732147,千附精元大49購02,0,0,0,---,---,---, ---,,,0.24,499,0.34,10,
732148,千附精元大4C購01,0,0,0,---,---,---, ---,,,0.58,499,0.59,10,
732149,大中元大49購01,"279,000",3,"85,850",0.31,0.31,0.30,0.30,-,0.02,0.28,499,0.29,10,
732150,大綜元大49購02,"169,000",13,"317,380",2.05,2.10,1.86,1.87,-,0.27,1.26,7,0.00,0,
732151,加百裕元大49購01,"56,000",5,"23,260",0.43,0.43,0.40,0.40,-,0.08,0.47,25,0.48,10,
732152,安勤元大49購01,0,0,0,---,---,---, ---,,,0.32,499,0.33,10,
732153,欣銓元大51購01,0,0,0,---,---,---, ---,,,0.74,499,0.75,10,
732154,信紘科元大49購07,0,0,0,---,---,---, ---,,,0.48,499,0.49,10,
732155,威剛元大49購15,0,0,0,---,---,---, ---,,,0.78,499,0.79,10,
732156,茂訊元大49購05,"260,000",1,"91,000",0.35,0.35,0.35,0.35,+,0.01,0.33,499,0.34,10,
732157,湧德元大49購07,0,0,0,---,---,---, ---,,,0.53,499,0.54,10,
732158,鈊象元大49購31,"30,000",3,"30,050",1.01,1.01,1.00,1.00,-,0.01,0.97,499,0.99,10,
732159,鈊象元大4C購02,0,0,0,---,---,---, ---,,,1.14,499,1.16,10,
732160,鈊象元大53購03,0,0,0,---,---,---, ---,,,1.20,499,1.22,10,
732161,廣運元大49購01,"23,000",3,"22,920",1.05,1.05,0.94,0.94,-,0.15,0.93,499,0.95,10,
732162,環球晶元大49購03,"190,000",3,"129,100",0.67,0.69,0.67,0.69,-,0.01,0.68,499,0.69,10,
732163,雙鴻元大49購11,0,0,0,---,---,---, ---,,,0.00,0,0.00,0,
732164,金山電統一53購01,0,0,0,---,---,---, ---,,,0.33,10,0.34,10,
732165,振曜統一56購01,"98,000",2,"57,320",0.58,0.59,0.58,0.59,-,0.0,0.59,10,0.60,10,
732166,精剛統一4C購02,0,0,0,---,---,---, ---,,,0.45,10,0.46,10,
732167,精剛統一59購01,0,0,0,---,---,---, ---,,,0.70,10,0.71,10,
732168,磐儀統一53購02,0,0,0,---,---,---, ---,,,0.26,10,0.27,10,
732169,千附國票4A購01,"100,000",1,"72,000",0.72,0.72,0.72,0.72,-,0.0,0.70,25,0.71,10,
732170,大中國票4A購01,0,0,0,---,---,---, ---,,,0.78,25,0.81,10,
732171,大中國票4B購01,0,0,0,---,---,---, ---,,,0.81,25,0.83,10,
732172,立端國票4A購01,0,0,0,---,---,---, ---,,,0.32,25,0.33,10,
732173,亞信國票4B購01,0,0,0,---,---,---, ---,,,0.59,25,0.60,10,
732174,波若威國票4A購02,"70,000",7,"47,120",0.69,0.71,0.64,0.65,-,0.06,0.63,25,0.64,10,
732175,金益鼎國票4A購01,0,0,0,---,---,---, ---,,,0.70,25,0.71,10,
732176,茂達國票4B購01,"216,000",5,"127,440",0.59,0.59,0.59,0.59,-,0.94,0.53,25,0.54,10,
732177,原相國票4A購02,"74,000",5,"85,610",1.19,1.19,1.10,1.10,-,0.12,1.07,25,1.08,10,
732178,統振國票49購01,0,0,0,---,---,---, ---,,,0.54,25,0.56,10,
732179,博智國票4A購01,"25,000",1,"15,000",0.60,0.60,0.60,0.60,-,0.0,0.61,25,0.62,10,
732180,群聯國票4A購06,0,0,0,---,---,---, ---,,,0.38,25,0.39,10,
732181,寶雅國票4A購01,0,0,0,---,---,---, ---,,,1.49,25,1.51,10,
732182,弘塑群益53購01,"44,000",4,"47,380",1.07,1.12,1.03,1.03,-,0.05,1.00,3,0.00,0,
732183,鈊象群益4B購03,0,0,0,---,---,---, ---,,,0.86,100,0.87,100,
732184,錦明群益4C購01,0,0,0,---,---,---, ---,,,0.49,25,0.50,10,
732185,環球晶群益49購04,"1,000",1,"1,090",1.09,1.09,1.09,1.09,-,0.0,1.11,100,1.12,100,
732186,雙鴻群益49購10,0,0,0,---,---,---, ---,,,0.10,10,0.00,0,
732187,千附凱基49購01,0,0,0,---,---,---, ---,,,0.42,60,0.43,50,
732188,千附精凱基4B購01,0,0,0,---,---,---, ---,,,0.95,100,0.96,10,
732189,台燿凱基4B購01,"5,000",3,"8,480",1.72,1.76,1.64,1.64,-,0.08,1.63,100,1.64,10,
732190,安勤凱基49購02,0,0,0,---,---,---, ---,,,0.57,50,0.58,50,
732191,系微凱基49購04,0,0,0,---,---,---, ---,,,0.13,60,0.14,50,
732192,南俊凱基49購01,0,0,0,---,---,---, ---,,,0.40,40,0.41,10,
732193,茂訊凱基49購03,0,0,0,---,---,---, ---,,,0.46,20,0.47,10,
732194,茂達凱基49購01,0,0,0,---,---,---, ---,,,0.72,50,0.73,10,
732195,原相凱基49購06,0,0,0,---,---,---, ---,,,0.44,100,0.45,10,
732196,鈊象凱基49購10,0,0,0,---,---,---, ---,,,1.59,100,1.60,10,
732197,群聯凱基4A購03,0,0,0,---,---,---, ---,,,0.82,90,0.83,30,
732198,廣運凱基49購02,"142,000",8,"141,430",1.12,1.12,0.95,0.95,-,0.2,0.93,80,0.94,10,
732199,優群凱基49購02,0,0,0,---,---,---, ---,,,0.97,20,0.98,10,
732200,千附精台新49購01,0,0,0,---,---,---, ---,,,0.85,20,0.86,10,
732201,欣銓台新49購01,"3,000",1,"6,150",2.05,2.05,2.05,2.05,-,0.05,1.87,20,1.88,10,
732202,良維元富49購02,0,0,0,---,---,---, ---,,,1.44,25,1.48,25,
732203,萬泰科元富49購01,"114,000",2,"72,380",0.67,0.67,0.63,0.63,-,0.07,0.63,25,0.64,25,
732204,金山電永豐4A購02,0,0,0,---,---,---, ---,,,0.89,499,0.91,12,
732205,能率永豐4B購01,0,0,0,---,---,---, ---,,,0.51,499,0.52,62,
732206,千附國票4A購02,0,0,0,---,---,---, ---,,,0.57,25,0.58,10,
732207,元太國票4A購04,0,0,0,---,---,---, ---,,,0.29,25,0.30,10,
732208,元債20國票4B購01,"35,000",7,"9,300",0.25,0.28,0.25,0.28,+,0.05,0.28,25,0.29,20,
732209,世界國票4A購03,0,0,0,---,---,---, ---,,,3.08,25,3.09,10,
732210,精材國票4A購02,0,0,0,---,---,---, ---,,,0.42,25,0.43,10,
732211,鑫聯國票4A購02,"154,000",26,"391,600",2.68,3.20,2.29,2.31,+,0.1,2.29,25,2.30,10,
732212,博智國泰4A購01,0,0,0,---,---,---, ---,,,0.76,10,0.77,10,
732213,萬泰科富邦49購01,"100,000",3,"60,990",0.61,0.61,0.60,0.60,-,0.03,0.57,30,0.58,28,
732214,千附統一51購01,0,0,0,---,---,---, ---,,,0.30,10,0.31,10,
732215,千附統一52購01,0,0,0,---,---,---, ---,,,0.37,10,0.38,10,
732216,千附統一53購01,0,0,0,---,---,---, ---,,,0.39,10,0.40,10,
732217,千附統一55購01,0,0,0,---,---,---, ---,,,0.46,10,0.47,10,
732218,台燿統一51購01,"180,000",15,"131,000",0.73,0.75,0.70,0.72,-,0.02,0.70,10,0.71,10,
732219,台燿統一53購01,"46,000",1,"27,600",0.60,0.60,0.60,0.60,-,0.02,0.57,10,0.58,10,
732220,良維統一53購03,"62,000",2,"58,280",0.94,0.94,0.94,0.94,-,0.0,0.92,10,0.93,10,
732221,信紘科統一53購02,"20,000",2,"13,000",0.65,0.65,0.65,0.65,-,0.0,0.64,10,0.65,10,
732222,大綜元大49購03,"284,000",3,"361,460",1.34,1.34,1.24,1.24,-,0.14,0.66,15,0.00,0,
732223,元太元大49購10,0,0,0,---,---,---, ---,,,0.32,25,0.33,10,
732224,弘塑元大49購04,"1,000",1,900,0.90,0.90,0.90,0.90,-,0.1,0.52,19,1.20,12,
732225,旺矽元大49購06,"270,000",4,"484,080",1.80,1.80,1.79,1.79,-,0.04,1.77,400,1.87,10,
732226,旺矽元大4A購01,"40,000",1,"54,800",1.37,1.37,1.37,1.37,-,0.01,1.32,499,1.33,10,
732227,旺矽元大51購01,"54,000",6,"82,920",1.52,1.56,1.52,1.53,-,0.12,1.51,499,1.52,10,
732228,金山電元大49購02,0,0,0,---,---,---, ---,,,0.28,499,0.33,10,
732229,信紘科元大49購08,"2,000",1,"1,740",0.87,0.87,0.87,0.87,-,0.03,0.86,499,0.87,10,
732230,博智元大49購05,0,0,0,---,---,---, ---,,,0.00,0,0.00,0,
732231,鈊象元大49購32,"18,000",1,"55,080",3.06,3.06,3.06,3.06,+,0.1,2.93,250,2.98,10,
732232,鈊象元大49購33,0,0,0,---,---,---, ---,,,1.68,450,1.71,10,
732233,鈊象元大4C購03,0,0,0,---,---,---, ---,,,1.45,499,1.47,10,
732234,萬泰科元大49購05,0,0,0,---,---,---, ---,,,0.61,25,0.62,10,
732235,群聯元大49購17,0,0,0,---,---,---, ---,,,0.49,499,0.50,10,
732236,環球晶元大4B購01,"253,000",3,"202,250",0.80,0.80,0.77,0.77,-,0.35,0.76,499,0.77,6,
732237,環球晶元大4C購01,"212,000",9,"180,280",0.83,0.88,0.83,0.85,-,0.01,0.84,499,0.85,10,
732238,M31凱基49購01,0,0,0,---,---,---, ---,,,0.55,100,0.56,10,
732239,M31凱基49購02,0,0,0,---,---,---, ---,,,0.43,100,0.44,30,
732240,元太凱基49購04,0,0,0,---,---,---, ---,,,0.49,40,0.59,10,
732241,台燿凱基49購04,"11,000",2,"9,430",0.86,0.86,0.83,0.83,-,0.2,0.82,100,0.83,10,
732242,良維凱基4B購02,"10,000",1,"12,700",1.27,1.27,1.27,1.27,+,0.03,1.27,100,1.28,10,
732243,旺矽凱基49購05,"20,000",3,"39,260",1.98,1.98,1.89,1.89,-,0.11,1.89,100,1.90,10,
732244,鈊象凱基49購11,0,0,0,---,---,---, ---,,,1.66,40,1.67,10,
732245,群聯凱基4B購03,0,0,0,---,---,---, ---,,,1.34,70,1.35,10,
732246,綠界*凱基51購01,0,0,0,---,---,---, ---,,,1.18,40,1.19,10,
732247,雙鴻凱基4C購01,0,0,0,---,---,---, ---,,,1.37,40,1.47,10,
732248,M31國票4A購02,0,0,0,---,---,---, ---,,,0.45,25,0.47,10,
732249,千附國票4A購03,0,0,0,---,---,---, ---,,,0.41,25,0.42,10,
732250,金居國票4A購01,"103,000",4,"142,140",1.42,1.42,1.32,1.32,-,0.04,1.31,25,1.32,10,
732251,博智國票49購02,"113,000",4,"57,630",0.54,0.54,0.49,0.50,+,0.02,0.50,35,0.51,10,
732252,錦明國票49購01,0,0,0,---,---,---, ---,,,0.23,25,0.24,10,
732253,錦明國票4B購01,0,0,0,---,---,---, ---,,,0.34,25,0.35,10,
732254,順達台新49購03,"2,000",1,"3,580",1.79,1.79,1.79,1.79,-,0.07,1.80,20,1.81,10,
732255,M31群益49購02,0,0,0,---,---,---, ---,,,0.74,100,0.75,100,
732256,千附群益49購01,0,0,0,---,---,---, ---,,,0.00,0,0.00,0,
732257,千附群益4B購01,0,0,0,---,---,---, ---,,,0.30,25,0.31,10,
732258,千附精群益49購01,0,0,0,---,---,---, ---,,,0.43,100,0.44,100,
732259,系微群益4B購02,0,0,0,---,---,---, ---,,,0.65,25,0.66,10,
732260,茂訊群益51購01,"10,000",1,"7,600",0.76,0.76,0.76,0.76,-,0.0,0.73,25,0.74,10,
732261,原相群益4B購01,"85,000",7,"139,440",1.70,1.70,1.54,1.54,-,0.2,1.54,100,1.55,100,
732262,順達群益49購02,0,0,0,---,---,---, ---,,,1.04,100,1.05,100,
732263,順達群益4A購04,"925,000",3,"1,175,520",1.28,1.28,1.27,1.27,+,0.02,1.24,100,1.25,100,
732264,鈊象群益49購12,"82,000",1,"196,800",2.40,2.40,2.40,2.40,+,0.05,2.28,100,2.29,100,
732265,新潤群益49購01,"1,119,000",5,"822,330",0.79,0.79,0.70,0.70,-,0.12,0.68,25,0.69,10,
732266,錦明群益49購02,0,0,0,---,---,---, ---,,,0.56,25,0.57,10,
732267,雙鴻群益49購11,0,0,0,---,---,---, ---,,,0.00,0,0.00,0,
732268,M31統一53購01,0,0,0,---,---,---, ---,,,0.32,10,0.33,10,
732269,M31統一63購01,0,0,0,---,---,---, ---,,,0.60,10,0.61,10,
732270,千附統一53購02,0,0,0,---,---,---, ---,,,0.42,10,0.43,10,
732271,千附統一59購01,0,0,0,---,---,---, ---,,,0.39,10,0.40,10,
732272,千附統一5B購01,0,0,0,---,---,---, ---,,,0.31,10,0.32,10,
732273,千附精統一53購01,"100,000",1,"34,000",0.34,0.34,0.34,0.34,-,0.03,0.33,10,0.34,10,
732274,博智統一53購03,0,0,0,---,---,---, ---,,,0.42,10,0.43,10,
732275,萬泰科統一59購01,"38,000",4,"24,170",0.64,0.64,0.63,0.63,-,0.02,0.61,10,0.62,10,
732276,榮剛統一53購01,0,0,0,---,---,---, ---,,,0.55,10,0.56,10,
732277,精剛統一59購02,"30,000",1,"12,300",0.41,0.41,0.41,0.41,-,0.01,0.40,70,0.41,10,
732278,M31國泰4A購01,0,0,0,---,---,---, ---,,,0.65,499,0.66,499,
732279,順達富邦49購02,"258,000",5,"175,710",0.69,0.69,0.66,0.66,-,0.05,0.65,30,0.66,28,
732280,雙鴻富邦4A購04,0,0,0,---,---,---, ---,,,0.51,10,0.52,10,
732281,M31元大49購01,"190,000",1,"68,400",0.36,0.36,0.36,0.36,-,0.0,0.31,499,0.32,10,
732282,千附元大49購01,0,0,0,---,---,---, ---,,,0.12,499,0.13,10,
732283,千附元大49購02,0,0,0,---,---,---, ---,,,0.39,499,0.40,10,
732284,大綜元大4B購02,"167,000",13,"201,480",1.24,1.27,1.11,1.17,-,0.06,1.11,1,0.00,0,
732285,元太元大49購11,0,0,0,---,---,---, ---,,,0.31,25,0.32,10,
732286,威剛元大49購16,"60,000",1,"39,600",0.66,0.66,0.66,0.66,-,0.06,0.70,499,0.71,10,
732287,統振元大49購01,0,0,0,---,---,---, ---,,,0.40,499,0.44,10,
732288,順達元大4A購01,"290,000",4,"287,260",0.99,1.00,0.97,0.97,-,0.0,0.96,499,0.98,10,
732289,順達元大4C購01,"192,000",2,"220,800",1.15,1.15,1.15,1.15,-,0.0,1.11,499,1.13,10,
732290,順達元大53購01,0,0,0,---,---,---, ---,,,1.52,25,1.54,10,
732291,優群元大49購02,"45,000",1,"29,700",0.66,0.66,0.66,0.66,-,0.01,0.64,499,0.65,10,
732292,環球晶元大49購05,"138,000",4,"87,390",0.63,0.66,0.63,0.66,+,0.03,0.62,499,0.63,10,
732293,M31元富49購01,0,0,0,---,---,---, ---,,,0.74,25,0.76,25,
732294,M31元富49購02,0,0,0,---,---,---, ---,,,0.27,25,0.28,25,
732295,M31元富4C購01,"20,000",2,"14,760",0.75,0.75,0.67,0.67,-,0.07,0.65,25,0.67,25,
732296,千附精元富49購01,"70,000",3,"13,300",0.19,0.19,0.19,0.19,-,0.02,0.18,25,0.19,25,
732297,金山電元富49購02,0,0,0,---,---,---, ---,,,0.27,25,0.29,25,
732298,倉和元富4A購01,0,0,0,---,---,---, ---,,,1.05,25,1.07,25,
732299,新復興元富4C購01,0,0,0,---,---,---, ---,,,0.32,25,0.33,25,
732300,新潤元富49購01,"234,000",5,"230,320",1.05,1.05,0.93,0.93,-,0.18,0.91,25,0.92,25,
732301,新潤元富4A購01,"41,000",2,"31,000",0.80,0.80,0.74,0.74,-,0.16,0.73,25,0.74,25,
732302,精材元富49購02,"8,000",3,"6,540",0.86,0.86,0.80,0.82,-,0.07,0.77,10,1.89,5,
732303,M31中信49購02,0,0,0,---,---,---, ---,,,0.06,10,0.07,10,
732304,千附中信49購01,0,0,0,---,---,---, ---,,,0.28,499,0.30,10,
732305,台半中信49購01,0,0,0,---,---,---, ---,,,0.32,10,0.33,10,
732306,金居中信49購01,"930,000",26,"695,710",0.74,0.78,0.70,0.70,-,0.07,0.68,12,0.69,10,
732307,萬泰科中信4B購01,"255,000",2,"117,400",0.47,0.47,0.46,0.46,-,0.07,0.45,20,0.46,10,
732308,千附永豐4C購01,0,0,0,---,---,---, ---,,,0.33,499,0.34,10,
732309,千附永豐51購01,0,0,0,---,---,---, ---,,,0.80,62,0.81,10,
732310,順達永豐4C購01,"27,000",1,"68,850",2.55,2.55,2.55,2.55,-,0.08,2.52,499,2.55,10,
732311,穩懋永豐4A購01,0,0,0,---,---,---, ---,,,0.53,18,0.00,0,
732312,中光電國泰4A購01,0,0,0,---,---,---, ---,,,0.40,499,0.41,100,
732313,穩懋國泰4A購02,"83,000",3,"35,450",0.43,0.43,0.40,0.40,-,0.05,0.36,10,0.46,10,
732314,家登凱基49購06,"62,000",15,"72,860",1.27,1.27,1.11,1.11,-,0.24,1.11,100,1.12,10,
732315,神準凱基4A購01,"24,000",1,"6,960",0.29,0.29,0.29,0.29,-,0.01,0.24,100,0.25,30,
732316,晟德凱基4B購01,"100,000",6,"179,450",1.80,1.84,1.78,1.78,-,0.34,1.80,10,1.81,10,
732317,鈊象凱基51購04,0,0,0,---,---,---, ---,,,1.95,100,1.96,10,
732318,群聯凱基51購01,0,0,0,---,---,---, ---,,,1.80,50,1.81,10,
732319,頎邦凱基49購01,0,0,0,---,---,---, ---,,,1.32,10,1.42,10,
732320,精剛凱基4A購02,0,0,0,---,---,---, ---,,,0.65,40,0.66,10,
732321,錦明凱基4A購01,0,0,0,---,---,---, ---,,,0.11,40,0.12,50,
732322,原相富邦49購03,"80,000",2,"38,100",0.48,0.48,0.42,0.42,-,0.06,0.41,30,0.42,10,
732323,千附精國票4C購01,"10,000",2,"9,970",1.00,1.00,0.97,0.97,-,0.08,0.95,25,0.96,10,
732324,振曜國票4A購02,0,0,0,---,---,---, ---,,,1.25,25,1.26,10,
732325,泰茂國票4B購02,"2,000",2,"1,120",0.56,0.56,0.56,0.56,-,0.05,0.55,25,0.56,10,
732326,高鋒國票4B購01,0,0,0,---,---,---, ---,,,1.67,25,1.68,10,
732327,博智國票4B購01,0,0,0,---,---,---, ---,,,0.51,25,0.52,10,
732328,陽程國票51購01,0,0,0,---,---,---, ---,,,1.15,25,1.17,10,
732329,陽程國票53購01,"3,000",3,"3,920",1.33,1.33,1.29,1.29,-,0.13,1.28,25,1.30,10,
732330,榮剛國票4B購01,0,0,0,---,---,---, ---,,,0.84,25,0.85,10,
732331,鑫龍騰國票4B購01,"10,000",1,"13,900",1.39,1.39,1.39,1.39,+,0.02,1.38,25,1.39,10,
732332,M31統一63購02,"43,000",2,"27,120",0.64,0.64,0.62,0.62,-,0.02,0.60,13,0.61,10,
732333,良維統一55購01,0,0,0,---,---,---, ---,,,0.80,10,0.81,15,
732334,茂訊統一57購01,0,0,0,---,---,---, ---,,,0.35,10,0.36,10,
732335,精剛統一53購01,0,0,0,---,---,---, ---,,,0.39,10,0.40,10,
732336,順達兆豐4B購03,"30,000",3,"29,990",1.00,1.01,0.98,1.01,-,0.0,0.98,10,0.99,10,
732337,M31群益49購03,0,0,0,---,---,---, ---,,,0.41,25,0.42,10,
732338,M31群益49購04,0,0,0,---,---,---, ---,,,0.40,25,0.41,10,
732339,千附精群益51購01,"3,000",1,"2,490",0.83,0.83,0.83,0.83,-,0.05,0.80,25,0.81,10,
732340,元太群益49購06,0,0,0,---,---,---, ---,,,0.13,10,0.00,0,
732341,友輝群益4A購02,0,0,0,---,---,---, ---,,,0.00,0,0.00,0,
732342,台燿群益49購04,"5,000",2,"13,690",2.81,2.81,2.63,2.63,-,0.22,2.62,100,2.63,100,
732343,旺矽群益49購07,"61,000",4,"175,180",2.90,2.90,2.78,2.78,-,0.2,2.78,100,2.79,100,
732344,金山電群益51購01,0,0,0,---,---,---, ---,,,0.48,25,0.49,10,
732345,胡連群益49購01,0,0,0,---,---,---, ---,,,0.48,25,0.49,10,
732346,順達群益49購03,"3,000",2,"5,730",1.91,1.91,1.91,1.91,-,0.12,1.92,100,1.93,100,
732347,鈊象群益51購01,0,0,0,---,---,---, ---,,,0.85,100,0.86,100,
732348,群聯群益49購08,0,0,0,---,---,---, ---,,,0.00,0,0.00,0,
732349,綠界*群益49購02,0,0,0,---,---,---, ---,,,1.31,25,1.33,10,
732350,千附精元富49購02,0,0,0,---,---,---, ---,,,0.27,25,0.28,25,
732351,友輝元富4C購01,0,0,0,---,---,---, ---,,,1.26,25,1.27,25,
732352,兆利元富4C購01,0,0,0,---,---,---, ---,,,0.85,25,0.86,25,
732353,百德元富49購03,0,0,0,---,---,---, ---,,,0.45,25,0.55,25,
732354,信紘科元富49購02,0,0,0,---,---,---, ---,,,0.60,25,0.61,25,
732355,原相元富49購03,"52,000",7,"74,880",1.51,1.51,1.34,1.34,-,0.22,1.31,25,1.32,25,
732356,家登元富49購02,0,0,0,---,---,---, ---,,,0.67,25,0.68,25,
732357,博智元富4C購01,0,0,0,---,---,---, ---,,,0.56,25,0.66,10,
732358,雍智元富49購03,"82,000",4,"56,250",0.69,0.69,0.67,0.67,-,0.04,0.66,25,0.67,25,
732359,雙鴻元富49購03,0,0,0,---,---,---, ---,,,0.37,10,0.00,0,
732360,雙鴻元富4A購08,0,0,0,---,---,---, ---,,,3.58,10,0.00,0,
732361,穩懋元富49購01,"10,000",1,"2,400",0.24,0.24,0.24,0.24,-,0.07,0.07,10,0.00,0,
732362,穩懋元富49購02,0,0,0,---,---,---, ---,,,0.00,0,0.00,0,
732363,晟德永豐4A購01,"59,000",5,"127,560",2.21,2.21,2.14,2.14,-,0.45,0.39,10,2.60,1,
732364,榮剛永豐49購02,0,0,0,---,---,---, ---,,,1.30,499,1.32,10,
732365,叡揚永豐49購01,"50,000",2,"53,700",1.07,1.08,1.07,1.08,+,0.02,1.02,62,1.07,12,
732366,雙鴻永豐4B購02,"64,000",2,"104,320",1.63,1.63,1.63,1.63,-,0.09,0.78,12,0.00,0,
732367,富喬元大49購03,"164,000",5,"126,440",0.71,0.87,0.71,0.71,+,0.02,0.70,499,0.71,10,
732368,湧德元大49購08,0,0,0,---,---,---, ---,,,0.50,499,0.51,10,
732369,順達元大4A購02,"449,000",4,"448,950",0.99,1.00,0.99,1.00,-,0.0,0.97,499,0.99,10,
732370,順達元大4C購02,"624,000",6,"658,440",1.06,1.06,1.03,1.06,+,0.02,1.03,499,1.05,10,
732371,順達元大53購02,"441,000",9,"401,080",0.92,0.92,0.90,0.90,-,0.02,0.90,25,0.91,10,
732372,碩禾元大49購01,"15,000",5,"12,420",0.80,0.86,0.80,0.83,+,0.02,0.82,499,0.83,10,
732373,錦明元大4C購01,0,0,0,---,---,---, ---,,,0.19,499,0.22,10,
732374,環球晶元大49購06,0,0,0,---,---,---, ---,,,0.70,499,0.71,10,
732375,鑫聯元大49購01,"445,000",38,"866,210",1.89,2.19,1.87,1.88,+,0.17,1.78,10,1.79,10,
732376,世界台新49購01,"10,000",1,"4,900",0.49,0.49,0.49,0.49,-,0.09,1.07,20,1.08,10,
732377,環球晶兆豐49購01,0,0,0,---,---,---, ---,,,0.72,10,0.73,10,
732378,世界群益49購02,0,0,0,---,---,---, ---,,,1.02,100,1.03,100,
732379,金居群益49購01,"956,000",16,"1,046,620",1.07,1.12,1.01,1.04,-,0.04,1.01,25,1.02,10,
732380,家登群益49購05,"8,000",2,"4,420",0.62,0.62,0.53,0.53,-,0.14,0.50,25,0.51,10,
732381,鈊象群益49購13,0,0,0,---,---,---, ---,,,1.87,100,1.88,100,
732382,群聯群益4A購02,0,0,0,---,---,---, ---,,,1.39,100,1.40,100,
732383,聖暉*群益4A購02,"62,000",4,"95,820",1.57,1.57,1.53,1.53,-,0.13,1.53,25,1.54,10,
732384,天品國泰4A購02,"44,000",3,"62,800",1.70,1.70,1.30,1.30,-,0.41,1.27,499,1.28,100,
732385,天品凱基49購02,"149,000",9,"161,000",1.16,1.19,0.88,0.91,-,0.21,0.89,60,0.90,10,
732386,鈊象凱基4C購03,0,0,0,---,---,---, ---,,,2.83,100,2.85,10,
732387,營邦凱基49購03,0,0,0,---,---,---, ---,,,0.56,80,0.57,30,
732388,環球晶富邦4C購01,"80,000",5,"81,910",1.00,1.06,1.00,1.03,+,0.05,1.02,30,1.03,28,
732389,天品統一53購01,0,0,0,---,---,---, ---,,,0.51,10,0.52,10,
732390,天品統一53購02,"172,000",6,"107,170",0.64,0.66,0.57,0.58,-,0.09,0.57,10,0.58,10,
732391,天品統一56購01,0,0,0,---,---,---, ---,,,0.54,10,0.55,10,
732392,M31元富49購04,0,0,0,---,---,---, ---,,,0.55,25,0.56,25,
732393,力致元富49購01,"24,000",6,"23,450",1.05,1.05,0.94,0.94,-,0.11,0.94,25,0.96,25,
732394,凡甲元富49購01,0,0,0,---,---,---, ---,,,1.22,25,1.23,25,
732395,凡甲元富49購02,0,0,0,---,---,---, ---,,,0.85,25,0.86,25,
732396,大綜元富4C購01,"22,000",3,"56,680",2.63,2.65,2.57,2.57,-,0.56,2.55,25,2.57,10,
732397,台半元富49購01,"20,000",1,"14,200",0.71,0.71,0.71,0.71,-,0.03,0.70,25,0.71,25,
732398,亞信元富49購02,0,0,0,---,---,---, ---,,,0.70,25,0.80,10,
732399,欣銓元富53購01,0,0,0,---,---,---, ---,,,2.13,25,2.14,25,
732400,茂訊元富4C購01,0,0,0,---,---,---, ---,,,0.83,25,0.84,25,
732401,家登元富4A購02,"5,000",2,"2,340",0.48,0.48,0.45,0.45,-,0.08,0.44,25,0.45,25,
732402,耀勝元富53購01,0,0,0,---,---,---, ---,,,0.34,25,0.35,25,
732403,天品永豐4A購01,"24,000",2,"16,080",0.67,0.67,0.67,0.67,-,0.02,0.51,499,0.53,62,
732404,旺矽永豐49購03,0,0,0,---,---,---, ---,,,0.98,499,0.99,10,
732405,旺矽永豐49購04,"66,000",10,"148,730",2.32,2.32,2.22,2.28,-,0.32,2.20,499,2.21,10,
732406,金居永豐49購01,"256,000",11,"335,490",1.31,1.33,1.21,1.21,-,0.05,1.19,62,1.20,10,
732407,原相永豐4C購01,"18,000",1,"30,960",1.72,1.72,1.72,1.72,-,0.03,1.53,499,1.54,10,
732408,家登永豐4A購01,0,0,0,---,---,---, ---,,,0.88,499,0.89,10,
732409,康全電永豐4C購01,"820,000",26,"394,000",0.48,0.49,0.44,0.44,-,0.05,0.44,11,0.45,10,
732410,新復興永豐49購01,0,0,0,---,---,---, ---,,,0.23,499,0.24,10,
732411,璟德永豐4C購01,0,0,0,---,---,---, ---,,,0.37,499,0.39,10,
732412,雙鴻永豐49購03,0,0,0,---,---,---, ---,,,0.36,2,0.00,0,
732413,友輝元大4C購01,0,0,0,---,---,---, ---,,,0.69,499,0.70,10,
732414,弘塑元大49購05,"100,000",1,"114,000",1.14,1.14,1.14,1.14,-,0.07,0.00,0,0.00,0,
732415,茂達元大49購01,0,0,0,---,---,---, ---,,,0.53,499,0.54,10,
732416,鈊象元大49購35,"38,000",2,"114,000",3.00,3.00,3.00,3.00,+,0.12,2.89,250,2.93,10,
732417,鈊象元大49購36,"21,000",3,"61,610",2.89,2.94,2.86,2.86,+,0.01,2.82,250,2.86,10,
732418,鈊象元大49購37,0,0,0,---,---,---, ---,,,0.78,499,0.79,10,
732419,精剛元大49購01,"3,000",1,"2,640",0.88,0.88,0.88,0.88,-,0.04,0.83,499,0.84,10,
732420,環球晶元大49購07,"55,000",1,"55,000",1.00,1.00,1.00,1.00,-,0.01,0.99,499,1.00,10,
732421,中探針國票4A購02,0,0,0,---,---,---, ---,,,1.06,25,1.07,10,
732422,友輝國票4A購03,0,0,0,---,---,---, ---,,,2.97,25,3.00,10,
732423,天品國票4C購01,"246,000",4,"374,080",1.72,1.74,1.48,1.48,-,0.29,1.45,25,1.46,10,
732424,天品國票4C購02,"260,000",8,"436,650",1.95,1.95,1.63,1.63,-,0.25,1.62,25,1.64,10,
732425,天品國票53購01,"600,000",5,"952,000",1.59,1.59,1.58,1.59,-,0.27,1.56,125,1.57,10,
732426,弘塑國票4A購05,0,0,0,---,---,---, ---,,,1.33,25,1.37,10,
732427,同致國票4C購01,0,0,0,---,---,---, ---,,,0.90,25,0.94,10,
732428,艾訊國票4A購04,0,0,0,---,---,---, ---,,,0.25,25,0.26,10,
732429,利機國票4C購01,0,0,0,---,---,---, ---,,,1.50,25,1.54,10,
732430,旺矽國票4A購05,"13,000",7,"30,250",2.36,2.43,2.28,2.28,-,0.22,2.27,25,2.28,9,
732431,東友國票4A購01,0,0,0,---,---,---, ---,,,0.59,25,0.61,10,
732432,茂達國票4A購01,0,0,0,---,---,---, ---,,,1.05,25,1.07,10,
732433,博智國票4A購02,0,0,0,---,---,---, ---,,,0.87,25,0.88,10,
732434,湧德國票4C購01,"120,000",1,"163,200",1.36,1.36,1.36,1.36,-,0.01,1.29,25,1.30,10,
732435,陽程國票53購02,"6,000",1,"5,460",0.91,0.91,0.91,0.91,-,0.05,0.88,25,0.89,10,
732436,新復興國票4C購04,"80,000",1,"9,600",0.12,0.12,0.12,0.12,-,0.0,0.11,25,0.12,10,
732437,新潤國票4A購01,"1,000",1,"1,320",1.32,1.32,1.32,1.32,-,0.12,1.18,25,1.19,10,
732438,萬泰科國票4A購01,"24,000",3,"26,380",1.10,1.10,1.08,1.08,-,0.1,1.08,25,1.10,10,
732439,精測國票4A購02,"1,000",1,"8,000",8.00,8.00,8.00,8.00,+,0.1,7.00,25,7.05,10,
732440,撼訊國票4A購01,"10,000",3,"12,360",1.26,1.26,1.23,1.23,-,0.04,1.23,25,1.24,10,
732441,營邦國票4A購02,0,0,0,---,---,---, ---,,,1.60,25,1.62,10,
732442,營邦國票4C購02,0,0,0,---,---,---, ---,,,2.24,25,2.25,10,
732443,耀勝國票4C購01,0,0,0,---,---,---, ---,,,0.19,25,0.20,10,
732444,威剛台新49購01,0,0,0,---,---,---, ---,,,1.67,20,1.68,10,
732445,久昌凱基49購01,0,0,0,---,---,---, ---,,,0.66,20,0.67,10,
732446,弘塑凱基4A購04,"96,000",7,"196,140",2.01,2.14,1.87,1.87,-,0.13,1.16,17,2.06,1,
732447,欣銓凱基52購01,0,0,0,---,---,---, ---,,,1.04,100,1.05,30,
732448,金居凱基49購01,"143,000",10,"207,490",1.44,1.48,1.35,1.35,-,0.1,1.34,40,1.35,10,
732449,威剛凱基4C購01,"12,000",3,"18,770",1.56,1.59,1.56,1.59,-,0.03,1.60,101,1.61,10,
732450,茂達凱基4A購01,"2,000",1,"2,380",1.19,1.19,1.19,1.19,-,0.06,1.15,70,1.16,10,
732451,原相凱基49購07,0,0,0,---,---,---, ---,,,0.34,100,0.35,10,
732452,榮剛凱基4C購01,0,0,0,---,---,---, ---,,,1.56,40,1.57,10,
732453,環球晶凱基49購06,"52,000",3,"51,550",0.97,1.00,0.97,1.00,-,0.4,0.95,70,0.96,10,
732454,鈊象兆豐4C購01,"1,000",1,"1,200",1.20,1.20,1.20,1.20,-,0.0,1.17,10,1.18,10,
732455,鈊象群益49購14,"3,000",1,"14,040",4.68,4.68,4.68,4.68,+,0.13,4.45,100,4.46,100,
732456,群聯群益49購09,"35,000",1,"35,350",1.01,1.01,1.01,1.01,+,0.12,0.84,100,0.85,100,
732457,環球晶群益4A購03,0,0,0,---,---,---, ---,,,0.84,100,0.85,100,
732458,鑫聯群益49購01,"2,000",1,"5,740",2.87,2.87,2.87,2.87,+,0.39,0.00,0,0.00,0,
732459,凡甲元大49購02,0,0,0,---,---,---, ---,,,0.48,499,0.49,10,
732460,弘塑元大49購06,"37,000",5,"50,370",1.45,1.49,1.28,1.28,-,0.08,0.88,11,0.00,0,
732461,正德元大49購06,0,0,0,---,---,---, ---,,,0.74,499,0.75,10,
732462,順達元大4C購03,0,0,0,---,---,---, ---,,,0.94,25,0.96,10,
732463,群聯元大4A購01,0,0,0,---,---,---, ---,,,0.91,499,0.93,10,
732464,環球晶元大49購08,"52,000",1,"54,600",1.05,1.05,1.05,1.05,+,0.04,1.04,499,1.05,10,
732465,雙鴻元大49購12,0,0,0,---,---,---, ---,,,0.00,0,0.00,0,
732466,鈊象富邦4A購03,"9,000",1,"10,080",1.12,1.12,1.12,1.12,+,0.02,1.08,10,1.09,10,
732467,家登統一53購01,"1,000",1,510,0.51,0.51,0.51,0.51,-,0.05,0.50,10,0.51,10,
732468,神盾統一56購03,"105,000",4,"42,100",0.41,0.41,0.38,0.38,-,0.04,0.39,10,0.40,10,
732469,友威科元富49購02,"24,000",3,"24,310",1.04,1.04,0.93,0.93,-,0.12,0.93,25,0.94,25,
732470,萬潤元富49購02,"22,000",7,"31,200",1.45,1.46,1.30,1.30,-,0.08,1.31,9,1.39,10,
732471,僑威元富4A購01,0,0,0,---,---,---, ---,,,0.62,25,0.63,25,
732472,擎邦元富49購01,0,0,0,---,---,---, ---,,,1.51,25,1.53,25,
732473,系統電永豐4C購01,"10,000",1,"5,700",0.57,0.57,0.57,0.57,+,0.01,0.50,499,0.51,10,
732474,泰金永豐4C購01,0,0,0,---,---,---, ---,,,0.79,499,0.81,10,
732475,鈊象永豐49購03,"1,000",1,"1,770",1.77,1.77,1.77,1.77,-,0.0,1.75,499,1.77,10,
732476,新復興永豐4A購03,0,0,0,---,---,---, ---,,,0.29,499,0.30,10,
732477,群聯永豐49購02,0,0,0,---,---,---, ---,,,0.58,499,0.59,10,
732478,璟德永豐4C購02,0,0,0,---,---,---, ---,,,0.44,499,0.46,10,
732479,光菱國票4A購01,0,0,0,---,---,---, ---,,,0.51,25,0.52,10,
732480,海韻電國票4A購01,"4,000",2,"4,400",1.12,1.12,1.08,1.08,-,0.15,1.09,25,1.10,10,
732481,福華國票4C購01,0,0,0,---,---,---, ---,,,0.66,25,0.68,10,
732482,錦明國票4A購01,0,0,0,---,---,---, ---,,,0.42,25,0.43,10,
732483,凡甲凱基4A購01,"30,000",2,"30,600",1.03,1.03,1.01,1.01,-,0.14,1.00,20,1.01,10,
732484,旺矽凱基52購01,0,0,0,---,---,---, ---,,,2.09,100,2.10,10,
732485,信紘科凱基4A購02,"4,000",1,"6,280",1.57,1.57,1.57,1.57,-,0.08,1.56,100,1.57,10,
732486,海韻電凱基4A購01,0,0,0,---,---,---, ---,,,1.44,10,1.45,10,
732487,新潤凱基4B購01,"197,000",14,"274,100",1.56,1.56,1.34,1.36,-,0.29,1.35,50,1.36,10,
732488,群聯凱基4B購04,"1,000",1,"2,160",2.16,2.16,2.16,2.16,+,0.07,1.93,40,1.94,10,
732489,福華凱基51購01,"2,000",1,"1,780",0.89,0.89,0.89,0.89,-,0.05,0.90,10,1.00,10,
732490,精測凱基4A購01,"116,000",13,"534,140",4.34,4.86,4.27,4.27,-,0.13,4.28,20,4.29,10,
732491,雙鴻凱基51購02,0,0,0,---,---,---, ---,,,2.51,100,2.61,10,
732492,群聯台新4A購01,0,0,0,---,---,---, ---,,,1.04,20,1.05,10,
732493,群聯國泰4B購01,"6,000",2,"11,540",2.01,2.01,1.75,1.75,-,0.14,1.74,499,1.75,100,
732494,精測國泰4B購01,"5,000",3,"23,260",4.60,4.70,4.60,4.70,+,0.32,4.20,10,4.23,10,
732495,旺矽富邦4C購01,"2,000",1,"2,080",1.04,1.04,1.04,1.04,-,0.05,1.02,10,1.03,10,
732496,家登富邦4C購01,"246,000",27,"143,570",0.63,0.63,0.55,0.56,-,0.08,0.55,10,0.56,10,
732497,友威科群益4C購01,"31,000",1,"53,630",1.73,1.73,1.73,1.73,-,0.15,1.62,25,1.65,10,
732498,弘塑群益52購02,"470,000",17,"655,750",1.39,1.48,1.31,1.31,-,0.08,0.81,24,0.00,0,
732499,正基群益4A購02,0,0,0,---,---,---, ---,,,0.27,25,0.28,10,
732500,先進光群益4A購02,0,0,0,---,---,---, ---,,,0.36,25,0.38,10,
732501,艾訊群益4A購01,0,0,0,---,---,---, ---,,,0.28,28,0.29,10,
732502,利機群益4C購01,0,0,0,---,---,---, ---,,,0.30,33,0.00,0,
732503,松瑞藥群益4B購01,0,0,0,---,---,---, ---,,,1.58,25,1.60,10,
732504,金益鼎群益4A購01,"3,000",1,"2,850",0.95,0.95,0.95,0.95,-,0.08,0.93,25,0.94,10,
732505,金麗科群益4A購02,"20,000",2,"53,200",2.70,2.70,2.62,2.62,+,0.15,2.20,10,0.00,0,
732506,茂達群益4A購01,"12,000",1,"11,640",0.97,0.97,0.97,0.97,-,0.0,0.90,25,0.92,10,
732507,家登群益4A購01,0,0,0,---,---,---, ---,,,0.76,25,0.77,10,
732508,健椿群益4A購01,0,0,0,---,---,---, ---,,,0.59,25,0.60,10,
732509,鈊象群益54購01,0,0,0,---,---,---, ---,,,1.08,100,1.09,100,
732510,精剛群益4A購02,"50,000",1,"39,000",0.78,0.78,0.78,0.78,-,0.05,0.78,25,0.79,10,
732511,璟德群益4B購01,"4,000",1,"1,000",0.25,0.25,0.25,0.25,+,0.01,0.23,25,0.27,10,
732512,錦明群益52購01,0,0,0,---,---,---, ---,,,0.48,25,0.49,10,
732513,台燿元大4A購01,"596,000",15,"630,030",1.06,1.08,1.02,1.02,-,0.09,1.02,10,1.03,10,
732514,弘塑元大4A購03,"202,000",7,"232,800",1.12,1.23,1.11,1.11,-,0.03,1.03,266,0.00,0,
732515,信紘科元大4A購01,0,0,0,---,---,---, ---,,,1.02,499,1.04,10,
732516,順達元大4A購03,"149,000",3,"227,970",1.53,1.53,1.53,1.53,-,0.0,1.48,499,1.51,10,
732517,鈊象元大4A購09,"7,000",1,"15,120",2.16,2.16,2.16,2.16,+,0.05,2.09,350,2.12,10,
732518,鈊象元大4A購10,0,0,0,---,---,---, ---,,,1.79,400,1.82,10,
732519,弘塑統一54購01,"74,000",4,"67,770",0.93,0.93,0.88,0.88,-,0.07,0.81,10,0.82,10,
732520,神盾統一54購01,0,0,0,---,---,---, ---,,,0.45,10,0.46,10,
732521,萬泰科統一56購01,"470,000",5,"381,450",0.85,0.85,0.81,0.81,-,0.04,0.82,10,0.83,10,
732522,宜特國票4B購01,0,0,0,---,---,---, ---,,,0.56,25,0.57,10,
732523,金麗科國票4B購01,"30,000",2,"88,300",2.95,2.95,2.93,2.93,-,0.15,3.18,25,3.20,10,
732524,鈊象國票4B購01,0,0,0,---,---,---, ---,,,5.90,25,5.95,10,
732525,廣運國票4B購01,0,0,0,---,---,---, ---,,,3.85,25,3.86,10,
732526,穩懋國票4B購01,0,0,0,---,---,---, ---,,,0.39,25,0.40,10,
732527,譜瑞國票4B購01,0,0,0,---,---,---, ---,,,1.84,25,1.86,10,
732528,廣運元富4A購01,"25,000",2,"37,820",1.57,1.57,1.46,1.46,-,0.2,1.45,25,1.55,10,
732529,旺矽中信4A購01,"20,000",3,"15,500",0.78,0.78,0.77,0.77,-,0.04,0.77,499,0.78,10,
732530,精剛中信4B購01,0,0,0,---,---,---, ---,,,0.38,499,0.39,10,
732531,邦特永豐4B購01,0,0,0,---,---,---, ---,,,0.53,499,0.54,12,
732532,其陽永豐4B購01,"427,000",28,"788,950",2.20,2.30,1.62,1.87,+,0.5,1.40,1,0.00,0,
732533,金麗科永豐4C購02,"164,000",6,"514,840",3.17,3.19,2.88,3.12,+,0.27,3.00,62,3.10,10,
732534,軒郁永豐4B購01,0,0,0,---,---,---, ---,,,0.26,62,0.27,12,
732535,健椿永豐4C購01,"1,000",1,"1,740",1.74,1.74,1.74,1.74,-,0.19,1.55,499,1.57,50,
732536,福華永豐4B購01,0,0,0,---,---,---, ---,,,0.67,499,0.69,10,
732537,鑫龍騰永豐4B購01,0,0,0,---,---,---, ---,,,1.14,499,1.15,62,
732538,易發國票4C購01,0,0,0,---,---,---, ---,,,1.02,25,1.03,10,
732539,金麗科國票4C購01,0,0,0,---,---,---, ---,,,4.16,25,4.19,10,
732540,振曜國票4C購01,"70,000",6,"109,700",1.60,1.63,1.53,1.63,-,0.01,1.59,25,1.60,10,
732541,晟德國票51購01,"88,000",3,"317,710",3.62,3.62,3.61,3.61,-,0.42,3.52,25,3.56,10,
732542,璟德國票51購01,0,0,0,---,---,---, ---,,,1.07,25,1.09,10,
732543,金麗科國泰4B購01,"30,000",3,"168,500",5.45,5.70,5.45,5.70,+,0.3,5.55,10,5.60,10,
732544,神盾統一54購02,"159,000",5,"113,870",0.73,0.73,0.68,0.68,-,0.07,0.66,40,0.67,10,
732545,晟德統一5A購01,"34,000",2,"34,290",1.01,1.01,1.00,1.00,-,0.02,0.99,15,1.00,10,
732546,金益鼎凱基4A購01,"60,000",4,"77,250",1.34,1.34,1.24,1.24,-,0.14,1.24,20,1.25,10,
732547,金麗科凱基4C購01,"24,000",2,"107,210",4.47,4.47,4.40,4.40,+,0.35,4.28,20,4.38,10,
732548,原相凱基4B購01,"45,000",3,"65,400",1.46,1.47,1.45,1.47,-,0.13,1.43,100,1.44,10,
732549,健椿凱基4B購01,0,0,0,---,---,---, ---,,,0.98,10,0.99,10,
732550,博智凱基4A購01,"4,000",1,"2,040",0.51,0.51,0.51,0.51,+,0.01,0.47,100,0.48,10,
732551,新復興凱基4C購01,0,0,0,---,---,---, ---,,,0.20,100,0.21,50,
732552,璟德凱基4C購01,0,0,0,---,---,---, ---,,,0.56,30,0.58,10,
732553,凡甲群益4A購02,0,0,0,---,---,---, ---,,,0.90,25,0.91,10,
732554,先進光群益4A購03,"30,000",3,"17,000",0.57,0.57,0.56,0.56,-,0.07,0.53,25,0.58,10,
732555,宏捷科群益4A購01,"50,000",3,"88,800",1.80,1.80,1.74,1.74,-,0.05,1.72,25,1.74,10,
732556,旺矽群益4A購03,"78,000",6,"224,370",2.88,2.89,2.84,2.84,-,0.09,2.84,25,2.86,10,
732557,信紘科群益4A購03,"4,000",1,"6,800",1.70,1.70,1.70,1.70,-,0.1,1.69,25,1.72,10,
732558,陽程群益4C購01,0,0,0,---,---,---, ---,,,1.03,25,1.04,10,
732559,新復興群益4A購01,0,0,0,---,---,---, ---,,,0.51,25,0.52,10,
732560,群聯群益4A購03,0,0,0,---,---,---, ---,,,2.77,100,2.78,100,
732561,雙鴻群益4A購04,"24,000",1,"52,320",2.18,2.18,2.18,2.18,-,0.03,0.95,10,0.00,0,
732562,鑫龍騰群益4C購01,0,0,0,---,---,---, ---,,,0.00,0,0.00,0,
732563,巨虹永豐4B購01,0,0,0,---,---,---, ---,,,0.76,499,0.78,10,
732564,晶焱永豐4B購01,0,0,0,---,---,---, ---,,,1.28,499,1.29,10,
732565,雍智永豐4B購01,0,0,0,---,---,---, ---,,,0.64,499,0.65,10,
732566,廣運永豐4A購02,"71,000",5,"135,730",1.88,1.95,1.87,1.95,-,0.12,1.67,499,1.77,10,
732567,聯合永豐4B購01,"2,301,000",35,"6,132,360",2.57,2.79,2.50,2.64,+,0.35,2.60,499,2.68,10,
732568,先進光元富4A購02,"75,000",1,"27,000",0.36,0.36,0.36,0.36,-,0.04,0.35,25,0.36,25,
732569,晶焱元富4A購01,0,0,0,---,---,---, ---,,,1.56,25,1.59,25,
732570,晶焱元富4A購02,0,0,0,---,---,---, ---,,,0.88,25,0.90,25,
732571,旺矽中信4A購02,"8,000",3,"13,920",1.72,1.75,1.72,1.73,-,0.12,1.69,499,1.70,10,
732572,威剛元大4A購01,"5,000",2,"8,850",1.77,1.77,1.77,1.77,-,0.03,1.79,400,1.80,10,
732573,順達元大4B購02,"60,000",1,"76,200",1.27,1.27,1.27,1.27,-,0.03,1.27,25,1.28,10,
732574,順達元大4C購04,"192,000",5,"215,040",1.12,1.12,1.12,1.12,+,0.02,1.09,499,1.11,10,
732575,廣明元大4A購01,0,0,0,---,---,---, ---,,,1.83,400,1.86,10,
732576,雙鴻元大4A購02,"36,000",4,"47,740",1.33,1.34,1.30,1.30,-,0.03,0.00,0,0.00,0,
732577,雙鴻元大4B購03,"10,000",3,"18,040",1.86,1.86,1.79,1.79,-,0.06,1.13,17,0.00,0,
732578,雙鴻元大4C購03,"9,000",2,"19,380",2.16,2.16,2.13,2.13,+,0.02,0.00,0,0.00,0,
732579,穩懋元大4B購01,"3,000",1,"2,430",0.81,0.81,0.81,0.81,-,0.09,0.46,21,0.81,10,
732580,力旺台新4A購01,"6,000",1,"10,200",1.70,1.70,1.70,1.70,+,0.1,1.61,20,1.62,10,
732581,龍巖富邦4A購01,"15,000",1,"5,850",0.39,0.39,0.39,0.39,-,0.06,0.38,30,0.39,28,
732582,力旺統一54購03,0,0,0,---,---,---, ---,,,0.70,10,0.71,10,
732583,光焱統一54購01,0,0,0,---,---,---, ---,,,0.40,10,0.42,10,
732584,先進光統一54購01,"20,000",1,"9,200",0.46,0.46,0.46,0.46,-,0.04,0.47,10,0.48,10,
732585,印能統一57購01,0,0,0,---,---,---, ---,,,0.66,10,0.67,10,
732586,印能統一5A購01,"100,000",1,"68,000",0.68,0.68,0.68,0.68,-,0.01,0.67,10,0.68,10,
732587,龍巖統一54購01,0,0,0,---,---,---, ---,,,0.50,10,0.51,10,
732588,譜瑞統一54購01,"21,000",2,"19,010",0.91,0.91,0.89,0.89,-,0.02,0.90,10,0.91,10,
732589,印能第一4A購01,"170,000",4,"188,800",1.12,1.12,1.08,1.08,-,0.09,1.09,10,1.11,10,
732590,M31國票4B購01,0,0,0,---,---,---, ---,,,2.08,25,2.12,10,
732591,大宇資國票4C購01,0,0,0,---,---,---, ---,,,2.04,25,2.06,10,
732592,光焱國票4B購01,0,0,0,---,---,---, ---,,,1.26,25,1.33,10,
732593,金益鼎國票4B購01,"8,000",1,"20,400",2.55,2.55,2.55,2.55,-,0.08,2.37,25,2.38,10,
732594,萬泰科國票4B購01,"40,000",6,"57,070",1.45,1.45,1.40,1.42,-,0.18,1.40,25,1.41,10,
732595,精華國票4B購01,0,0,0,---,---,---, ---,,,0.91,25,0.93,10,
732596,廣運國票4B購03,"135,000",4,"235,200",1.76,1.76,1.66,1.66,-,0.15,1.63,25,1.64,10,
732597,千附群益4A購01,0,0,0,---,---,---, ---,,,1.68,25,1.69,10,
732598,大江群益4A購01,"100,000",2,"67,500",0.68,0.68,0.67,0.67,-,0.01,0.65,25,0.67,10,
732599,大國鋼群益4A購01,0,0,0,---,---,---, ---,,,1.71,25,1.73,10,
732600,明安群益4A購01,0,0,0,---,---,---, ---,,,0.96,25,0.99,10,
732601,威剛群益4A購05,0,0,0,---,---,---, ---,,,1.88,100,1.89,100,
732602,精剛群益52購01,0,0,0,---,---,---, ---,,,0.89,25,0.90,10,
732603,龍巖群益4B購01,"5,000",1,"3,850",0.77,0.77,0.77,0.77,-,0.06,0.69,25,0.70,10,
732604,龍巖群益4B購02,0,0,0,---,---,---, ---,,,0.43,25,0.44,10,
732605,譜瑞群益4A購01,0,0,0,---,---,---, ---,,,2.30,100,2.31,100,
732606,力旺元富4A購07,"10,000",3,"16,520",1.72,1.72,1.62,1.62,-,0.0,1.60,10,0.00,0,
732607,原相元富4B購02,"27,000",2,"36,540",1.36,1.36,1.35,1.35,-,0.16,1.33,25,1.34,25,
732608,原相元富4B購03,"45,000",3,"39,690",0.89,0.89,0.88,0.88,-,0.11,0.86,25,0.87,25,
732609,力旺中信4A購01,"12,000",3,"17,400",1.45,1.45,1.45,1.45,+,0.06,1.41,499,1.45,10,
732610,力旺中信4B購01,"10,000",1,"10,900",1.09,1.09,1.09,1.09,+,0.01,1.03,10,1.07,10,
732611,印能中信4A購01,"150,000",4,"161,300",1.11,1.11,1.04,1.06,-,0.1,1.04,10,1.06,10,
732612,印能中信4B購01,"71,000",5,"69,880",0.98,0.99,0.98,0.98,-,0.1,0.97,10,0.98,10,
732613,龍巖中信4A購01,0,0,0,---,---,---, ---,,,0.24,10,0.25,10,
732614,力旺永豐4B購01,0,0,0,---,---,---, ---,,,1.68,499,1.74,10,
732615,大國鋼永豐4A購01,0,0,0,---,---,---, ---,,,1.06,499,1.07,10,
732616,中菲永豐4A購01,"880,000",7,"546,380",0.62,0.63,0.62,0.62,+,0.01,0.61,62,0.62,10,
732617,光焱永豐51購01,"20,000",1,"10,800",0.54,0.54,0.54,0.54,-,0.01,0.27,22,0.80,30,
732618,印能永豐4A購01,"23,000",1,"17,250",0.75,0.75,0.75,0.75,-,0.05,0.73,499,0.74,10,
732619,明安永豐4B購01,0,0,0,---,---,---, ---,,,1.30,499,1.31,10,
732620,龍巖永豐4B購01,0,0,0,---,---,---, ---,,,0.64,499,0.65,10,
732621,醫揚永豐4B購01,"52,000",3,"47,490",0.93,0.93,0.90,0.93,+,0.06,0.91,499,0.93,10,
732622,雙鴻永豐51購01,0,0,0,---,---,---, ---,,,0.76,4,0.00,0,
732623,力旺凱基4A購01,"13,000",4,"27,040",2.08,2.14,2.00,2.00,-,0.01,2.03,100,2.13,10,
732624,大江凱基4B購01,0,0,0,---,---,---, ---,,,0.55,100,0.56,10,
732625,正德凱基54購01,"5,000",1,"3,950",0.79,0.79,0.79,0.79,-,0.02,0.79,100,0.80,30,
732626,東浦凱基4C購01,0,0,0,---,---,---, ---,,,1.18,10,1.19,10,
732627,長佳智凱基4A購01,"1,000",1,"1,280",1.28,1.28,1.28,1.28,-,0.0,1.23,10,1.24,10,
732628,龍巖凱基4A購01,0,0,0,---,---,---, ---,,,0.81,50,0.91,10,
732629,大江元大4A購01,0,0,0,---,---,---, ---,,,0.51,499,0.52,10,
732630,大江元大4C購01,0,0,0,---,---,---, ---,,,0.53,499,0.54,10,
732631,中美晶元大51購01,0,0,0,---,---,---, ---,,,1.15,499,1.17,10,
732632,系統電元大4B購01,"15,000",2,"13,700",1.00,1.00,0.87,0.87,-,0.09,0.85,499,0.86,10,
732633,振曜元大51購01,0,0,0,---,---,---, ---,,,0.79,499,0.89,10,
732634,順達元大4A購04,"327,000",7,"529,900",1.65,1.65,1.60,1.60,-,0.05,1.60,25,1.63,10,
732635,順達元大4A購05,"347,000",9,"526,990",1.53,1.53,1.48,1.52,+,0.03,1.48,25,1.51,10,
732636,雍智元大4C購02,"51,000",6,"54,550",1.09,1.09,1.05,1.05,-,0.06,1.05,499,1.06,10,
732637,龍巖元大4A購01,0,0,0,---,---,---, ---,,,0.59,499,0.60,10,
732638,營邦元大4A購01,0,0,0,---,---,---, ---,,,1.08,499,1.18,10,
732639,千附凱基54購01,"1,000",1,670,0.67,0.67,0.67,0.67,-,0.01,0.66,100,0.67,50,
732640,大國鋼凱基4A購01,0,0,0,---,---,---, ---,,,1.66,10,1.67,10,
732641,先進光凱基4A購01,"166,000",3,"120,500",0.75,0.75,0.71,0.71,-,0.1,0.73,10,0.74,10,
732642,明安凱基4A購01,0,0,0,---,---,---, ---,,,1.05,10,1.06,10,
732643,茂達凱基4A購02,0,0,0,---,---,---, ---,,,1.31,100,1.32,10,
732644,湧德凱基4C購03,"64,000",5,"42,840",0.69,0.70,0.66,0.67,-,0.03,0.65,100,0.66,50,
732645,閎康凱基4A購01,"45,000",1,"30,150",0.67,0.67,0.67,0.67,-,0.02,0.63,100,0.64,10,
732646,順達凱基54購01,"130,000",1,"106,600",0.82,0.82,0.82,0.82,-,0.02,0.82,100,0.83,10,
732647,鈊象凱基4B購04,0,0,0,---,---,---, ---,,,3.22,100,3.26,10,
732648,精剛凱基4A購04,0,0,0,---,---,---, ---,,,0.47,100,0.48,30,
732649,雙鴻凱基4A購04,0,0,0,---,---,---, ---,,,2.59,100,2.69,10,
732650,穩懋凱基4B購01,"50,000",1,"35,000",0.70,0.70,0.70,0.70,-,0.07,0.60,100,0.61,30,
732651,譜瑞凱基4A購01,"1,000",1,"2,190",2.19,2.19,2.19,2.19,-,0.04,2.20,100,2.23,10,
732652,群聯富邦4B購04,0,0,0,---,---,---, ---,,,0.69,10,0.70,10,
732653,光焱統一5A購01,0,0,0,---,---,---, ---,,,0.41,10,0.42,10,
732654,印能統一54購01,"100,000",1,"67,000",0.67,0.67,0.67,0.67,-,0.05,0.68,10,0.69,10,
732655,龍巖統一54購02,0,0,0,---,---,---, ---,,,0.33,10,0.34,10,
732656,龍巖統一54購03,0,0,0,---,---,---, ---,,,0.32,10,0.33,10,
732657,寶島科統一54購01,"11,000",2,"9,450",0.86,0.86,0.85,0.85,-,0.01,0.86,10,0.87,10,
732658,艾訊國票4B購01,0,0,0,---,---,---, ---,,,0.56,25,0.57,10,
732659,信紘科國票4B購01,"4,000",1,"9,480",2.37,2.37,2.37,2.37,-,0.14,2.39,25,2.40,10,
732660,神準國票4B購02,0,0,0,---,---,---, ---,,,0.99,25,1.02,10,
732661,華研國票4B購01,0,0,0,---,---,---, ---,,,0.68,25,0.70,10,
732662,鴻呈國票4C購01,0,0,0,---,---,---, ---,,,0.61,25,0.62,10,
732663,穩懋國票4B購02,"10,000",1,"7,100",0.71,0.71,0.71,0.71,-,0.04,0.66,25,0.67,10,
732664,鑫聯國票4B購01,"151,000",14,"511,940",3.28,3.68,3.06,3.06,+,0.19,3.06,25,3.07,10,
732665,中菲群益4A購01,"867,000",14,"702,270",0.81,0.81,0.81,0.81,-,0.05,0.80,65,0.81,10,
732666,良維群益4B購02,"38,000",6,"146,010",3.70,3.87,3.70,3.87,+,0.19,3.81,25,3.82,10,
732667,原相群益4C購01,"47,000",4,"73,110",1.60,1.60,1.51,1.51,-,0.12,1.50,100,1.51,100,
732668,統振群益4A購01,"36,000",2,"19,860",0.56,0.56,0.53,0.53,-,0.03,0.53,25,0.54,10,
732669,雙鴻群益4C購01,0,0,0,---,---,---, ---,,,0.00,0,0.00,0,
732670,鑫聯群益4C購01,"139,000",22,"405,810",2.98,3.42,2.84,2.84,+,0.15,2.80,1,0.00,0,
732671,中美晶元大51購02,0,0,0,---,---,---, ---,,,1.14,499,1.16,10,
732672,中美晶元大52購01,0,0,0,---,---,---, ---,,,1.14,499,1.16,10,
732673,友輝元大51購01,"200,000",3,"189,000",0.95,0.95,0.94,0.94,-,0.02,0.92,25,0.93,10,
732674,穩懋元大4A購01,0,0,0,---,---,---, ---,,,0.00,0,0.00,0,
732675,元太元富54購01,"32,000",7,"42,710",1.33,1.36,1.31,1.34,-,0.03,1.31,5,1.43,20,
732676,錦明元富54購01,0,0,0,---,---,---, ---,,,0.68,25,0.69,25,
732677,雙鴻元富4A購09,"21,000",2,"57,370",2.73,2.75,2.73,2.75,+,0.03,1.23,8,0.00,0,
732678,東浦永豐4B購01,0,0,0,---,---,---, ---,,,0.79,499,0.83,10,
732679,萬潤永豐4A購02,"46,000",4,"134,250",3.00,3.00,2.80,2.85,-,0.03,2.78,62,2.88,10,
732680,群聯永豐4A購03,0,0,0,---,---,---, ---,,,0.49,499,0.50,10,
732681,營邦永豐4C購01,"520,000",6,"417,200",0.80,0.81,0.80,0.81,-,0.05,0.80,50,0.82,10,
732682,信驊凱基4A購02,0,0,0,---,---,---, ---,,,6.70,100,7.20,10,
732683,僑威國泰4B購01,"10,000",1,"10,800",1.08,1.08,1.08,1.08,-,0.0,1.05,499,1.06,100,
732684,信驊富邦4B購02,0,0,0,---,---,---, ---,,,2.66,10,2.76,10,
732685,雙鴻台新4A購01,0,0,0,---,---,---, ---,,,2.96,20,2.97,10,
732686,正淩國票4B購01,0,0,0,---,---,---, ---,,,5.30,25,5.45,10,
732687,伯特光國票4B購01,0,0,0,---,---,---, ---,,,1.60,25,1.64,10,
732688,良維國票4B購01,0,0,0,---,---,---, ---,,,2.57,25,2.64,10,
732689,英濟國票4B購01,"45,000",22,"189,770",4.56,4.69,3.92,3.92,-,0.23,4.21,25,4.26,10,
732690,神盾國票4B購02,"38,000",3,"128,850",3.52,3.52,3.16,3.16,-,0.63,3.22,25,3.23,10,
732691,鈊象國票4B購02,"2,000",2,"8,880",4.50,4.50,4.38,4.38,+,0.1,4.33,25,4.36,10,
732692,群聯國票4B購02,0,0,0,---,---,---, ---,,,2.64,25,2.67,10,
732693,雍智國票4B購01,"4,000",2,"5,060",1.28,1.28,1.26,1.26,-,0.06,1.26,25,1.27,10,
732694,廣運國票4B購04,0,0,0,---,---,---, ---,,,3.78,25,3.79,10,
732695,系統電元大4A購01,"17,000",3,"11,240",0.66,0.67,0.66,0.66,-,0.0,0.65,509,0.66,5,
732696,信驊元大4A購04,0,0,0,---,---,---, ---,,,2.40,300,2.47,10,
732697,營邦台新4A購01,0,0,0,---,---,---, ---,,,2.63,20,2.64,10,
732698,群聯凱基4B購05,0,0,0,---,---,---, ---,,,2.27,100,2.28,10,
732699,信驊元富4A購05,0,0,0,---,---,---, ---,,,4.05,25,4.15,10,
732700,信驊元富4A購06,0,0,0,---,---,---, ---,,,3.47,25,3.57,10,
732701,信驊元富4A購07,0,0,0,---,---,---, ---,,,3.71,25,3.81,10,
732702,雙鴻中信4A購01,0,0,0,---,---,---, ---,,,1.62,499,1.63,10,
732703,富喬富邦4A購02,"4,000",1,"6,160",1.54,1.54,1.54,1.54,+,0.27,1.32,30,1.33,10,
732704,信驊群益54購01,"2,000",2,"8,190",4.08,4.11,4.08,4.11,-,0.17,4.10,25,4.11,9,
732705,鈊象群益54購02,"18,000",2,"59,910",3.34,3.34,3.27,3.27,-,0.01,3.24,100,3.25,100,
732706,光焱國票4B購02,"76,000",3,"51,680",0.68,0.68,0.68,0.68,-,0.04,0.68,25,0.72,10,
732707,欣銓國票4B購01,0,0,0,---,---,---, ---,,,2.67,25,2.70,10,
732708,高鋒國票4B購02,"1,000",1,"2,410",2.41,2.41,2.41,2.41,-,0.12,2.45,25,2.47,10,
732709,晟田國票4B購01,"80,000",2,"91,200",1.17,1.17,1.13,1.13,-,0.18,1.11,25,1.12,10,
732710,晟田國票51購01,0,0,0,---,---,---, ---,,,1.39,25,1.40,10,
732711,富喬國票4B購01,0,0,0,---,---,---, ---,,,5.25,25,5.55,10,
732712,晟田國泰4B購01,"80,000",1,"160,800",2.01,2.01,2.01,2.01,-,0.09,1.84,499,1.85,100,
732713,晟田國泰4B購02,"315,000",7,"554,350",1.80,1.80,1.70,1.70,-,0.18,1.61,499,1.62,100,
732714,晟田國泰4B購03,"10,000",1,"14,500",1.45,1.45,1.45,1.45,-,0.18,1.40,499,1.41,100,
732715,鈊象國泰4B購01,"9,000",1,"24,390",2.71,2.71,2.71,2.71,+,0.04,2.61,10,2.63,10,
732716,晟田元大4A購01,"87,000",7,"80,460",0.94,0.94,0.83,0.83,-,0.15,0.83,499,0.84,10,
732717,晟田元大4A購02,"35,000",6,"30,230",0.90,0.90,0.82,0.82,-,0.13,0.81,499,0.82,10,
732718,晟田元大4A購03,"116,000",7,"100,570",0.91,0.92,0.82,0.82,-,0.15,0.81,499,0.82,10,
732719,富喬元大4A購03,0,0,0,---,---,---, ---,,,1.82,400,1.84,10,
732720,鈊象元大4A購11,"29,000",2,"69,540",2.39,2.40,2.39,2.40,+,0.06,2.31,300,2.34,10,
732721,鈊象元大4A購12,"50,000",1,"92,500",1.85,1.85,1.85,1.85,+,0.05,1.79,400,1.81,10,
732722,順達永豐51購01,0,0,0,---,---,---, ---,,,2.28,499,2.32,10,
732723,東洋凱基4A購01,0,0,0,---,---,---, ---,,,2.83,20,2.84,10,
732724,鈊象凱基4A購04,0,0,0,---,---,---, ---,,,3.10,100,3.12,10,
732725,群聯群益54購01,0,0,0,---,---,---, ---,,,1.72,25,1.73,10,
732726,信驊元大4A購05,0,0,0,---,---,---, ---,,,4.21,150,0.00,0,
732727,威剛國票4B購01,0,0,0,---,---,---, ---,,,5.05,25,5.10,10,
732728,振曜國票4B購01,0,0,0,---,---,---, ---,,,3.83,25,3.88,10,
732729,神準國票4B購03,0,0,0,---,---,---, ---,,,2.01,25,2.05,10,
732730,新盛力第一4A購01,"12,000",3,"18,690",1.56,1.58,1.51,1.51,-,0.15,1.50,10,1.52,10,
732731,系微國票4B購01,"73,000",4,"66,280",0.91,0.91,0.86,0.86,-,0.04,0.85,25,0.86,10,
732732,宸曜國票4B購01,"5,000",1,"8,600",1.72,1.72,1.72,1.72,-,0.0,1.64,25,1.67,10,
732733,新盛力國票4A購01,"23,000",3,"84,610",3.77,3.77,3.66,3.66,-,0.22,3.64,25,3.65,10,
732734,新盛力國票4A購02,"45,000",5,"118,200",2.67,2.67,2.58,2.58,-,0.06,2.58,25,2.60,10,
732735,新盛力國票4C購01,"9,000",1,"23,130",2.57,2.57,2.57,2.57,-,0.07,2.50,25,2.51,10,
732736,新盛力國票52購01,"1,000",1,"2,690",2.69,2.69,2.69,2.69,-,0.18,2.74,25,2.75,10,
732737,雙鴻國票4B購02,0,0,0,---,---,---, ---,,,3.96,25,3.97,10,
732738,宇峻永豐4B購01,"164,000",5,"592,660",3.74,3.79,3.59,3.59,-,0.09,3.54,200,3.64,10,
732739,信紘科永豐51購01,"18,000",2,"31,920",1.79,1.79,1.76,1.76,-,0.1,1.74,499,1.75,10,
732740,華星光永豐54購01,"37,000",3,"80,700",2.20,2.20,2.11,2.11,-,0.07,2.10,125,2.11,10,
732741,新盛力永豐4C購01,"108,000",7,"276,590",2.59,2.59,2.51,2.51,+,0.05,2.47,499,2.57,10,
732742,新盛力永豐52購01,"100,000",1,"419,000",4.19,4.19,4.19,4.19,+,0.57,4.14,499,4.24,10,
732743,群聯國泰51購01,0,0,0,---,---,---, ---,,,2.40,499,2.43,100,
732744,泰茂元富4A購02,0,0,0,---,---,---, ---,,,1.97,25,2.01,25,
732745,新復興元富4A購03,0,0,0,---,---,---, ---,,,0.56,25,0.57,25,
732746,群聯元富4A購09,0,0,0,---,---,---, ---,,,0.00,0,0.00,0,
732747,宸曜凱基4A購01,0,0,0,---,---,---, ---,,,2.04,100,2.05,10,
732748,華星光凱基4A購01,"79,000",12,"174,060",2.22,2.28,2.12,2.12,-,0.07,2.09,48,2.10,10,
732749,新盛力凱基4A購01,"209,000",26,"602,660",2.90,2.97,2.80,2.80,-,0.14,2.80,35,2.90,10,
732750,營邦凱基4A購01,"5,000",1,"18,450",3.69,3.69,3.69,3.69,-,0.24,3.42,20,3.43,10,
732751,華星光台新4A購01,0,0,0,---,---,---, ---,,,2.41,20,2.42,10,
732752,環球晶康和4A購01,0,0,0,---,---,---, ---,,,1.77,10,1.86,10,
732753,華星光元大4A購01,"2,000",1,"3,820",1.91,1.91,1.91,1.91,+,0.01,1.79,400,1.80,10,
732754,系微群益4A購02,"120,000",5,"126,900",1.11,1.11,1.02,1.02,-,0.07,1.01,25,1.05,10,
732755,鈊象群益54購03,"20,000",2,"19,200",0.96,0.96,0.96,0.96,-,0.01,0.95,100,0.96,100,
732756,營邦群益4C購01,"5,000",1,"13,200",2.64,2.64,2.64,2.64,-,0.12,2.46,25,2.47,10,
732757,波若威台新4A購01,0,0,0,---,---,---, ---,,,3.44,20,3.45,10,
732758,信驊台新4A購01,0,0,0,---,---,---, ---,,,2.91,10,2.95,10,
732759,正德凱基4B購01,0,0,0,---,---,---, ---,,,0.72,100,0.73,10,
732760,波若威凱基4A購02,"108,000",8,"254,690",2.47,2.49,2.28,2.30,-,0.19,2.30,44,2.31,10,
732761,信驊凱基4A購03,0,0,0,---,---,---, ---,,,4.97,100,5.30,10,
732762,華星光凱基4C購01,"34,000",3,"87,580",2.56,2.58,2.53,2.53,-,0.01,2.41,100,2.42,10,
732763,鈊象凱基4A購05,0,0,0,---,---,---, ---,,,1.81,100,1.82,10,
732764,新盛力凱基51購01,"22,000",4,"71,130",3.23,3.27,3.18,3.18,-,0.14,3.14,100,3.24,10,
732765,艾訊國票4B購02,0,0,0,---,---,---, ---,,,0.76,25,0.77,10,
732766,新復興國票4C購05,"4,000",1,"4,400",1.10,1.10,1.10,1.10,+,0.03,1.05,25,1.06,10,
732767,營邦國票4B購02,0,0,0,---,---,---, ---,,,2.47,25,2.49,10,
732768,信驊元大4A購06,0,0,0,---,---,---, ---,,,4.37,150,4.47,10,
732769,富喬元大4A購04,"4,000",3,"13,240",3.20,3.40,3.20,3.32,+,0.51,2.90,25,2.93,10,
732770,鈊象元大4A購13,0,0,0,---,---,---, ---,,,1.69,450,1.72,10,
732771,世界富邦4A購01,"17,000",2,"9,420",0.56,0.56,0.55,0.55,-,0.01,0.55,30,0.56,28,
732772,宇峻群益4B購01,0,0,0,---,---,---, ---,,,0.00,0,0.00,0,
732773,華星光群益54購01,"30,000",5,"56,950",1.96,1.97,1.85,1.85,-,0.06,1.85,25,1.86,10,
732774,大綜元富4A購01,0,0,0,---,---,---, ---,,,4.14,25,4.24,10,
732775,波若威元富4A購01,0,0,0,---,---,---, ---,,,1.75,25,1.77,25,
732776,波若威元富51購02,"42,000",2,"68,280",1.62,1.64,1.62,1.64,+,0.02,1.54,25,1.55,25,
732777,國債20元富4A購01,"35,000",1,"7,350",0.21,0.21,0.21,0.21,+,0.02,0.23,25,0.24,25,
732778,宸曜中信4A購01,0,0,0,---,---,---, ---,,,0.92,10,0.93,10,
732779,華星光中信4A購01,"50,000",5,"61,200",1.23,1.25,1.18,1.18,-,0.03,1.17,499,1.18,10,
732780,新盛力中信4A購01,"372,000",31,"388,260",1.07,1.07,1.02,1.03,-,0.03,1.02,10,1.03,10,
732781,旺矽永豐51購01,"52,000",3,"172,230",3.30,3.33,3.30,3.33,-,0.22,3.28,499,3.29,10,
732782,波若威永豐51購02,"30,000",3,"43,400",1.44,1.45,1.44,1.45,-,0.04,1.37,499,1.38,62,
732783,富喬永豐51購01,"202,000",15,"314,150",1.47,1.69,1.47,1.69,+,0.37,1.40,36,1.41,10,
732784,鈊象永豐4C購01,0,0,0,---,---,---, ---,,,1.57,499,1.59,10,
732785,信驊台新4A購02,0,0,0,---,---,---, ---,,,3.48,20,3.49,10,
732786,富喬凱基4A購01,"81,000",8,"272,090",3.35,3.84,3.31,3.31,+,0.05,3.26,10,3.27,10,
732787,華星光凱基4A購02,"6,000",3,"14,260",2.41,2.41,2.23,2.23,-,0.1,2.23,100,2.25,10,
732788,鈊象凱基53購01,0,0,0,---,---,---, ---,,,2.11,100,2.12,10,
732789,新盛力凱基4A購02,"123,000",8,"320,050",2.66,2.67,2.55,2.59,-,0.05,2.55,100,2.65,10,
732790,新應材凱基4A購01,"573,000",38,"2,408,340",3.70,4.38,3.70,4.37,+,0.86,4.29,100,4.37,10,
732791,印能群益4A購01,"79,000",1,"140,620",1.78,1.78,1.78,1.78,-,0.04,1.77,25,1.84,10,
732792,信驊群益54購02,"4,000",1,"14,840",3.71,3.71,3.71,3.71,-,0.04,3.63,100,3.64,100,
732793,晟田群益4B購01,"25,000",3,"26,540",1.15,1.15,1.04,1.04,-,0.19,1.01,25,1.02,10,
732794,富喬群益4B購02,"13,000",5,"35,220",2.57,2.99,2.55,2.55,+,0.12,2.48,499,2.58,10,
732795,鈊象群益52購01,0,0,0,---,---,---, ---,,,0.89,100,0.90,100,
732796,新應材群益4B購01,"44,000",7,"79,000",1.72,1.91,1.69,1.90,+,0.29,1.90,5,1.94,3,
732797,鈊象富邦4C購03,"1,000",1,750,0.75,0.75,0.75,0.75,+,0.04,0.71,10,0.72,10,
732798,波若威國泰51購01,0,0,0,---,---,---, ---,,,1.61,499,1.62,200,
732799,印能元富4A購01,"6,000",2,"24,680",4.28,4.28,4.08,4.08,-,0.54,4.08,25,4.16,25,
732800,印能元富4B購01,"21,000",3,"62,300",3.00,3.02,2.91,2.91,-,0.24,2.91,25,2.95,25,
732801,群聯元富4A購10,0,0,0,---,---,---, ---,,,0.00,0,0.00,0,
732802,榮剛中信4A購01,0,0,0,---,---,---, ---,,,0.56,499,0.57,10,
732803,精測中信4A購01,"20,000",3,"91,110",4.88,4.88,4.51,4.68,-,0.28,4.64,10,0.00,0,
732804,台燿永豐51購01,"45,000",3,"66,600",1.48,1.48,1.48,1.48,-,0.06,1.47,499,1.48,10,
732805,華星光永豐4C購01,0,0,0,---,---,---, ---,,,2.24,499,2.25,10,
732806,華星光元大4A購02,"255,000",10,"367,470",1.43,1.46,1.39,1.39,-,0.07,1.36,499,1.37,10,
732807,鈊象元大4A購14,"309,000",5,"409,000",1.35,1.35,1.30,1.30,-,0.02,1.29,499,1.30,10,
732808,新盛力元大4A購01,"113,000",11,"178,180",1.61,1.61,1.53,1.57,-,0.01,1.54,25,1.55,10,
732809,印能國票4A購01,"13,000",1,"14,820",1.14,1.14,1.14,1.14,-,0.09,1.13,25,1.15,10,
732810,波若威國票4B購02,"10,000",1,"15,000",1.50,1.50,1.50,1.50,-,0.19,1.52,25,1.54,10,
732811,原相國票4A購03,"348,000",5,"662,730",1.94,1.94,1.90,1.91,-,0.19,1.90,25,1.91,10,
732812,康全電國票4B購01,0,0,0,---,---,---, ---,,,0.43,25,0.44,10,
732813,華星光國票4C購01,"24,000",3,"52,820",2.22,2.22,2.20,2.20,-,0.02,2.14,25,2.15,10,
732814,新盛力國票54購01,"39,000",5,"104,680",2.69,2.71,2.63,2.63,-,0.04,2.63,25,2.64,10,
732815,新應材國票4B購01,"56,000",12,"239,620",4.10,4.59,3.98,4.59,+,0.91,4.55,25,4.57,10,
732816,弘塑元富4B購01,"43,000",4,"130,740",3.08,3.08,2.98,3.01,-,0.09,0.00,0,0.00,0,
732817,系統電元富4A購01,"261,000",6,"452,300",1.74,1.74,1.59,1.59,-,0.12,1.49,25,1.59,10,
732818,旺矽元富4A購05,0,0,0,---,---,---, ---,,,3.19,25,3.23,25,
732819,旺矽元富4A購06,0,0,0,---,---,---, ---,,,2.61,25,2.62,25,
732820,波若威元富4B購01,0,0,0,---,---,---, ---,,,1.12,25,1.13,25,
732821,新復興元富51購01,0,0,0,---,---,---, ---,,,0.89,25,0.90,25,
732822,原相中信4B購01,0,0,0,---,---,---, ---,,,0.57,499,0.58,10,
732823,順達中信4A購01,"116,000",7,"217,320",1.89,1.89,1.81,1.81,-,0.05,1.80,499,1.85,10,
732824,大綜永豐4B購01,"56,000",3,"127,040",2.25,2.31,2.25,2.31,-,0.14,2.04,499,2.05,10,
732825,北基永豐4A購01,0,0,0,---,---,---, ---,,,1.06,499,1.07,10,
732826,正淩永豐51購01,"53,000",5,"99,950",1.87,2.02,1.84,1.84,-,0.03,1.79,499,1.89,10,
732827,印能永豐51購01,"27,000",2,"35,050",1.29,1.30,1.29,1.30,-,0.07,1.29,62,1.31,10,
732828,新應材永豐4C購01,"255,000",15,"451,560",1.74,1.88,1.64,1.88,+,0.33,1.85,62,1.87,62,
732829,精剛永豐51購01,0,0,0,---,---,---, ---,,,0.35,499,0.36,10,
732830,華星光國泰4B購01,"10,000",6,"27,060",2.76,2.80,2.61,2.64,-,0.1,2.63,499,2.64,100,
732831,群聯富邦4C購03,"48,000",9,"54,910",1.18,1.20,1.11,1.11,-,0.02,1.10,10,1.11,10,
732832,千附精國票4B購03,0,0,0,---,---,---, ---,,,0.77,25,0.78,10,
732833,宇峻國票4B購01,"34,000",3,"54,420",1.65,1.65,1.56,1.57,-,0.19,1.54,25,1.55,10,
732834,博智國票4C購01,"20,000",1,"25,600",1.28,1.28,1.28,1.28,+,0.08,1.23,55,1.24,10,
732835,印能凱基4A購01,"498,000",5,"687,270",1.41,1.41,1.36,1.36,-,0.13,1.36,100,1.37,10,
732836,富喬凱基4A購02,"146,000",9,"283,190",1.95,2.08,1.81,1.81,+,0.02,1.78,10,1.79,10,
732837,華星光凱基4C購02,"63,000",3,"79,280",1.27,1.27,1.20,1.20,-,0.09,1.19,100,1.20,10,
732838,新復興凱基4A購01,0,0,0,---,---,---, ---,,,0.79,50,0.80,30,
732839,朋程群益4A購02,"481,000",5,"436,460",0.92,0.92,0.89,0.89,-,0.0,0.89,25,0.91,10,
732840,波若威群益51購01,"47,000",1,"40,420",0.86,0.86,0.86,0.86,-,0.01,0.80,100,0.81,100,
732841,信驊群益52購01,0,0,0,---,---,---, ---,,,5.25,100,5.30,100,
732842,茂迪群益4A購02,"25,000",4,"41,850",1.68,1.70,1.65,1.66,-,0.1,1.64,25,1.66,10,
732843,泰茂群益4A購01,"13,000",2,"19,920",1.53,1.54,1.53,1.54,-,0.0,1.53,25,1.54,10,
732844,晟田群益4B購02,"104,000",3,"124,020",1.29,1.29,1.19,1.19,-,0.22,1.16,25,1.17,10,
732845,華星光群益52購01,"127,000",8,"129,940",1.04,1.04,1.00,1.01,-,0.02,1.00,100,1.01,100,
732846,鈊象群益52購02,0,0,0,---,---,---, ---,,,1.01,100,1.02,100,
732847,新普群益4A購01,"11,000",2,"17,160",1.56,1.56,1.56,1.56,+,0.01,0.65,15,0.00,0,
732848,新應材群益4C購01,"59,000",4,"177,370",2.96,3.28,2.96,3.25,+,0.46,3.23,100,3.24,100,
732849,營邦群益4B購02,"20,000",2,"33,600",1.68,1.68,1.68,1.68,-,0.08,1.51,25,1.52,10,
732850,耀勝群益4B購01,0,0,0,---,---,---, ---,,,0.48,25,0.49,10,
732851,華星光元大4A購03,"88,000",5,"125,300",1.45,1.45,1.40,1.40,-,0.04,1.34,499,1.35,10,
732852,鈊象元大4A購15,0,0,0,---,---,---, ---,,,1.57,450,1.59,10,
732853,系微國票4B購02,"5,000",1,"6,450",1.29,1.29,1.29,1.29,+,0.02,1.18,25,1.19,10,
732854,波若威國票4B購03,"405,000",8,"678,110",1.71,1.71,1.54,1.54,-,0.22,1.56,25,1.57,10,
732855,華星光國票4B購03,"17,000",2,"36,780",2.19,2.19,2.16,2.16,-,0.07,2.13,25,2.14,10,
732856,鈺太國票4A購01,"87,000",3,"112,920",1.29,1.31,1.29,1.30,-,0.28,1.29,25,1.32,10,
732857,雙鴻國票4B購04,0,0,0,---,---,---, ---,,,2.64,25,2.67,10,
732858,正德群益4C購01,"1,000",1,910,0.91,0.91,0.91,0.91,-,0.04,0.90,25,0.91,10,
732859,宇峻群益4B購02,"6,000",1,"9,720",1.62,1.62,1.62,1.62,-,0.27,1.63,1,1.72,10,
732860,波若威群益4C購02,"609,000",19,"829,080",1.41,1.42,1.32,1.32,-,0.08,1.33,100,1.35,100,
732861,智通*群益4C購01,0,0,0,---,---,---, ---,,,1.58,26,2.87,10,
732862,華星光群益4C購03,"328,000",17,"1,107,840",3.58,3.58,3.27,3.30,-,0.12,3.27,100,3.30,100,
732863,力旺凱基4A購02,"1,000",1,"1,430",1.43,1.43,1.43,1.43,+,0.09,1.34,100,1.44,10,
732864,宇峻凱基4B購01,"36,000",3,"76,260",2.12,2.12,2.09,2.09,+,0.04,1.99,100,2.01,10,
732865,信驊凱基4A購04,0,0,0,---,---,---, ---,,,4.22,100,4.32,10,
732866,鈦昇凱基4A購01,"1,000",1,"1,930",1.93,1.93,1.93,1.93,-,0.07,1.84,100,1.85,10,
732867,華星光富邦4A購02,"310,000",6,"390,690",1.30,1.32,1.23,1.23,-,0.08,1.22,30,1.23,10,
732868,鈊象富邦51購01,0,0,0,---,---,---, ---,,,0.78,10,0.79,10,
732869,群聯富邦4C購04,"48,000",4,"34,550",0.73,0.73,0.65,0.65,-,0.1,0.65,10,0.66,10,
732870,營邦富邦4C購01,"148,000",9,"187,100",1.26,1.28,1.20,1.20,-,0.14,1.18,10,1.19,10,
732871,力旺元富51購03,0,0,0,---,---,---, ---,,,1.53,25,1.57,25,
732872,原相元富4A購03,"98,000",5,"109,580",1.14,1.14,1.06,1.07,-,0.08,1.05,25,1.06,25,
732873,華星光元富4A購02,"30,000",1,"50,100",1.67,1.67,1.67,1.67,+,0.01,1.56,25,1.58,25,
732874,力旺中信4A購02,0,0,0,---,---,---, ---,,,0.65,499,0.67,10,
732875,智通*中信4A購01,"11,000",2,"10,670",0.97,0.97,0.97,0.97,-,0.02,0.96,10,0.99,10,
732876,旺矽元大4A購02,"76,000",6,"250,180",3.24,3.32,3.24,3.32,-,0.1,3.23,250,3.24,10,
732877,信驊元大4A購07,"85,000",10,"262,830",3.13,3.16,3.00,3.00,-,0.14,2.99,250,3.07,10,
732878,富喬元大4C購03,"27,000",2,"30,790",1.14,1.15,1.14,1.15,+,0.13,1.02,25,1.03,10,
732879,華星光元大4A購04,"265,000",9,"375,660",1.41,1.44,1.40,1.40,-,0.03,1.34,499,1.35,10,
732880,鈊象元大4A購16,"50,000",1,"116,000",2.32,2.32,2.32,2.32,+,0.05,2.23,350,2.26,10,
732881,信驊元富51購02,"38,000",2,"121,900",3.25,3.25,3.17,3.17,-,0.13,3.13,25,3.23,10,
732882,宇峻中信4A購01,"45,000",4,"102,760",2.31,2.31,2.14,2.14,-,0.19,2.14,12,2.24,10,
732883,原相永豐4A購02,0,0,0,---,---,---, ---,,,1.51,499,1.54,10,
732884,千附精群益4C購01,"11,000",1,"9,570",0.87,0.87,0.87,0.87,-,0.06,0.86,100,0.87,100,
732885,佳邦群益52購01,0,0,0,---,---,---, ---,,,2.09,25,2.11,10,
732886,信驊群益52購02,"50,000",14,"181,920",3.67,3.72,3.54,3.54,-,0.16,3.59,25,3.64,10,
732887,鈦昇群益4C購01,"13,000",1,"11,570",0.89,0.89,0.89,0.89,-,0.1,0.87,25,0.88,10,
732888,群聯群益4B購02,"430,000",8,"1,232,370",2.96,3.01,2.74,2.74,-,0.17,2.77,100,2.78,100,
732889,雍智群益4A購02,"21,000",5,"47,280",2.25,2.27,2.25,2.26,-,0.23,2.16,25,2.21,10,
732890,精測群益52購01,"171,000",8,"527,520",3.29,3.35,3.03,3.03,-,0.05,3.00,100,3.07,100,
732891,龍巖群益4C購01,"15,000",2,"9,200",0.62,0.62,0.61,0.61,-,0.04,0.56,25,0.57,10,
732892,系統電國票4B購02,"60,000",6,"66,100",1.15,1.15,1.06,1.08,-,0.02,1.06,25,1.07,10,
732893,金益鼎國票4B購03,0,0,0,---,---,---, ---,,,1.89,25,1.90,10,
732894,信驊國票4B購02,0,0,0,---,---,---, ---,,,2.68,25,2.70,10,
732895,順達國票4B購02,0,0,0,---,---,---, ---,,,1.70,25,1.72,10,
732896,鈊象國票4B購03,0,0,0,---,---,---, ---,,,1.98,25,2.00,10,
732897,元太富邦4C購01,"64,000",6,"39,330",0.62,0.64,0.60,0.61,-,0.02,0.60,20,0.61,10,
732898,信驊富邦4C購01,0,0,0,---,---,---, ---,,,2.10,10,2.20,10,
732899,台燿國泰51購01,"8,000",1,"28,480",3.56,3.56,3.56,3.56,-,0.17,3.63,499,3.67,100,
732900,信驊國泰51購01,"9,000",1,"29,610",3.29,3.29,3.29,3.29,-,0.23,3.37,499,3.39,100,
732901,雙鴻國泰51購01,"23,000",5,"72,960",3.25,3.25,3.15,3.15,-,0.09,3.13,10,3.15,9,
732902,台燿凱基4A購04,"34,000",4,"81,570",2.41,2.41,2.33,2.33,-,0.1,2.32,100,2.33,10,
732903,旺矽凱基4A購03,"2,000",2,"5,690",2.85,2.85,2.84,2.84,-,0.1,2.81,100,2.82,10,
732904,大綜國泰4B購01,"134,000",9,"182,600",1.39,1.39,1.22,1.29,-,0.14,1.24,499,1.25,100,
732905,元太國泰4B購01,"5,000",3,"7,520",1.49,1.52,1.49,1.52,-,0.04,1.50,10,1.51,10,
732906,信驊元富4A購09,0,0,0,---,---,---, ---,,,3.20,25,3.30,10,
732907,鈊象元富4A購04,0,0,0,---,---,---, ---,,,1.06,25,1.07,25,
732908,雙鴻元富4A購10,0,0,0,---,---,---, ---,,,0.00,0,0.00,0,
732909,大綜元大4A購01,"351,000",13,"359,760",1.06,1.14,0.95,0.99,-,0.12,0.45,22,1.10,20,
732910,大綜元大4A購02,"162,000",13,"156,420",0.97,1.03,0.89,0.89,-,0.15,0.89,8,1.15,8,
732911,旺矽元大4A購03,0,0,0,---,---,---, ---,,,2.22,350,2.23,10,
732912,旺矽元大4A購04,"200,000",10,"373,390",1.84,1.90,1.84,1.86,-,0.06,1.83,400,1.84,10,
732913,信驊元大54購01,"70,000",4,"139,550",2.04,2.06,1.98,2.06,+,0.01,1.96,350,2.00,10,
732914,富喬元大51購01,"20,000",2,"18,400",0.93,0.93,0.91,0.91,+,0.03,0.89,25,0.90,10,
732915,朋程凱基4A購01,"20,000",1,"18,400",0.92,0.92,0.92,0.92,-,0.05,0.93,20,0.94,10,
732916,信驊凱基51購01,"35,000",3,"152,140",4.40,4.40,4.33,4.37,-,0.25,4.35,23,4.45,10,
732917,鈦昇凱基4A購02,"10,000",1,"11,800",1.18,1.18,1.18,1.18,-,0.13,1.17,100,1.18,10,
732918,新復興凱基51購01,0,0,0,---,---,---, ---,,,0.83,100,0.84,30,
732919,雍智凱基4A購06,"684,000",21,"1,968,010",2.93,2.95,2.81,2.83,-,0.24,2.50,10,4.67,2,
732920,原相台新4A購01,"69,000",3,"111,130",1.71,1.71,1.57,1.57,-,0.2,1.59,20,1.60,10,
732921,信驊群益54購03,"3,000",2,"13,360",4.43,4.50,4.43,4.50,+,0.04,4.32,100,4.33,100,
732922,鈦昇群益4B購01,0,0,0,---,---,---, ---,,,1.18,25,1.19,10,
732923,雍智群益4B購02,"22,000",3,"50,620",2.31,2.31,2.30,2.30,-,0.29,2.23,25,2.28,10,
732924,旺矽元大4A購05,"10,000",2,"29,200",2.90,2.95,2.90,2.95,-,0.19,2.87,250,2.88,10,
732925,信驊元大54購02,"51,000",2,"124,520",2.44,2.52,2.44,2.52,+,0.01,2.41,300,2.46,10,
732926,富喬元大4B購04,"20,000",2,"20,500",1.09,1.09,0.96,0.96,+,0.03,0.93,499,0.94,10,
732927,鈊象元大4A購17,"248,000",1,"305,040",1.23,1.23,1.23,1.23,+,0.04,1.17,499,1.19,10,
732928,佶優凱基4A購01,0,0,0,---,---,---, ---,,,1.14,100,1.15,10,
732929,信驊凱基51購02,0,0,0,---,---,---, ---,,,3.34,100,3.44,10,
732930,博智凱基4C購01,"30,000",2,"53,600",1.81,1.81,1.74,1.74,+,0.01,1.73,100,0.00,0,
732931,鈊象凱基54購01,"58,000",6,"109,410",1.92,1.92,1.87,1.87,-,0.04,1.87,100,1.88,10,
732932,先進光國票4A購01,"15,000",1,"16,050",1.07,1.07,1.07,1.07,-,0.09,1.03,25,1.05,10,
732933,順達國票4B購03,"2,000",2,"5,420",2.71,2.71,2.71,2.71,-,0.03,2.69,25,2.71,10,
732934,鏵友益國票4A購01,0,0,0,---,---,---, ---,,,1.55,25,1.56,10,
732935,鈊象中信4A購03,0,0,0,---,---,---, ---,,,0.58,499,0.60,10,
732936,新復興永豐51購02,"5,000",1,"4,300",0.86,0.86,0.86,0.86,+,0.03,0.80,62,0.81,10,
732937,先進光凱基4A購02,"325,000",25,"457,680",1.48,1.48,1.38,1.40,-,0.16,0.83,24,0.00,0,
732938,群聯凱基4B購06,"8,000",4,"26,930",3.45,3.45,3.11,3.11,-,0.22,3.16,100,3.17,10,
732939,營邦凱基4A購02,"60,000",3,"119,950",2.09,2.09,1.96,1.96,-,0.16,1.89,30,1.90,10,
732940,信驊群益54購04,"4,000",1,"5,480",1.37,1.37,1.37,1.37,-,0.05,1.38,25,1.39,10,
732941,順達群益4C購02,0,0,0,---,---,---, ---,,,2.08,25,2.09,10,
732942,鈊象群益52購03,0,0,0,---,---,---, ---,,,3.19,100,3.20,100,
732943,正德國票4A購02,0,0,0,---,---,---, ---,,,0.81,25,0.82,10,
732944,信驊元大4A購08,"1,000",1,"3,270",3.27,3.27,3.27,3.27,+,0.02,3.08,250,3.16,10,
732945,新應材元富4A購01,"35,000",11,"284,350",7.50,8.55,7.50,8.55,+,1.45,8.30,25,8.80,25,
732946,新應材元富4A購02,"7,000",7,"64,300",8.60,9.70,8.60,9.70,+,1.6,9.60,25,10.20,25,
732947,旺矽永豐4A購01,0,0,0,---,---,---, ---,,,2.84,499,2.85,10,
732948,新盛力國票4C購03,"31,000",4,"68,010",2.21,2.21,2.18,2.18,-,0.1,2.16,25,2.18,10,
732949,群聯國票4B購04,"15,000",4,"72,650",5.15,5.15,4.59,4.59,-,0.34,4.58,25,4.61,10,
732950,鑫聯國票4B購03,"22,000",7,"104,770",5.00,5.50,4.49,4.49,+,0.66,4.30,25,4.31,10,
732951,金益鼎群益4C購01,0,0,0,---,---,---, ---,,,0.52,25,0.53,10,
732952,鈊象群益53購01,0,0,0,---,---,---, ---,,,0.81,100,0.82,100,
732953,新盛力群益4A購01,"375,000",26,"780,200",2.11,2.13,1.98,2.02,-,0.05,1.11,18,0.00,0,
732954,群聯群益4C購02,"18,000",1,"35,640",1.98,1.98,1.98,1.98,-,0.07,2.00,100,2.01,100,
732955,台燿元大4A購02,"115,000",5,"189,840",1.63,1.66,1.63,1.64,+,0.01,1.57,450,1.59,10,
732956,旺矽元大4A購06,"60,000",4,"130,780",2.19,2.19,2.17,2.18,-,0.02,2.10,350,2.11,10,
732957,信驊元大4A購09,"147,000",8,"418,420",2.91,2.94,2.80,2.80,-,0.12,2.76,250,2.84,10,
732958,博智元大4A購01,0,0,0,---,---,---, ---,,,0.00,0,0.94,20,
732959,元太元富4A購01,"238,000",9,"460,720",1.94,1.98,1.88,1.92,-,0.08,0.76,13,0.00,0,
732960,高鋒元富4A購01,"3,000",2,"7,480",2.50,2.50,2.48,2.48,-,0.13,2.39,25,2.49,10,
732961,環球晶元富4A購03,"534,000",9,"1,415,600",2.58,2.77,2.58,2.71,-,0.04,2.66,25,2.76,10,
732962,旺矽中信4B購01,"1,000",1,730,0.73,0.73,0.73,0.73,-,0.03,0.72,499,0.73,10,
732963,新盛力中信4B購01,"802,000",66,"785,330",1.02,1.02,0.94,0.98,-,0.02,0.96,12,0.97,10,
732964,鑫科中信4A購01,"153,000",19,"86,020",0.58,0.59,0.51,0.51,-,0.09,0.50,11,0.51,9,
732965,元太永豐4A購02,"2,000",1,"2,080",1.04,1.04,1.04,1.04,-,0.04,0.45,22,0.00,0,
732966,系統電永豐51購01,"50,000",1,"61,000",1.22,1.22,1.22,1.22,+,0.04,1.05,499,1.07,10,
732967,東捷永豐4A購01,"53,000",4,"35,450",0.71,0.71,0.64,0.64,-,0.07,0.33,30,0.80,5,
732968,金益鼎永豐4C購01,0,0,0,---,---,---, ---,,,0.47,499,0.48,10,
732969,泰茂永豐4A購01,"23,000",1,"25,300",1.10,1.10,1.10,1.10,-,0.04,1.10,62,1.11,10,
732970,新盛力永豐4A購01,"95,000",13,"130,800",1.40,1.42,1.33,1.35,-,0.04,1.34,100,1.35,10,
732971,碩禾永豐4C購01,0,0,0,---,---,---, ---,,,2.02,499,2.04,10,
732972,旺矽國泰51購01,0,0,0,---,---,---, ---,,,3.02,330,3.12,100,
732973,原相國泰51購01,"178,000",7,"420,950",2.43,2.43,2.33,2.34,-,0.19,2.34,499,2.36,100,
732974,雙鴻富邦4C購02,0,0,0,---,---,---, ---,,,1.62,10,1.72,10,
732975,新盛力台新4A購01,"18,000",4,"45,040",2.56,2.56,2.46,2.46,-,0.19,2.42,20,2.43,10,
732976,信驊凱基4A購05,"62,000",8,"212,780",3.46,3.53,3.29,3.29,-,0.26,3.29,100,3.39,10,
732977,順達凱基4A購01,"72,000",3,"142,540",1.98,1.98,1.97,1.97,-,0.03,1.98,100,1.99,10,
732978,鈊象凱基4A購06,0,0,0,---,---,---, ---,,,2.39,100,2.40,10,
732979,順達群益51購01,"6,000",4,"21,330",3.52,3.61,3.52,3.53,-,0.09,3.55,100,3.56,100,
732980,友輝凱基4A購02,0,0,0,---,---,---, ---,,,3.16,20,3.26,10,
732981,宇峻凱基4A購01,"164,000",16,"185,550",1.18,1.20,1.09,1.09,-,0.08,1.09,100,1.10,10,
732982,旺矽凱基4A購04,"5,000",2,"14,200",2.76,2.86,2.76,2.86,-,0.0,2.73,100,2.74,10,
732983,信驊凱基4A購07,"74,000",8,"266,400",3.63,3.72,3.47,3.47,-,0.26,3.43,100,3.53,10,
732984,雙鴻凱基4B購04,"1,000",1,"3,830",3.83,3.83,3.83,3.83,-,0.14,3.78,100,3.88,10,
732985,富喬國泰51購01,"30,000",2,"107,300",3.64,3.64,3.45,3.45,+,0.31,3.15,499,3.25,100,
732986,旺矽元富51購03,"8,000",2,"18,000",2.25,2.25,2.25,2.25,-,0.08,2.23,25,2.24,25,
732987,譜瑞元富4A購01,"26,000",5,"60,140",2.33,2.33,2.31,2.32,-,0.05,2.31,25,2.35,25,
732988,譜瑞中信4A購01,"16,000",4,"31,510",1.98,2.01,1.94,1.94,-,0.16,1.92,499,2.02,10,
732989,弘塑永豐4B購01,"81,000",6,"273,170",3.45,3.45,3.20,3.23,-,0.36,2.27,8,0.00,0,
732990,信驊永豐4C購01,0,0,0,---,---,---, ---,,,2.66,200,2.76,10,
732991,順達永豐4B購01,"25,000",1,"40,000",1.60,1.60,1.60,1.60,-,0.06,1.59,499,1.63,10,
732992,旺矽元大4A購07,"81,000",6,"179,550",2.17,2.23,2.17,2.23,-,0.15,2.16,350,2.17,10,
732993,旺矽元大4A購08,"10,000",2,"21,620",2.16,2.17,2.16,2.17,-,0.07,2.16,350,2.17,10,
732994,振曜元大4A購02,"90,000",3,"81,100",0.86,0.92,0.86,0.91,-,0.01,0.90,499,0.92,10,
732995,高鋒元大51購01,"20,000",4,"20,580",1.03,1.03,1.02,1.02,-,0.01,0.75,13,0.00,0,
732996,新應材元富54購01,"87,000",11,"285,520",3.18,3.46,3.06,3.46,+,0.54,3.39,25,3.49,25,
732997,雙鴻中信4C購01,"19,000",1,"14,820",0.78,0.78,0.78,0.78,+,0.01,0.75,10,0.76,10,
732998,台燿永豐4A購01,0,0,0,---,---,---, ---,,,1.06,499,1.07,10,
732999,兆利永豐4C購01,"110,000",2,"79,700",0.77,0.77,0.72,0.72,+,0.01,0.67,62,0.68,10,
733000,系統電永豐4A購02,"37,000",4,"51,700",1.40,1.40,1.39,1.39,+,0.02,1.16,499,1.19,10,
733001,旺矽永豐4A購03,"43,000",6,"108,810",2.51,2.55,2.51,2.51,-,0.08,2.42,499,2.43,10,
733002,鈊象永豐51購02,0,0,0,---,---,---, ---,,,1.22,499,1.24,10,
733003,新應材永豐4A購01,"256,000",17,"816,680",2.88,3.40,2.88,3.24,+,0.31,3.43,62,3.50,62,
733004,精測永豐4C購01,0,0,0,---,---,---, ---,,,5.30,499,5.40,10,
733005,聰泰永豐4C購01,"98,000",7,"100,650",1.03,1.06,0.99,0.99,-,0.05,0.98,499,0.99,10,
733006,譜瑞永豐4C購01,"54,000",4,"135,840",2.51,2.53,2.51,2.53,-,0.0,2.52,62,2.56,10,
733007,友輝群益4C購01,"10,000",2,"31,100",3.11,3.11,3.11,3.11,-,0.14,1.48,5,0.00,0,
733008,旺矽群益54購01,0,0,0,---,---,---, ---,,,1.49,25,1.50,10,
733009,信驊群益54購05,"3,000",2,"6,940",2.38,2.38,2.28,2.28,-,0.09,2.30,100,2.31,100,
733010,富喬台新4A購01,"18,000",2,"48,020",2.65,2.81,2.65,2.81,+,0.45,2.40,20,2.41,10,
733011,新應材凱基4C購01,"119,000",17,"582,320",4.75,5.25,4.53,5.25,+,0.97,5.20,20,5.25,10,
733012,雙鴻凱基4C購02,"5,000",2,"13,230",2.71,2.71,2.63,2.63,-,0.2,2.67,100,2.77,10,
733013,弘塑元大4A購04,"35,000",5,"124,430",3.46,3.62,3.46,3.62,-,0.11,0.00,0,0.00,0,
733014,鈊象元大4A購19,"263,000",4,"317,780",1.21,1.21,1.17,1.17,+,0.03,1.16,499,1.17,10,
733015,博智統一53購04,0,0,0,---,---,---, ---,,,0.95,10,0.96,10,
733016,台燿國票4C購01,"4,000",3,"7,820",1.99,1.99,1.94,1.94,-,0.05,1.95,25,1.96,10,
733017,欣銓國票4C購01,0,0,0,---,---,---, ---,,,2.53,25,2.54,10,
733018,信驊國票4C購01,0,0,0,---,---,---, ---,,,3.46,25,3.47,10,
733019,精剛國票4C購01,0,0,0,---,---,---, ---,,,0.90,25,0.91,10,
733020,昇達科國泰52購01,0,0,0,---,---,---, ---,,,1.22,499,1.23,100,
733021,華星光國泰52購01,0,0,0,---,---,---, ---,,,2.38,499,2.40,100,
733022,力旺富邦51購01,"77,000",2,"53,080",0.68,0.69,0.68,0.69,+,0.06,0.64,10,0.65,10,
733023,信驊富邦51購01,"26,000",6,"52,150",2.05,2.05,1.94,1.94,-,0.1,1.96,10,1.97,10,
733024,萬潤富邦51購01,0,0,0,---,---,---, ---,,,1.03,10,1.04,10,
733025,華星光統一5B購02,"18,000",1,"15,480",0.86,0.86,0.86,0.86,+,0.01,0.81,10,0.82,10,
733026,力旺國票4B購05,"9,000",1,"12,600",1.40,1.40,1.40,1.40,+,0.04,1.29,25,1.32,10,
733027,力旺國票51購01,0,0,0,---,---,---, ---,,,1.03,25,1.05,10,
733028,天品國票4B購03,"151,000",5,"231,260",1.51,1.58,1.41,1.41,-,0.14,1.30,25,1.31,10,
733029,弘塑國票4C購01,"40,000",1,"144,000",3.60,3.60,3.60,3.60,-,0.07,3.31,25,3.41,10,
733030,印能國票4C購01,0,0,0,---,---,---, ---,,,1.19,25,1.21,10,
733031,原相國票4C購01,"45,000",3,"56,180",1.27,1.27,1.18,1.18,-,0.14,1.15,25,1.16,10,
733032,富喬國票4C購02,"10,000",1,"33,000",3.30,3.30,3.30,3.30,+,0.42,2.90,25,3.00,10,
733033,華星光國票4C購02,0,0,0,---,---,---, ---,,,2.61,25,2.62,10,
733034,叡揚國票4B購01,0,0,0,---,---,---, ---,,,0.90,25,0.91,10,
733035,雙鴻國票4C購01,0,0,0,---,---,---, ---,,,3.88,25,3.89,10,
733036,印能群益4C購01,"319,000",8,"334,950",1.03,1.06,1.03,1.05,-,0.07,1.04,25,1.07,10,
733037,昇達科群益4C購02,0,0,0,---,---,---, ---,,,0.80,100,0.81,100,
733038,昇達科群益51購01,0,0,0,---,---,---, ---,,,0.99,100,1.00,100,
733039,昇達科群益53購01,0,0,0,---,---,---, ---,,,1.20,100,1.21,100,
733040,振曜群益53購01,0,0,0,---,---,---, ---,,,0.87,25,0.88,10,
733041,力旺元大4B購01,"429,000",8,"467,580",1.09,1.13,1.06,1.06,-,0.0,1.03,4,1.10,20,
733042,天品元大4B購01,"445,000",15,"363,200",0.86,0.86,0.71,0.72,-,0.13,0.71,499,0.72,10,
733043,宇峻元大4B購01,0,0,0,---,---,---, ---,,,1.98,350,2.02,10,
733044,昇達科元大4B購01,"1,000",1,970,0.97,0.97,0.97,0.97,+,0.01,0.92,499,0.93,10,
733045,昇達科元大4B購02,"55,000",5,"52,000",0.96,0.97,0.90,0.90,-,0.03,0.90,499,0.91,10,
733046,富喬元大54購01,"97,000",16,"170,530",1.69,1.83,1.63,1.75,+,0.17,1.60,25,1.61,10,
733047,華星光元大54購01,"295,000",12,"415,980",1.41,1.43,1.36,1.36,-,0.04,1.34,499,1.35,10,
733048,新應材元大4B購01,"137,000",15,"473,610",3.48,3.86,3.31,3.83,+,0.55,3.78,250,3.83,10,
733049,力旺中信4B購02,0,0,0,---,---,---, ---,,,0.44,10,0.46,10,
733050,亞泰中信4B購01,0,0,0,---,---,---, ---,,,0.50,499,0.51,10,
733051,昇達科中信4C購01,"4,000",1,"1,320",0.33,0.33,0.33,0.33,-,0.02,0.33,499,0.34,10,
733052,華星光中信4B購01,"51,000",5,"31,830",0.62,0.63,0.62,0.63,+,0.03,0.57,10,0.58,10,
733053,群聯中信4B購01,"55,000",1,"55,000",1.00,1.00,1.00,1.00,+,0.05,0.90,499,0.92,10,
733054,弘塑元富4B購02,0,0,0,---,---,---, ---,,,1.69,15,0.00,0,
733055,弘塑元富4B購03,"9,000",2,"38,340",4.14,4.50,4.14,4.50,-,0.03,1.85,5,0.00,0,
733056,華星光元富55購01,"12,000",3,"32,560",2.79,2.79,2.70,2.70,-,0.08,2.65,25,2.67,25,
733057,艾訊永豐52購01,0,0,0,---,---,---, ---,,,0.40,499,0.41,10,
733058,宏碁資永豐4C購01,"2,000",1,"2,540",1.27,1.27,1.27,1.27,-,0.07,1.28,499,1.30,10,
733059,昇達科永豐4B購02,"50,000",3,"30,480",0.62,0.64,0.58,0.58,-,0.06,0.58,499,0.59,62,
733060,昇達科永豐51購02,0,0,0,---,---,---, ---,,,0.86,499,0.87,62,
733061,茂訊永豐4C購01,"19,000",1,"55,100",2.90,2.90,2.90,2.90,+,0.01,2.82,499,2.86,10,
733062,穩懋永豐4C購01,"180,000",9,"350,100",2.13,2.13,1.90,1.90,-,0.24,0.93,10,0.00,0,
733063,昇達科台新4B購01,"30,000",2,"22,880",0.76,0.80,0.76,0.80,-,0.0,0.80,20,0.81,10,
733064,華星光台新4B購01,"4,000",1,"8,680",2.17,2.17,2.17,2.17,-,0.03,2.04,20,2.05,10,
733065,天品凱基4C購01,"373,000",6,"486,900",1.49,1.49,1.25,1.25,-,0.15,1.22,100,1.23,10,
733066,台燿凱基51購01,"11,000",3,"25,200",2.33,2.33,2.24,2.25,-,0.04,2.24,100,2.25,10,
733067,宏碁資凱基4B購01,0,0,0,---,---,---, ---,,,1.88,20,1.89,10,
733068,旺矽凱基4B購05,"8,000",2,"21,070",2.64,2.64,2.59,2.59,-,0.07,2.57,100,2.58,10,
733069,昇達科凱基4B購01,"2,000",1,"2,220",1.11,1.11,1.11,1.11,+,0.02,1.06,50,1.07,10,
733070,信驊凱基55購01,"2,000",2,"8,250",4.19,4.19,4.06,4.06,-,0.16,4.05,100,4.15,10,
733071,原相凱基4B購02,"145,000",4,"183,660",1.35,1.35,1.24,1.24,-,0.15,1.23,100,1.24,10,
733072,華星光凱基4C購03,"5,000",3,"8,020",1.61,1.64,1.59,1.59,+,0.01,1.50,100,1.51,10,
733073,華星光群益4B購03,"261,000",7,"326,150",1.29,1.29,1.23,1.24,-,0.05,1.20,100,1.21,100,
733074,鴻呈群益55購01,"78,000",1,"61,620",0.79,0.79,0.79,0.79,-,0.0,0.54,18,0.00,0,
733075,雙鴻群益53購01,"4,000",1,"3,600",0.90,0.90,0.90,0.90,+,0.01,0.61,25,0.00,0,
733076,弘塑凱基4B購04,"10,000",1,"41,500",4.15,4.15,4.15,4.15,-,0.11,0.00,0,0.00,0,
733077,正德凱基4B購02,0,0,0,---,---,---, ---,,,0.89,100,0.90,10,
733078,印能凱基4C購01,0,0,0,---,---,---, ---,,,1.48,100,1.49,10,
733079,振曜凱基4B購02,"192,000",12,"250,630",1.32,1.36,1.25,1.36,+,0.03,1.34,75,1.35,10,
733080,鈺太凱基4B購01,"88,000",7,"109,210",1.30,1.30,1.20,1.21,-,0.32,1.20,50,1.21,8,
733081,叡揚凱基4B購01,"11,000",3,"11,870",1.02,1.11,1.02,1.11,+,0.08,1.01,100,1.03,10,
733082,叡揚國泰52購01,0,0,0,---,---,---, ---,,,1.35,499,1.37,100,
733083,宇峻統一55購01,"525,000",13,"496,050",0.95,0.96,0.93,0.93,-,0.01,0.92,60,0.93,10,
733084,新應材統一55購01,"1,249,000",38,"1,567,410",1.16,1.34,1.16,1.32,+,0.14,1.32,10,1.33,10,
733085,台燿元大4B購01,"420,000",14,"517,310",1.23,1.25,1.19,1.19,-,0.04,1.18,499,1.19,10,
733086,弘塑元大4B購01,"301,000",3,"385,460",1.46,1.46,1.28,1.28,-,0.18,0.74,13,0.00,0,
733087,系微元大4B購02,"191,000",1,"131,790",0.69,0.69,0.69,0.69,-,0.06,0.68,499,0.69,10,
733088,昇達科元大4B購03,"53,000",2,"42,630",0.78,0.81,0.78,0.81,+,0.03,0.74,499,0.75,10,
733089,欣銓元大54購01,"11,000",2,"12,610",1.21,1.21,1.14,1.14,-,0.08,1.14,499,1.15,10,
733090,信驊元大4B購01,"54,000",5,"130,690",2.44,2.49,2.40,2.49,+,0.02,2.32,300,2.40,10,
733091,華星光元大54購02,"71,000",3,"98,780",1.43,1.43,1.38,1.39,-,0.04,1.38,499,1.39,10,
733092,叡揚元大4B購01,"260,000",2,"205,400",0.79,0.79,0.79,0.79,+,0.01,0.77,499,0.79,10,
733093,叡揚元大4B購02,0,0,0,---,---,---, ---,,,0.85,499,0.88,10,
733094,新應材元富4B購01,0,0,0,---,---,---, ---,,,3.76,25,3.81,25,
733095,天品中信4C購01,"564,000",26,"322,490",0.62,0.64,0.46,0.46,-,0.15,0.47,10,0.48,10,
733096,欣銓永豐4B購02,"5,000",1,"4,950",0.99,0.99,0.99,0.99,-,0.09,0.98,499,0.99,10,
733097,神準永豐4B購02,"138,000",5,"124,960",0.93,0.93,0.81,0.82,-,0.12,0.81,500,0.83,62,
733098,富喬永豐4B購01,"17,000",1,"29,750",1.75,1.75,1.75,1.75,+,0.21,1.60,499,1.62,10,
733099,華星光永豐51購01,0,0,0,---,---,---, ---,,,1.24,499,1.25,10,
733100,僑威永豐4B購01,"45,000",2,"83,750",1.87,1.87,1.86,1.86,+,0.05,1.74,62,1.75,62,
733101,德微永豐51購01,"61,000",3,"65,090",1.06,1.08,1.05,1.05,-,0.01,0.98,499,1.02,10,
733102,環球晶永豐4C購01,"29,000",2,"68,160",2.34,2.37,2.34,2.37,+,0.1,2.27,499,2.37,10,
733103,雙鴻永豐52購01,0,0,0,---,---,---, ---,,,0.00,0,0.00,0,
733104,千附精國票4C購02,0,0,0,---,---,---, ---,,,1.08,25,1.09,10,
733105,中光電國票4B購01,"10,000",1,"10,400",1.04,1.04,1.04,1.04,-,0.03,0.98,25,0.99,10,
733106,均豪國票4B購01,"387,000",34,"740,730",1.82,2.07,1.82,1.91,+,0.09,1.91,25,1.92,10,
733107,系微國票4C購01,"13,000",1,"6,240",0.48,0.48,0.48,0.48,+,0.01,0.42,25,0.43,10,
733108,良維國票4C購01,"1,000",1,"3,370",3.37,3.37,3.37,3.37,+,0.04,3.50,25,3.58,10,
733109,長佳智國票4C購01,"6,000",1,"6,000",1.00,1.00,1.00,1.00,-,0.04,1.01,25,1.02,10,
733110,康全電國票4C購01,0,0,0,---,---,---, ---,,,0.46,25,0.47,10,
733111,頎邦國票4C購01,"52,000",3,"43,950",0.90,0.90,0.83,0.83,-,0.87,0.82,25,0.84,10,
733112,營邦國票53購01,"170,000",17,"260,000",1.57,1.58,1.48,1.48,-,0.14,1.48,35,1.49,10,
733113,環球晶國票4B購01,"439,000",11,"953,600",2.13,2.29,2.13,2.26,-,0.01,2.23,25,2.24,10,
733114,鑫科國票4B購01,"133,000",12,"161,980",1.32,1.32,1.14,1.14,-,0.21,1.14,24,1.15,10,
733115,昇達科國票4B購01,0,0,0,---,---,---, ---,,,0.91,25,0.92,10,
733116,昇達科國票4C購03,0,0,0,---,---,---, ---,,,0.93,25,0.95,10,
733117,威剛國票4C購02,0,0,0,---,---,---, ---,,,2.17,25,2.19,10,
733118,富喬國票51購02,"21,000",2,"56,840",2.60,2.74,2.60,2.74,+,0.3,2.47,25,2.48,10,
733119,新應材國票4B購02,0,0,0,---,---,---, ---,,,3.45,25,3.48,10,
733120,欣銓元富4B購02,"15,000",1,"25,200",1.68,1.68,1.68,1.68,-,0.03,1.57,25,1.58,25,
733121,新應材元富4B購02,"565,000",32,"2,155,930",3.13,3.87,3.13,3.80,+,0.73,3.79,25,3.80,17,
733122,精剛元富55購01,"1,000",1,"1,540",1.54,1.54,1.54,1.54,-,0.06,1.52,25,1.53,25,
733123,大江永豐51購01,0,0,0,---,---,---, ---,,,3.31,499,3.36,10,
733124,中光電永豐51購01,0,0,0,---,---,---, ---,,,1.94,499,1.95,10,
733125,鈺太永豐4B購01,"94,000",6,"80,720",0.87,0.87,0.85,0.85,-,0.2,0.79,499,0.80,12,
733126,友輝凱基4B購01,0,0,0,---,---,---, ---,,,1.68,20,1.78,10,
733127,富喬凱基52購01,"115,000",20,"350,370",2.98,3.28,2.92,2.92,+,0.06,2.88,10,2.89,10,
733128,萬潤凱基4B購02,"57,000",10,"204,200",3.81,3.81,3.40,3.50,-,0.12,3.40,100,3.50,10,
733129,環球晶凱基4B購02,"4,000",1,"11,520",2.88,2.88,2.88,2.88,+,0.06,2.80,100,2.81,10,
733130,天品國泰52購01,"109,000",15,"256,780",2.46,2.56,2.16,2.16,-,0.34,2.14,499,2.16,100,
733131,弘塑群益4B購03,"49,000",4,"89,610",1.79,1.85,1.79,1.85,+,0.05,1.20,8,0.00,0,
733132,正德群益52購01,0,0,0,---,---,---, ---,,,1.22,25,1.24,10,
733133,振曜群益59購01,"99,000",2,"80,670",0.82,0.82,0.81,0.81,-,0.02,0.83,25,0.84,10,
733134,高鋒群益51購01,"5,000",1,"3,300",0.66,0.66,0.66,0.66,-,0.04,0.37,27,0.00,0,
733135,華星光群益53購01,"9,000",1,"12,600",1.40,1.40,1.40,1.40,-,0.02,1.33,100,1.34,100,
733136,叡揚群益51購01,"11,000",2,"14,380",1.31,1.31,1.28,1.28,-,0.08,1.28,25,1.29,10,
733137,旺矽台新4B購01,"31,000",3,"69,460",2.20,2.29,2.20,2.29,-,0.0,2.21,20,2.22,10,
733138,新應材統一52購01,"445,000",16,"676,800",1.40,1.65,1.40,1.65,+,0.25,1.64,10,1.65,10,
733139,廣明統一54購01,0,0,0,---,---,---, ---,,,0.72,10,0.73,10,
733140,叡揚統一55購01,"4,000",1,"2,400",0.60,0.60,0.60,0.60,+,0.01,0.59,10,0.60,6,
733141,宇峻元大4B購02,0,0,0,---,---,---, ---,,,1.99,350,2.04,10,
733142,昇達科元大55購01,"6,000",2,"6,540",1.10,1.10,1.04,1.04,-,0.01,1.03,499,1.04,10,
733143,華星光元大4B購06,"12,000",2,"17,940",1.52,1.52,1.47,1.47,-,0.07,1.46,499,1.47,10,
733144,鈊象元大4B購08,0,0,0,---,---,---, ---,,,1.26,499,1.28,10,
733145,新應材元大4B購02,"135,000",17,"442,800",3.25,3.66,3.07,3.66,+,0.61,3.57,250,3.59,10,
733146,雙鴻元大4B購04,"9,000",2,"19,490",2.15,2.17,2.15,2.17,+,0.05,0.00,0,0.00,0,
733147,M31群益4B購01,"51,000",1,"64,260",1.26,1.26,1.26,1.26,-,0.05,1.19,100,1.20,100,
733148,友輝群益4B購01,0,0,0,---,---,---, ---,,,0.00,0,0.00,0,
733149,宇峻群益4C購01,"143,000",9,"177,460",1.24,1.25,1.18,1.18,-,0.04,1.18,25,1.21,10,
733150,振曜群益55購01,"8,000",2,"7,120",0.89,0.89,0.89,0.89,-,0.04,0.89,25,0.90,10,
733151,康全電群益52購01,"500,000",5,"200,000",0.40,0.40,0.40,0.40,-,0.01,0.36,25,0.41,10,
733152,華星光群益51購03,"7,000",2,"10,440",1.50,1.50,1.44,1.44,-,0.07,1.43,100,1.44,100,
733153,新應材群益52購01,"2,000",2,"5,340",2.64,2.70,2.64,2.70,+,0.51,2.76,100,2.77,100,
733154,環球晶群益4B購03,"1,000",1,"1,620",1.62,1.62,1.62,1.62,+,0.04,1.60,100,1.61,100,
733155,雙鴻群益55購01,0,0,0,---,---,---, ---,,,0.00,0,0.00,0,
733156,M31元富4B購03,0,0,0,---,---,---, ---,,,1.50,25,1.53,25,
733157,智通*元富4C購01,0,0,0,---,---,---, ---,,,0.84,25,0.94,25,
733158,新應材元富51購01,"102,000",18,"379,280",3.47,4.13,3.47,4.05,+,0.67,4.02,25,4.03,25,
733159,萬潤元富4B購01,"1,000",1,"2,070",2.07,2.07,2.07,2.07,+,0.05,1.93,25,2.03,10,
733160,擎邦元富4B購01,"29,000",3,"38,860",1.34,1.34,1.34,1.34,-,0.03,1.34,10,1.44,25,
733161,M31中信4B購02,0,0,0,---,---,---, ---,,,0.49,499,0.50,10,
733162,大江中信4B購01,0,0,0,---,---,---, ---,,,0.28,10,0.29,10,
733163,新應材中信4B購01,"133,000",20,"171,550",1.12,1.39,1.12,1.37,+,0.22,1.36,10,1.38,10,
733164,M31永豐51購01,"70,000",3,"102,100",1.50,1.50,1.43,1.43,-,0.09,1.43,200,1.45,10,
733165,元太永豐4B購01,"58,000",4,"81,750",1.41,1.41,1.40,1.41,-,0.04,1.05,2,0.00,0,
733166,世禾永豐4B購01,"78,000",3,"91,020",1.17,1.17,1.15,1.15,-,0.04,1.10,10,1.12,10,
733167,佶優永豐4B購01,0,0,0,---,---,---, ---,,,0.84,499,0.85,10,
733168,信紘科永豐4B購01,0,0,0,---,---,---, ---,,,0.99,499,1.00,10,
733169,大江國泰52購01,"28,000",1,"38,640",1.38,1.38,1.38,1.38,-,0.01,1.34,10,1.44,10,
733170,新應材國泰52購01,0,0,0,---,---,---, ---,,,4.04,499,4.06,100,
733171,綠界*國泰52購01,0,0,0,---,---,---, ---,,,1.93,499,1.96,100,
733172,環球晶國泰52購01,0,0,0,---,---,---, ---,,,2.01,499,2.03,100,
733173,旺矽富邦51購01,"481,000",20,"695,740",1.42,1.48,1.42,1.42,-,0.09,1.42,10,1.43,10,
733174,昇達科富邦4B購01,"55,000",1,"24,200",0.44,0.44,0.44,0.44,-,0.02,0.44,30,0.45,10,
733175,鈊象富邦51購02,"113,000",3,"101,540",0.90,0.90,0.88,0.88,-,0.0,0.87,10,0.88,10,
733176,新應材富邦4B購01,"101,000",16,"175,820",1.57,1.88,1.57,1.88,+,0.27,1.87,30,1.88,10,
733177,昇達科統一55購03,0,0,0,---,---,---, ---,,,0.53,10,0.54,10,
733178,華星光統一59購04,"32,000",2,"30,680",0.98,0.98,0.94,0.94,-,0.03,0.93,10,0.94,10,
733179,萬潤統一55購01,"30,000",14,"32,290",1.09,1.14,1.04,1.04,-,0.03,1.04,90,0.00,0,
733180,M31元大4B購01,"160,000",2,"204,800",1.28,1.28,1.28,1.28,-,0.1,1.26,25,1.29,10,
733181,M31元大4B購02,"364,000",9,"470,770",1.33,1.35,1.26,1.27,-,0.09,1.25,25,1.28,10,
733182,系微元大4B購03,0,0,0,---,---,---, ---,,,0.58,499,0.59,10,
733183,昇達科元大55購02,0,0,0,---,---,---, ---,,,0.91,499,0.92,10,
733184,華星光元大4B購07,"7,000",1,"7,910",1.13,1.13,1.13,1.13,-,0.02,1.07,499,1.08,10,
733185,M31台新4B購01,0,0,0,---,---,---, ---,,,1.36,20,1.37,10,
733186,千附精國票4C購03,0,0,0,---,---,---, ---,,,1.20,25,1.21,10,
733187,順達國票4C購02,"3,000",2,"8,430",2.81,2.81,2.81,2.81,-,0.03,2.80,25,2.81,10,
733188,友輝凱基51購01,0,0,0,---,---,---, ---,,,2.14,30,2.24,10,
733189,宇峻凱基4C購01,0,0,0,---,---,---, ---,,,0.67,100,0.68,10,
733190,良維凱基4B購03,"10,000",1,"15,900",1.59,1.59,1.59,1.59,+,0.03,1.49,100,1.59,10,
733191,新應材凱基4B購01,0,0,0,---,---,---, ---,,,5.25,100,5.75,10,
733192,雙鴻富邦51購01,"7,000",1,"10,570",1.51,1.51,1.51,1.51,+,0.01,1.44,10,1.45,10,
733193,元債20元富55購01,"25,000",3,"31,400",1.24,1.28,1.24,1.28,+,0.1,1.34,25,1.35,25,
733194,宇峻中信4B購01,"98,000",6,"26,960",0.30,0.30,0.27,0.27,-,0.01,0.26,14,0.27,10,
733195,宇峻群益4C購02,"135,000",3,"123,800",0.93,0.93,0.88,0.88,-,0.02,0.88,25,0.90,10,
733196,新復興群益4B購02,"40,000",1,"20,800",0.52,0.52,0.52,0.52,-,0.0,0.49,25,0.50,10,
733197,M31國票4C購02,"15,000",1,"18,600",1.24,1.24,1.24,1.24,+,0.01,1.15,25,1.17,10,
733198,佳邦國票4C購01,0,0,0,---,---,---, ---,,,1.78,25,1.80,10,
733199,金益鼎國票4C購01,0,0,0,---,---,---, ---,,,1.85,25,1.86,10,
733200,叡揚國票51購01,0,0,0,---,---,---, ---,,,0.79,25,0.80,10,
733201,台燿元大4B購02,"111,000",4,"155,820",1.38,1.41,1.38,1.39,-,0.06,1.32,499,1.34,10,
733202,宇峻元大52購01,"444,000",10,"229,540",0.54,0.54,0.50,0.50,-,0.04,0.50,499,0.51,10,
733203,昇達科元大4B購05,0,0,0,---,---,---, ---,,,0.90,499,0.91,10,
733204,富喬元大55購01,"37,000",5,"71,190",1.85,1.99,1.84,1.98,+,0.25,1.76,25,1.77,10,
733205,鈊象元大4C購04,0,0,0,---,---,---, ---,,,1.90,400,1.92,10,
733206,新應材元大4B購03,"68,000",7,"210,390",2.78,3.26,2.78,3.26,+,0.41,3.31,250,3.33,10,
733207,新應材元大4B購04,"604,000",32,"1,451,100",2.28,2.56,2.19,2.52,+,0.44,2.51,350,2.52,7,
733208,叡揚元大4B購03,"265,000",2,"151,050",0.57,0.57,0.57,0.57,-,0.05,0.56,499,0.59,10,
733209,宇峻國票4C購01,"21,000",2,"17,860",0.85,0.86,0.85,0.86,-,0.14,0.85,25,0.86,9,
733210,信驊國票4C購03,"255,000",5,"542,700",2.16,2.16,2.08,2.11,-,0.13,2.11,25,2.12,10,
733211,博智國票4B購02,"27,000",2,"37,700",1.40,1.40,1.30,1.30,-,0.0,1.35,25,1.36,10,
733212,良維群益4C購01,"15,000",2,"38,350",2.57,2.57,2.55,2.55,+,0.1,2.52,25,2.53,10,
733213,鈊象群益4B購04,0,0,0,---,---,---, ---,,,3.19,100,3.20,100,
733214,新應材群益4B購02,"46,000",5,"93,840",1.94,2.27,1.94,2.27,+,0.46,2.20,100,2.21,100,
733215,五福元富55購01,"65,000",2,"98,900",1.52,1.54,1.52,1.54,-,0.05,1.54,25,1.55,25,
733216,大宇資永豐52購01,"8,000",3,"7,040",0.89,0.89,0.87,0.87,-,0.03,0.83,62,0.84,10,
733217,正淩永豐52購01,"29,000",2,"25,900",0.88,0.90,0.88,0.90,+,0.04,0.84,499,0.85,10,
733218,宇峻永豐51購01,0,0,0,---,---,---, ---,,,0.57,499,0.58,10,
733219,松瑞藥永豐4C購01,0,0,0,---,---,---, ---,,,1.59,499,1.60,10,
733220,信驊永豐51購01,0,0,0,---,---,---, ---,,,1.24,499,1.34,10,
733221,宇峻國泰52購01,"15,000",3,"12,350",0.85,0.85,0.80,0.80,-,0.08,0.80,499,0.81,100,
733222,宇峻統一55購02,"82,000",3,"41,770",0.51,0.51,0.50,0.50,-,0.02,0.48,10,0.49,10,
733223,佳邦凱基4B購01,"6,000",2,"15,340",2.54,2.56,2.54,2.56,+,0.1,2.42,20,2.43,10,
733224,金益鼎凱基4C購01,0,0,0,---,---,---, ---,,,0.86,20,0.87,10,
733225,信驊凱基4B購01,"35,000",1,"81,550",2.33,2.33,2.33,2.33,-,0.17,2.27,100,2.37,10,
733226,新應材凱基4B購02,"218,000",18,"993,430",4.36,4.85,4.12,4.79,+,0.96,3.83,1,0.00,0,
733227,雙鴻凱基55購01,"14,000",12,"36,720",2.64,2.64,2.60,2.61,-,0.11,2.63,100,2.73,10,
733228,寶雅凱基4B購01,"25,000",1,"34,250",1.37,1.37,1.37,1.37,-,0.28,1.36,50,1.37,10,
733229,元債20富邦51購01,"61,000",4,"50,250",0.82,0.85,0.82,0.85,+,0.07,0.89,30,0.90,10,
733230,元債20富邦53購01,0,0,0,---,---,---, ---,,,0.52,30,0.53,10,
733231,良維元大4B購03,"20,000",3,"39,060",1.96,1.96,1.89,1.89,+,0.03,1.93,400,1.94,10,
733232,昇達科元大4B購06,0,0,0,---,---,---, ---,,,0.65,499,0.66,10,
733233,信驊元大4B購04,"134,000",6,"277,740",2.08,2.12,2.01,2.01,-,0.1,1.98,350,2.04,10,
733234,國債20元大4B購01,"559,000",5,"791,350",1.30,1.42,1.30,1.42,+,0.22,1.41,250,1.42,100,
733235,國債20元大51購01,0,0,0,---,---,---, ---,,,0.84,250,0.85,100,
733236,富喬元大55購02,"32,000",4,"41,000",1.20,1.30,1.20,1.30,+,0.12,1.18,25,1.19,10,
733237,新應材元大4B購05,"57,000",8,"188,540",3.00,3.49,3.00,3.49,+,0.42,3.56,250,3.58,10,
733238,山富群益4B購01,"28,000",6,"82,750",2.94,3.07,2.90,2.90,-,0.37,2.84,25,2.94,10,
733239,宇峻群益52購01,"82,000",1,"55,760",0.68,0.68,0.68,0.68,+,0.03,0.64,25,0.65,10,
733240,旺矽群益4B購02,"8,000",2,"23,420",2.95,2.95,2.89,2.89,-,0.13,2.87,100,2.88,100,
733241,信驊群益4B購02,"56,000",9,"248,970",4.53,4.65,4.29,4.35,-,0.24,4.38,100,4.39,100,
733242,鈊象群益4B購05,"9,000",2,"30,880",3.52,3.52,3.36,3.36,-,0.07,3.35,100,3.36,95,
733243,雙鴻群益57購01,0,0,0,---,---,---, ---,,,0.00,0,0.00,0,
733244,宇峻國泰4C購01,0,0,0,---,---,---, ---,,,0.63,499,0.64,100,
733245,信紘科凱基4B購01,"19,000",3,"34,130",1.81,1.81,1.77,1.77,-,0.08,1.75,100,1.76,10,
733246,新應材凱基52購01,"273,000",20,"988,260",3.42,3.85,3.22,3.75,+,0.6,3.74,27,0.00,0,
733247,宇峻富邦4B購01,"118,000",4,"54,180",0.45,0.46,0.45,0.46,-,0.04,0.42,30,0.43,28,
733248,宇峻統一5B購01,"47,000",1,"18,330",0.39,0.39,0.39,0.39,-,0.01,0.38,10,0.39,10,
733249,元債20元大51購01,"2,000",1,"2,240",1.12,1.12,1.12,1.12,+,0.1,1.22,250,1.23,100,
733250,元債20元大51購02,"8,000",2,"11,790",1.47,1.48,1.47,1.48,+,0.12,1.60,250,1.61,100,
733251,宇峻元大4B購03,"336,000",8,"95,630",0.31,0.31,0.27,0.27,-,0.07,0.27,499,0.28,10,
733252,宇峻元大52購02,"546,000",9,"215,120",0.40,0.40,0.38,0.38,-,0.0,0.37,532,0.38,10,
733253,昇達科元大4B購07,"41,000",2,"47,970",1.17,1.17,1.17,1.17,-,0.05,1.11,499,1.12,10,
733254,國債20元大4B購02,0,0,0,---,---,---, ---,,,0.98,499,0.99,100,
733255,國債20元大51購02,0,0,0,---,---,---, ---,,,0.52,499,0.53,100,
733256,新應材元大4B購06,"219,000",20,"426,080",1.92,2.15,1.82,2.13,+,0.43,2.11,450,2.82,65,
733257,萬潤元大4B購01,"34,000",5,"94,540",2.96,2.96,2.68,2.68,-,0.07,2.65,25,2.70,10,
733258,雙鴻元大4B購05,0,0,0,---,---,---, ---,,,0.00,0,0.00,0,
733259,宏碁資元富52購01,0,0,0,---,---,---, ---,,,1.30,25,1.32,25,
733260,宏碁資元富52購02,0,0,0,---,---,---, ---,,,1.02,25,1.04,25,
733261,新應材元富4B購03,"79,000",10,"196,180",2.29,2.58,2.29,2.58,+,0.47,2.56,35,2.58,25,
733262,台燿中信4B購01,"167,000",12,"333,190",1.95,2.04,1.91,1.91,-,0.13,1.88,499,1.92,10,
733263,大宇資永豐51購01,0,0,0,---,---,---, ---,,,1.24,499,1.25,10,
733264,元債20永豐55購01,0,0,0,---,---,---, ---,,,1.03,499,1.04,62,
733265,良維永豐51購01,0,0,0,---,---,---, ---,,,1.09,499,1.10,10,
733266,博智永豐52購01,0,0,0,---,---,---, ---,,,1.20,499,1.30,10,
733267,鈊象永豐52購01,"20,000",1,"56,400",2.82,2.82,2.82,2.82,-,0.0,2.79,499,2.81,10,
733268,營邦永豐51購01,"43,000",2,"47,820",1.10,1.12,1.10,1.12,-,0.05,1.04,499,1.05,10,
733269,宇峻國票4C購02,0,0,0,---,---,---, ---,,,0.84,25,0.86,10,
733270,新應材國票51購01,"12,000",4,"40,130",3.07,3.51,3.07,3.41,+,0.62,3.40,25,3.41,10,
733271,欣銓台新4B購01,0,0,0,---,---,---, ---,,,1.60,20,1.61,10,
733272,新復興台新4B購01,"24,000",1,"29,520",1.23,1.23,1.23,1.23,-,0.03,1.27,20,1.28,10,
733273,大宇資凱基4C購01,0,0,0,---,---,---, ---,,,0.50,20,0.51,30,
733274,金益鼎凱基4C購02,0,0,0,---,---,---, ---,,,0.92,40,0.93,30,
733275,原相凱基4B購03,"204,000",12,"437,730",2.28,2.28,2.09,2.10,-,0.22,2.09,48,2.10,5,
733276,營邦凱基51購02,"27,000",5,"80,240",2.96,3.00,2.94,2.94,-,0.18,2.73,20,2.74,10,
733277,M31國票4C購03,0,0,0,---,---,---, ---,,,3.83,25,3.88,10,
733278,山富國票4C購03,"335,000",7,"672,380",1.97,2.05,1.97,1.97,-,0.23,1.97,20,1.98,10,
733279,五福國票4C購03,0,0,0,---,---,---, ---,,,1.22,25,1.23,10,
733280,元債20國票4B購02,"10,000",1,"11,400",1.14,1.14,1.14,1.14,+,0.17,1.13,25,1.15,10,
733281,元債20國票51購01,0,0,0,---,---,---, ---,,,0.80,25,0.81,10,
733282,正德國票4C購01,"15,000",2,"30,450",2.03,2.03,2.03,2.03,-,0.03,1.95,25,1.96,10,
733283,宇峻國票4C購04,0,0,0,---,---,---, ---,,,0.47,25,0.48,10,
733284,系微國票4C購02,"58,000",3,"88,830",1.56,1.56,1.45,1.45,-,0.11,1.44,25,1.45,10,
733285,邑錡國票4B購01,"15,000",1,"16,200",1.08,1.08,1.08,1.08,-,0.01,1.07,25,1.08,10,
733286,佶優國票4B購01,0,0,0,---,---,---, ---,,,0.86,25,0.87,10,
733287,晟田國票4C購02,"1,000",1,"1,270",1.27,1.27,1.27,1.27,-,0.23,1.24,25,1.25,10,
733288,晟田國票53購01,"14,000",5,"17,530",1.27,1.27,1.17,1.17,-,0.14,1.15,25,1.16,10,
733289,國債20國票4B購01,"65,000",3,"75,100",1.13,1.22,1.13,1.22,+,0.18,1.21,25,1.22,5,
733290,智通*國票4B購02,"5,000",1,"6,050",1.21,1.21,1.21,1.21,-,0.04,1.20,25,1.21,10,
733291,山富群益51購01,"197,000",17,"402,050",1.31,2.08,1.31,2.00,-,0.0,1.96,25,1.99,10,
733292,邑錡群益4B購01,0,0,0,---,---,---, ---,,,0.97,100,0.98,100,
733293,昇達科群益51購03,0,0,0,---,---,---, ---,,,1.22,100,1.23,100,
733294,信紘科群益4B購02,"42,000",5,"100,300",2.44,2.46,2.36,2.36,-,0.16,2.36,15,2.39,10,
733295,信驊群益4B購03,"18,000",2,"75,900",4.19,4.25,4.19,4.25,+,0.01,4.04,100,4.05,100,
733296,晟田群益4B購03,"31,000",4,"25,360",0.87,0.87,0.78,0.78,-,0.11,0.75,25,0.76,10,
733297,五福元富4B購01,"5,000",1,"5,100",1.02,1.02,1.02,1.02,-,0.13,1.00,25,1.02,25,
733298,良維元富4B購01,0,0,0,---,---,---, ---,,,2.00,25,2.04,25,
733299,神準元富4B購02,"275,000",10,"276,350",1.06,1.06,0.95,0.95,-,0.12,0.94,25,0.95,20,
733300,富喬國泰4C購01,"81,000",4,"172,790",2.14,2.34,2.10,2.10,+,0.18,1.96,499,1.97,100,
733301,旺矽富邦4C購02,0,0,0,---,---,---, ---,,,1.40,10,1.50,10,
733302,欣銓富邦4B購02,"76,000",8,"69,140",0.91,0.91,0.90,0.90,-,0.03,0.83,30,0.84,28,
733303,信驊富邦52購01,"141,000",8,"166,310",1.21,1.21,1.17,1.20,-,0.01,1.14,10,1.15,10,
733304,振曜富邦51購01,"12,000",2,"16,420",1.36,1.37,1.36,1.37,-,0.01,1.36,10,1.37,10,
733305,群聯富邦4C購05,0,0,0,---,---,---, ---,,,1.44,10,1.54,10,
733306,元太統一55購01,"175,000",3,"68,250",0.39,0.39,0.39,0.39,-,0.01,0.39,10,0.40,10,
733307,新應材統一55購02,"141,000",19,"129,190",0.87,0.96,0.87,0.95,+,0.12,0.94,10,0.95,10,
733308,穩懋統一55購01,"142,000",13,"96,960",0.70,0.70,0.65,0.65,-,0.07,0.60,10,0.61,10,
733309,邑錡元大4B購01,0,0,0,---,---,---, ---,,,0.75,499,0.76,10,
733310,晟田元大4B購01,"35,000",5,"33,080",0.99,1.00,0.91,0.91,-,0.15,0.86,500,0.87,10,
733311,新應材元大51購01,"223,000",12,"432,860",1.88,2.11,1.82,2.07,+,0.36,2.05,450,2.06,10,
733312,臺慶科中信4B購01,"178,000",3,"154,140",0.86,0.88,0.85,0.88,-,0.01,0.87,10,0.90,10,
733313,德微中信4B購01,"88,000",2,"64,140",0.72,0.73,0.72,0.73,+,0.03,0.67,499,0.71,10,
733314,環球晶中信4B購01,"103,000",8,"84,740",0.82,0.83,0.80,0.80,+,0.01,0.79,10,0.80,6,
733315,正德凱基53購01,0,0,0,---,---,---, ---,,,0.97,100,0.98,10,
733316,欣銓凱基4C購01,0,0,0,---,---,---, ---,,,1.03,100,1.04,10,
733317,富喬凱基55購01,"420,000",19,"361,760",0.88,0.93,0.82,0.82,+,0.05,0.80,30,0.81,50,
733318,雙鴻凱基4B購06,"23,000",1,"48,990",2.13,2.13,2.13,2.13,-,0.06,2.06,100,2.16,10,
733319,五福群益4C購01,"567,000",22,"515,340",0.93,0.94,0.87,0.91,-,0.05,0.89,25,0.90,10,
733320,五福群益53購01,"136,000",4,"158,700",1.18,1.18,1.16,1.16,-,0.27,1.14,25,1.15,10,
733321,原相群益4B購02,"84,000",5,"148,610",1.80,1.80,1.67,1.67,-,0.18,1.63,100,1.65,100,
733322,寬宏群益4C購01,"4,000",3,"5,870",1.37,1.61,1.37,1.61,+,0.27,1.48,25,1.57,1,
733323,良維元富4B購02,0,0,0,---,---,---, ---,,,2.27,25,2.33,25,
733324,良維元富4B購03,0,0,0,---,---,---, ---,,,1.43,25,1.46,25,
733325,鈊象元富4B購01,0,0,0,---,---,---, ---,,,0.84,25,0.85,25,
733326,鈊象元富4B購02,0,0,0,---,---,---, ---,,,1.05,25,1.07,25,
733327,鈊象永豐4C購02,0,0,0,---,---,---, ---,,,5.50,499,5.55,10,
733328,振曜元大4B購02,0,0,0,---,---,---, ---,,,1.28,499,1.31,10,
733329,新應材元大54購01,"548,000",18,"1,112,670",1.94,2.16,1.89,2.16,+,0.37,2.13,400,2.15,10,
733330,信驊國泰4C購01,0,0,0,---,---,---, ---,,,2.85,499,2.87,100,
733331,雙鴻富邦51購02,"56,000",6,"77,540",1.37,1.39,1.37,1.38,-,0.0,1.32,10,1.33,10,
733332,大宇資統一5B購01,0,0,0,---,---,---, ---,,,0.45,10,0.46,10,
733333,神盾統一55購01,"74,000",2,"49,580",0.67,0.67,0.67,0.67,-,0.06,0.61,10,0.62,10,
733334,新應材統一56購01,"289,000",11,"332,320",1.11,1.20,1.11,1.20,+,0.15,1.20,10,1.21,10,
733335,群聯統一55購01,"61,000",1,"59,780",0.98,0.98,0.98,0.98,+,0.05,0.91,10,0.92,10,
733336,德微統一55購02,0,0,0,---,---,---, ---,,,0.61,10,0.62,10,
733337,營邦統一55購02,"11,000",1,"7,810",0.71,0.71,0.71,0.71,-,0.03,0.67,10,0.68,10,
733338,環球晶統一55購01,"338,000",14,"235,540",0.68,0.71,0.68,0.69,-,0.01,0.69,16,0.00,0,
733339,雙鴻統一55購01,0,0,0,---,---,---, ---,,,0.73,10,0.74,10,
733340,五福國票4C購04,"24,000",1,"24,720",1.03,1.03,1.03,1.03,-,0.04,1.02,25,1.03,10,
733341,五福國票51購01,"79,000",3,"99,150",1.27,1.27,1.23,1.23,-,0.1,1.23,25,1.24,10,
733342,元太國票4C購01,0,0,0,---,---,---, ---,,,1.56,25,1.57,10,
733343,宏捷科國票4C購02,0,0,0,---,---,---, ---,,,1.67,25,1.70,10,
733344,神準國票4C購02,0,0,0,---,---,---, ---,,,1.20,25,1.21,10,
733345,新應材國票4C購01,"25,000",2,"71,750",2.86,3.11,2.86,3.11,+,0.54,3.18,25,3.19,10,
733346,僑威國票4C購02,"12,000",3,"47,440",3.97,3.97,3.92,3.92,-,0.02,3.74,25,3.75,10,
733347,寬宏國票4B購01,"36,000",5,"57,000",1.53,1.71,1.53,1.65,+,0.31,1.60,30,1.65,10,
733348,台特化群益4C購01,"120,000",10,"326,760",2.79,2.79,2.62,2.62,+,0.09,2.49,25,2.51,10,
733349,台特化群益51購02,"164,000",3,"318,160",1.94,1.94,1.94,1.94,+,0.08,1.84,25,1.85,10,
733350,先進光群益4C購01,"50,000",1,"52,500",1.05,1.05,1.05,1.05,-,0.08,0.99,25,1.04,10,
733351,信驊群益51購01,0,0,0,---,---,---, ---,,,0.00,0,0.00,0,
733352,富喬群益4B購03,"978,000",21,"1,803,950",1.93,2.11,1.75,1.75,+,0.04,1.72,100,1.74,100,
733353,博智國泰4C購01,0,0,0,---,---,---, ---,,,1.65,10,1.67,10,
733354,昇達科富邦4B購02,"197,000",2,"117,230",0.60,0.60,0.59,0.59,-,0.05,0.57,30,0.58,10,
733355,博智富邦51購01,"50,000",2,"38,600",0.78,0.78,0.77,0.77,+,0.06,0.74,10,0.75,10,
733356,大宇資統一55購01,0,0,0,---,---,---, ---,,,0.68,10,0.69,10,
733357,宸曜統一55購01,0,0,0,---,---,---, ---,,,0.66,10,0.67,10,
733358,神準統一55購03,"6,000",1,"3,780",0.63,0.63,0.63,0.63,-,0.02,0.60,10,0.61,10,
733359,華景電統一55購01,"27,000",3,"24,210",0.89,0.91,0.89,0.91,+,0.04,0.85,10,0.86,10,
733360,鈺太統一55購01,"94,000",2,"56,400",0.60,0.60,0.60,0.60,-,0.05,0.56,10,0.57,10,
733361,台燿國票51購01,"12,000",6,"21,590",1.82,1.83,1.77,1.77,-,0.07,1.78,25,1.79,10,
733362,台特化台新4B購01,"12,000",3,"38,700",3.20,3.24,3.20,3.22,+,0.52,2.80,20,2.81,10,
733363,台特化凱基4B購01,"194,000",8,"460,560",2.43,2.48,2.33,2.33,-,0.03,2.28,100,2.29,10,
733364,昇達科凱基4B購02,0,0,0,---,---,---, ---,,,1.22,30,1.23,10,
733365,欣銓凱基4C購02,0,0,0,---,---,---, ---,,,0.79,100,0.80,30,
733366,國債20凱基51購01,0,0,0,---,---,---, ---,,,0.75,100,0.76,50,
733367,鈊象凱基51購05,0,0,0,---,---,---, ---,,,1.79,100,1.80,10,
733368,雙鴻凱基4B購07,"18,000",1,"49,140",2.73,2.73,2.73,2.73,-,0.07,2.64,40,2.74,10,
733369,M31元富4C購02,"10,000",2,"20,650",2.09,2.09,2.04,2.04,-,0.01,1.92,25,1.95,25,
733370,台特化元富4B購01,"1,000",1,"2,780",2.78,2.78,2.78,2.78,+,0.2,2.43,25,2.45,25,
733371,華景電元富4B購01,"23,000",1,"31,740",1.38,1.38,1.38,1.38,-,0.0,1.32,25,1.42,10,
733372,智通*中信4C購01,"10,000",1,"5,400",0.54,0.54,0.54,0.54,+,0.01,0.53,499,0.54,10,
733373,德微中信4C購01,"30,000",1,"11,400",0.38,0.38,0.38,0.38,-,0.0,0.35,499,0.37,10,
733374,元太元大4B購02,"166,000",8,"186,090",1.15,1.15,1.10,1.10,-,0.05,1.13,25,1.14,10,
733375,台特化元大54購01,"320,000",8,"557,530",1.72,1.76,1.68,1.68,+,0.05,1.61,450,1.62,10,
733376,良維元大54購01,"16,000",1,"23,840",1.49,1.49,1.49,1.49,+,0.08,1.47,499,1.48,10,
733377,旺矽元大4B購03,"108,000",5,"186,360",1.73,1.73,1.69,1.73,+,0.04,1.67,450,1.68,10,
733378,富喬元大54購02,"82,000",5,"127,460",1.52,1.65,1.52,1.64,+,0.15,1.49,499,1.50,10,
733379,M31永豐52購01,"40,000",2,"29,200",0.74,0.74,0.72,0.72,-,0.04,0.69,499,0.71,10,
733380,台特化永豐53購01,"39,000",9,"88,400",2.21,2.31,2.21,2.30,+,0.1,2.07,499,2.08,10,
733381,旺矽永豐4B購01,"15,000",4,"43,930",2.92,2.96,2.92,2.92,-,0.08,2.87,499,2.88,10,
733382,富喬永豐55購01,"159,000",7,"225,310",1.39,1.49,1.39,1.39,+,0.16,1.26,499,1.28,10,
733383,華景電永豐4C購01,"162,000",5,"321,580",2.04,2.06,1.98,1.98,-,0.03,1.92,507,2.02,10,
733384,華景電群益4B購01,"782,000",18,"1,709,040",2.31,2.33,2.16,2.18,-,0.08,2.12,30,0.00,0,
733385,元太凱基4B購02,"35,000",1,"38,500",1.10,1.10,1.10,1.10,-,0.03,1.11,30,1.21,10,
733386,台特化凱基51購02,"129,000",9,"222,280",1.77,1.86,1.61,1.61,-,0.02,1.60,100,1.61,7,
733387,先進光凱基4C購01,"34,000",1,"36,040",1.06,1.06,1.06,1.06,-,0.15,1.09,10,1.10,10,
733388,信驊凱基4B購04,"1,000",1,"2,330",2.33,2.33,2.33,2.33,-,0.21,2.33,100,2.43,10,
733389,華景電凱基4B購01,"334,000",9,"623,660",1.89,1.96,1.85,1.86,-,0.02,1.83,10,1.92,10,
733390,新應材凱基4B購03,"174,000",20,"662,440",3.60,4.06,3.50,3.99,+,0.76,3.95,26,4.00,10,
733391,萬潤凱基4B購03,"11,000",4,"22,180",2.28,2.28,1.97,1.97,-,0.11,1.96,100,2.06,10,
733392,中光電元富4B購01,0,0,0,---,---,---, ---,,,1.07,25,1.08,25,
733393,欣銓元富4B購03,0,0,0,---,---,---, ---,,,1.01,25,1.02,25,
733394,欣銓元富4B購04,0,0,0,---,---,---, ---,,,0.67,25,0.68,25,
733395,欣銓元富4B購05,0,0,0,---,---,---, ---,,,0.70,25,0.71,25,
733396,欣銓元富55購01,"3,000",1,"3,060",1.02,1.02,1.02,1.02,+,0.01,0.94,25,0.95,25,
733397,元太中信4B購01,0,0,0,---,---,---, ---,,,0.47,10,0.48,10,
733398,元太永豐52購01,"58,000",2,"532,150",9.30,9.30,9.05,9.05,-,0.2,4.01,1,0.00,0,
733399,正德永豐4C購01,"31,000",1,"27,590",0.89,0.89,0.89,0.89,+,0.01,0.84,499,0.85,10,
733400,良維永豐52購01,0,0,0,---,---,---, ---,,,3.41,499,3.42,10,
733401,南俊永豐51購01,"60,000",3,"51,600",0.86,0.86,0.86,0.86,-,0.08,0.84,62,0.85,10,
733402,美琪瑪永豐4C購01,0,0,0,---,---,---, ---,,,1.21,499,1.22,10,
733403,原相永豐51購01,"24,000",3,"359,600",15.00,15.00,14.80,14.80,-,0.3,13.50,499,13.60,10,
733404,叡揚永豐51購01,0,0,0,---,---,---, ---,,,0.97,499,0.99,12,
733405,元太統一55購02,0,0,0,---,---,---, ---,,,0.61,10,0.62,10,
733406,先進光統一55購01,"102,000",3,"65,590",0.65,0.65,0.61,0.61,-,0.05,0.61,10,0.62,10,
733407,印能統一55購01,0,0,0,---,---,---, ---,,,0.64,10,0.65,10,
733408,金居統一55購01,"247,000",12,"204,290",0.82,0.85,0.80,0.80,-,0.03,0.80,10,0.81,10,
733409,金居統一55購02,"473,000",12,"411,840",0.88,0.90,0.85,0.85,-,0.04,0.84,10,0.85,10,
733410,美琪瑪統一55購01,0,0,0,---,---,---, ---,,,0.50,10,0.51,10,
733411,美琪瑪統一61購01,0,0,0,---,---,---, ---,,,0.70,10,0.71,10,
733412,宸曜統一55購02,"9,000",3,"5,060",0.57,0.57,0.56,0.56,-,0.02,0.56,10,0.57,10,
733413,華景電統一55購02,0,0,0,---,---,---, ---,,,0.74,10,0.75,10,
733414,華景電統一55購03,0,0,0,---,---,---, ---,,,0.78,10,0.79,10,
733415,廣運統一55購02,"74,000",6,"71,510",0.99,0.99,0.92,0.92,-,0.17,0.91,10,0.92,10,
733416,德微統一55購03,"51,000",1,"31,620",0.62,0.62,0.62,0.62,+,0.01,0.59,10,0.60,10,
733417,德微統一55購04,0,0,0,---,---,---, ---,,,0.56,10,0.57,10,
733418,系微國票4C購04,"2,000",1,"2,560",1.28,1.28,1.28,1.28,-,0.0,1.24,25,1.25,10,
733419,威剛國票4C購04,0,0,0,---,---,---, ---,,,1.79,25,1.81,10,
733420,振曜國票4C購03,"23,000",4,"28,650",1.23,1.28,1.23,1.27,-,0.02,1.26,25,1.27,10,
733421,鈊象國票4C購02,0,0,0,---,---,---, ---,,,2.52,25,2.53,10,
733422,新潤國票4C購01,0,0,0,---,---,---, ---,,,1.76,25,1.77,10,
733423,萬潤國票4C購01,"70,000",2,"237,000",3.44,3.44,3.25,3.25,-,0.23,3.17,25,3.18,10,
733424,精剛國票4C購02,0,0,0,---,---,---, ---,,,1.35,25,1.36,10,
733425,寬宏國票51購01,"134,000",16,"224,290",1.54,1.79,1.54,1.69,+,0.22,1.71,25,1.75,10,
733426,擎邦國票4B購01,0,0,0,---,---,---, ---,,,1.55,25,1.57,10,
733427,元太國泰4C購01,"34,000",3,"45,360",1.32,1.36,1.32,1.32,-,0.03,1.32,5,1.33,10,
733428,元太元大4B購03,"6,000",3,"4,700",0.79,0.79,0.78,0.78,-,0.02,0.78,25,0.79,10,
733429,弘塑元大4B購02,"11,000",2,"17,020",1.62,1.62,1.54,1.54,+,0.06,0.00,0,0.00,0,
733430,良維元大54購02,"177,000",4,"177,900",1.01,1.01,0.99,0.99,-,0.0,1.01,499,1.02,10,
733431,旺矽元大4B購04,"51,000",2,"62,230",1.22,1.23,1.22,1.23,-,0.06,1.23,499,1.24,10,
733432,富喬元大54購03,"4,000",1,"6,520",1.63,1.63,1.63,1.63,+,0.25,1.42,499,1.43,10,
733433,元太群益4B購03,0,0,0,---,---,---, ---,,,0.00,0,0.00,0,
733434,台特化群益52購01,"54,000",4,"97,880",1.91,2.00,1.80,1.81,+,0.03,1.78,25,1.79,10,
733435,兆利群益4C購01,"48,000",1,"47,040",0.98,0.98,0.98,0.98,+,0.03,0.88,25,0.89,10,
733436,神準群益51購01,0,0,0,---,---,---, ---,,,0.80,25,0.82,10,
733437,華景電群益51購01,"6,000",2,"12,330",2.06,2.06,2.05,2.05,-,0.0,1.02,5,0.00,0,
733438,富喬台新4B購01,"37,000",4,"90,450",2.43,2.59,2.43,2.59,+,0.39,2.23,20,2.24,10,
733439,大宇資國票4C購02,0,0,0,---,---,---, ---,,,1.79,25,1.80,10,
733440,中光電國票4C購01,0,0,0,---,---,---, ---,,,1.07,25,1.08,10,
733441,台特化國票4C購02,"7,000",2,"22,100",3.40,3.40,3.06,3.06,+,0.01,3.01,25,3.02,10,
733442,弘塑國票51購01,"23,000",3,"59,340",2.46,2.64,2.46,2.64,-,0.01,2.29,25,2.34,10,
733443,兆利國票4B購01,0,0,0,---,---,---, ---,,,0.78,25,0.79,10,
733444,合晶國票4B購01,"87,000",12,"129,910",1.57,1.57,1.40,1.41,-,0.17,1.41,20,1.44,10,
733445,旺矽國票4C購03,"20,000",2,"83,900",4.24,4.24,4.15,4.15,-,0.17,4.13,25,4.14,10,
733446,朋程國票4B購01,0,0,0,---,---,---, ---,,,0.89,25,0.90,10,
733447,松瑞藥國票4C購01,0,0,0,---,---,---, ---,,,1.41,25,1.42,10,
733448,欣銓國票4C購02,0,0,0,---,---,---, ---,,,1.50,25,1.52,10,
733449,南俊國票4C購01,0,0,0,---,---,---, ---,,,0.78,25,0.80,10,
733450,神準國票4C購03,0,0,0,---,---,---, ---,,,1.56,25,1.58,10,
733451,華景電國票4C購02,"53,000",4,"139,310",2.67,2.67,2.47,2.47,-,0.19,2.49,25,2.50,10,
733452,新普國票4C購02,0,0,0,---,---,---, ---,,,1.63,25,1.64,10,
733453,萬泰科國票4C購01,"5,000",1,"8,950",1.79,1.79,1.79,1.79,-,0.15,1.73,25,1.74,10,
733454,鈺太國票4C購01,0,0,0,---,---,---, ---,,,1.00,25,1.02,10,
733455,新應材富邦51購01,"172,000",9,"234,690",1.27,1.47,1.27,1.47,+,0.23,1.46,30,1.47,10,
733456,世禾統一55購02,"78,000",2,"49,920",0.64,0.64,0.64,0.64,-,0.0,0.61,10,0.62,10,
733457,台燿統一55購01,"17,000",1,"12,580",0.74,0.74,0.74,0.74,-,0.01,0.72,10,0.73,10,
733458,兆利統一55購02,0,0,0,---,---,---, ---,,,0.45,10,0.46,10,
733459,先進光統一55購02,"51,000",1,"27,030",0.53,0.53,0.53,0.53,-,0.03,0.51,10,0.52,10,
733460,先進光統一5B購01,"24,000",1,"14,640",0.61,0.61,0.61,0.61,-,0.02,0.58,10,0.59,10,
733461,先進光統一65購01,0,0,0,---,---,---, ---,,,0.59,10,0.60,10,
733462,系統電統一57購02,0,0,0,---,---,---, ---,,,0.58,10,0.59,10,
733463,金居統一55購03,"230,000",5,"152,500",0.66,0.68,0.65,0.65,-,0.03,0.65,10,0.66,10,
733464,美琪瑪統一55購02,0,0,0,---,---,---, ---,,,0.54,10,0.55,10,
733465,神盾統一57購03,"104,000",10,"98,720",0.96,0.96,0.89,0.89,-,0.09,0.88,10,0.89,10,
733466,博智統一55購02,"11,000",1,"6,050",0.55,0.55,0.55,0.55,-,0.0,0.55,10,0.56,10,
733467,新應材統一5B購01,"40,000",2,"42,200",1.05,1.06,1.05,1.06,+,0.13,1.05,10,1.06,10,
733468,群聯統一57購01,0,0,0,---,---,---, ---,,,0.72,10,0.73,10,
733469,精材統一55購01,"10,000",1,"5,300",0.53,0.53,0.53,0.53,-,0.02,0.51,10,0.52,10,
733470,營邦統一58購01,"19,000",1,"14,630",0.77,0.77,0.77,0.77,-,0.03,0.72,10,0.73,10,
733471,營邦統一5B購01,"29,000",2,"29,870",1.03,1.03,1.03,1.03,-,0.02,0.97,10,0.98,10,
733472,先進光元大4B購01,"487,000",3,"300,070",0.64,0.64,0.61,0.61,-,0.08,0.61,499,0.62,10,
733473,印能元大4B購01,0,0,0,---,---,---, ---,,,0.74,499,0.76,10,
733474,金益鼎元大4B購01,"40,000",3,"28,050",0.72,0.72,0.69,0.69,-,0.05,0.68,499,0.69,10,
733475,新應材元大4C購01,"379,000",21,"1,005,800",2.53,2.83,2.39,2.83,+,0.57,2.81,350,2.83,10,
733476,新應材元大55購01,"73,000",6,"188,480",2.53,2.72,2.47,2.72,+,0.33,2.75,350,2.76,10,
733477,精剛元大4B購01,0,0,0,---,---,---, ---,,,0.74,499,0.75,10,
733478,信驊元富4B購01,"9,000",3,"15,190",1.69,1.70,1.63,1.63,-,0.06,1.60,25,1.70,10,
733479,信驊元富4B購02,0,0,0,---,---,---, ---,,,1.80,25,1.90,10,
733480,台特化中信4B購01,"211,000",21,"142,450",0.65,0.73,0.63,0.63,+,0.03,0.62,499,0.63,10,
733481,鈊象中信51購01,0,0,0,---,---,---, ---,,,2.50,499,2.51,10,
733482,營邦中信4B購01,"10,000",1,"4,500",0.45,0.45,0.45,0.45,-,0.06,0.41,499,0.42,10,
733483,台特化永豐54購01,"58,000",6,"87,080",1.50,1.56,1.46,1.46,+,0.05,1.41,499,1.42,10,
733484,弘塑永豐4C購01,"75,000",3,"205,370",2.77,2.77,2.70,2.70,-,0.24,1.21,16,0.00,0,
733485,合晶永豐4B購01,0,0,0,---,---,---, ---,,,0.99,62,1.00,10,
733486,凌陽創永豐4B購01,"27,000",2,"19,280",0.72,0.72,0.68,0.68,-,0.05,0.68,499,0.69,10,
733487,智崴永豐4B購01,0,0,0,---,---,---, ---,,,0.00,0,0.00,0,
733488,新應材永豐55購01,"220,000",14,"540,290",2.34,2.62,2.33,2.62,+,0.41,2.61,499,2.64,12,
733489,台特化元富54購01,0,0,0,---,---,---, ---,,,1.39,25,1.40,25,
733490,系微元富4B購01,"181,000",4,"161,400",0.90,0.90,0.84,0.84,-,0.06,0.82,25,0.83,25,
733491,佳邦元富4B購01,"54,000",3,"54,980",1.01,1.02,1.01,1.02,+,0.04,0.96,25,0.97,25,
733492,美琪瑪元富4B購01,0,0,0,---,---,---, ---,,,0.52,25,0.53,25,
733493,美琪瑪元富52購01,0,0,0,---,---,---, ---,,,0.77,25,0.78,25,
733494,湧德元富4B購01,0,0,0,---,---,---, ---,,,0.75,25,0.76,25,
733495,鈊象元富4B購03,0,0,0,---,---,---, ---,,,0.77,25,0.78,25,
733496,雍智元富4B購01,"1,000",1,920,0.92,0.92,0.92,0.92,-,0.05,0.89,25,0.90,25,
733497,緯軟元富4B購01,0,0,0,---,---,---, ---,,,0.77,25,0.78,25,
733498,旺矽永豐4B購02,"18,000",2,"30,280",1.70,1.70,1.66,1.66,-,0.04,1.62,499,1.63,10,
733499,廣明永豐51購01,0,0,0,---,---,---, ---,,,2.55,499,2.56,10,
733500,台特化群益51購04,"56,000",3,"63,810",1.18,1.25,1.13,1.13,-,0.03,1.08,25,1.09,10,
733501,新應材群益4B購03,"79,000",7,"102,210",1.15,1.37,1.15,1.35,+,0.29,1.34,100,1.35,100,
733502,弘塑凱基51購01,"18,000",2,"43,080",2.32,2.43,2.32,2.43,-,0.03,1.50,6,0.00,0,
733503,良維凱基54購01,0,0,0,---,---,---, ---,,,1.35,50,1.36,30,
733504,旺矽凱基4B購06,"11,000",2,"31,490",2.87,2.87,2.79,2.79,-,0.11,2.75,100,2.76,10,
733505,波若威凱基51購01,"193,000",14,"321,420",1.73,1.75,1.60,1.62,-,0.12,1.61,63,1.62,10,
733506,南俊凱基51購01,"11,000",1,"7,480",0.68,0.68,0.68,0.68,-,0.23,0.68,40,0.69,10,
733507,新應材凱基55購01,"21,000",4,"49,620",2.25,2.59,2.25,2.58,+,0.43,2.54,100,2.55,10,
733508,萬泰科凱基4C購01,"10,000",1,"17,200",1.72,1.72,1.72,1.72,-,0.07,1.67,10,1.68,10,
733509,營邦凱基51購03,"7,000",1,"11,410",1.63,1.63,1.63,1.63,-,0.14,1.50,20,1.51,10,
733510,先進光富邦4B購01,0,0,0,---,---,---, ---,,,0.61,30,0.63,10,
733511,大學光國票4B購01,0,0,0,---,---,---, ---,,,1.05,25,1.06,10,
733512,台特化國票4C購03,"17,000",1,"40,970",2.41,2.41,2.41,2.41,+,0.27,2.11,25,2.12,10,
733513,美琪瑪國票4C購02,0,0,0,---,---,---, ---,,,1.25,25,1.26,10,
733514,美琪瑪國票51購01,"120,000",2,"199,200",1.66,1.66,1.66,1.66,+,0.02,1.60,25,1.61,10,
733515,神準國票4C購04,0,0,0,---,---,---, ---,,,1.02,25,1.04,10,
733516,智崴國票4C購01,0,0,0,---,---,---, ---,,,0.79,25,0.89,10,
733517,越峰國票55購01,"1,000",1,"1,350",1.35,1.35,1.35,1.35,-,0.0,1.30,25,1.31,10,
733518,錦明國票55購01,"4,000",1,"3,800",0.95,0.95,0.95,0.95,+,0.06,0.86,25,0.87,10,
733519,雙鴻國票4C購04,0,0,0,---,---,---, ---,,,2.19,25,2.21,10,
733520,世禾統一57購01,"54,000",1,"31,860",0.59,0.59,0.59,0.59,-,0.0,0.56,10,0.57,10,
733521,弘塑統一53購02,"304,000",17,"404,120",1.34,1.37,1.25,1.25,-,0.05,1.13,10,1.14,10,
733522,弘塑統一55購01,"104,000",6,"84,180",0.84,0.84,0.80,0.80,-,0.06,0.72,10,0.73,10,
733523,旺矽統一54購02,"20,000",9,"17,630",0.88,0.89,0.87,0.89,-,0.04,0.87,10,0.88,10,
733524,宣德統一55購01,0,0,0,---,---,---, ---,,,0.74,10,0.75,10,
733525,建榮統一55購01,"50,000",4,"36,010",0.76,0.76,0.68,0.68,+,0.03,0.71,10,0.72,10,
733526,美琪瑪統一55購03,0,0,0,---,---,---, ---,,,0.49,10,0.50,10,
733527,海韻電統一55購02,0,0,0,---,---,---, ---,,,0.98,10,0.99,10,
733528,湧德統一55購01,0,0,0,---,---,---, ---,,,0.69,10,0.70,10,
733529,鈦昇統一55購01,0,0,0,---,---,---, ---,,,0.54,10,0.55,10,
733530,鈦昇統一55購02,0,0,0,---,---,---, ---,,,0.51,10,0.52,10,
733531,新應材統一52購02,"234,000",15,"213,190",0.79,0.95,0.79,0.94,+,0.15,0.93,10,0.94,10,
733532,新應材統一55購03,"16,000",3,"13,380",0.84,0.84,0.83,0.83,+,0.12,0.82,10,0.83,10,
733533,新應材統一58購01,"213,000",8,"172,700",0.74,0.83,0.73,0.83,+,0.13,0.80,10,0.81,10,
733534,僑威統一56購01,0,0,0,---,---,---, ---,,,0.63,10,0.64,10,
733535,精材統一55購02,"101,000",2,"60,570",0.60,0.60,0.57,0.57,-,0.05,0.57,10,0.58,10,
733536,廣運統一55購03,"2,000",1,"1,340",0.67,0.67,0.67,0.67,-,0.05,0.65,10,0.66,10,
733537,叡揚統一55購02,0,0,0,---,---,---, ---,,,0.55,10,0.56,10,
733538,千附精元大4B購01,0,0,0,---,---,---, ---,,,0.63,499,0.64,10,
733539,天品元大4B購02,"136,000",9,"138,360",1.07,1.12,0.89,0.90,-,0.18,0.87,499,0.89,10,
733540,先進光元大4B購02,0,0,0,---,---,---, ---,,,0.66,499,0.67,10,
733541,印能元大4B購02,0,0,0,---,---,---, ---,,,0.63,499,0.65,10,
733542,金益鼎元大4B購02,0,0,0,---,---,---, ---,,,0.98,499,0.99,10,
733543,家登元大4B購01,0,0,0,---,---,---, ---,,,2.45,250,2.48,10,
733544,泰茂元大4B購02,"202,000",2,"161,600",0.80,0.80,0.80,0.80,-,0.0,0.78,509,0.80,10,
733545,新應材元大55購02,"33,000",2,"95,280",2.74,2.92,2.74,2.92,+,0.42,2.98,300,2.99,10,
733546,萬潤元大4B購02,"1,000",1,"2,560",2.56,2.56,2.56,2.56,+,0.06,2.27,300,2.37,10,
733547,弘塑群益4B購04,"822,000",14,"1,963,480",2.37,2.61,2.22,2.22,-,0.14,1.09,18,0.00,0,
733548,良維群益51購01,0,0,0,---,---,---, ---,,,0.74,13,0.00,0,
733549,旺矽群益4B購03,"18,000",4,"85,240",4.76,4.76,4.65,4.65,-,0.18,4.61,100,4.63,100,
733550,台特化國票4C購04,0,0,0,---,---,---, ---,,,0.74,25,0.75,10,
733551,先進光國票4C購01,0,0,0,---,---,---, ---,,,1.04,25,1.06,10,
733552,神盾國票4C購02,"152,000",4,"139,980",0.92,0.93,0.84,0.84,-,0.17,0.84,25,0.85,10,
733553,國債20國票51購01,0,0,0,---,---,---, ---,,,0.74,25,0.75,10,
733554,僑威國票4C購03,"21,000",3,"43,470",2.08,2.08,2.05,2.05,-,0.0,1.95,25,1.96,10,
733555,弘塑國泰4C購01,"8,000",1,"21,040",2.63,2.63,2.63,2.63,-,0.31,2.55,10,2.65,10,
733556,波若威國泰4C購01,0,0,0,---,---,---, ---,,,1.86,499,1.88,100,
733557,鈊象國泰4C購01,"12,000",1,"24,480",2.04,2.04,2.04,2.04,+,0.05,1.95,499,1.96,100,
733558,意德士國泰4C購01,0,0,0,---,---,---, ---,,,1.24,499,1.27,100,
733559,波若威富邦4C購01,"17,000",2,"14,550",0.86,0.86,0.85,0.85,-,0.02,0.79,30,0.80,28,
733560,大學光統一5B購01,0,0,0,---,---,---, ---,,,0.69,10,0.70,10,
733561,元太統一52購05,"5,000",1,"3,500",0.70,0.70,0.70,0.70,-,0.0,0.70,10,0.71,10,
733562,弘塑統一55購02,"21,000",1,"14,490",0.69,0.69,0.69,0.69,-,0.02,0.66,10,0.67,10,
733563,弘塑統一5B購01,"4,000",1,"3,040",0.76,0.76,0.76,0.76,-,0.01,0.72,10,0.73,10,
733564,正基統一55購02,0,0,0,---,---,---, ---,,,0.53,10,0.54,10,
733565,旺矽統一55購01,"1,000",1,790,0.79,0.79,0.79,0.79,-,0.02,0.78,10,0.79,10,
733566,旺矽統一55購02,"1,000",1,700,0.70,0.70,0.70,0.70,-,0.02,0.70,10,0.71,10,
733567,東捷統一55購01,0,0,0,---,---,---, ---,,,0.58,10,0.59,10,
733568,波若威統一56購01,0,0,0,---,---,---, ---,,,0.69,10,0.70,10,
733569,宣德統一55購02,0,0,0,---,---,---, ---,,,0.57,10,0.58,10,
733570,宸曜統一56購01,0,0,0,---,---,---, ---,,,0.57,10,0.58,10,
733571,海韻電統一55購03,0,0,0,---,---,---, ---,,,0.68,10,0.69,10,
733572,博智統一55購03,0,0,0,---,---,---, ---,,,0.55,10,0.56,10,
733573,萬潤統一55購02,"2,000",1,"1,460",0.73,0.73,0.73,0.73,+,0.01,0.67,10,0.68,10,
733574,群翊統一55購01,0,0,0,---,---,---, ---,,,0.58,10,0.59,10,
733575,叡揚統一55購03,0,0,0,---,---,---, ---,,,0.54,10,0.55,10,
733576,先進光元富4B購01,0,0,0,---,---,---, ---,,,0.81,25,0.83,25,
733577,鈦昇元富4B購01,0,0,0,---,---,---, ---,,,1.04,25,1.05,25,
733578,意德士元富4B購01,0,0,0,---,---,---, ---,,,0.00,0,0.00,0,
733579,漢磊元富4B購01,"35,000",6,"37,850",1.17,1.17,1.03,1.03,-,0.12,1.00,25,1.01,10,
733580,天品中信4C購02,"1,000",1,"2,050",2.05,2.05,2.05,2.05,+,0.09,1.63,499,1.66,10,
733581,昇達科中信4C購02,0,0,0,---,---,---, ---,,,1.27,499,1.28,10,
733582,弘塑永豐51購01,"39,000",5,"178,140",4.54,4.81,4.48,4.81,+,0.09,2.59,7,0.00,0,
733583,神盾永豐4B購01,0,0,0,---,---,---, ---,,,2.07,499,2.08,10,
733584,群聯永豐51購01,"2,000",1,"6,160",3.08,3.08,3.08,3.08,+,0.16,0.00,0,0.00,0,
733585,世界凱基4B購01,"112,000",6,"195,900",1.78,1.78,1.72,1.76,-,0.0,1.71,100,1.72,10,
733586,弘塑凱基51購02,"29,000",3,"54,020",1.81,1.92,1.81,1.82,-,0.0,1.02,9,0.00,0,
733587,家登凱基4B購01,"25,000",6,"45,450",1.91,1.93,1.76,1.76,-,0.24,1.73,100,1.74,10,
733588,新應材凱基4C購02,"26,000",6,"65,040",2.50,2.68,2.45,2.68,+,0.5,2.77,100,2.78,10,
733589,萬潤凱基4C購01,"3,000",2,"7,320",2.50,2.50,2.41,2.41,-,0.12,2.41,100,2.51,10,
733590,波若威台新4B購01,0,0,0,---,---,---, ---,,,1.69,20,1.70,10,
733591,千附精元大4B購02,0,0,0,---,---,---, ---,,,0.53,499,0.54,10,
733592,弘塑元大4B購03,"70,000",1,"79,800",1.14,1.14,1.14,1.14,-,0.12,0.30,33,0.00,0,
733593,宏碁資元大4B購01,0,0,0,---,---,---, ---,,,2.35,300,2.37,10,
733594,系微元大4B購04,"10,000",1,"11,400",1.14,1.14,1.14,1.14,-,0.12,1.13,499,1.15,10,
733595,良維元大4B購04,"35,000",1,"25,900",0.74,0.74,0.74,0.74,-,0.0,0.74,499,0.75,10,
733596,神準元大4B購02,0,0,0,---,---,---, ---,,,0.62,499,0.63,10,
733597,鈊象元大51購10,0,0,0,---,---,---, ---,,,1.84,400,1.87,10,
733598,新應材元大53購01,"19,000",1,"38,760",2.04,2.04,2.04,2.04,+,0.23,2.21,400,2.22,10,
733599,精測元大4B購02,"40,000",6,"126,330",2.94,3.40,2.94,3.40,-,0.05,2.95,250,2.97,10,
733600,營邦元大4B購01,"103,000",6,"154,170",1.47,1.51,1.47,1.49,-,0.07,1.36,499,1.38,10,
733601,三聯國票4B購01,0,0,0,---,---,---, ---,,,0.70,25,0.71,10,
733602,欣銓國票4C購03,0,0,0,---,---,---, ---,,,3.07,25,3.09,10,
733603,原相國票4C購02,"45,000",3,"74,850",1.67,1.68,1.66,1.68,-,0.14,1.64,25,1.65,10,
733604,原相國票51購01,"56,000",4,"101,310",1.92,1.92,1.79,1.80,-,0.21,1.79,25,1.80,10,
733605,神盾國票4C購03,0,0,0,---,---,---, ---,,,0.58,25,0.59,10,
733606,高端國票4C購02,0,0,0,---,---,---, ---,,,1.92,25,1.93,10,
733607,新應材國票4C購02,"153,000",6,"353,770",1.99,2.34,1.99,2.34,+,0.53,2.29,25,2.30,10,
733608,叡揚國票4B購03,0,0,0,---,---,---, ---,,,1.61,25,1.63,10,
733609,高端群益4B購01,0,0,0,---,---,---, ---,,,1.19,25,1.22,10,
733610,五福元富4C購01,"46,000",5,"76,020",1.66,1.66,1.62,1.62,-,0.08,1.62,25,1.64,25,
733611,神盾元富53購01,0,0,0,---,---,---, ---,,,1.21,25,1.22,25,
733612,高端元富4B購01,0,0,0,---,---,---, ---,,,0.88,25,0.89,25,
733613,高端元富52購01,0,0,0,---,---,---, ---,,,0.70,25,0.71,25,
733614,創惟元富4B購02,0,0,0,---,---,---, ---,,,1.12,25,1.13,25,
733615,鈊象元富4C購02,0,0,0,---,---,---, ---,,,0.94,25,0.95,25,
733616,新應材元富4B購04,"221,000",8,"389,760",1.84,2.08,1.71,2.08,+,0.46,2.05,25,2.06,25,
733617,新應材元富51購02,"227,000",10,"636,580",2.45,2.94,2.45,2.89,+,0.44,2.88,25,2.89,25,
733618,波若威永豐4C購03,"53,000",5,"100,680",1.90,1.91,1.89,1.89,-,0.09,1.75,499,1.76,62,
733619,原相永豐52購01,"1,000",1,810,0.81,0.81,0.81,0.81,-,0.08,0.82,499,0.83,10,
733620,振曜永豐52購01,"27,000",4,"52,910",1.96,2.03,1.88,2.03,+,0.03,2.01,499,2.03,12,
733621,泰茂永豐52購01,0,0,0,---,---,---, ---,,,6.55,499,6.65,10,
733622,高端永豐4C購01,"15,000",2,"18,100",1.22,1.22,1.20,1.20,-,0.27,1.15,499,1.16,62,
733623,高端永豐52購01,0,0,0,---,---,---, ---,,,2.38,499,2.39,62,
733624,創惟永豐4B購01,"22,000",3,"23,340",1.03,1.07,0.99,1.07,+,0.01,1.03,62,1.04,10,
733625,創惟永豐51購01,"18,000",7,"177,800",9.90,10.10,9.80,9.80,-,1.3,9.80,499,9.85,10,
733626,富喬永豐4C購01,"44,000",6,"129,280",2.79,3.13,2.78,3.05,+,0.37,2.70,499,2.72,10,
733627,順達永豐4B購02,0,0,0,---,---,---, ---,,,1.00,499,1.01,10,
733628,萬潤永豐4B購02,0,0,0,---,---,---, ---,,,2.39,499,2.49,10,
733629,創惟國泰4C購01,"34,000",2,"58,140",1.71,1.71,1.71,1.71,-,0.25,1.70,499,1.71,100,
733630,叡揚國泰4C購01,0,0,0,---,---,---, ---,,,1.97,499,2.00,100,
733631,昇達科富邦4C購01,"219,000",1,"116,070",0.53,0.53,0.53,0.53,-,0.05,0.52,30,0.53,10,
733632,信紘科富邦51購01,"35,000",1,"32,550",0.93,0.93,0.93,0.93,-,0.06,0.90,10,0.91,10,
733633,原相富邦4B購01,"274,000",2,"216,460",0.79,0.79,0.79,0.79,-,0.06,0.76,30,0.77,10,
733634,創惟台新4B購01,"6,000",1,"9,540",1.59,1.59,1.59,1.59,-,0.21,1.59,20,1.60,10,
733635,千附精凱基4B購02,0,0,0,---,---,---, ---,,,1.09,100,1.10,10,
733636,正德凱基51購01,0,0,0,---,---,---, ---,,,1.30,100,1.31,10,
733637,兆利凱基4B購01,0,0,0,---,---,---, ---,,,1.02,30,1.03,10,
733638,印能凱基4B購01,"70,000",7,"84,750",1.20,1.22,1.19,1.19,-,0.13,1.17,100,1.18,10,
733639,高端凱基4B購01,0,0,0,---,---,---, ---,,,0.90,70,0.91,10,
733640,創惟凱基4B購01,"8,000",2,"11,360",1.40,1.48,1.40,1.48,-,0.2,1.42,50,1.43,10,
733641,創惟凱基4B購02,"80,000",1,"95,200",1.19,1.19,1.19,1.19,-,0.13,1.19,50,1.20,10,
733642,創惟凱基4B購04,"2,000",1,"2,960",1.48,1.48,1.48,1.48,+,0.02,1.43,60,1.44,10,
733643,大學光統一55購01,0,0,0,---,---,---, ---,,,0.60,10,0.61,10,
733644,正基統一55購03,0,0,0,---,---,---, ---,,,0.76,10,0.77,10,
733645,系微統一55購03,0,0,0,---,---,---, ---,,,0.51,10,0.52,10,
733646,信紘科統一52購05,0,0,0,---,---,---, ---,,,0.81,10,0.82,10,
733647,南俊統一57購01,0,0,0,---,---,---, ---,,,0.62,10,0.63,10,
733648,茂迪統一55購01,0,0,0,---,---,---, ---,,,0.77,10,0.78,10,
733649,神準統一55購04,"2,000",1,920,0.46,0.46,0.46,0.46,-,0.04,0.45,10,0.46,10,
733650,創惟統一55購02,0,0,0,---,---,---, ---,,,0.53,10,0.54,10,
733651,創惟統一55購03,0,0,0,---,---,---, ---,,,0.57,10,0.58,10,
733652,創惟統一56購01,"91,000",1,"73,710",0.81,0.81,0.81,0.81,-,0.06,0.81,10,0.82,10,
733653,創惟統一5B購01,0,0,0,---,---,---, ---,,,0.51,10,0.52,10,
733654,創惟統一65購01,"89,000",1,"74,760",0.84,0.84,0.84,0.84,-,0.05,0.83,10,0.84,10,
733655,創惟統一65購02,"96,000",1,"73,920",0.77,0.77,0.77,0.77,-,0.05,0.76,10,0.77,10,
733656,創惟統一65購03,0,0,0,---,---,---, ---,,,0.55,10,0.56,10,
733657,富喬統一56購02,"112,000",7,"105,240",0.91,0.96,0.89,0.89,+,0.03,0.85,10,0.86,10,
733658,富驊統一55購02,"2,000",1,"1,200",0.60,0.60,0.60,0.60,+,0.09,0.54,10,0.55,10,
733659,千附精元大4B購03,0,0,0,---,---,---, ---,,,0.69,499,0.70,10,
733660,五福元大4B購01,0,0,0,---,---,---, ---,,,0.73,499,0.74,10,
733661,創惟元大4B購01,"133,000",3,"112,950",0.82,0.85,0.82,0.84,-,0.09,0.82,499,0.83,10,
733662,創惟元大4B購02,"133,000",2,"111,660",0.81,0.84,0.81,0.84,-,0.08,0.81,499,0.82,10,
733663,新應材元大53購02,"124,000",8,"305,080",2.47,2.65,2.33,2.65,+,0.38,2.71,350,2.72,10,
733664,萬潤元大4B購03,"8,000",1,"18,800",2.35,2.35,2.35,2.35,-,0.23,2.33,25,2.38,10,
733665,僑威元大4B購01,"21,000",3,"45,430",2.17,2.17,2.15,2.15,+,0.04,2.04,350,2.05,10,
733666,擎邦元大4B購01,0,0,0,---,---,---, ---,,,1.46,499,1.51,10,
733667,台特化凱基4C購01,"15,000",4,"40,770",2.90,2.90,2.59,2.59,-,0.12,2.54,100,2.55,10,
733668,系微凱基4B購01,"37,000",2,"55,130",1.49,1.49,1.49,1.49,-,0.08,1.36,30,1.37,10,
733669,良維凱基4C購01,"5,000",1,"3,250",0.65,0.65,0.65,0.65,+,0.03,0.64,100,0.65,50,
733670,威剛凱基4C購02,0,0,0,---,---,---, ---,,,1.63,100,1.64,10,
733671,僑威凱基4B購01,"2,000",1,"3,500",1.75,1.75,1.75,1.75,+,0.01,1.65,50,1.66,10,
733672,精測凱基4B購02,"2,000",1,"5,880",2.94,2.94,2.94,2.94,+,0.07,2.78,20,2.79,10,
733673,叡揚凱基4B購03,"1,000",1,"1,700",1.70,1.70,1.70,1.70,-,0.06,1.65,100,1.69,10,
733674,高端台新4B購01,0,0,0,---,---,---, ---,,,1.19,20,1.20,10,
733675,營邦台新4B購01,0,0,0,---,---,---, ---,,,1.63,20,1.64,10,
733676,台特化兆豐51購01,"208,000",6,"261,840",1.26,1.26,1.25,1.26,+,0.12,1.12,10,1.13,10,
733677,群聯兆豐55購01,0,0,0,---,---,---, ---,,,1.33,10,1.34,10,
733678,正德群益4B購01,0,0,0,---,---,---, ---,,,1.10,25,1.12,10,
733679,高端群益4B購02,0,0,0,---,---,---, ---,,,1.46,25,1.47,10,
733680,創惟群益51購01,"43,000",3,"100,810",2.33,2.40,2.33,2.40,-,0.15,2.31,100,2.33,50,
733681,鈊象群益4B購06,0,0,0,---,---,---, ---,,,1.65,100,1.66,100,
733682,僑威群益4B購03,0,0,0,---,---,---, ---,,,1.56,25,1.57,10,
733683,萬潤國泰4C購01,0,0,0,---,---,---, ---,,,2.41,10,2.43,10,
733684,元太富邦4C購02,"25,000",4,"18,710",0.75,0.75,0.73,0.73,-,0.02,0.72,10,0.73,10,
733685,台特化富邦4B購01,"339,000",20,"375,780",1.12,1.15,1.05,1.08,+,0.07,0.99,30,1.00,28,
733686,弘塑富邦51購01,"133,000",13,"218,720",1.61,1.69,1.61,1.66,-,0.01,1.46,10,1.49,10,
733687,弘塑富邦52購01,"21,000",3,"27,780",1.34,1.38,1.25,1.25,-,0.15,1.20,10,1.21,10,
733688,威剛富邦4B購01,0,0,0,---,---,---, ---,,,0.75,30,0.76,10,
733689,高端富邦51購01,0,0,0,---,---,---, ---,,,0.65,10,0.66,10,
733690,新應材富邦4B購02,"154,000",9,"144,140",0.84,1.02,0.84,1.02,+,0.19,1.00,30,1.01,10,
733691,萬潤富邦51購02,"26,000",5,"25,420",1.05,1.05,0.96,0.97,-,0.03,0.96,10,0.97,10,
733692,萬潤富邦52購01,0,0,0,---,---,---, ---,,,0.88,10,0.89,10,
733693,台特化統一55購03,"33,000",2,"22,570",0.69,0.69,0.67,0.67,+,0.03,0.65,10,0.66,10,
733694,高端統一55購01,0,0,0,---,---,---, ---,,,0.76,10,0.77,10,
733695,高端統一5B購01,0,0,0,---,---,---, ---,,,0.99,10,1.00,10,
733696,高端統一65購01,0,0,0,---,---,---, ---,,,0.74,10,0.75,10,
733697,創惟統一4C購04,"280,000",2,"200,190",0.71,0.72,0.71,0.72,-,0.0,0.68,10,0.69,10,
733698,創惟統一54購01,0,0,0,---,---,---, ---,,,0.00,0,0.00,0,
733699,創惟統一55購04,0,0,0,---,---,---, ---,,,0.65,10,0.66,10,
733700,創惟統一55購05,"84,000",1,"72,240",0.86,0.86,0.86,0.86,-,0.08,0.86,10,0.87,10,
733701,創惟統一58購01,0,0,0,---,---,---, ---,,,0.63,10,0.64,10,
733702,創惟統一5C購01,0,0,0,---,---,---, ---,,,0.56,10,0.57,10,
733703,群聯統一55購02,0,0,0,---,---,---, ---,,,0.68,10,0.69,10,
733704,昇達科國票4B購02,0,0,0,---,---,---, ---,,,1.57,25,1.59,10,
733705,欣銓國票4C購04,0,0,0,---,---,---, ---,,,2.05,25,2.06,10,
733706,國債20國票51購02,0,0,0,---,---,---, ---,,,2.11,25,2.12,10,
733707,創惟國票4C購01,0,0,0,---,---,---, ---,,,1.45,25,1.46,10,
733708,華義國票4C購01,0,0,0,---,---,---, ---,,,0.66,25,0.68,10,
733709,台特化元富54購02,"73,000",3,"140,640",1.92,1.98,1.89,1.89,+,0.02,1.75,25,1.76,25,
733710,順達元富4B購01,0,0,0,---,---,---, ---,,,1.10,25,1.12,25,
733711,譜瑞元富55購01,"8,000",3,"17,960",2.26,2.26,2.23,2.23,-,0.01,2.22,25,2.25,25,
733712,創惟中信4B購01,"34,000",2,"16,910",0.50,0.50,0.49,0.49,-,0.09,0.50,499,0.51,10,
733713,創惟中信4C購01,"25,000",5,"14,520",0.58,0.61,0.57,0.61,-,0.04,0.58,10,0.59,10,
733714,萬潤中信4C購01,0,0,0,---,---,---, ---,,,1.51,499,1.55,10,
733715,頎邦中信4B購01,0,0,0,---,---,---, ---,,,0.42,499,0.43,10,
733716,高端永豐4B購01,0,0,0,---,---,---, ---,,,1.23,499,1.24,62,
733717,新潤永豐4C購01,"3,000",2,"4,600",1.58,1.58,1.51,1.51,-,0.22,1.48,499,1.49,10,
733718,精測永豐51購01,0,0,0,---,---,---, ---,,,15.30,499,15.40,10,
733719,五福元大4B購02,"410,000",2,"369,000",0.90,0.90,0.90,0.90,-,0.03,0.89,499,0.91,10,
733720,欣銓元大55購01,"8,000",1,"14,400",1.80,1.80,1.80,1.80,-,0.03,1.68,400,1.69,10,
733721,振曜元大4B購03,"13,000",2,"14,300",1.10,1.10,1.10,1.10,-,0.03,1.13,499,1.15,10,
733722,泰茂元大4B購03,0,0,0,---,---,---, ---,,,0.72,499,0.74,10,
733723,創惟元大4B購03,"135,000",3,"113,410",0.82,0.85,0.82,0.85,-,0.05,0.82,499,0.83,10,
733724,創惟元大4B購04,"203,000",9,"187,530",0.90,0.94,0.90,0.90,-,0.04,0.90,499,0.91,10,
733725,新潤元大4B購01,"23,000",6,"54,110",2.42,2.42,2.15,2.15,-,0.46,2.08,300,2.10,11,
733726,新應材元大4B購07,"433,000",22,"532,660",1.17,1.33,1.14,1.32,+,0.25,1.31,499,1.32,10,
733727,萬潤元大4B購04,0,0,0,---,---,---, ---,,,2.26,300,2.31,10,
733728,雍智元大4B購02,0,0,0,---,---,---, ---,,,0.75,499,0.76,10,
733729,僑威元大4B購02,0,0,0,---,---,---, ---,,,1.55,450,1.56,10,
733730,元太兆豐4B購01,"52,000",5,"56,670",1.11,1.11,1.08,1.08,-,0.02,1.08,10,1.09,10,
733731,信驊兆豐4B購01,0,0,0,---,---,---, ---,,,0.59,10,0.60,10,
733732,山富群益4B購02,0,0,0,---,---,---, ---,,,0.06,1,0.00,0,
733733,弘塑群益4B購06,0,0,0,---,---,---, ---,,,0.00,0,0.00,0,
733734,萬潤群益4B購01,0,0,0,---,---,---, ---,,,0.00,0,0.00,0,
733735,創惟富邦4B購01,"31,000",1,"18,910",0.61,0.61,0.61,0.61,-,0.09,0.60,30,0.61,10,
733736,智通*富邦51購01,"13,000",1,"10,140",0.78,0.78,0.78,0.78,-,0.07,0.77,10,0.78,10,
733737,山富國票4C購04,0,0,0,---,---,---, ---,,,1.70,25,1.71,10,
733738,台特化國票4C購06,"1,000",1,"2,420",2.42,2.42,2.42,2.42,+,0.31,2.08,25,2.09,10,
733739,波若威國票4C購01,"27,000",4,"16,300",0.64,0.64,0.58,0.58,-,0.06,0.58,25,0.59,10,
733740,晶呈國票4C購02,0,0,0,---,---,---, ---,,,0.78,25,0.79,10,
733741,群聯國票4C購01,0,0,0,---,---,---, ---,,,1.55,25,1.57,10,
733742,精材國票4C購01,"10,000",1,"10,900",1.09,1.09,1.09,1.09,-,0.03,0.99,25,1.00,10,
733743,寶島科國票4C購01,"22,000",3,"21,360",0.97,0.98,0.97,0.98,-,0.03,0.98,35,0.99,10,
733744,神盾元富53購02,0,0,0,---,---,---, ---,,,0.57,25,0.58,25,
733745,順達元富4B購02,0,0,0,---,---,---, ---,,,1.12,25,1.14,25,
733746,頎邦元富55購01,0,0,0,---,---,---, ---,,,1.81,25,1.82,25,
733747,廣運元富4B購02,0,0,0,---,---,---, ---,,,1.30,25,1.32,25,
733748,弘塑中信4B購01,"30,000",1,"28,500",0.95,0.95,0.95,0.95,+,0.11,0.76,499,0.79,10,
733749,湧德中信4B購01,0,0,0,---,---,---, ---,,,0.42,499,0.43,10,
733750,台燿永豐4B購01,0,0,0,---,---,---, ---,,,0.94,499,1.04,10,
733751,晶呈永豐4B購01,0,0,0,---,---,---, ---,,,0.66,499,0.76,10,
733752,智通*永豐4B購01,0,0,0,---,---,---, ---,,,0.93,499,0.94,10,
733753,漢磊永豐4C購01,0,0,0,---,---,---, ---,,,1.03,499,1.04,10,
733754,營邦永豐52購01,0,0,0,---,---,---, ---,,,1.00,499,1.01,10,
733755,元太統一55購03,0,0,0,---,---,---, ---,,,0.61,10,0.62,10,
733756,台特化統一58購01,"24,000",3,"20,370",0.84,0.85,0.84,0.85,+,0.11,0.77,10,0.78,10,
733757,合晶統一55購01,0,0,0,---,---,---, ---,,,0.62,10,0.63,10,
733758,高端統一55購02,"5,000",1,"3,050",0.61,0.61,0.61,0.61,-,0.01,0.59,10,0.60,10,
733759,高端統一55購03,"20,000",1,"11,600",0.58,0.58,0.58,0.58,-,0.01,0.56,10,0.57,10,
733760,高端統一65購02,0,0,0,---,---,---, ---,,,0.59,10,0.60,10,
733761,富喬統一55購01,"95,000",5,"100,270",1.04,1.09,1.01,1.01,+,0.02,1.00,10,1.01,10,
733762,晶呈統一55購01,0,0,0,---,---,---, ---,,,0.48,10,0.49,10,
733763,漢磊統一55購01,0,0,0,---,---,---, ---,,,0.76,10,0.77,10,
733764,台特化台新4B購02,0,0,0,---,---,---, ---,,,1.97,20,1.98,10,
733765,欣銓凱基4C購03,0,0,0,---,---,---, ---,,,2.25,100,2.26,10,
733766,高端凱基4B購02,0,0,0,---,---,---, ---,,,1.01,90,1.02,10,
733767,創惟凱基4B購05,0,0,0,---,---,---, ---,,,1.43,40,1.44,10,
733768,新應材凱基4B購04,"51,000",5,"98,090",1.93,1.93,1.92,1.92,+,0.45,1.90,100,1.91,10,
733769,山富元大4B購01,0,0,0,---,---,---, ---,,,0.69,10,0.70,10,
733770,山富元大4B購02,"1,000",1,830,0.83,0.83,0.83,0.83,-,0.08,0.76,499,0.77,10,
733771,台特化元大4C購01,"45,000",1,"78,750",1.75,1.75,1.75,1.75,+,0.19,1.56,500,1.57,10,
733772,茂迪元大4B購01,0,0,0,---,---,---, ---,,,1.02,499,1.03,10,
733773,新應材元大4B購08,"33,000",2,"68,950",2.07,2.39,2.07,2.39,+,0.54,2.36,400,2.38,10,
733774,新應材元大51購02,"20,000",1,"43,200",2.16,2.16,2.16,2.16,+,0.26,2.36,400,2.38,10,
733775,台燿兆豐51購01,0,0,0,---,---,---, ---,,,0.86,10,0.87,10,
733776,旺矽兆豐4B購01,0,0,0,---,---,---, ---,,,1.26,10,1.27,10,
733777,富喬兆豐55購01,0,0,0,---,---,---, ---,,,1.41,10,1.42,10,
733778,系微群益4B購03,0,0,0,---,---,---, ---,,,0.97,25,1.01,10,
733779,高端群益4B購03,0,0,0,---,---,---, ---,,,2.76,25,2.80,10,
733780,創惟群益4B購01,0,0,0,---,---,---, ---,,,1.42,100,1.44,100,
733781,華星光群益4B購04,0,0,0,---,---,---, ---,,,1.99,100,2.01,100,
733782,華星光台新4B購02,0,0,0,---,---,---, ---,,,1.94,20,1.95,10,
733783,弘塑凱基4B購05,"11,000",3,"16,140",1.44,1.51,1.38,1.38,-,0.13,0.00,0,0.00,0,
733784,欣銓凱基55購01,0,0,0,---,---,---, ---,,,2.13,100,2.14,10,
733785,信驊凱基51購03,0,0,0,---,---,---, ---,,,1.84,100,1.94,10,
733786,茂迪凱基4B購01,0,0,0,---,---,---, ---,,,1.33,50,1.34,10,
733787,振曜凱基4C購02,0,0,0,---,---,---, ---,,,1.22,100,1.23,10,
733788,博智凱基4B購01,"1,000",1,"1,370",1.37,1.37,1.37,1.37,-,0.03,1.28,100,1.29,10,
733789,華星光凱基4B購01,0,0,0,---,---,---, ---,,,1.50,100,1.51,10,
733790,精材凱基4B購03,0,0,0,---,---,---, ---,,,0.76,60,0.86,10,
733791,振曜國泰4C購01,0,0,0,---,---,---, ---,,,2.05,499,2.09,100,
733792,山富國票4C購05,0,0,0,---,---,---, ---,,,1.26,25,1.27,10,
733793,五福國票4C購05,0,0,0,---,---,---, ---,,,0.78,25,0.79,10,
733794,昇達科國票51購01,0,0,0,---,---,---, ---,,,1.63,25,1.65,10,
733795,湧德國票51購01,0,0,0,---,---,---, ---,,,1.64,25,1.65,10,
733796,台燿富邦4B購01,0,0,0,---,---,---, ---,,,0.77,30,0.78,28,
733797,華星光富邦4B購01,0,0,0,---,---,---, ---,,,0.84,30,0.85,10,
733798,振曜統一55購01,0,0,0,---,---,---, ---,,,0.52,10,0.53,10,
733799,晶呈統一56購01,0,0,0,---,---,---, ---,,,0.00,0,0.00,0,
733800,華星光統一5B購03,0,0,0,---,---,---, ---,,,0.51,10,0.52,10,
733801,雍智統一55購01,0,0,0,---,---,---, ---,,,0.59,10,0.60,10,
733802,元太元大4B購07,0,0,0,---,---,---, ---,,,1.57,450,1.58,10,
733803,元太元大4B購08,"13,000",1,"20,020",1.54,1.54,1.54,1.54,-,0.0,1.56,499,1.57,10,
733804,泰茂元大4B購04,0,0,0,---,---,---, ---,,,0.92,499,0.94,10,
733805,神盾元大4B購02,0,0,0,---,---,---, ---,,,0.67,499,0.68,10,
733806,華星光元大51購01,0,0,0,---,---,---, ---,,,1.01,499,1.02,10,
733807,華星光元大53購01,0,0,0,---,---,---, ---,,,1.11,499,1.12,10,
733808,鈊象元大4B購09,0,0,0,---,---,---, ---,,,2.06,350,2.10,10,
733809,萬潤元大51購01,0,0,0,---,---,---, ---,,,2.38,300,2.43,10,
733810,萬潤元大53購01,0,0,0,---,---,---, ---,,,1.87,400,1.91,10,
733811,元太元富55購01,0,0,0,---,---,---, ---,,,0.00,0,0.00,0,
733812,元債20元富4B購02,0,0,0,---,---,---, ---,,,1.42,25,1.43,25,
733813,台特化永豐4B購01,0,0,0,---,---,---, ---,,,1.42,499,1.43,10,
733814,信驊永豐4B購01,0,0,0,---,---,---, ---,,,2.70,499,2.80,10,
733815,華星光永豐52購02,0,0,0,---,---,---, ---,,,3.04,499,3.14,10,
733816,合晶中信4B購01,0,0,0,---,---,---, ---,,,0.71,499,0.73,10,
7402,邑錡,"152,536",270,"12,139,954",79.80,80.30,79.00,79.30,-,0.5,79.30,3,79.40,1,
7556,意德士,"46,778",58,"8,122,350",178.50,178.50,171.00,175.50,+,2.0,175.50,1,176.00,3,
7584,樂意,"12,000",10,"869,000",73.10,73.10,72.00,72.10,+,0.1,71.20,1,72.00,1,
7642,昶瑞機電,"539,438",488,"42,273,594",81.40,81.40,77.50,77.50,-,3.7,77.50,23,77.80,1,
7703,銳澤,"11,670",34,"1,608,117",138.00,139.00,137.00,139.00,-,1.0,138.00,5,140.00,1,
7704,明遠精密,"14,042",16,"874,398",62.40,62.50,61.60,62.50,+,0.7,61.10,1,62.60,1,
7708,全家餐飲,"10,163",19,"934,804",92.30,92.30,91.50,91.50,-,0.5,91.30,1,91.90,3,
7709,榮田,"6,154",8,"260,118",42.50,42.50,42.15,42.15,-,0.2,42.10,1,42.40,1,
7712,博盛半導體,"14,302",26,"1,898,016",132.50,135.00,131.50,132.00,-,0.5,132.00,5,133.00,1,
7713,威力德生醫,"345,148",36,"21,041,056",60.50,61.30,60.20,61.00,+,1.3,60.40,1,61.00,2,
7714,創泓科技,"112,246",168,"12,170,171",112.00,112.00,106.00,108.00,-,2.5,107.00,1,108.00,1,
7715,裕山,"27,320",29,"1,214,047",44.90,44.90,44.20,44.25,-,0.7,44.25,2,44.50,4,
7718,友鋮,"34,134",22,"1,714,818",50.60,50.60,49.50,49.50,-,1.4,49.55,1,50.40,1,
7723,築間,"121,492",241,"5,779,198",48.00,48.00,47.25,47.25,-,1.0,47.20,4,47.30,2,
7728,光焱科技,"33,966",81,"7,901,910",234.50,237.00,229.50,235.00,-,0.0,230.00,4,232.50,1,
7734,印能科技,"49,180",419,"57,531,380",1160.00,1180.00,1160.00,1170.00,-,20.0,1165.00,3,1170.00,2,
7743,金利食安,"200,634",191,"5,894,633",30.00,30.00,29.00,29.30,-,0.5,29.30,4,29.35,2,
8024,佑華,"52,083",41,"737,248",14.55,14.60,14.05,14.05,-,0.35,14.05,8,14.20,1,
8027,鈦昇,"419,289",394,"33,578,828",80.30,81.30,79.50,79.60,-,0.5,79.60,51,79.70,3,
8032,光菱,"226,465",251,"10,304,658",46.35,47.00,44.90,44.90,-,0.95,44.90,7,45.05,1,
8034,榮群,"88,472",74,"1,405,196",16.00,16.05,15.80,15.80,-,0.05,15.80,1,15.85,70,
8038,長園科,"513,221",426,"15,273,627",31.10,31.10,29.25,29.70,-,1.2,29.65,1,29.70,2,
8040,九暘,"200,351",250,"12,191,294",62.10,62.10,60.20,61.00,-,0.4,60.70,1,61.00,1,
8042,金山電,"104,441",232,"3,220,693",31.10,31.25,30.50,30.50,-,0.4,30.45,2,30.75,1,
8043,蜜望實,"359,196",132,"8,307,447",24.35,24.80,22.65,22.65,-,1.8,22.65,11,24.05,1,
8044,網家,"219,791",177,"8,295,731",37.85,38.00,37.55,37.55,-,0.3,37.55,5,37.70,1,
8047,星雲,"77,000",50,"1,060,750",13.95,14.00,13.65,13.80,+,0.05,13.80,2,13.85,7,
8048,德勝,"82,858",94,"3,480,302",42.05,42.80,41.70,42.25,-,0.15,42.00,1,42.25,1,
8049,晶采,"89,974",85,"2,786,192",31.00,31.15,30.80,30.85,-,0.15,30.80,7,30.90,1,
8050,廣積,"290,570",280,"17,923,038",62.10,62.60,60.80,61.10,-,0.7,61.10,1,61.30,3,
8054,安國,"1,063,976",972,"83,002,953",79.20,79.60,77.20,77.60,-,1.4,77.60,13,77.70,1,
8059,凱碩,"903,099",646,"32,057,743",34.50,36.40,34.50,35.45,+,0.05,35.30,12,35.45,5,
8064,東捷,"1,599,668","1,226","60,776,494",39.00,39.25,37.05,37.05,-,1.55,37.05,2,37.10,6,
8066,來思達,"63,517",118,"1,380,703",21.75,22.05,21.25,21.55,-,0.2,21.40,5,21.60,1,
8067,志旭,"8,100",6,"109,895",13.50,14.00,13.50,14.00,+,0.3,13.50,3,13.95,3,
8068,全達,"132,759",102,"2,855,414",21.45,21.90,21.25,21.30,-,0.05,21.25,10,21.30,1,
8069,元太,"6,410,379","4,801","1,347,273,581",212.00,212.50,208.50,210.00,-,0.5,209.50,15,210.00,2,
8071,能率網通,"234,006",206,"4,025,026",17.45,17.50,16.95,17.00,-,0.25,17.00,2,17.05,1,
8074,鉅橡,"100,681",92,"2,053,994",20.45,20.50,20.30,20.30,,,20.25,7,20.40,2,
8076,伍豐,"291,758",268,"7,617,439",26.55,26.55,25.95,26.00,-,0.2,26.00,19,26.05,5,
8077,洛碁,"17,169",15,"790,302",44.80,47.20,44.80,47.20,+,3.2,45.30,1,47.30,1,
8080,泰霖,"5,063",10,"159,168",31.85,31.85,30.80,30.85,-,0.9,30.95,1,31.30,12,
8083,瑞穎,"21,741",24,"3,301,226",153.00,153.00,151.00,151.00,-,2.0,150.50,2,152.50,2,
8084,巨虹,"112,220",119,"4,114,580",37.05,37.25,36.35,36.55,-,0.35,36.55,1,36.85,1,
8085,福華,"219,679",213,"4,735,774",21.75,21.95,21.35,21.55,-,0.2,21.40,1,21.55,1,
8086,宏捷科,"458,625",486,"35,924,324",79.10,79.60,77.80,77.80,-,1.0,77.80,15,77.90,1,
8087,麗升能源,"29,059",22,"1,190,711",41.00,41.10,40.55,40.55,-,0.55,40.50,2,40.75,1,
8088,品安,"3,203,991","2,317","105,151,507",33.75,33.90,31.95,31.95,-,1.75,31.95,32,32.00,3,
8089,康全電訊,"596,389",642,"29,750,475",51.00,51.00,48.85,49.10,-,1.7,49.10,4,49.15,6,
8091,翔名,"92,277",114,"9,811,402",106.50,107.00,105.50,106.00,-,0.5,106.00,6,107.00,5,
8092,建暐,"27,126",32,"545,020",20.05,20.15,20.00,20.00,-,0.05,20.05,1,20.10,1,
8093,保銳,"221,472",143,"3,820,959",17.40,18.00,16.80,17.00,-,0.1,17.00,2,17.15,5,
8096,擎亞,"4,146,774","3,385","205,116,438",49.40,50.30,48.60,49.50,+,0.2,49.50,17,49.55,32,
8097,常珵,"58,261",64,"4,138,916",70.80,71.40,70.80,71.00,-,0.0,71.00,2,71.10,1,
8099,大世科,"54,196",56,"4,342,242",80.80,80.80,79.60,79.90,-,0.2,79.70,2,80.30,1,
8107,大億金茂,"81,323",81,"1,411,944",17.35,17.55,17.30,17.30,-,0.15,17.30,1,17.35,9,
8109,博大,"46,699",54,"3,823,046",82.00,82.60,81.30,81.40,-,1.0,81.30,2,81.80,1,
8111,立碁,"13,665,541","9,887","733,342,828",54.70,55.20,52.10,52.10,-,1.5,52.10,118,52.20,7,
8121,越峰,"188,516",148,"3,827,640",20.25,20.70,20.00,20.05,-,0.2,20.05,17,20.10,1,
8147,正淩,"209,016",207,"22,528,712",107.00,110.00,105.50,105.50,-,1.0,105.50,9,106.50,1,
8155,博智,"1,515,957","1,344","189,799,478",126.00,127.50,123.00,124.00,+,1.0,124.00,20,125.00,9,
8171,天宇,"264,370",303,"9,405,934",36.35,36.35,35.25,35.35,-,0.6,35.35,6,35.45,2,
8176,智捷,"96,817",101,"1,031,832",10.75,10.80,10.60,10.65,-,0.1,10.65,1,10.70,3,
8182,加高,"109,996",81,"3,322,409",30.35,30.45,30.10,30.25,-,0.2,30.25,1,30.30,1,
8183,精星,"154,663",174,"4,459,719",29.00,29.10,28.65,28.65,-,0.3,28.65,10,28.70,3,
8227,巨有科技,"99,527",164,"13,374,395",136.00,137.00,133.00,133.50,-,2.5,133.50,5,134.00,1,
8234,新漢,"3,929,912","3,185","322,355,412",83.60,84.50,80.60,81.00,-,1.0,81.00,13,81.10,11,
8240,華宏,"122,175",101,"4,181,931",33.95,34.60,33.95,34.10,+,0.25,34.00,9,34.10,1,
8255,朋程,"271,895",343,"34,591,288",128.00,129.00,126.50,127.00,-,0.5,127.00,2,127.50,7,
8272,全景軟體,"23,626",49,"1,757,716",75.20,75.90,73.70,75.70,-,0.5,75.30,1,75.60,3,
8277,商丞,"82,441",76,"801,520",9.80,9.80,9.61,9.63,-,0.17,9.63,2,9.68,4,
8279,生展,"65,023",50,"9,097,220",140.00,142.00,138.00,139.00,-,1.5,137.50,5,139.00,12,
8284,三竹,"56,187",54,"3,865,744",69.50,69.50,68.40,68.70,-,0.8,68.50,2,68.70,3,
8289,泰藝,"29,054",26,"606,117",21.10,21.10,20.80,20.80,-,0.1,20.80,11,20.85,1,
8291,尚茂,"6,998",7,"35,159",4.67,5.00,4.67,5.00,-,0.0,4.73,2,5.40,2,
8299,群聯,"2,053,698","2,656","1,012,733,675",499.00,506.00,488.50,491.50,-,4.0,491.50,1,492.50,2,
8342,益張,"17,069",23,"1,409,351",83.30,83.60,80.60,81.40,+,1.3,81.40,6,82.30,1,
8349,恒耀,"31,013",40,"1,627,435",52.70,52.80,52.20,52.20,-,0.5,52.10,2,52.20,1,
8349A,恒耀甲特,0,0,0,---,---,---, ---,,,49.05,4,49.20,1,
8354,冠好,"31,929",32,"484,457",15.15,15.45,15.10,15.10,-,0.05,15.05,5,15.20,7,
8358,金居,"4,685,150","3,504","261,594,331",56.00,56.70,55.20,55.30,-,0.5,55.20,92,55.30,2,
8383,千附,"554,570",441,"24,842,226",44.90,45.25,44.60,44.60,-,0.05,44.60,14,44.80,1,
8390,金益鼎,"340,412",475,"21,235,097",63.50,63.50,61.80,61.80,-,1.3,61.80,5,61.90,6,
8401,白紗科,"14,005",15,"378,340",27.45,27.45,26.95,27.00,+,0.05,26.95,4,27.05,1,
8403,盛弘,"60,571",98,"1,718,471",28.40,28.55,28.25,28.30,-,0.0,28.25,8,28.35,1,
8409,商之器,59,10,"1,361",---,---,---, ---,,,21.65,1,22.10,1,
8410,森田,"189,001",114,"9,180,548",49.20,49.20,48.05,48.05,-,0.8,48.00,9,48.05,6,
8415,大國鋼,"120,975",115,"4,172,659",34.70,34.80,34.25,34.30,-,0.25,34.25,1,34.35,7,
8416,實威,"8,238",12,"1,417,595",172.00,172.50,172.00,172.50,+,0.5,170.50,1,173.00,3,
8421,旭源,"193,545",119,"2,635,693",13.50,13.80,13.45,13.60,+,0.15,13.55,3,13.60,3,
8423,保綠-KY,"4,557",45,"84,700",18.30,18.70,18.30,18.70,-,0.2,18.70,1,18.95,2,
8424,惠普,"10,071",22,"744,414",73.80,74.00,73.80,74.00,-,0.1,73.90,6,74.00,1,
8426,紅木-KY,"43,111",27,"1,416,816",33.25,33.25,32.75,32.85,-,0.4,32.80,1,33.00,1,
8431,匯鑽科,"69,474",75,"3,187,186",46.15,46.15,45.50,45.75,-,0.35,45.75,3,45.90,1,
8432,東生華,"7,000",7,"352,900",50.20,50.90,50.20,50.90,+,0.3,50.10,3,51.00,1,
8433,弘帆,"101,233",120,"6,659,257",65.80,66.70,65.30,65.60,-,0.1,65.50,1,65.80,2,
8435,鉅邁,"251,768",454,"17,299,947",69.30,69.30,68.00,69.00,,,69.00,2,69.20,1,
8436,大江,"252,772",342,"32,682,284",130.00,130.00,128.50,128.50,-,0.5,128.50,20,129.00,1,
8437,大地-KY,"26,169",40,"581,780",22.15,22.90,22.05,22.05,-,0.15,22.05,1,22.15,1,
8440,綠電,"141,982",186,"5,302,347",37.50,37.95,37.00,37.00,-,0.55,37.00,13,37.10,1,
8444,綠河-KY,"9,331",14,"194,470",20.65,21.30,20.60,21.30,+,0.7,20.60,3,21.35,2,
8446,華研,"149,940",204,"15,023,705",101.00,101.00,100.00,100.00,-,1.0,100.00,23,100.50,1,
8450,霹靂,"30,200",97,"613,079",20.80,20.80,20.05,20.20,-,0.25,20.10,1,20.20,1,
8455,大拓-KY,"17,040",19,"382,264",23.45,23.45,21.85,23.25,-,0.25,22.00,3,23.25,1,
8472,夠麻吉,0,0,0,---,---,---, ---,,,27.15,1,28.70,1,
8477,創業家,"43,133",28,"551,950",13.05,13.10,12.65,12.65,-,0.4,12.70,2,13.00,1,
8489,三貝德,"3,056,189","2,228","125,795,304",38.90,42.35,38.75,41.00,+,2.5,40.80,1,41.00,71,
8905,裕國,"15,006",17,"485,747",32.30,32.70,32.25,32.70,-,0.15,32.30,2,32.75,3,
8906,花王,"33,388",30,"1,191,348",35.55,36.15,35.45,36.05,+,0.45,35.80,1,36.10,1,
8908,欣雄,"82,454",62,"3,459,712",42.00,42.10,41.80,41.95,+,0.25,41.85,7,42.10,18,
8916,光隆,"37,875",48,"1,974,955",52.50,52.60,52.00,52.10,-,0.5,52.10,5,52.20,1,
8917,欣泰,"54,369",28,"3,314,054",61.00,62.00,59.40,60.30,-,0.2,59.90,1,60.20,1,
8921,沈氏,"16,100",15,"290,650",18.00,18.30,18.00,18.00,-,0.0,17.85,1,18.00,7,
8923,時報,"4,050",5,"80,592",20.45,20.45,19.70,19.70,-,0.15,19.65,1,20.00,7,
8924,大田,"175,160",385,"11,929,070",69.00,69.10,67.00,67.90,-,1.0,67.80,2,67.90,1,
8927,北基,"102,752",125,"4,889,535",48.10,48.10,47.10,47.30,-,0.75,47.30,4,47.45,1,
8928,鉅明,"7,075",9,"217,152",30.65,30.75,30.65,30.75,-,0.05,30.70,1,30.75,1,
8929,富堡,"23,180",86,"446,030",19.35,19.35,19.15,19.20,-,0.05,19.15,3,19.20,2,
8930,青鋼,"228,676",237,"8,079,115",34.55,35.95,34.55,35.00,+,0.65,35.00,1,35.10,2,
8931,大汽電,"44,587",86,"2,435,804",55.00,55.00,54.40,54.70,-,0.1,54.70,1,54.80,24,
8932,智通*,"368,635",231,"36,937,519",100.00,101.00,99.00,100.00,-,0.0,99.90,4,100.50,63,
8933,愛地雅,"53,031",127,"355,241",6.69,6.71,6.68,6.68,-,0.01,6.68,2,6.69,1,
8935,邦泰,"20,198",32,"342,075",17.10,17.10,16.90,17.00,-,0.1,16.95,1,17.00,3,
8936,國統,"1,995,506","1,802","111,818,364",57.30,57.30,55.30,55.30,-,1.7,55.30,23,55.40,18,
8937,合騏,"405,427",367,"57,319,783",145.50,146.00,138.50,142.00,-,1.0,142.00,3,143.00,3,
8938,明安,"220,168",246,"15,112,812",68.90,69.10,68.30,68.30,-,0.7,68.30,3,68.50,4,
8941,關中,"3,000",3,"171,800",57.50,57.50,56.80,57.50,-,0.0,57.50,1,57.90,3,
8942,森鉅,"130,244",125,"6,504,195",49.95,50.20,49.85,49.95,-,0.0,49.90,21,50.00,5,
9949,琉園,"7,570",25,"140,914",18.95,18.95,18.40,18.40,-,0.1,18.35,2,18.70,2,
9950,萬國通,"44,111",33,"546,467",12.35,12.50,12.20,12.40,+,0.1,12.25,1,12.40,1,
9951,皇田,"15,002",12,"851,113",56.80,57.50,56.30,57.50,+,0.7,56.50,3,56.70,1,
9960,邁達康,"7,653",10,"194,683",25.50,25.50,25.40,25.40,+,0.15,25.30,10,25.35,1,
9962,有益,"92,254",43,"1,246,578",13.55,13.60,13.40,13.60,-,0.0,13.60,1,13.70,8,
管理股票,,,,,,,,,,,,,,,
代號,名稱,成交股數,成交筆數,成交金額(元),開盤,最高,最低,收盤,,,最後買價,最後買量(千股),最後賣價,最後賣量(千股),
註：ETF證券代號第六碼為K、C者，表示該ETF以外幣交易，其一交易單位(張)應為100受益權或其整倍數，請詳其公開說明書。,,,,,,,,,,,,,,,
